

----------------------------------------------------
STRUCTURE by Pritchard, Stephens and Donnelly (2000)
     and Falush, Stephens and Pritchard (2003)
       Code by Pritchard, Falush and Hubisz
             Version 2.3.4 (Jul 2012)
----------------------------------------------------



Command line arguments:   bin\structure -m M:\STRUCTURE\Squirrel_132_ID_16L_20250816\10k_Burnin_100k_MCMC\mainparams -e M:\STRUCTURE\Squirrel_132_ID_16L_20250816\10k_Burnin_100k_MCMC\extraparams 
Input File:    M:\STRUCTURE\Squirrel_132_ID_16L_20250816\project_data

Run parameters:
   132 individuals
   16 loci
   4 populations assumed
   10000 Burn-in period
   100000 Reps


--------------------------------------------
Proportion of membership of each pre-defined
 population in each of the 4 clusters

Given    Inferred Clusters              Number of
 Pop       1      2      3      4      Individuals

  1:     0.242  0.184  0.368  0.206      132
--------------------------------------------

Allele-freq. divergence among pops (Net nucleotide distance),
computed using point estimates of P.

      1       2       3       4      
 1      -    0.0459  0.0507  0.0438  
 2   0.0459     -    0.0402  0.0412  
 3   0.0507  0.0402     -    0.0598  
 4   0.0438  0.0412  0.0598     -    

Average distances (expected heterozygosity) between individuals in same cluster:
cluster  1  : 0.5462 
cluster  2  : 0.6468 
cluster  3  : 0.6008 
cluster  4  : 0.5171 

--------------------------------------------
Estimated Ln Prob of Data   = -4897.7
Mean value of ln likelihood = -4737.2
Variance of ln likelihood   = 321.0
Mean value of alpha         = 0.0436

Mean value of lambda        = 1.0417

Mean value of Fst_1         = 0.1661
Mean value of Fst_2         = 0.0364
Mean value of Fst_3         = 0.1304
Mean value of Fst_4         = 0.2226


Inferred ancestry of individuals:
        Label (%Miss) Pop:  Inferred clusters (and 90% probability intervals)
  1       1*    (0)    1 :  0.031 0.935 0.020 0.014     (0.000,0.223) (0.640,1.000) (0.000,0.143) (0.000,0.084) 
  2        3    (0)    1 :  0.007 0.007 0.007 0.979     (0.000,0.038) (0.000,0.037) (0.000,0.039) (0.878,1.000) 
  3        6    (0)    1 :  0.016 0.006 0.021 0.956     (0.000,0.097) (0.000,0.031) (0.000,0.149) (0.743,1.000) 
  4        8    (0)    1 :  0.638 0.011 0.006 0.345     (0.000,1.000) (0.000,0.059) (0.000,0.031) (0.000,1.000) 
  5       10    (0)    1 :  0.967 0.008 0.005 0.021     (0.802,1.000) (0.000,0.042) (0.000,0.025) (0.000,0.141) 
  6       11    (0)    1 :  0.058 0.835 0.042 0.065     (0.000,0.391) (0.081,1.000) (0.000,0.311) (0.000,0.481) 
  7       12    (0)    1 :  0.973 0.008 0.010 0.009     (0.845,1.000) (0.000,0.041) (0.000,0.055) (0.000,0.050) 
  8       16    (6)    1 :  0.011 0.008 0.006 0.975     (0.000,0.067) (0.000,0.043) (0.000,0.034) (0.854,1.000) 
  9       18    (0)    1 :  0.008 0.979 0.005 0.009     (0.000,0.043) (0.875,1.000) (0.000,0.026) (0.000,0.051) 
 10       19    (0)    1 :  0.019 0.930 0.031 0.020     (0.000,0.121) (0.607,1.000) (0.000,0.218) (0.000,0.131) 
 11       21    (6)    1 :  0.011 0.007 0.008 0.973     (0.000,0.070) (0.000,0.040) (0.000,0.047) (0.837,1.000) 
 12       23    (6)    1 :  0.776 0.017 0.184 0.024     (0.000,1.000) (0.000,0.100) (0.000,0.966) (0.000,0.166) 
 13       24    (6)    1 :  0.745 0.204 0.023 0.029     (0.000,1.000) (0.000,0.928) (0.000,0.167) (0.000,0.205) 
 14       25    (6)    1 :  0.899 0.023 0.035 0.043     (0.542,1.000) (0.000,0.149) (0.000,0.266) (0.000,0.292) 
 15      26*    (0)    1 :  0.665 0.016 0.005 0.313     (0.000,1.000) (0.000,0.108) (0.000,0.027) (0.000,0.994) 
 16       28    (0)    1 :  0.662 0.007 0.007 0.324     (0.000,1.000) (0.000,0.041) (0.000,0.037) (0.000,1.000) 
 17       29    (0)    1 :  0.972 0.011 0.005 0.012     (0.848,1.000) (0.000,0.054) (0.000,0.026) (0.000,0.059) 
 18       30    (0)    1 :  0.413 0.048 0.122 0.417     (0.000,1.000) (0.000,0.357) (0.000,0.594) (0.000,1.000) 
 19       33    (0)    1 :  0.005 0.972 0.017 0.006     (0.000,0.028) (0.839,1.000) (0.000,0.114) (0.000,0.031) 
 20       37    (0)    1 :  0.017 0.965 0.007 0.011     (0.000,0.107) (0.798,1.000) (0.000,0.039) (0.000,0.068) 
 21       38    (0)    1 :  0.015 0.969 0.004 0.011     (0.000,0.103) (0.814,1.000) (0.000,0.021) (0.000,0.070) 
 22       43    (0)    1 :  0.931 0.011 0.007 0.052     (0.591,1.000) (0.000,0.061) (0.000,0.039) (0.000,0.376) 
 23       44    (0)    1 :  0.286 0.019 0.036 0.659     (0.000,0.841) (0.000,0.108) (0.000,0.284) (0.138,1.000) 
 24       48    (0)    1 :  0.007 0.976 0.005 0.012     (0.000,0.040) (0.863,1.000) (0.000,0.027) (0.000,0.068) 
 25       55    (0)    1 :  0.407 0.013 0.026 0.555     (0.000,1.000) (0.000,0.078) (0.000,0.190) (0.000,1.000) 
 26       59    (0)    1 :  0.005 0.008 0.006 0.981     (0.000,0.028) (0.000,0.043) (0.000,0.030) (0.890,1.000) 
 27       60    (0)    1 :  0.137 0.060 0.789 0.014     (0.000,0.998) (0.000,0.463) (0.000,1.000) (0.000,0.089) 
 28       61    (0)    1 :  0.008 0.008 0.972 0.012     (0.000,0.046) (0.000,0.044) (0.838,1.000) (0.000,0.074) 
 29       62    (0)    1 :  0.028 0.021 0.938 0.013     (0.000,0.190) (0.000,0.120) (0.653,1.000) (0.000,0.067) 
 30       65    (0)    1 :  0.009 0.964 0.020 0.006     (0.000,0.053) (0.799,1.000) (0.000,0.144) (0.000,0.034) 
 31       73    (0)    1 :  0.079 0.016 0.894 0.012     (0.000,0.428) (0.000,0.103) (0.535,1.000) (0.000,0.070) 
 32       75    (0)    1 :  0.008 0.032 0.947 0.013     (0.000,0.052) (0.000,0.228) (0.711,1.000) (0.000,0.091) 
 33       76    (0)    1 :  0.010 0.006 0.977 0.006     (0.000,0.060) (0.000,0.031) (0.869,1.000) (0.000,0.035) 
 34       77    (0)    1 :  0.018 0.017 0.956 0.009     (0.000,0.102) (0.000,0.095) (0.751,1.000) (0.000,0.054) 
 35       78    (0)    1 :  0.009 0.010 0.975 0.007     (0.000,0.051) (0.000,0.053) (0.856,1.000) (0.000,0.037) 
 36       79    (0)    1 :  0.006 0.017 0.973 0.004     (0.000,0.034) (0.000,0.119) (0.839,1.000) (0.000,0.024) 
 37       84    (0)    1 :  0.147 0.016 0.052 0.785     (0.000,0.586) (0.000,0.108) (0.000,0.342) (0.349,1.000) 
 38       85    (0)    1 :  0.610 0.020 0.015 0.355     (0.000,1.000) (0.000,0.113) (0.000,0.096) (0.000,1.000) 
 39       86    (0)    1 :  0.627 0.049 0.031 0.293     (0.000,1.000) (0.000,0.352) (0.000,0.236) (0.000,1.000) 
 40       89    (0)    1 :  0.288 0.057 0.111 0.544     (0.000,1.000) (0.000,0.397) (0.000,0.564) (0.000,1.000) 
 41       94    (0)    1 :  0.925 0.058 0.006 0.011     (0.556,1.000) (0.000,0.407) (0.000,0.029) (0.000,0.066) 
 42       95    (0)    1 :  0.008 0.013 0.011 0.968     (0.000,0.046) (0.000,0.067) (0.000,0.064) (0.818,1.000) 
 43       96    (0)    1 :  0.647 0.006 0.006 0.341     (0.000,1.000) (0.000,0.031) (0.000,0.034) (0.000,1.000) 
 44       98    (0)    1 :  0.011 0.008 0.972 0.009     (0.000,0.062) (0.000,0.045) (0.837,1.000) (0.000,0.051) 
 45      102    (0)    1 :  0.016 0.946 0.015 0.023     (0.000,0.103) (0.708,1.000) (0.000,0.107) (0.000,0.171) 
 46      105    (0)    1 :  0.007 0.019 0.965 0.009     (0.000,0.044) (0.000,0.135) (0.797,1.000) (0.000,0.053) 
 47      106    (0)    1 :  0.010 0.024 0.840 0.126     (0.000,0.063) (0.000,0.139) (0.486,1.000) (0.000,0.463) 
 48      108    (0)    1 :  0.012 0.062 0.914 0.012     (0.000,0.078) (0.000,0.406) (0.557,1.000) (0.000,0.074) 
 49      109    (0)    1 :  0.021 0.009 0.940 0.030     (0.000,0.152) (0.000,0.051) (0.695,1.000) (0.000,0.217) 
 50      112    (0)    1 :  0.368 0.112 0.458 0.062     (0.000,1.000) (0.000,0.835) (0.000,1.000) (0.000,0.432) 
 51      115    (0)    1 :  0.055 0.901 0.031 0.013     (0.000,0.377) (0.488,1.000) (0.000,0.211) (0.000,0.076) 
 52      116    (0)    1 :  0.596 0.033 0.015 0.356     (0.000,1.000) (0.000,0.235) (0.000,0.095) (0.000,1.000) 
 53      117    (0)    1 :  0.440 0.015 0.028 0.517     (0.000,1.000) (0.000,0.091) (0.000,0.199) (0.000,1.000) 
 54      129    (0)    1 :  0.605 0.007 0.004 0.384     (0.000,1.000) (0.000,0.037) (0.000,0.023) (0.000,1.000) 
 55      132    (0)    1 :  0.257 0.338 0.381 0.023     (0.000,1.000) (0.000,1.000) (0.000,1.000) (0.000,0.170) 
 56      133    (0)    1 :  0.008 0.008 0.977 0.008     (0.000,0.041) (0.000,0.040) (0.867,1.000) (0.000,0.044) 
 57      137    (6)    1 :  0.024 0.013 0.943 0.020     (0.000,0.155) (0.000,0.076) (0.675,1.000) (0.000,0.122) 
 58      139    (0)    1 :  0.016 0.058 0.906 0.019     (0.000,0.116) (0.000,0.412) (0.522,1.000) (0.000,0.131) 
 59      140    (0)    1 :  0.008 0.009 0.968 0.015     (0.000,0.041) (0.000,0.047) (0.821,1.000) (0.000,0.083) 
 60      142    (0)    1 :  0.009 0.009 0.965 0.017     (0.000,0.049) (0.000,0.049) (0.793,1.000) (0.000,0.112) 
 61      144    (0)    1 :  0.005 0.007 0.980 0.008     (0.000,0.025) (0.000,0.038) (0.887,1.000) (0.000,0.047) 
 62      145    (0)    1 :  0.008 0.008 0.971 0.012     (0.000,0.040) (0.000,0.044) (0.835,1.000) (0.000,0.071) 
 63      147    (0)    1 :  0.006 0.007 0.981 0.006     (0.000,0.031) (0.000,0.041) (0.890,1.000) (0.000,0.032) 
 64      160    (0)    1 :  0.969 0.015 0.006 0.010     (0.832,1.000) (0.000,0.068) (0.000,0.032) (0.000,0.058) 
 65     162*    (0)    1 :  0.651 0.005 0.006 0.337     (0.000,1.000) (0.000,0.028) (0.000,0.034) (0.000,1.000) 
 66      166    (0)    1 :  0.013 0.010 0.962 0.014     (0.000,0.051) (0.000,0.050) (0.795,1.000) (0.000,0.085) 
 67      177    (0)    1 :  0.009 0.010 0.974 0.007     (0.000,0.056) (0.000,0.059) (0.848,1.000) (0.000,0.038) 
 68      178    (0)    1 :  0.023 0.011 0.959 0.008     (0.000,0.163) (0.000,0.059) (0.756,1.000) (0.000,0.042) 
 69      186    (0)    1 :  0.008 0.006 0.005 0.981     (0.000,0.041) (0.000,0.032) (0.000,0.027) (0.889,1.000) 
 70      189    (0)    1 :  0.633 0.009 0.006 0.352     (0.000,1.000) (0.000,0.049) (0.000,0.032) (0.000,1.000) 
 71      190    (0)    1 :  0.645 0.012 0.010 0.333     (0.000,1.000) (0.000,0.072) (0.000,0.063) (0.000,1.000) 
 72      191    (0)    1 :  0.152 0.012 0.059 0.778     (0.000,0.755) (0.000,0.062) (0.000,0.393) (0.207,1.000) 
 73      193    (0)    1 :  0.030 0.014 0.890 0.065     (0.000,0.181) (0.000,0.078) (0.330,1.000) (0.000,0.473) 
 74      202    (0)    1 :  0.880 0.065 0.012 0.043     (0.458,1.000) (0.000,0.414) (0.000,0.073) (0.000,0.317) 
 75      204    (0)    1 :  0.590 0.004 0.004 0.402     (0.000,1.000) (0.000,0.022) (0.000,0.021) (0.000,1.000) 
 76      211    (0)    1 :  0.201 0.031 0.756 0.011     (0.000,0.996) (0.000,0.194) (0.000,1.000) (0.000,0.069) 
 77      216    (0)    1 :  0.011 0.006 0.979 0.004     (0.000,0.060) (0.000,0.032) (0.879,1.000) (0.000,0.023) 
 78      222    (0)    1 :  0.020 0.045 0.927 0.009     (0.000,0.132) (0.000,0.335) (0.571,1.000) (0.000,0.048) 
 79      224    (0)    1 :  0.611 0.017 0.012 0.359     (0.000,1.000) (0.000,0.095) (0.000,0.073) (0.000,1.000) 
 80      226    (0)    1 :  0.006 0.020 0.007 0.967     (0.000,0.035) (0.000,0.116) (0.000,0.035) (0.820,1.000) 
 81      229    (0)    1 :  0.602 0.055 0.054 0.288     (0.000,1.000) (0.000,0.390) (0.000,0.342) (0.000,1.000) 
 82      230    (0)    1 :  0.613 0.018 0.022 0.347     (0.000,1.000) (0.000,0.105) (0.000,0.155) (0.000,1.000) 
 83      232    (0)    1 :  0.699 0.030 0.105 0.165     (0.000,1.000) (0.000,0.190) (0.000,0.521) (0.000,0.812) 
 84      238    (0)    1 :  0.031 0.828 0.129 0.013     (0.000,0.231) (0.273,1.000) (0.000,0.664) (0.000,0.081) 
 85      242    (0)    1 :  0.005 0.983 0.006 0.006     (0.000,0.025) (0.901,1.000) (0.000,0.031) (0.000,0.035) 
 86      243    (0)    1 :  0.012 0.892 0.068 0.028     (0.000,0.073) (0.499,1.000) (0.000,0.432) (0.000,0.210) 
 87      244    (0)    1 :  0.012 0.932 0.048 0.008     (0.000,0.079) (0.631,1.000) (0.000,0.332) (0.000,0.045) 
 88      251    (0)    1 :  0.075 0.877 0.036 0.013     (0.000,0.477) (0.424,1.000) (0.000,0.265) (0.000,0.077) 
 89      266    (0)    1 :  0.017 0.345 0.628 0.010     (0.000,0.113) (0.000,1.000) (0.000,1.000) (0.000,0.060) 
 90      267    (0)    1 :  0.037 0.024 0.871 0.069     (0.000,0.260) (0.000,0.165) (0.495,1.000) (0.000,0.409) 
 91      268    (0)    1 :  0.013 0.008 0.973 0.006     (0.000,0.081) (0.000,0.043) (0.843,1.000) (0.000,0.030) 
 92      270    (0)    1 :  0.603 0.015 0.009 0.372     (0.000,1.000) (0.000,0.087) (0.000,0.054) (0.000,1.000) 
 93      276    (0)    1 :  0.163 0.018 0.139 0.680     (0.000,0.893) (0.000,0.119) (0.000,0.646) (0.040,1.000) 
 94      298    (6)    1 :  0.007 0.009 0.975 0.010     (0.000,0.039) (0.000,0.047) (0.853,1.000) (0.000,0.055) 
 95      306    (0)    1 :  0.015 0.020 0.959 0.007     (0.000,0.060) (0.000,0.114) (0.770,1.000) (0.000,0.036) 
 96      308    (0)    1 :  0.023 0.019 0.951 0.007     (0.000,0.164) (0.000,0.128) (0.718,1.000) (0.000,0.038) 
 97      311    (6)    1 :  0.024 0.199 0.763 0.014     (0.000,0.158) (0.000,1.000) (0.000,1.000) (0.000,0.087) 
 98      323    (0)    1 :  0.006 0.008 0.006 0.980     (0.000,0.032) (0.000,0.044) (0.000,0.029) (0.886,1.000) 
 99      327    (0)    1 :  0.832 0.014 0.010 0.145     (0.118,1.000) (0.000,0.085) (0.000,0.056) (0.000,0.839) 
100      334    (0)    1 :  0.010 0.957 0.027 0.006     (0.000,0.054) (0.751,1.000) (0.000,0.197) (0.000,0.030) 
101      338    (0)    1 :  0.020 0.014 0.952 0.014     (0.000,0.129) (0.000,0.073) (0.731,1.000) (0.000,0.086) 
102      341    (0)    1 :  0.019 0.022 0.014 0.945     (0.000,0.111) (0.000,0.129) (0.000,0.086) (0.687,1.000) 
103      346    (0)    1 :  0.111 0.012 0.859 0.018     (0.000,0.979) (0.000,0.060) (0.000,1.000) (0.000,0.104) 
104      348    (0)    1 :  0.006 0.012 0.975 0.007     (0.000,0.033) (0.000,0.070) (0.857,1.000) (0.000,0.039) 
105      351    (0)    1 :  0.033 0.923 0.030 0.015     (0.000,0.229) (0.576,1.000) (0.000,0.209) (0.000,0.090) 
106      362    (0)    1 :  0.624 0.006 0.006 0.364     (0.000,1.000) (0.000,0.030) (0.000,0.032) (0.000,1.000) 
107      364    (0)    1 :  0.008 0.970 0.014 0.008     (0.000,0.044) (0.824,1.000) (0.000,0.086) (0.000,0.045) 
108      366    (0)    1 :  0.023 0.939 0.020 0.017     (0.000,0.161) (0.661,1.000) (0.000,0.130) (0.000,0.113) 
109      376    (0)    1 :  0.028 0.009 0.013 0.950     (0.000,0.201) (0.000,0.050) (0.000,0.084) (0.722,1.000) 
110      377    (6)    1 :  0.813 0.026 0.097 0.064     (0.021,1.000) (0.000,0.163) (0.000,0.609) (0.000,0.441) 
111      378    (0)    1 :  0.953 0.006 0.025 0.016     (0.731,1.000) (0.000,0.030) (0.000,0.174) (0.000,0.098) 
112      388    (0)    1 :  0.030 0.020 0.938 0.011     (0.000,0.219) (0.000,0.135) (0.656,1.000) (0.000,0.070) 
113      391    (0)    1 :  0.287 0.034 0.260 0.420     (0.000,0.999) (0.000,0.235) (0.000,0.988) (0.000,1.000) 
114      401    (0)    1 :  0.183 0.407 0.113 0.297     (0.000,0.724) (0.000,1.000) (0.000,0.568) (0.000,0.937) 
115      406    (0)    1 :  0.038 0.061 0.818 0.083     (0.000,0.242) (0.000,0.466) (0.000,1.000) (0.000,0.548) 
116      412    (6)    1 :  0.052 0.020 0.903 0.025     (0.000,0.369) (0.000,0.110) (0.450,1.000) (0.000,0.167) 
117      413    (0)    1 :  0.017 0.040 0.937 0.006     (0.000,0.112) (0.000,0.276) (0.652,1.000) (0.000,0.029) 
118      421    (0)    1 :  0.504 0.055 0.148 0.293     (0.000,1.000) (0.000,0.401) (0.000,0.615) (0.000,1.000) 
119      423    (0)    1 :  0.530 0.117 0.077 0.276     (0.000,1.000) (0.000,0.815) (0.000,0.514) (0.000,1.000) 
120      424    (0)    1 :  0.100 0.039 0.610 0.251     (0.000,0.965) (0.000,0.267) (0.000,1.000) (0.000,1.000) 
121      426    (0)    1 :  0.895 0.019 0.042 0.044     (0.489,1.000) (0.000,0.118) (0.000,0.315) (0.000,0.317) 
122      430   (12)    1 :  0.023 0.008 0.930 0.039     (0.000,0.130) (0.000,0.045) (0.600,1.000) (0.000,0.275) 
123      435    (0)    1 :  0.012 0.005 0.978 0.006     (0.000,0.068) (0.000,0.024) (0.873,1.000) (0.000,0.030) 
124      476    (0)    1 :  0.038 0.027 0.012 0.924     (0.000,0.278) (0.000,0.190) (0.000,0.078) (0.624,1.000) 
125      478    (0)    1 :  0.111 0.020 0.009 0.859     (0.000,0.532) (0.000,0.147) (0.000,0.053) (0.442,1.000) 
126      484    (0)    1 :  0.009 0.007 0.974 0.010     (0.000,0.048) (0.000,0.037) (0.850,1.000) (0.000,0.060) 
127      489    (0)    1 :  0.792 0.015 0.172 0.021     (0.000,1.000) (0.000,0.072) (0.000,0.991) (0.000,0.134) 
128      493    (0)    1 :  0.011 0.974 0.007 0.007     (0.000,0.074) (0.849,1.000) (0.000,0.040) (0.000,0.038) 
129      494    (0)    1 :  0.023 0.958 0.006 0.012     (0.000,0.166) (0.754,1.000) (0.000,0.037) (0.000,0.076) 
130      500    (0)    1 :  0.617 0.009 0.004 0.370     (0.000,1.000) (0.000,0.045) (0.000,0.019) (0.000,1.000) 
131      504    (0)    1 :  0.060 0.047 0.874 0.019     (0.000,0.354) (0.000,0.310) (0.512,1.000) (0.000,0.127) 
132      506    (0)    1 :  0.076 0.010 0.827 0.087     (0.000,0.457) (0.000,0.056) (0.405,1.000) (0.000,0.490) 


Estimated Allele Frequencies in each cluster
First column gives estimated ancestral frequencies


Locus 1 : Rsu3 
3 alleles
0.0% missing data
 164   (0.530) 0.598 0.568 0.490 0.521 
 166   (0.236) 0.209 0.205 0.390 0.120 
 170   (0.233) 0.193 0.228 0.120 0.359 

Locus 2 : Rsu5 
5 alleles
0.0% missing data
 137   (0.708) 0.894 0.687 0.699 0.962 
 135   (0.102) 0.044 0.105 0.045 0.022 
 139   (0.122) 0.056 0.169 0.039 0.011 
 133   (0.027) 0.002 0.023 0.002 0.002 
 131   (0.041) 0.004 0.016 0.215 0.003 

Locus 3 : Scv1 
5 alleles
0.0% missing data
 181   (0.569) 0.667 0.647 0.346 0.868 
 179   (0.178) 0.124 0.172 0.219 0.046 
 177   (0.103) 0.107 0.067 0.180 0.020 
 185   (0.118) 0.099 0.076 0.253 0.063 
 171   (0.032) 0.003 0.038 0.002 0.002 

Locus 4 : Rsu4 
9 alleles
0.0% missing data
 267   (0.214) 0.162 0.274 0.085 0.178 
 263   (0.307) 0.522 0.271 0.432 0.434 
 259   (0.051) 0.106 0.020 0.004 0.245 
 287   (0.166) 0.155 0.136 0.206 0.119 
 275   (0.049) 0.004 0.091 0.006 0.003 
 279   (0.084) 0.017 0.096 0.084 0.008 
 283   (0.058) 0.005 0.046 0.178 0.004 
 291   (0.041) 0.026 0.029 0.003 0.006 
 271   (0.030) 0.003 0.036 0.002 0.002 

Locus 5 : Rsu6 
5 alleles
0.0% missing data
 120   (0.260) 0.389 0.225 0.215 0.275 
 126   (0.587) 0.471 0.633 0.774 0.569 
 124   (0.085) 0.128 0.064 0.006 0.147 
 130   (0.041) 0.003 0.068 0.003 0.003 
 114   (0.027) 0.009 0.011 0.002 0.006 

Locus 6 : Scv12 
3 alleles
0.8% missing data
 198   (0.601) 0.387 0.695 0.588 0.607 
 196   (0.235) 0.243 0.169 0.344 0.267 
 200   (0.165) 0.370 0.135 0.068 0.126 

Locus 7 : Scv23 
3 alleles
0.8% missing data
 158   (0.488) 0.598 0.467 0.626 0.453 
 164   (0.230) 0.111 0.258 0.114 0.338 
 160   (0.283) 0.291 0.275 0.260 0.209 

Locus 8 : Scv13 
5 alleles
0.0% missing data
 182   (0.704) 0.942 0.679 0.806 0.815 
 180   (0.097) 0.038 0.111 0.007 0.150 
 172   (0.072) 0.008 0.066 0.129 0.006 
 184   (0.077) 0.008 0.107 0.012 0.026 
 174   (0.049) 0.004 0.037 0.046 0.004 

Locus 9 : Scv32 
18 alleles
0.0% missing data
 236   (0.041) 0.004 0.106 0.003 0.003 
 238   (0.046) 0.014 0.035 0.090 0.003 
 234   (0.120) 0.082 0.073 0.383 0.261 
 246   (0.051) 0.090 0.021 0.008 0.262 
 248   (0.096) 0.265 0.136 0.018 0.034 
 262   (0.089) 0.188 0.073 0.068 0.067 
 232   (0.180) 0.062 0.297 0.204 0.177 
 250   (0.033) 0.139 0.014 0.004 0.008 
 228   (0.025) 0.002 0.035 0.002 0.002 
 220   (0.045) 0.092 0.021 0.003 0.106 
 264   (0.061) 0.022 0.053 0.033 0.040 
 252   (0.040) 0.010 0.017 0.060 0.007 
 254   (0.043) 0.006 0.028 0.069 0.003 
 242   (0.027) 0.002 0.036 0.002 0.002 
 266   (0.024) 0.002 0.011 0.028 0.002 
 244   (0.034) 0.015 0.015 0.021 0.003 
 226   (0.023) 0.002 0.009 0.002 0.020 
 240   (0.023) 0.002 0.021 0.002 0.002 

Locus 10 : Scv8 
6 alleles
0.0% missing data
 200   (0.623) 0.755 0.662 0.590 0.809 
 202   (0.092) 0.010 0.132 0.077 0.007 
 194   (0.100) 0.064 0.052 0.077 0.137 
 204   (0.048) 0.087 0.032 0.004 0.008 
 198   (0.080) 0.079 0.087 0.009 0.035 
 188   (0.057) 0.005 0.037 0.244 0.004 

Locus 11 : Scv9 
5 alleles
0.0% missing data
 198   (0.286) 0.343 0.235 0.457 0.360 
 200   (0.378) 0.424 0.467 0.173 0.397 
 196   (0.256) 0.223 0.266 0.323 0.113 
 204   (0.053) 0.007 0.022 0.037 0.128 
 202   (0.026) 0.002 0.010 0.011 0.002 

Locus 12 : Rsu1 
6 alleles
0.0% missing data
 189   (0.325) 0.088 0.468 0.206 0.382 
 185   (0.244) 0.148 0.204 0.504 0.203 
 177   (0.083) 0.066 0.058 0.038 0.039 
 181   (0.255) 0.503 0.233 0.246 0.104 
 193   (0.048) 0.155 0.019 0.003 0.086 
 197   (0.045) 0.040 0.018 0.003 0.187 

Locus 13 : Scv14 
7 alleles
4.5% missing data
 196   (0.504) 0.815 0.456 0.609 0.891 
 198   (0.089) 0.023 0.110 0.088 0.007 
 194   (0.151) 0.070 0.185 0.098 0.033 
 202   (0.177) 0.070 0.198 0.194 0.063 
 204   (0.026) 0.002 0.023 0.002 0.002 
 190   (0.026) 0.017 0.011 0.002 0.002 
 200   (0.026) 0.003 0.016 0.006 0.002 

Locus 14 : Scv16 
7 alleles
0.0% missing data
 182   (0.357) 0.660 0.307 0.497 0.294 
 184   (0.440) 0.271 0.512 0.385 0.641 
 188   (0.086) 0.058 0.111 0.006 0.057 
 200   (0.026) 0.002 0.023 0.002 0.002 
 198   (0.034) 0.005 0.013 0.068 0.002 
 190   (0.030) 0.003 0.012 0.040 0.002 
 186   (0.026) 0.002 0.022 0.002 0.002 

Locus 15 : Scv31 
15 alleles
3.0% missing data
 193   (0.120) 0.327 0.108 0.138 0.017 
 201   (0.116) 0.076 0.181 0.027 0.025 
 187   (0.080) 0.176 0.036 0.044 0.257 
 207   (0.028) 0.005 0.011 0.002 0.305 
 195   (0.066) 0.071 0.028 0.100 0.040 
 185   (0.144) 0.041 0.145 0.308 0.178 
 189   (0.079) 0.070 0.164 0.006 0.006 
 205   (0.025) 0.002 0.022 0.002 0.002 
 191   (0.134) 0.183 0.089 0.265 0.132 
 197   (0.040) 0.012 0.017 0.058 0.013 
 199   (0.051) 0.005 0.061 0.042 0.004 
 203   (0.031) 0.003 0.051 0.002 0.002 
 209   (0.029) 0.003 0.037 0.002 0.002 
 213   (0.029) 0.003 0.037 0.002 0.002 
 181   (0.028) 0.026 0.011 0.002 0.014 

Locus 16 : Scv6 
8 alleles
0.0% missing data
 191   (0.123) 0.200 0.169 0.014 0.042 
 195   (0.358) 0.480 0.318 0.436 0.630 
 197   (0.195) 0.273 0.135 0.243 0.273 
 201   (0.092) 0.012 0.145 0.056 0.007 
 205   (0.031) 0.003 0.037 0.002 0.002 
 193   (0.085) 0.008 0.102 0.134 0.007 
 199   (0.085) 0.022 0.056 0.113 0.037 
 181   (0.031) 0.003 0.037 0.002 0.002 

Values of parameters used in structure:
DATAFILE=M:\STRUCTURE\Squirrel_132_ID_16L_20250816\project_data,	OUTFILE=M:\STRUCTURE\Squirrel_132_ID_16L_20250816\10k_Burnin_100k_MCMC\Results\10k_Burnin_100k_MCMC_run_94,	NUMINDS=132,	NUMLOCI=16,	MISSING=-9,	LABEL=1,	POPDATA=1,	POPFLAG=0,	PHENOTYPE=0,	EXTRACOLS=1,	MAXPOPS=4,	BURNIN=10000,	NUMREPS=100000,	USEPOPINFO=0,	INFERALPHA=1,	INFERLAMBDA=1,	POPSPECIFICLAMBDA=0,	POPALPHAS=0,	COMPUTEPROB=1,	NOADMIX=0,	ADMBURNIN=2500,	UPDATEFREQ=1,	PRINTLIKES=0,	INTERMEDSAVE=0,	PRINTKLD=0,	PRINTNET=0,	PRINTLAMBDA=0,	ANCESTDIST=1,	NUMBOXES=1000,	ANCESTPINT=0.90000,	GENSBACK=2,	MIGRPRIOR=0.05000,	PRINTQHAT=1,	PRINTQSUM=0,	ALPHA=1.0000,	FREQSCORR=1,	FPRIORMEAN=0.0100,	FPRIORSD=0.0500,	ONEFST=0,	LAMBDA=1.0000,	UNIFPRIORALPHA=1,	ALPHAMAX=10.0000,	ALPHAPRIORA=1.0000,	ALPHAPRIORB=2.0000,	ALPHAPROPSD=0.0250,	STARTATPOPINFO=0,	RANDOMIZE=1,	LINKAGE=0,	METROFREQ=10,	REPORTHITRATE=0,	MARKOVPHASE=-1,	PHASED=0,	PLOIDY=2,	PHASEINFO=0	LOCPRIOR=0, 	LOCPRIORINIT=1.000000, 	LOCDATA=0, 	LOCISPOP=0, 	LOCPRIORSTEP=0.100000, 	MAXLOCPRIOR=20.000000, 	SEED=1763745719,	
[STRAT parameters]:    NUMSIMSTATS=1000,	PHENOTYPECOL=-9,	POOLFREQ=10,	LOCUSxONLY=0,	EMERROR=0.00100,	MISSINGPHENO=-9,	