          1*  1 0.0144 0.9648 0.0209 
           3  1 0.9519 0.0352 0.0129 
           6  1 0.9687 0.0067 0.0246 
           8  1 0.9838 0.0103 0.0059 
          10  1 0.9852 0.0090 0.0058 
          11  1 0.1003 0.8672 0.0325 
          12  1 0.9674 0.0176 0.0150 
          16  1 0.9822 0.0110 0.0068 
          18  1 0.0083 0.9868 0.0049 
          19  1 0.0242 0.9486 0.0272 
          21  1 0.9792 0.0104 0.0104 
          23  1 0.5769 0.0284 0.3948 
          24  1 0.6424 0.3322 0.0254 
          25  1 0.8705 0.0506 0.0790 
         26*  1 0.9832 0.0125 0.0043 
          28  1 0.9888 0.0057 0.0056 
          29  1 0.9765 0.0180 0.0055 
          30  1 0.8204 0.0553 0.1242 
          33  1 0.0051 0.9766 0.0183 
          37  1 0.0143 0.9787 0.0071 
          38  1 0.0149 0.9811 0.0039 
          43  1 0.9797 0.0146 0.0057 
          44  1 0.9746 0.0115 0.0139 
          48  1 0.0079 0.9875 0.0046 
          55  1 0.9754 0.0091 0.0155 
          59  1 0.6880 0.3020 0.0100 
          60  1 0.0107 0.0501 0.9392 
          61  1 0.0083 0.0087 0.9830 
          62  1 0.0206 0.0225 0.9568 
          65  1 0.0072 0.9751 0.0177 
          73  1 0.0325 0.0152 0.9523 
          75  1 0.0097 0.0335 0.9569 
          76  1 0.0072 0.0056 0.9872 
          77  1 0.0087 0.0175 0.9738 
          78  1 0.0073 0.0091 0.9836 
          79  1 0.0046 0.0188 0.9766 
          84  1 0.9564 0.0128 0.0307 
          85  1 0.9506 0.0337 0.0157 
          86  1 0.8881 0.0783 0.0335 
          89  1 0.8816 0.0534 0.0650 
          94  1 0.7892 0.2048 0.0060 
          95  1 0.5809 0.4020 0.0171 
          96  1 0.9878 0.0055 0.0067 
          98  1 0.0083 0.0087 0.9830 
         102  1 0.0165 0.9666 0.0169 
         105  1 0.0078 0.0167 0.9754 
         106  1 0.0427 0.0957 0.8616 
         108  1 0.0125 0.0535 0.9339 
         109  1 0.0256 0.0094 0.9650 
         112  1 0.2958 0.1047 0.5995 
         115  1 0.0334 0.9365 0.0301 
         116  1 0.9531 0.0328 0.0141 
         117  1 0.9773 0.0085 0.0143 
         129  1 0.9897 0.0065 0.0038 
         132  1 0.0529 0.3974 0.5496 
         133  1 0.0064 0.0072 0.9863 
         137  1 0.0154 0.0143 0.9703 
         139  1 0.0196 0.0708 0.9096 
         140  1 0.0091 0.0093 0.9816 
         142  1 0.0092 0.0084 0.9824 
         144  1 0.0055 0.0070 0.9874 
         145  1 0.0088 0.0076 0.9836 
         147  1 0.0061 0.0071 0.9867 
         160  1 0.9587 0.0333 0.0080 
        162*  1 0.9871 0.0059 0.0070 
         166  1 0.0083 0.0087 0.9831 
         177  1 0.0080 0.0102 0.9818 
         178  1 0.0128 0.0087 0.9785 
         186  1 0.9810 0.0104 0.0086 
         189  1 0.9835 0.0099 0.0066 
         190  1 0.9826 0.0094 0.0080 
         191  1 0.9768 0.0072 0.0160 
         193  1 0.0463 0.0136 0.9400 
         202  1 0.7759 0.2007 0.0234 
         204  1 0.9916 0.0048 0.0036 
         211  1 0.0283 0.0331 0.9386 
         216  1 0.0055 0.0056 0.9889 
         222  1 0.0085 0.0591 0.9324 
         224  1 0.9739 0.0140 0.0121 
         226  1 0.5402 0.4491 0.0107 
         229  1 0.9252 0.0447 0.0301 
         230  1 0.9527 0.0248 0.0225 
         232  1 0.9104 0.0268 0.0628 
         238  1 0.0177 0.8828 0.0995 
         242  1 0.0051 0.9888 0.0061 
         243  1 0.0168 0.9190 0.0642 
         244  1 0.0116 0.9405 0.0479 
         251  1 0.0420 0.9083 0.0497 
         266  1 0.0172 0.3134 0.6694 
         267  1 0.0508 0.0291 0.9200 
         268  1 0.0079 0.0073 0.9847 
         270  1 0.9724 0.0175 0.0102 
         276  1 0.9432 0.0117 0.0451 
         298  1 0.0068 0.0088 0.9843 
         306  1 0.0057 0.0149 0.9794 
         308  1 0.0085 0.0183 0.9732 
         311  1 0.0198 0.2343 0.7459 
         323  1 0.6577 0.3293 0.0130 
         327  1 0.9815 0.0110 0.0075 
         334  1 0.0075 0.9670 0.0256 
         338  1 0.0164 0.0172 0.9664 
         341  1 0.6375 0.3249 0.0375 
         346  1 0.0170 0.0103 0.9727 
         348  1 0.0071 0.0119 0.9810 
         351  1 0.0167 0.9505 0.0328 
         362  1 0.9898 0.0054 0.0049 
         364  1 0.0067 0.9788 0.0146 
         366  1 0.0274 0.9512 0.0214 
         376  1 0.9785 0.0109 0.0106 
         377  1 0.7056 0.0464 0.2480 
         378  1 0.9598 0.0095 0.0306 
         388  1 0.0153 0.0167 0.9681 
         391  1 0.3512 0.1003 0.5485 
         401  1 0.4927 0.4176 0.0897 
         406  1 0.0267 0.0673 0.9060 
         412  1 0.0345 0.0198 0.9457 
         413  1 0.0095 0.0346 0.9559 
         421  1 0.8026 0.0536 0.1439 
         423  1 0.6505 0.2577 0.0917 
         424  1 0.0325 0.0452 0.9223 
         426  1 0.9508 0.0158 0.0333 
         430  1 0.0260 0.0084 0.9656 
         435  1 0.0064 0.0049 0.9887 
         476  1 0.9124 0.0768 0.0108 
         478  1 0.9800 0.0135 0.0065 
         484  1 0.0073 0.0063 0.9864 
         489  1 0.4404 0.0454 0.5142 
         493  1 0.0082 0.9854 0.0064 
         494  1 0.0168 0.9776 0.0057 
         500  1 0.9855 0.0109 0.0036 
         504  1 0.0591 0.0471 0.8938 
         506  1 0.1004 0.0110 0.8886 
