          1*  1 0.1274 0.8726 
           3  1 0.9844 0.0156 
           6  1 0.9588 0.0412 
           8  1 0.9887 0.0113 
          10  1 0.9899 0.0101 
          11  1 0.8712 0.1288 
          12  1 0.9778 0.0222 
          16  1 0.9882 0.0118 
          18  1 0.9848 0.0152 
          19  1 0.1585 0.8415 
          21  1 0.9846 0.0154 
          23  1 0.4625 0.5375 
          24  1 0.9660 0.0340 
          25  1 0.9088 0.0912 
         26*  1 0.9937 0.0063 
          28  1 0.9910 0.0090 
          29  1 0.9892 0.0108 
          30  1 0.8666 0.1334 
          33  1 0.0191 0.9809 
          37  1 0.9569 0.0431 
          38  1 0.9644 0.0356 
          43  1 0.9905 0.0095 
          44  1 0.9848 0.0152 
          48  1 0.9844 0.0156 
          55  1 0.9756 0.0244 
          59  1 0.9878 0.0122 
          60  1 0.0143 0.9857 
          61  1 0.0127 0.9873 
          62  1 0.0497 0.9503 
          65  1 0.4512 0.5488 
          73  1 0.0267 0.9733 
          75  1 0.0135 0.9865 
          76  1 0.0099 0.9901 
          77  1 0.0145 0.9855 
          78  1 0.0113 0.9887 
          79  1 0.0076 0.9924 
          84  1 0.9580 0.0420 
          85  1 0.9653 0.0347 
          86  1 0.9399 0.0601 
          89  1 0.9344 0.0656 
          94  1 0.9917 0.0083 
          95  1 0.9750 0.0250 
          96  1 0.9888 0.0112 
          98  1 0.0119 0.9881 
         102  1 0.9131 0.0869 
         105  1 0.0104 0.9896 
         106  1 0.0504 0.9496 
         108  1 0.0161 0.9839 
         109  1 0.0265 0.9735 
         112  1 0.2690 0.7310 
         115  1 0.7142 0.2858 
         116  1 0.9760 0.0240 
         117  1 0.9701 0.0299 
         129  1 0.9936 0.0064 
         132  1 0.0777 0.9223 
         133  1 0.0097 0.9903 
         137  1 0.0286 0.9714 
         139  1 0.0252 0.9748 
         140  1 0.0156 0.9844 
         142  1 0.0152 0.9848 
         144  1 0.0085 0.9915 
         145  1 0.0186 0.9814 
         147  1 0.0084 0.9916 
         160  1 0.9869 0.0131 
        162*  1 0.9881 0.0119 
         166  1 0.0116 0.9884 
         177  1 0.0137 0.9863 
         178  1 0.0163 0.9837 
         186  1 0.9885 0.0115 
         189  1 0.9888 0.0112 
         190  1 0.9874 0.0126 
         191  1 0.9809 0.0191 
         193  1 0.1036 0.8964 
         202  1 0.9557 0.0443 
         204  1 0.9944 0.0056 
         211  1 0.0296 0.9704 
         216  1 0.0079 0.9921 
         222  1 0.0158 0.9842 
         224  1 0.9815 0.0185 
         226  1 0.9825 0.0175 
         229  1 0.9158 0.0842 
         230  1 0.9724 0.0276 
         232  1 0.9449 0.0551 
         238  1 0.0979 0.9021 
         242  1 0.0884 0.9116 
         243  1 0.0968 0.9032 
         244  1 0.0435 0.9565 
         251  1 0.1643 0.8357 
         266  1 0.0464 0.9536 
         267  1 0.0468 0.9532 
         268  1 0.0097 0.9903 
         270  1 0.9866 0.0134 
         276  1 0.9575 0.0425 
         298  1 0.0109 0.9891 
         306  1 0.0080 0.9920 
         308  1 0.0124 0.9876 
         311  1 0.0206 0.9794 
         323  1 0.9824 0.0176 
         327  1 0.9874 0.0126 
         334  1 0.1066 0.8934 
         338  1 0.0221 0.9779 
         341  1 0.9354 0.0646 
         346  1 0.0208 0.9792 
         348  1 0.0090 0.9910 
         351  1 0.1043 0.8957 
         362  1 0.9918 0.0082 
         364  1 0.0721 0.9279 
         366  1 0.3194 0.6806 
         376  1 0.9825 0.0175 
         377  1 0.6833 0.3167 
         378  1 0.9422 0.0578 
         388  1 0.0166 0.9834 
         391  1 0.4432 0.5568 
         401  1 0.8206 0.1794 
         406  1 0.0465 0.9535 
         412  1 0.0676 0.9324 
         413  1 0.0160 0.9840 
         421  1 0.9262 0.0738 
         423  1 0.9186 0.0814 
         424  1 0.0404 0.9596 
         426  1 0.9522 0.0478 
         430  1 0.0362 0.9638 
         435  1 0.0108 0.9892 
         476  1 0.9846 0.0154 
         478  1 0.9898 0.0102 
         484  1 0.0094 0.9906 
         489  1 0.4628 0.5372 
         493  1 0.8898 0.1102 
         494  1 0.9620 0.0380 
         500  1 0.9941 0.0059 
         504  1 0.0386 0.9614 
         506  1 0.1147 0.8853 
