

----------------------------------------------------
STRUCTURE by Pritchard, Stephens and Donnelly (2000)
     and Falush, Stephens and Pritchard (2003)
       Code by Pritchard, Falush and Hubisz
             Version 2.3.4 (Jul 2012)
----------------------------------------------------



Command line arguments:   bin\structure -m M:\STRUCTURE\Squirrel_132_ID_16L_20250816\10k_Burnin_100k_MCMC\mainparams -e M:\STRUCTURE\Squirrel_132_ID_16L_20250816\10k_Burnin_100k_MCMC\extraparams 
Input File:    M:\STRUCTURE\Squirrel_132_ID_16L_20250816\project_data

Run parameters:
   132 individuals
   16 loci
   6 populations assumed
   10000 Burn-in period
   100000 Reps


--------------------------------------------
Proportion of membership of each pre-defined
 population in each of the 6 clusters

Given    Inferred Clusters                            Number of
 Pop       1      2      3      4      5      6      Individuals

  1:     0.139  0.193  0.177  0.170  0.132  0.189      132
--------------------------------------------

Allele-freq. divergence among pops (Net nucleotide distance),
computed using point estimates of P.

      1       2       3       4       5       6      
 1      -    0.0929  0.0958  0.0590  0.0895  0.0795  
 2   0.0929     -    0.0630  0.0556  0.0886  0.0793  
 3   0.0958  0.0630     -    0.0603  0.0719  0.0808  
 4   0.0590  0.0556  0.0603     -    0.0698  0.0562  
 5   0.0895  0.0886  0.0719  0.0698     -    0.0635  
 6   0.0795  0.0793  0.0808  0.0562  0.0635     -    

Average distances (expected heterozygosity) between individuals in same cluster:
cluster  1  : 0.4675 
cluster  2  : 0.5663 
cluster  3  : 0.5806 
cluster  4  : 0.6421 
cluster  5  : 0.4944 
cluster  6  : 0.5500 

--------------------------------------------
Estimated Ln Prob of Data   = -4784.7
Mean value of ln likelihood = -4522.8
Variance of ln likelihood   = 523.7
Mean value of alpha         = 0.0458

Mean value of lambda        = 1.0274

Mean value of Fst_1         = 0.2872
Mean value of Fst_2         = 0.1787
Mean value of Fst_3         = 0.1544
Mean value of Fst_4         = 0.0515
Mean value of Fst_5         = 0.2234
Mean value of Fst_6         = 0.1924


Inferred ancestry of individuals:
        Label (%Miss) Pop:  Inferred clusters (and 90% probability intervals)
  1       1*    (0)    1 :  0.015 0.030 0.009 0.873 0.063 0.009     (0.000,0.099) (0.000,0.215) (0.000,0.054) (0.482,1.000) (0.000,0.403) (0.000,0.049) 
  2        3    (0)    1 :  0.972 0.006 0.005 0.005 0.005 0.006     (0.861,1.000) (0.000,0.036) (0.000,0.030) (0.000,0.029) (0.000,0.028) (0.000,0.032) 
  3        6    (0)    1 :  0.919 0.023 0.017 0.006 0.012 0.023     (0.622,1.000) (0.000,0.161) (0.000,0.109) (0.000,0.034) (0.000,0.069) (0.000,0.157) 
  4        8    (0)    1 :  0.006 0.010 0.004 0.011 0.017 0.952     (0.000,0.035) (0.000,0.063) (0.000,0.024) (0.000,0.066) (0.000,0.113) (0.764,1.000) 
  5       10    (0)    1 :  0.010 0.004 0.005 0.009 0.789 0.183     (0.000,0.061) (0.000,0.023) (0.000,0.028) (0.000,0.056) (0.000,1.000) (0.000,0.958) 
  6       11    (0)    1 :  0.038 0.021 0.089 0.745 0.046 0.062     (0.000,0.283) (0.000,0.144) (0.000,0.608) (0.000,1.000) (0.000,0.278) (0.000,0.416) 
  7       12    (0)    1 :  0.006 0.006 0.006 0.005 0.945 0.034     (0.000,0.031) (0.000,0.030) (0.000,0.032) (0.000,0.025) (0.792,1.000) (0.000,0.095) 
  8       16    (6)    1 :  0.956 0.006 0.006 0.006 0.008 0.017     (0.779,1.000) (0.000,0.032) (0.000,0.036) (0.000,0.035) (0.000,0.050) (0.000,0.115) 
  9       18    (0)    1 :  0.009 0.005 0.005 0.966 0.006 0.008     (0.000,0.057) (0.000,0.030) (0.000,0.026) (0.832,1.000) (0.000,0.035) (0.000,0.047) 
 10       19    (0)    1 :  0.015 0.023 0.048 0.843 0.033 0.037     (0.000,0.100) (0.000,0.157) (0.000,0.334) (0.268,1.000) (0.000,0.132) (0.000,0.272) 
 11       21    (6)    1 :  0.947 0.006 0.009 0.007 0.009 0.022     (0.745,1.000) (0.000,0.034) (0.000,0.051) (0.000,0.036) (0.000,0.053) (0.000,0.152) 
 12       23    (6)    1 :  0.014 0.016 0.064 0.009 0.864 0.033     (0.000,0.086) (0.000,0.103) (0.000,0.374) (0.000,0.052) (0.457,1.000) (0.000,0.198) 
 13       24    (6)    1 :  0.014 0.012 0.046 0.224 0.461 0.244     (0.000,0.098) (0.000,0.070) (0.000,0.305) (0.000,0.890) (0.000,0.999) (0.000,0.917) 
 14       25    (6)    1 :  0.050 0.012 0.014 0.014 0.821 0.089     (0.000,0.290) (0.000,0.078) (0.000,0.090) (0.000,0.087) (0.445,1.000) (0.000,0.445) 
 15      26*    (0)    1 :  0.087 0.008 0.005 0.024 0.179 0.697     (0.000,0.520) (0.000,0.046) (0.000,0.030) (0.000,0.165) (0.000,0.582) (0.000,1.000) 
 16       28    (0)    1 :  0.061 0.007 0.008 0.009 0.153 0.762     (0.000,0.430) (0.000,0.043) (0.000,0.051) (0.000,0.050) (0.000,0.965) (0.000,1.000) 
 17       29    (0)    1 :  0.007 0.006 0.006 0.016 0.824 0.142     (0.000,0.038) (0.000,0.031) (0.000,0.033) (0.000,0.104) (0.000,1.000) (0.000,0.977) 
 18       30    (0)    1 :  0.116 0.331 0.008 0.022 0.067 0.456     (0.000,0.656) (0.000,0.777) (0.000,0.044) (0.000,0.123) (0.000,0.491) (0.000,0.997) 
 19       33    (0)    1 :  0.006 0.011 0.022 0.946 0.010 0.005     (0.000,0.037) (0.000,0.069) (0.000,0.156) (0.744,1.000) (0.000,0.038) (0.000,0.025) 
 20       37    (0)    1 :  0.011 0.006 0.009 0.941 0.025 0.008     (0.000,0.069) (0.000,0.032) (0.000,0.050) (0.711,1.000) (0.000,0.180) (0.000,0.044) 
 21       38    (0)    1 :  0.009 0.004 0.005 0.954 0.013 0.015     (0.000,0.056) (0.000,0.020) (0.000,0.026) (0.771,1.000) (0.000,0.084) (0.000,0.100) 
 22       43    (0)    1 :  0.035 0.007 0.008 0.013 0.733 0.205     (0.000,0.242) (0.000,0.042) (0.000,0.046) (0.000,0.077) (0.194,1.000) (0.000,0.758) 
 23       44    (0)    1 :  0.377 0.037 0.011 0.011 0.010 0.553     (0.000,0.732) (0.000,0.290) (0.000,0.064) (0.000,0.059) (0.000,0.052) (0.000,0.993) 
 24       48    (0)    1 :  0.014 0.006 0.004 0.963 0.006 0.006     (0.000,0.093) (0.000,0.034) (0.000,0.023) (0.812,1.000) (0.000,0.035) (0.000,0.032) 
 25       55    (0)    1 :  0.193 0.027 0.012 0.013 0.015 0.740     (0.000,0.808) (0.000,0.202) (0.000,0.075) (0.000,0.085) (0.000,0.091) (0.010,1.000) 
 26       59    (0)    1 :  0.974 0.005 0.004 0.006 0.004 0.006     (0.873,1.000) (0.000,0.029) (0.000,0.025) (0.000,0.033) (0.000,0.022) (0.000,0.034) 
 27       60    (0)    1 :  0.024 0.310 0.253 0.099 0.308 0.006     (0.000,0.174) (0.000,0.994) (0.000,0.993) (0.000,0.690) (0.000,0.997) (0.000,0.031) 
 28       61    (0)    1 :  0.015 0.043 0.917 0.009 0.008 0.008     (0.000,0.101) (0.000,0.312) (0.601,1.000) (0.000,0.049) (0.000,0.045) (0.000,0.042) 
 29       62    (0)    1 :  0.013 0.030 0.892 0.020 0.032 0.012     (0.000,0.084) (0.000,0.210) (0.539,1.000) (0.000,0.132) (0.000,0.226) (0.000,0.077) 
 30       65    (0)    1 :  0.005 0.024 0.013 0.938 0.010 0.011     (0.000,0.028) (0.000,0.167) (0.000,0.085) (0.718,1.000) (0.000,0.048) (0.000,0.066) 
 31       73    (0)    1 :  0.007 0.889 0.006 0.010 0.076 0.013     (0.000,0.037) (0.583,1.000) (0.000,0.030) (0.000,0.063) (0.000,0.378) (0.000,0.088) 
 32       75    (0)    1 :  0.011 0.046 0.883 0.026 0.024 0.011     (0.000,0.072) (0.000,0.313) (0.480,1.000) (0.000,0.175) (0.000,0.055) (0.000,0.074) 
 33       76    (0)    1 :  0.005 0.007 0.971 0.005 0.008 0.004     (0.000,0.031) (0.000,0.043) (0.852,1.000) (0.000,0.025) (0.000,0.047) (0.000,0.023) 
 34       77    (0)    1 :  0.007 0.006 0.967 0.007 0.009 0.004     (0.000,0.037) (0.000,0.031) (0.834,1.000) (0.000,0.036) (0.000,0.054) (0.000,0.023) 
 35       78    (0)    1 :  0.007 0.775 0.175 0.015 0.017 0.011     (0.000,0.038) (0.002,1.000) (0.000,0.923) (0.000,0.099) (0.000,0.119) (0.000,0.071) 
 36       79    (0)    1 :  0.004 0.053 0.921 0.010 0.005 0.006     (0.000,0.025) (0.000,0.345) (0.615,1.000) (0.000,0.062) (0.000,0.026) (0.000,0.035) 
 37       84    (0)    1 :  0.664 0.033 0.050 0.017 0.112 0.123     (0.269,0.998) (0.000,0.235) (0.000,0.333) (0.000,0.113) (0.000,0.565) (0.000,0.479) 
 38       85    (0)    1 :  0.011 0.013 0.007 0.012 0.016 0.940     (0.000,0.073) (0.000,0.086) (0.000,0.040) (0.000,0.072) (0.000,0.054) (0.725,1.000) 
 39       86    (0)    1 :  0.006 0.018 0.011 0.019 0.027 0.918     (0.000,0.031) (0.000,0.133) (0.000,0.064) (0.000,0.130) (0.000,0.153) (0.640,1.000) 
 40       89    (0)    1 :  0.548 0.020 0.075 0.032 0.308 0.017     (0.000,0.953) (0.000,0.134) (0.000,0.428) (0.000,0.227) (0.000,0.838) (0.000,0.101) 
 41       94    (0)    1 :  0.011 0.005 0.007 0.029 0.911 0.037     (0.000,0.072) (0.000,0.028) (0.000,0.037) (0.000,0.205) (0.558,1.000) (0.000,0.155) 
 42       95    (0)    1 :  0.956 0.010 0.006 0.010 0.005 0.012     (0.786,1.000) (0.000,0.058) (0.000,0.033) (0.000,0.060) (0.000,0.030) (0.000,0.073) 
 43       96    (0)    1 :  0.005 0.005 0.006 0.005 0.009 0.971     (0.000,0.024) (0.000,0.027) (0.000,0.032) (0.000,0.024) (0.000,0.055) (0.854,1.000) 
 44       98    (0)    1 :  0.009 0.856 0.104 0.008 0.016 0.008     (0.000,0.053) (0.000,1.000) (0.000,0.962) (0.000,0.045) (0.000,0.104) (0.000,0.044) 
 45      102    (0)    1 :  0.042 0.013 0.017 0.889 0.034 0.006     (0.000,0.283) (0.000,0.085) (0.000,0.123) (0.574,1.000) (0.000,0.236) (0.000,0.032) 
 46      105    (0)    1 :  0.006 0.970 0.005 0.009 0.005 0.005     (0.000,0.032) (0.853,1.000) (0.000,0.026) (0.000,0.052) (0.000,0.031) (0.000,0.029) 
 47      106    (0)    1 :  0.146 0.206 0.570 0.032 0.021 0.026     (0.000,0.506) (0.000,0.735) (0.000,1.000) (0.000,0.211) (0.000,0.072) (0.000,0.188) 
 48      108    (0)    1 :  0.008 0.887 0.025 0.058 0.012 0.010     (0.000,0.049) (0.527,1.000) (0.000,0.175) (0.000,0.377) (0.000,0.070) (0.000,0.062) 
 49      109    (0)    1 :  0.011 0.946 0.015 0.007 0.006 0.016     (0.000,0.070) (0.740,1.000) (0.000,0.081) (0.000,0.036) (0.000,0.032) (0.000,0.109) 
 50      112    (0)    1 :  0.012 0.015 0.718 0.041 0.082 0.132     (0.000,0.069) (0.000,0.089) (0.000,1.000) (0.000,0.289) (0.000,0.607) (0.000,0.570) 
 51      115    (0)    1 :  0.015 0.037 0.012 0.825 0.099 0.012     (0.000,0.096) (0.000,0.277) (0.000,0.072) (0.324,1.000) (0.000,0.520) (0.000,0.068) 
 52      116    (0)    1 :  0.011 0.013 0.008 0.015 0.010 0.944     (0.000,0.065) (0.000,0.076) (0.000,0.044) (0.000,0.097) (0.000,0.043) (0.728,1.000) 
 53      117    (0)    1 :  0.360 0.026 0.035 0.018 0.314 0.247     (0.000,0.965) (0.000,0.179) (0.000,0.256) (0.000,0.117) (0.000,0.999) (0.000,0.815) 
 54      129    (0)    1 :  0.035 0.006 0.004 0.007 0.008 0.940     (0.000,0.242) (0.000,0.034) (0.000,0.021) (0.000,0.041) (0.000,0.048) (0.707,1.000) 
 55      132    (0)    1 :  0.031 0.098 0.075 0.245 0.544 0.008     (0.000,0.229) (0.000,0.605) (0.000,0.505) (0.000,0.953) (0.000,1.000) (0.000,0.042) 
 56      133    (0)    1 :  0.011 0.828 0.136 0.008 0.012 0.005     (0.000,0.067) (0.000,1.000) (0.000,0.983) (0.000,0.046) (0.000,0.074) (0.000,0.026) 
 57      137    (6)    1 :  0.017 0.019 0.921 0.010 0.024 0.009     (0.000,0.109) (0.000,0.118) (0.619,1.000) (0.000,0.059) (0.000,0.155) (0.000,0.054) 
 58      139    (0)    1 :  0.013 0.017 0.893 0.030 0.027 0.020     (0.000,0.088) (0.000,0.103) (0.520,1.000) (0.000,0.201) (0.000,0.097) (0.000,0.139) 
 59      140    (0)    1 :  0.012 0.956 0.014 0.007 0.005 0.006     (0.000,0.074) (0.782,1.000) (0.000,0.082) (0.000,0.040) (0.000,0.028) (0.000,0.034) 
 60      142    (0)    1 :  0.016 0.010 0.953 0.006 0.010 0.005     (0.000,0.106) (0.000,0.060) (0.766,1.000) (0.000,0.036) (0.000,0.058) (0.000,0.028) 
 61      144    (0)    1 :  0.006 0.975 0.005 0.005 0.004 0.004     (0.000,0.036) (0.874,1.000) (0.000,0.028) (0.000,0.029) (0.000,0.024) (0.000,0.022) 
 62      145    (0)    1 :  0.008 0.016 0.955 0.008 0.007 0.006     (0.000,0.048) (0.000,0.101) (0.777,1.000) (0.000,0.048) (0.000,0.039) (0.000,0.033) 
 63      147    (0)    1 :  0.004 0.965 0.012 0.006 0.005 0.008     (0.000,0.024) (0.830,1.000) (0.000,0.060) (0.000,0.036) (0.000,0.024) (0.000,0.050) 
 64      160    (0)    1 :  0.009 0.005 0.006 0.009 0.929 0.042     (0.000,0.055) (0.000,0.026) (0.000,0.032) (0.000,0.048) (0.687,1.000) (0.000,0.173) 
 65     162*    (0)    1 :  0.004 0.005 0.006 0.005 0.010 0.970     (0.000,0.025) (0.000,0.028) (0.000,0.031) (0.000,0.027) (0.000,0.058) (0.852,1.000) 
 66      166    (0)    1 :  0.031 0.649 0.274 0.014 0.024 0.009     (0.000,0.217) (0.000,1.000) (0.000,1.000) (0.000,0.077) (0.000,0.111) (0.000,0.051) 
 67      177    (0)    1 :  0.004 0.005 0.975 0.005 0.006 0.006     (0.000,0.023) (0.000,0.024) (0.877,1.000) (0.000,0.026) (0.000,0.028) (0.000,0.032) 
 68      178    (0)    1 :  0.009 0.087 0.827 0.019 0.041 0.017     (0.000,0.054) (0.000,0.444) (0.434,1.000) (0.000,0.124) (0.000,0.303) (0.000,0.109) 
 69      186    (0)    1 :  0.976 0.004 0.004 0.005 0.006 0.005     (0.878,1.000) (0.000,0.023) (0.000,0.024) (0.000,0.025) (0.000,0.031) (0.000,0.030) 
 70      189    (0)    1 :  0.007 0.004 0.009 0.006 0.012 0.961     (0.000,0.042) (0.000,0.021) (0.000,0.051) (0.000,0.036) (0.000,0.067) (0.814,1.000) 
 71      190    (0)    1 :  0.040 0.012 0.016 0.016 0.068 0.848     (0.000,0.273) (0.000,0.074) (0.000,0.109) (0.000,0.110) (0.000,0.490) (0.396,1.000) 
 72      191    (0)    1 :  0.550 0.048 0.038 0.013 0.029 0.323     (0.000,0.997) (0.000,0.320) (0.000,0.268) (0.000,0.077) (0.000,0.211) (0.000,0.944) 
 73      193    (0)    1 :  0.044 0.025 0.881 0.014 0.024 0.011     (0.000,0.316) (0.000,0.185) (0.497,1.000) (0.000,0.089) (0.000,0.159) (0.000,0.069) 
 74      202    (0)    1 :  0.009 0.009 0.015 0.052 0.599 0.317     (0.000,0.056) (0.000,0.051) (0.000,0.095) (0.000,0.345) (0.118,1.000) (0.000,0.783) 
 75      204    (0)    1 :  0.033 0.004 0.004 0.004 0.007 0.948     (0.000,0.235) (0.000,0.024) (0.000,0.021) (0.000,0.023) (0.000,0.036) (0.719,1.000) 
 76      211    (0)    1 :  0.009 0.394 0.083 0.029 0.475 0.010     (0.000,0.056) (0.000,0.999) (0.000,0.527) (0.000,0.197) (0.000,1.000) (0.000,0.061) 
 77      216    (0)    1 :  0.005 0.927 0.039 0.007 0.017 0.005     (0.000,0.028) (0.655,1.000) (0.000,0.252) (0.000,0.037) (0.000,0.115) (0.000,0.027) 
 78      222    (0)    1 :  0.008 0.876 0.023 0.049 0.022 0.022     (0.000,0.048) (0.506,1.000) (0.000,0.164) (0.000,0.337) (0.000,0.138) (0.000,0.144) 
 79      224    (0)    1 :  0.016 0.010 0.009 0.011 0.016 0.938     (0.000,0.098) (0.000,0.065) (0.000,0.055) (0.000,0.066) (0.000,0.094) (0.705,1.000) 
 80      226    (0)    1 :  0.969 0.005 0.005 0.008 0.005 0.007     (0.847,1.000) (0.000,0.028) (0.000,0.028) (0.000,0.049) (0.000,0.027) (0.000,0.041) 
 81      229    (0)    1 :  0.012 0.067 0.069 0.042 0.072 0.737     (0.000,0.082) (0.000,0.408) (0.000,0.333) (0.000,0.301) (0.000,0.485) (0.293,1.000) 
 82      230    (0)    1 :  0.016 0.012 0.029 0.014 0.021 0.909     (0.000,0.104) (0.000,0.080) (0.000,0.197) (0.000,0.084) (0.000,0.132) (0.633,1.000) 
 83      232    (0)    1 :  0.093 0.035 0.160 0.033 0.522 0.157     (0.000,0.471) (0.000,0.251) (0.000,0.632) (0.000,0.227) (0.000,0.997) (0.000,0.724) 
 84      238    (0)    1 :  0.006 0.031 0.177 0.686 0.028 0.071     (0.000,0.037) (0.000,0.223) (0.000,0.631) (0.037,1.000) (0.000,0.132) (0.000,0.419) 
 85      242    (0)    1 :  0.006 0.008 0.005 0.971 0.005 0.006     (0.000,0.030) (0.000,0.046) (0.000,0.025) (0.857,1.000) (0.000,0.027) (0.000,0.031) 
 86      243    (0)    1 :  0.034 0.070 0.035 0.831 0.021 0.008     (0.000,0.247) (0.000,0.447) (0.000,0.250) (0.407,1.000) (0.000,0.110) (0.000,0.048) 
 87      244    (0)    1 :  0.007 0.011 0.152 0.797 0.020 0.013     (0.000,0.042) (0.000,0.070) (0.000,0.593) (0.344,1.000) (0.000,0.083) (0.000,0.088) 
 88      251    (0)    1 :  0.010 0.023 0.036 0.784 0.118 0.029     (0.000,0.061) (0.000,0.157) (0.000,0.262) (0.269,1.000) (0.000,0.599) (0.000,0.215) 
 89      266    (0)    1 :  0.013 0.030 0.702 0.213 0.023 0.018     (0.000,0.090) (0.000,0.226) (0.235,1.000) (0.000,0.680) (0.000,0.144) (0.000,0.125) 
 90      267    (0)    1 :  0.025 0.883 0.012 0.019 0.017 0.044     (0.000,0.182) (0.559,1.000) (0.000,0.072) (0.000,0.123) (0.000,0.114) (0.000,0.284) 
 91      268    (0)    1 :  0.008 0.769 0.168 0.011 0.039 0.005     (0.000,0.046) (0.000,1.000) (0.000,0.967) (0.000,0.061) (0.000,0.279) (0.000,0.030) 
 92      270    (0)    1 :  0.026 0.010 0.010 0.014 0.013 0.927     (0.000,0.181) (0.000,0.058) (0.000,0.060) (0.000,0.082) (0.000,0.083) (0.658,1.000) 
 93      276    (0)    1 :  0.450 0.085 0.101 0.021 0.042 0.302     (0.000,0.968) (0.000,0.497) (0.000,0.512) (0.000,0.138) (0.000,0.303) (0.000,0.993) 
 94      298    (6)    1 :  0.012 0.898 0.063 0.009 0.012 0.006     (0.000,0.071) (0.477,1.000) (0.000,0.453) (0.000,0.055) (0.000,0.073) (0.000,0.032) 
 95      306    (0)    1 :  0.010 0.260 0.626 0.048 0.049 0.007     (0.000,0.060) (0.000,0.904) (0.000,1.000) (0.000,0.345) (0.000,0.368) (0.000,0.039) 
 96      308    (0)    1 :  0.007 0.218 0.629 0.040 0.096 0.009     (0.000,0.042) (0.000,0.810) (0.000,1.000) (0.000,0.290) (0.000,0.473) (0.000,0.056) 
 97      311    (6)    1 :  0.012 0.617 0.092 0.207 0.045 0.027     (0.000,0.073) (0.000,1.000) (0.000,0.611) (0.000,0.976) (0.000,0.292) (0.000,0.194) 
 98      323    (0)    1 :  0.970 0.005 0.005 0.008 0.004 0.008     (0.850,1.000) (0.000,0.028) (0.000,0.027) (0.000,0.041) (0.000,0.024) (0.000,0.044) 
 99      327    (0)    1 :  0.016 0.017 0.008 0.019 0.263 0.677     (0.000,0.112) (0.000,0.114) (0.000,0.048) (0.000,0.125) (0.000,0.946) (0.000,1.000) 
100      334    (0)    1 :  0.005 0.036 0.015 0.922 0.012 0.010     (0.000,0.025) (0.000,0.258) (0.000,0.103) (0.633,1.000) (0.000,0.057) (0.000,0.052) 
101      338    (0)    1 :  0.021 0.871 0.056 0.014 0.027 0.011     (0.000,0.148) (0.453,1.000) (0.000,0.382) (0.000,0.086) (0.000,0.193) (0.000,0.065) 
102      341    (0)    1 :  0.963 0.005 0.008 0.009 0.008 0.007     (0.816,1.000) (0.000,0.029) (0.000,0.043) (0.000,0.052) (0.000,0.046) (0.000,0.037) 
103      346    (0)    1 :  0.014 0.016 0.870 0.009 0.082 0.009     (0.000,0.087) (0.000,0.092) (0.251,1.000) (0.000,0.047) (0.000,0.621) (0.000,0.048) 
104      348    (0)    1 :  0.007 0.808 0.150 0.019 0.007 0.008     (0.000,0.044) (0.093,1.000) (0.000,0.794) (0.000,0.128) (0.000,0.035) (0.000,0.047) 
105      351    (0)    1 :  0.018 0.018 0.027 0.866 0.062 0.009     (0.000,0.122) (0.000,0.120) (0.000,0.184) (0.410,1.000) (0.000,0.412) (0.000,0.050) 
106      362    (0)    1 :  0.027 0.006 0.005 0.006 0.022 0.933     (0.000,0.197) (0.000,0.033) (0.000,0.030) (0.000,0.033) (0.000,0.144) (0.671,1.000) 
107      364    (0)    1 :  0.010 0.012 0.015 0.946 0.012 0.005     (0.000,0.063) (0.000,0.076) (0.000,0.099) (0.740,1.000) (0.000,0.074) (0.000,0.028) 
108      366    (0)    1 :  0.012 0.030 0.012 0.890 0.018 0.039     (0.000,0.071) (0.000,0.220) (0.000,0.068) (0.523,1.000) (0.000,0.101) (0.000,0.285) 
109      376    (0)    1 :  0.904 0.007 0.029 0.008 0.026 0.025     (0.616,1.000) (0.000,0.043) (0.000,0.200) (0.000,0.044) (0.000,0.190) (0.000,0.180) 
110      377    (6)    1 :  0.032 0.080 0.030 0.025 0.585 0.248     (0.000,0.220) (0.000,0.465) (0.000,0.198) (0.000,0.161) (0.000,1.000) (0.000,0.852) 
111      378    (0)    1 :  0.010 0.008 0.011 0.005 0.934 0.031     (0.000,0.065) (0.000,0.045) (0.000,0.069) (0.000,0.025) (0.720,1.000) (0.000,0.089) 
112      388    (0)    1 :  0.009 0.934 0.011 0.012 0.024 0.010     (0.000,0.053) (0.682,1.000) (0.000,0.065) (0.000,0.074) (0.000,0.174) (0.000,0.059) 
113      391    (0)    1 :  0.512 0.028 0.040 0.014 0.396 0.010     (0.000,0.891) (0.000,0.195) (0.000,0.292) (0.000,0.077) (0.000,0.820) (0.000,0.050) 
114      401    (0)    1 :  0.111 0.017 0.237 0.255 0.026 0.354     (0.000,0.611) (0.000,0.106) (0.000,0.680) (0.000,0.849) (0.000,0.114) (0.000,0.761) 
115      406    (0)    1 :  0.105 0.703 0.098 0.046 0.038 0.011     (0.000,0.573) (0.000,1.000) (0.000,0.744) (0.000,0.321) (0.000,0.266) (0.000,0.066) 
116      412    (6)    1 :  0.025 0.732 0.144 0.020 0.058 0.020     (0.000,0.181) (0.000,1.000) (0.000,0.975) (0.000,0.108) (0.000,0.420) (0.000,0.138) 
117      413    (0)    1 :  0.005 0.025 0.916 0.025 0.014 0.016     (0.000,0.025) (0.000,0.179) (0.620,1.000) (0.000,0.176) (0.000,0.063) (0.000,0.107) 
118      421    (0)    1 :  0.027 0.053 0.181 0.036 0.034 0.670     (0.000,0.189) (0.000,0.363) (0.000,0.633) (0.000,0.274) (0.000,0.220) (0.228,1.000) 
119      423    (0)    1 :  0.013 0.045 0.039 0.071 0.037 0.795     (0.000,0.086) (0.000,0.327) (0.000,0.289) (0.000,0.459) (0.000,0.214) (0.219,1.000) 
120      424    (0)    1 :  0.364 0.083 0.328 0.045 0.170 0.010     (0.000,0.990) (0.000,0.540) (0.000,0.992) (0.000,0.333) (0.000,0.921) (0.000,0.056) 
121      426    (0)    1 :  0.021 0.014 0.020 0.015 0.887 0.045     (0.000,0.144) (0.000,0.085) (0.000,0.140) (0.000,0.099) (0.516,1.000) (0.000,0.271) 
122      430   (12)    1 :  0.056 0.130 0.735 0.011 0.050 0.019     (0.000,0.400) (0.000,0.655) (0.000,1.000) (0.000,0.061) (0.000,0.358) (0.000,0.126) 
123      435    (0)    1 :  0.004 0.030 0.944 0.005 0.011 0.005     (0.000,0.024) (0.000,0.214) (0.723,1.000) (0.000,0.025) (0.000,0.072) (0.000,0.027) 
124      476    (0)    1 :  0.817 0.007 0.026 0.029 0.020 0.101     (0.428,1.000) (0.000,0.040) (0.000,0.181) (0.000,0.195) (0.000,0.142) (0.000,0.497) 
125      478    (0)    1 :  0.732 0.011 0.008 0.027 0.018 0.204     (0.367,1.000) (0.000,0.075) (0.000,0.043) (0.000,0.191) (0.000,0.121) (0.000,0.587) 
126      484    (0)    1 :  0.012 0.938 0.028 0.007 0.010 0.006     (0.000,0.079) (0.700,1.000) (0.000,0.173) (0.000,0.035) (0.000,0.058) (0.000,0.032) 
127      489    (0)    1 :  0.012 0.110 0.018 0.009 0.802 0.049     (0.000,0.073) (0.000,0.535) (0.000,0.110) (0.000,0.049) (0.295,1.000) (0.000,0.341) 
128      493    (0)    1 :  0.007 0.007 0.008 0.954 0.012 0.011     (0.000,0.042) (0.000,0.041) (0.000,0.048) (0.778,1.000) (0.000,0.082) (0.000,0.072) 
129      494    (0)    1 :  0.013 0.006 0.009 0.928 0.027 0.017     (0.000,0.085) (0.000,0.032) (0.000,0.056) (0.680,1.000) (0.000,0.168) (0.000,0.115) 
130      500    (0)    1 :  0.019 0.004 0.004 0.007 0.010 0.956     (0.000,0.119) (0.000,0.022) (0.000,0.023) (0.000,0.036) (0.000,0.054) (0.790,1.000) 
131      504    (0)    1 :  0.008 0.902 0.010 0.021 0.027 0.034     (0.000,0.045) (0.625,1.000) (0.000,0.052) (0.000,0.143) (0.000,0.184) (0.000,0.227) 
132      506    (0)    1 :  0.014 0.895 0.005 0.007 0.011 0.068     (0.000,0.092) (0.562,1.000) (0.000,0.028) (0.000,0.038) (0.000,0.070) (0.000,0.388) 


Estimated Allele Frequencies in each cluster
First column gives estimated ancestral frequencies


Locus 1 : Rsu3 
3 alleles
0.0% missing data
 164   (0.526) 0.498 0.505 0.486 0.569 0.558 0.625 
 166   (0.250) 0.114 0.447 0.312 0.203 0.314 0.093 
 170   (0.224) 0.389 0.048 0.202 0.227 0.128 0.283 

Locus 2 : Rsu5 
5 alleles
0.0% missing data
 137   (0.728) 0.965 0.612 0.796 0.680 0.851 0.955 
 135   (0.091) 0.021 0.017 0.061 0.106 0.085 0.009 
 139   (0.104) 0.008 0.010 0.082 0.175 0.055 0.030 
 133   (0.026) 0.002 0.002 0.003 0.023 0.003 0.002 
 131   (0.051) 0.003 0.359 0.058 0.016 0.006 0.004 

Locus 3 : Scv1 
5 alleles
0.0% missing data
 181   (0.549) 0.945 0.356 0.342 0.655 0.677 0.635 
 179   (0.190) 0.024 0.177 0.270 0.178 0.110 0.122 
 177   (0.109) 0.016 0.234 0.101 0.063 0.192 0.013 
 185   (0.123) 0.012 0.230 0.284 0.065 0.017 0.227 
 171   (0.030) 0.002 0.003 0.003 0.039 0.004 0.003 

Locus 4 : Rsu4 
9 alleles
0.0% missing data
 267   (0.195) 0.145 0.126 0.059 0.279 0.067 0.291 
 263   (0.328) 0.490 0.354 0.490 0.271 0.719 0.248 
 259   (0.057) 0.250 0.006 0.007 0.018 0.040 0.201 
 287   (0.179) 0.096 0.251 0.145 0.134 0.122 0.209 
 275   (0.042) 0.003 0.004 0.012 0.098 0.005 0.004 
 279   (0.069) 0.006 0.009 0.176 0.088 0.018 0.010 
 283   (0.068) 0.005 0.245 0.103 0.047 0.009 0.006 
 291   (0.037) 0.003 0.004 0.004 0.026 0.017 0.029 
 271   (0.026) 0.002 0.002 0.003 0.038 0.003 0.002 

Locus 5 : Rsu6 
5 alleles
0.0% missing data
 120   (0.271) 0.280 0.176 0.232 0.226 0.482 0.267 
 126   (0.587) 0.591 0.810 0.750 0.634 0.472 0.468 
 124   (0.083) 0.124 0.009 0.012 0.058 0.039 0.244 
 130   (0.034) 0.002 0.003 0.004 0.073 0.004 0.003 
 114   (0.025) 0.002 0.002 0.003 0.008 0.003 0.019 

Locus 6 : Scv12 
3 alleles
0.8% missing data
 198   (0.583) 0.693 0.454 0.731 0.710 0.435 0.329 
 196   (0.250) 0.283 0.495 0.172 0.161 0.291 0.184 
 200   (0.166) 0.024 0.051 0.097 0.129 0.274 0.487 

Locus 7 : Scv23 
3 alleles
0.8% missing data
 158   (0.509) 0.364 0.658 0.584 0.470 0.502 0.728 
 164   (0.199) 0.433 0.166 0.045 0.259 0.151 0.062 
 160   (0.292) 0.202 0.176 0.371 0.272 0.347 0.210 

Locus 8 : Scv13 
5 alleles
0.0% missing data
 182   (0.722) 0.791 0.887 0.688 0.685 0.955 0.913 
 180   (0.091) 0.175 0.009 0.014 0.114 0.020 0.065 
 172   (0.081) 0.006 0.086 0.179 0.065 0.011 0.007 
 184   (0.068) 0.026 0.014 0.015 0.112 0.009 0.011 
 174   (0.038) 0.003 0.004 0.104 0.023 0.005 0.003 

Locus 9 : Scv32 
18 alleles
0.0% missing data
 236   (0.031) 0.002 0.003 0.004 0.116 0.004 0.003 
 238   (0.055) 0.005 0.119 0.041 0.036 0.037 0.005 
 234   (0.121) 0.333 0.187 0.588 0.062 0.126 0.021 
 246   (0.050) 0.296 0.006 0.013 0.017 0.019 0.175 
 248   (0.095) 0.008 0.021 0.013 0.139 0.335 0.151 
 262   (0.103) 0.012 0.083 0.067 0.068 0.116 0.266 
 232   (0.175) 0.173 0.317 0.095 0.318 0.025 0.131 
 250   (0.024) 0.003 0.002 0.003 0.008 0.237 0.006 
 228   (0.028) 0.002 0.003 0.004 0.037 0.004 0.002 
 220   (0.042) 0.071 0.004 0.006 0.016 0.014 0.197 
 264   (0.059) 0.056 0.010 0.053 0.052 0.029 0.006 
 252   (0.048) 0.004 0.063 0.057 0.016 0.007 0.019 
 254   (0.049) 0.003 0.089 0.039 0.030 0.015 0.004 
 242   (0.025) 0.002 0.002 0.003 0.038 0.003 0.002 
 266   (0.023) 0.002 0.051 0.004 0.009 0.003 0.002 
 244   (0.031) 0.003 0.037 0.005 0.012 0.019 0.006 
 226   (0.021) 0.025 0.002 0.002 0.007 0.003 0.002 
 240   (0.019) 0.001 0.002 0.004 0.020 0.003 0.002 

Locus 10 : Scv8 
6 alleles
0.0% missing data
 200   (0.613) 0.826 0.687 0.474 0.658 0.818 0.696 
 202   (0.094) 0.007 0.081 0.070 0.146 0.017 0.008 
 194   (0.094) 0.152 0.011 0.151 0.043 0.034 0.098 
 204   (0.053) 0.004 0.005 0.008 0.031 0.102 0.042 
 198   (0.072) 0.005 0.007 0.020 0.085 0.020 0.149 
 188   (0.073) 0.005 0.210 0.277 0.038 0.010 0.006 

Locus 11 : Scv9 
5 alleles
0.0% missing data
 198   (0.306) 0.426 0.360 0.543 0.222 0.521 0.119 
 200   (0.359) 0.351 0.235 0.111 0.485 0.333 0.556 
 196   (0.264) 0.047 0.396 0.262 0.269 0.135 0.319 
 204   (0.046) 0.174 0.007 0.063 0.015 0.008 0.004 
 202   (0.024) 0.002 0.003 0.020 0.008 0.003 0.002 

Locus 12 : Rsu1 
6 alleles
0.0% missing data
 189   (0.301) 0.499 0.161 0.255 0.486 0.104 0.062 
 185   (0.268) 0.187 0.735 0.253 0.206 0.087 0.239 
 177   (0.085) 0.009 0.043 0.042 0.053 0.013 0.138 
 181   (0.243) 0.060 0.051 0.437 0.222 0.719 0.197 
 193   (0.056) 0.031 0.005 0.007 0.018 0.071 0.266 
 197   (0.047) 0.214 0.004 0.005 0.015 0.006 0.097 

Locus 13 : Scv14 
7 alleles
4.5% missing data
 196   (0.533) 0.928 0.561 0.663 0.452 0.819 0.790 
 198   (0.092) 0.008 0.065 0.093 0.117 0.054 0.008 
 194   (0.146) 0.021 0.047 0.171 0.191 0.068 0.063 
 202   (0.153) 0.037 0.319 0.052 0.196 0.031 0.128 
 204   (0.026) 0.002 0.002 0.003 0.023 0.004 0.002 
 190   (0.025) 0.002 0.002 0.003 0.009 0.021 0.007 
 200   (0.025) 0.002 0.003 0.015 0.013 0.004 0.002 

Locus 14 : Scv16 
7 alleles
0.0% missing data
 182   (0.387) 0.202 0.402 0.616 0.296 0.705 0.563 
 184   (0.411) 0.770 0.521 0.222 0.518 0.263 0.284 
 188   (0.070) 0.019 0.007 0.008 0.116 0.009 0.141 
 200   (0.024) 0.002 0.002 0.003 0.023 0.003 0.002 
 198   (0.046) 0.003 0.045 0.087 0.015 0.012 0.004 
 190   (0.038) 0.003 0.021 0.059 0.012 0.005 0.003 
 186   (0.025) 0.002 0.002 0.005 0.020 0.003 0.003 

Locus 15 : Scv31 
15 alleles
3.0% missing data
 193   (0.113) 0.013 0.204 0.028 0.097 0.557 0.046 
 201   (0.110) 0.012 0.050 0.014 0.196 0.080 0.067 
 187   (0.087) 0.251 0.094 0.011 0.032 0.057 0.308 
 207   (0.029) 0.388 0.003 0.003 0.009 0.004 0.013 
 195   (0.076) 0.017 0.169 0.029 0.026 0.045 0.113 
 185   (0.160) 0.235 0.272 0.330 0.149 0.046 0.022 
 189   (0.071) 0.005 0.007 0.008 0.182 0.114 0.008 
 205   (0.024) 0.002 0.002 0.003 0.022 0.003 0.002 
 191   (0.123) 0.061 0.018 0.512 0.064 0.067 0.339 
 197   (0.031) 0.004 0.129 0.003 0.010 0.005 0.010 
 199   (0.063) 0.004 0.040 0.045 0.068 0.009 0.006 
 203   (0.031) 0.002 0.003 0.003 0.057 0.004 0.003 
 209   (0.029) 0.002 0.003 0.004 0.039 0.004 0.003 
 213   (0.027) 0.002 0.003 0.003 0.040 0.003 0.002 
 181   (0.026) 0.002 0.003 0.003 0.008 0.003 0.058 

Locus 16 : Scv6 
8 alleles
0.0% missing data
 191   (0.111) 0.008 0.022 0.013 0.177 0.186 0.185 
 195   (0.367) 0.692 0.557 0.272 0.309 0.517 0.456 
 197   (0.217) 0.248 0.221 0.286 0.129 0.234 0.318 
 201   (0.074) 0.006 0.008 0.106 0.149 0.020 0.007 
 205   (0.027) 0.002 0.002 0.003 0.039 0.003 0.002 
 193   (0.088) 0.007 0.127 0.142 0.105 0.012 0.009 
 199   (0.088) 0.036 0.060 0.175 0.052 0.025 0.021 
 181   (0.028) 0.002 0.003 0.003 0.039 0.003 0.002 

Values of parameters used in structure:
DATAFILE=M:\STRUCTURE\Squirrel_132_ID_16L_20250816\project_data,	OUTFILE=M:\STRUCTURE\Squirrel_132_ID_16L_20250816\10k_Burnin_100k_MCMC\Results\10k_Burnin_100k_MCMC_run_128,	NUMINDS=132,	NUMLOCI=16,	MISSING=-9,	LABEL=1,	POPDATA=1,	POPFLAG=0,	PHENOTYPE=0,	EXTRACOLS=1,	MAXPOPS=6,	BURNIN=10000,	NUMREPS=100000,	USEPOPINFO=0,	INFERALPHA=1,	INFERLAMBDA=1,	POPSPECIFICLAMBDA=0,	POPALPHAS=0,	COMPUTEPROB=1,	NOADMIX=0,	ADMBURNIN=2500,	UPDATEFREQ=1,	PRINTLIKES=0,	INTERMEDSAVE=0,	PRINTKLD=0,	PRINTNET=0,	PRINTLAMBDA=0,	ANCESTDIST=1,	NUMBOXES=1000,	ANCESTPINT=0.90000,	GENSBACK=2,	MIGRPRIOR=0.05000,	PRINTQHAT=1,	PRINTQSUM=0,	ALPHA=1.0000,	FREQSCORR=1,	FPRIORMEAN=0.0100,	FPRIORSD=0.0500,	ONEFST=0,	LAMBDA=1.0000,	UNIFPRIORALPHA=1,	ALPHAMAX=10.0000,	ALPHAPRIORA=1.0000,	ALPHAPRIORB=2.0000,	ALPHAPROPSD=0.0250,	STARTATPOPINFO=0,	RANDOMIZE=1,	LINKAGE=0,	METROFREQ=10,	REPORTHITRATE=0,	MARKOVPHASE=-1,	PHASED=0,	PLOIDY=2,	PHASEINFO=0	LOCPRIOR=0, 	LOCPRIORINIT=1.000000, 	LOCDATA=0, 	LOCISPOP=0, 	LOCPRIORSTEP=0.100000, 	MAXLOCPRIOR=20.000000, 	SEED=1763748275,	
[STRAT parameters]:    NUMSIMSTATS=1000,	PHENOTYPECOL=-9,	POOLFREQ=10,	LOCUSxONLY=0,	EMERROR=0.00100,	MISSINGPHENO=-9,	