          1*  1 0.1163 0.0172 0.0099 0.0402 0.0235 0.0054 0.0155 0.7719 
           3  1 0.0071 0.0077 0.0061 0.0057 0.0075 0.0051 0.9553 0.0055 
           6  1 0.0388 0.0182 0.0235 0.0140 0.0108 0.0125 0.8762 0.0061 
           8  1 0.0064 0.0216 0.8403 0.0343 0.0721 0.0039 0.0068 0.0146 
          10  1 0.0055 0.0038 0.1070 0.8541 0.0066 0.0055 0.0089 0.0084 
          11  1 0.0674 0.0121 0.0406 0.0258 0.2905 0.0466 0.0457 0.4712 
          12  1 0.0094 0.0053 0.0075 0.9550 0.0070 0.0049 0.0059 0.0050 
          16  1 0.0070 0.0056 0.0176 0.0113 0.0081 0.0061 0.9371 0.0072 
          18  1 0.0045 0.0065 0.0082 0.0064 0.0111 0.0047 0.0094 0.9493 
          19  1 0.0126 0.0258 0.0337 0.0126 0.2269 0.0802 0.0158 0.5924 
          21  1 0.0094 0.0064 0.0290 0.0106 0.0103 0.0081 0.9196 0.0067 
          23  1 0.1986 0.0136 0.0218 0.6504 0.0657 0.0283 0.0111 0.0105 
          24  1 0.0198 0.0094 0.1622 0.4695 0.1318 0.0492 0.0160 0.1420 
          25  1 0.1655 0.0093 0.0545 0.6700 0.0352 0.0070 0.0450 0.0136 
         26*  1 0.0104 0.0071 0.5941 0.2184 0.0172 0.0053 0.1258 0.0216 
          28  1 0.0165 0.0075 0.5286 0.2836 0.0535 0.0066 0.0953 0.0086 
          29  1 0.0059 0.0056 0.0674 0.8867 0.0081 0.0064 0.0060 0.0139 
          30  1 0.0271 0.2892 0.3774 0.1557 0.0251 0.0073 0.1001 0.0181 
          33  1 0.0150 0.0118 0.0050 0.0059 0.0434 0.0522 0.0066 0.8602 
          37  1 0.0106 0.0053 0.0080 0.0298 0.0120 0.0090 0.0132 0.9121 
          38  1 0.0042 0.0049 0.0163 0.0144 0.0138 0.0048 0.0107 0.9309 
          43  1 0.0132 0.0060 0.1326 0.7837 0.0135 0.0071 0.0337 0.0102 
          44  1 0.0102 0.0636 0.3710 0.0084 0.1569 0.0068 0.3719 0.0112 
          48  1 0.0053 0.0063 0.0058 0.0073 0.0084 0.0043 0.0144 0.9482 
          55  1 0.0567 0.0205 0.5923 0.0132 0.1001 0.0101 0.1937 0.0134 
          59  1 0.0062 0.0062 0.0064 0.0048 0.0054 0.0043 0.9598 0.0070 
          60  1 0.8825 0.0128 0.0045 0.0459 0.0185 0.0107 0.0087 0.0164 
          61  1 0.3101 0.0583 0.0117 0.0093 0.0606 0.5191 0.0199 0.0111 
          62  1 0.2407 0.0171 0.0100 0.0460 0.4742 0.1783 0.0144 0.0193 
          65  1 0.0155 0.0263 0.0114 0.0077 0.0616 0.0155 0.0055 0.8564 
          73  1 0.0428 0.7910 0.0093 0.1127 0.0237 0.0053 0.0065 0.0088 
          75  1 0.0052 0.0384 0.0091 0.0052 0.0091 0.9117 0.0098 0.0116 
          76  1 0.0145 0.0060 0.0048 0.0121 0.0093 0.9416 0.0066 0.0050 
          77  1 0.1265 0.0049 0.0049 0.0107 0.0126 0.8238 0.0076 0.0090 
          78  1 0.0418 0.4881 0.0119 0.0141 0.0378 0.3803 0.0085 0.0176 
          79  1 0.0163 0.0623 0.0082 0.0054 0.0257 0.8633 0.0055 0.0133 
          84  1 0.0655 0.0214 0.1017 0.1064 0.0905 0.0208 0.5789 0.0147 
          85  1 0.0120 0.0150 0.7864 0.0082 0.1452 0.0082 0.0129 0.0122 
          86  1 0.0137 0.0196 0.7765 0.0176 0.1362 0.0124 0.0063 0.0177 
          89  1 0.0721 0.0112 0.0131 0.2037 0.1611 0.0257 0.4900 0.0231 
          94  1 0.0086 0.0051 0.0120 0.9119 0.0131 0.0061 0.0129 0.0301 
          95  1 0.0150 0.0092 0.0121 0.0056 0.0087 0.0054 0.9333 0.0107 
          96  1 0.0049 0.0052 0.9572 0.0096 0.0076 0.0063 0.0045 0.0048 
          98  1 0.8223 0.0954 0.0062 0.0093 0.0226 0.0316 0.0058 0.0069 
         102  1 0.0198 0.0127 0.0065 0.0281 0.1477 0.0147 0.0380 0.7325 
         105  1 0.0050 0.9642 0.0041 0.0049 0.0057 0.0039 0.0052 0.0070 
         106  1 0.0305 0.1167 0.0143 0.0049 0.2652 0.4582 0.0836 0.0266 
         108  1 0.0349 0.8294 0.0083 0.0094 0.0193 0.0294 0.0076 0.0618 
         109  1 0.2022 0.6738 0.0230 0.0076 0.0275 0.0438 0.0116 0.0106 
         112  1 0.2883 0.0103 0.0891 0.0494 0.3965 0.1225 0.0108 0.0330 
         115  1 0.0620 0.0252 0.0109 0.0738 0.1938 0.0199 0.0168 0.5978 
         116  1 0.0068 0.0239 0.7422 0.0130 0.1727 0.0068 0.0142 0.0205 
         117  1 0.0502 0.0166 0.1945 0.3780 0.0211 0.0212 0.3036 0.0148 
         129  1 0.0066 0.0052 0.8923 0.0127 0.0122 0.0039 0.0587 0.0083 
         132  1 0.6040 0.0179 0.0072 0.2033 0.0471 0.0140 0.0237 0.0827 
         133  1 0.8234 0.0910 0.0042 0.0070 0.0200 0.0420 0.0065 0.0059 
         137  1 0.4507 0.0099 0.0110 0.0212 0.0253 0.4525 0.0163 0.0130 
         139  1 0.0065 0.0104 0.0151 0.0095 0.0146 0.9213 0.0095 0.0130 
         140  1 0.1066 0.7921 0.0088 0.0061 0.0226 0.0327 0.0208 0.0103 
         142  1 0.1000 0.0110 0.0061 0.0134 0.1966 0.6321 0.0318 0.0089 
         144  1 0.0083 0.9611 0.0037 0.0040 0.0060 0.0054 0.0065 0.0049 
         145  1 0.2184 0.0094 0.0045 0.0047 0.5680 0.1804 0.0073 0.0073 
         147  1 0.0105 0.9022 0.0078 0.0049 0.0166 0.0456 0.0050 0.0075 
         160  1 0.0068 0.0049 0.0089 0.9482 0.0062 0.0057 0.0101 0.0091 
        162*  1 0.0056 0.0050 0.9551 0.0107 0.0080 0.0061 0.0046 0.0049 
         166  1 0.8979 0.0333 0.0074 0.0059 0.0103 0.0202 0.0180 0.0071 
         177  1 0.0057 0.0038 0.0050 0.0048 0.0057 0.9663 0.0044 0.0043 
         178  1 0.0652 0.0379 0.0168 0.0427 0.0191 0.7953 0.0099 0.0130 
         186  1 0.0061 0.0041 0.0055 0.0062 0.0051 0.0045 0.9638 0.0048 
         189  1 0.0056 0.0040 0.7871 0.0152 0.1619 0.0089 0.0089 0.0083 
         190  1 0.0300 0.0100 0.7825 0.0857 0.0200 0.0141 0.0412 0.0165 
         191  1 0.0176 0.0371 0.1720 0.0208 0.2093 0.0214 0.5101 0.0117 
         193  1 0.2272 0.0123 0.0088 0.0133 0.5560 0.1423 0.0306 0.0094 
         202  1 0.0345 0.0105 0.3395 0.4270 0.1216 0.0110 0.0098 0.0461 
         204  1 0.0047 0.0048 0.9295 0.0085 0.0057 0.0037 0.0388 0.0043 
         211  1 0.4506 0.1857 0.0166 0.2064 0.0508 0.0530 0.0114 0.0254 
         216  1 0.2983 0.6144 0.0054 0.0194 0.0151 0.0357 0.0052 0.0065 
         222  1 0.0421 0.5478 0.0088 0.0057 0.3420 0.0131 0.0089 0.0315 
         224  1 0.0082 0.0136 0.6860 0.0212 0.2235 0.0076 0.0241 0.0159 
         226  1 0.0106 0.0044 0.0087 0.0047 0.0071 0.0052 0.9508 0.0085 
         229  1 0.0530 0.0374 0.6098 0.1187 0.1067 0.0326 0.0100 0.0319 
         230  1 0.0110 0.0146 0.8599 0.0237 0.0207 0.0413 0.0159 0.0130 
         232  1 0.1199 0.0194 0.1041 0.4372 0.1724 0.0590 0.0642 0.0237 
         238  1 0.0394 0.0191 0.0757 0.0111 0.2092 0.1287 0.0071 0.5097 
         242  1 0.0088 0.0092 0.0059 0.0048 0.0173 0.0044 0.0066 0.9429 
         243  1 0.1739 0.0196 0.0096 0.0106 0.1057 0.0265 0.0270 0.6271 
         244  1 0.0198 0.0087 0.0124 0.0109 0.1805 0.1925 0.0067 0.5685 
         251  1 0.0311 0.0127 0.0244 0.0869 0.2853 0.0190 0.0092 0.5315 
         266  1 0.1849 0.0141 0.0252 0.0112 0.1188 0.4991 0.0108 0.1358 
         267  1 0.1691 0.6669 0.0597 0.0132 0.0174 0.0157 0.0331 0.0249 
         268  1 0.3643 0.1895 0.0055 0.0490 0.0156 0.3587 0.0072 0.0101 
         270  1 0.0126 0.0163 0.7762 0.0275 0.0865 0.0086 0.0500 0.0223 
         276  1 0.0817 0.0624 0.1778 0.0438 0.1495 0.0586 0.4093 0.0170 
         298  1 0.0731 0.7339 0.0066 0.0147 0.0184 0.1211 0.0194 0.0127 
         306  1 0.7354 0.0157 0.0060 0.0074 0.1915 0.0209 0.0089 0.0142 
         308  1 0.0630 0.1767 0.0085 0.0796 0.1915 0.4374 0.0064 0.0369 
         311  1 0.3596 0.1170 0.0267 0.0174 0.3313 0.0192 0.0099 0.1189 
         323  1 0.0055 0.0057 0.0081 0.0049 0.0056 0.0047 0.9574 0.0081 
         327  1 0.0316 0.0119 0.6058 0.2759 0.0292 0.0079 0.0183 0.0195 
         334  1 0.0283 0.0276 0.0106 0.0107 0.1386 0.0142 0.0050 0.7650 
         338  1 0.3675 0.2968 0.0173 0.0289 0.2313 0.0226 0.0200 0.0157 
         341  1 0.0215 0.0050 0.0074 0.0071 0.0088 0.0056 0.9332 0.0113 
         346  1 0.6290 0.0071 0.0084 0.0421 0.0142 0.2793 0.0110 0.0088 
         348  1 0.0464 0.5156 0.0104 0.0081 0.0983 0.2840 0.0091 0.0281 
         351  1 0.2202 0.0087 0.0083 0.0488 0.1312 0.0146 0.0161 0.5522 
         362  1 0.0071 0.0066 0.9139 0.0244 0.0079 0.0056 0.0278 0.0067 
         364  1 0.0377 0.0092 0.0048 0.0120 0.0223 0.0105 0.0103 0.8932 
         366  1 0.0349 0.0315 0.0500 0.0141 0.0388 0.0094 0.0115 0.8097 
         376  1 0.0255 0.0065 0.0219 0.0267 0.0287 0.0188 0.8638 0.0082 
         377  1 0.0504 0.0396 0.1181 0.2463 0.4898 0.0101 0.0312 0.0145 
         378  1 0.0121 0.0077 0.0072 0.9339 0.0129 0.0108 0.0106 0.0047 
         388  1 0.3353 0.5499 0.0124 0.0289 0.0306 0.0136 0.0106 0.0187 
         391  1 0.2151 0.0204 0.0064 0.2281 0.0952 0.0101 0.4122 0.0125 
         401  1 0.0312 0.0085 0.3626 0.0125 0.1558 0.1765 0.0802 0.1727 
         406  1 0.6355 0.1042 0.0098 0.0166 0.0902 0.0227 0.0847 0.0363 
         412  1 0.6564 0.0694 0.0163 0.0268 0.1772 0.0191 0.0196 0.0152 
         413  1 0.1629 0.0189 0.0120 0.0077 0.5533 0.1952 0.0039 0.0461 
         421  1 0.0762 0.0154 0.3381 0.0169 0.4883 0.0250 0.0241 0.0161 
         423  1 0.0204 0.0320 0.3391 0.0138 0.5337 0.0093 0.0194 0.0323 
         424  1 0.4935 0.0223 0.0097 0.0274 0.2461 0.0238 0.1471 0.0301 
         426  1 0.0315 0.0133 0.0211 0.8287 0.0419 0.0173 0.0245 0.0217 
         430  1 0.6230 0.0180 0.0178 0.0180 0.2213 0.0577 0.0357 0.0085 
         435  1 0.0945 0.0297 0.0052 0.0137 0.2963 0.5503 0.0053 0.0051 
         476  1 0.0149 0.0076 0.1125 0.0170 0.0311 0.0272 0.7612 0.0284 
         478  1 0.0181 0.0087 0.1578 0.0201 0.0635 0.0065 0.7001 0.0251 
         484  1 0.3519 0.5687 0.0073 0.0103 0.0110 0.0294 0.0148 0.0066 
         489  1 0.0646 0.0602 0.0178 0.3430 0.4859 0.0086 0.0109 0.0090 
         493  1 0.0107 0.0054 0.0127 0.0127 0.0199 0.0079 0.0078 0.9229 
         494  1 0.0061 0.0072 0.0156 0.0257 0.0668 0.0086 0.0143 0.8556 
         500  1 0.0051 0.0040 0.9445 0.0081 0.0112 0.0042 0.0161 0.0068 
         504  1 0.1411 0.6705 0.0532 0.0578 0.0219 0.0150 0.0103 0.0302 
         506  1 0.0165 0.8724 0.0739 0.0096 0.0068 0.0049 0.0097 0.0063 
