

----------------------------------------------------
STRUCTURE by Pritchard, Stephens and Donnelly (2000)
     and Falush, Stephens and Pritchard (2003)
       Code by Pritchard, Falush and Hubisz
             Version 2.3.4 (Jul 2012)
----------------------------------------------------



Command line arguments:   bin\structure -m M:\STRUCTURE\Squirrel_132_ID_16L_20250816\10k_Burnin_100k_MCMC\mainparams -e M:\STRUCTURE\Squirrel_132_ID_16L_20250816\10k_Burnin_100k_MCMC\extraparams 
Input File:    M:\STRUCTURE\Squirrel_132_ID_16L_20250816\project_data

Run parameters:
   132 individuals
   16 loci
   6 populations assumed
   10000 Burn-in period
   100000 Reps


--------------------------------------------
Proportion of membership of each pre-defined
 population in each of the 6 clusters

Given    Inferred Clusters                            Number of
 Pop       1      2      3      4      5      6      Individuals

  1:     0.138  0.191  0.171  0.135  0.203  0.161      132
--------------------------------------------

Allele-freq. divergence among pops (Net nucleotide distance),
computed using point estimates of P.

      1       2       3       4       5       6      
 1      -    0.0925  0.0957  0.0741  0.0766  0.0587  
 2   0.0925     -    0.0642  0.0687  0.0786  0.0570  
 3   0.0957  0.0642     -    0.0562  0.0785  0.0622  
 4   0.0741  0.0687  0.0562     -    0.0455  0.0517  
 5   0.0766  0.0786  0.0785  0.0455     -    0.0557  
 6   0.0587  0.0570  0.0622  0.0517  0.0557     -    

Average distances (expected heterozygosity) between individuals in same cluster:
cluster  1  : 0.4684 
cluster  2  : 0.5661 
cluster  3  : 0.5798 
cluster  4  : 0.5399 
cluster  5  : 0.5497 
cluster  6  : 0.6395 

--------------------------------------------
Estimated Ln Prob of Data   = -5300.7
Mean value of ln likelihood = -4538.4
Variance of ln likelihood   = 1524.6
Mean value of alpha         = 0.0451

Mean value of lambda        = 1.0149

Mean value of Fst_1         = 0.2840
Mean value of Fst_2         = 0.1770
Mean value of Fst_3         = 0.1540
Mean value of Fst_4         = 0.1793
Mean value of Fst_5         = 0.1913
Mean value of Fst_6         = 0.0587


Inferred ancestry of individuals:
        Label (%Miss) Pop:  Inferred clusters (and 90% probability intervals)
  1       1*    (0)    1 :  0.015 0.030 0.008 0.069 0.009 0.869     (0.000,0.095) (0.000,0.217) (0.000,0.046) (0.000,0.438) (0.000,0.054) (0.454,1.000) 
  2        3    (0)    1 :  0.971 0.007 0.005 0.005 0.006 0.005     (0.856,1.000) (0.000,0.039) (0.000,0.027) (0.000,0.031) (0.000,0.032) (0.000,0.030) 
  3        6    (0)    1 :  0.920 0.025 0.014 0.012 0.023 0.006     (0.625,1.000) (0.000,0.182) (0.000,0.095) (0.000,0.066) (0.000,0.156) (0.000,0.033) 
  4        8    (0)    1 :  0.006 0.010 0.004 0.015 0.955 0.010     (0.000,0.035) (0.000,0.061) (0.000,0.024) (0.000,0.091) (0.781,1.000) (0.000,0.057) 
  5       10    (0)    1 :  0.008 0.004 0.005 0.609 0.364 0.009     (0.000,0.049) (0.000,0.022) (0.000,0.030) (0.000,1.000) (0.000,1.000) (0.000,0.051) 
  6       11    (0)    1 :  0.039 0.023 0.081 0.167 0.060 0.630     (0.000,0.288) (0.000,0.154) (0.000,0.587) (0.000,0.998) (0.000,0.412) (0.000,1.000) 
  7       12    (0)    1 :  0.007 0.006 0.008 0.776 0.196 0.008     (0.000,0.036) (0.000,0.034) (0.000,0.039) (0.000,1.000) (0.000,1.000) (0.000,0.040) 
  8       16    (6)    1 :  0.957 0.006 0.006 0.008 0.017 0.006     (0.786,1.000) (0.000,0.031) (0.000,0.034) (0.000,0.046) (0.000,0.110) (0.000,0.034) 
  9       18    (0)    1 :  0.009 0.005 0.005 0.006 0.008 0.967     (0.000,0.054) (0.000,0.030) (0.000,0.027) (0.000,0.033) (0.000,0.044) (0.833,1.000) 
 10       19    (0)    1 :  0.015 0.024 0.048 0.179 0.033 0.701     (0.000,0.099) (0.000,0.155) (0.000,0.342) (0.000,1.000) (0.000,0.240) (0.000,1.000) 
 11       21    (6)    1 :  0.943 0.007 0.008 0.008 0.027 0.007     (0.730,1.000) (0.000,0.036) (0.000,0.048) (0.000,0.045) (0.000,0.189) (0.000,0.038) 
 12       23    (6)    1 :  0.016 0.025 0.064 0.770 0.114 0.011     (0.000,0.110) (0.000,0.170) (0.000,0.387) (0.000,1.000) (0.000,0.902) (0.000,0.062) 
 13       24    (6)    1 :  0.015 0.011 0.047 0.389 0.331 0.208     (0.000,0.100) (0.000,0.063) (0.000,0.311) (0.000,0.999) (0.000,0.996) (0.000,0.900) 
 14       25    (6)    1 :  0.040 0.015 0.013 0.726 0.189 0.017     (0.000,0.257) (0.000,0.097) (0.000,0.083) (0.000,1.000) (0.000,0.974) (0.000,0.105) 
 15      26*    (0)    1 :  0.080 0.008 0.005 0.137 0.750 0.021     (0.000,0.482) (0.000,0.043) (0.000,0.027) (0.000,0.540) (0.170,1.000) (0.000,0.143) 
 16       28    (0)    1 :  0.050 0.007 0.007 0.116 0.812 0.008     (0.000,0.367) (0.000,0.039) (0.000,0.042) (0.000,0.909) (0.000,1.000) (0.000,0.044) 
 17       29    (0)    1 :  0.006 0.006 0.007 0.624 0.343 0.015     (0.000,0.033) (0.000,0.032) (0.000,0.036) (0.000,1.000) (0.000,1.000) (0.000,0.091) 
 18       30    (0)    1 :  0.107 0.348 0.008 0.056 0.461 0.020     (0.000,0.615) (0.000,0.781) (0.000,0.040) (0.000,0.441) (0.000,0.994) (0.000,0.112) 
 19       33    (0)    1 :  0.006 0.011 0.028 0.032 0.004 0.918     (0.000,0.035) (0.000,0.075) (0.000,0.211) (0.000,0.118) (0.000,0.024) (0.608,1.000) 
 20       37    (0)    1 :  0.011 0.006 0.008 0.021 0.009 0.945     (0.000,0.069) (0.000,0.036) (0.000,0.049) (0.000,0.144) (0.000,0.052) (0.729,1.000) 
 21       38    (0)    1 :  0.009 0.004 0.005 0.013 0.017 0.953     (0.000,0.057) (0.000,0.022) (0.000,0.025) (0.000,0.081) (0.000,0.114) (0.763,1.000) 
 22       43    (0)    1 :  0.027 0.007 0.008 0.579 0.367 0.013     (0.000,0.196) (0.000,0.040) (0.000,0.045) (0.000,1.000) (0.000,1.000) (0.000,0.077) 
 23       44    (0)    1 :  0.381 0.038 0.014 0.025 0.531 0.011     (0.000,0.762) (0.000,0.295) (0.000,0.083) (0.000,0.152) (0.000,0.997) (0.000,0.059) 
 24       48    (0)    1 :  0.013 0.005 0.005 0.006 0.006 0.965     (0.000,0.083) (0.000,0.026) (0.000,0.025) (0.000,0.035) (0.000,0.035) (0.822,1.000) 
 25       55    (0)    1 :  0.232 0.030 0.013 0.022 0.690 0.013     (0.000,0.916) (0.000,0.223) (0.000,0.087) (0.000,0.140) (0.000,1.000) (0.000,0.083) 
 26       59    (0)    1 :  0.974 0.005 0.004 0.005 0.006 0.006     (0.869,1.000) (0.000,0.029) (0.000,0.024) (0.000,0.025) (0.000,0.033) (0.000,0.031) 
 27       60    (0)    1 :  0.022 0.276 0.212 0.375 0.007 0.108     (0.000,0.156) (0.000,0.988) (0.000,0.968) (0.000,1.000) (0.000,0.036) (0.000,0.789) 
 28       61    (0)    1 :  0.016 0.042 0.913 0.012 0.009 0.009     (0.000,0.103) (0.000,0.304) (0.591,1.000) (0.000,0.064) (0.000,0.049) (0.000,0.049) 
 29       62    (0)    1 :  0.014 0.030 0.848 0.075 0.013 0.019     (0.000,0.089) (0.000,0.203) (0.148,1.000) (0.000,0.635) (0.000,0.086) (0.000,0.132) 
 30       65    (0)    1 :  0.005 0.023 0.013 0.055 0.010 0.894     (0.000,0.029) (0.000,0.168) (0.000,0.088) (0.000,0.461) (0.000,0.064) (0.428,1.000) 
 31       73    (0)    1 :  0.007 0.892 0.006 0.071 0.015 0.010     (0.000,0.040) (0.587,1.000) (0.000,0.030) (0.000,0.372) (0.000,0.102) (0.000,0.065) 
 32       75    (0)    1 :  0.011 0.048 0.896 0.013 0.009 0.022     (0.000,0.076) (0.000,0.318) (0.549,1.000) (0.000,0.056) (0.000,0.061) (0.000,0.151) 
 33       76    (0)    1 :  0.005 0.008 0.970 0.008 0.005 0.004     (0.000,0.028) (0.000,0.043) (0.849,1.000) (0.000,0.047) (0.000,0.027) (0.000,0.023) 
 34       77    (0)    1 :  0.007 0.005 0.966 0.010 0.005 0.007     (0.000,0.038) (0.000,0.029) (0.830,1.000) (0.000,0.056) (0.000,0.025) (0.000,0.039) 
 35       78    (0)    1 :  0.007 0.774 0.173 0.019 0.011 0.015     (0.000,0.038) (0.002,1.000) (0.000,0.912) (0.000,0.127) (0.000,0.074) (0.000,0.099) 
 36       79    (0)    1 :  0.004 0.058 0.913 0.009 0.006 0.010     (0.000,0.024) (0.000,0.368) (0.587,1.000) (0.000,0.044) (0.000,0.037) (0.000,0.058) 
 37       84    (0)    1 :  0.665 0.035 0.046 0.106 0.132 0.016     (0.261,0.999) (0.000,0.245) (0.000,0.316) (0.000,0.566) (0.000,0.508) (0.000,0.108) 
 38       85    (0)    1 :  0.012 0.014 0.008 0.028 0.925 0.012     (0.000,0.075) (0.000,0.095) (0.000,0.048) (0.000,0.099) (0.657,1.000) (0.000,0.072) 
 39       86    (0)    1 :  0.006 0.020 0.012 0.047 0.899 0.017     (0.000,0.036) (0.000,0.142) (0.000,0.069) (0.000,0.279) (0.552,1.000) (0.000,0.116) 
 40       89    (0)    1 :  0.542 0.023 0.077 0.293 0.033 0.031     (0.000,0.964) (0.000,0.156) (0.000,0.435) (0.000,0.888) (0.000,0.218) (0.000,0.233) 
 41       94    (0)    1 :  0.012 0.005 0.007 0.727 0.187 0.061     (0.000,0.079) (0.000,0.027) (0.000,0.040) (0.000,1.000) (0.000,1.000) (0.000,0.432) 
 42       95    (0)    1 :  0.956 0.009 0.006 0.006 0.013 0.011     (0.784,1.000) (0.000,0.051) (0.000,0.033) (0.000,0.031) (0.000,0.079) (0.000,0.060) 
 43       96    (0)    1 :  0.005 0.005 0.006 0.009 0.972 0.005     (0.000,0.024) (0.000,0.027) (0.000,0.032) (0.000,0.049) (0.857,1.000) (0.000,0.025) 
 44       98    (0)    1 :  0.008 0.872 0.081 0.023 0.007 0.009     (0.000,0.051) (0.026,1.000) (0.000,0.764) (0.000,0.136) (0.000,0.044) (0.000,0.049) 
 45      102    (0)    1 :  0.035 0.012 0.017 0.127 0.007 0.802     (0.000,0.249) (0.000,0.076) (0.000,0.116) (0.000,0.981) (0.000,0.043) (0.000,1.000) 
 46      105    (0)    1 :  0.006 0.970 0.005 0.006 0.005 0.009     (0.000,0.031) (0.850,1.000) (0.000,0.025) (0.000,0.034) (0.000,0.028) (0.000,0.060) 
 47      106    (0)    1 :  0.131 0.192 0.531 0.090 0.024 0.032     (0.000,0.486) (0.000,0.721) (0.000,1.000) (0.000,0.933) (0.000,0.176) (0.000,0.217) 
 48      108    (0)    1 :  0.008 0.876 0.026 0.017 0.010 0.061     (0.000,0.050) (0.488,1.000) (0.000,0.181) (0.000,0.103) (0.000,0.067) (0.000,0.392) 
 49      109    (0)    1 :  0.009 0.949 0.011 0.009 0.015 0.007     (0.000,0.054) (0.755,1.000) (0.000,0.067) (0.000,0.042) (0.000,0.106) (0.000,0.036) 
 50      112    (0)    1 :  0.010 0.014 0.668 0.138 0.125 0.044     (0.000,0.058) (0.000,0.087) (0.000,1.000) (0.000,0.951) (0.000,0.566) (0.000,0.311) 
 51      115    (0)    1 :  0.014 0.033 0.014 0.193 0.014 0.733     (0.000,0.085) (0.000,0.240) (0.000,0.080) (0.000,0.997) (0.000,0.079) (0.000,1.000) 
 52      116    (0)    1 :  0.013 0.015 0.009 0.030 0.915 0.017     (0.000,0.083) (0.000,0.105) (0.000,0.051) (0.000,0.159) (0.605,1.000) (0.000,0.119) 
 53      117    (0)    1 :  0.378 0.026 0.029 0.234 0.317 0.016     (0.000,0.981) (0.000,0.175) (0.000,0.216) (0.000,0.996) (0.000,0.972) (0.000,0.106) 
 54      129    (0)    1 :  0.038 0.006 0.004 0.008 0.938 0.007     (0.000,0.260) (0.000,0.032) (0.000,0.021) (0.000,0.043) (0.696,1.000) (0.000,0.042) 
 55      132    (0)    1 :  0.027 0.106 0.058 0.556 0.010 0.243     (0.000,0.196) (0.000,0.651) (0.000,0.429) (0.000,1.000) (0.000,0.054) (0.000,0.989) 
 56      133    (0)    1 :  0.011 0.857 0.104 0.015 0.005 0.007     (0.000,0.068) (0.006,1.000) (0.000,0.896) (0.000,0.084) (0.000,0.029) (0.000,0.037) 
 57      137    (6)    1 :  0.018 0.018 0.914 0.027 0.011 0.012     (0.000,0.117) (0.000,0.120) (0.599,1.000) (0.000,0.177) (0.000,0.063) (0.000,0.067) 
 58      139    (0)    1 :  0.012 0.017 0.911 0.014 0.018 0.028     (0.000,0.085) (0.000,0.098) (0.607,1.000) (0.000,0.077) (0.000,0.125) (0.000,0.187) 
 59      140    (0)    1 :  0.012 0.953 0.015 0.008 0.006 0.006     (0.000,0.077) (0.765,1.000) (0.000,0.094) (0.000,0.037) (0.000,0.034) (0.000,0.035) 
 60      142    (0)    1 :  0.016 0.012 0.942 0.017 0.006 0.007     (0.000,0.108) (0.000,0.071) (0.716,1.000) (0.000,0.089) (0.000,0.029) (0.000,0.037) 
 61      144    (0)    1 :  0.006 0.975 0.005 0.004 0.004 0.005     (0.000,0.036) (0.874,1.000) (0.000,0.027) (0.000,0.023) (0.000,0.024) (0.000,0.028) 
 62      145    (0)    1 :  0.009 0.016 0.922 0.039 0.005 0.008     (0.000,0.052) (0.000,0.108) (0.626,1.000) (0.000,0.145) (0.000,0.028) (0.000,0.044) 
 63      147    (0)    1 :  0.004 0.964 0.012 0.005 0.008 0.006     (0.000,0.024) (0.826,1.000) (0.000,0.063) (0.000,0.026) (0.000,0.049) (0.000,0.033) 
 64      160    (0)    1 :  0.009 0.004 0.006 0.739 0.229 0.012     (0.000,0.053) (0.000,0.024) (0.000,0.034) (0.000,1.000) (0.000,1.000) (0.000,0.061) 
 65     162*    (0)    1 :  0.004 0.005 0.006 0.008 0.972 0.005     (0.000,0.023) (0.000,0.027) (0.000,0.032) (0.000,0.048) (0.860,1.000) (0.000,0.024) 
 66      166    (0)    1 :  0.031 0.644 0.243 0.060 0.008 0.014     (0.000,0.218) (0.000,1.000) (0.000,1.000) (0.000,0.551) (0.000,0.049) (0.000,0.074) 
 67      177    (0)    1 :  0.004 0.004 0.976 0.005 0.005 0.005     (0.000,0.025) (0.000,0.023) (0.881,1.000) (0.000,0.028) (0.000,0.031) (0.000,0.024) 
 68      178    (0)    1 :  0.009 0.092 0.821 0.041 0.019 0.019     (0.000,0.053) (0.000,0.451) (0.426,1.000) (0.000,0.299) (0.000,0.131) (0.000,0.124) 
 69      186    (0)    1 :  0.976 0.004 0.004 0.005 0.006 0.005     (0.879,1.000) (0.000,0.023) (0.000,0.024) (0.000,0.028) (0.000,0.030) (0.000,0.025) 
 70      189    (0)    1 :  0.008 0.004 0.010 0.010 0.962 0.007     (0.000,0.049) (0.000,0.020) (0.000,0.058) (0.000,0.057) (0.809,1.000) (0.000,0.034) 
 71      190    (0)    1 :  0.036 0.012 0.013 0.061 0.864 0.015     (0.000,0.254) (0.000,0.074) (0.000,0.083) (0.000,0.426) (0.453,1.000) (0.000,0.101) 
 72      191    (0)    1 :  0.551 0.047 0.036 0.031 0.322 0.012     (0.000,0.999) (0.000,0.313) (0.000,0.268) (0.000,0.225) (0.000,0.968) (0.000,0.072) 
 73      193    (0)    1 :  0.044 0.024 0.848 0.058 0.012 0.014     (0.000,0.306) (0.000,0.168) (0.218,1.000) (0.000,0.434) (0.000,0.071) (0.000,0.084) 
 74      202    (0)    1 :  0.010 0.009 0.014 0.548 0.370 0.049     (0.000,0.061) (0.000,0.055) (0.000,0.092) (0.000,1.000) (0.000,0.984) (0.000,0.328) 
 75      204    (0)    1 :  0.036 0.004 0.003 0.006 0.946 0.004     (0.000,0.256) (0.000,0.023) (0.000,0.019) (0.000,0.035) (0.709,1.000) (0.000,0.023) 
 76      211    (0)    1 :  0.010 0.403 0.072 0.464 0.015 0.035     (0.000,0.064) (0.000,1.000) (0.000,0.466) (0.000,1.000) (0.000,0.095) (0.000,0.234) 
 77      216    (0)    1 :  0.005 0.927 0.036 0.021 0.005 0.006     (0.000,0.027) (0.654,1.000) (0.000,0.238) (0.000,0.141) (0.000,0.027) (0.000,0.035) 
 78      222    (0)    1 :  0.007 0.857 0.021 0.050 0.017 0.047     (0.000,0.040) (0.420,1.000) (0.000,0.147) (0.000,0.368) (0.000,0.108) (0.000,0.318) 
 79      224    (0)    1 :  0.017 0.011 0.010 0.022 0.929 0.012     (0.000,0.107) (0.000,0.065) (0.000,0.053) (0.000,0.124) (0.665,1.000) (0.000,0.068) 
 80      226    (0)    1 :  0.968 0.005 0.005 0.007 0.007 0.008     (0.841,1.000) (0.000,0.025) (0.000,0.029) (0.000,0.038) (0.000,0.042) (0.000,0.048) 
 81      229    (0)    1 :  0.012 0.058 0.065 0.073 0.757 0.035     (0.000,0.073) (0.000,0.376) (0.000,0.328) (0.000,0.480) (0.315,1.000) (0.000,0.256) 
 82      230    (0)    1 :  0.016 0.012 0.025 0.019 0.914 0.014     (0.000,0.110) (0.000,0.087) (0.000,0.177) (0.000,0.125) (0.647,1.000) (0.000,0.085) 
 83      232    (0)    1 :  0.097 0.032 0.141 0.474 0.227 0.029     (0.000,0.481) (0.000,0.232) (0.000,0.609) (0.000,0.999) (0.000,0.900) (0.000,0.196) 
 84      238    (0)    1 :  0.007 0.027 0.138 0.167 0.064 0.597     (0.000,0.038) (0.000,0.199) (0.000,0.583) (0.000,0.999) (0.000,0.394) (0.000,1.000) 
 85      242    (0)    1 :  0.006 0.008 0.004 0.007 0.006 0.968     (0.000,0.036) (0.000,0.047) (0.000,0.023) (0.000,0.031) (0.000,0.032) (0.845,1.000) 
 86      243    (0)    1 :  0.032 0.066 0.033 0.101 0.009 0.760     (0.000,0.241) (0.000,0.434) (0.000,0.232) (0.000,0.971) (0.000,0.051) (0.000,1.000) 
 87      244    (0)    1 :  0.007 0.011 0.151 0.119 0.012 0.702     (0.000,0.039) (0.000,0.067) (0.000,0.603) (0.000,0.990) (0.000,0.074) (0.000,1.000) 
 88      251    (0)    1 :  0.010 0.023 0.036 0.237 0.033 0.662     (0.000,0.057) (0.000,0.149) (0.000,0.264) (0.000,0.999) (0.000,0.243) (0.000,1.000) 
 89      266    (0)    1 :  0.012 0.028 0.635 0.121 0.017 0.188     (0.000,0.083) (0.000,0.203) (0.000,1.000) (0.000,0.939) (0.000,0.117) (0.000,0.676) 
 90      267    (0)    1 :  0.028 0.888 0.011 0.018 0.038 0.017     (0.000,0.208) (0.567,1.000) (0.000,0.067) (0.000,0.109) (0.000,0.255) (0.000,0.116) 
 91      268    (0)    1 :  0.008 0.792 0.150 0.034 0.006 0.010     (0.000,0.048) (0.000,1.000) (0.000,0.935) (0.000,0.251) (0.000,0.031) (0.000,0.057) 
 92      270    (0)    1 :  0.028 0.012 0.010 0.014 0.922 0.014     (0.000,0.201) (0.000,0.075) (0.000,0.062) (0.000,0.087) (0.640,1.000) (0.000,0.089) 
 93      276    (0)    1 :  0.436 0.086 0.085 0.045 0.329 0.019     (0.000,0.977) (0.000,0.502) (0.000,0.481) (0.000,0.330) (0.000,0.998) (0.000,0.120) 
 94      298    (6)    1 :  0.012 0.899 0.061 0.013 0.006 0.008     (0.000,0.080) (0.489,1.000) (0.000,0.429) (0.000,0.075) (0.000,0.031) (0.000,0.048) 
 95      306    (0)    1 :  0.011 0.230 0.554 0.158 0.007 0.041     (0.000,0.065) (0.000,0.863) (0.000,1.000) (0.000,0.994) (0.000,0.041) (0.000,0.285) 
 96      308    (0)    1 :  0.007 0.218 0.615 0.109 0.011 0.039     (0.000,0.041) (0.000,0.809) (0.000,1.000) (0.000,0.538) (0.000,0.067) (0.000,0.285) 
 97      311    (6)    1 :  0.011 0.538 0.081 0.158 0.027 0.185     (0.000,0.066) (0.000,1.000) (0.000,0.543) (0.000,0.994) (0.000,0.190) (0.000,0.962) 
 98      323    (0)    1 :  0.972 0.005 0.005 0.005 0.007 0.007     (0.859,1.000) (0.000,0.029) (0.000,0.025) (0.000,0.024) (0.000,0.036) (0.000,0.038) 
 99      327    (0)    1 :  0.015 0.017 0.008 0.209 0.734 0.017     (0.000,0.103) (0.000,0.114) (0.000,0.046) (0.000,0.895) (0.000,1.000) (0.000,0.111) 
100      334    (0)    1 :  0.005 0.042 0.015 0.081 0.009 0.849     (0.000,0.025) (0.000,0.289) (0.000,0.096) (0.000,0.962) (0.000,0.052) (0.000,1.000) 
101      338    (0)    1 :  0.020 0.826 0.055 0.072 0.012 0.015     (0.000,0.140) (0.016,1.000) (0.000,0.380) (0.000,0.614) (0.000,0.072) (0.000,0.087) 
102      341    (0)    1 :  0.962 0.005 0.008 0.009 0.007 0.009     (0.811,1.000) (0.000,0.025) (0.000,0.044) (0.000,0.053) (0.000,0.037) (0.000,0.055) 
103      346    (0)    1 :  0.015 0.017 0.856 0.094 0.009 0.010     (0.000,0.090) (0.000,0.090) (0.050,1.000) (0.000,0.785) (0.000,0.051) (0.000,0.051) 
104      348    (0)    1 :  0.007 0.795 0.157 0.017 0.008 0.017     (0.000,0.039) (0.006,1.000) (0.000,0.827) (0.000,0.062) (0.000,0.043) (0.000,0.108) 
105      351    (0)    1 :  0.016 0.017 0.026 0.111 0.010 0.821     (0.000,0.104) (0.000,0.116) (0.000,0.171) (0.000,0.913) (0.000,0.061) (0.000,1.000) 
106      362    (0)    1 :  0.029 0.006 0.005 0.017 0.937 0.006     (0.000,0.209) (0.000,0.030) (0.000,0.029) (0.000,0.108) (0.682,1.000) (0.000,0.030) 
107      364    (0)    1 :  0.010 0.012 0.016 0.015 0.005 0.942     (0.000,0.062) (0.000,0.076) (0.000,0.103) (0.000,0.086) (0.000,0.030) (0.720,1.000) 
108      366    (0)    1 :  0.012 0.027 0.011 0.049 0.039 0.863     (0.000,0.072) (0.000,0.192) (0.000,0.065) (0.000,0.305) (0.000,0.288) (0.375,1.000) 
109      376    (0)    1 :  0.909 0.007 0.027 0.024 0.025 0.007     (0.626,1.000) (0.000,0.040) (0.000,0.186) (0.000,0.175) (0.000,0.178) (0.000,0.038) 
110      377    (6)    1 :  0.033 0.078 0.030 0.544 0.291 0.024     (0.000,0.224) (0.000,0.460) (0.000,0.188) (0.000,1.000) (0.000,0.988) (0.000,0.152) 
111      378    (0)    1 :  0.012 0.010 0.021 0.775 0.176 0.006     (0.000,0.074) (0.000,0.053) (0.000,0.139) (0.000,1.000) (0.000,0.999) (0.000,0.029) 
112      388    (0)    1 :  0.009 0.931 0.011 0.026 0.010 0.013     (0.000,0.051) (0.672,1.000) (0.000,0.067) (0.000,0.184) (0.000,0.065) (0.000,0.077) 
113      391    (0)    1 :  0.489 0.028 0.038 0.414 0.016 0.015     (0.000,0.908) (0.000,0.205) (0.000,0.288) (0.000,0.971) (0.000,0.092) (0.000,0.084) 
114      401    (0)    1 :  0.107 0.014 0.214 0.097 0.337 0.231     (0.000,0.600) (0.000,0.086) (0.000,0.668) (0.000,0.892) (0.000,0.762) (0.000,0.810) 
115      406    (0)    1 :  0.108 0.663 0.089 0.084 0.011 0.045     (0.000,0.582) (0.000,1.000) (0.000,0.683) (0.000,0.712) (0.000,0.065) (0.000,0.322) 
116      412    (6)    1 :  0.027 0.707 0.131 0.093 0.022 0.020     (0.000,0.190) (0.000,1.000) (0.000,0.958) (0.000,0.743) (0.000,0.145) (0.000,0.119) 
117      413    (0)    1 :  0.005 0.023 0.893 0.038 0.017 0.024     (0.000,0.026) (0.000,0.168) (0.498,1.000) (0.000,0.197) (0.000,0.116) (0.000,0.170) 
118      421    (0)    1 :  0.030 0.046 0.164 0.124 0.597 0.039     (0.000,0.215) (0.000,0.331) (0.000,0.623) (0.000,0.955) (0.000,1.000) (0.000,0.294) 
119      423    (0)    1 :  0.015 0.048 0.041 0.112 0.719 0.065     (0.000,0.096) (0.000,0.351) (0.000,0.302) (0.000,0.958) (0.000,1.000) (0.000,0.448) 
120      424    (0)    1 :  0.365 0.080 0.289 0.209 0.010 0.047     (0.000,0.996) (0.000,0.523) (0.000,0.985) (0.000,0.996) (0.000,0.055) (0.000,0.343) 
121      426    (0)    1 :  0.026 0.017 0.027 0.754 0.160 0.017     (0.000,0.182) (0.000,0.108) (0.000,0.193) (0.000,1.000) (0.000,0.956) (0.000,0.112) 
122      430   (12)    1 :  0.055 0.116 0.706 0.092 0.019 0.012     (0.000,0.401) (0.000,0.603) (0.000,1.000) (0.000,0.811) (0.000,0.123) (0.000,0.071) 
123      435    (0)    1 :  0.004 0.031 0.933 0.022 0.005 0.005     (0.000,0.024) (0.000,0.217) (0.661,1.000) (0.000,0.129) (0.000,0.029) (0.000,0.024) 
124      476    (0)    1 :  0.814 0.006 0.026 0.022 0.105 0.027     (0.406,1.000) (0.000,0.035) (0.000,0.183) (0.000,0.157) (0.000,0.515) (0.000,0.188) 
125      478    (0)    1 :  0.737 0.011 0.007 0.019 0.196 0.030     (0.366,1.000) (0.000,0.072) (0.000,0.038) (0.000,0.124) (0.000,0.587) (0.000,0.218) 
126      484    (0)    1 :  0.011 0.943 0.024 0.011 0.006 0.006     (0.000,0.074) (0.725,1.000) (0.000,0.137) (0.000,0.064) (0.000,0.031) (0.000,0.030) 
127      489    (0)    1 :  0.014 0.103 0.029 0.712 0.129 0.012     (0.000,0.082) (0.000,0.531) (0.000,0.174) (0.000,1.000) (0.000,0.940) (0.000,0.062) 
128      493    (0)    1 :  0.007 0.007 0.009 0.019 0.012 0.946     (0.000,0.043) (0.000,0.040) (0.000,0.050) (0.000,0.103) (0.000,0.082) (0.750,1.000) 
129      494    (0)    1 :  0.013 0.006 0.009 0.059 0.018 0.897     (0.000,0.081) (0.000,0.034) (0.000,0.050) (0.000,0.399) (0.000,0.122) (0.493,1.000) 
130      500    (0)    1 :  0.019 0.004 0.004 0.012 0.954 0.007     (0.000,0.131) (0.000,0.022) (0.000,0.021) (0.000,0.060) (0.774,1.000) (0.000,0.036) 
131      504    (0)    1 :  0.007 0.904 0.009 0.023 0.035 0.022     (0.000,0.042) (0.632,1.000) (0.000,0.050) (0.000,0.162) (0.000,0.237) (0.000,0.152) 
132      506    (0)    1 :  0.013 0.903 0.005 0.010 0.063 0.006     (0.000,0.079) (0.582,1.000) (0.000,0.027) (0.000,0.061) (0.000,0.372) (0.000,0.034) 


Estimated Allele Frequencies in each cluster
First column gives estimated ancestral frequencies


Locus 1 : Rsu3 
3 alleles
0.0% missing data
 164   (0.530) 0.496 0.507 0.485 0.546 0.630 0.568 
 166   (0.253) 0.115 0.446 0.309 0.318 0.097 0.203 
 170   (0.216) 0.389 0.047 0.206 0.136 0.273 0.229 

Locus 2 : Rsu5 
5 alleles
0.0% missing data
 137   (0.731) 0.965 0.611 0.797 0.832 0.952 0.675 
 135   (0.091) 0.021 0.017 0.058 0.088 0.010 0.109 
 139   (0.104) 0.008 0.010 0.082 0.062 0.032 0.177 
 133   (0.025) 0.002 0.002 0.003 0.006 0.002 0.024 
 131   (0.050) 0.003 0.360 0.060 0.012 0.004 0.016 

Locus 3 : Scv1 
5 alleles
0.0% missing data
 181   (0.541) 0.942 0.355 0.344 0.635 0.649 0.659 
 179   (0.189) 0.024 0.179 0.265 0.128 0.121 0.177 
 177   (0.114) 0.018 0.234 0.098 0.188 0.019 0.064 
 185   (0.127) 0.014 0.230 0.289 0.040 0.209 0.064 
 171   (0.030) 0.002 0.003 0.004 0.009 0.002 0.035 

Locus 4 : Rsu4 
9 alleles
0.0% missing data
 267   (0.191) 0.144 0.127 0.061 0.083 0.278 0.281 
 263   (0.333) 0.491 0.357 0.486 0.652 0.280 0.278 
 259   (0.053) 0.248 0.005 0.007 0.040 0.195 0.017 
 287   (0.182) 0.098 0.246 0.142 0.141 0.200 0.134 
 275   (0.040) 0.003 0.004 0.012 0.011 0.003 0.102 
 279   (0.071) 0.006 0.008 0.181 0.028 0.010 0.081 
 283   (0.066) 0.005 0.247 0.104 0.017 0.005 0.044 
 291   (0.037) 0.003 0.004 0.005 0.021 0.027 0.025 
 271   (0.027) 0.002 0.003 0.003 0.007 0.002 0.038 

Locus 5 : Rsu6 
5 alleles
0.0% missing data
 120   (0.268) 0.283 0.178 0.231 0.435 0.284 0.230 
 126   (0.596) 0.590 0.808 0.751 0.510 0.462 0.628 
 124   (0.080) 0.123 0.008 0.011 0.042 0.234 0.055 
 130   (0.032) 0.002 0.003 0.004 0.007 0.002 0.079 
 114   (0.024) 0.002 0.002 0.003 0.006 0.017 0.008 

Locus 6 : Scv12 
3 alleles
0.8% missing data
 198   (0.586) 0.694 0.451 0.732 0.472 0.331 0.716 
 196   (0.252) 0.280 0.497 0.169 0.286 0.190 0.155 
 200   (0.162) 0.025 0.052 0.098 0.242 0.479 0.129 

Locus 7 : Scv23 
3 alleles
0.8% missing data
 158   (0.513) 0.369 0.657 0.586 0.509 0.711 0.468 
 164   (0.196) 0.431 0.167 0.042 0.159 0.063 0.263 
 160   (0.291) 0.200 0.177 0.372 0.333 0.226 0.269 

Locus 8 : Scv13 
5 alleles
0.0% missing data
 182   (0.722) 0.790 0.889 0.682 0.914 0.919 0.695 
 180   (0.090) 0.176 0.009 0.014 0.032 0.061 0.109 
 172   (0.080) 0.006 0.085 0.186 0.022 0.006 0.060 
 184   (0.067) 0.025 0.013 0.015 0.019 0.010 0.113 
 174   (0.041) 0.003 0.004 0.103 0.012 0.004 0.023 

Locus 9 : Scv32 
18 alleles
0.0% missing data
 236   (0.033) 0.002 0.003 0.005 0.011 0.003 0.117 
 238   (0.055) 0.005 0.118 0.037 0.045 0.004 0.037 
 234   (0.129) 0.335 0.189 0.595 0.131 0.028 0.063 
 246   (0.051) 0.295 0.006 0.013 0.026 0.163 0.016 
 248   (0.086) 0.007 0.020 0.012 0.281 0.168 0.140 
 262   (0.100) 0.012 0.082 0.064 0.110 0.262 0.062 
 232   (0.179) 0.173 0.318 0.093 0.055 0.121 0.329 
 250   (0.027) 0.004 0.003 0.004 0.199 0.022 0.009 
 228   (0.026) 0.002 0.002 0.004 0.008 0.002 0.032 
 220   (0.039) 0.072 0.003 0.005 0.018 0.186 0.014 
 264   (0.059) 0.054 0.009 0.052 0.037 0.005 0.053 
 252   (0.048) 0.004 0.064 0.059 0.013 0.018 0.016 
 254   (0.044) 0.003 0.091 0.038 0.019 0.004 0.027 
 242   (0.026) 0.002 0.002 0.003 0.007 0.002 0.038 
 266   (0.028) 0.002 0.048 0.004 0.008 0.002 0.011 
 244   (0.030) 0.002 0.037 0.004 0.020 0.006 0.011 
 226   (0.019) 0.025 0.002 0.002 0.005 0.002 0.006 
 240   (0.022) 0.002 0.002 0.004 0.005 0.002 0.019 

Locus 10 : Scv8 
6 alleles
0.0% missing data
 200   (0.618) 0.829 0.689 0.469 0.785 0.706 0.658 
 202   (0.094) 0.007 0.077 0.070 0.031 0.008 0.152 
 194   (0.094) 0.150 0.010 0.149 0.049 0.093 0.041 
 204   (0.049) 0.004 0.005 0.008 0.087 0.050 0.027 
 198   (0.073) 0.006 0.008 0.020 0.030 0.139 0.085 
 188   (0.071) 0.005 0.212 0.284 0.018 0.006 0.036 

Locus 11 : Scv9 
5 alleles
0.0% missing data
 198   (0.310) 0.426 0.363 0.543 0.490 0.145 0.222 
 200   (0.347) 0.352 0.236 0.111 0.318 0.548 0.491 
 196   (0.273) 0.050 0.391 0.261 0.173 0.301 0.264 
 204   (0.046) 0.171 0.006 0.064 0.014 0.004 0.015 
 202   (0.024) 0.002 0.003 0.021 0.006 0.002 0.007 

Locus 12 : Rsu1 
6 alleles
0.0% missing data
 189   (0.302) 0.496 0.159 0.253 0.146 0.061 0.492 
 185   (0.269) 0.186 0.737 0.246 0.128 0.225 0.203 
 177   (0.082) 0.009 0.043 0.042 0.024 0.130 0.048 
 181   (0.248) 0.062 0.052 0.447 0.627 0.238 0.225 
 193   (0.054) 0.032 0.005 0.007 0.063 0.256 0.018 
 197   (0.046) 0.215 0.004 0.005 0.012 0.091 0.014 

Locus 13 : Scv14 
7 alleles
4.5% missing data
 196   (0.532) 0.927 0.559 0.670 0.756 0.805 0.457 
 198   (0.095) 0.008 0.062 0.088 0.070 0.008 0.121 
 194   (0.144) 0.020 0.047 0.172 0.085 0.056 0.194 
 202   (0.155) 0.038 0.325 0.050 0.055 0.121 0.188 
 204   (0.024) 0.002 0.002 0.003 0.007 0.002 0.021 
 190   (0.024) 0.002 0.002 0.003 0.020 0.007 0.009 
 200   (0.024) 0.002 0.002 0.014 0.007 0.002 0.011 

Locus 14 : Scv16 
7 alleles
0.0% missing data
 182   (0.389) 0.205 0.404 0.617 0.645 0.581 0.287 
 184   (0.415) 0.764 0.518 0.219 0.300 0.278 0.525 
 188   (0.066) 0.021 0.006 0.008 0.017 0.130 0.122 
 200   (0.024) 0.002 0.002 0.003 0.006 0.002 0.023 
 198   (0.046) 0.003 0.046 0.089 0.017 0.004 0.015 
 190   (0.037) 0.003 0.021 0.061 0.010 0.003 0.012 
 186   (0.023) 0.002 0.002 0.004 0.006 0.002 0.018 

Locus 15 : Scv31 
15 alleles
3.0% missing data
 193   (0.121) 0.014 0.208 0.029 0.473 0.083 0.099 
 201   (0.109) 0.012 0.049 0.014 0.080 0.071 0.198 
 187   (0.084) 0.249 0.095 0.011 0.057 0.295 0.030 
 207   (0.033) 0.386 0.003 0.004 0.008 0.015 0.010 
 195   (0.073) 0.018 0.165 0.029 0.051 0.105 0.025 
 185   (0.166) 0.235 0.271 0.328 0.081 0.021 0.146 
 189   (0.066) 0.005 0.006 0.007 0.099 0.016 0.192 
 205   (0.023) 0.002 0.002 0.003 0.006 0.002 0.019 
 191   (0.127) 0.064 0.018 0.510 0.090 0.317 0.062 
 197   (0.031) 0.004 0.132 0.004 0.009 0.008 0.010 
 199   (0.061) 0.004 0.039 0.048 0.016 0.005 0.066 
 203   (0.029) 0.002 0.003 0.003 0.007 0.002 0.060 
 209   (0.027) 0.002 0.003 0.004 0.008 0.002 0.037 
 213   (0.027) 0.002 0.003 0.003 0.007 0.002 0.038 
 181   (0.025) 0.002 0.003 0.003 0.008 0.053 0.008 

Locus 16 : Scv6 
8 alleles
0.0% missing data
 191   (0.105) 0.008 0.021 0.013 0.158 0.193 0.182 
 195   (0.372) 0.693 0.556 0.270 0.507 0.448 0.307 
 197   (0.212) 0.249 0.222 0.289 0.220 0.319 0.124 
 201   (0.078) 0.006 0.009 0.110 0.033 0.006 0.149 
 205   (0.027) 0.002 0.002 0.003 0.006 0.002 0.042 
 193   (0.091) 0.007 0.130 0.141 0.027 0.009 0.107 
 199   (0.089) 0.034 0.057 0.170 0.043 0.020 0.051 
 181   (0.026) 0.002 0.002 0.003 0.006 0.002 0.039 

Values of parameters used in structure:
DATAFILE=M:\STRUCTURE\Squirrel_132_ID_16L_20250816\project_data,	OUTFILE=M:\STRUCTURE\Squirrel_132_ID_16L_20250816\10k_Burnin_100k_MCMC\Results\10k_Burnin_100k_MCMC_run_132,	NUMINDS=132,	NUMLOCI=16,	MISSING=-9,	LABEL=1,	POPDATA=1,	POPFLAG=0,	PHENOTYPE=0,	EXTRACOLS=1,	MAXPOPS=6,	BURNIN=10000,	NUMREPS=100000,	USEPOPINFO=0,	INFERALPHA=1,	INFERLAMBDA=1,	POPSPECIFICLAMBDA=0,	POPALPHAS=0,	COMPUTEPROB=1,	NOADMIX=0,	ADMBURNIN=2500,	UPDATEFREQ=1,	PRINTLIKES=0,	INTERMEDSAVE=0,	PRINTKLD=0,	PRINTNET=0,	PRINTLAMBDA=0,	ANCESTDIST=1,	NUMBOXES=1000,	ANCESTPINT=0.90000,	GENSBACK=2,	MIGRPRIOR=0.05000,	PRINTQHAT=1,	PRINTQSUM=0,	ALPHA=1.0000,	FREQSCORR=1,	FPRIORMEAN=0.0100,	FPRIORSD=0.0500,	ONEFST=0,	LAMBDA=1.0000,	UNIFPRIORALPHA=1,	ALPHAMAX=10.0000,	ALPHAPRIORA=1.0000,	ALPHAPRIORB=2.0000,	ALPHAPROPSD=0.0250,	STARTATPOPINFO=0,	RANDOMIZE=1,	LINKAGE=0,	METROFREQ=10,	REPORTHITRATE=0,	MARKOVPHASE=-1,	PHASED=0,	PLOIDY=2,	PHASEINFO=0	LOCPRIOR=0, 	LOCPRIORINIT=1.000000, 	LOCDATA=0, 	LOCISPOP=0, 	LOCPRIORSTEP=0.100000, 	MAXLOCPRIOR=20.000000, 	SEED=1763748620,	
[STRAT parameters]:    NUMSIMSTATS=1000,	PHENOTYPECOL=-9,	POOLFREQ=10,	LOCUSxONLY=0,	EMERROR=0.00100,	MISSINGPHENO=-9,	