          1*  1 0.0061 0.0158 0.0130 0.0350 0.7328 0.0100 0.0161 0.1713 
           3  1 0.0053 0.0079 0.0079 0.0060 0.0061 0.0067 0.9526 0.0074 
           6  1 0.0129 0.0176 0.0136 0.0147 0.0067 0.0241 0.8740 0.0363 
           8  1 0.0044 0.0214 0.0947 0.0385 0.0147 0.8110 0.0085 0.0067 
          10  1 0.0060 0.0039 0.0054 0.8673 0.0079 0.0952 0.0081 0.0062 
          11  1 0.0570 0.0116 0.1307 0.0303 0.5308 0.0505 0.0471 0.1421 
          12  1 0.0053 0.0060 0.0080 0.9499 0.0051 0.0083 0.0062 0.0111 
          16  1 0.0064 0.0061 0.0087 0.0125 0.0071 0.0191 0.9326 0.0076 
          18  1 0.0045 0.0071 0.0105 0.0070 0.9470 0.0089 0.0097 0.0054 
          19  1 0.1038 0.0302 0.0270 0.0141 0.6789 0.0371 0.0180 0.0909 
          21  1 0.0089 0.0065 0.0116 0.0100 0.0073 0.0322 0.9135 0.0101 
          23  1 0.0277 0.0133 0.0890 0.5761 0.0110 0.0276 0.0120 0.2434 
          24  1 0.0577 0.0099 0.0144 0.5589 0.1475 0.1337 0.0171 0.0608 
          25  1 0.0070 0.0081 0.0376 0.6317 0.0144 0.0506 0.0398 0.2108 
         26*  1 0.0054 0.0058 0.0092 0.2605 0.0194 0.5288 0.1570 0.0140 
          28  1 0.0070 0.0074 0.0624 0.3819 0.0090 0.4155 0.1009 0.0158 
          29  1 0.0065 0.0056 0.0071 0.8828 0.0144 0.0708 0.0061 0.0066 
          30  1 0.0076 0.2905 0.0120 0.2149 0.0199 0.3183 0.1046 0.0322 
          33  1 0.0531 0.0119 0.0071 0.0060 0.8553 0.0054 0.0069 0.0543 
          37  1 0.0105 0.0060 0.0097 0.0288 0.9123 0.0081 0.0128 0.0119 
          38  1 0.0060 0.0047 0.0073 0.0160 0.9328 0.0162 0.0104 0.0065 
          43  1 0.0081 0.0063 0.0126 0.8135 0.0096 0.1056 0.0313 0.0130 
          44  1 0.0069 0.0588 0.1989 0.0083 0.0116 0.3336 0.3715 0.0103 
          48  1 0.0045 0.0062 0.0085 0.0075 0.9459 0.0061 0.0156 0.0057 
          55  1 0.0134 0.0202 0.1251 0.0145 0.0150 0.5149 0.2355 0.0614 
          59  1 0.0047 0.0066 0.0055 0.0044 0.0075 0.0065 0.9577 0.0070 
          60  1 0.0177 0.0146 0.0772 0.0441 0.0139 0.0049 0.0097 0.8179 
          61  1 0.5319 0.0656 0.1080 0.0086 0.0126 0.0114 0.0189 0.2430 
          62  1 0.1254 0.0172 0.6327 0.0468 0.0196 0.0100 0.0167 0.1316 
          65  1 0.0151 0.0241 0.0097 0.0087 0.8983 0.0127 0.0058 0.0257 
          73  1 0.0062 0.7700 0.0265 0.1223 0.0088 0.0096 0.0062 0.0504 
          75  1 0.9086 0.0417 0.0070 0.0054 0.0125 0.0088 0.0090 0.0069 
          76  1 0.9378 0.0061 0.0122 0.0116 0.0053 0.0054 0.0070 0.0146 
          77  1 0.8801 0.0051 0.0175 0.0095 0.0081 0.0052 0.0081 0.0664 
          78  1 0.3554 0.5076 0.0401 0.0160 0.0182 0.0116 0.0087 0.0423 
          79  1 0.8348 0.0798 0.0297 0.0057 0.0161 0.0080 0.0061 0.0199 
          84  1 0.0174 0.0215 0.1125 0.0957 0.0157 0.1000 0.5788 0.0584 
          85  1 0.0081 0.0143 0.1855 0.0087 0.0131 0.7421 0.0141 0.0142 
          86  1 0.0153 0.0220 0.1295 0.0202 0.0233 0.7627 0.0077 0.0192 
          89  1 0.0243 0.0097 0.1869 0.1870 0.0218 0.0130 0.4911 0.0662 
          94  1 0.0067 0.0050 0.0132 0.9115 0.0310 0.0107 0.0136 0.0083 
          95  1 0.0060 0.0089 0.0077 0.0057 0.0115 0.0147 0.9309 0.0145 
          96  1 0.0061 0.0054 0.0091 0.0097 0.0053 0.9549 0.0047 0.0049 
          98  1 0.0275 0.1216 0.1171 0.0109 0.0079 0.0072 0.0063 0.7015 
         102  1 0.0135 0.0121 0.0204 0.0336 0.8069 0.0064 0.0382 0.0690 
         105  1 0.0042 0.9637 0.0056 0.0049 0.0069 0.0046 0.0053 0.0049 
         106  1 0.4363 0.1228 0.2275 0.0056 0.0284 0.0148 0.1063 0.0583 
         108  1 0.0315 0.8255 0.0102 0.0106 0.0642 0.0101 0.0080 0.0399 
         109  1 0.0482 0.6415 0.0267 0.0098 0.0122 0.0246 0.0141 0.2228 
         112  1 0.1346 0.0115 0.4568 0.0433 0.0356 0.0989 0.0129 0.2065 
         115  1 0.0213 0.0286 0.0146 0.0885 0.6611 0.0113 0.0177 0.1568 
         116  1 0.0064 0.0227 0.2261 0.0201 0.0216 0.6812 0.0141 0.0079 
         117  1 0.0232 0.0174 0.0182 0.3858 0.0163 0.1969 0.2982 0.0441 
         129  1 0.0043 0.0052 0.0131 0.0123 0.0089 0.8792 0.0693 0.0077 
         132  1 0.0161 0.0170 0.0450 0.1915 0.0839 0.0075 0.0243 0.6147 
         133  1 0.0426 0.1203 0.1084 0.0078 0.0066 0.0047 0.0078 0.7018 
         137  1 0.5311 0.0103 0.0674 0.0217 0.0153 0.0113 0.0175 0.3253 
         139  1 0.9216 0.0106 0.0099 0.0097 0.0140 0.0155 0.0096 0.0092 
         140  1 0.0344 0.7654 0.0284 0.0059 0.0105 0.0097 0.0209 0.1248 
         142  1 0.5924 0.0120 0.2544 0.0155 0.0103 0.0061 0.0351 0.0742 
         144  1 0.0056 0.9602 0.0063 0.0043 0.0051 0.0037 0.0069 0.0080 
         145  1 0.0767 0.0094 0.7706 0.0048 0.0075 0.0045 0.0071 0.1194 
         147  1 0.0388 0.9041 0.0215 0.0053 0.0085 0.0080 0.0046 0.0092 
         160  1 0.0057 0.0048 0.0061 0.9496 0.0086 0.0088 0.0100 0.0064 
        162*  1 0.0066 0.0054 0.0087 0.0104 0.0052 0.9534 0.0049 0.0054 
         166  1 0.0292 0.0399 0.0801 0.0065 0.0071 0.0079 0.0212 0.8081 
         177  1 0.9653 0.0039 0.0060 0.0048 0.0043 0.0053 0.0047 0.0058 
         178  1 0.8038 0.0382 0.0158 0.0435 0.0145 0.0153 0.0100 0.0590 
         186  1 0.0047 0.0046 0.0051 0.0068 0.0052 0.0060 0.9620 0.0057 
         189  1 0.0084 0.0040 0.2222 0.0183 0.0084 0.7231 0.0099 0.0057 
         190  1 0.0149 0.0104 0.0249 0.1172 0.0179 0.7336 0.0473 0.0337 
         191  1 0.0173 0.0328 0.2819 0.0215 0.0102 0.1352 0.4869 0.0142 
         193  1 0.0572 0.0105 0.7519 0.0109 0.0110 0.0077 0.0314 0.1193 
         202  1 0.0113 0.0123 0.0547 0.3963 0.0528 0.3804 0.0098 0.0824 
         204  1 0.0039 0.0052 0.0066 0.0090 0.0048 0.9239 0.0419 0.0047 
         211  1 0.0527 0.1676 0.0378 0.1682 0.0265 0.0178 0.0120 0.5174 
         216  1 0.0320 0.5856 0.0150 0.0157 0.0072 0.0053 0.0052 0.3340 
         222  1 0.0102 0.5136 0.3828 0.0057 0.0306 0.0097 0.0094 0.0380 
         224  1 0.0076 0.0142 0.3004 0.0247 0.0152 0.6064 0.0232 0.0082 
         226  1 0.0055 0.0042 0.0058 0.0048 0.0085 0.0088 0.9510 0.0114 
         229  1 0.0284 0.0413 0.0798 0.1094 0.0366 0.6373 0.0098 0.0573 
         230  1 0.0456 0.0145 0.0166 0.0300 0.0128 0.8483 0.0187 0.0135 
         232  1 0.0565 0.0189 0.2083 0.4192 0.0257 0.1073 0.0696 0.0945 
         238  1 0.1404 0.0231 0.0412 0.0094 0.5793 0.0924 0.0072 0.1071 
         242  1 0.0043 0.0090 0.0077 0.0044 0.9300 0.0057 0.0070 0.0319 
         243  1 0.0306 0.0209 0.0250 0.0116 0.6836 0.0098 0.0285 0.1900 
         244  1 0.2202 0.0092 0.0165 0.0115 0.6336 0.0131 0.0072 0.0887 
         251  1 0.0183 0.0161 0.0998 0.1052 0.6225 0.0248 0.0090 0.1042 
         266  1 0.5514 0.0140 0.0184 0.0137 0.1533 0.0266 0.0124 0.2103 
         267  1 0.0172 0.6126 0.0155 0.0134 0.0245 0.0744 0.0348 0.2076 
         268  1 0.3369 0.2072 0.0174 0.0467 0.0110 0.0054 0.0077 0.3678 
         270  1 0.0087 0.0172 0.1081 0.0369 0.0254 0.7267 0.0629 0.0140 
         276  1 0.0547 0.0619 0.2000 0.0471 0.0177 0.1470 0.4014 0.0701 
         298  1 0.1145 0.7430 0.0166 0.0156 0.0124 0.0067 0.0204 0.0709 
         306  1 0.0179 0.0166 0.2850 0.0073 0.0139 0.0058 0.0086 0.6448 
         308  1 0.3760 0.2072 0.2105 0.0751 0.0382 0.0090 0.0073 0.0768 
         311  1 0.0161 0.1014 0.3646 0.0166 0.1121 0.0302 0.0097 0.3493 
         323  1 0.0052 0.0066 0.0059 0.0050 0.0082 0.0085 0.9546 0.0061 
         327  1 0.0074 0.0107 0.0296 0.3139 0.0209 0.5583 0.0194 0.0398 
         334  1 0.0133 0.0256 0.0326 0.0107 0.8161 0.0121 0.0053 0.0843 
         338  1 0.0234 0.2555 0.2996 0.0242 0.0185 0.0188 0.0209 0.3391 
         341  1 0.0066 0.0053 0.0102 0.0071 0.0116 0.0079 0.9312 0.0201 
         346  1 0.3728 0.0069 0.0611 0.0393 0.0090 0.0086 0.0118 0.4905 
         348  1 0.2562 0.5239 0.1201 0.0082 0.0308 0.0099 0.0091 0.0419 
         351  1 0.0158 0.0099 0.0296 0.0467 0.5977 0.0084 0.0188 0.2731 
         362  1 0.0058 0.0065 0.0083 0.0398 0.0071 0.8890 0.0357 0.0078 
         364  1 0.0106 0.0099 0.0207 0.0124 0.8934 0.0057 0.0106 0.0367 
         366  1 0.0112 0.0255 0.0113 0.0142 0.8152 0.0611 0.0123 0.0492 
         376  1 0.0199 0.0066 0.0327 0.0275 0.0086 0.0223 0.8574 0.0249 
         377  1 0.0098 0.0406 0.5666 0.1720 0.0129 0.1262 0.0331 0.0389 
         378  1 0.0120 0.0084 0.0166 0.9220 0.0055 0.0067 0.0114 0.0174 
         388  1 0.0125 0.5007 0.0373 0.0268 0.0196 0.0135 0.0099 0.3796 
         391  1 0.0103 0.0216 0.1185 0.1984 0.0134 0.0075 0.3946 0.2357 
         401  1 0.1902 0.0096 0.0528 0.0155 0.1884 0.3963 0.0691 0.0780 
         406  1 0.0253 0.1023 0.1545 0.0158 0.0356 0.0108 0.0774 0.5782 
         412  1 0.0162 0.0551 0.2988 0.0254 0.0164 0.0167 0.0191 0.5523 
         413  1 0.0981 0.0185 0.7099 0.0087 0.0489 0.0138 0.0041 0.0979 
         421  1 0.0223 0.0157 0.5355 0.0201 0.0175 0.3138 0.0265 0.0486 
         423  1 0.0080 0.0290 0.5691 0.0129 0.0329 0.3051 0.0205 0.0224 
         424  1 0.0167 0.0186 0.3418 0.0213 0.0240 0.0106 0.1466 0.4204 
         426  1 0.0193 0.0146 0.0546 0.7822 0.0216 0.0293 0.0242 0.0542 
         430  1 0.0614 0.0183 0.3461 0.0191 0.0088 0.0175 0.0367 0.4921 
         435  1 0.4764 0.0376 0.3884 0.0131 0.0054 0.0055 0.0050 0.0687 
         476  1 0.0284 0.0070 0.0276 0.0167 0.0300 0.1178 0.7536 0.0189 
         478  1 0.0067 0.0086 0.0723 0.0192 0.0270 0.1435 0.7041 0.0186 
         484  1 0.0292 0.5676 0.0281 0.0105 0.0074 0.0071 0.0157 0.3343 
         489  1 0.0079 0.0507 0.5811 0.2716 0.0095 0.0146 0.0112 0.0534 
         493  1 0.0080 0.0064 0.0131 0.0116 0.9264 0.0142 0.0076 0.0127 
         494  1 0.0093 0.0077 0.0184 0.0303 0.8831 0.0155 0.0135 0.0224 
         500  1 0.0047 0.0040 0.0126 0.0084 0.0077 0.9394 0.0176 0.0056 
         504  1 0.0158 0.6453 0.0170 0.0700 0.0293 0.0577 0.0101 0.1548 
         506  1 0.0052 0.8508 0.0080 0.0106 0.0061 0.0916 0.0109 0.0167 
