

----------------------------------------------------
STRUCTURE by Pritchard, Stephens and Donnelly (2000)
     and Falush, Stephens and Pritchard (2003)
       Code by Pritchard, Falush and Hubisz
             Version 2.3.4 (Jul 2012)
----------------------------------------------------



Command line arguments:   bin\structure -m M:\STRUCTURE\Squirrel_132_ID_16L_20250816\10k_Burnin_100k_MCMC\mainparams -e M:\STRUCTURE\Squirrel_132_ID_16L_20250816\10k_Burnin_100k_MCMC\extraparams 
Input File:    M:\STRUCTURE\Squirrel_132_ID_16L_20250816\project_data

Run parameters:
   132 individuals
   16 loci
   3 populations assumed
   10000 Burn-in period
   100000 Reps


--------------------------------------------
Proportion of membership of each pre-defined
 population in each of the 3 clusters

Given    Inferred Clusters       Number of
 Pop       1      2      3      Individuals

  1:     0.390  0.212  0.398      132
--------------------------------------------

Allele-freq. divergence among pops (Net nucleotide distance),
computed using point estimates of P.

      1       2       3      
 1      -    0.0383  0.0457  
 2   0.0383     -    0.0345  
 3   0.0457  0.0345     -    

Average distances (expected heterozygosity) between individuals in same cluster:
cluster  1  : 0.5997 
cluster  2  : 0.6431 
cluster  3  : 0.5523 

--------------------------------------------
Estimated Ln Prob of Data   = -4968.6
Mean value of ln likelihood = -4860.4
Variance of ln likelihood   = 216.5
Mean value of alpha         = 0.0424

Mean value of lambda        = 1.0519

Mean value of Fst_1         = 0.1315
Mean value of Fst_2         = 0.0272
Mean value of Fst_3         = 0.1476


Inferred ancestry of individuals:
        Label (%Miss) Pop:  Inferred clusters (and 90% probability intervals)
  1       1*    (0)    1 :  0.023 0.963 0.014     (0.000,0.169) (0.758,1.000) (0.000,0.088) 
  2        3    (0)    1 :  0.013 0.037 0.950     (0.000,0.078) (0.000,0.216) (0.706,1.000) 
  3        6    (0)    1 :  0.026 0.007 0.966     (0.000,0.192) (0.000,0.040) (0.775,1.000) 
  4        8    (0)    1 :  0.006 0.011 0.984     (0.000,0.032) (0.000,0.061) (0.899,1.000) 
  5       10    (0)    1 :  0.005 0.009 0.986     (0.000,0.028) (0.000,0.038) (0.924,1.000) 
  6       11    (0)    1 :  0.030 0.887 0.083     (0.000,0.222) (0.287,1.000) (0.000,0.594) 
  7       12    (0)    1 :  0.015 0.020 0.965     (0.000,0.078) (0.000,0.104) (0.803,1.000) 
  8       16    (6)    1 :  0.007 0.012 0.981     (0.000,0.039) (0.000,0.068) (0.883,1.000) 
  9       18    (0)    1 :  0.005 0.987 0.008     (0.000,0.026) (0.922,1.000) (0.000,0.042) 
 10       19    (0)    1 :  0.032 0.945 0.023     (0.000,0.218) (0.651,1.000) (0.000,0.159) 
 11       21    (6)    1 :  0.010 0.011 0.979     (0.000,0.060) (0.000,0.062) (0.869,1.000) 
 12       23    (6)    1 :  0.366 0.026 0.608     (0.000,1.000) (0.000,0.157) (0.000,1.000) 
 13       24    (6)    1 :  0.027 0.304 0.669     (0.000,0.191) (0.000,1.000) (0.000,1.000) 
 14       25    (6)    1 :  0.079 0.044 0.878     (0.000,0.459) (0.000,0.296) (0.438,1.000) 
 15      26*    (0)    1 :  0.004 0.015 0.981     (0.000,0.024) (0.000,0.097) (0.881,1.000) 
 16       28    (0)    1 :  0.005 0.006 0.988     (0.000,0.030) (0.000,0.033) (0.929,1.000) 
 17       29    (0)    1 :  0.006 0.014 0.981     (0.000,0.030) (0.000,0.067) (0.894,1.000) 
 18       30    (0)    1 :  0.126 0.056 0.819     (0.000,0.588) (0.000,0.416) (0.178,1.000) 
 19       33    (0)    1 :  0.022 0.973 0.005     (0.000,0.151) (0.831,1.000) (0.000,0.027) 
 20       37    (0)    1 :  0.007 0.980 0.013     (0.000,0.041) (0.877,1.000) (0.000,0.074) 
 21       38    (0)    1 :  0.004 0.980 0.016     (0.000,0.023) (0.881,1.000) (0.000,0.098) 
 22       43    (0)    1 :  0.006 0.016 0.977     (0.000,0.035) (0.000,0.099) (0.863,1.000) 
 23       44    (0)    1 :  0.014 0.015 0.972     (0.000,0.088) (0.000,0.075) (0.822,1.000) 
 24       48    (0)    1 :  0.005 0.987 0.008     (0.000,0.026) (0.925,1.000) (0.000,0.042) 
 25       55    (0)    1 :  0.017 0.009 0.973     (0.000,0.117) (0.000,0.050) (0.827,1.000) 
 26       59    (0)    1 :  0.011 0.444 0.545     (0.000,0.064) (0.000,1.000) (0.000,1.000) 
 27       60    (0)    1 :  0.938 0.051 0.011     (0.625,1.000) (0.000,0.339) (0.000,0.063) 
 28       61    (0)    1 :  0.983 0.008 0.008     (0.896,1.000) (0.000,0.046) (0.000,0.046) 
 29       62    (0)    1 :  0.959 0.019 0.022     (0.745,1.000) (0.000,0.104) (0.000,0.123) 
 30       65    (0)    1 :  0.019 0.973 0.008     (0.000,0.133) (0.830,1.000) (0.000,0.047) 
 31       73    (0)    1 :  0.953 0.013 0.034     (0.709,1.000) (0.000,0.084) (0.000,0.244) 
 32       75    (0)    1 :  0.957 0.034 0.009     (0.728,1.000) (0.000,0.249) (0.000,0.050) 
 33       76    (0)    1 :  0.988 0.005 0.007     (0.923,1.000) (0.000,0.028) (0.000,0.039) 
 34       77    (0)    1 :  0.974 0.018 0.008     (0.846,1.000) (0.000,0.102) (0.000,0.043) 
 35       78    (0)    1 :  0.983 0.009 0.007     (0.902,1.000) (0.000,0.047) (0.000,0.039) 
 36       79    (0)    1 :  0.979 0.017 0.005     (0.865,1.000) (0.000,0.113) (0.000,0.025) 
 37       84    (0)    1 :  0.035 0.012 0.953     (0.000,0.261) (0.000,0.071) (0.699,1.000) 
 38       85    (0)    1 :  0.015 0.030 0.955     (0.000,0.094) (0.000,0.200) (0.714,1.000) 
 39       86    (0)    1 :  0.032 0.053 0.915     (0.000,0.243) (0.000,0.374) (0.512,1.000) 
 40       89    (0)    1 :  0.072 0.062 0.866     (0.000,0.499) (0.000,0.448) (0.175,1.000) 
 41       94    (0)    1 :  0.007 0.220 0.773     (0.000,0.036) (0.000,1.000) (0.000,1.000) 
 42       95    (0)    1 :  0.017 0.540 0.443     (0.000,0.106) (0.000,1.000) (0.000,1.000) 
 43       96    (0)    1 :  0.007 0.006 0.987     (0.000,0.038) (0.000,0.030) (0.923,1.000) 
 44       98    (0)    1 :  0.982 0.009 0.009     (0.891,1.000) (0.000,0.049) (0.000,0.049) 
 45      102    (0)    1 :  0.020 0.963 0.017     (0.000,0.142) (0.766,1.000) (0.000,0.114) 
 46      105    (0)    1 :  0.974 0.018 0.008     (0.836,1.000) (0.000,0.122) (0.000,0.048) 
 47      106    (0)    1 :  0.875 0.088 0.036     (0.325,1.000) (0.000,0.635) (0.000,0.223) 
 48      108    (0)    1 :  0.933 0.054 0.013     (0.608,1.000) (0.000,0.365) (0.000,0.083) 
 49      109    (0)    1 :  0.961 0.010 0.029     (0.756,1.000) (0.000,0.048) (0.000,0.212) 
 50      112    (0)    1 :  0.636 0.104 0.259     (0.000,1.000) (0.000,0.806) (0.000,1.000) 
 51      115    (0)    1 :  0.034 0.931 0.035     (0.000,0.233) (0.563,1.000) (0.000,0.238) 
 52      116    (0)    1 :  0.015 0.030 0.955     (0.000,0.096) (0.000,0.207) (0.718,1.000) 
 53      117    (0)    1 :  0.014 0.008 0.978     (0.000,0.088) (0.000,0.042) (0.859,1.000) 
 54      129    (0)    1 :  0.004 0.006 0.989     (0.000,0.022) (0.000,0.034) (0.938,1.000) 
 55      132    (0)    1 :  0.552 0.399 0.049     (0.000,1.000) (0.000,1.000) (0.000,0.370) 
 56      133    (0)    1 :  0.986 0.008 0.006     (0.914,1.000) (0.000,0.040) (0.000,0.035) 
 57      137    (6)    1 :  0.967 0.015 0.018     (0.795,1.000) (0.000,0.082) (0.000,0.111) 
 58      139    (0)    1 :  0.911 0.070 0.019     (0.500,1.000) (0.000,0.466) (0.000,0.130) 
 59      140    (0)    1 :  0.982 0.010 0.008     (0.892,1.000) (0.000,0.051) (0.000,0.045) 
 60      142    (0)    1 :  0.982 0.009 0.009     (0.887,1.000) (0.000,0.049) (0.000,0.051) 
 61      144    (0)    1 :  0.987 0.008 0.005     (0.920,1.000) (0.000,0.043) (0.000,0.029) 
 62      145    (0)    1 :  0.984 0.006 0.009     (0.905,1.000) (0.000,0.033) (0.000,0.053) 
 63      147    (0)    1 :  0.986 0.008 0.007     (0.911,1.000) (0.000,0.042) (0.000,0.039) 
 64      160    (0)    1 :  0.007 0.041 0.953     (0.000,0.036) (0.000,0.187) (0.764,1.000) 
 65     162*    (0)    1 :  0.007 0.006 0.987     (0.000,0.040) (0.000,0.030) (0.920,1.000) 
 66      166    (0)    1 :  0.984 0.009 0.007     (0.900,1.000) (0.000,0.045) (0.000,0.039) 
 67      177    (0)    1 :  0.982 0.009 0.009     (0.883,1.000) (0.000,0.055) (0.000,0.054) 
 68      178    (0)    1 :  0.977 0.009 0.014     (0.852,1.000) (0.000,0.048) (0.000,0.089) 
 69      186    (0)    1 :  0.008 0.014 0.978     (0.000,0.045) (0.000,0.080) (0.865,1.000) 
 70      189    (0)    1 :  0.007 0.009 0.984     (0.000,0.037) (0.000,0.050) (0.901,1.000) 
 71      190    (0)    1 :  0.008 0.009 0.983     (0.000,0.043) (0.000,0.050) (0.894,1.000) 
 72      191    (0)    1 :  0.018 0.008 0.974     (0.000,0.120) (0.000,0.044) (0.832,1.000) 
 73      193    (0)    1 :  0.944 0.013 0.043     (0.655,1.000) (0.000,0.074) (0.000,0.277) 
 74      202    (0)    1 :  0.025 0.147 0.828     (0.000,0.178) (0.000,0.946) (0.006,1.000) 
 75      204    (0)    1 :  0.004 0.005 0.991     (0.000,0.020) (0.000,0.024) (0.949,1.000) 
 76      211    (0)    1 :  0.943 0.029 0.028     (0.654,1.000) (0.000,0.156) (0.000,0.207) 
 77      216    (0)    1 :  0.989 0.006 0.005     (0.934,1.000) (0.000,0.030) (0.000,0.027) 
 78      222    (0)    1 :  0.934 0.055 0.011     (0.561,1.000) (0.000,0.411) (0.000,0.059) 
 79      224    (0)    1 :  0.012 0.015 0.973     (0.000,0.075) (0.000,0.085) (0.831,1.000) 
 80      226    (0)    1 :  0.009 0.564 0.428     (0.000,0.048) (0.000,1.000) (0.000,1.000) 
 81      229    (0)    1 :  0.030 0.036 0.934     (0.000,0.220) (0.000,0.245) (0.609,1.000) 
 82      230    (0)    1 :  0.024 0.028 0.949     (0.000,0.157) (0.000,0.168) (0.730,1.000) 
 83      232    (0)    1 :  0.083 0.027 0.890     (0.000,0.480) (0.000,0.171) (0.456,1.000) 
 84      238    (0)    1 :  0.120 0.861 0.018     (0.000,0.628) (0.348,1.000) (0.000,0.123) 
 85      242    (0)    1 :  0.006 0.988 0.005     (0.000,0.036) (0.928,1.000) (0.000,0.029) 
 86      243    (0)    1 :  0.062 0.922 0.016     (0.000,0.411) (0.556,1.000) (0.000,0.104) 
 87      244    (0)    1 :  0.056 0.931 0.012     (0.000,0.371) (0.606,1.000) (0.000,0.080) 
 88      251    (0)    1 :  0.049 0.902 0.048     (0.000,0.362) (0.458,1.000) (0.000,0.363) 
 89      266    (0)    1 :  0.685 0.298 0.018     (0.000,1.000) (0.000,1.000) (0.000,0.117) 
 90      267    (0)    1 :  0.918 0.029 0.053     (0.571,1.000) (0.000,0.209) (0.000,0.349) 
 91      268    (0)    1 :  0.984 0.008 0.007     (0.907,1.000) (0.000,0.041) (0.000,0.041) 
 92      270    (0)    1 :  0.009 0.016 0.974     (0.000,0.057) (0.000,0.097) (0.843,1.000) 
 93      276    (0)    1 :  0.046 0.012 0.942     (0.000,0.350) (0.000,0.069) (0.618,1.000) 
 94      298    (6)    1 :  0.985 0.008 0.007     (0.906,1.000) (0.000,0.045) (0.000,0.038) 
 95      306    (0)    1 :  0.983 0.012 0.006     (0.898,1.000) (0.000,0.064) (0.000,0.031) 
 96      308    (0)    1 :  0.975 0.016 0.009     (0.841,1.000) (0.000,0.105) (0.000,0.050) 
 97      311    (6)    1 :  0.776 0.204 0.020     (0.000,1.000) (0.000,1.000) (0.000,0.132) 
 98      323    (0)    1 :  0.014 0.465 0.521     (0.000,0.089) (0.000,1.000) (0.000,1.000) 
 99      327    (0)    1 :  0.008 0.010 0.982     (0.000,0.046) (0.000,0.057) (0.885,1.000) 
100      334    (0)    1 :  0.036 0.956 0.008     (0.000,0.260) (0.716,1.000) (0.000,0.045) 
101      338    (0)    1 :  0.968 0.014 0.018     (0.799,1.000) (0.000,0.077) (0.000,0.109) 
102      341    (0)    1 :  0.041 0.450 0.510     (0.000,0.285) (0.000,1.000) (0.000,1.000) 
103      346    (0)    1 :  0.972 0.010 0.018     (0.827,1.000) (0.000,0.051) (0.000,0.106) 
104      348    (0)    1 :  0.981 0.012 0.007     (0.884,1.000) (0.000,0.068) (0.000,0.039) 
105      351    (0)    1 :  0.029 0.953 0.018     (0.000,0.195) (0.701,1.000) (0.000,0.116) 
106      362    (0)    1 :  0.005 0.006 0.989     (0.000,0.028) (0.000,0.030) (0.932,1.000) 
107      364    (0)    1 :  0.015 0.978 0.007     (0.000,0.095) (0.861,1.000) (0.000,0.038) 
108      366    (0)    1 :  0.025 0.945 0.030     (0.000,0.170) (0.655,1.000) (0.000,0.221) 
109      376    (0)    1 :  0.012 0.013 0.975     (0.000,0.067) (0.000,0.077) (0.843,1.000) 
110      377    (6)    1 :  0.225 0.041 0.734     (0.000,0.998) (0.000,0.270) (0.000,1.000) 
111      378    (0)    1 :  0.026 0.009 0.964     (0.000,0.162) (0.000,0.039) (0.794,1.000) 
112      388    (0)    1 :  0.965 0.017 0.018     (0.773,1.000) (0.000,0.109) (0.000,0.122) 
113      391    (0)    1 :  0.562 0.122 0.316     (0.000,1.000) (0.000,0.913) (0.000,1.000) 
114      401    (0)    1 :  0.091 0.413 0.495     (0.000,0.514) (0.000,1.000) (0.000,1.000) 
115      406    (0)    1 :  0.908 0.069 0.023     (0.319,1.000) (0.000,0.568) (0.000,0.152) 
116      412    (6)    1 :  0.944 0.020 0.037     (0.639,1.000) (0.000,0.096) (0.000,0.251) 
117      413    (0)    1 :  0.960 0.028 0.012     (0.751,1.000) (0.000,0.198) (0.000,0.065) 
118      421    (0)    1 :  0.147 0.061 0.793     (0.000,0.621) (0.000,0.419) (0.314,1.000) 
119      423    (0)    1 :  0.101 0.267 0.632     (0.000,0.610) (0.000,1.000) (0.000,1.000) 
120      424    (0)    1 :  0.918 0.052 0.029     (0.467,1.000) (0.000,0.375) (0.000,0.171) 
121      426    (0)    1 :  0.034 0.017 0.950     (0.000,0.244) (0.000,0.099) (0.674,1.000) 
122      430   (12)    1 :  0.966 0.008 0.026     (0.791,1.000) (0.000,0.045) (0.000,0.163) 
123      435    (0)    1 :  0.988 0.005 0.007     (0.929,1.000) (0.000,0.024) (0.000,0.038) 
124      476    (0)    1 :  0.011 0.112 0.877     (0.000,0.067) (0.000,0.568) (0.422,1.000) 
125      478    (0)    1 :  0.007 0.014 0.978     (0.000,0.039) (0.000,0.079) (0.872,1.000) 
126      484    (0)    1 :  0.986 0.007 0.007     (0.915,1.000) (0.000,0.038) (0.000,0.039) 
127      489    (0)    1 :  0.515 0.036 0.449     (0.000,1.000) (0.000,0.217) (0.000,1.000) 
128      493    (0)    1 :  0.007 0.985 0.008     (0.000,0.041) (0.905,1.000) (0.000,0.045) 
129      494    (0)    1 :  0.007 0.977 0.016     (0.000,0.036) (0.856,1.000) (0.000,0.105) 
130      500    (0)    1 :  0.004 0.009 0.987     (0.000,0.021) (0.000,0.043) (0.928,1.000) 
131      504    (0)    1 :  0.890 0.048 0.062     (0.519,1.000) (0.000,0.307) (0.000,0.379) 
132      506    (0)    1 :  0.879 0.012 0.109     (0.456,1.000) (0.000,0.064) (0.000,0.527) 


Estimated Allele Frequencies in each cluster
First column gives estimated ancestral frequencies


Locus 1 : Rsu3 
3 alleles
0.0% missing data
 164   (0.518) 0.483 0.530 0.610 
 166   (0.223) 0.393 0.193 0.144 
 170   (0.259) 0.124 0.277 0.246 

Locus 2 : Rsu5 
5 alleles
0.0% missing data
 137   (0.697) 0.703 0.704 0.945 
 135   (0.101) 0.052 0.099 0.019 
 139   (0.134) 0.040 0.158 0.032 
 133   (0.027) 0.002 0.022 0.001 
 131   (0.040) 0.203 0.017 0.002 

Locus 3 : Scv1 
5 alleles
0.0% missing data
 181   (0.575) 0.353 0.659 0.754 
 179   (0.174) 0.213 0.160 0.094 
 177   (0.098) 0.193 0.068 0.038 
 185   (0.120) 0.239 0.079 0.112 
 171   (0.034) 0.002 0.035 0.002 

Locus 4 : Rsu4 
9 alleles
0.0% missing data
 267   (0.222) 0.083 0.275 0.182 
 263   (0.305) 0.447 0.288 0.444 
 259   (0.035) 0.002 0.015 0.200 
 287   (0.160) 0.207 0.140 0.137 
 275   (0.056) 0.007 0.081 0.003 
 279   (0.089) 0.080 0.091 0.011 
 283   (0.060) 0.169 0.045 0.003 
 291   (0.040) 0.003 0.030 0.017 
 271   (0.033) 0.002 0.034 0.002 

Locus 5 : Rsu6 
5 alleles
0.0% missing data
 120   (0.253) 0.223 0.231 0.330 
 126   (0.590) 0.766 0.612 0.508 
 124   (0.085) 0.006 0.084 0.151 
 130   (0.044) 0.003 0.061 0.002 
 114   (0.027) 0.002 0.012 0.010 

Locus 6 : Scv12 
3 alleles
0.8% missing data
 198   (0.634) 0.594 0.712 0.425 
 196   (0.207) 0.336 0.158 0.256 
 200   (0.159) 0.070 0.129 0.319 

Locus 7 : Scv23 
3 alleles
0.8% missing data
 158   (0.475) 0.624 0.456 0.568 
 164   (0.244) 0.124 0.266 0.179 
 160   (0.281) 0.252 0.278 0.252 

Locus 8 : Scv13 
5 alleles
0.0% missing data
 182   (0.696) 0.814 0.689 0.894 
 180   (0.098) 0.006 0.114 0.086 
 172   (0.073) 0.123 0.062 0.004 
 184   (0.083) 0.012 0.100 0.013 
 174   (0.050) 0.045 0.035 0.003 

Locus 9 : Scv32 
18 alleles
0.0% missing data
 236   (0.046) 0.003 0.093 0.003 
 238   (0.044) 0.090 0.033 0.003 
 234   (0.103) 0.370 0.075 0.150 
 246   (0.051) 0.010 0.034 0.180 
 248   (0.109) 0.028 0.136 0.159 
 262   (0.087) 0.068 0.070 0.164 
 232   (0.200) 0.197 0.294 0.108 
 250   (0.037) 0.008 0.020 0.072 
 228   (0.026) 0.002 0.032 0.001 
 220   (0.034) 0.002 0.019 0.123 
 264   (0.057) 0.043 0.054 0.010 
 252   (0.037) 0.057 0.017 0.009 
 254   (0.037) 0.067 0.026 0.002 
 242   (0.028) 0.002 0.033 0.002 
 266   (0.027) 0.027 0.013 0.001 
 244   (0.032) 0.022 0.016 0.007 
 226   (0.022) 0.001 0.016 0.004 
 240   (0.023) 0.002 0.020 0.001 

Locus 10 : Scv8 
6 alleles
0.0% missing data
 200   (0.630) 0.604 0.681 0.760 
 202   (0.098) 0.075 0.120 0.005 
 194   (0.082) 0.076 0.046 0.104 
 204   (0.047) 0.003 0.033 0.054 
 198   (0.087) 0.011 0.084 0.073 
 188   (0.056) 0.231 0.036 0.003 

Locus 11 : Scv9 
5 alleles
0.0% missing data
 198   (0.270) 0.459 0.237 0.315 
 200   (0.376) 0.175 0.442 0.455 
 196   (0.256) 0.313 0.251 0.199 
 204   (0.072) 0.042 0.058 0.030 
 202   (0.026) 0.010 0.012 0.001 

Locus 12 : Rsu1 
6 alleles
0.0% missing data
 189   (0.353) 0.210 0.449 0.186 
 185   (0.225) 0.486 0.194 0.187 
 177   (0.082) 0.037 0.056 0.071 
 181   (0.241) 0.260 0.226 0.303 
 193   (0.036) 0.002 0.016 0.164 
 197   (0.063) 0.004 0.060 0.089 

Locus 13 : Scv14 
7 alleles
4.5% missing data
 196   (0.496) 0.620 0.493 0.846 
 198   (0.089) 0.092 0.099 0.005 
 194   (0.155) 0.095 0.174 0.053 
 202   (0.180) 0.184 0.183 0.083 
 204   (0.026) 0.002 0.021 0.002 
 190   (0.027) 0.002 0.014 0.008 
 200   (0.027) 0.006 0.016 0.002 

Locus 14 : Scv16 
7 alleles
0.0% missing data
 182   (0.322) 0.494 0.283 0.538 
 184   (0.472) 0.394 0.546 0.380 
 188   (0.088) 0.006 0.101 0.076 
 200   (0.026) 0.002 0.021 0.001 
 198   (0.033) 0.065 0.014 0.002 
 190   (0.031) 0.038 0.014 0.002 
 186   (0.027) 0.002 0.021 0.001 

Locus 15 : Scv31 
15 alleles
3.0% missing data
 193   (0.123) 0.147 0.110 0.162 
 201   (0.114) 0.025 0.159 0.060 
 187   (0.069) 0.049 0.040 0.244 
 207   (0.042) 0.003 0.027 0.140 
 195   (0.058) 0.099 0.029 0.062 
 185   (0.153) 0.306 0.181 0.052 
 189   (0.090) 0.006 0.153 0.035 
 205   (0.025) 0.002 0.021 0.001 
 191   (0.110) 0.258 0.079 0.194 
 197   (0.040) 0.056 0.019 0.014 
 199   (0.056) 0.040 0.057 0.003 
 203   (0.033) 0.002 0.046 0.002 
 209   (0.030) 0.002 0.034 0.002 
 213   (0.030) 0.002 0.034 0.002 
 181   (0.027) 0.002 0.012 0.028 

Locus 16 : Scv6 
8 alleles
0.0% missing data
 191   (0.130) 0.014 0.159 0.146 
 195   (0.373) 0.456 0.373 0.499 
 197   (0.161) 0.237 0.118 0.307 
 201   (0.099) 0.055 0.132 0.006 
 205   (0.033) 0.002 0.035 0.002 
 193   (0.091) 0.127 0.096 0.006 
 199   (0.081) 0.106 0.053 0.032 
 181   (0.033) 0.002 0.035 0.002 

Values of parameters used in structure:
DATAFILE=M:\STRUCTURE\Squirrel_132_ID_16L_20250816\project_data,	OUTFILE=M:\STRUCTURE\Squirrel_132_ID_16L_20250816\10k_Burnin_100k_MCMC\Results\10k_Burnin_100k_MCMC_run_74,	NUMINDS=132,	NUMLOCI=16,	MISSING=-9,	LABEL=1,	POPDATA=1,	POPFLAG=0,	PHENOTYPE=0,	EXTRACOLS=1,	MAXPOPS=3,	BURNIN=10000,	NUMREPS=100000,	USEPOPINFO=0,	INFERALPHA=1,	INFERLAMBDA=1,	POPSPECIFICLAMBDA=0,	POPALPHAS=0,	COMPUTEPROB=1,	NOADMIX=0,	ADMBURNIN=2500,	UPDATEFREQ=1,	PRINTLIKES=0,	INTERMEDSAVE=0,	PRINTKLD=0,	PRINTNET=0,	PRINTLAMBDA=0,	ANCESTDIST=1,	NUMBOXES=1000,	ANCESTPINT=0.90000,	GENSBACK=2,	MIGRPRIOR=0.05000,	PRINTQHAT=1,	PRINTQSUM=0,	ALPHA=1.0000,	FREQSCORR=1,	FPRIORMEAN=0.0100,	FPRIORSD=0.0500,	ONEFST=0,	LAMBDA=1.0000,	UNIFPRIORALPHA=1,	ALPHAMAX=10.0000,	ALPHAPRIORA=1.0000,	ALPHAPRIORB=2.0000,	ALPHAPROPSD=0.0250,	STARTATPOPINFO=0,	RANDOMIZE=1,	LINKAGE=0,	METROFREQ=10,	REPORTHITRATE=0,	MARKOVPHASE=-1,	PHASED=0,	PLOIDY=2,	PHASEINFO=0	LOCPRIOR=0, 	LOCPRIORINIT=1.000000, 	LOCDATA=0, 	LOCISPOP=0, 	LOCPRIORSTEP=0.100000, 	MAXLOCPRIOR=20.000000, 	SEED=1763744413,	
[STRAT parameters]:    NUMSIMSTATS=1000,	PHENOTYPECOL=-9,	POOLFREQ=10,	LOCUSxONLY=0,	EMERROR=0.00100,	MISSINGPHENO=-9,	