

----------------------------------------------------
STRUCTURE by Pritchard, Stephens and Donnelly (2000)
     and Falush, Stephens and Pritchard (2003)
       Code by Pritchard, Falush and Hubisz
             Version 2.3.4 (Jul 2012)
----------------------------------------------------



Command line arguments:   bin\structure -m M:\STRUCTURE\Squirrel_132_ID_16L_20250816\10k_Burnin_100k_MCMC\mainparams -e M:\STRUCTURE\Squirrel_132_ID_16L_20250816\10k_Burnin_100k_MCMC\extraparams 
Input File:    M:\STRUCTURE\Squirrel_132_ID_16L_20250816\project_data

Run parameters:
   132 individuals
   16 loci
   5 populations assumed
   10000 Burn-in period
   100000 Reps


--------------------------------------------
Proportion of membership of each pre-defined
 population in each of the 5 clusters

Given    Inferred Clusters                     Number of
 Pop       1      2      3      4      5      Individuals

  1:     0.280  0.150  0.180  0.207  0.184      132
--------------------------------------------

Allele-freq. divergence among pops (Net nucleotide distance),
computed using point estimates of P.

      1       2       3       4       5      
 1      -    0.0663  0.0495  0.0712  0.0659  
 2   0.0663     -    0.0527  0.0816  0.0866  
 3   0.0495  0.0527     -    0.0501  0.0561  
 4   0.0712  0.0816  0.0501     -    0.0588  
 5   0.0659  0.0866  0.0561  0.0588     -    

Average distances (expected heterozygosity) between individuals in same cluster:
cluster  1  : 0.5477 
cluster  2  : 0.4818 
cluster  3  : 0.6435 
cluster  4  : 0.5698 
cluster  5  : 0.5819 

--------------------------------------------
Estimated Ln Prob of Data   = -4779.8
Mean value of ln likelihood = -4618.1
Variance of ln likelihood   = 323.5
Mean value of alpha         = 0.0436

Mean value of lambda        = 1.0336

Mean value of Fst_1         = 0.1615
Mean value of Fst_2         = 0.2554
Mean value of Fst_3         = 0.0454
Mean value of Fst_4         = 0.1670
Mean value of Fst_5         = 0.1478


Inferred ancestry of individuals:
        Label (%Miss) Pop:  Inferred clusters (and 90% probability intervals)
  1       1*    (0)    1 :  0.014 0.013 0.926 0.039 0.009     (0.000,0.087) (0.000,0.084) (0.622,1.000) (0.000,0.286) (0.000,0.047) 
  2        3    (0)    1 :  0.006 0.978 0.005 0.006 0.005     (0.000,0.030) (0.884,1.000) (0.000,0.027) (0.000,0.032) (0.000,0.027) 
  3        6    (0)    1 :  0.015 0.945 0.006 0.019 0.015     (0.000,0.093) (0.708,1.000) (0.000,0.031) (0.000,0.135) (0.000,0.092) 
  4        8    (0)    1 :  0.972 0.007 0.008 0.009 0.004     (0.847,1.000) (0.000,0.037) (0.000,0.045) (0.000,0.053) (0.000,0.021) 
  5       10    (0)    1 :  0.978 0.006 0.006 0.004 0.005     (0.884,1.000) (0.000,0.031) (0.000,0.031) (0.000,0.023) (0.000,0.028) 
  6       11    (0)    1 :  0.067 0.043 0.771 0.024 0.096     (0.000,0.424) (0.000,0.322) (0.000,1.000) (0.000,0.164) (0.000,0.664) 
  7       12    (0)    1 :  0.954 0.011 0.010 0.010 0.015     (0.759,1.000) (0.000,0.062) (0.000,0.059) (0.000,0.059) (0.000,0.085) 
  8       16    (6)    1 :  0.014 0.968 0.007 0.005 0.006     (0.000,0.080) (0.831,1.000) (0.000,0.036) (0.000,0.029) (0.000,0.031) 
  9       18    (0)    1 :  0.007 0.009 0.974 0.005 0.005     (0.000,0.042) (0.000,0.052) (0.857,1.000) (0.000,0.026) (0.000,0.025) 
 10       19    (0)    1 :  0.022 0.016 0.891 0.023 0.049     (0.000,0.150) (0.000,0.105) (0.486,1.000) (0.000,0.148) (0.000,0.344) 
 11       21    (6)    1 :  0.013 0.967 0.006 0.006 0.008     (0.000,0.087) (0.822,1.000) (0.000,0.029) (0.000,0.033) (0.000,0.047) 
 12       23    (6)    1 :  0.715 0.030 0.025 0.060 0.170     (0.000,1.000) (0.000,0.215) (0.000,0.165) (0.000,0.420) (0.000,0.818) 
 13       24    (6)    1 :  0.755 0.010 0.175 0.010 0.050     (0.078,1.000) (0.000,0.061) (0.000,0.821) (0.000,0.061) (0.000,0.321) 
 14       25    (6)    1 :  0.870 0.028 0.032 0.040 0.030     (0.480,1.000) (0.000,0.205) (0.000,0.223) (0.000,0.296) (0.000,0.219) 
 15      26*    (0)    1 :  0.920 0.061 0.010 0.004 0.004     (0.578,1.000) (0.000,0.395) (0.000,0.065) (0.000,0.023) (0.000,0.024) 
 16       28    (0)    1 :  0.940 0.041 0.006 0.006 0.007     (0.655,1.000) (0.000,0.306) (0.000,0.033) (0.000,0.036) (0.000,0.038) 
 17       29    (0)    1 :  0.976 0.005 0.008 0.005 0.006     (0.871,1.000) (0.000,0.029) (0.000,0.045) (0.000,0.026) (0.000,0.031) 
 18       30    (0)    1 :  0.504 0.113 0.024 0.352 0.007     (0.000,1.000) (0.000,0.671) (0.000,0.124) (0.000,0.815) (0.000,0.038) 
 19       33    (0)    1 :  0.004 0.006 0.956 0.011 0.023     (0.000,0.025) (0.000,0.034) (0.759,1.000) (0.000,0.067) (0.000,0.162) 
 20       37    (0)    1 :  0.012 0.013 0.961 0.006 0.008     (0.000,0.071) (0.000,0.083) (0.795,1.000) (0.000,0.032) (0.000,0.047) 
 21       38    (0)    1 :  0.016 0.009 0.966 0.004 0.004     (0.000,0.110) (0.000,0.055) (0.810,1.000) (0.000,0.021) (0.000,0.024) 
 22       43    (0)    1 :  0.968 0.009 0.010 0.005 0.008     (0.829,1.000) (0.000,0.050) (0.000,0.056) (0.000,0.028) (0.000,0.046) 
 23       44    (0)    1 :  0.363 0.501 0.023 0.088 0.025     (0.000,0.841) (0.125,0.899) (0.000,0.158) (0.000,0.499) (0.000,0.189) 
 24       48    (0)    1 :  0.007 0.012 0.971 0.005 0.004     (0.000,0.036) (0.000,0.077) (0.844,1.000) (0.000,0.029) (0.000,0.024) 
 25       55    (0)    1 :  0.554 0.383 0.015 0.032 0.017     (0.000,1.000) (0.000,1.000) (0.000,0.090) (0.000,0.231) (0.000,0.111) 
 26       59    (0)    1 :  0.005 0.980 0.006 0.005 0.004     (0.000,0.026) (0.890,1.000) (0.000,0.031) (0.000,0.028) (0.000,0.022) 
 27       60    (0)    1 :  0.015 0.027 0.163 0.499 0.296     (0.000,0.101) (0.000,0.194) (0.000,0.992) (0.000,1.000) (0.000,1.000) 
 28       61    (0)    1 :  0.008 0.015 0.009 0.041 0.928     (0.000,0.041) (0.000,0.095) (0.000,0.048) (0.000,0.300) (0.621,1.000) 
 29       62    (0)    1 :  0.017 0.014 0.018 0.026 0.924     (0.000,0.110) (0.000,0.085) (0.000,0.116) (0.000,0.183) (0.632,1.000) 
 30       65    (0)    1 :  0.009 0.005 0.954 0.022 0.010     (0.000,0.051) (0.000,0.027) (0.762,1.000) (0.000,0.159) (0.000,0.067) 
 31       73    (0)    1 :  0.031 0.007 0.011 0.945 0.007     (0.000,0.203) (0.000,0.039) (0.000,0.073) (0.735,1.000) (0.000,0.035) 
 32       75    (0)    1 :  0.008 0.010 0.029 0.045 0.907     (0.000,0.050) (0.000,0.067) (0.000,0.189) (0.000,0.317) (0.545,1.000) 
 33       76    (0)    1 :  0.005 0.005 0.004 0.007 0.978     (0.000,0.029) (0.000,0.026) (0.000,0.023) (0.000,0.041) (0.881,1.000) 
 34       77    (0)    1 :  0.005 0.006 0.008 0.006 0.975     (0.000,0.027) (0.000,0.035) (0.000,0.040) (0.000,0.034) (0.861,1.000) 
 35       78    (0)    1 :  0.012 0.008 0.014 0.815 0.151     (0.000,0.078) (0.000,0.043) (0.000,0.087) (0.004,1.000) (0.000,0.921) 
 36       79    (0)    1 :  0.005 0.004 0.012 0.045 0.934     (0.000,0.029) (0.000,0.022) (0.000,0.071) (0.000,0.312) (0.646,1.000) 
 37       84    (0)    1 :  0.191 0.708 0.018 0.032 0.051     (0.000,0.603) (0.306,1.000) (0.000,0.125) (0.000,0.240) (0.000,0.338) 
 38       85    (0)    1 :  0.943 0.013 0.020 0.015 0.010     (0.708,1.000) (0.000,0.078) (0.000,0.122) (0.000,0.105) (0.000,0.057) 
 39       86    (0)    1 :  0.933 0.007 0.018 0.027 0.015     (0.663,1.000) (0.000,0.038) (0.000,0.116) (0.000,0.199) (0.000,0.102) 
 40       89    (0)    1 :  0.113 0.644 0.060 0.040 0.142     (0.000,0.662) (0.002,1.000) (0.000,0.399) (0.000,0.286) (0.000,0.568) 
 41       94    (0)    1 :  0.902 0.012 0.075 0.005 0.007     (0.382,1.000) (0.000,0.068) (0.000,0.572) (0.000,0.026) (0.000,0.039) 
 42       95    (0)    1 :  0.008 0.967 0.010 0.008 0.006     (0.000,0.046) (0.822,1.000) (0.000,0.057) (0.000,0.049) (0.000,0.034) 
 43       96    (0)    1 :  0.979 0.005 0.005 0.005 0.006     (0.885,1.000) (0.000,0.029) (0.000,0.025) (0.000,0.027) (0.000,0.033) 
 44       98    (0)    1 :  0.009 0.008 0.008 0.877 0.098     (0.000,0.052) (0.000,0.047) (0.000,0.046) (0.001,1.000) (0.000,0.945) 
 45      102    (0)    1 :  0.010 0.033 0.930 0.011 0.016     (0.000,0.061) (0.000,0.239) (0.669,1.000) (0.000,0.075) (0.000,0.112) 
 46      105    (0)    1 :  0.005 0.006 0.009 0.976 0.005     (0.000,0.027) (0.000,0.032) (0.000,0.052) (0.870,1.000) (0.000,0.026) 
 47      106    (0)    1 :  0.015 0.167 0.029 0.190 0.598     (0.000,0.107) (0.000,0.556) (0.000,0.191) (0.000,0.722) (0.000,1.000) 
 48      108    (0)    1 :  0.009 0.008 0.060 0.900 0.023     (0.000,0.056) (0.000,0.045) (0.000,0.389) (0.532,1.000) (0.000,0.150) 
 49      109    (0)    1 :  0.010 0.008 0.006 0.964 0.011     (0.000,0.062) (0.000,0.049) (0.000,0.034) (0.810,1.000) (0.000,0.058) 
 50      112    (0)    1 :  0.140 0.011 0.039 0.016 0.795     (0.000,0.675) (0.000,0.061) (0.000,0.274) (0.000,0.096) (0.100,1.000) 
 51      115    (0)    1 :  0.026 0.013 0.913 0.036 0.012     (0.000,0.183) (0.000,0.083) (0.569,1.000) (0.000,0.269) (0.000,0.064) 
 52      116    (0)    1 :  0.905 0.027 0.031 0.024 0.013     (0.575,1.000) (0.000,0.191) (0.000,0.218) (0.000,0.180) (0.000,0.076) 
 53      117    (0)    1 :  0.582 0.348 0.014 0.023 0.032     (0.000,1.000) (0.000,0.998) (0.000,0.092) (0.000,0.159) (0.000,0.237) 
 54      129    (0)    1 :  0.940 0.043 0.007 0.005 0.004     (0.661,1.000) (0.000,0.311) (0.000,0.039) (0.000,0.028) (0.000,0.022) 
 55      132    (0)    1 :  0.046 0.030 0.563 0.264 0.097     (0.000,0.336) (0.000,0.226) (0.000,1.000) (0.000,0.967) (0.000,0.774) 
 56      133    (0)    1 :  0.006 0.010 0.007 0.848 0.129     (0.000,0.032) (0.000,0.061) (0.000,0.040) (0.000,1.000) (0.000,0.991) 
 57      137    (6)    1 :  0.012 0.016 0.011 0.019 0.942     (0.000,0.071) (0.000,0.099) (0.000,0.061) (0.000,0.121) (0.694,1.000) 
 58      139    (0)    1 :  0.016 0.012 0.035 0.016 0.922     (0.000,0.108) (0.000,0.079) (0.000,0.235) (0.000,0.097) (0.621,1.000) 
 59      140    (0)    1 :  0.005 0.012 0.006 0.965 0.012     (0.000,0.029) (0.000,0.071) (0.000,0.034) (0.812,1.000) (0.000,0.067) 
 60      142    (0)    1 :  0.006 0.015 0.007 0.010 0.961     (0.000,0.033) (0.000,0.096) (0.000,0.041) (0.000,0.062) (0.794,1.000) 
 61      144    (0)    1 :  0.004 0.006 0.005 0.980 0.005     (0.000,0.021) (0.000,0.032) (0.000,0.026) (0.893,1.000) (0.000,0.027) 
 62      145    (0)    1 :  0.006 0.009 0.007 0.016 0.962     (0.000,0.031) (0.000,0.050) (0.000,0.038) (0.000,0.106) (0.794,1.000) 
 63      147    (0)    1 :  0.006 0.004 0.007 0.973 0.010     (0.000,0.036) (0.000,0.024) (0.000,0.037) (0.859,1.000) (0.000,0.052) 
 64      160    (0)    1 :  0.961 0.010 0.015 0.006 0.008     (0.793,1.000) (0.000,0.059) (0.000,0.079) (0.000,0.030) (0.000,0.045) 
 65     162*    (0)    1 :  0.979 0.005 0.005 0.006 0.006     (0.885,1.000) (0.000,0.024) (0.000,0.024) (0.000,0.031) (0.000,0.033) 
 66      166    (0)    1 :  0.008 0.027 0.012 0.727 0.227     (0.000,0.044) (0.000,0.189) (0.000,0.065) (0.000,1.000) (0.000,1.000) 
 67      177    (0)    1 :  0.005 0.004 0.005 0.004 0.982     (0.000,0.030) (0.000,0.021) (0.000,0.024) (0.000,0.023) (0.900,1.000) 
 68      178    (0)    1 :  0.026 0.010 0.020 0.091 0.854     (0.000,0.187) (0.000,0.058) (0.000,0.142) (0.000,0.458) (0.472,1.000) 
 69      186    (0)    1 :  0.005 0.982 0.004 0.004 0.004     (0.000,0.029) (0.901,1.000) (0.000,0.023) (0.000,0.022) (0.000,0.023) 
 70      189    (0)    1 :  0.970 0.009 0.008 0.004 0.010     (0.834,1.000) (0.000,0.051) (0.000,0.044) (0.000,0.022) (0.000,0.055) 
 71      190    (0)    1 :  0.946 0.022 0.012 0.009 0.011     (0.728,1.000) (0.000,0.155) (0.000,0.078) (0.000,0.053) (0.000,0.069) 
 72      191    (0)    1 :  0.187 0.711 0.014 0.052 0.037     (0.000,0.765) (0.194,1.000) (0.000,0.083) (0.000,0.333) (0.000,0.279) 
 73      193    (0)    1 :  0.013 0.053 0.013 0.023 0.898     (0.000,0.079) (0.000,0.363) (0.000,0.082) (0.000,0.169) (0.517,1.000) 
 74      202    (0)    1 :  0.914 0.008 0.049 0.013 0.015     (0.602,1.000) (0.000,0.048) (0.000,0.327) (0.000,0.085) (0.000,0.101) 
 75      204    (0)    1 :  0.915 0.073 0.004 0.004 0.003     (0.489,1.000) (0.000,0.495) (0.000,0.023) (0.000,0.023) (0.000,0.017) 
 76      211    (0)    1 :  0.051 0.012 0.057 0.766 0.113     (0.000,0.338) (0.000,0.077) (0.000,0.408) (0.000,1.000) (0.000,0.922) 
 77      216    (0)    1 :  0.006 0.004 0.006 0.940 0.043     (0.000,0.033) (0.000,0.023) (0.000,0.035) (0.691,1.000) (0.000,0.274) 
 78      222    (0)    1 :  0.016 0.007 0.046 0.905 0.026     (0.000,0.094) (0.000,0.042) (0.000,0.317) (0.567,1.000) (0.000,0.180) 
 79      224    (0)    1 :  0.933 0.028 0.015 0.014 0.011     (0.652,1.000) (0.000,0.198) (0.000,0.088) (0.000,0.094) (0.000,0.061) 
 80      226    (0)    1 :  0.006 0.976 0.008 0.005 0.005     (0.000,0.032) (0.871,1.000) (0.000,0.045) (0.000,0.024) (0.000,0.030) 
 81      229    (0)    1 :  0.880 0.008 0.031 0.041 0.040     (0.530,1.000) (0.000,0.050) (0.000,0.225) (0.000,0.295) (0.000,0.251) 
 82      230    (0)    1 :  0.936 0.016 0.014 0.011 0.023     (0.700,1.000) (0.000,0.109) (0.000,0.084) (0.000,0.077) (0.000,0.160) 
 83      232    (0)    1 :  0.690 0.097 0.024 0.039 0.150     (0.207,1.000) (0.000,0.495) (0.000,0.154) (0.000,0.274) (0.000,0.643) 
 84      238    (0)    1 :  0.053 0.008 0.765 0.025 0.149     (0.000,0.363) (0.000,0.045) (0.210,1.000) (0.000,0.182) (0.000,0.604) 
 85      242    (0)    1 :  0.005 0.006 0.977 0.007 0.004     (0.000,0.027) (0.000,0.034) (0.876,1.000) (0.000,0.040) (0.000,0.022) 
 86      243    (0)    1 :  0.009 0.030 0.867 0.062 0.031     (0.000,0.053) (0.000,0.227) (0.456,1.000) (0.000,0.428) (0.000,0.221) 
 87      244    (0)    1 :  0.012 0.006 0.835 0.010 0.137     (0.000,0.078) (0.000,0.036) (0.405,1.000) (0.000,0.059) (0.000,0.572) 
 88      251    (0)    1 :  0.057 0.010 0.866 0.026 0.042     (0.000,0.392) (0.000,0.054) (0.423,1.000) (0.000,0.173) (0.000,0.301) 
 89      266    (0)    1 :  0.016 0.012 0.219 0.032 0.721     (0.000,0.108) (0.000,0.078) (0.000,0.741) (0.000,0.240) (0.191,1.000) 
 90      267    (0)    1 :  0.025 0.024 0.017 0.924 0.011     (0.000,0.176) (0.000,0.173) (0.000,0.107) (0.637,1.000) (0.000,0.062) 
 91      268    (0)    1 :  0.008 0.008 0.011 0.837 0.136     (0.000,0.048) (0.000,0.045) (0.000,0.057) (0.000,1.000) (0.000,0.981) 
 92      270    (0)    1 :  0.930 0.034 0.015 0.013 0.009     (0.641,1.000) (0.000,0.242) (0.000,0.094) (0.000,0.080) (0.000,0.053) 
 93      276    (0)    1 :  0.186 0.596 0.022 0.095 0.102     (0.000,0.877) (0.027,1.000) (0.000,0.139) (0.000,0.525) (0.000,0.512) 
 94      298    (6)    1 :  0.006 0.010 0.009 0.936 0.038     (0.000,0.034) (0.000,0.065) (0.000,0.050) (0.647,1.000) (0.000,0.278) 
 95      306    (0)    1 :  0.008 0.012 0.052 0.319 0.609     (0.000,0.043) (0.000,0.074) (0.000,0.376) (0.000,0.954) (0.000,1.000) 
 96      308    (0)    1 :  0.021 0.008 0.046 0.248 0.676     (0.000,0.151) (0.000,0.050) (0.000,0.330) (0.000,0.916) (0.000,1.000) 
 97      311    (6)    1 :  0.030 0.014 0.208 0.655 0.093     (0.000,0.216) (0.000,0.085) (0.000,0.996) (0.000,1.000) (0.000,0.648) 
 98      323    (0)    1 :  0.006 0.979 0.006 0.005 0.004     (0.000,0.031) (0.885,1.000) (0.000,0.035) (0.000,0.026) (0.000,0.023) 
 99      327    (0)    1 :  0.954 0.014 0.013 0.012 0.007     (0.768,1.000) (0.000,0.098) (0.000,0.081) (0.000,0.073) (0.000,0.039) 
100      334    (0)    1 :  0.009 0.004 0.939 0.032 0.016     (0.000,0.050) (0.000,0.023) (0.687,1.000) (0.000,0.227) (0.000,0.102) 
101      338    (0)    1 :  0.015 0.019 0.014 0.893 0.059     (0.000,0.093) (0.000,0.125) (0.000,0.083) (0.482,1.000) (0.000,0.414) 
102      341    (0)    1 :  0.006 0.971 0.009 0.005 0.008     (0.000,0.034) (0.843,1.000) (0.000,0.050) (0.000,0.029) (0.000,0.050) 
103      346    (0)    1 :  0.013 0.015 0.008 0.018 0.947     (0.000,0.078) (0.000,0.089) (0.000,0.043) (0.000,0.090) (0.719,1.000) 
104      348    (0)    1 :  0.007 0.007 0.020 0.793 0.172     (0.000,0.041) (0.000,0.042) (0.000,0.131) (0.000,1.000) (0.000,0.959) 
105      351    (0)    1 :  0.015 0.015 0.924 0.019 0.027     (0.000,0.096) (0.000,0.104) (0.620,1.000) (0.000,0.120) (0.000,0.173) 
106      362    (0)    1 :  0.952 0.032 0.005 0.006 0.005     (0.726,1.000) (0.000,0.229) (0.000,0.028) (0.000,0.031) (0.000,0.026) 
107      364    (0)    1 :  0.006 0.010 0.958 0.012 0.014     (0.000,0.033) (0.000,0.058) (0.776,1.000) (0.000,0.071) (0.000,0.084) 
108      366    (0)    1 :  0.027 0.013 0.920 0.027 0.012     (0.000,0.200) (0.000,0.084) (0.610,1.000) (0.000,0.183) (0.000,0.070) 
109      376    (0)    1 :  0.024 0.942 0.007 0.007 0.021     (0.000,0.165) (0.703,1.000) (0.000,0.039) (0.000,0.037) (0.000,0.146) 
110      377    (6)    1 :  0.814 0.022 0.018 0.114 0.031     (0.291,1.000) (0.000,0.137) (0.000,0.100) (0.000,0.528) (0.000,0.200) 
111      378    (0)    1 :  0.913 0.021 0.006 0.018 0.042     (0.589,1.000) (0.000,0.146) (0.000,0.032) (0.000,0.123) (0.000,0.281) 
112      388    (0)    1 :  0.013 0.009 0.012 0.953 0.013     (0.000,0.076) (0.000,0.054) (0.000,0.072) (0.749,1.000) (0.000,0.070) 
113      391    (0)    1 :  0.105 0.669 0.033 0.067 0.125     (0.000,0.470) (0.000,1.000) (0.000,0.235) (0.000,0.440) (0.000,0.661) 
114      401    (0)    1 :  0.283 0.176 0.295 0.016 0.230     (0.000,0.763) (0.000,0.704) (0.000,0.975) (0.000,0.101) (0.000,0.677) 
115      406    (0)    1 :  0.013 0.103 0.043 0.736 0.105     (0.000,0.080) (0.000,0.605) (0.000,0.294) (0.000,1.000) (0.000,0.887) 
116      412    (6)    1 :  0.033 0.027 0.020 0.771 0.149     (0.000,0.234) (0.000,0.195) (0.000,0.118) (0.000,1.000) (0.000,0.994) 
117      413    (0)    1 :  0.013 0.004 0.021 0.022 0.939     (0.000,0.086) (0.000,0.023) (0.000,0.150) (0.000,0.156) (0.681,1.000) 
118      421    (0)    1 :  0.661 0.037 0.044 0.050 0.208     (0.215,1.000) (0.000,0.265) (0.000,0.319) (0.000,0.359) (0.000,0.678) 
119      423    (0)    1 :  0.733 0.021 0.125 0.066 0.054     (0.000,1.000) (0.000,0.151) (0.000,0.824) (0.000,0.434) (0.000,0.382) 
120      424    (0)    1 :  0.015 0.487 0.044 0.108 0.345     (0.000,0.099) (0.000,1.000) (0.000,0.322) (0.000,0.702) (0.000,1.000) 
121      426    (0)    1 :  0.819 0.052 0.025 0.038 0.066     (0.359,1.000) (0.000,0.355) (0.000,0.173) (0.000,0.283) (0.000,0.406) 
122      430   (12)    1 :  0.023 0.067 0.012 0.141 0.757     (0.000,0.143) (0.000,0.496) (0.000,0.069) (0.000,0.667) (0.000,1.000) 
123      435    (0)    1 :  0.007 0.004 0.004 0.026 0.958     (0.000,0.037) (0.000,0.023) (0.000,0.024) (0.000,0.187) (0.769,1.000) 
124      476    (0)    1 :  0.048 0.901 0.024 0.006 0.021     (0.000,0.342) (0.568,1.000) (0.000,0.165) (0.000,0.033) (0.000,0.152) 
125      478    (0)    1 :  0.167 0.790 0.025 0.011 0.007     (0.000,0.591) (0.380,1.000) (0.000,0.179) (0.000,0.074) (0.000,0.040) 
126      484    (0)    1 :  0.006 0.012 0.006 0.946 0.030     (0.000,0.034) (0.000,0.072) (0.000,0.031) (0.714,1.000) (0.000,0.195) 
127      489    (0)    1 :  0.726 0.021 0.021 0.173 0.059     (0.000,1.000) (0.000,0.132) (0.000,0.102) (0.000,0.877) (0.000,0.448) 
128      493    (0)    1 :  0.012 0.007 0.966 0.007 0.008     (0.000,0.083) (0.000,0.037) (0.820,1.000) (0.000,0.039) (0.000,0.044) 
129      494    (0)    1 :  0.024 0.011 0.953 0.005 0.007     (0.000,0.173) (0.000,0.068) (0.743,1.000) (0.000,0.029) (0.000,0.042) 
130      500    (0)    1 :  0.956 0.029 0.008 0.004 0.004     (0.758,1.000) (0.000,0.194) (0.000,0.040) (0.000,0.022) (0.000,0.019) 
131      504    (0)    1 :  0.040 0.007 0.023 0.920 0.010     (0.000,0.252) (0.000,0.040) (0.000,0.164) (0.654,1.000) (0.000,0.052) 
132      506    (0)    1 :  0.037 0.011 0.006 0.940 0.005     (0.000,0.262) (0.000,0.070) (0.000,0.033) (0.685,1.000) (0.000,0.028) 


Estimated Allele Frequencies in each cluster
First column gives estimated ancestral frequencies


Locus 1 : Rsu3 
3 alleles
0.0% missing data
 164   (0.521) 0.626 0.496 0.561 0.496 0.483 
 166   (0.255) 0.147 0.131 0.212 0.452 0.319 
 170   (0.224) 0.227 0.373 0.227 0.053 0.198 

Locus 2 : Rsu5 
5 alleles
0.0% missing data
 137   (0.712) 0.923 0.951 0.688 0.632 0.789 
 135   (0.099) 0.026 0.034 0.107 0.021 0.069 
 139   (0.108) 0.046 0.009 0.164 0.010 0.082 
 133   (0.026) 0.002 0.002 0.022 0.002 0.003 
 131   (0.055) 0.004 0.004 0.018 0.334 0.058 

Locus 3 : Scv1 
5 alleles
0.0% missing data
 181   (0.532) 0.675 0.917 0.643 0.359 0.349 
 179   (0.183) 0.113 0.031 0.175 0.177 0.260 
 177   (0.118) 0.066 0.030 0.070 0.240 0.108 
 185   (0.137) 0.143 0.019 0.075 0.221 0.280 
 171   (0.030) 0.002 0.002 0.037 0.003 0.004 

Locus 4 : Rsu4 
9 alleles
0.0% missing data
 267   (0.198) 0.213 0.141 0.272 0.123 0.060 
 263   (0.324) 0.429 0.484 0.280 0.370 0.497 
 259   (0.049) 0.143 0.256 0.017 0.005 0.006 
 287   (0.176) 0.167 0.098 0.140 0.254 0.144 
 275   (0.045) 0.003 0.003 0.093 0.004 0.013 
 279   (0.072) 0.012 0.007 0.087 0.008 0.171 
 283   (0.073) 0.005 0.006 0.048 0.229 0.100 
 291   (0.037) 0.027 0.003 0.027 0.004 0.005 
 271   (0.027) 0.002 0.002 0.037 0.003 0.003 

Locus 5 : Rsu6 
5 alleles
0.0% missing data
 120   (0.269) 0.356 0.277 0.235 0.196 0.236 
 126   (0.591) 0.448 0.600 0.630 0.790 0.746 
 124   (0.079) 0.181 0.118 0.056 0.008 0.011 
 130   (0.036) 0.002 0.003 0.069 0.003 0.004 
 114   (0.025) 0.012 0.002 0.009 0.003 0.003 

Locus 6 : Scv12 
3 alleles
0.8% missing data
 198   (0.601) 0.348 0.681 0.706 0.457 0.727 
 196   (0.245) 0.213 0.292 0.168 0.483 0.175 
 200   (0.154) 0.438 0.027 0.126 0.060 0.098 

Locus 7 : Scv23 
3 alleles
0.8% missing data
 158   (0.506) 0.645 0.388 0.469 0.655 0.583 
 164   (0.205) 0.082 0.410 0.258 0.168 0.053 
 160   (0.289) 0.273 0.202 0.273 0.177 0.364 

Locus 8 : Scv13 
5 alleles
0.0% missing data
 182   (0.713) 0.938 0.791 0.691 0.891 0.699 
 180   (0.091) 0.047 0.169 0.110 0.009 0.014 
 172   (0.083) 0.006 0.007 0.065 0.081 0.174 
 184   (0.072) 0.007 0.030 0.108 0.015 0.014 
 174   (0.041) 0.003 0.003 0.026 0.004 0.099 

Locus 9 : Scv32 
18 alleles
0.0% missing data
 236   (0.038) 0.003 0.003 0.111 0.004 0.005 
 238   (0.051) 0.004 0.005 0.040 0.127 0.038 
 234   (0.128) 0.058 0.315 0.067 0.182 0.576 
 246   (0.051) 0.123 0.280 0.018 0.006 0.014 
 248   (0.081) 0.238 0.007 0.142 0.027 0.013 
 262   (0.092) 0.224 0.014 0.065 0.083 0.071 
 232   (0.189) 0.076 0.181 0.310 0.306 0.096 
 250   (0.032) 0.104 0.012 0.012 0.004 0.007 
 228   (0.025) 0.002 0.002 0.036 0.002 0.003 
 220   (0.042) 0.131 0.085 0.016 0.004 0.006 
 264   (0.059) 0.005 0.057 0.052 0.013 0.059 
 252   (0.047) 0.013 0.004 0.017 0.061 0.056 
 254   (0.046) 0.003 0.003 0.029 0.091 0.036 
 242   (0.024) 0.002 0.002 0.036 0.002 0.003 
 266   (0.025) 0.002 0.002 0.011 0.048 0.004 
 244   (0.027) 0.010 0.002 0.011 0.038 0.005 
 226   (0.022) 0.002 0.024 0.008 0.002 0.003 
 240   (0.021) 0.001 0.002 0.020 0.002 0.004 

Locus 10 : Scv8 
6 alleles
0.0% missing data
 200   (0.616) 0.731 0.832 0.665 0.700 0.482 
 202   (0.098) 0.007 0.008 0.140 0.079 0.071 
 194   (0.093) 0.075 0.144 0.045 0.011 0.149 
 204   (0.043) 0.077 0.004 0.026 0.004 0.007 
 198   (0.074) 0.105 0.006 0.083 0.008 0.022 
 188   (0.077) 0.005 0.006 0.040 0.198 0.268 

Locus 11 : Scv9 
5 alleles
0.0% missing data
 198   (0.313) 0.251 0.424 0.241 0.376 0.541 
 200   (0.349) 0.494 0.349 0.467 0.236 0.116 
 196   (0.266) 0.249 0.063 0.267 0.380 0.260 
 204   (0.047) 0.003 0.162 0.017 0.006 0.063 
 202   (0.025) 0.002 0.002 0.008 0.003 0.020 

Locus 12 : Rsu1 
6 alleles
0.0% missing data
 189   (0.310) 0.065 0.465 0.472 0.169 0.247 
 185   (0.265) 0.170 0.195 0.206 0.705 0.247 
 177   (0.088) 0.092 0.012 0.055 0.044 0.044 
 181   (0.244) 0.402 0.089 0.235 0.073 0.450 
 193   (0.044) 0.210 0.034 0.015 0.004 0.006 
 197   (0.049) 0.061 0.206 0.017 0.005 0.006 

Locus 13 : Scv14 
7 alleles
4.5% missing data
 196   (0.526) 0.826 0.920 0.456 0.561 0.664 
 198   (0.092) 0.007 0.008 0.120 0.081 0.087 
 194   (0.141) 0.055 0.023 0.184 0.048 0.177 
 202   (0.164) 0.095 0.041 0.195 0.302 0.050 
 204   (0.026) 0.002 0.002 0.022 0.002 0.003 
 190   (0.026) 0.013 0.002 0.010 0.003 0.003 
 200   (0.025) 0.002 0.002 0.013 0.002 0.015 

Locus 14 : Scv16 
7 alleles
0.0% missing data
 182   (0.365) 0.646 0.225 0.295 0.399 0.619 
 184   (0.419) 0.259 0.728 0.518 0.518 0.224 
 188   (0.082) 0.086 0.037 0.115 0.008 0.010 
 200   (0.025) 0.002 0.002 0.022 0.002 0.003 
 198   (0.045) 0.003 0.003 0.015 0.049 0.082 
 190   (0.040) 0.003 0.004 0.013 0.020 0.058 
 186   (0.025) 0.002 0.002 0.020 0.002 0.004 

Locus 15 : Scv31 
15 alleles
3.0% missing data
 193   (0.127) 0.231 0.019 0.122 0.236 0.041 
 201   (0.105) 0.080 0.012 0.184 0.046 0.013 
 187   (0.079) 0.228 0.237 0.030 0.094 0.010 
 207   (0.026) 0.004 0.374 0.009 0.003 0.003 
 195   (0.070) 0.084 0.029 0.027 0.157 0.031 
 185   (0.160) 0.020 0.222 0.146 0.263 0.324 
 189   (0.075) 0.054 0.006 0.175 0.007 0.009 
 205   (0.024) 0.002 0.002 0.022 0.002 0.003 
 191   (0.122) 0.239 0.082 0.068 0.019 0.501 
 197   (0.032) 0.007 0.005 0.011 0.122 0.004 
 199   (0.067) 0.005 0.005 0.068 0.038 0.046 
 203   (0.030) 0.002 0.002 0.053 0.003 0.003 
 209   (0.028) 0.002 0.002 0.038 0.003 0.004 
 213   (0.029) 0.002 0.002 0.038 0.003 0.003 
 181   (0.027) 0.039 0.003 0.009 0.003 0.004 

Locus 16 : Scv6 
8 alleles
0.0% missing data
 191   (0.100) 0.208 0.008 0.166 0.021 0.012 
 195   (0.368) 0.457 0.688 0.321 0.565 0.286 
 197   (0.209) 0.298 0.249 0.129 0.219 0.284 
 201   (0.076) 0.006 0.006 0.148 0.009 0.104 
 205   (0.029) 0.002 0.002 0.038 0.003 0.003 
 193   (0.097) 0.008 0.008 0.106 0.122 0.136 
 199   (0.092) 0.020 0.036 0.054 0.057 0.172 
 181   (0.029) 0.002 0.002 0.038 0.003 0.003 

Values of parameters used in structure:
DATAFILE=M:\STRUCTURE\Squirrel_132_ID_16L_20250816\project_data,	OUTFILE=M:\STRUCTURE\Squirrel_132_ID_16L_20250816\10k_Burnin_100k_MCMC\Results\10k_Burnin_100k_MCMC_run_124,	NUMINDS=132,	NUMLOCI=16,	MISSING=-9,	LABEL=1,	POPDATA=1,	POPFLAG=0,	PHENOTYPE=0,	EXTRACOLS=1,	MAXPOPS=5,	BURNIN=10000,	NUMREPS=100000,	USEPOPINFO=0,	INFERALPHA=1,	INFERLAMBDA=1,	POPSPECIFICLAMBDA=0,	POPALPHAS=0,	COMPUTEPROB=1,	NOADMIX=0,	ADMBURNIN=2500,	UPDATEFREQ=1,	PRINTLIKES=0,	INTERMEDSAVE=0,	PRINTKLD=0,	PRINTNET=0,	PRINTLAMBDA=0,	ANCESTDIST=1,	NUMBOXES=1000,	ANCESTPINT=0.90000,	GENSBACK=2,	MIGRPRIOR=0.05000,	PRINTQHAT=1,	PRINTQSUM=0,	ALPHA=1.0000,	FREQSCORR=1,	FPRIORMEAN=0.0100,	FPRIORSD=0.0500,	ONEFST=0,	LAMBDA=1.0000,	UNIFPRIORALPHA=1,	ALPHAMAX=10.0000,	ALPHAPRIORA=1.0000,	ALPHAPRIORB=2.0000,	ALPHAPROPSD=0.0250,	STARTATPOPINFO=0,	RANDOMIZE=1,	LINKAGE=0,	METROFREQ=10,	REPORTHITRATE=0,	MARKOVPHASE=-1,	PHASED=0,	PLOIDY=2,	PHASEINFO=0	LOCPRIOR=0, 	LOCPRIORINIT=1.000000, 	LOCDATA=0, 	LOCISPOP=0, 	LOCPRIORSTEP=0.100000, 	MAXLOCPRIOR=20.000000, 	SEED=1763747945,	
[STRAT parameters]:    NUMSIMSTATS=1000,	PHENOTYPECOL=-9,	POOLFREQ=10,	LOCUSxONLY=0,	EMERROR=0.00100,	MISSINGPHENO=-9,	