

----------------------------------------------------
STRUCTURE by Pritchard, Stephens and Donnelly (2000)
     and Falush, Stephens and Pritchard (2003)
       Code by Pritchard, Falush and Hubisz
             Version 2.3.4 (Jul 2012)
----------------------------------------------------



Command line arguments:   bin\structure -m M:\STRUCTURE\Squirrel_132_ID_16L_20250816\10k_Burnin_100k_MCMC\mainparams -e M:\STRUCTURE\Squirrel_132_ID_16L_20250816\10k_Burnin_100k_MCMC\extraparams 
Input File:    M:\STRUCTURE\Squirrel_132_ID_16L_20250816\project_data

Run parameters:
   132 individuals
   16 loci
   8 populations assumed
   10000 Burn-in period
   100000 Reps


--------------------------------------------
Proportion of membership of each pre-defined
 population in each of the 8 clusters

Given    Inferred Clusters                                          Number of
 Pop       1      2      3      4      5      6      7      8      Individuals

  1:     0.127  0.118  0.157  0.112  0.104  0.108  0.131  0.143      132
--------------------------------------------

Allele-freq. divergence among pops (Net nucleotide distance),
computed using point estimates of P.

      1       2       3       4       5       6       7       8      
 1      -    0.0797  0.0957  0.0813  0.0430  0.0660  0.0855  0.0659  
 2   0.0797     -    0.1198  0.1507  0.0728  0.1212  0.1279  0.0875  
 3   0.0957  0.1198     -    0.0761  0.0678  0.1052  0.0898  0.0695  
 4   0.0813  0.1507  0.0761     -    0.0773  0.1050  0.1073  0.0910  
 5   0.0430  0.0728  0.0678  0.0773     -    0.0577  0.0879  0.0488  
 6   0.0660  0.1212  0.1052  0.1050  0.0577     -    0.1187  0.0797  
 7   0.0855  0.1279  0.0898  0.1073  0.0879  0.1187     -    0.0652  
 8   0.0659  0.0875  0.0695  0.0910  0.0488  0.0797  0.0652     -    

Average distances (expected heterozygosity) between individuals in same cluster:
cluster  1  : 0.5451 
cluster  2  : 0.5219 
cluster  3  : 0.5301 
cluster  4  : 0.4575 
cluster  5  : 0.5768 
cluster  6  : 0.5868 
cluster  7  : 0.4609 
cluster  8  : 0.6345 

--------------------------------------------
Estimated Ln Prob of Data   = -4986.5
Mean value of ln likelihood = -4400.8
Variance of ln likelihood   = 1171.5
Mean value of alpha         = 0.0503

Mean value of lambda        = 1.0038

Mean value of Fst_1         = 0.2287
Mean value of Fst_2         = 0.2622
Mean value of Fst_3         = 0.2262
Mean value of Fst_4         = 0.2911
Mean value of Fst_5         = 0.1845
Mean value of Fst_6         = 0.1995
Mean value of Fst_7         = 0.3050
Mean value of Fst_8         = 0.0744


Inferred ancestry of individuals:
        Label (%Miss) Pop:  Inferred clusters (and 90% probability intervals)
  1       1*    (0)    1 :  0.116 0.017 0.010 0.040 0.024 0.005 0.016 0.772     (0.000,0.503) (0.000,0.115) (0.000,0.060) (0.000,0.271) (0.000,0.103) (0.000,0.030) (0.000,0.104) (0.341,1.000) 
  2        3    (0)    1 :  0.007 0.008 0.006 0.006 0.007 0.005 0.955 0.006     (0.000,0.041) (0.000,0.047) (0.000,0.033) (0.000,0.032) (0.000,0.042) (0.000,0.028) (0.808,1.000) (0.000,0.031) 
  3        6    (0)    1 :  0.039 0.018 0.024 0.014 0.011 0.012 0.876 0.006     (0.000,0.273) (0.000,0.123) (0.000,0.165) (0.000,0.085) (0.000,0.065) (0.000,0.077) (0.534,1.000) (0.000,0.035) 
  4        8    (0)    1 :  0.006 0.022 0.840 0.034 0.072 0.004 0.007 0.015     (0.000,0.037) (0.000,0.153) (0.407,1.000) (0.000,0.240) (0.000,0.470) (0.000,0.022) (0.000,0.039) (0.000,0.098) 
  5       10    (0)    1 :  0.006 0.004 0.107 0.854 0.007 0.006 0.009 0.008     (0.000,0.030) (0.000,0.021) (0.000,0.501) (0.464,1.000) (0.000,0.036) (0.000,0.031) (0.000,0.055) (0.000,0.051) 
  6       11    (0)    1 :  0.067 0.012 0.041 0.026 0.291 0.047 0.046 0.471     (0.000,0.418) (0.000,0.075) (0.000,0.286) (0.000,0.181) (0.000,0.998) (0.000,0.348) (0.000,0.328) (0.000,0.998) 
  7       12    (0)    1 :  0.009 0.005 0.008 0.955 0.007 0.005 0.006 0.005     (0.000,0.055) (0.000,0.032) (0.000,0.044) (0.807,1.000) (0.000,0.041) (0.000,0.027) (0.000,0.034) (0.000,0.028) 
  8       16    (6)    1 :  0.007 0.006 0.018 0.011 0.008 0.006 0.937 0.007     (0.000,0.041) (0.000,0.032) (0.000,0.118) (0.000,0.071) (0.000,0.048) (0.000,0.035) (0.734,1.000) (0.000,0.041) 
  9       18    (0)    1 :  0.005 0.006 0.008 0.006 0.011 0.005 0.009 0.949     (0.000,0.026) (0.000,0.038) (0.000,0.050) (0.000,0.037) (0.000,0.067) (0.000,0.027) (0.000,0.057) (0.783,1.000) 
 10       19    (0)    1 :  0.013 0.026 0.034 0.013 0.227 0.080 0.016 0.592     (0.000,0.077) (0.000,0.170) (0.000,0.245) (0.000,0.078) (0.000,0.998) (0.000,0.476) (0.000,0.103) (0.000,1.000) 
 11       21    (6)    1 :  0.009 0.006 0.029 0.011 0.010 0.008 0.920 0.007     (0.000,0.057) (0.000,0.037) (0.000,0.191) (0.000,0.066) (0.000,0.061) (0.000,0.048) (0.682,1.000) (0.000,0.038) 
 12       23    (6)    1 :  0.199 0.014 0.022 0.650 0.066 0.028 0.011 0.010     (0.000,0.716) (0.000,0.086) (0.000,0.153) (0.140,0.999) (0.000,0.400) (0.000,0.197) (0.000,0.069) (0.000,0.063) 
 13       24    (6)    1 :  0.020 0.009 0.162 0.470 0.132 0.049 0.016 0.142     (0.000,0.131) (0.000,0.056) (0.000,0.717) (0.000,0.987) (0.000,0.960) (0.000,0.306) (0.000,0.111) (0.000,0.622) 
 14       25    (6)    1 :  0.166 0.009 0.055 0.670 0.035 0.007 0.045 0.014     (0.000,0.613) (0.000,0.055) (0.000,0.324) (0.235,0.998) (0.000,0.234) (0.000,0.040) (0.000,0.275) (0.000,0.083) 
 15      26*    (0)    1 :  0.010 0.007 0.594 0.218 0.017 0.005 0.126 0.022     (0.000,0.066) (0.000,0.041) (0.000,0.998) (0.000,0.652) (0.000,0.099) (0.000,0.030) (0.000,0.562) (0.000,0.151) 
 16       28    (0)    1 :  0.016 0.008 0.529 0.284 0.053 0.007 0.095 0.009     (0.000,0.112) (0.000,0.046) (0.000,1.000) (0.000,0.989) (0.000,0.439) (0.000,0.038) (0.000,0.534) (0.000,0.048) 
 17       29    (0)    1 :  0.006 0.006 0.067 0.887 0.008 0.006 0.006 0.014     (0.000,0.033) (0.000,0.033) (0.000,0.436) (0.509,1.000) (0.000,0.046) (0.000,0.036) (0.000,0.035) (0.000,0.093) 
 18       30    (0)    1 :  0.027 0.289 0.377 0.156 0.025 0.007 0.100 0.018     (0.000,0.195) (0.000,0.637) (0.000,0.919) (0.000,0.728) (0.000,0.121) (0.000,0.042) (0.000,0.574) (0.000,0.112) 
 19       33    (0)    1 :  0.015 0.012 0.005 0.006 0.043 0.052 0.007 0.860     (0.000,0.100) (0.000,0.077) (0.000,0.029) (0.000,0.035) (0.000,0.224) (0.000,0.316) (0.000,0.038) (0.456,1.000) 
 20       37    (0)    1 :  0.011 0.005 0.008 0.030 0.012 0.009 0.013 0.912     (0.000,0.064) (0.000,0.030) (0.000,0.046) (0.000,0.213) (0.000,0.066) (0.000,0.055) (0.000,0.087) (0.645,1.000) 
 21       38    (0)    1 :  0.004 0.005 0.016 0.014 0.014 0.005 0.011 0.931     (0.000,0.024) (0.000,0.028) (0.000,0.110) (0.000,0.097) (0.000,0.062) (0.000,0.028) (0.000,0.068) (0.715,1.000) 
 22       43    (0)    1 :  0.013 0.006 0.133 0.784 0.013 0.007 0.034 0.010     (0.000,0.089) (0.000,0.037) (0.000,0.550) (0.382,1.000) (0.000,0.075) (0.000,0.041) (0.000,0.235) (0.000,0.061) 
 23       44    (0)    1 :  0.010 0.064 0.371 0.008 0.157 0.007 0.372 0.011     (0.000,0.058) (0.000,0.389) (0.000,0.856) (0.000,0.049) (0.000,0.927) (0.000,0.040) (0.000,0.722) (0.000,0.065) 
 24       48    (0)    1 :  0.005 0.006 0.006 0.007 0.008 0.004 0.014 0.948     (0.000,0.030) (0.000,0.036) (0.000,0.033) (0.000,0.043) (0.000,0.049) (0.000,0.024) (0.000,0.096) (0.777,1.000) 
 25       55    (0)    1 :  0.057 0.020 0.592 0.013 0.100 0.010 0.194 0.013     (0.000,0.349) (0.000,0.146) (0.000,1.000) (0.000,0.082) (0.000,0.679) (0.000,0.060) (0.000,0.750) (0.000,0.085) 
 26       59    (0)    1 :  0.006 0.006 0.006 0.005 0.005 0.004 0.960 0.007     (0.000,0.036) (0.000,0.037) (0.000,0.036) (0.000,0.026) (0.000,0.030) (0.000,0.024) (0.826,1.000) (0.000,0.040) 
 27       60    (0)    1 :  0.883 0.013 0.004 0.046 0.019 0.011 0.009 0.016     (0.506,1.000) (0.000,0.058) (0.000,0.026) (0.000,0.300) (0.000,0.084) (0.000,0.060) (0.000,0.051) (0.000,0.089) 
 28       61    (0)    1 :  0.310 0.058 0.012 0.009 0.061 0.519 0.020 0.011     (0.000,0.968) (0.000,0.363) (0.000,0.072) (0.000,0.053) (0.000,0.434) (0.000,0.996) (0.000,0.138) (0.000,0.064) 
 29       62    (0)    1 :  0.241 0.017 0.010 0.046 0.474 0.178 0.014 0.019     (0.000,0.995) (0.000,0.114) (0.000,0.062) (0.000,0.324) (0.000,0.998) (0.000,0.962) (0.000,0.094) (0.000,0.131) 
 30       65    (0)    1 :  0.015 0.026 0.011 0.008 0.062 0.015 0.006 0.856     (0.000,0.102) (0.000,0.179) (0.000,0.072) (0.000,0.045) (0.000,0.653) (0.000,0.104) (0.000,0.032) (0.266,1.000) 
 31       73    (0)    1 :  0.043 0.791 0.009 0.113 0.024 0.005 0.007 0.009     (0.000,0.310) (0.429,1.000) (0.000,0.057) (0.000,0.441) (0.000,0.169) (0.000,0.030) (0.000,0.038) (0.000,0.053) 
 32       75    (0)    1 :  0.005 0.038 0.009 0.005 0.009 0.912 0.010 0.012     (0.000,0.030) (0.000,0.251) (0.000,0.057) (0.000,0.030) (0.000,0.049) (0.652,1.000) (0.000,0.065) (0.000,0.075) 
 33       76    (0)    1 :  0.015 0.006 0.005 0.012 0.009 0.942 0.007 0.005     (0.000,0.091) (0.000,0.034) (0.000,0.027) (0.000,0.078) (0.000,0.055) (0.753,1.000) (0.000,0.040) (0.000,0.028) 
 34       77    (0)    1 :  0.127 0.005 0.005 0.011 0.013 0.824 0.008 0.009     (0.000,0.763) (0.000,0.028) (0.000,0.027) (0.000,0.066) (0.000,0.070) (0.144,1.000) (0.000,0.044) (0.000,0.053) 
 35       78    (0)    1 :  0.042 0.488 0.012 0.014 0.038 0.380 0.008 0.018     (0.000,0.311) (0.000,0.984) (0.000,0.073) (0.000,0.097) (0.000,0.269) (0.000,0.950) (0.000,0.051) (0.000,0.112) 
 36       79    (0)    1 :  0.016 0.062 0.008 0.005 0.026 0.863 0.006 0.013     (0.000,0.086) (0.000,0.356) (0.000,0.052) (0.000,0.032) (0.000,0.176) (0.515,1.000) (0.000,0.032) (0.000,0.090) 
 37       84    (0)    1 :  0.066 0.021 0.102 0.106 0.091 0.021 0.579 0.015     (0.000,0.409) (0.000,0.147) (0.000,0.423) (0.000,0.528) (0.000,0.459) (0.000,0.141) (0.189,0.945) (0.000,0.090) 
 38       85    (0)    1 :  0.012 0.015 0.786 0.008 0.145 0.008 0.013 0.012     (0.000,0.076) (0.000,0.104) (0.000,1.000) (0.000,0.050) (0.000,0.986) (0.000,0.048) (0.000,0.081) (0.000,0.074) 
 39       86    (0)    1 :  0.014 0.020 0.776 0.018 0.136 0.012 0.006 0.018     (0.000,0.090) (0.000,0.141) (0.001,1.000) (0.000,0.121) (0.000,0.866) (0.000,0.075) (0.000,0.036) (0.000,0.119) 
 40       89    (0)    1 :  0.072 0.011 0.013 0.204 0.161 0.026 0.490 0.023     (0.000,0.469) (0.000,0.067) (0.000,0.077) (0.000,0.656) (0.000,0.624) (0.000,0.188) (0.000,0.856) (0.000,0.159) 
 41       94    (0)    1 :  0.009 0.005 0.012 0.912 0.013 0.006 0.013 0.030     (0.000,0.053) (0.000,0.031) (0.000,0.077) (0.650,1.000) (0.000,0.086) (0.000,0.035) (0.000,0.085) (0.000,0.214) 
 42       95    (0)    1 :  0.015 0.009 0.012 0.006 0.009 0.005 0.933 0.011     (0.000,0.101) (0.000,0.056) (0.000,0.075) (0.000,0.032) (0.000,0.041) (0.000,0.030) (0.723,1.000) (0.000,0.061) 
 43       96    (0)    1 :  0.005 0.005 0.957 0.010 0.008 0.006 0.004 0.005     (0.000,0.028) (0.000,0.030) (0.815,1.000) (0.000,0.059) (0.000,0.042) (0.000,0.036) (0.000,0.025) (0.000,0.028) 
 44       98    (0)    1 :  0.822 0.095 0.006 0.009 0.023 0.032 0.006 0.007     (0.000,1.000) (0.000,0.830) (0.000,0.035) (0.000,0.055) (0.000,0.118) (0.000,0.168) (0.000,0.033) (0.000,0.037) 
 45      102    (0)    1 :  0.020 0.013 0.007 0.028 0.148 0.015 0.038 0.733     (0.000,0.141) (0.000,0.086) (0.000,0.037) (0.000,0.195) (0.000,0.981) (0.000,0.102) (0.000,0.260) (0.000,1.000) 
 46      105    (0)    1 :  0.005 0.964 0.004 0.005 0.006 0.004 0.005 0.007     (0.000,0.028) (0.847,1.000) (0.000,0.023) (0.000,0.028) (0.000,0.032) (0.000,0.021) (0.000,0.030) (0.000,0.043) 
 47      106    (0)    1 :  0.031 0.117 0.014 0.005 0.265 0.458 0.084 0.027     (0.000,0.206) (0.000,0.564) (0.000,0.096) (0.000,0.027) (0.000,0.902) (0.000,0.963) (0.000,0.402) (0.000,0.179) 
 48      108    (0)    1 :  0.035 0.829 0.008 0.009 0.019 0.029 0.008 0.062     (0.000,0.220) (0.495,1.000) (0.000,0.049) (0.000,0.059) (0.000,0.115) (0.000,0.206) (0.000,0.044) (0.000,0.363) 
 49      109    (0)    1 :  0.202 0.674 0.023 0.008 0.027 0.044 0.012 0.011     (0.000,0.887) (0.000,1.000) (0.000,0.169) (0.000,0.044) (0.000,0.184) (0.000,0.287) (0.000,0.073) (0.000,0.063) 
 50      112    (0)    1 :  0.288 0.010 0.089 0.049 0.396 0.123 0.011 0.033     (0.000,0.951) (0.000,0.063) (0.000,0.454) (0.000,0.349) (0.000,0.977) (0.000,0.714) (0.000,0.068) (0.000,0.229) 
 51      115    (0)    1 :  0.062 0.025 0.011 0.074 0.194 0.020 0.017 0.598     (0.000,0.417) (0.000,0.178) (0.000,0.063) (0.000,0.408) (0.000,0.996) (0.000,0.129) (0.000,0.109) (0.000,1.000) 
 52      116    (0)    1 :  0.007 0.024 0.742 0.013 0.173 0.007 0.014 0.020     (0.000,0.040) (0.000,0.170) (0.000,1.000) (0.000,0.072) (0.000,0.947) (0.000,0.038) (0.000,0.090) (0.000,0.140) 
 53      117    (0)    1 :  0.050 0.017 0.195 0.378 0.021 0.021 0.304 0.015     (0.000,0.365) (0.000,0.102) (0.000,0.713) (0.000,0.996) (0.000,0.129) (0.000,0.149) (0.000,0.885) (0.000,0.092) 
 54      129    (0)    1 :  0.007 0.005 0.892 0.013 0.012 0.004 0.059 0.008     (0.000,0.039) (0.000,0.029) (0.563,1.000) (0.000,0.066) (0.000,0.065) (0.000,0.022) (0.000,0.355) (0.000,0.053) 
 55      132    (0)    1 :  0.604 0.018 0.007 0.203 0.047 0.014 0.024 0.083     (0.000,0.999) (0.000,0.105) (0.000,0.042) (0.000,0.720) (0.000,0.304) (0.000,0.091) (0.000,0.169) (0.000,0.477) 
 56      133    (0)    1 :  0.823 0.091 0.004 0.007 0.020 0.042 0.007 0.006     (0.000,1.000) (0.000,0.796) (0.000,0.024) (0.000,0.040) (0.000,0.094) (0.000,0.262) (0.000,0.035) (0.000,0.032) 
 57      137    (6)    1 :  0.451 0.010 0.011 0.021 0.025 0.452 0.016 0.013     (0.000,0.995) (0.000,0.059) (0.000,0.068) (0.000,0.150) (0.000,0.171) (0.000,0.997) (0.000,0.100) (0.000,0.079) 
 58      139    (0)    1 :  0.006 0.010 0.015 0.010 0.015 0.921 0.010 0.013     (0.000,0.036) (0.000,0.064) (0.000,0.103) (0.000,0.059) (0.000,0.085) (0.686,1.000) (0.000,0.061) (0.000,0.079) 
 59      140    (0)    1 :  0.107 0.792 0.009 0.006 0.023 0.033 0.021 0.010     (0.000,0.577) (0.337,1.000) (0.000,0.052) (0.000,0.036) (0.000,0.151) (0.000,0.221) (0.000,0.151) (0.000,0.063) 
 60      142    (0)    1 :  0.100 0.011 0.006 0.013 0.197 0.632 0.032 0.009     (0.000,0.650) (0.000,0.069) (0.000,0.035) (0.000,0.087) (0.000,0.747) (0.087,1.000) (0.000,0.234) (0.000,0.051) 
 61      144    (0)    1 :  0.008 0.961 0.004 0.004 0.006 0.005 0.007 0.005     (0.000,0.051) (0.834,1.000) (0.000,0.021) (0.000,0.023) (0.000,0.035) (0.000,0.031) (0.000,0.039) (0.000,0.027) 
 62      145    (0)    1 :  0.218 0.009 0.005 0.005 0.568 0.180 0.007 0.007     (0.000,0.999) (0.000,0.057) (0.000,0.024) (0.000,0.026) (0.000,1.000) (0.000,0.995) (0.000,0.043) (0.000,0.043) 
 63      147    (0)    1 :  0.010 0.902 0.008 0.005 0.017 0.046 0.005 0.008     (0.000,0.064) (0.589,1.000) (0.000,0.047) (0.000,0.028) (0.000,0.110) (0.000,0.309) (0.000,0.028) (0.000,0.045) 
 64      160    (0)    1 :  0.007 0.005 0.009 0.948 0.006 0.006 0.010 0.009     (0.000,0.038) (0.000,0.027) (0.000,0.052) (0.783,1.000) (0.000,0.037) (0.000,0.031) (0.000,0.063) (0.000,0.053) 
 65     162*    (0)    1 :  0.006 0.005 0.955 0.011 0.008 0.006 0.005 0.005     (0.000,0.032) (0.000,0.028) (0.807,1.000) (0.000,0.064) (0.000,0.046) (0.000,0.035) (0.000,0.026) (0.000,0.029) 
 66      166    (0)    1 :  0.898 0.033 0.007 0.006 0.010 0.020 0.018 0.007     (0.574,1.000) (0.000,0.180) (0.000,0.044) (0.000,0.032) (0.000,0.047) (0.000,0.109) (0.000,0.122) (0.000,0.041) 
 67      177    (0)    1 :  0.006 0.004 0.005 0.005 0.006 0.966 0.004 0.004     (0.000,0.031) (0.000,0.021) (0.000,0.030) (0.000,0.027) (0.000,0.033) (0.854,1.000) (0.000,0.025) (0.000,0.025) 
 68      178    (0)    1 :  0.065 0.038 0.017 0.043 0.019 0.795 0.010 0.013     (0.000,0.438) (0.000,0.261) (0.000,0.117) (0.000,0.299) (0.000,0.115) (0.371,1.000) (0.000,0.061) (0.000,0.080) 
 69      186    (0)    1 :  0.006 0.004 0.005 0.006 0.005 0.004 0.964 0.005     (0.000,0.034) (0.000,0.023) (0.000,0.032) (0.000,0.035) (0.000,0.028) (0.000,0.025) (0.842,1.000) (0.000,0.027) 
 70      189    (0)    1 :  0.006 0.004 0.787 0.015 0.162 0.009 0.009 0.008     (0.000,0.031) (0.000,0.023) (0.000,1.000) (0.000,0.104) (0.000,0.989) (0.000,0.053) (0.000,0.053) (0.000,0.047) 
 71      190    (0)    1 :  0.030 0.010 0.782 0.086 0.020 0.014 0.041 0.016     (0.000,0.216) (0.000,0.061) (0.306,1.000) (0.000,0.551) (0.000,0.128) (0.000,0.094) (0.000,0.283) (0.000,0.112) 
 72      191    (0)    1 :  0.018 0.037 0.172 0.021 0.209 0.021 0.510 0.012     (0.000,0.113) (0.000,0.256) (0.000,0.782) (0.000,0.143) (0.000,0.837) (0.000,0.151) (0.000,0.939) (0.000,0.069) 
 73      193    (0)    1 :  0.227 0.012 0.009 0.013 0.556 0.142 0.031 0.009     (0.000,0.999) (0.000,0.073) (0.000,0.050) (0.000,0.082) (0.000,1.000) (0.000,0.965) (0.000,0.221) (0.000,0.056) 
 74      202    (0)    1 :  0.034 0.011 0.340 0.427 0.122 0.011 0.010 0.046     (0.000,0.246) (0.000,0.063) (0.000,0.774) (0.000,0.891) (0.000,0.654) (0.000,0.067) (0.000,0.058) (0.000,0.309) 
 75      204    (0)    1 :  0.005 0.005 0.930 0.008 0.006 0.004 0.039 0.004     (0.000,0.027) (0.000,0.028) (0.670,1.000) (0.000,0.050) (0.000,0.031) (0.000,0.020) (0.000,0.281) (0.000,0.024) 
 76      211    (0)    1 :  0.451 0.186 0.017 0.206 0.051 0.053 0.011 0.025     (0.000,0.980) (0.000,0.811) (0.000,0.118) (0.000,0.712) (0.000,0.357) (0.000,0.300) (0.000,0.072) (0.000,0.179) 
 77      216    (0)    1 :  0.298 0.614 0.005 0.019 0.015 0.036 0.005 0.007     (0.000,0.851) (0.019,1.000) (0.000,0.031) (0.000,0.134) (0.000,0.095) (0.000,0.218) (0.000,0.029) (0.000,0.035) 
 78      222    (0)    1 :  0.042 0.548 0.009 0.006 0.342 0.013 0.009 0.032     (0.000,0.297) (0.000,0.999) (0.000,0.050) (0.000,0.030) (0.000,0.870) (0.000,0.073) (0.000,0.057) (0.000,0.230) 
 79      224    (0)    1 :  0.008 0.014 0.686 0.021 0.223 0.008 0.024 0.016     (0.000,0.048) (0.000,0.090) (0.000,1.000) (0.000,0.146) (0.000,0.994) (0.000,0.043) (0.000,0.165) (0.000,0.095) 
 80      226    (0)    1 :  0.011 0.004 0.009 0.005 0.007 0.005 0.951 0.008     (0.000,0.069) (0.000,0.025) (0.000,0.051) (0.000,0.026) (0.000,0.039) (0.000,0.029) (0.791,1.000) (0.000,0.051) 
 81      229    (0)    1 :  0.053 0.037 0.610 0.119 0.107 0.033 0.010 0.032     (0.000,0.330) (0.000,0.263) (0.000,0.984) (0.000,0.687) (0.000,0.560) (0.000,0.223) (0.000,0.064) (0.000,0.232) 
 82      230    (0)    1 :  0.011 0.015 0.860 0.024 0.021 0.041 0.016 0.013     (0.000,0.073) (0.000,0.101) (0.543,1.000) (0.000,0.163) (0.000,0.125) (0.000,0.252) (0.000,0.107) (0.000,0.080) 
 83      232    (0)    1 :  0.120 0.019 0.104 0.437 0.172 0.059 0.064 0.024     (0.000,0.562) (0.000,0.135) (0.000,0.558) (0.000,0.885) (0.000,0.730) (0.000,0.381) (0.000,0.373) (0.000,0.160) 
 84      238    (0)    1 :  0.039 0.019 0.076 0.011 0.209 0.129 0.007 0.510     (0.000,0.271) (0.000,0.133) (0.000,0.431) (0.000,0.068) (0.000,0.994) (0.000,0.516) (0.000,0.043) (0.000,0.993) 
 85      242    (0)    1 :  0.009 0.009 0.006 0.005 0.017 0.004 0.007 0.943     (0.000,0.052) (0.000,0.059) (0.000,0.034) (0.000,0.027) (0.000,0.061) (0.000,0.024) (0.000,0.038) (0.775,1.000) 
 86      243    (0)    1 :  0.174 0.020 0.010 0.011 0.106 0.027 0.027 0.627     (0.000,0.649) (0.000,0.129) (0.000,0.056) (0.000,0.066) (0.000,0.930) (0.000,0.189) (0.000,0.196) (0.000,0.999) 
 87      244    (0)    1 :  0.020 0.009 0.012 0.011 0.180 0.192 0.007 0.569     (0.000,0.134) (0.000,0.053) (0.000,0.080) (0.000,0.070) (0.000,0.995) (0.000,0.626) (0.000,0.039) (0.000,0.998) 
 88      251    (0)    1 :  0.031 0.013 0.024 0.087 0.285 0.019 0.009 0.531     (0.000,0.223) (0.000,0.076) (0.000,0.172) (0.000,0.490) (0.000,0.997) (0.000,0.112) (0.000,0.057) (0.000,0.999) 
 89      266    (0)    1 :  0.185 0.014 0.025 0.011 0.119 0.499 0.011 0.136     (0.000,0.639) (0.000,0.093) (0.000,0.179) (0.000,0.068) (0.000,0.892) (0.000,0.934) (0.000,0.070) (0.000,0.546) 
 90      267    (0)    1 :  0.169 0.667 0.060 0.013 0.017 0.016 0.033 0.025     (0.000,0.766) (0.000,1.000) (0.000,0.347) (0.000,0.089) (0.000,0.107) (0.000,0.107) (0.000,0.235) (0.000,0.175) 
 91      268    (0)    1 :  0.364 0.190 0.005 0.049 0.016 0.359 0.007 0.010     (0.000,0.992) (0.000,0.887) (0.000,0.031) (0.000,0.325) (0.000,0.072) (0.000,0.984) (0.000,0.042) (0.000,0.059) 
 92      270    (0)    1 :  0.013 0.016 0.776 0.027 0.087 0.009 0.050 0.022     (0.000,0.083) (0.000,0.111) (0.117,1.000) (0.000,0.195) (0.000,0.584) (0.000,0.050) (0.000,0.362) (0.000,0.151) 
 93      276    (0)    1 :  0.082 0.062 0.178 0.044 0.149 0.059 0.409 0.017     (0.000,0.491) (0.000,0.392) (0.000,0.876) (0.000,0.312) (0.000,0.877) (0.000,0.361) (0.000,0.866) (0.000,0.109) 
 94      298    (6)    1 :  0.073 0.734 0.007 0.015 0.018 0.121 0.019 0.013     (0.000,0.474) (0.260,1.000) (0.000,0.038) (0.000,0.098) (0.000,0.112) (0.000,0.548) (0.000,0.136) (0.000,0.080) 
 95      306    (0)    1 :  0.735 0.016 0.006 0.007 0.191 0.021 0.009 0.014     (0.331,1.000) (0.000,0.100) (0.000,0.034) (0.000,0.040) (0.000,0.600) (0.000,0.140) (0.000,0.056) (0.000,0.090) 
 96      308    (0)    1 :  0.063 0.177 0.008 0.080 0.191 0.437 0.006 0.037     (0.000,0.442) (0.000,0.653) (0.000,0.050) (0.000,0.425) (0.000,0.704) (0.000,0.985) (0.000,0.038) (0.000,0.266) 
 97      311    (6)    1 :  0.360 0.117 0.027 0.017 0.331 0.019 0.010 0.119     (0.000,0.996) (0.000,0.710) (0.000,0.186) (0.000,0.117) (0.000,0.988) (0.000,0.107) (0.000,0.059) (0.000,0.642) 
 98      323    (0)    1 :  0.006 0.006 0.008 0.005 0.006 0.005 0.957 0.008     (0.000,0.031) (0.000,0.033) (0.000,0.048) (0.000,0.027) (0.000,0.032) (0.000,0.026) (0.815,1.000) (0.000,0.046) 
 99      327    (0)    1 :  0.032 0.012 0.606 0.276 0.029 0.008 0.018 0.019     (0.000,0.226) (0.000,0.074) (0.013,0.998) (0.000,0.811) (0.000,0.195) (0.000,0.046) (0.000,0.126) (0.000,0.131) 
100      334    (0)    1 :  0.028 0.028 0.011 0.011 0.139 0.014 0.005 0.765     (0.000,0.203) (0.000,0.193) (0.000,0.060) (0.000,0.062) (0.000,0.990) (0.000,0.090) (0.000,0.028) (0.000,1.000) 
101      338    (0)    1 :  0.367 0.297 0.017 0.029 0.231 0.023 0.020 0.016     (0.000,0.971) (0.000,0.982) (0.000,0.116) (0.000,0.206) (0.000,0.921) (0.000,0.149) (0.000,0.139) (0.000,0.097) 
102      341    (0)    1 :  0.022 0.005 0.007 0.007 0.009 0.006 0.933 0.011     (0.000,0.145) (0.000,0.028) (0.000,0.042) (0.000,0.042) (0.000,0.052) (0.000,0.032) (0.726,1.000) (0.000,0.072) 
103      346    (0)    1 :  0.629 0.007 0.008 0.042 0.014 0.279 0.011 0.009     (0.000,1.000) (0.000,0.040) (0.000,0.050) (0.000,0.300) (0.000,0.081) (0.000,0.985) (0.000,0.065) (0.000,0.050) 
104      348    (0)    1 :  0.046 0.516 0.010 0.008 0.098 0.284 0.009 0.028     (0.000,0.339) (0.000,0.996) (0.000,0.064) (0.000,0.047) (0.000,0.509) (0.000,0.874) (0.000,0.055) (0.000,0.199) 
105      351    (0)    1 :  0.220 0.009 0.008 0.049 0.131 0.015 0.016 0.552     (0.000,0.948) (0.000,0.051) (0.000,0.046) (0.000,0.324) (0.000,0.977) (0.000,0.089) (0.000,0.107) (0.000,1.000) 
106      362    (0)    1 :  0.007 0.007 0.914 0.024 0.008 0.006 0.028 0.007     (0.000,0.042) (0.000,0.038) (0.638,1.000) (0.000,0.166) (0.000,0.047) (0.000,0.033) (0.000,0.199) (0.000,0.038) 
107      364    (0)    1 :  0.038 0.009 0.005 0.012 0.022 0.010 0.010 0.893     (0.000,0.260) (0.000,0.057) (0.000,0.028) (0.000,0.079) (0.000,0.135) (0.000,0.063) (0.000,0.065) (0.592,1.000) 
108      366    (0)    1 :  0.035 0.031 0.050 0.014 0.039 0.009 0.011 0.810     (0.000,0.245) (0.000,0.223) (0.000,0.344) (0.000,0.093) (0.000,0.183) (0.000,0.053) (0.000,0.073) (0.278,1.000) 
109      376    (0)    1 :  0.025 0.006 0.022 0.027 0.029 0.019 0.864 0.008     (0.000,0.184) (0.000,0.038) (0.000,0.150) (0.000,0.192) (0.000,0.191) (0.000,0.129) (0.564,1.000) (0.000,0.048) 
110      377    (6)    1 :  0.050 0.040 0.118 0.246 0.490 0.010 0.031 0.014     (0.000,0.383) (0.000,0.280) (0.000,0.558) (0.000,0.902) (0.000,0.998) (0.000,0.054) (0.000,0.215) (0.000,0.089) 
111      378    (0)    1 :  0.012 0.008 0.007 0.934 0.013 0.011 0.011 0.005     (0.000,0.078) (0.000,0.047) (0.000,0.043) (0.726,1.000) (0.000,0.082) (0.000,0.070) (0.000,0.065) (0.000,0.027) 
112      388    (0)    1 :  0.335 0.550 0.012 0.029 0.031 0.014 0.011 0.019     (0.000,0.991) (0.000,1.000) (0.000,0.079) (0.000,0.207) (0.000,0.218) (0.000,0.089) (0.000,0.065) (0.000,0.128) 
113      391    (0)    1 :  0.215 0.020 0.006 0.228 0.095 0.010 0.412 0.012     (0.000,0.787) (0.000,0.145) (0.000,0.038) (0.000,0.603) (0.000,0.543) (0.000,0.060) (0.000,0.799) (0.000,0.072) 
114      401    (0)    1 :  0.031 0.008 0.363 0.012 0.156 0.177 0.080 0.173     (0.000,0.226) (0.000,0.050) (0.000,0.763) (0.000,0.074) (0.000,0.949) (0.000,0.622) (0.000,0.511) (0.000,0.686) 
115      406    (0)    1 :  0.636 0.104 0.010 0.017 0.090 0.023 0.085 0.036     (0.000,1.000) (0.000,0.707) (0.000,0.060) (0.000,0.104) (0.000,0.603) (0.000,0.155) (0.000,0.503) (0.000,0.259) 
116      412    (6)    1 :  0.656 0.069 0.016 0.027 0.177 0.019 0.020 0.015     (0.000,1.000) (0.000,0.560) (0.000,0.105) (0.000,0.192) (0.000,0.965) (0.000,0.113) (0.000,0.132) (0.000,0.091) 
117      413    (0)    1 :  0.163 0.019 0.012 0.008 0.553 0.195 0.004 0.046     (0.000,0.985) (0.000,0.130) (0.000,0.080) (0.000,0.046) (0.000,1.000) (0.000,0.987) (0.000,0.022) (0.000,0.283) 
118      421    (0)    1 :  0.076 0.015 0.338 0.017 0.488 0.025 0.024 0.016     (0.000,0.489) (0.000,0.096) (0.000,0.834) (0.000,0.113) (0.000,0.994) (0.000,0.171) (0.000,0.170) (0.000,0.101) 
119      423    (0)    1 :  0.020 0.032 0.339 0.014 0.534 0.009 0.019 0.032     (0.000,0.107) (0.000,0.235) (0.000,0.983) (0.000,0.090) (0.000,0.999) (0.000,0.049) (0.000,0.137) (0.000,0.232) 
120      424    (0)    1 :  0.494 0.022 0.010 0.027 0.246 0.024 0.147 0.030     (0.000,1.000) (0.000,0.150) (0.000,0.060) (0.000,0.193) (0.000,0.957) (0.000,0.149) (0.000,0.679) (0.000,0.212) 
121      426    (0)    1 :  0.032 0.013 0.021 0.829 0.042 0.017 0.024 0.022     (0.000,0.221) (0.000,0.084) (0.000,0.149) (0.447,1.000) (0.000,0.278) (0.000,0.119) (0.000,0.174) (0.000,0.151) 
122      430   (12)    1 :  0.623 0.018 0.018 0.018 0.221 0.058 0.036 0.009     (0.000,1.000) (0.000,0.116) (0.000,0.113) (0.000,0.113) (0.000,0.858) (0.000,0.431) (0.000,0.260) (0.000,0.048) 
123      435    (0)    1 :  0.094 0.030 0.005 0.014 0.296 0.550 0.005 0.005     (0.000,0.649) (0.000,0.195) (0.000,0.028) (0.000,0.086) (0.000,0.831) (0.000,0.999) (0.000,0.030) (0.000,0.028) 
124      476    (0)    1 :  0.015 0.008 0.112 0.017 0.031 0.027 0.761 0.028     (0.000,0.102) (0.000,0.047) (0.000,0.495) (0.000,0.119) (0.000,0.205) (0.000,0.185) (0.390,0.999) (0.000,0.188) 
125      478    (0)    1 :  0.018 0.009 0.158 0.020 0.064 0.007 0.700 0.025     (0.000,0.126) (0.000,0.055) (0.000,0.526) (0.000,0.141) (0.000,0.438) (0.000,0.038) (0.321,0.994) (0.000,0.178) 
126      484    (0)    1 :  0.352 0.569 0.007 0.010 0.011 0.029 0.015 0.007     (0.000,0.903) (0.000,1.000) (0.000,0.043) (0.000,0.063) (0.000,0.064) (0.000,0.212) (0.000,0.097) (0.000,0.038) 
127      489    (0)    1 :  0.065 0.060 0.018 0.343 0.486 0.009 0.011 0.009     (0.000,0.517) (0.000,0.404) (0.000,0.111) (0.000,0.993) (0.000,1.000) (0.000,0.045) (0.000,0.068) (0.000,0.049) 
128      493    (0)    1 :  0.011 0.005 0.013 0.013 0.020 0.008 0.008 0.923     (0.000,0.070) (0.000,0.031) (0.000,0.087) (0.000,0.083) (0.000,0.113) (0.000,0.048) (0.000,0.048) (0.696,1.000) 
129      494    (0)    1 :  0.006 0.007 0.016 0.026 0.067 0.009 0.014 0.856     (0.000,0.033) (0.000,0.044) (0.000,0.106) (0.000,0.188) (0.000,0.572) (0.000,0.052) (0.000,0.095) (0.299,1.000) 
130      500    (0)    1 :  0.005 0.004 0.944 0.008 0.011 0.004 0.016 0.007     (0.000,0.029) (0.000,0.022) (0.748,1.000) (0.000,0.048) (0.000,0.053) (0.000,0.024) (0.000,0.110) (0.000,0.039) 
131      504    (0)    1 :  0.141 0.670 0.053 0.058 0.022 0.015 0.010 0.030     (0.000,0.691) (0.089,0.999) (0.000,0.309) (0.000,0.335) (0.000,0.133) (0.000,0.097) (0.000,0.066) (0.000,0.210) 
132      506    (0)    1 :  0.016 0.872 0.074 0.010 0.007 0.005 0.010 0.006     (0.000,0.093) (0.524,1.000) (0.000,0.390) (0.000,0.060) (0.000,0.040) (0.000,0.027) (0.000,0.059) (0.000,0.035) 


Estimated Allele Frequencies in each cluster
First column gives estimated ancestral frequencies


Locus 1 : Rsu3 
3 alleles
0.0% missing data
 164   (0.535) 0.523 0.404 0.670 0.631 0.369 0.632 0.494 0.572 
 166   (0.239) 0.354 0.559 0.063 0.245 0.446 0.135 0.090 0.193 
 170   (0.225) 0.123 0.036 0.267 0.123 0.186 0.233 0.417 0.235 

Locus 2 : Rsu5 
5 alleles
0.0% missing data
 137   (0.731) 0.891 0.386 0.953 0.881 0.826 0.789 0.974 0.649 
 135   (0.087) 0.067 0.014 0.008 0.057 0.070 0.041 0.013 0.116 
 139   (0.106) 0.021 0.012 0.032 0.055 0.077 0.074 0.009 0.195 
 133   (0.024) 0.002 0.002 0.002 0.002 0.007 0.003 0.002 0.026 
 131   (0.052) 0.019 0.585 0.004 0.005 0.019 0.092 0.003 0.014 

Locus 3 : Scv1 
5 alleles
0.0% missing data
 181   (0.536) 0.343 0.392 0.664 0.780 0.398 0.347 0.953 0.675 
 179   (0.190) 0.354 0.094 0.106 0.098 0.123 0.282 0.022 0.168 
 177   (0.108) 0.244 0.178 0.014 0.105 0.224 0.036 0.011 0.059 
 185   (0.137) 0.056 0.333 0.213 0.013 0.243 0.332 0.013 0.063 
 171   (0.029) 0.003 0.003 0.002 0.003 0.012 0.004 0.002 0.035 

Locus 4 : Rsu4 
9 alleles
0.0% missing data
 267   (0.194) 0.049 0.137 0.311 0.079 0.118 0.097 0.146 0.305 
 263   (0.336) 0.414 0.374 0.208 0.760 0.627 0.322 0.470 0.261 
 259   (0.059) 0.009 0.006 0.172 0.058 0.066 0.009 0.273 0.017 
 287   (0.163) 0.412 0.164 0.257 0.062 0.086 0.073 0.093 0.119 
 275   (0.039) 0.007 0.004 0.003 0.003 0.013 0.015 0.003 0.115 
 279   (0.067) 0.016 0.008 0.010 0.014 0.032 0.290 0.005 0.074 
 283   (0.076) 0.084 0.300 0.006 0.007 0.031 0.183 0.005 0.043 
 291   (0.039) 0.006 0.004 0.031 0.014 0.018 0.006 0.003 0.024 
 271   (0.027) 0.004 0.003 0.002 0.003 0.009 0.004 0.002 0.041 

Locus 5 : Rsu6 
5 alleles
0.0% missing data
 120   (0.264) 0.376 0.084 0.218 0.523 0.244 0.200 0.289 0.215 
 126   (0.602) 0.609 0.901 0.474 0.418 0.706 0.779 0.576 0.634 
 124   (0.080) 0.009 0.009 0.289 0.054 0.029 0.014 0.131 0.055 
 130   (0.030) 0.003 0.003 0.003 0.003 0.008 0.004 0.002 0.089 
 114   (0.024) 0.003 0.003 0.017 0.002 0.012 0.003 0.002 0.007 

Locus 6 : Scv12 
3 alleles
0.8% missing data
 198   (0.578) 0.600 0.398 0.272 0.398 0.728 0.651 0.695 0.730 
 196   (0.263) 0.364 0.542 0.159 0.283 0.192 0.203 0.285 0.140 
 200   (0.159) 0.036 0.060 0.568 0.319 0.080 0.146 0.020 0.130 

Locus 7 : Scv23 
3 alleles
0.8% missing data
 158   (0.525) 0.454 0.806 0.729 0.467 0.708 0.552 0.353 0.466 
 164   (0.187) 0.249 0.110 0.060 0.118 0.083 0.035 0.445 0.268 
 160   (0.288) 0.298 0.083 0.210 0.415 0.209 0.413 0.202 0.266 

Locus 8 : Scv13 
5 alleles
0.0% missing data
 182   (0.725) 0.911 0.906 0.906 0.967 0.874 0.496 0.784 0.693 
 180   (0.092) 0.014 0.010 0.070 0.017 0.048 0.016 0.186 0.112 
 172   (0.080) 0.051 0.072 0.007 0.007 0.030 0.311 0.006 0.055 
 184   (0.065) 0.017 0.008 0.013 0.006 0.032 0.018 0.021 0.121 
 174   (0.039) 0.007 0.004 0.004 0.003 0.017 0.159 0.003 0.019 

Locus 9 : Scv32 
18 alleles
0.0% missing data
 236   (0.032) 0.004 0.003 0.003 0.003 0.015 0.006 0.002 0.130 
 238   (0.046) 0.205 0.077 0.004 0.008 0.018 0.008 0.003 0.025 
 234   (0.136) 0.363 0.076 0.019 0.118 0.223 0.649 0.330 0.057 
 246   (0.059) 0.008 0.008 0.169 0.012 0.077 0.015 0.313 0.017 
 248   (0.101) 0.037 0.023 0.111 0.379 0.126 0.015 0.008 0.138 
 262   (0.107) 0.113 0.032 0.307 0.145 0.108 0.034 0.012 0.055 
 232   (0.159) 0.072 0.508 0.092 0.016 0.218 0.044 0.176 0.353 
 250   (0.023) 0.008 0.002 0.003 0.270 0.009 0.003 0.003 0.007 
 228   (0.023) 0.003 0.002 0.002 0.003 0.011 0.005 0.002 0.031 
 220   (0.041) 0.005 0.004 0.247 0.008 0.018 0.007 0.069 0.013 
 264   (0.056) 0.096 0.006 0.006 0.009 0.037 0.018 0.042 0.052 
 252   (0.046) 0.012 0.092 0.021 0.005 0.015 0.091 0.003 0.013 
 254   (0.047) 0.029 0.100 0.004 0.008 0.019 0.084 0.003 0.027 
 242   (0.025) 0.003 0.002 0.002 0.002 0.009 0.003 0.002 0.040 
 266   (0.027) 0.030 0.032 0.003 0.003 0.024 0.005 0.002 0.009 
 244   (0.028) 0.006 0.028 0.003 0.007 0.061 0.004 0.002 0.009 
 226   (0.019) 0.002 0.002 0.002 0.002 0.005 0.003 0.026 0.006 
 240   (0.024) 0.003 0.002 0.002 0.002 0.007 0.007 0.002 0.018 

Locus 10 : Scv8 
6 alleles
0.0% missing data
 200   (0.620) 0.806 0.619 0.736 0.820 0.543 0.415 0.826 0.650 
 202   (0.096) 0.082 0.056 0.009 0.009 0.084 0.051 0.007 0.167 
 194   (0.090) 0.062 0.009 0.073 0.029 0.228 0.055 0.153 0.037 
 204   (0.051) 0.008 0.005 0.036 0.125 0.027 0.009 0.004 0.024 
 198   (0.073) 0.014 0.008 0.141 0.010 0.090 0.015 0.005 0.089 
 188   (0.069) 0.028 0.303 0.006 0.006 0.028 0.455 0.005 0.033 

Locus 11 : Scv9 
5 alleles
0.0% missing data
 198   (0.309) 0.627 0.328 0.103 0.517 0.241 0.538 0.420 0.191 
 200   (0.340) 0.087 0.336 0.616 0.372 0.226 0.110 0.362 0.525 
 196   (0.280) 0.277 0.327 0.275 0.104 0.507 0.211 0.044 0.264 
 204   (0.047) 0.007 0.006 0.004 0.005 0.019 0.110 0.173 0.013 
 202   (0.024) 0.003 0.004 0.002 0.002 0.007 0.031 0.002 0.007 

Locus 12 : Rsu1 
6 alleles
0.0% missing data
 189   (0.294) 0.229 0.099 0.069 0.067 0.245 0.273 0.508 0.517 
 185   (0.270) 0.553 0.791 0.196 0.077 0.328 0.133 0.168 0.191 
 177   (0.084) 0.016 0.067 0.145 0.013 0.058 0.046 0.011 0.044 
 181   (0.247) 0.188 0.034 0.197 0.747 0.297 0.533 0.051 0.218 
 193   (0.058) 0.009 0.006 0.288 0.091 0.047 0.009 0.030 0.017 
 197   (0.047) 0.005 0.004 0.105 0.005 0.024 0.006 0.233 0.013 

Locus 13 : Scv14 
7 alleles
4.5% missing data
 196   (0.550) 0.493 0.602 0.832 0.886 0.597 0.668 0.936 0.469 
 198   (0.080) 0.238 0.029 0.007 0.015 0.031 0.056 0.006 0.105 
 194   (0.127) 0.041 0.034 0.025 0.049 0.252 0.160 0.016 0.196 
 202   (0.173) 0.216 0.328 0.124 0.030 0.096 0.090 0.035 0.191 
 204   (0.024) 0.003 0.002 0.002 0.003 0.008 0.004 0.002 0.021 
 190   (0.023) 0.003 0.002 0.009 0.016 0.009 0.004 0.002 0.008 
 200   (0.023) 0.007 0.002 0.002 0.002 0.007 0.018 0.002 0.010 

Locus 14 : Scv16 
7 alleles
0.0% missing data
 182   (0.399) 0.567 0.270 0.570 0.768 0.604 0.534 0.184 0.263 
 184   (0.412) 0.385 0.663 0.285 0.212 0.302 0.197 0.789 0.536 
 188   (0.062) 0.007 0.007 0.133 0.006 0.051 0.009 0.019 0.137 
 200   (0.025) 0.003 0.003 0.002 0.002 0.007 0.004 0.002 0.024 
 198   (0.042) 0.026 0.034 0.004 0.006 0.014 0.154 0.003 0.012 
 190   (0.037) 0.011 0.020 0.003 0.004 0.013 0.097 0.003 0.010 
 186   (0.023) 0.003 0.003 0.003 0.002 0.008 0.006 0.002 0.017 

Locus 15 : Scv31 
15 alleles
3.0% missing data
 193   (0.112) 0.224 0.149 0.035 0.597 0.055 0.037 0.013 0.081 
 201   (0.102) 0.016 0.077 0.066 0.094 0.045 0.016 0.010 0.217 
 187   (0.085) 0.022 0.128 0.356 0.072 0.032 0.013 0.265 0.026 
 207   (0.032) 0.004 0.004 0.009 0.003 0.021 0.004 0.406 0.009 
 195   (0.072) 0.018 0.194 0.081 0.018 0.191 0.037 0.011 0.022 
 185   (0.176) 0.513 0.140 0.020 0.023 0.140 0.304 0.228 0.133 
 189   (0.057) 0.006 0.006 0.005 0.132 0.020 0.008 0.004 0.212 
 205   (0.022) 0.003 0.003 0.002 0.002 0.009 0.005 0.002 0.018 
 191   (0.141) 0.164 0.018 0.342 0.038 0.410 0.468 0.047 0.056 
 197   (0.032) 0.005 0.224 0.007 0.005 0.009 0.004 0.003 0.009 
 199   (0.056) 0.008 0.046 0.005 0.005 0.022 0.086 0.004 0.067 
 203   (0.031) 0.003 0.003 0.003 0.003 0.009 0.004 0.002 0.068 
 209   (0.030) 0.008 0.003 0.003 0.003 0.011 0.006 0.002 0.035 
 213   (0.030) 0.004 0.004 0.003 0.003 0.010 0.004 0.002 0.040 
 181   (0.024) 0.003 0.002 0.063 0.002 0.016 0.003 0.002 0.007 

Locus 16 : Scv6 
8 alleles
0.0% missing data
 191   (0.100) 0.015 0.020 0.197 0.240 0.043 0.015 0.008 0.196 
 195   (0.371) 0.492 0.623 0.442 0.425 0.473 0.211 0.696 0.293 
 197   (0.215) 0.222 0.231 0.318 0.292 0.117 0.381 0.256 0.113 
 201   (0.082) 0.052 0.009 0.007 0.012 0.052 0.135 0.006 0.149 
 205   (0.026) 0.003 0.003 0.002 0.002 0.007 0.003 0.002 0.048 
 193   (0.102) 0.117 0.082 0.011 0.010 0.077 0.189 0.008 0.115 
 199   (0.078) 0.097 0.030 0.021 0.017 0.224 0.062 0.024 0.043 
 181   (0.026) 0.003 0.003 0.002 0.002 0.008 0.004 0.002 0.043 

Values of parameters used in structure:
DATAFILE=M:\STRUCTURE\Squirrel_132_ID_16L_20250816\project_data,	OUTFILE=M:\STRUCTURE\Squirrel_132_ID_16L_20250816\10k_Burnin_100k_MCMC\Results\10k_Burnin_100k_MCMC_run_176,	NUMINDS=132,	NUMLOCI=16,	MISSING=-9,	LABEL=1,	POPDATA=1,	POPFLAG=0,	PHENOTYPE=0,	EXTRACOLS=1,	MAXPOPS=8,	BURNIN=10000,	NUMREPS=100000,	USEPOPINFO=0,	INFERALPHA=1,	INFERLAMBDA=1,	POPSPECIFICLAMBDA=0,	POPALPHAS=0,	COMPUTEPROB=1,	NOADMIX=0,	ADMBURNIN=2500,	UPDATEFREQ=1,	PRINTLIKES=0,	INTERMEDSAVE=0,	PRINTKLD=0,	PRINTNET=0,	PRINTLAMBDA=0,	ANCESTDIST=1,	NUMBOXES=1000,	ANCESTPINT=0.90000,	GENSBACK=2,	MIGRPRIOR=0.05000,	PRINTQHAT=1,	PRINTQSUM=0,	ALPHA=1.0000,	FREQSCORR=1,	FPRIORMEAN=0.0100,	FPRIORSD=0.0500,	ONEFST=0,	LAMBDA=1.0000,	UNIFPRIORALPHA=1,	ALPHAMAX=10.0000,	ALPHAPRIORA=1.0000,	ALPHAPRIORB=2.0000,	ALPHAPROPSD=0.0250,	STARTATPOPINFO=0,	RANDOMIZE=1,	LINKAGE=0,	METROFREQ=10,	REPORTHITRATE=0,	MARKOVPHASE=-1,	PHASED=0,	PLOIDY=2,	PHASEINFO=0	LOCPRIOR=0, 	LOCPRIORINIT=1.000000, 	LOCDATA=0, 	LOCISPOP=0, 	LOCPRIORSTEP=0.100000, 	MAXLOCPRIOR=20.000000, 	SEED=1763752668,	
[STRAT parameters]:    NUMSIMSTATS=1000,	PHENOTYPECOL=-9,	POOLFREQ=10,	LOCUSxONLY=0,	EMERROR=0.00100,	MISSINGPHENO=-9,	