

----------------------------------------------------
STRUCTURE by Pritchard, Stephens and Donnelly (2000)
     and Falush, Stephens and Pritchard (2003)
       Code by Pritchard, Falush and Hubisz
             Version 2.3.4 (Jul 2012)
----------------------------------------------------



Command line arguments:   bin\structure -m M:\STRUCTURE\Squirrel_132_ID_16L_20250816\10k_Burnin_100k_MCMC\mainparams -e M:\STRUCTURE\Squirrel_132_ID_16L_20250816\10k_Burnin_100k_MCMC\extraparams 
Input File:    M:\STRUCTURE\Squirrel_132_ID_16L_20250816\project_data

Run parameters:
   132 individuals
   16 loci
   5 populations assumed
   10000 Burn-in period
   100000 Reps


--------------------------------------------
Proportion of membership of each pre-defined
 population in each of the 5 clusters

Given    Inferred Clusters                     Number of
 Pop       1      2      3      4      5      Individuals

  1:     0.149  0.205  0.281  0.180  0.186      132
--------------------------------------------

Allele-freq. divergence among pops (Net nucleotide distance),
computed using point estimates of P.

      1       2       3       4       5      
 1      -    0.0820  0.0664  0.0528  0.0861  
 2   0.0820     -    0.0708  0.0502  0.0576  
 3   0.0664  0.0708     -    0.0494  0.0651  
 4   0.0528  0.0502  0.0494     -    0.0553  
 5   0.0861  0.0576  0.0651  0.0553     -    

Average distances (expected heterozygosity) between individuals in same cluster:
cluster  1  : 0.4816 
cluster  2  : 0.5700 
cluster  3  : 0.5478 
cluster  4  : 0.6429 
cluster  5  : 0.5831 

--------------------------------------------
Estimated Ln Prob of Data   = -4779.4
Mean value of ln likelihood = -4618.7
Variance of ln likelihood   = 321.4
Mean value of alpha         = 0.0432

Mean value of lambda        = 1.0238

Mean value of Fst_1         = 0.2568
Mean value of Fst_2         = 0.1659
Mean value of Fst_3         = 0.1600
Mean value of Fst_4         = 0.0454
Mean value of Fst_5         = 0.1462


Inferred ancestry of individuals:
        Label (%Miss) Pop:  Inferred clusters (and 90% probability intervals)
  1       1*    (0)    1 :  0.014 0.033 0.013 0.931 0.009     (0.000,0.084) (0.000,0.239) (0.000,0.086) (0.649,1.000) (0.000,0.052) 
  2        3    (0)    1 :  0.978 0.006 0.006 0.005 0.005     (0.881,1.000) (0.000,0.033) (0.000,0.031) (0.000,0.027) (0.000,0.027) 
  3        6    (0)    1 :  0.943 0.020 0.017 0.006 0.014     (0.695,1.000) (0.000,0.141) (0.000,0.107) (0.000,0.030) (0.000,0.088) 
  4        8    (0)    1 :  0.007 0.009 0.971 0.009 0.004     (0.000,0.036) (0.000,0.055) (0.841,1.000) (0.000,0.048) (0.000,0.021) 
  5       10    (0)    1 :  0.005 0.005 0.979 0.006 0.005     (0.000,0.030) (0.000,0.024) (0.885,1.000) (0.000,0.031) (0.000,0.029) 
  6       11    (0)    1 :  0.037 0.021 0.064 0.803 0.075     (0.000,0.282) (0.000,0.142) (0.000,0.412) (0.001,1.000) (0.000,0.534) 
  7       12    (0)    1 :  0.010 0.010 0.956 0.010 0.014     (0.000,0.057) (0.000,0.061) (0.765,1.000) (0.000,0.054) (0.000,0.080) 
  8       16    (6)    1 :  0.970 0.005 0.013 0.006 0.006     (0.834,1.000) (0.000,0.027) (0.000,0.075) (0.000,0.033) (0.000,0.033) 
  9       18    (0)    1 :  0.009 0.005 0.008 0.974 0.005     (0.000,0.049) (0.000,0.027) (0.000,0.041) (0.859,1.000) (0.000,0.026) 
 10       19    (0)    1 :  0.014 0.024 0.023 0.894 0.044     (0.000,0.089) (0.000,0.155) (0.000,0.162) (0.477,1.000) (0.000,0.326) 
 11       21    (6)    1 :  0.969 0.006 0.012 0.006 0.007     (0.829,1.000) (0.000,0.033) (0.000,0.075) (0.000,0.030) (0.000,0.042) 
 12       23    (6)    1 :  0.028 0.064 0.722 0.021 0.165     (0.000,0.201) (0.000,0.440) (0.000,1.000) (0.000,0.136) (0.000,0.824) 
 13       24    (6)    1 :  0.011 0.010 0.760 0.166 0.052     (0.000,0.067) (0.000,0.060) (0.208,1.000) (0.000,0.725) (0.000,0.326) 
 14       25    (6)    1 :  0.026 0.039 0.876 0.032 0.027     (0.000,0.191) (0.000,0.289) (0.488,1.000) (0.000,0.230) (0.000,0.195) 
 15      26*    (0)    1 :  0.065 0.005 0.913 0.012 0.004     (0.000,0.413) (0.000,0.024) (0.553,1.000) (0.000,0.078) (0.000,0.024) 
 16       28    (0)    1 :  0.041 0.007 0.939 0.007 0.007     (0.000,0.304) (0.000,0.040) (0.659,1.000) (0.000,0.036) (0.000,0.037) 
 17       29    (0)    1 :  0.005 0.004 0.977 0.008 0.006     (0.000,0.027) (0.000,0.023) (0.876,1.000) (0.000,0.043) (0.000,0.031) 
 18       30    (0)    1 :  0.118 0.347 0.506 0.022 0.007     (0.000,0.691) (0.000,0.803) (0.000,1.000) (0.000,0.121) (0.000,0.034) 
 19       33    (0)    1 :  0.006 0.010 0.005 0.960 0.019     (0.000,0.034) (0.000,0.059) (0.000,0.024) (0.787,1.000) (0.000,0.132) 
 20       37    (0)    1 :  0.013 0.005 0.012 0.963 0.007     (0.000,0.079) (0.000,0.029) (0.000,0.073) (0.796,1.000) (0.000,0.042) 
 21       38    (0)    1 :  0.009 0.004 0.016 0.966 0.005     (0.000,0.057) (0.000,0.020) (0.000,0.107) (0.810,1.000) (0.000,0.025) 
 22       43    (0)    1 :  0.010 0.005 0.968 0.010 0.008     (0.000,0.056) (0.000,0.028) (0.824,1.000) (0.000,0.055) (0.000,0.044) 
 23       44    (0)    1 :  0.493 0.099 0.363 0.022 0.023     (0.102,0.900) (0.000,0.524) (0.000,0.860) (0.000,0.150) (0.000,0.164) 
 24       48    (0)    1 :  0.013 0.005 0.006 0.972 0.004     (0.000,0.079) (0.000,0.029) (0.000,0.032) (0.848,1.000) (0.000,0.022) 
 25       55    (0)    1 :  0.396 0.034 0.539 0.016 0.016     (0.000,1.000) (0.000,0.247) (0.000,1.000) (0.000,0.098) (0.000,0.111) 
 26       59    (0)    1 :  0.981 0.005 0.005 0.005 0.004     (0.894,1.000) (0.000,0.027) (0.000,0.028) (0.000,0.029) (0.000,0.019) 
 27       60    (0)    1 :  0.026 0.467 0.013 0.140 0.353     (0.000,0.186) (0.000,1.000) (0.000,0.084) (0.000,0.980) (0.000,1.000) 
 28       61    (0)    1 :  0.015 0.041 0.007 0.008 0.928     (0.000,0.100) (0.000,0.301) (0.000,0.040) (0.000,0.045) (0.623,1.000) 
 29       62    (0)    1 :  0.014 0.030 0.015 0.019 0.922     (0.000,0.087) (0.000,0.213) (0.000,0.102) (0.000,0.124) (0.621,1.000) 
 30       65    (0)    1 :  0.005 0.020 0.008 0.955 0.011     (0.000,0.028) (0.000,0.145) (0.000,0.048) (0.767,1.000) (0.000,0.072) 
 31       73    (0)    1 :  0.006 0.949 0.029 0.010 0.006     (0.000,0.034) (0.747,1.000) (0.000,0.194) (0.000,0.062) (0.000,0.034) 
 32       75    (0)    1 :  0.010 0.052 0.008 0.025 0.904     (0.000,0.066) (0.000,0.354) (0.000,0.051) (0.000,0.173) (0.535,1.000) 
 33       76    (0)    1 :  0.005 0.007 0.005 0.005 0.978     (0.000,0.028) (0.000,0.036) (0.000,0.029) (0.000,0.025) (0.884,1.000) 
 34       77    (0)    1 :  0.006 0.006 0.005 0.007 0.976     (0.000,0.035) (0.000,0.031) (0.000,0.026) (0.000,0.039) (0.867,1.000) 
 35       78    (0)    1 :  0.007 0.806 0.012 0.016 0.159     (0.000,0.040) (0.000,1.000) (0.000,0.079) (0.000,0.097) (0.000,0.957) 
 36       79    (0)    1 :  0.004 0.046 0.005 0.010 0.935     (0.000,0.023) (0.000,0.317) (0.000,0.028) (0.000,0.060) (0.646,1.000) 
 37       84    (0)    1 :  0.700 0.033 0.202 0.016 0.050     (0.293,1.000) (0.000,0.242) (0.000,0.618) (0.000,0.103) (0.000,0.335) 
 38       85    (0)    1 :  0.014 0.016 0.941 0.019 0.009     (0.000,0.087) (0.000,0.109) (0.697,1.000) (0.000,0.127) (0.000,0.055) 
 39       86    (0)    1 :  0.007 0.027 0.933 0.018 0.016     (0.000,0.039) (0.000,0.199) (0.658,1.000) (0.000,0.110) (0.000,0.102) 
 40       89    (0)    1 :  0.630 0.044 0.137 0.054 0.135     (0.000,1.000) (0.000,0.309) (0.000,0.774) (0.000,0.369) (0.000,0.567) 
 41       94    (0)    1 :  0.013 0.005 0.893 0.082 0.008     (0.000,0.078) (0.000,0.024) (0.293,1.000) (0.000,0.640) (0.000,0.046) 
 42       95    (0)    1 :  0.968 0.008 0.008 0.010 0.006     (0.826,1.000) (0.000,0.045) (0.000,0.045) (0.000,0.054) (0.000,0.035) 
 43       96    (0)    1 :  0.005 0.005 0.979 0.004 0.005     (0.000,0.028) (0.000,0.030) (0.888,1.000) (0.000,0.023) (0.000,0.029) 
 44       98    (0)    1 :  0.008 0.841 0.009 0.009 0.133     (0.000,0.046) (0.000,1.000) (0.000,0.049) (0.000,0.046) (0.000,0.996) 
 45      102    (0)    1 :  0.032 0.012 0.009 0.931 0.017     (0.000,0.231) (0.000,0.077) (0.000,0.053) (0.673,1.000) (0.000,0.119) 
 46      105    (0)    1 :  0.005 0.976 0.005 0.009 0.005     (0.000,0.029) (0.869,1.000) (0.000,0.029) (0.000,0.053) (0.000,0.026) 
 47      106    (0)    1 :  0.169 0.192 0.016 0.032 0.592     (0.000,0.561) (0.000,0.738) (0.000,0.109) (0.000,0.213) (0.000,1.000) 
 48      108    (0)    1 :  0.008 0.900 0.009 0.057 0.026     (0.000,0.046) (0.531,1.000) (0.000,0.056) (0.000,0.375) (0.000,0.175) 
 49      109    (0)    1 :  0.009 0.963 0.009 0.007 0.012     (0.000,0.060) (0.798,1.000) (0.000,0.054) (0.000,0.035) (0.000,0.069) 
 50      112    (0)    1 :  0.011 0.018 0.166 0.050 0.755     (0.000,0.063) (0.000,0.107) (0.000,0.758) (0.000,0.346) (0.000,1.000) 
 51      115    (0)    1 :  0.012 0.036 0.025 0.915 0.011     (0.000,0.071) (0.000,0.269) (0.000,0.180) (0.568,1.000) (0.000,0.063) 
 52      116    (0)    1 :  0.025 0.024 0.908 0.031 0.012     (0.000,0.174) (0.000,0.178) (0.575,1.000) (0.000,0.225) (0.000,0.072) 
 53      117    (0)    1 :  0.320 0.027 0.607 0.016 0.031     (0.000,0.993) (0.000,0.181) (0.000,1.000) (0.000,0.100) (0.000,0.222) 
 54      129    (0)    1 :  0.042 0.006 0.942 0.007 0.004     (0.000,0.301) (0.000,0.030) (0.675,1.000) (0.000,0.037) (0.000,0.021) 
 55      132    (0)    1 :  0.033 0.280 0.043 0.535 0.110     (0.000,0.240) (0.000,0.985) (0.000,0.318) (0.000,1.000) (0.000,0.791) 
 56      133    (0)    1 :  0.011 0.812 0.006 0.009 0.162     (0.000,0.064) (0.000,1.000) (0.000,0.035) (0.000,0.047) (0.000,0.998) 
 57      137    (6)    1 :  0.014 0.018 0.011 0.010 0.947     (0.000,0.087) (0.000,0.111) (0.000,0.067) (0.000,0.055) (0.721,1.000) 
 58      139    (0)    1 :  0.012 0.022 0.015 0.032 0.919     (0.000,0.083) (0.000,0.115) (0.000,0.100) (0.000,0.216) (0.604,1.000) 
 59      140    (0)    1 :  0.010 0.966 0.005 0.006 0.012     (0.000,0.064) (0.818,1.000) (0.000,0.029) (0.000,0.032) (0.000,0.072) 
 60      142    (0)    1 :  0.015 0.010 0.006 0.007 0.962     (0.000,0.104) (0.000,0.058) (0.000,0.030) (0.000,0.037) (0.794,1.000) 
 61      144    (0)    1 :  0.006 0.981 0.004 0.005 0.005     (0.000,0.031) (0.896,1.000) (0.000,0.019) (0.000,0.024) (0.000,0.027) 
 62      145    (0)    1 :  0.009 0.016 0.005 0.008 0.961     (0.000,0.051) (0.000,0.106) (0.000,0.029) (0.000,0.044) (0.786,1.000) 
 63      147    (0)    1 :  0.005 0.968 0.006 0.007 0.014     (0.000,0.025) (0.843,1.000) (0.000,0.033) (0.000,0.041) (0.000,0.060) 
 64      160    (0)    1 :  0.010 0.006 0.958 0.019 0.007     (0.000,0.060) (0.000,0.030) (0.787,1.000) (0.000,0.090) (0.000,0.041) 
 65     162*    (0)    1 :  0.005 0.005 0.979 0.005 0.006     (0.000,0.025) (0.000,0.029) (0.887,1.000) (0.000,0.026) (0.000,0.030) 
 66      166    (0)    1 :  0.027 0.648 0.007 0.011 0.306     (0.000,0.188) (0.000,1.000) (0.000,0.040) (0.000,0.065) (0.000,1.000) 
 67      177    (0)    1 :  0.004 0.004 0.006 0.005 0.981     (0.000,0.022) (0.000,0.023) (0.000,0.031) (0.000,0.025) (0.900,1.000) 
 68      178    (0)    1 :  0.010 0.089 0.023 0.019 0.860     (0.000,0.058) (0.000,0.455) (0.000,0.165) (0.000,0.126) (0.477,1.000) 
 69      186    (0)    1 :  0.982 0.004 0.005 0.004 0.004     (0.902,1.000) (0.000,0.023) (0.000,0.029) (0.000,0.023) (0.000,0.023) 
 70      189    (0)    1 :  0.009 0.004 0.970 0.008 0.010     (0.000,0.051) (0.000,0.021) (0.835,1.000) (0.000,0.041) (0.000,0.056) 
 71      190    (0)    1 :  0.024 0.009 0.943 0.014 0.010     (0.000,0.175) (0.000,0.051) (0.716,1.000) (0.000,0.091) (0.000,0.061) 
 72      191    (0)    1 :  0.696 0.055 0.197 0.013 0.038     (0.102,1.000) (0.000,0.350) (0.000,0.845) (0.000,0.079) (0.000,0.280) 
 73      193    (0)    1 :  0.058 0.021 0.014 0.013 0.893     (0.000,0.407) (0.000,0.147) (0.000,0.077) (0.000,0.075) (0.483,1.000) 
 74      202    (0)    1 :  0.009 0.012 0.918 0.046 0.015     (0.000,0.056) (0.000,0.079) (0.622,1.000) (0.000,0.298) (0.000,0.101) 
 75      204    (0)    1 :  0.062 0.004 0.926 0.005 0.003     (0.000,0.439) (0.000,0.022) (0.545,1.000) (0.000,0.025) (0.000,0.018) 
 76      211    (0)    1 :  0.012 0.746 0.045 0.050 0.147     (0.000,0.075) (0.000,1.000) (0.000,0.307) (0.000,0.350) (0.000,0.987) 
 77      216    (0)    1 :  0.005 0.939 0.006 0.006 0.043     (0.000,0.026) (0.692,1.000) (0.000,0.032) (0.000,0.034) (0.000,0.273) 
 78      222    (0)    1 :  0.008 0.902 0.015 0.049 0.026     (0.000,0.045) (0.546,1.000) (0.000,0.084) (0.000,0.336) (0.000,0.170) 
 79      224    (0)    1 :  0.030 0.014 0.930 0.016 0.010     (0.000,0.212) (0.000,0.096) (0.645,1.000) (0.000,0.098) (0.000,0.060) 
 80      226    (0)    1 :  0.977 0.005 0.005 0.008 0.005     (0.876,1.000) (0.000,0.025) (0.000,0.030) (0.000,0.045) (0.000,0.026) 
 81      229    (0)    1 :  0.008 0.043 0.875 0.032 0.041     (0.000,0.049) (0.000,0.310) (0.522,1.000) (0.000,0.228) (0.000,0.257) 
 82      230    (0)    1 :  0.016 0.012 0.936 0.015 0.020     (0.000,0.111) (0.000,0.081) (0.705,1.000) (0.000,0.097) (0.000,0.142) 
 83      232    (0)    1 :  0.094 0.039 0.690 0.029 0.149     (0.000,0.489) (0.000,0.278) (0.159,1.000) (0.000,0.183) (0.000,0.633) 
 84      238    (0)    1 :  0.008 0.027 0.045 0.761 0.159     (0.000,0.044) (0.000,0.199) (0.000,0.327) (0.200,1.000) (0.000,0.636) 
 85      242    (0)    1 :  0.006 0.008 0.005 0.977 0.004     (0.000,0.036) (0.000,0.043) (0.000,0.027) (0.874,1.000) (0.000,0.022) 
 86      243    (0)    1 :  0.032 0.067 0.011 0.859 0.031     (0.000,0.242) (0.000,0.442) (0.000,0.063) (0.443,1.000) (0.000,0.219) 
 87      244    (0)    1 :  0.007 0.011 0.011 0.842 0.129     (0.000,0.039) (0.000,0.066) (0.000,0.069) (0.410,1.000) (0.000,0.566) 
 88      251    (0)    1 :  0.011 0.027 0.065 0.860 0.038     (0.000,0.064) (0.000,0.187) (0.000,0.439) (0.405,1.000) (0.000,0.270) 
 89      266    (0)    1 :  0.013 0.031 0.016 0.204 0.736     (0.000,0.090) (0.000,0.232) (0.000,0.109) (0.000,0.719) (0.199,1.000) 
 90      267    (0)    1 :  0.022 0.925 0.025 0.015 0.013     (0.000,0.164) (0.643,1.000) (0.000,0.186) (0.000,0.099) (0.000,0.069) 
 91      268    (0)    1 :  0.007 0.800 0.008 0.009 0.175     (0.000,0.041) (0.000,1.000) (0.000,0.047) (0.000,0.047) (0.000,0.998) 
 92      270    (0)    1 :  0.042 0.013 0.918 0.017 0.009     (0.000,0.311) (0.000,0.085) (0.577,1.000) (0.000,0.108) (0.000,0.055) 
 93      276    (0)    1 :  0.587 0.089 0.202 0.023 0.100     (0.000,1.000) (0.000,0.514) (0.000,0.919) (0.000,0.163) (0.000,0.512) 
 94      298    (6)    1 :  0.011 0.912 0.006 0.009 0.062     (0.000,0.068) (0.464,1.000) (0.000,0.031) (0.000,0.047) (0.000,0.487) 
 95      306    (0)    1 :  0.011 0.285 0.008 0.044 0.652     (0.000,0.068) (0.000,0.940) (0.000,0.041) (0.000,0.306) (0.000,1.000) 
 96      308    (0)    1 :  0.008 0.261 0.022 0.040 0.668     (0.000,0.047) (0.000,0.955) (0.000,0.160) (0.000,0.289) (0.000,1.000) 
 97      311    (6)    1 :  0.012 0.654 0.029 0.213 0.091     (0.000,0.073) (0.000,1.000) (0.000,0.211) (0.000,0.996) (0.000,0.645) 
 98      323    (0)    1 :  0.978 0.005 0.006 0.007 0.005     (0.881,1.000) (0.000,0.027) (0.000,0.032) (0.000,0.036) (0.000,0.024) 
 99      327    (0)    1 :  0.014 0.012 0.956 0.012 0.007     (0.000,0.096) (0.000,0.072) (0.770,1.000) (0.000,0.071) (0.000,0.039) 
100      334    (0)    1 :  0.005 0.033 0.008 0.940 0.014     (0.000,0.025) (0.000,0.239) (0.000,0.044) (0.681,1.000) (0.000,0.088) 
101      338    (0)    1 :  0.021 0.888 0.015 0.017 0.059     (0.000,0.147) (0.471,1.000) (0.000,0.088) (0.000,0.098) (0.000,0.405) 
102      341    (0)    1 :  0.972 0.005 0.006 0.009 0.008     (0.850,1.000) (0.000,0.027) (0.000,0.032) (0.000,0.046) (0.000,0.047) 
103      346    (0)    1 :  0.016 0.020 0.012 0.008 0.944     (0.000,0.091) (0.000,0.100) (0.000,0.072) (0.000,0.041) (0.703,1.000) 
104      348    (0)    1 :  0.007 0.789 0.007 0.019 0.179     (0.000,0.041) (0.000,1.000) (0.000,0.038) (0.000,0.117) (0.000,0.960) 
105      351    (0)    1 :  0.017 0.018 0.015 0.927 0.024     (0.000,0.112) (0.000,0.105) (0.000,0.095) (0.636,1.000) (0.000,0.160) 
106      362    (0)    1 :  0.029 0.006 0.956 0.005 0.005     (0.000,0.208) (0.000,0.030) (0.749,1.000) (0.000,0.027) (0.000,0.025) 
107      364    (0)    1 :  0.009 0.012 0.006 0.960 0.014     (0.000,0.051) (0.000,0.072) (0.000,0.033) (0.784,1.000) (0.000,0.083) 
108      366    (0)    1 :  0.014 0.026 0.027 0.922 0.011     (0.000,0.085) (0.000,0.188) (0.000,0.195) (0.608,1.000) (0.000,0.065) 
109      376    (0)    1 :  0.941 0.007 0.026 0.008 0.019     (0.697,1.000) (0.000,0.036) (0.000,0.182) (0.000,0.043) (0.000,0.135) 
110      377    (6)    1 :  0.024 0.103 0.824 0.018 0.031     (0.000,0.151) (0.000,0.518) (0.295,1.000) (0.000,0.104) (0.000,0.210) 
111      378    (0)    1 :  0.018 0.018 0.923 0.007 0.034     (0.000,0.125) (0.000,0.127) (0.632,1.000) (0.000,0.035) (0.000,0.235) 
112      388    (0)    1 :  0.010 0.954 0.012 0.012 0.012     (0.000,0.058) (0.755,1.000) (0.000,0.075) (0.000,0.073) (0.000,0.066) 
113      391    (0)    1 :  0.648 0.066 0.117 0.034 0.135     (0.000,1.000) (0.000,0.436) (0.000,0.491) (0.000,0.247) (0.000,0.689) 
114      401    (0)    1 :  0.182 0.016 0.277 0.308 0.217     (0.000,0.717) (0.000,0.104) (0.000,0.752) (0.000,0.977) (0.000,0.678) 
115      406    (0)    1 :  0.101 0.722 0.013 0.048 0.116     (0.000,0.598) (0.000,1.000) (0.000,0.077) (0.000,0.349) (0.000,0.917) 
116      412    (6)    1 :  0.026 0.766 0.030 0.020 0.158     (0.000,0.190) (0.000,1.000) (0.000,0.207) (0.000,0.111) (0.000,0.996) 
117      413    (0)    1 :  0.005 0.021 0.013 0.021 0.939     (0.000,0.024) (0.000,0.149) (0.000,0.084) (0.000,0.143) (0.685,1.000) 
118      421    (0)    1 :  0.036 0.054 0.674 0.041 0.196     (0.000,0.257) (0.000,0.374) (0.219,1.000) (0.000,0.305) (0.000,0.668) 
119      423    (0)    1 :  0.021 0.069 0.739 0.122 0.049     (0.000,0.149) (0.000,0.445) (0.000,1.000) (0.000,0.797) (0.000,0.364) 
120      424    (0)    1 :  0.477 0.101 0.016 0.040 0.365     (0.000,1.000) (0.000,0.655) (0.000,0.102) (0.000,0.284) (0.000,1.000) 
121      426    (0)    1 :  0.049 0.042 0.835 0.024 0.051     (0.000,0.336) (0.000,0.309) (0.395,1.000) (0.000,0.153) (0.000,0.340) 
122      430   (12)    1 :  0.060 0.131 0.021 0.012 0.776     (0.000,0.435) (0.000,0.654) (0.000,0.130) (0.000,0.068) (0.015,1.000) 
123      435    (0)    1 :  0.004 0.025 0.007 0.005 0.959     (0.000,0.024) (0.000,0.181) (0.000,0.036) (0.000,0.024) (0.775,1.000) 
124      476    (0)    1 :  0.901 0.006 0.049 0.024 0.019     (0.574,1.000) (0.000,0.035) (0.000,0.353) (0.000,0.169) (0.000,0.138) 
125      478    (0)    1 :  0.787 0.011 0.172 0.024 0.006     (0.371,1.000) (0.000,0.072) (0.000,0.601) (0.000,0.174) (0.000,0.034) 
126      484    (0)    1 :  0.011 0.944 0.006 0.006 0.033     (0.000,0.065) (0.706,1.000) (0.000,0.033) (0.000,0.032) (0.000,0.211) 
127      489    (0)    1 :  0.018 0.189 0.715 0.022 0.056     (0.000,0.108) (0.000,0.925) (0.000,1.000) (0.000,0.115) (0.000,0.415) 
128      493    (0)    1 :  0.007 0.006 0.011 0.967 0.008     (0.000,0.040) (0.000,0.037) (0.000,0.070) (0.824,1.000) (0.000,0.047) 
129      494    (0)    1 :  0.011 0.005 0.024 0.952 0.008     (0.000,0.073) (0.000,0.029) (0.000,0.175) (0.740,1.000) (0.000,0.044) 
130      500    (0)    1 :  0.028 0.004 0.956 0.008 0.003     (0.000,0.204) (0.000,0.022) (0.751,1.000) (0.000,0.041) (0.000,0.018) 
131      504    (0)    1 :  0.008 0.917 0.040 0.025 0.010     (0.000,0.044) (0.642,1.000) (0.000,0.256) (0.000,0.175) (0.000,0.055) 
132      506    (0)    1 :  0.014 0.942 0.033 0.006 0.005     (0.000,0.085) (0.695,1.000) (0.000,0.240) (0.000,0.033) (0.000,0.027) 


Estimated Allele Frequencies in each cluster
First column gives estimated ancestral frequencies


Locus 1 : Rsu3 
3 alleles
0.0% missing data
 164   (0.525) 0.495 0.492 0.626 0.564 0.485 
 166   (0.254) 0.129 0.455 0.149 0.210 0.317 
 170   (0.221) 0.376 0.052 0.225 0.226 0.198 

Locus 2 : Rsu5 
5 alleles
0.0% missing data
 137   (0.717) 0.952 0.629 0.923 0.690 0.790 
 135   (0.097) 0.033 0.021 0.026 0.106 0.069 
 139   (0.107) 0.009 0.011 0.046 0.164 0.081 
 133   (0.026) 0.002 0.002 0.002 0.022 0.003 
 131   (0.053) 0.004 0.337 0.004 0.018 0.057 

Locus 3 : Scv1 
5 alleles
0.0% missing data
 181   (0.532) 0.918 0.362 0.676 0.642 0.346 
 179   (0.184) 0.031 0.172 0.114 0.176 0.263 
 177   (0.118) 0.029 0.239 0.066 0.069 0.111 
 185   (0.137) 0.020 0.224 0.142 0.075 0.277 
 171   (0.029) 0.002 0.003 0.002 0.037 0.004 

Locus 4 : Rsu4 
9 alleles
0.0% missing data
 267   (0.199) 0.142 0.125 0.212 0.273 0.060 
 263   (0.323) 0.482 0.369 0.431 0.279 0.494 
 259   (0.049) 0.256 0.005 0.142 0.017 0.006 
 287   (0.176) 0.098 0.252 0.166 0.138 0.149 
 275   (0.045) 0.003 0.004 0.003 0.093 0.014 
 279   (0.071) 0.007 0.009 0.011 0.088 0.169 
 283   (0.071) 0.006 0.229 0.005 0.048 0.100 
 291   (0.037) 0.003 0.004 0.027 0.027 0.005 
 271   (0.028) 0.002 0.003 0.002 0.037 0.003 

Locus 5 : Rsu6 
5 alleles
0.0% missing data
 120   (0.267) 0.277 0.193 0.355 0.233 0.239 
 126   (0.594) 0.599 0.792 0.450 0.632 0.743 
 124   (0.079) 0.119 0.008 0.180 0.056 0.011 
 130   (0.035) 0.003 0.003 0.002 0.069 0.004 
 114   (0.025) 0.002 0.003 0.012 0.009 0.003 

Locus 6 : Scv12 
3 alleles
0.8% missing data
 198   (0.601) 0.682 0.457 0.350 0.707 0.723 
 196   (0.244) 0.292 0.481 0.213 0.167 0.180 
 200   (0.155) 0.026 0.062 0.437 0.126 0.097 

Locus 7 : Scv23 
3 alleles
0.8% missing data
 158   (0.506) 0.385 0.657 0.645 0.468 0.581 
 164   (0.206) 0.411 0.168 0.082 0.258 0.055 
 160   (0.288) 0.203 0.175 0.273 0.274 0.363 

Locus 8 : Scv13 
5 alleles
0.0% missing data
 182   (0.716) 0.791 0.890 0.938 0.689 0.703 
 180   (0.091) 0.170 0.009 0.046 0.112 0.013 
 172   (0.083) 0.007 0.082 0.006 0.066 0.172 
 184   (0.070) 0.030 0.015 0.007 0.108 0.014 
 174   (0.040) 0.003 0.004 0.003 0.025 0.098 

Locus 9 : Scv32 
18 alleles
0.0% missing data
 236   (0.037) 0.003 0.004 0.003 0.111 0.005 
 238   (0.051) 0.004 0.124 0.004 0.039 0.043 
 234   (0.129) 0.314 0.179 0.059 0.067 0.574 
 246   (0.048) 0.280 0.006 0.123 0.017 0.013 
 248   (0.087) 0.007 0.029 0.237 0.143 0.014 
 262   (0.088) 0.014 0.083 0.223 0.064 0.069 
 232   (0.191) 0.182 0.308 0.076 0.312 0.097 
 250   (0.030) 0.011 0.004 0.105 0.012 0.007 
 228   (0.023) 0.002 0.002 0.002 0.035 0.003 
 220   (0.043) 0.086 0.004 0.130 0.017 0.006 
 264   (0.058) 0.057 0.013 0.005 0.051 0.059 
 252   (0.047) 0.004 0.062 0.013 0.017 0.055 
 254   (0.046) 0.003 0.090 0.003 0.029 0.037 
 242   (0.023) 0.002 0.002 0.002 0.036 0.003 
 266   (0.026) 0.002 0.048 0.002 0.011 0.004 
 244   (0.031) 0.003 0.038 0.010 0.012 0.005 
 226   (0.018) 0.024 0.002 0.001 0.006 0.002 
 240   (0.023) 0.002 0.002 0.002 0.021 0.004 

Locus 10 : Scv8 
6 alleles
0.0% missing data
 200   (0.617) 0.832 0.699 0.731 0.666 0.487 
 202   (0.099) 0.008 0.079 0.007 0.140 0.071 
 194   (0.093) 0.144 0.011 0.075 0.045 0.148 
 204   (0.043) 0.004 0.004 0.077 0.027 0.007 
 198   (0.073) 0.006 0.008 0.105 0.083 0.021 
 188   (0.076) 0.006 0.199 0.005 0.039 0.266 

Locus 11 : Scv9 
5 alleles
0.0% missing data
 198   (0.313) 0.423 0.370 0.253 0.240 0.544 
 200   (0.348) 0.351 0.237 0.492 0.467 0.115 
 196   (0.267) 0.063 0.382 0.250 0.268 0.258 
 204   (0.047) 0.161 0.007 0.003 0.017 0.063 
 202   (0.025) 0.002 0.003 0.002 0.008 0.020 

Locus 12 : Rsu1 
6 alleles
0.0% missing data
 189   (0.309) 0.467 0.168 0.065 0.473 0.246 
 185   (0.264) 0.194 0.703 0.169 0.205 0.255 
 177   (0.088) 0.012 0.044 0.091 0.056 0.043 
 181   (0.248) 0.088 0.075 0.402 0.235 0.445 
 193   (0.044) 0.032 0.004 0.211 0.015 0.006 
 197   (0.048) 0.207 0.005 0.062 0.017 0.006 

Locus 13 : Scv14 
7 alleles
4.5% missing data
 196   (0.522) 0.920 0.564 0.824 0.456 0.659 
 198   (0.090) 0.008 0.077 0.007 0.117 0.094 
 194   (0.145) 0.023 0.051 0.057 0.187 0.170 
 202   (0.168) 0.042 0.300 0.094 0.196 0.056 
 204   (0.025) 0.002 0.002 0.002 0.022 0.003 
 190   (0.025) 0.002 0.002 0.013 0.009 0.003 
 200   (0.025) 0.002 0.003 0.002 0.012 0.015 

Locus 14 : Scv16 
7 alleles
0.0% missing data
 182   (0.371) 0.224 0.399 0.647 0.298 0.613 
 184   (0.416) 0.727 0.519 0.258 0.516 0.229 
 188   (0.080) 0.038 0.008 0.085 0.114 0.010 
 200   (0.025) 0.002 0.002 0.002 0.022 0.003 
 198   (0.045) 0.003 0.048 0.003 0.015 0.083 
 190   (0.039) 0.004 0.021 0.003 0.013 0.058 
 186   (0.024) 0.002 0.002 0.002 0.020 0.004 

Locus 15 : Scv31 
15 alleles
3.0% missing data
 193   (0.126) 0.018 0.237 0.231 0.120 0.044 
 201   (0.104) 0.012 0.047 0.079 0.183 0.013 
 187   (0.080) 0.236 0.096 0.229 0.030 0.010 
 207   (0.029) 0.374 0.003 0.005 0.010 0.003 
 195   (0.069) 0.029 0.159 0.083 0.026 0.031 
 185   (0.164) 0.223 0.257 0.021 0.149 0.328 
 189   (0.076) 0.006 0.008 0.054 0.175 0.009 
 205   (0.025) 0.002 0.003 0.002 0.022 0.003 
 191   (0.124) 0.082 0.019 0.239 0.069 0.496 
 197   (0.029) 0.004 0.123 0.007 0.010 0.003 
 199   (0.062) 0.005 0.038 0.005 0.066 0.045 
 203   (0.030) 0.002 0.003 0.002 0.053 0.003 
 209   (0.027) 0.002 0.003 0.002 0.037 0.004 
 213   (0.027) 0.002 0.003 0.002 0.038 0.003 
 181   (0.028) 0.003 0.003 0.039 0.010 0.004 

Locus 16 : Scv6 
8 alleles
0.0% missing data
 191   (0.098) 0.008 0.021 0.207 0.166 0.012 
 195   (0.372) 0.689 0.567 0.458 0.322 0.288 
 197   (0.208) 0.248 0.218 0.298 0.128 0.284 
 201   (0.077) 0.006 0.010 0.006 0.149 0.103 
 205   (0.028) 0.002 0.003 0.002 0.038 0.003 
 193   (0.096) 0.008 0.121 0.008 0.105 0.137 
 199   (0.091) 0.037 0.058 0.020 0.055 0.170 
 181   (0.029) 0.002 0.003 0.002 0.038 0.003 

Values of parameters used in structure:
DATAFILE=M:\STRUCTURE\Squirrel_132_ID_16L_20250816\project_data,	OUTFILE=M:\STRUCTURE\Squirrel_132_ID_16L_20250816\10k_Burnin_100k_MCMC\Results\10k_Burnin_100k_MCMC_run_114,	NUMINDS=132,	NUMLOCI=16,	MISSING=-9,	LABEL=1,	POPDATA=1,	POPFLAG=0,	PHENOTYPE=0,	EXTRACOLS=1,	MAXPOPS=5,	BURNIN=10000,	NUMREPS=100000,	USEPOPINFO=0,	INFERALPHA=1,	INFERLAMBDA=1,	POPSPECIFICLAMBDA=0,	POPALPHAS=0,	COMPUTEPROB=1,	NOADMIX=0,	ADMBURNIN=2500,	UPDATEFREQ=1,	PRINTLIKES=0,	INTERMEDSAVE=0,	PRINTKLD=0,	PRINTNET=0,	PRINTLAMBDA=0,	ANCESTDIST=1,	NUMBOXES=1000,	ANCESTPINT=0.90000,	GENSBACK=2,	MIGRPRIOR=0.05000,	PRINTQHAT=1,	PRINTQSUM=0,	ALPHA=1.0000,	FREQSCORR=1,	FPRIORMEAN=0.0100,	FPRIORSD=0.0500,	ONEFST=0,	LAMBDA=1.0000,	UNIFPRIORALPHA=1,	ALPHAMAX=10.0000,	ALPHAPRIORA=1.0000,	ALPHAPRIORB=2.0000,	ALPHAPROPSD=0.0250,	STARTATPOPINFO=0,	RANDOMIZE=1,	LINKAGE=0,	METROFREQ=10,	REPORTHITRATE=0,	MARKOVPHASE=-1,	PHASED=0,	PLOIDY=2,	PHASEINFO=0	LOCPRIOR=0, 	LOCPRIORINIT=1.000000, 	LOCDATA=0, 	LOCISPOP=0, 	LOCPRIORSTEP=0.100000, 	MAXLOCPRIOR=20.000000, 	SEED=1763747185,	
[STRAT parameters]:    NUMSIMSTATS=1000,	PHENOTYPECOL=-9,	POOLFREQ=10,	LOCUSxONLY=0,	EMERROR=0.00100,	MISSINGPHENO=-9,	