

----------------------------------------------------
STRUCTURE by Pritchard, Stephens and Donnelly (2000)
     and Falush, Stephens and Pritchard (2003)
       Code by Pritchard, Falush and Hubisz
             Version 2.3.4 (Jul 2012)
----------------------------------------------------



Command line arguments:   bin\structure -m M:\STRUCTURE\Squirrel_132_ID_16L_20250816\10k_Burnin_100k_MCMC\mainparams -e M:\STRUCTURE\Squirrel_132_ID_16L_20250816\10k_Burnin_100k_MCMC\extraparams 
Input File:    M:\STRUCTURE\Squirrel_132_ID_16L_20250816\project_data

Run parameters:
   132 individuals
   16 loci
   8 populations assumed
   10000 Burn-in period
   100000 Reps


--------------------------------------------
Proportion of membership of each pre-defined
 population in each of the 8 clusters

Given    Inferred Clusters                                          Number of
 Pop       1      2      3      4      5      6      7      8      Individuals

  1:     0.152  0.062  0.159  0.094  0.169  0.138  0.111  0.113      132
--------------------------------------------

Allele-freq. divergence among pops (Net nucleotide distance),
computed using point estimates of P.

      1       2       3       4       5       6       7       8      
 1      -    0.1520  0.0670  0.1078  0.0946  0.0539  0.0940  0.1239  
 2   0.1520     -    0.0960  0.1128  0.1330  0.1255  0.1636  0.1603  
 3   0.0670  0.0960     -    0.0723  0.0619  0.0547  0.0711  0.0863  
 4   0.1078  0.1128  0.0723     -    0.0798  0.0852  0.1012  0.0992  
 5   0.0946  0.1330  0.0619  0.0798     -    0.0793  0.0962  0.0790  
 6   0.0539  0.1255  0.0547  0.0852  0.0793     -    0.0495  0.0759  
 7   0.0940  0.1636  0.0711  0.1012  0.0962  0.0495     -    0.1017  
 8   0.1239  0.1603  0.0863  0.0992  0.0790  0.0759  0.1017     -    

Average distances (expected heterozygosity) between individuals in same cluster:
cluster  1  : 0.5546 
cluster  2  : 0.3930 
cluster  3  : 0.6396 
cluster  4  : 0.4603 
cluster  5  : 0.5433 
cluster  6  : 0.5496 
cluster  7  : 0.5913 
cluster  8  : 0.4609 

--------------------------------------------
Estimated Ln Prob of Data   = -4679.8
Mean value of ln likelihood = -4399.4
Variance of ln likelihood   = 560.8
Mean value of alpha         = 0.0468

Mean value of lambda        = 1.0232

Mean value of Fst_1         = 0.2036
Mean value of Fst_2         = 0.3980
Mean value of Fst_3         = 0.0565
Mean value of Fst_4         = 0.3482
Mean value of Fst_5         = 0.2051
Mean value of Fst_6         = 0.2037
Mean value of Fst_7         = 0.1908
Mean value of Fst_8         = 0.2843


Inferred ancestry of individuals:
        Label (%Miss) Pop:  Inferred clusters (and 90% probability intervals)
  1       1*    (0)    1 :  0.025 0.015 0.847 0.014 0.009 0.035 0.007 0.049     (0.000,0.177) (0.000,0.097) (0.464,1.000) (0.000,0.088) (0.000,0.049) (0.000,0.257) (0.000,0.038) (0.000,0.335) 
  2        3    (0)    1 :  0.008 0.301 0.008 0.654 0.008 0.009 0.006 0.006     (0.000,0.050) (0.000,0.997) (0.000,0.042) (0.000,1.000) (0.000,0.044) (0.000,0.055) (0.000,0.033) (0.000,0.034) 
  3        6    (0)    1 :  0.012 0.006 0.005 0.940 0.011 0.012 0.007 0.006     (0.000,0.081) (0.000,0.035) (0.000,0.031) (0.752,1.000) (0.000,0.068) (0.000,0.077) (0.000,0.044) (0.000,0.037) 
  4        8    (0)    1 :  0.014 0.005 0.011 0.013 0.926 0.010 0.004 0.018     (0.000,0.091) (0.000,0.028) (0.000,0.070) (0.000,0.077) (0.687,1.000) (0.000,0.058) (0.000,0.020) (0.000,0.120) 
  5       10    (0)    1 :  0.004 0.014 0.008 0.006 0.123 0.005 0.005 0.836     (0.000,0.023) (0.000,0.095) (0.000,0.046) (0.000,0.034) (0.000,0.531) (0.000,0.026) (0.000,0.029) (0.432,1.000) 
  6       11    (0)    1 :  0.017 0.095 0.557 0.013 0.067 0.155 0.064 0.032     (0.000,0.111) (0.000,0.486) (0.000,1.000) (0.000,0.080) (0.000,0.432) (0.000,0.798) (0.000,0.459) (0.000,0.229) 
  7       12    (0)    1 :  0.005 0.005 0.005 0.006 0.008 0.009 0.005 0.957     (0.000,0.028) (0.000,0.026) (0.000,0.025) (0.000,0.035) (0.000,0.044) (0.000,0.046) (0.000,0.028) (0.814,1.000) 
  8       16    (6)    1 :  0.004 0.009 0.005 0.960 0.008 0.005 0.004 0.006     (0.000,0.024) (0.000,0.047) (0.000,0.029) (0.820,1.000) (0.000,0.041) (0.000,0.026) (0.000,0.021) (0.000,0.031) 
  9       18    (0)    1 :  0.006 0.012 0.949 0.007 0.008 0.007 0.004 0.006     (0.000,0.033) (0.000,0.081) (0.779,1.000) (0.000,0.038) (0.000,0.048) (0.000,0.039) (0.000,0.023) (0.000,0.035) 
 10       19    (0)    1 :  0.024 0.016 0.800 0.015 0.036 0.027 0.073 0.010     (0.000,0.158) (0.000,0.102) (0.210,1.000) (0.000,0.097) (0.000,0.257) (0.000,0.131) (0.000,0.450) (0.000,0.063) 
 11       21    (6)    1 :  0.005 0.009 0.006 0.935 0.027 0.006 0.005 0.006     (0.000,0.029) (0.000,0.054) (0.000,0.032) (0.742,1.000) (0.000,0.165) (0.000,0.035) (0.000,0.029) (0.000,0.033) 
 12       23    (6)    1 :  0.016 0.006 0.010 0.030 0.019 0.194 0.036 0.689     (0.000,0.101) (0.000,0.032) (0.000,0.062) (0.000,0.219) (0.000,0.136) (0.000,0.766) (0.000,0.246) (0.134,1.000) 
 13       24    (6)    1 :  0.010 0.010 0.169 0.020 0.210 0.021 0.056 0.503     (0.000,0.062) (0.000,0.070) (0.000,0.725) (0.000,0.146) (0.000,0.822) (0.000,0.119) (0.000,0.333) (0.000,0.993) 
 14       25    (6)    1 :  0.011 0.006 0.012 0.171 0.034 0.086 0.007 0.673     (0.000,0.063) (0.000,0.032) (0.000,0.073) (0.000,0.504) (0.000,0.239) (0.000,0.513) (0.000,0.041) (0.279,0.996) 
 15      26*    (0)    1 :  0.008 0.073 0.020 0.035 0.656 0.006 0.005 0.197     (0.000,0.044) (0.000,0.399) (0.000,0.142) (0.000,0.244) (0.011,0.999) (0.000,0.036) (0.000,0.027) (0.000,0.618) 
 16       28    (0)    1 :  0.006 0.007 0.012 0.359 0.399 0.009 0.007 0.201     (0.000,0.034) (0.000,0.040) (0.000,0.070) (0.000,0.947) (0.000,1.000) (0.000,0.054) (0.000,0.038) (0.000,0.728) 
 17       29    (0)    1 :  0.006 0.006 0.017 0.008 0.099 0.006 0.007 0.852     (0.000,0.035) (0.000,0.033) (0.000,0.116) (0.000,0.045) (0.000,0.579) (0.000,0.030) (0.000,0.040) (0.373,1.000) 
 18       30    (0)    1 :  0.321 0.077 0.018 0.057 0.407 0.012 0.008 0.098     (0.000,0.713) (0.000,0.434) (0.000,0.103) (0.000,0.404) (0.000,0.943) (0.000,0.072) (0.000,0.047) (0.000,0.594) 
 19       33    (0)    1 :  0.011 0.006 0.912 0.006 0.005 0.012 0.042 0.006     (0.000,0.073) (0.000,0.032) (0.633,1.000) (0.000,0.037) (0.000,0.028) (0.000,0.060) (0.000,0.282) (0.000,0.033) 
 20       37    (0)    1 :  0.006 0.013 0.920 0.009 0.008 0.010 0.008 0.026     (0.000,0.033) (0.000,0.088) (0.667,1.000) (0.000,0.054) (0.000,0.047) (0.000,0.060) (0.000,0.050) (0.000,0.189) 
 21       38    (0)    1 :  0.004 0.012 0.938 0.007 0.016 0.005 0.005 0.014     (0.000,0.024) (0.000,0.074) (0.731,1.000) (0.000,0.040) (0.000,0.107) (0.000,0.029) (0.000,0.026) (0.000,0.093) 
 22       43    (0)    1 :  0.006 0.008 0.010 0.088 0.123 0.009 0.008 0.748     (0.000,0.038) (0.000,0.045) (0.000,0.059) (0.000,0.403) (0.000,0.539) (0.000,0.053) (0.000,0.048) (0.375,1.000) 
 23       44    (0)    1 :  0.038 0.224 0.010 0.120 0.562 0.032 0.006 0.008     (0.000,0.272) (0.000,0.601) (0.000,0.058) (0.000,0.485) (0.097,0.944) (0.000,0.214) (0.000,0.032) (0.000,0.046) 
 24       48    (0)    1 :  0.006 0.018 0.943 0.010 0.006 0.007 0.004 0.007     (0.000,0.032) (0.000,0.127) (0.748,1.000) (0.000,0.059) (0.000,0.034) (0.000,0.040) (0.000,0.023) (0.000,0.038) 
 25       55    (0)    1 :  0.021 0.021 0.015 0.336 0.557 0.027 0.012 0.011     (0.000,0.150) (0.000,0.158) (0.000,0.092) (0.000,0.976) (0.000,0.999) (0.000,0.192) (0.000,0.080) (0.000,0.065) 
 26       59    (0)    1 :  0.006 0.951 0.005 0.021 0.005 0.005 0.004 0.004     (0.000,0.037) (0.778,1.000) (0.000,0.027) (0.000,0.146) (0.000,0.027) (0.000,0.033) (0.000,0.022) (0.000,0.021) 
 27       60    (0)    1 :  0.107 0.016 0.035 0.012 0.005 0.567 0.107 0.150     (0.000,0.747) (0.000,0.109) (0.000,0.238) (0.000,0.078) (0.000,0.028) (0.000,1.000) (0.000,0.779) (0.000,0.779) 
 28       61    (0)    1 :  0.061 0.020 0.011 0.013 0.010 0.299 0.579 0.008     (0.000,0.377) (0.000,0.143) (0.000,0.061) (0.000,0.075) (0.000,0.056) (0.000,0.986) (0.000,1.000) (0.000,0.049) 
 29       62    (0)    1 :  0.020 0.009 0.016 0.014 0.011 0.761 0.136 0.033     (0.000,0.137) (0.000,0.053) (0.000,0.105) (0.000,0.088) (0.000,0.064) (0.000,1.000) (0.000,0.944) (0.000,0.246) 
 30       65    (0)    1 :  0.024 0.006 0.919 0.006 0.011 0.012 0.015 0.008     (0.000,0.169) (0.000,0.031) (0.685,1.000) (0.000,0.032) (0.000,0.070) (0.000,0.056) (0.000,0.102) (0.000,0.045) 
 31       73    (0)    1 :  0.857 0.005 0.008 0.009 0.010 0.017 0.005 0.089     (0.533,1.000) (0.000,0.028) (0.000,0.050) (0.000,0.052) (0.000,0.060) (0.000,0.111) (0.000,0.026) (0.000,0.403) 
 32       75    (0)    1 :  0.040 0.013 0.012 0.005 0.009 0.005 0.911 0.005     (0.000,0.264) (0.000,0.091) (0.000,0.079) (0.000,0.031) (0.000,0.054) (0.000,0.029) (0.645,1.000) (0.000,0.027) 
 33       76    (0)    1 :  0.007 0.006 0.005 0.007 0.005 0.020 0.939 0.011     (0.000,0.039) (0.000,0.037) (0.000,0.028) (0.000,0.040) (0.000,0.028) (0.000,0.133) (0.736,1.000) (0.000,0.069) 
 34       77    (0)    1 :  0.005 0.011 0.008 0.005 0.005 0.070 0.886 0.009     (0.000,0.028) (0.000,0.075) (0.000,0.046) (0.000,0.029) (0.000,0.027) (0.000,0.535) (0.418,1.000) (0.000,0.054) 
 35       78    (0)    1 :  0.634 0.008 0.018 0.008 0.011 0.041 0.265 0.016     (0.000,1.000) (0.000,0.047) (0.000,0.117) (0.000,0.045) (0.000,0.069) (0.000,0.300) (0.000,0.888) (0.000,0.111) 
 36       79    (0)    1 :  0.083 0.006 0.015 0.005 0.009 0.047 0.830 0.005     (0.000,0.459) (0.000,0.034) (0.000,0.102) (0.000,0.026) (0.000,0.059) (0.000,0.335) (0.316,1.000) (0.000,0.028) 
 37       84    (0)    1 :  0.022 0.070 0.015 0.690 0.058 0.085 0.014 0.047     (0.000,0.155) (0.000,0.562) (0.000,0.099) (0.000,1.000) (0.000,0.340) (0.000,0.448) (0.000,0.085) (0.000,0.335) 
 38       85    (0)    1 :  0.013 0.013 0.011 0.011 0.913 0.026 0.007 0.007     (0.000,0.084) (0.000,0.085) (0.000,0.062) (0.000,0.065) (0.653,1.000) (0.000,0.130) (0.000,0.042) (0.000,0.037) 
 39       86    (0)    1 :  0.021 0.005 0.018 0.008 0.898 0.023 0.011 0.017     (0.000,0.149) (0.000,0.027) (0.000,0.123) (0.000,0.043) (0.599,1.000) (0.000,0.130) (0.000,0.064) (0.000,0.118) 
 40       89    (0)    1 :  0.014 0.093 0.025 0.452 0.014 0.173 0.020 0.209     (0.000,0.087) (0.000,0.582) (0.000,0.177) (0.000,0.921) (0.000,0.076) (0.000,0.676) (0.000,0.136) (0.000,0.643) 
 41       94    (0)    1 :  0.005 0.019 0.022 0.007 0.011 0.010 0.005 0.922     (0.000,0.027) (0.000,0.135) (0.000,0.152) (0.000,0.039) (0.000,0.065) (0.000,0.062) (0.000,0.029) (0.676,1.000) 
 42       95    (0)    1 :  0.005 0.965 0.005 0.005 0.006 0.006 0.004 0.005     (0.000,0.028) (0.844,1.000) (0.000,0.027) (0.000,0.025) (0.000,0.033) (0.000,0.033) (0.000,0.023) (0.000,0.031) 
 43       96    (0)    1 :  0.005 0.004 0.005 0.005 0.961 0.006 0.005 0.009     (0.000,0.028) (0.000,0.021) (0.000,0.024) (0.000,0.029) (0.827,1.000) (0.000,0.032) (0.000,0.028) (0.000,0.050) 
 44       98    (0)    1 :  0.387 0.006 0.009 0.009 0.007 0.533 0.038 0.012     (0.000,1.000) (0.000,0.037) (0.000,0.048) (0.000,0.051) (0.000,0.041) (0.000,1.000) (0.000,0.255) (0.000,0.073) 
 45      102    (0)    1 :  0.012 0.008 0.844 0.070 0.006 0.026 0.012 0.022     (0.000,0.082) (0.000,0.047) (0.498,1.000) (0.000,0.375) (0.000,0.033) (0.000,0.162) (0.000,0.083) (0.000,0.159) 
 46      105    (0)    1 :  0.962 0.006 0.008 0.005 0.005 0.005 0.004 0.005     (0.833,1.000) (0.000,0.032) (0.000,0.047) (0.000,0.028) (0.000,0.026) (0.000,0.030) (0.000,0.023) (0.000,0.028) 
 47      106    (0)    1 :  0.210 0.107 0.038 0.035 0.017 0.143 0.445 0.006     (0.000,0.707) (0.000,0.419) (0.000,0.261) (0.000,0.234) (0.000,0.116) (0.000,0.659) (0.000,0.964) (0.000,0.031) 
 48      108    (0)    1 :  0.854 0.007 0.067 0.010 0.009 0.019 0.024 0.010     (0.498,1.000) (0.000,0.039) (0.000,0.394) (0.000,0.058) (0.000,0.059) (0.000,0.134) (0.000,0.173) (0.000,0.062) 
 49      109    (0)    1 :  0.853 0.005 0.009 0.017 0.016 0.064 0.028 0.007     (0.410,1.000) (0.000,0.030) (0.000,0.055) (0.000,0.122) (0.000,0.113) (0.000,0.440) (0.000,0.204) (0.000,0.040) 
 50      112    (0)    1 :  0.012 0.012 0.032 0.008 0.142 0.595 0.156 0.043     (0.000,0.070) (0.000,0.074) (0.000,0.225) (0.000,0.046) (0.000,0.558) (0.000,0.999) (0.000,0.856) (0.000,0.304) 
 51      115    (0)    1 :  0.034 0.014 0.775 0.016 0.011 0.047 0.016 0.088     (0.000,0.247) (0.000,0.087) (0.177,1.000) (0.000,0.107) (0.000,0.066) (0.000,0.314) (0.000,0.101) (0.000,0.446) 
 52      116    (0)    1 :  0.020 0.008 0.019 0.055 0.853 0.032 0.006 0.007     (0.000,0.142) (0.000,0.044) (0.000,0.123) (0.000,0.412) (0.379,1.000) (0.000,0.242) (0.000,0.031) (0.000,0.036) 
 53      117    (0)    1 :  0.011 0.008 0.015 0.781 0.090 0.012 0.011 0.072     (0.000,0.068) (0.000,0.043) (0.000,0.099) (0.282,1.000) (0.000,0.459) (0.000,0.070) (0.000,0.062) (0.000,0.463) 
 54      129    (0)    1 :  0.005 0.018 0.007 0.053 0.899 0.005 0.004 0.008     (0.000,0.031) (0.000,0.132) (0.000,0.045) (0.000,0.337) (0.597,1.000) (0.000,0.029) (0.000,0.023) (0.000,0.042) 
 55      132    (0)    1 :  0.057 0.034 0.160 0.018 0.006 0.282 0.048 0.396     (0.000,0.424) (0.000,0.240) (0.000,0.780) (0.000,0.118) (0.000,0.035) (0.000,0.984) (0.000,0.362) (0.000,0.975) 
 56      133    (0)    1 :  0.378 0.006 0.008 0.013 0.004 0.523 0.059 0.008     (0.000,1.000) (0.000,0.035) (0.000,0.042) (0.000,0.082) (0.000,0.024) (0.000,1.000) (0.000,0.418) (0.000,0.048) 
 57      137    (6)    1 :  0.015 0.020 0.013 0.013 0.010 0.275 0.633 0.020     (0.000,0.094) (0.000,0.147) (0.000,0.078) (0.000,0.081) (0.000,0.060) (0.000,0.989) (0.000,1.000) (0.000,0.135) 
 58      139    (0)    1 :  0.011 0.011 0.014 0.007 0.015 0.007 0.927 0.008     (0.000,0.067) (0.000,0.078) (0.000,0.088) (0.000,0.040) (0.000,0.106) (0.000,0.039) (0.704,1.000) (0.000,0.047) 
 59      140    (0)    1 :  0.898 0.010 0.009 0.019 0.007 0.033 0.019 0.005     (0.581,1.000) (0.000,0.061) (0.000,0.050) (0.000,0.133) (0.000,0.039) (0.000,0.241) (0.000,0.135) (0.000,0.028) 
 60      142    (0)    1 :  0.014 0.015 0.009 0.024 0.005 0.372 0.550 0.012     (0.000,0.087) (0.000,0.098) (0.000,0.049) (0.000,0.174) (0.000,0.030) (0.000,0.977) (0.000,1.000) (0.000,0.070) 
 61      144    (0)    1 :  0.961 0.009 0.005 0.005 0.004 0.007 0.005 0.004     (0.830,1.000) (0.000,0.058) (0.000,0.028) (0.000,0.026) (0.000,0.021) (0.000,0.042) (0.000,0.026) (0.000,0.021) 
 62      145    (0)    1 :  0.010 0.005 0.006 0.009 0.006 0.846 0.114 0.005     (0.000,0.061) (0.000,0.026) (0.000,0.035) (0.000,0.050) (0.000,0.029) (0.000,1.000) (0.000,0.980) (0.000,0.026) 
 63      147    (0)    1 :  0.938 0.005 0.007 0.004 0.008 0.011 0.022 0.004     (0.723,1.000) (0.000,0.027) (0.000,0.040) (0.000,0.026) (0.000,0.053) (0.000,0.060) (0.000,0.150) (0.000,0.024) 
 64      160    (0)    1 :  0.005 0.007 0.008 0.010 0.009 0.005 0.005 0.950     (0.000,0.026) (0.000,0.043) (0.000,0.048) (0.000,0.059) (0.000,0.048) (0.000,0.031) (0.000,0.030) (0.781,1.000) 
 65     162*    (0)    1 :  0.005 0.004 0.005 0.005 0.961 0.006 0.005 0.009     (0.000,0.027) (0.000,0.020) (0.000,0.025) (0.000,0.029) (0.827,1.000) (0.000,0.031) (0.000,0.028) (0.000,0.055) 
 66      166    (0)    1 :  0.219 0.030 0.010 0.014 0.007 0.545 0.165 0.010     (0.000,0.988) (0.000,0.214) (0.000,0.056) (0.000,0.089) (0.000,0.040) (0.000,1.000) (0.000,0.981) (0.000,0.047) 
 67      177    (0)    1 :  0.004 0.004 0.004 0.005 0.005 0.005 0.969 0.004     (0.000,0.022) (0.000,0.021) (0.000,0.023) (0.000,0.025) (0.000,0.027) (0.000,0.030) (0.861,1.000) (0.000,0.024) 
 68      178    (0)    1 :  0.066 0.005 0.014 0.021 0.015 0.032 0.812 0.034     (0.000,0.393) (0.000,0.025) (0.000,0.094) (0.000,0.152) (0.000,0.103) (0.000,0.225) (0.415,1.000) (0.000,0.251) 
 69      186    (0)    1 :  0.004 0.010 0.004 0.964 0.004 0.005 0.004 0.005     (0.000,0.022) (0.000,0.055) (0.000,0.022) (0.841,1.000) (0.000,0.023) (0.000,0.024) (0.000,0.020) (0.000,0.026) 
 70      189    (0)    1 :  0.004 0.008 0.007 0.009 0.923 0.029 0.007 0.013     (0.000,0.021) (0.000,0.048) (0.000,0.039) (0.000,0.054) (0.678,1.000) (0.000,0.155) (0.000,0.041) (0.000,0.087) 
 71      190    (0)    1 :  0.010 0.017 0.016 0.062 0.790 0.023 0.014 0.069     (0.000,0.059) (0.000,0.121) (0.000,0.105) (0.000,0.370) (0.338,1.000) (0.000,0.166) (0.000,0.091) (0.000,0.481) 
 72      191    (0)    1 :  0.055 0.020 0.017 0.634 0.170 0.066 0.019 0.019     (0.000,0.334) (0.000,0.140) (0.000,0.114) (0.132,0.997) (0.000,0.742) (0.000,0.421) (0.000,0.132) (0.000,0.128) 
 73      193    (0)    1 :  0.010 0.027 0.009 0.015 0.009 0.833 0.085 0.012     (0.000,0.060) (0.000,0.194) (0.000,0.050) (0.000,0.094) (0.000,0.052) (0.000,1.000) (0.000,0.864) (0.000,0.072) 
 74      202    (0)    1 :  0.011 0.006 0.052 0.012 0.355 0.048 0.009 0.507     (0.000,0.068) (0.000,0.035) (0.000,0.342) (0.000,0.077) (0.000,0.770) (0.000,0.335) (0.000,0.053) (0.001,0.961) 
 75      204    (0)    1 :  0.004 0.026 0.004 0.019 0.931 0.004 0.004 0.007     (0.000,0.024) (0.000,0.191) (0.000,0.024) (0.000,0.117) (0.694,1.000) (0.000,0.024) (0.000,0.019) (0.000,0.041) 
 76      211    (0)    1 :  0.301 0.011 0.037 0.010 0.011 0.208 0.057 0.366     (0.000,0.955) (0.000,0.068) (0.000,0.268) (0.000,0.058) (0.000,0.069) (0.000,0.951) (0.000,0.332) (0.000,0.964) 
 77      216    (0)    1 :  0.844 0.006 0.007 0.005 0.005 0.074 0.035 0.024     (0.347,1.000) (0.000,0.035) (0.000,0.040) (0.000,0.030) (0.000,0.030) (0.000,0.559) (0.000,0.224) (0.000,0.178) 
 78      222    (0)    1 :  0.784 0.011 0.041 0.006 0.013 0.123 0.014 0.007     (0.239,1.000) (0.000,0.073) (0.000,0.293) (0.000,0.031) (0.000,0.079) (0.000,0.690) (0.000,0.094) (0.000,0.035) 
 79      224    (0)    1 :  0.014 0.008 0.015 0.057 0.833 0.050 0.007 0.016     (0.000,0.091) (0.000,0.047) (0.000,0.090) (0.000,0.418) (0.243,1.000) (0.000,0.382) (0.000,0.044) (0.000,0.113) 
 80      226    (0)    1 :  0.004 0.955 0.008 0.014 0.006 0.005 0.004 0.004     (0.000,0.021) (0.800,1.000) (0.000,0.045) (0.000,0.084) (0.000,0.035) (0.000,0.028) (0.000,0.021) (0.000,0.023) 
 81      229    (0)    1 :  0.040 0.005 0.034 0.042 0.724 0.087 0.026 0.041     (0.000,0.285) (0.000,0.029) (0.000,0.249) (0.000,0.294) (0.366,0.996) (0.000,0.389) (0.000,0.181) (0.000,0.300) 
 82      230    (0)    1 :  0.013 0.023 0.014 0.014 0.868 0.008 0.040 0.020     (0.000,0.091) (0.000,0.168) (0.000,0.088) (0.000,0.093) (0.566,1.000) (0.000,0.046) (0.000,0.249) (0.000,0.140) 
 83      232    (0)    1 :  0.021 0.053 0.025 0.045 0.113 0.252 0.060 0.431     (0.000,0.144) (0.000,0.318) (0.000,0.165) (0.000,0.306) (0.000,0.597) (0.000,0.751) (0.000,0.392) (0.000,0.888) 
 84      238    (0)    1 :  0.026 0.026 0.619 0.003 0.092 0.076 0.146 0.011     (0.000,0.189) (0.000,0.188) (0.000,0.999) (0.000,0.019) (0.000,0.475) (0.000,0.456) (0.000,0.571) (0.000,0.071) 
 85      242    (0)    1 :  0.008 0.007 0.958 0.006 0.006 0.007 0.004 0.004     (0.000,0.049) (0.000,0.041) (0.814,1.000) (0.000,0.031) (0.000,0.034) (0.000,0.039) (0.000,0.022) (0.000,0.025) 
 86      243    (0)    1 :  0.036 0.022 0.777 0.026 0.009 0.087 0.033 0.010     (0.000,0.265) (0.000,0.156) (0.343,1.000) (0.000,0.188) (0.000,0.058) (0.000,0.519) (0.000,0.233) (0.000,0.064) 
 87      244    (0)    1 :  0.009 0.005 0.737 0.009 0.013 0.027 0.191 0.010     (0.000,0.055) (0.000,0.024) (0.295,1.000) (0.000,0.051) (0.000,0.083) (0.000,0.161) (0.000,0.626) (0.000,0.060) 
 88      251    (0)    1 :  0.019 0.007 0.727 0.013 0.028 0.081 0.020 0.105     (0.000,0.119) (0.000,0.042) (0.229,1.000) (0.000,0.074) (0.000,0.209) (0.000,0.521) (0.000,0.121) (0.000,0.535) 
 89      266    (0)    1 :  0.019 0.007 0.178 0.022 0.025 0.107 0.630 0.013     (0.000,0.134) (0.000,0.043) (0.000,0.615) (0.000,0.160) (0.000,0.174) (0.000,0.589) (0.111,0.996) (0.000,0.078) 
 90      267    (0)    1 :  0.820 0.025 0.021 0.022 0.044 0.042 0.013 0.014     (0.403,1.000) (0.000,0.182) (0.000,0.143) (0.000,0.164) (0.000,0.283) (0.000,0.298) (0.000,0.085) (0.000,0.088) 
 91      268    (0)    1 :  0.450 0.004 0.013 0.019 0.005 0.079 0.376 0.053     (0.000,1.000) (0.000,0.024) (0.000,0.076) (0.000,0.132) (0.000,0.029) (0.000,0.663) (0.000,0.997) (0.000,0.331) 
 92      270    (0)    1 :  0.012 0.042 0.018 0.026 0.849 0.025 0.008 0.021     (0.000,0.076) (0.000,0.297) (0.000,0.112) (0.000,0.183) (0.456,1.000) (0.000,0.179) (0.000,0.043) (0.000,0.148) 
 93      276    (0)    1 :  0.077 0.019 0.026 0.525 0.153 0.133 0.043 0.025     (0.000,0.446) (0.000,0.129) (0.000,0.186) (0.000,0.990) (0.000,0.832) (0.000,0.606) (0.000,0.301) (0.000,0.175) 
 94      298    (6)    1 :  0.816 0.008 0.011 0.022 0.006 0.029 0.095 0.012     (0.348,1.000) (0.000,0.049) (0.000,0.064) (0.000,0.158) (0.000,0.033) (0.000,0.201) (0.000,0.514) (0.000,0.081) 
 95      306    (0)    1 :  0.084 0.005 0.022 0.010 0.005 0.783 0.062 0.027     (0.000,0.592) (0.000,0.031) (0.000,0.136) (0.000,0.059) (0.000,0.030) (0.184,1.000) (0.000,0.461) (0.000,0.177) 
 96      308    (0)    1 :  0.256 0.006 0.041 0.008 0.009 0.179 0.405 0.096     (0.000,0.791) (0.000,0.032) (0.000,0.300) (0.000,0.047) (0.000,0.054) (0.000,0.697) (0.000,0.988) (0.000,0.478) 
 97      311    (6)    1 :  0.235 0.009 0.144 0.009 0.030 0.537 0.016 0.019     (0.000,0.951) (0.000,0.051) (0.000,0.754) (0.000,0.057) (0.000,0.213) (0.000,1.000) (0.000,0.096) (0.000,0.134) 
 98      323    (0)    1 :  0.007 0.897 0.008 0.058 0.007 0.009 0.008 0.006     (0.000,0.040) (0.596,1.000) (0.000,0.047) (0.000,0.355) (0.000,0.043) (0.000,0.057) (0.000,0.053) (0.000,0.036) 
 99      327    (0)    1 :  0.014 0.008 0.015 0.030 0.623 0.018 0.007 0.284     (0.000,0.093) (0.000,0.051) (0.000,0.096) (0.000,0.212) (0.003,0.999) (0.000,0.126) (0.000,0.041) (0.000,0.814) 
100      334    (0)    1 :  0.030 0.005 0.899 0.005 0.012 0.027 0.011 0.010     (0.000,0.220) (0.000,0.027) (0.584,1.000) (0.000,0.026) (0.000,0.065) (0.000,0.178) (0.000,0.065) (0.000,0.057) 
101      338    (0)    1 :  0.485 0.014 0.017 0.021 0.016 0.392 0.019 0.038     (0.000,1.000) (0.000,0.087) (0.000,0.102) (0.000,0.144) (0.000,0.096) (0.000,0.996) (0.000,0.123) (0.000,0.270) 
102      341    (0)    1 :  0.007 0.830 0.011 0.103 0.012 0.021 0.008 0.009     (0.000,0.040) (0.453,1.000) (0.000,0.063) (0.000,0.480) (0.000,0.077) (0.000,0.152) (0.000,0.047) (0.000,0.055) 
103      346    (0)    1 :  0.009 0.014 0.008 0.010 0.008 0.374 0.531 0.046     (0.000,0.051) (0.000,0.091) (0.000,0.043) (0.000,0.060) (0.000,0.042) (0.000,1.000) (0.000,1.000) (0.000,0.335) 
104      348    (0)    1 :  0.693 0.005 0.023 0.014 0.009 0.071 0.178 0.006     (0.000,1.000) (0.000,0.028) (0.000,0.159) (0.000,0.095) (0.000,0.049) (0.000,0.433) (0.000,0.739) (0.000,0.036) 
105      351    (0)    1 :  0.012 0.022 0.732 0.014 0.008 0.128 0.031 0.053     (0.000,0.074) (0.000,0.156) (0.000,1.000) (0.000,0.090) (0.000,0.044) (0.000,0.835) (0.000,0.207) (0.000,0.357) 
106      362    (0)    1 :  0.006 0.021 0.006 0.018 0.910 0.007 0.005 0.027     (0.000,0.032) (0.000,0.149) (0.000,0.035) (0.000,0.114) (0.621,1.000) (0.000,0.040) (0.000,0.029) (0.000,0.167) 
107      364    (0)    1 :  0.011 0.014 0.912 0.007 0.005 0.030 0.010 0.011     (0.000,0.072) (0.000,0.090) (0.644,1.000) (0.000,0.039) (0.000,0.027) (0.000,0.222) (0.000,0.059) (0.000,0.072) 
108      366    (0)    1 :  0.027 0.008 0.859 0.016 0.045 0.019 0.012 0.014     (0.000,0.195) (0.000,0.044) (0.462,1.000) (0.000,0.106) (0.000,0.315) (0.000,0.118) (0.000,0.075) (0.000,0.091) 
109      376    (0)    1 :  0.007 0.019 0.008 0.879 0.017 0.032 0.018 0.020     (0.000,0.039) (0.000,0.126) (0.000,0.049) (0.591,1.000) (0.000,0.117) (0.000,0.216) (0.000,0.125) (0.000,0.142) 
110      377    (6)    1 :  0.082 0.017 0.024 0.048 0.177 0.244 0.012 0.398     (0.000,0.450) (0.000,0.114) (0.000,0.156) (0.000,0.313) (0.000,0.695) (0.000,0.979) (0.000,0.058) (0.000,0.972) 
111      378    (0)    1 :  0.009 0.005 0.005 0.024 0.007 0.022 0.013 0.915     (0.000,0.052) (0.000,0.030) (0.000,0.027) (0.000,0.170) (0.000,0.039) (0.000,0.129) (0.000,0.091) (0.664,1.000) 
112      388    (0)    1 :  0.843 0.008 0.015 0.012 0.010 0.076 0.012 0.024     (0.269,1.000) (0.000,0.046) (0.000,0.099) (0.000,0.077) (0.000,0.061) (0.000,0.591) (0.000,0.070) (0.000,0.173) 
113      391    (0)    1 :  0.029 0.247 0.013 0.092 0.008 0.330 0.012 0.270     (0.000,0.210) (0.000,0.624) (0.000,0.068) (0.000,0.459) (0.000,0.050) (0.000,0.888) (0.000,0.071) (0.000,0.707) 
114      401    (0)    1 :  0.012 0.027 0.236 0.056 0.425 0.074 0.159 0.012     (0.000,0.069) (0.000,0.195) (0.000,0.751) (0.000,0.381) (0.000,0.798) (0.000,0.457) (0.000,0.605) (0.000,0.075) 
115      406    (0)    1 :  0.247 0.076 0.038 0.031 0.010 0.545 0.032 0.022     (0.000,0.991) (0.000,0.466) (0.000,0.258) (0.000,0.228) (0.000,0.060) (0.000,1.000) (0.000,0.213) (0.000,0.140) 
116      412    (6)    1 :  0.171 0.013 0.016 0.023 0.017 0.714 0.018 0.028     (0.000,0.983) (0.000,0.081) (0.000,0.087) (0.000,0.166) (0.000,0.112) (0.000,1.000) (0.000,0.100) (0.000,0.188) 
117      413    (0)    1 :  0.024 0.003 0.052 0.006 0.019 0.729 0.159 0.008     (0.000,0.160) (0.000,0.018) (0.000,0.309) (0.000,0.031) (0.000,0.126) (0.000,1.000) (0.000,0.973) (0.000,0.048) 
118      421    (0)    1 :  0.026 0.010 0.025 0.065 0.447 0.369 0.040 0.016     (0.000,0.191) (0.000,0.066) (0.000,0.171) (0.000,0.392) (0.000,0.960) (0.000,0.830) (0.000,0.310) (0.000,0.107) 
119      423    (0)    1 :  0.070 0.044 0.053 0.006 0.593 0.205 0.012 0.017     (0.000,0.454) (0.000,0.279) (0.000,0.387) (0.000,0.032) (0.000,1.000) (0.000,0.845) (0.000,0.071) (0.000,0.114) 
120      424    (0)    1 :  0.022 0.093 0.027 0.052 0.008 0.741 0.024 0.035     (0.000,0.137) (0.000,0.528) (0.000,0.180) (0.000,0.359) (0.000,0.045) (0.001,1.000) (0.000,0.142) (0.000,0.230) 
121      426    (0)    1 :  0.014 0.009 0.018 0.130 0.026 0.055 0.018 0.730     (0.000,0.093) (0.000,0.053) (0.000,0.124) (0.000,0.578) (0.000,0.183) (0.000,0.367) (0.000,0.128) (0.230,1.000) 
122      430   (12)    1 :  0.042 0.026 0.009 0.040 0.014 0.751 0.097 0.022     (0.000,0.309) (0.000,0.182) (0.000,0.047) (0.000,0.285) (0.000,0.085) (0.000,1.000) (0.000,0.757) (0.000,0.132) 
123      435    (0)    1 :  0.052 0.004 0.005 0.006 0.006 0.434 0.474 0.019     (0.000,0.308) (0.000,0.020) (0.000,0.029) (0.000,0.035) (0.000,0.030) (0.000,0.962) (0.000,0.999) (0.000,0.126) 
124      476    (0)    1 :  0.008 0.440 0.027 0.220 0.247 0.019 0.022 0.017     (0.000,0.050) (0.102,0.767) (0.000,0.181) (0.000,0.697) (0.000,0.660) (0.000,0.135) (0.000,0.156) (0.000,0.114) 
125      478    (0)    1 :  0.010 0.303 0.034 0.460 0.148 0.021 0.007 0.017     (0.000,0.066) (0.000,0.923) (0.000,0.245) (0.000,0.997) (0.000,0.525) (0.000,0.142) (0.000,0.040) (0.000,0.111) 
126      484    (0)    1 :  0.819 0.014 0.007 0.014 0.006 0.102 0.029 0.009     (0.309,1.000) (0.000,0.094) (0.000,0.039) (0.000,0.097) (0.000,0.033) (0.000,0.602) (0.000,0.215) (0.000,0.056) 
127      489    (0)    1 :  0.107 0.016 0.008 0.008 0.022 0.271 0.009 0.559     (0.000,0.513) (0.000,0.114) (0.000,0.045) (0.000,0.042) (0.000,0.153) (0.000,0.998) (0.000,0.048) (0.000,1.000) 
128      493    (0)    1 :  0.007 0.031 0.913 0.003 0.013 0.013 0.008 0.012     (0.000,0.039) (0.000,0.214) (0.654,1.000) (0.000,0.018) (0.000,0.092) (0.000,0.089) (0.000,0.044) (0.000,0.080) 
129      494    (0)    1 :  0.006 0.017 0.906 0.008 0.015 0.010 0.008 0.030     (0.000,0.036) (0.000,0.121) (0.625,1.000) (0.000,0.046) (0.000,0.102) (0.000,0.059) (0.000,0.045) (0.000,0.218) 
130      500    (0)    1 :  0.004 0.025 0.006 0.009 0.936 0.005 0.004 0.011     (0.000,0.022) (0.000,0.174) (0.000,0.035) (0.000,0.051) (0.726,1.000) (0.000,0.026) (0.000,0.023) (0.000,0.054) 
131      504    (0)    1 :  0.818 0.008 0.023 0.009 0.052 0.034 0.012 0.043     (0.461,1.000) (0.000,0.051) (0.000,0.165) (0.000,0.059) (0.000,0.302) (0.000,0.243) (0.000,0.073) (0.000,0.268) 
132      506    (0)    1 :  0.893 0.007 0.006 0.017 0.055 0.008 0.005 0.010     (0.575,1.000) (0.000,0.039) (0.000,0.035) (0.000,0.114) (0.000,0.338) (0.000,0.042) (0.000,0.027) (0.000,0.063) 


Estimated Allele Frequencies in each cluster
First column gives estimated ancestral frequencies


Locus 1 : Rsu3 
3 alleles
0.0% missing data
 164   (0.528) 0.458 0.157 0.573 0.781 0.627 0.410 0.618 0.583 
 166   (0.242) 0.496 0.065 0.202 0.112 0.088 0.469 0.138 0.282 
 170   (0.230) 0.046 0.779 0.225 0.107 0.285 0.121 0.244 0.135 

Locus 2 : Rsu5 
5 alleles
0.0% missing data
 137   (0.734) 0.507 0.958 0.668 0.972 0.952 0.846 0.800 0.867 
 135   (0.088) 0.017 0.022 0.109 0.013 0.008 0.089 0.042 0.065 
 139   (0.103) 0.012 0.013 0.185 0.009 0.033 0.050 0.073 0.062 
 133   (0.025) 0.002 0.002 0.024 0.002 0.002 0.003 0.004 0.002 
 131   (0.049) 0.462 0.005 0.015 0.004 0.004 0.012 0.081 0.004 

Locus 3 : Scv1 
5 alleles
0.0% missing data
 181   (0.550) 0.368 0.935 0.660 0.913 0.638 0.338 0.353 0.726 
 179   (0.191) 0.139 0.026 0.174 0.061 0.102 0.229 0.305 0.110 
 177   (0.099) 0.212 0.016 0.059 0.010 0.012 0.272 0.030 0.148 
 185   (0.131) 0.278 0.020 0.067 0.012 0.245 0.157 0.307 0.013 
 171   (0.028) 0.003 0.003 0.040 0.003 0.002 0.004 0.004 0.003 

Locus 4 : Rsu4 
9 alleles
0.0% missing data
 267   (0.180) 0.145 0.344 0.282 0.018 0.317 0.035 0.090 0.067 
 263   (0.334) 0.347 0.451 0.262 0.464 0.220 0.656 0.294 0.757 
 259   (0.053) 0.006 0.012 0.017 0.434 0.179 0.011 0.008 0.032 
 287   (0.186) 0.206 0.165 0.134 0.063 0.228 0.224 0.137 0.098 
 275   (0.043) 0.004 0.005 0.104 0.004 0.004 0.007 0.019 0.004 
 279   (0.065) 0.008 0.009 0.087 0.006 0.011 0.015 0.282 0.016 
 283   (0.073) 0.278 0.008 0.047 0.006 0.006 0.042 0.161 0.007 
 291   (0.038) 0.004 0.004 0.027 0.003 0.033 0.006 0.006 0.016 
 271   (0.028) 0.003 0.003 0.041 0.002 0.002 0.004 0.004 0.003 

Locus 5 : Rsu6 
5 alleles
0.0% missing data
 120   (0.274) 0.132 0.225 0.222 0.356 0.230 0.283 0.224 0.533 
 126   (0.595) 0.854 0.465 0.641 0.630 0.479 0.701 0.754 0.418 
 124   (0.074) 0.008 0.304 0.051 0.007 0.270 0.009 0.014 0.044 
 130   (0.033) 0.003 0.003 0.078 0.003 0.003 0.004 0.005 0.003 
 114   (0.024) 0.003 0.003 0.008 0.004 0.019 0.004 0.004 0.002 

Locus 6 : Scv12 
3 alleles
0.8% missing data
 198   (0.589) 0.428 0.927 0.720 0.483 0.301 0.725 0.643 0.420 
 196   (0.249) 0.514 0.050 0.152 0.454 0.172 0.237 0.210 0.285 
 200   (0.162) 0.058 0.023 0.128 0.063 0.527 0.038 0.147 0.295 

Locus 7 : Scv23 
3 alleles
0.8% missing data
 158   (0.507) 0.726 0.317 0.465 0.431 0.733 0.583 0.551 0.485 
 164   (0.204) 0.150 0.378 0.263 0.450 0.057 0.137 0.047 0.104 
 160   (0.289) 0.124 0.306 0.272 0.120 0.211 0.280 0.402 0.411 

Locus 8 : Scv13 
5 alleles
0.0% missing data
 182   (0.719) 0.895 0.774 0.685 0.808 0.912 0.915 0.515 0.966 
 180   (0.100) 0.011 0.183 0.114 0.169 0.061 0.021 0.018 0.017 
 172   (0.078) 0.081 0.010 0.062 0.007 0.007 0.030 0.294 0.007 
 184   (0.064) 0.010 0.030 0.116 0.013 0.016 0.021 0.017 0.006 
 174   (0.038) 0.004 0.004 0.022 0.003 0.004 0.012 0.157 0.003 

Locus 9 : Scv32 
18 alleles
0.0% missing data
 236   (0.034) 0.003 0.004 0.124 0.003 0.003 0.005 0.007 0.003 
 238   (0.055) 0.111 0.008 0.033 0.005 0.005 0.098 0.022 0.024 
 234   (0.133) 0.131 0.136 0.063 0.478 0.017 0.364 0.637 0.080 
 246   (0.060) 0.008 0.246 0.019 0.316 0.169 0.021 0.015 0.013 
 248   (0.093) 0.023 0.012 0.137 0.020 0.125 0.049 0.015 0.400 
 262   (0.097) 0.046 0.020 0.060 0.011 0.291 0.126 0.038 0.136 
 232   (0.163) 0.395 0.364 0.322 0.063 0.112 0.153 0.040 0.017 
 250   (0.024) 0.002 0.005 0.007 0.003 0.002 0.011 0.003 0.267 
 228   (0.026) 0.003 0.003 0.038 0.002 0.002 0.004 0.005 0.003 
 220   (0.034) 0.003 0.019 0.012 0.067 0.232 0.004 0.006 0.009 
 264   (0.060) 0.008 0.094 0.051 0.009 0.006 0.083 0.032 0.013 
 252   (0.046) 0.080 0.007 0.015 0.004 0.018 0.008 0.087 0.005 
 254   (0.054) 0.097 0.006 0.032 0.005 0.005 0.014 0.073 0.011 
 242   (0.026) 0.003 0.003 0.040 0.002 0.002 0.003 0.004 0.002 
 266   (0.025) 0.040 0.003 0.010 0.002 0.002 0.028 0.004 0.003 
 244   (0.029) 0.043 0.004 0.011 0.003 0.005 0.022 0.005 0.011 
 226   (0.023) 0.002 0.061 0.007 0.002 0.002 0.003 0.003 0.002 
 240   (0.018) 0.002 0.002 0.019 0.001 0.001 0.002 0.006 0.002 

Locus 10 : Scv8 
6 alleles
0.0% missing data
 200   (0.632) 0.640 0.953 0.661 0.722 0.707 0.653 0.457 0.821 
 202   (0.094) 0.078 0.012 0.152 0.008 0.009 0.079 0.057 0.011 
 194   (0.085) 0.010 0.013 0.038 0.254 0.077 0.197 0.043 0.023 
 204   (0.051) 0.005 0.008 0.027 0.005 0.041 0.012 0.010 0.126 
 198   (0.069) 0.008 0.008 0.087 0.007 0.160 0.033 0.015 0.014 
 188   (0.069) 0.258 0.007 0.035 0.005 0.006 0.026 0.418 0.006 

Locus 11 : Scv9 
5 alleles
0.0% missing data
 198   (0.318) 0.336 0.331 0.212 0.498 0.097 0.446 0.587 0.510 
 200   (0.352) 0.278 0.245 0.499 0.429 0.588 0.126 0.103 0.361 
 196   (0.261) 0.376 0.047 0.267 0.066 0.309 0.414 0.183 0.121 
 204   (0.045) 0.006 0.375 0.014 0.006 0.004 0.010 0.099 0.005 
 202   (0.024) 0.004 0.002 0.008 0.002 0.002 0.004 0.029 0.002 

Locus 12 : Rsu1 
6 alleles
0.0% missing data
 189   (0.310) 0.126 0.296 0.498 0.548 0.066 0.263 0.257 0.085 
 185   (0.272) 0.770 0.139 0.205 0.246 0.207 0.434 0.163 0.062 
 177   (0.080) 0.053 0.017 0.049 0.008 0.157 0.025 0.044 0.010 
 181   (0.236) 0.042 0.046 0.217 0.070 0.198 0.258 0.522 0.789 
 193   (0.057) 0.006 0.014 0.018 0.123 0.267 0.013 0.009 0.049 
 197   (0.045) 0.004 0.488 0.014 0.005 0.105 0.007 0.006 0.004 

Locus 13 : Scv14 
7 alleles
4.5% missing data
 196   (0.543) 0.575 0.931 0.458 0.887 0.797 0.604 0.628 0.866 
 198   (0.089) 0.045 0.011 0.113 0.009 0.008 0.121 0.093 0.037 
 194   (0.136) 0.053 0.023 0.187 0.034 0.046 0.157 0.161 0.050 
 202   (0.160) 0.319 0.028 0.200 0.061 0.136 0.107 0.089 0.023 
 204   (0.024) 0.002 0.002 0.022 0.004 0.002 0.003 0.004 0.003 
 190   (0.024) 0.003 0.003 0.009 0.003 0.008 0.004 0.004 0.019 
 200   (0.024) 0.003 0.002 0.011 0.003 0.002 0.005 0.022 0.003 

Locus 14 : Scv16 
7 alleles
0.0% missing data
 182   (0.379) 0.353 0.046 0.285 0.395 0.558 0.623 0.541 0.748 
 184   (0.419) 0.567 0.923 0.523 0.569 0.281 0.337 0.206 0.228 
 188   (0.069) 0.007 0.017 0.123 0.025 0.149 0.011 0.010 0.006 
 200   (0.025) 0.003 0.002 0.024 0.002 0.002 0.003 0.004 0.002 
 198   (0.044) 0.043 0.004 0.014 0.004 0.004 0.015 0.140 0.009 
 190   (0.038) 0.024 0.005 0.012 0.003 0.003 0.007 0.093 0.004 
 186   (0.025) 0.003 0.003 0.020 0.002 0.003 0.004 0.007 0.002 

Locus 15 : Scv31 
15 alleles
3.0% missing data
 193   (0.114) 0.198 0.017 0.094 0.018 0.037 0.080 0.041 0.633 
 201   (0.110) 0.058 0.012 0.207 0.040 0.070 0.019 0.018 0.068 
 187   (0.091) 0.110 0.081 0.032 0.389 0.311 0.020 0.015 0.050 
 207   (0.042) 0.005 0.269 0.013 0.407 0.011 0.006 0.006 0.004 
 195   (0.074) 0.195 0.013 0.026 0.032 0.099 0.071 0.035 0.029 
 185   (0.151) 0.191 0.549 0.130 0.015 0.018 0.360 0.330 0.023 
 189   (0.063) 0.006 0.007 0.189 0.005 0.006 0.008 0.009 0.132 
 205   (0.022) 0.002 0.003 0.021 0.002 0.002 0.003 0.005 0.002 
 191   (0.128) 0.017 0.023 0.061 0.072 0.364 0.401 0.439 0.038 
 197   (0.031) 0.162 0.007 0.010 0.004 0.008 0.004 0.004 0.004 
 199   (0.058) 0.042 0.006 0.068 0.005 0.005 0.009 0.079 0.006 
 203   (0.030) 0.003 0.003 0.060 0.002 0.003 0.004 0.004 0.003 
 209   (0.030) 0.003 0.003 0.039 0.002 0.003 0.006 0.007 0.003 
 213   (0.027) 0.003 0.003 0.041 0.002 0.003 0.004 0.004 0.002 
 181   (0.029) 0.003 0.004 0.009 0.004 0.061 0.007 0.004 0.003 

Locus 16 : Scv6 
8 alleles
0.0% missing data
 191   (0.102) 0.022 0.011 0.182 0.016 0.188 0.014 0.016 0.238 
 195   (0.384) 0.588 0.918 0.308 0.449 0.459 0.462 0.228 0.475 
 197   (0.208) 0.229 0.031 0.120 0.465 0.309 0.120 0.400 0.245 
 201   (0.077) 0.009 0.010 0.150 0.007 0.007 0.047 0.137 0.015 
 205   (0.026) 0.003 0.003 0.041 0.002 0.002 0.003 0.004 0.002 
 193   (0.097) 0.105 0.010 0.110 0.009 0.011 0.116 0.161 0.010 
 199   (0.080) 0.042 0.015 0.048 0.050 0.022 0.235 0.051 0.013 
 181   (0.026) 0.003 0.002 0.041 0.002 0.002 0.003 0.004 0.002 

Values of parameters used in structure:
DATAFILE=M:\STRUCTURE\Squirrel_132_ID_16L_20250816\project_data,	OUTFILE=M:\STRUCTURE\Squirrel_132_ID_16L_20250816\10k_Burnin_100k_MCMC\Results\10k_Burnin_100k_MCMC_run_192,	NUMINDS=132,	NUMLOCI=16,	MISSING=-9,	LABEL=1,	POPDATA=1,	POPFLAG=0,	PHENOTYPE=0,	EXTRACOLS=1,	MAXPOPS=8,	BURNIN=10000,	NUMREPS=100000,	USEPOPINFO=0,	INFERALPHA=1,	INFERLAMBDA=1,	POPSPECIFICLAMBDA=0,	POPALPHAS=0,	COMPUTEPROB=1,	NOADMIX=0,	ADMBURNIN=2500,	UPDATEFREQ=1,	PRINTLIKES=0,	INTERMEDSAVE=0,	PRINTKLD=0,	PRINTNET=0,	PRINTLAMBDA=0,	ANCESTDIST=1,	NUMBOXES=1000,	ANCESTPINT=0.90000,	GENSBACK=2,	MIGRPRIOR=0.05000,	PRINTQHAT=1,	PRINTQSUM=0,	ALPHA=1.0000,	FREQSCORR=1,	FPRIORMEAN=0.0100,	FPRIORSD=0.0500,	ONEFST=0,	LAMBDA=1.0000,	UNIFPRIORALPHA=1,	ALPHAMAX=10.0000,	ALPHAPRIORA=1.0000,	ALPHAPRIORB=2.0000,	ALPHAPROPSD=0.0250,	STARTATPOPINFO=0,	RANDOMIZE=1,	LINKAGE=0,	METROFREQ=10,	REPORTHITRATE=0,	MARKOVPHASE=-1,	PHASED=0,	PLOIDY=2,	PHASEINFO=0	LOCPRIOR=0, 	LOCPRIORINIT=1.000000, 	LOCDATA=0, 	LOCISPOP=0, 	LOCPRIORSTEP=0.100000, 	MAXLOCPRIOR=20.000000, 	SEED=1763754354,	
[STRAT parameters]:    NUMSIMSTATS=1000,	PHENOTYPECOL=-9,	POOLFREQ=10,	LOCUSxONLY=0,	EMERROR=0.00100,	MISSINGPHENO=-9,	