

----------------------------------------------------
STRUCTURE by Pritchard, Stephens and Donnelly (2000)
     and Falush, Stephens and Pritchard (2003)
       Code by Pritchard, Falush and Hubisz
             Version 2.3.4 (Jul 2012)
----------------------------------------------------



Command line arguments:   bin\structure -m M:\STRUCTURE\Squirrel_132_ID_16L_20250816\10k_Burnin_100k_MCMC\mainparams -e M:\STRUCTURE\Squirrel_132_ID_16L_20250816\10k_Burnin_100k_MCMC\extraparams 
Input File:    M:\STRUCTURE\Squirrel_132_ID_16L_20250816\project_data

Run parameters:
   132 individuals
   16 loci
   3 populations assumed
   10000 Burn-in period
   100000 Reps


--------------------------------------------
Proportion of membership of each pre-defined
 population in each of the 3 clusters

Given    Inferred Clusters       Number of
 Pop       1      2      3      Individuals

  1:     0.389  0.216  0.395      132
--------------------------------------------

Allele-freq. divergence among pops (Net nucleotide distance),
computed using point estimates of P.

      1       2       3      
 1      -    0.0366  0.0461  
 2   0.0366     -    0.0333  
 3   0.0461  0.0333     -    

Average distances (expected heterozygosity) between individuals in same cluster:
cluster  1  : 0.5991 
cluster  2  : 0.6457 
cluster  3  : 0.5511 

--------------------------------------------
Estimated Ln Prob of Data   = -4997.0
Mean value of ln likelihood = -4864.7
Variance of ln likelihood   = 264.5
Mean value of alpha         = 0.0427

Mean value of lambda        = 1.0230

Mean value of Fst_1         = 0.1325
Mean value of Fst_2         = 0.0204
Mean value of Fst_3         = 0.1490


Inferred ancestry of individuals:
        Label (%Miss) Pop:  Inferred clusters (and 90% probability intervals)
  1       1*    (0)    1 :  0.021 0.964 0.015     (0.000,0.151) (0.764,1.000) (0.000,0.090) 
  2        3    (0)    1 :  0.014 0.037 0.949     (0.000,0.084) (0.000,0.218) (0.693,1.000) 
  3        6    (0)    1 :  0.028 0.007 0.965     (0.000,0.201) (0.000,0.036) (0.771,1.000) 
  4        8    (0)    1 :  0.006 0.012 0.982     (0.000,0.032) (0.000,0.064) (0.894,1.000) 
  5       10    (0)    1 :  0.006 0.008 0.986     (0.000,0.028) (0.000,0.041) (0.920,1.000) 
  6       11    (0)    1 :  0.034 0.888 0.079     (0.000,0.244) (0.285,1.000) (0.000,0.566) 
  7       12    (0)    1 :  0.016 0.016 0.968     (0.000,0.088) (0.000,0.076) (0.816,1.000) 
  8       16    (6)    1 :  0.007 0.011 0.982     (0.000,0.040) (0.000,0.063) (0.889,1.000) 
  9       18    (0)    1 :  0.005 0.987 0.008     (0.000,0.028) (0.919,1.000) (0.000,0.045) 
 10       19    (0)    1 :  0.026 0.952 0.021     (0.000,0.169) (0.702,1.000) (0.000,0.145) 
 11       21    (6)    1 :  0.010 0.012 0.977     (0.000,0.059) (0.000,0.069) (0.855,1.000) 
 12       23    (6)    1 :  0.385 0.027 0.588     (0.000,1.000) (0.000,0.164) (0.000,1.000) 
 13       24    (6)    1 :  0.028 0.314 0.658     (0.000,0.200) (0.000,1.000) (0.000,1.000) 
 14       25    (6)    1 :  0.084 0.058 0.857     (0.000,0.489) (0.000,0.404) (0.356,1.000) 
 15      26*    (0)    1 :  0.005 0.014 0.982     (0.000,0.024) (0.000,0.088) (0.887,1.000) 
 16       28    (0)    1 :  0.006 0.006 0.988     (0.000,0.033) (0.000,0.033) (0.925,1.000) 
 17       29    (0)    1 :  0.006 0.015 0.980     (0.000,0.030) (0.000,0.075) (0.888,1.000) 
 18       30    (0)    1 :  0.135 0.062 0.803     (0.000,0.612) (0.000,0.482) (0.091,1.000) 
 19       33    (0)    1 :  0.021 0.974 0.005     (0.000,0.147) (0.831,1.000) (0.000,0.029) 
 20       37    (0)    1 :  0.007 0.977 0.016     (0.000,0.040) (0.858,1.000) (0.000,0.095) 
 21       38    (0)    1 :  0.004 0.980 0.016     (0.000,0.024) (0.875,1.000) (0.000,0.101) 
 22       43    (0)    1 :  0.006 0.016 0.978     (0.000,0.035) (0.000,0.090) (0.871,1.000) 
 23       44    (0)    1 :  0.013 0.015 0.971     (0.000,0.085) (0.000,0.079) (0.823,1.000) 
 24       48    (0)    1 :  0.005 0.987 0.008     (0.000,0.026) (0.922,1.000) (0.000,0.042) 
 25       55    (0)    1 :  0.016 0.010 0.974     (0.000,0.112) (0.000,0.051) (0.829,1.000) 
 26       59    (0)    1 :  0.010 0.425 0.565     (0.000,0.057) (0.000,1.000) (0.000,1.000) 
 27       60    (0)    1 :  0.945 0.044 0.011     (0.677,1.000) (0.000,0.265) (0.000,0.062) 
 28       61    (0)    1 :  0.983 0.009 0.008     (0.898,1.000) (0.000,0.048) (0.000,0.045) 
 29       62    (0)    1 :  0.962 0.020 0.018     (0.775,1.000) (0.000,0.106) (0.000,0.103) 
 30       65    (0)    1 :  0.017 0.975 0.008     (0.000,0.119) (0.839,1.000) (0.000,0.050) 
 31       73    (0)    1 :  0.956 0.014 0.030     (0.729,1.000) (0.000,0.089) (0.000,0.215) 
 32       75    (0)    1 :  0.946 0.045 0.009     (0.665,1.000) (0.000,0.315) (0.000,0.059) 
 33       76    (0)    1 :  0.986 0.007 0.007     (0.920,1.000) (0.000,0.034) (0.000,0.037) 
 34       77    (0)    1 :  0.974 0.017 0.009     (0.844,1.000) (0.000,0.102) (0.000,0.047) 
 35       78    (0)    1 :  0.983 0.009 0.008     (0.895,1.000) (0.000,0.050) (0.000,0.044) 
 36       79    (0)    1 :  0.973 0.022 0.005     (0.820,1.000) (0.000,0.164) (0.000,0.026) 
 37       84    (0)    1 :  0.035 0.013 0.953     (0.000,0.254) (0.000,0.078) (0.704,1.000) 
 38       85    (0)    1 :  0.017 0.045 0.938     (0.000,0.116) (0.000,0.302) (0.617,1.000) 
 39       86    (0)    1 :  0.035 0.078 0.887     (0.000,0.258) (0.000,0.598) (0.337,1.000) 
 40       89    (0)    1 :  0.068 0.076 0.856     (0.000,0.471) (0.000,0.584) (0.131,1.000) 
 41       94    (0)    1 :  0.007 0.187 0.805     (0.000,0.036) (0.000,1.000) (0.000,1.000) 
 42       95    (0)    1 :  0.017 0.533 0.450     (0.000,0.113) (0.000,1.000) (0.000,1.000) 
 43       96    (0)    1 :  0.007 0.006 0.987     (0.000,0.040) (0.000,0.031) (0.918,1.000) 
 44       98    (0)    1 :  0.981 0.009 0.009     (0.886,1.000) (0.000,0.048) (0.000,0.052) 
 45      102    (0)    1 :  0.016 0.967 0.017     (0.000,0.113) (0.793,1.000) (0.000,0.110) 
 46      105    (0)    1 :  0.973 0.019 0.008     (0.831,1.000) (0.000,0.132) (0.000,0.045) 
 47      106    (0)    1 :  0.836 0.129 0.036     (0.000,1.000) (0.000,0.993) (0.000,0.222) 
 48      108    (0)    1 :  0.931 0.055 0.014     (0.598,1.000) (0.000,0.375) (0.000,0.091) 
 49      109    (0)    1 :  0.964 0.009 0.027     (0.766,1.000) (0.000,0.048) (0.000,0.198) 
 50      112    (0)    1 :  0.629 0.119 0.252     (0.000,1.000) (0.000,0.971) (0.000,1.000) 
 51      115    (0)    1 :  0.032 0.937 0.031     (0.000,0.226) (0.595,1.000) (0.000,0.211) 
 52      116    (0)    1 :  0.014 0.039 0.947     (0.000,0.088) (0.000,0.272) (0.679,1.000) 
 53      117    (0)    1 :  0.016 0.009 0.976     (0.000,0.096) (0.000,0.050) (0.849,1.000) 
 54      129    (0)    1 :  0.004 0.006 0.990     (0.000,0.022) (0.000,0.034) (0.937,1.000) 
 55      132    (0)    1 :  0.558 0.389 0.053     (0.000,1.000) (0.000,1.000) (0.000,0.385) 
 56      133    (0)    1 :  0.986 0.007 0.006     (0.916,1.000) (0.000,0.039) (0.000,0.034) 
 57      137    (6)    1 :  0.970 0.015 0.016     (0.813,1.000) (0.000,0.075) (0.000,0.098) 
 58      139    (0)    1 :  0.893 0.086 0.022     (0.367,1.000) (0.000,0.598) (0.000,0.154) 
 59      140    (0)    1 :  0.982 0.009 0.009     (0.895,1.000) (0.000,0.046) (0.000,0.046) 
 60      142    (0)    1 :  0.982 0.009 0.009     (0.888,1.000) (0.000,0.048) (0.000,0.051) 
 61      144    (0)    1 :  0.987 0.007 0.005     (0.924,1.000) (0.000,0.037) (0.000,0.030) 
 62      145    (0)    1 :  0.983 0.008 0.009     (0.893,1.000) (0.000,0.043) (0.000,0.049) 
 63      147    (0)    1 :  0.986 0.008 0.006     (0.916,1.000) (0.000,0.041) (0.000,0.034) 
 64      160    (0)    1 :  0.008 0.034 0.958     (0.000,0.044) (0.000,0.143) (0.793,1.000) 
 65     162*    (0)    1 :  0.007 0.006 0.987     (0.000,0.040) (0.000,0.032) (0.918,1.000) 
 66      166    (0)    1 :  0.984 0.010 0.007     (0.904,1.000) (0.000,0.048) (0.000,0.037) 
 67      177    (0)    1 :  0.978 0.013 0.009     (0.870,1.000) (0.000,0.069) (0.000,0.051) 
 68      178    (0)    1 :  0.976 0.009 0.015     (0.849,1.000) (0.000,0.052) (0.000,0.089) 
 69      186    (0)    1 :  0.009 0.013 0.978     (0.000,0.052) (0.000,0.073) (0.863,1.000) 
 70      189    (0)    1 :  0.007 0.011 0.983     (0.000,0.036) (0.000,0.052) (0.901,1.000) 
 71      190    (0)    1 :  0.008 0.010 0.983     (0.000,0.042) (0.000,0.054) (0.892,1.000) 
 72      191    (0)    1 :  0.017 0.009 0.974     (0.000,0.120) (0.000,0.046) (0.828,1.000) 
 73      193    (0)    1 :  0.945 0.015 0.040     (0.665,1.000) (0.000,0.082) (0.000,0.249) 
 74      202    (0)    1 :  0.025 0.198 0.777     (0.000,0.173) (0.000,1.000) (0.000,1.000) 
 75      204    (0)    1 :  0.004 0.004 0.992     (0.000,0.019) (0.000,0.024) (0.950,1.000) 
 76      211    (0)    1 :  0.932 0.041 0.027     (0.601,1.000) (0.000,0.244) (0.000,0.200) 
 77      216    (0)    1 :  0.989 0.005 0.005     (0.935,1.000) (0.000,0.027) (0.000,0.029) 
 78      222    (0)    1 :  0.920 0.070 0.009     (0.462,1.000) (0.000,0.521) (0.000,0.050) 
 79      224    (0)    1 :  0.013 0.016 0.971     (0.000,0.075) (0.000,0.085) (0.827,1.000) 
 80      226    (0)    1 :  0.010 0.577 0.413     (0.000,0.055) (0.000,1.000) (0.000,1.000) 
 81      229    (0)    1 :  0.028 0.054 0.918     (0.000,0.211) (0.000,0.377) (0.530,1.000) 
 82      230    (0)    1 :  0.024 0.032 0.945     (0.000,0.159) (0.000,0.194) (0.714,1.000) 
 83      232    (0)    1 :  0.084 0.030 0.886     (0.000,0.485) (0.000,0.179) (0.435,1.000) 
 84      238    (0)    1 :  0.105 0.879 0.016     (0.000,0.585) (0.390,1.000) (0.000,0.101) 
 85      242    (0)    1 :  0.006 0.989 0.005     (0.000,0.032) (0.933,1.000) (0.000,0.027) 
 86      243    (0)    1 :  0.060 0.923 0.017     (0.000,0.404) (0.557,1.000) (0.000,0.106) 
 87      244    (0)    1 :  0.056 0.932 0.013     (0.000,0.373) (0.602,1.000) (0.000,0.080) 
 88      251    (0)    1 :  0.048 0.910 0.041     (0.000,0.354) (0.486,1.000) (0.000,0.311) 
 89      266    (0)    1 :  0.639 0.346 0.016     (0.000,1.000) (0.000,1.000) (0.000,0.102) 
 90      267    (0)    1 :  0.909 0.034 0.057     (0.539,1.000) (0.000,0.238) (0.000,0.366) 
 91      268    (0)    1 :  0.984 0.008 0.008     (0.902,1.000) (0.000,0.044) (0.000,0.041) 
 92      270    (0)    1 :  0.011 0.018 0.972     (0.000,0.066) (0.000,0.107) (0.825,1.000) 
 93      276    (0)    1 :  0.046 0.013 0.941     (0.000,0.356) (0.000,0.075) (0.611,1.000) 
 94      298    (6)    1 :  0.985 0.008 0.007     (0.909,1.000) (0.000,0.043) (0.000,0.038) 
 95      306    (0)    1 :  0.980 0.014 0.006     (0.891,1.000) (0.000,0.069) (0.000,0.030) 
 96      308    (0)    1 :  0.974 0.017 0.009     (0.837,1.000) (0.000,0.104) (0.000,0.050) 
 97      311    (6)    1 :  0.738 0.241 0.021     (0.000,1.000) (0.000,1.000) (0.000,0.138) 
 98      323    (0)    1 :  0.014 0.449 0.537     (0.000,0.090) (0.000,1.000) (0.000,1.000) 
 99      327    (0)    1 :  0.009 0.011 0.980     (0.000,0.053) (0.000,0.058) (0.878,1.000) 
100      334    (0)    1 :  0.033 0.960 0.008     (0.000,0.220) (0.753,1.000) (0.000,0.042) 
101      338    (0)    1 :  0.964 0.017 0.018     (0.791,1.000) (0.000,0.094) (0.000,0.107) 
102      341    (0)    1 :  0.043 0.439 0.518     (0.000,0.311) (0.000,1.000) (0.000,1.000) 
103      346    (0)    1 :  0.974 0.011 0.015     (0.839,1.000) (0.000,0.055) (0.000,0.090) 
104      348    (0)    1 :  0.980 0.013 0.007     (0.877,1.000) (0.000,0.076) (0.000,0.039) 
105      351    (0)    1 :  0.031 0.952 0.017     (0.000,0.206) (0.697,1.000) (0.000,0.112) 
106      362    (0)    1 :  0.005 0.006 0.989     (0.000,0.028) (0.000,0.034) (0.931,1.000) 
107      364    (0)    1 :  0.016 0.978 0.006     (0.000,0.101) (0.858,1.000) (0.000,0.034) 
108      366    (0)    1 :  0.024 0.947 0.029     (0.000,0.164) (0.662,1.000) (0.000,0.216) 
109      376    (0)    1 :  0.011 0.013 0.976     (0.000,0.068) (0.000,0.074) (0.852,1.000) 
110      377    (6)    1 :  0.255 0.060 0.685     (0.000,0.999) (0.000,0.428) (0.000,1.000) 
111      378    (0)    1 :  0.029 0.008 0.963     (0.000,0.187) (0.000,0.036) (0.776,1.000) 
112      388    (0)    1 :  0.964 0.019 0.016     (0.774,1.000) (0.000,0.125) (0.000,0.105) 
113      391    (0)    1 :  0.572 0.131 0.297     (0.000,1.000) (0.000,0.983) (0.000,1.000) 
114      401    (0)    1 :  0.079 0.463 0.458     (0.000,0.485) (0.000,1.000) (0.000,1.000) 
115      406    (0)    1 :  0.899 0.075 0.026     (0.162,1.000) (0.000,0.718) (0.000,0.184) 
116      412    (6)    1 :  0.941 0.021 0.038     (0.620,1.000) (0.000,0.112) (0.000,0.270) 
117      413    (0)    1 :  0.948 0.042 0.010     (0.678,1.000) (0.000,0.287) (0.000,0.053) 
118      421    (0)    1 :  0.156 0.072 0.772     (0.000,0.635) (0.000,0.504) (0.266,1.000) 
119      423    (0)    1 :  0.097 0.325 0.579     (0.000,0.595) (0.000,1.000) (0.000,1.000) 
120      424    (0)    1 :  0.922 0.053 0.025     (0.497,1.000) (0.000,0.370) (0.000,0.144) 
121      426    (0)    1 :  0.032 0.017 0.951     (0.000,0.235) (0.000,0.103) (0.685,1.000) 
122      430   (12)    1 :  0.967 0.009 0.024     (0.790,1.000) (0.000,0.048) (0.000,0.157) 
123      435    (0)    1 :  0.988 0.005 0.007     (0.925,1.000) (0.000,0.028) (0.000,0.038) 
124      476    (0)    1 :  0.013 0.115 0.872     (0.000,0.082) (0.000,0.581) (0.407,1.000) 
125      478    (0)    1 :  0.007 0.015 0.978     (0.000,0.038) (0.000,0.085) (0.867,1.000) 
126      484    (0)    1 :  0.986 0.006 0.007     (0.916,1.000) (0.000,0.034) (0.000,0.042) 
127      489    (0)    1 :  0.543 0.054 0.403     (0.000,1.000) (0.000,0.387) (0.000,1.000) 
128      493    (0)    1 :  0.007 0.985 0.008     (0.000,0.039) (0.906,1.000) (0.000,0.046) 
129      494    (0)    1 :  0.006 0.977 0.017     (0.000,0.034) (0.856,1.000) (0.000,0.111) 
130      500    (0)    1 :  0.004 0.012 0.984     (0.000,0.020) (0.000,0.057) (0.917,1.000) 
131      504    (0)    1 :  0.891 0.046 0.063     (0.520,1.000) (0.000,0.304) (0.000,0.384) 
132      506    (0)    1 :  0.880 0.012 0.108     (0.460,1.000) (0.000,0.064) (0.000,0.524) 


Estimated Allele Frequencies in each cluster
First column gives estimated ancestral frequencies


Locus 1 : Rsu3 
3 alleles
0.0% missing data
 164   (0.521) 0.482 0.531 0.612 
 166   (0.218) 0.395 0.195 0.141 
 170   (0.261) 0.124 0.274 0.247 

Locus 2 : Rsu5 
5 alleles
0.0% missing data
 137   (0.700) 0.704 0.705 0.947 
 135   (0.099) 0.052 0.098 0.018 
 139   (0.138) 0.039 0.156 0.032 
 133   (0.025) 0.002 0.021 0.001 
 131   (0.037) 0.203 0.020 0.002 

Locus 3 : Scv1 
5 alleles
0.0% missing data
 181   (0.588) 0.354 0.651 0.759 
 179   (0.170) 0.213 0.159 0.094 
 177   (0.093) 0.194 0.071 0.035 
 185   (0.117) 0.238 0.086 0.110 
 171   (0.032) 0.002 0.033 0.002 

Locus 4 : Rsu4 
9 alleles
0.0% missing data
 267   (0.232) 0.083 0.271 0.183 
 263   (0.300) 0.449 0.287 0.444 
 259   (0.033) 0.002 0.018 0.201 
 287   (0.158) 0.206 0.143 0.137 
 275   (0.058) 0.007 0.078 0.003 
 279   (0.091) 0.079 0.092 0.011 
 283   (0.058) 0.169 0.046 0.003 
 291   (0.039) 0.003 0.031 0.016 
 271   (0.031) 0.002 0.033 0.002 

Locus 5 : Rsu6 
5 alleles
0.0% missing data
 120   (0.247) 0.224 0.230 0.330 
 126   (0.598) 0.765 0.614 0.507 
 124   (0.085) 0.006 0.084 0.151 
 130   (0.046) 0.003 0.058 0.002 
 114   (0.025) 0.002 0.014 0.009 

Locus 6 : Scv12 
3 alleles
0.8% missing data
 198   (0.645) 0.595 0.704 0.426 
 196   (0.199) 0.336 0.162 0.255 
 200   (0.156) 0.069 0.134 0.319 

Locus 7 : Scv23 
3 alleles
0.8% missing data
 158   (0.476) 0.624 0.462 0.567 
 164   (0.245) 0.124 0.262 0.180 
 160   (0.279) 0.252 0.276 0.253 

Locus 8 : Scv13 
5 alleles
0.0% missing data
 182   (0.698) 0.816 0.692 0.893 
 180   (0.099) 0.007 0.111 0.087 
 172   (0.071) 0.123 0.062 0.004 
 184   (0.084) 0.012 0.097 0.013 
 174   (0.048) 0.043 0.037 0.003 

Locus 9 : Scv32 
18 alleles
0.0% missing data
 236   (0.052) 0.004 0.088 0.003 
 238   (0.040) 0.090 0.033 0.002 
 234   (0.098) 0.370 0.077 0.150 
 246   (0.050) 0.010 0.037 0.181 
 248   (0.112) 0.029 0.133 0.159 
 262   (0.086) 0.067 0.073 0.164 
 232   (0.213) 0.198 0.285 0.110 
 250   (0.036) 0.008 0.023 0.072 
 228   (0.028) 0.002 0.031 0.002 
 220   (0.033) 0.002 0.021 0.122 
 264   (0.056) 0.043 0.053 0.009 
 252   (0.036) 0.057 0.020 0.009 
 254   (0.036) 0.067 0.027 0.002 
 242   (0.028) 0.002 0.031 0.002 
 266   (0.026) 0.027 0.015 0.001 
 244   (0.030) 0.022 0.018 0.006 
 226   (0.020) 0.001 0.015 0.004 
 240   (0.020) 0.001 0.019 0.001 

Locus 10 : Scv8 
6 alleles
0.0% missing data
 200   (0.638) 0.605 0.677 0.762 
 202   (0.100) 0.074 0.117 0.006 
 194   (0.078) 0.075 0.051 0.103 
 204   (0.045) 0.003 0.034 0.054 
 198   (0.086) 0.011 0.084 0.073 
 188   (0.053) 0.231 0.038 0.003 

Locus 11 : Scv9 
5 alleles
0.0% missing data
 198   (0.265) 0.460 0.239 0.314 
 200   (0.384) 0.176 0.435 0.457 
 196   (0.257) 0.313 0.254 0.197 
 204   (0.070) 0.041 0.060 0.030 
 202   (0.025) 0.010 0.013 0.001 

Locus 12 : Rsu1 
6 alleles
0.0% missing data
 189   (0.368) 0.210 0.441 0.187 
 185   (0.220) 0.486 0.197 0.186 
 177   (0.077) 0.037 0.058 0.070 
 181   (0.237) 0.261 0.225 0.302 
 193   (0.035) 0.002 0.019 0.165 
 197   (0.062) 0.004 0.060 0.089 

Locus 13 : Scv14 
7 alleles
4.5% missing data
 196   (0.497) 0.621 0.492 0.850 
 198   (0.089) 0.091 0.097 0.005 
 194   (0.159) 0.095 0.173 0.052 
 202   (0.181) 0.184 0.184 0.082 
 204   (0.025) 0.002 0.021 0.001 
 190   (0.025) 0.002 0.015 0.008 
 200   (0.025) 0.006 0.017 0.002 

Locus 14 : Scv16 
7 alleles
0.0% missing data
 182   (0.318) 0.494 0.289 0.536 
 184   (0.484) 0.394 0.538 0.382 
 188   (0.088) 0.006 0.098 0.077 
 200   (0.025) 0.002 0.021 0.001 
 198   (0.031) 0.065 0.017 0.002 
 190   (0.030) 0.037 0.016 0.002 
 186   (0.025) 0.002 0.021 0.001 

Locus 15 : Scv31 
15 alleles
3.0% missing data
 193   (0.122) 0.148 0.111 0.162 
 201   (0.122) 0.026 0.155 0.060 
 187   (0.066) 0.049 0.043 0.245 
 207   (0.038) 0.003 0.027 0.141 
 195   (0.057) 0.099 0.036 0.061 
 185   (0.157) 0.308 0.177 0.052 
 189   (0.095) 0.006 0.144 0.037 
 205   (0.022) 0.002 0.020 0.001 
 191   (0.111) 0.257 0.088 0.192 
 197   (0.037) 0.056 0.021 0.013 
 199   (0.054) 0.040 0.056 0.003 
 203   (0.035) 0.002 0.045 0.002 
 209   (0.028) 0.002 0.032 0.002 
 213   (0.029) 0.002 0.032 0.002 
 181   (0.026) 0.002 0.014 0.028 

Locus 16 : Scv6 
8 alleles
0.0% missing data
 191   (0.133) 0.015 0.155 0.148 
 195   (0.378) 0.457 0.377 0.498 
 197   (0.153) 0.237 0.121 0.307 
 201   (0.103) 0.055 0.129 0.006 
 205   (0.031) 0.002 0.033 0.002 
 193   (0.091) 0.127 0.095 0.006 
 199   (0.078) 0.105 0.057 0.031 
 181   (0.032) 0.002 0.034 0.002 

Values of parameters used in structure:
DATAFILE=M:\STRUCTURE\Squirrel_132_ID_16L_20250816\project_data,	OUTFILE=M:\STRUCTURE\Squirrel_132_ID_16L_20250816\10k_Burnin_100k_MCMC\Results\10k_Burnin_100k_MCMC_run_70,	NUMINDS=132,	NUMLOCI=16,	MISSING=-9,	LABEL=1,	POPDATA=1,	POPFLAG=0,	PHENOTYPE=0,	EXTRACOLS=1,	MAXPOPS=3,	BURNIN=10000,	NUMREPS=100000,	USEPOPINFO=0,	INFERALPHA=1,	INFERLAMBDA=1,	POPSPECIFICLAMBDA=0,	POPALPHAS=0,	COMPUTEPROB=1,	NOADMIX=0,	ADMBURNIN=2500,	UPDATEFREQ=1,	PRINTLIKES=0,	INTERMEDSAVE=0,	PRINTKLD=0,	PRINTNET=0,	PRINTLAMBDA=0,	ANCESTDIST=1,	NUMBOXES=1000,	ANCESTPINT=0.90000,	GENSBACK=2,	MIGRPRIOR=0.05000,	PRINTQHAT=1,	PRINTQSUM=0,	ALPHA=1.0000,	FREQSCORR=1,	FPRIORMEAN=0.0100,	FPRIORSD=0.0500,	ONEFST=0,	LAMBDA=1.0000,	UNIFPRIORALPHA=1,	ALPHAMAX=10.0000,	ALPHAPRIORA=1.0000,	ALPHAPRIORB=2.0000,	ALPHAPROPSD=0.0250,	STARTATPOPINFO=0,	RANDOMIZE=1,	LINKAGE=0,	METROFREQ=10,	REPORTHITRATE=0,	MARKOVPHASE=-1,	PHASED=0,	PLOIDY=2,	PHASEINFO=0	LOCPRIOR=0, 	LOCPRIORINIT=1.000000, 	LOCDATA=0, 	LOCISPOP=0, 	LOCPRIORSTEP=0.100000, 	MAXLOCPRIOR=20.000000, 	SEED=1763744193,	
[STRAT parameters]:    NUMSIMSTATS=1000,	PHENOTYPECOL=-9,	POOLFREQ=10,	LOCUSxONLY=0,	EMERROR=0.00100,	MISSINGPHENO=-9,	