          1*  1 0.8809 0.0582 0.0097 0.0138 0.0294 0.0081 
           3  1 0.0054 0.0055 0.0048 0.9721 0.0061 0.0061 
           6  1 0.0065 0.0123 0.0152 0.9195 0.0233 0.0232 
           8  1 0.0112 0.0175 0.0044 0.0062 0.0099 0.9509 
          10  1 0.0102 0.8427 0.0053 0.0093 0.0044 0.1280 
          11  1 0.7528 0.0267 0.0954 0.0395 0.0209 0.0646 
          12  1 0.0047 0.9724 0.0053 0.0056 0.0050 0.0070 
          16  1 0.0066 0.0088 0.0059 0.9548 0.0059 0.0181 
          18  1 0.9673 0.0057 0.0049 0.0092 0.0052 0.0077 
          19  1 0.8770 0.0101 0.0441 0.0143 0.0222 0.0324 
          21  1 0.0067 0.0087 0.0077 0.9454 0.0063 0.0252 
          23  1 0.0091 0.8832 0.0606 0.0131 0.0169 0.0171 
          24  1 0.2187 0.5183 0.0457 0.0159 0.0127 0.1888 
          25  1 0.0146 0.8502 0.0132 0.0475 0.0122 0.0622 
         26*  1 0.0225 0.2054 0.0051 0.0952 0.0077 0.6641 
          28  1 0.0080 0.1558 0.0082 0.0537 0.0071 0.7673 
          29  1 0.0163 0.8638 0.0061 0.0064 0.0056 0.1018 
          30  1 0.0264 0.0780 0.0083 0.1094 0.3263 0.4517 
          33  1 0.9514 0.0058 0.0219 0.0061 0.0103 0.0046 
          37  1 0.9463 0.0204 0.0079 0.0115 0.0056 0.0082 
          38  1 0.9523 0.0120 0.0048 0.0090 0.0039 0.0180 
          43  1 0.0098 0.7762 0.0081 0.0320 0.0072 0.1667 
          44  1 0.0110 0.0073 0.0102 0.3379 0.0357 0.5980 
          48  1 0.9656 0.0061 0.0047 0.0125 0.0053 0.0059 
          55  1 0.0146 0.0137 0.0122 0.1707 0.0272 0.7616 
          59  1 0.0059 0.0037 0.0042 0.9750 0.0052 0.0060 
          60  1 0.1134 0.2943 0.2515 0.0236 0.3117 0.0056 
          61  1 0.0086 0.0078 0.9164 0.0141 0.0446 0.0084 
          62  1 0.0192 0.0334 0.8901 0.0149 0.0301 0.0123 
          65  1 0.9430 0.0070 0.0126 0.0049 0.0218 0.0107 
          73  1 0.0092 0.0774 0.0060 0.0064 0.8894 0.0116 
          75  1 0.0274 0.0054 0.9045 0.0109 0.0416 0.0103 
          76  1 0.0047 0.0082 0.9704 0.0052 0.0071 0.0044 
          77  1 0.0068 0.0080 0.9686 0.0064 0.0057 0.0044 
          78  1 0.0160 0.0167 0.1412 0.0064 0.8084 0.0113 
          79  1 0.0100 0.0044 0.9237 0.0041 0.0519 0.0059 
          84  1 0.0191 0.1197 0.0474 0.6679 0.0317 0.1142 
          85  1 0.0111 0.0066 0.0073 0.0116 0.0124 0.9509 
          86  1 0.0217 0.0176 0.0098 0.0062 0.0167 0.9281 
          89  1 0.0284 0.3047 0.0774 0.5563 0.0197 0.0135 
          94  1 0.0244 0.9423 0.0066 0.0115 0.0047 0.0105 
          95  1 0.0104 0.0050 0.0065 0.9577 0.0087 0.0119 
          96  1 0.0044 0.0091 0.0057 0.0045 0.0045 0.9717 
          98  1 0.0091 0.0143 0.0811 0.0089 0.8790 0.0076 
         102  1 0.8987 0.0284 0.0175 0.0365 0.0124 0.0065 
         105  1 0.0088 0.0055 0.0048 0.0056 0.9704 0.0050 
         106  1 0.0356 0.0076 0.5861 0.1381 0.2024 0.0301 
         108  1 0.0583 0.0113 0.0240 0.0086 0.8879 0.0099 
         109  1 0.0063 0.0057 0.0101 0.0093 0.9533 0.0153 
         112  1 0.0452 0.0802 0.7285 0.0105 0.0159 0.1197 
         115  1 0.8427 0.0851 0.0116 0.0139 0.0357 0.0111 
         116  1 0.0156 0.0069 0.0072 0.0102 0.0107 0.9493 
         117  1 0.0166 0.3334 0.0292 0.3807 0.0241 0.2160 
         129  1 0.0077 0.0084 0.0040 0.0349 0.0054 0.9395 
         132  1 0.2414 0.5363 0.0777 0.0295 0.1084 0.0067 
         133  1 0.0078 0.0116 0.1111 0.0110 0.8539 0.0046 
         137  1 0.0109 0.0205 0.9253 0.0153 0.0186 0.0095 
         139  1 0.0334 0.0089 0.9128 0.0114 0.0145 0.0189 
         140  1 0.0068 0.0055 0.0108 0.0114 0.9584 0.0070 
         142  1 0.0067 0.0089 0.9537 0.0156 0.0100 0.0051 
         144  1 0.0048 0.0039 0.0052 0.0063 0.9758 0.0041 
         145  1 0.0075 0.0069 0.9551 0.0087 0.0163 0.0055 
         147  1 0.0071 0.0040 0.0119 0.0044 0.9646 0.0080 
         160  1 0.0095 0.9612 0.0055 0.0099 0.0046 0.0092 
        162*  1 0.0046 0.0092 0.0057 0.0041 0.0049 0.9715 
         166  1 0.0132 0.0191 0.2834 0.0308 0.6445 0.0089 
         177  1 0.0048 0.0050 0.9760 0.0043 0.0043 0.0056 
         178  1 0.0213 0.0392 0.8260 0.0091 0.0875 0.0168 
         186  1 0.0044 0.0058 0.0045 0.9761 0.0041 0.0050 
         189  1 0.0065 0.0101 0.0088 0.0072 0.0037 0.9638 
         190  1 0.0161 0.0744 0.0144 0.0385 0.0132 0.8433 
         191  1 0.0133 0.0281 0.0335 0.5111 0.0440 0.3700 
         193  1 0.0149 0.0221 0.8841 0.0457 0.0218 0.0115 
         202  1 0.0562 0.6217 0.0146 0.0093 0.0084 0.2899 
         204  1 0.0042 0.0074 0.0036 0.0332 0.0044 0.9473 
         211  1 0.0310 0.4344 0.0879 0.0109 0.4254 0.0105 
         216  1 0.0061 0.0179 0.0385 0.0046 0.9283 0.0046 
         222  1 0.0533 0.0132 0.0197 0.0073 0.8846 0.0220 
         224  1 0.0105 0.0139 0.0088 0.0129 0.0093 0.9447 
         226  1 0.0088 0.0047 0.0052 0.9704 0.0049 0.0061 
         229  1 0.0440 0.0905 0.0701 0.0132 0.0644 0.7177 
         230  1 0.0147 0.0180 0.0292 0.0148 0.0123 0.9109 
         232  1 0.0323 0.5377 0.1687 0.0871 0.0331 0.1411 
         238  1 0.7212 0.0119 0.1624 0.0065 0.0282 0.0698 
         242  1 0.9726 0.0043 0.0041 0.0059 0.0075 0.0055 
         243  1 0.8414 0.0136 0.0304 0.0372 0.0693 0.0081 
         244  1 0.8136 0.0097 0.1473 0.0068 0.0107 0.0119 
         251  1 0.8030 0.1100 0.0305 0.0094 0.0213 0.0258 
         266  1 0.2107 0.0164 0.7146 0.0120 0.0284 0.0180 
         267  1 0.0177 0.0152 0.0129 0.0250 0.8899 0.0393 
         268  1 0.0104 0.0346 0.1550 0.0082 0.7868 0.0050 
         270  1 0.0123 0.0148 0.0101 0.0263 0.0107 0.9258 
         276  1 0.0216 0.0357 0.0892 0.4060 0.0839 0.3636 
         298  1 0.0092 0.0109 0.0554 0.0118 0.9071 0.0055 
         306  1 0.0460 0.0341 0.6471 0.0102 0.2560 0.0066 
         308  1 0.0388 0.0840 0.6368 0.0068 0.2246 0.0090 
         311  1 0.2221 0.0342 0.0905 0.0114 0.6146 0.0273 
         323  1 0.0068 0.0040 0.0044 0.9727 0.0052 0.0069 
         327  1 0.0188 0.3085 0.0079 0.0163 0.0169 0.6316 
         334  1 0.9220 0.0095 0.0154 0.0045 0.0382 0.0104 
         338  1 0.0157 0.0248 0.0528 0.0187 0.8767 0.0113 
         341  1 0.0091 0.0069 0.0073 0.9651 0.0051 0.0065 
         346  1 0.0090 0.0694 0.8809 0.0141 0.0187 0.0079 
         348  1 0.0183 0.0062 0.1371 0.0069 0.8238 0.0076 
         351  1 0.8709 0.0588 0.0270 0.0181 0.0162 0.0090 
         362  1 0.0061 0.0241 0.0058 0.0279 0.0061 0.9301 
         364  1 0.9449 0.0117 0.0163 0.0091 0.0130 0.0049 
         366  1 0.8984 0.0139 0.0114 0.0114 0.0248 0.0401 
         376  1 0.0075 0.0263 0.0280 0.9093 0.0071 0.0217 
         377  1 0.0270 0.6024 0.0318 0.0304 0.0741 0.2344 
         378  1 0.0047 0.9604 0.0102 0.0102 0.0076 0.0069 
         388  1 0.0123 0.0221 0.0095 0.0086 0.9384 0.0092 
         391  1 0.0127 0.3930 0.0437 0.5192 0.0257 0.0057 
         401  1 0.2627 0.0120 0.2457 0.1162 0.0155 0.3480 
         406  1 0.0480 0.0316 0.0961 0.1130 0.7012 0.0101 
         412  1 0.0227 0.0637 0.1378 0.0284 0.7268 0.0205 
         413  1 0.0252 0.0096 0.9213 0.0042 0.0233 0.0163 
         421  1 0.0446 0.0235 0.1731 0.0241 0.0507 0.6840 
         423  1 0.0632 0.0201 0.0369 0.0133 0.0427 0.8238 
         424  1 0.0462 0.1432 0.3310 0.3770 0.0931 0.0095 
         426  1 0.0144 0.9125 0.0169 0.0222 0.0109 0.0231 
         430  1 0.0116 0.0472 0.7531 0.0563 0.1131 0.0188 
         435  1 0.0048 0.0117 0.9475 0.0043 0.0269 0.0049 
         476  1 0.0292 0.0195 0.0239 0.8140 0.0067 0.1067 
         478  1 0.0302 0.0198 0.0070 0.7321 0.0110 0.1999 
         484  1 0.0063 0.0095 0.0241 0.0107 0.9435 0.0058 
         489  1 0.0102 0.8052 0.0194 0.0115 0.1205 0.0332 
         493  1 0.9566 0.0114 0.0074 0.0062 0.0071 0.0112 
         494  1 0.9339 0.0248 0.0088 0.0111 0.0058 0.0156 
         500  1 0.0070 0.0081 0.0040 0.0126 0.0039 0.9643 
         504  1 0.0206 0.0257 0.0101 0.0073 0.9052 0.0311 
         506  1 0.0060 0.0098 0.0053 0.0130 0.8991 0.0667 
