          1*  1 0.0086 0.0135 0.0627 0.0081 0.8727 0.0344 
           3  1 0.0056 0.9721 0.0054 0.0049 0.0057 0.0063 
           6  1 0.0252 0.9181 0.0121 0.0154 0.0063 0.0230 
           8  1 0.9544 0.0060 0.0155 0.0042 0.0097 0.0101 
          10  1 0.1594 0.0102 0.8118 0.0054 0.0089 0.0042 
          11  1 0.0661 0.0410 0.0297 0.0978 0.7410 0.0244 
          12  1 0.0076 0.0053 0.9717 0.0056 0.0045 0.0052 
          16  1 0.0176 0.9535 0.0090 0.0068 0.0072 0.0059 
          18  1 0.0090 0.0093 0.0059 0.0052 0.9654 0.0052 
          19  1 0.0369 0.0148 0.0113 0.0500 0.8609 0.0260 
          21  1 0.0274 0.9425 0.0093 0.0075 0.0067 0.0066 
          23  1 0.0193 0.0148 0.8798 0.0601 0.0099 0.0162 
          24  1 0.2289 0.0157 0.4670 0.0469 0.2293 0.0121 
          25  1 0.0710 0.0501 0.8373 0.0146 0.0139 0.0131 
         26*  1 0.6924 0.0910 0.1774 0.0053 0.0253 0.0087 
          28  1 0.7841 0.0533 0.1381 0.0085 0.0085 0.0074 
          29  1 0.1319 0.0066 0.8342 0.0063 0.0151 0.0060 
          30  1 0.4510 0.1115 0.0683 0.0079 0.0234 0.3379 
          33  1 0.0049 0.0057 0.0059 0.0223 0.9501 0.0111 
          37  1 0.0080 0.0123 0.0233 0.0079 0.9426 0.0060 
          38  1 0.0171 0.0089 0.0130 0.0048 0.9524 0.0038 
          43  1 0.1897 0.0340 0.7492 0.0087 0.0112 0.0073 
          44  1 0.5836 0.3514 0.0082 0.0114 0.0127 0.0328 
          48  1 0.0066 0.0140 0.0066 0.0044 0.9629 0.0055 
          55  1 0.7494 0.1798 0.0143 0.0134 0.0131 0.0300 
          59  1 0.0062 0.9739 0.0042 0.0044 0.0060 0.0054 
          60  1 0.0056 0.0248 0.2966 0.2041 0.1174 0.3515 
          61  1 0.0082 0.0148 0.0079 0.9131 0.0094 0.0466 
          62  1 0.0123 0.0145 0.0351 0.8864 0.0207 0.0311 
          65  1 0.0105 0.0052 0.0077 0.0132 0.9384 0.0250 
          73  1 0.0124 0.0066 0.0772 0.0058 0.0087 0.8893 
          75  1 0.0114 0.0106 0.0053 0.9146 0.0184 0.0396 
          76  1 0.0046 0.0051 0.0082 0.9701 0.0044 0.0076 
          77  1 0.0045 0.0064 0.0088 0.9671 0.0074 0.0059 
          78  1 0.0113 0.0068 0.0156 0.1523 0.0149 0.7991 
          79  1 0.0061 0.0040 0.0041 0.9272 0.0108 0.0477 
          84  1 0.1212 0.6711 0.1057 0.0471 0.0183 0.0365 
          85  1 0.9507 0.0111 0.0071 0.0072 0.0112 0.0127 
          86  1 0.9273 0.0056 0.0150 0.0107 0.0233 0.0182 
          89  1 0.0166 0.5536 0.3026 0.0751 0.0319 0.0202 
          94  1 0.0144 0.0119 0.9361 0.0066 0.0263 0.0048 
          95  1 0.0132 0.9550 0.0054 0.0064 0.0107 0.0093 
          96  1 0.9718 0.0048 0.0086 0.0055 0.0045 0.0048 
          98  1 0.0077 0.0086 0.0141 0.0642 0.0083 0.8971 
         102  1 0.0072 0.0387 0.0282 0.0184 0.8941 0.0135 
         105  1 0.0054 0.0059 0.0051 0.0053 0.0092 0.9692 
         106  1 0.0289 0.1327 0.0087 0.5974 0.0281 0.2043 
         108  1 0.0109 0.0084 0.0123 0.0228 0.0549 0.8908 
         109  1 0.0173 0.0108 0.0058 0.0090 0.0062 0.9508 
         112  1 0.1206 0.0118 0.0765 0.7385 0.0387 0.0139 
         115  1 0.0107 0.0140 0.0818 0.0116 0.8428 0.0392 
         116  1 0.9450 0.0102 0.0080 0.0082 0.0154 0.0132 
         117  1 0.2410 0.3866 0.2957 0.0333 0.0182 0.0252 
         129  1 0.9403 0.0352 0.0076 0.0038 0.0078 0.0054 
         132  1 0.0073 0.0313 0.5218 0.0645 0.2533 0.1218 
         133  1 0.0052 0.0114 0.0110 0.0947 0.0079 0.8698 
         137  1 0.0104 0.0171 0.0206 0.9179 0.0108 0.0231 
         139  1 0.0182 0.0111 0.0087 0.9244 0.0220 0.0156 
         140  1 0.0067 0.0115 0.0050 0.0113 0.0070 0.9585 
         142  1 0.0052 0.0155 0.0091 0.9528 0.0065 0.0109 
         144  1 0.0044 0.0058 0.0043 0.0054 0.0052 0.9749 
         145  1 0.0056 0.0089 0.0081 0.9524 0.0082 0.0168 
         147  1 0.0091 0.0044 0.0042 0.0101 0.0068 0.9654 
         160  1 0.0140 0.0097 0.9572 0.0058 0.0086 0.0047 
        162*  1 0.9701 0.0042 0.0101 0.0059 0.0048 0.0048 
         166  1 0.0089 0.0277 0.0205 0.2297 0.0145 0.6988 
         177  1 0.0058 0.0042 0.0050 0.9757 0.0051 0.0043 
         178  1 0.0166 0.0091 0.0365 0.8281 0.0204 0.0893 
         186  1 0.0054 0.9758 0.0055 0.0045 0.0042 0.0046 
         189  1 0.9629 0.0072 0.0101 0.0096 0.0066 0.0037 
         190  1 0.8504 0.0420 0.0643 0.0144 0.0169 0.0121 
         191  1 0.3515 0.5239 0.0285 0.0345 0.0138 0.0478 
         193  1 0.0123 0.0459 0.0262 0.8752 0.0154 0.0249 
         202  1 0.2960 0.0105 0.6134 0.0144 0.0565 0.0092 
         204  1 0.9531 0.0276 0.0068 0.0035 0.0045 0.0046 
         211  1 0.0103 0.0100 0.4497 0.0636 0.0327 0.4336 
         216  1 0.0050 0.0046 0.0171 0.0356 0.0061 0.9317 
         222  1 0.0243 0.0079 0.0150 0.0243 0.0500 0.8784 
         224  1 0.9436 0.0135 0.0145 0.0088 0.0103 0.0093 
         226  1 0.0066 0.9695 0.0051 0.0051 0.0088 0.0048 
         229  1 0.7323 0.0122 0.0703 0.0690 0.0456 0.0705 
         230  1 0.9102 0.0154 0.0194 0.0303 0.0130 0.0118 
         232  1 0.1493 0.0934 0.5199 0.1720 0.0327 0.0327 
         238  1 0.0763 0.0070 0.0135 0.1606 0.7147 0.0280 
         242  1 0.0060 0.0062 0.0044 0.0043 0.9714 0.0077 
         243  1 0.0093 0.0328 0.0137 0.0347 0.8356 0.0739 
         244  1 0.0127 0.0066 0.0115 0.1556 0.8027 0.0109 
         251  1 0.0270 0.0087 0.0993 0.0321 0.8065 0.0264 
         266  1 0.0188 0.0129 0.0190 0.7047 0.2135 0.0312 
         267  1 0.0453 0.0273 0.0146 0.0118 0.0172 0.8838 
         268  1 0.0052 0.0076 0.0372 0.1349 0.0102 0.8048 
         270  1 0.9276 0.0267 0.0132 0.0099 0.0125 0.0102 
         276  1 0.3446 0.4190 0.0366 0.0923 0.0193 0.0882 
         298  1 0.0058 0.0114 0.0110 0.0481 0.0088 0.9149 
         306  1 0.0074 0.0109 0.0428 0.5944 0.0558 0.2887 
         308  1 0.0098 0.0071 0.0968 0.6176 0.0386 0.2301 
         311  1 0.0270 0.0109 0.0313 0.0804 0.1960 0.6543 
         323  1 0.0071 0.9712 0.0045 0.0046 0.0073 0.0054 
         327  1 0.6676 0.0165 0.2706 0.0083 0.0195 0.0176 
         334  1 0.0121 0.0048 0.0098 0.0151 0.9187 0.0395 
         338  1 0.0118 0.0172 0.0265 0.0474 0.0138 0.8833 
         341  1 0.0067 0.9642 0.0074 0.0075 0.0093 0.0050 
         346  1 0.0092 0.0131 0.0620 0.8905 0.0096 0.0156 
         348  1 0.0089 0.0074 0.0061 0.1467 0.0174 0.8135 
         351  1 0.0100 0.0171 0.0518 0.0304 0.8750 0.0158 
         362  1 0.9367 0.0248 0.0217 0.0053 0.0057 0.0058 
         364  1 0.0053 0.0094 0.0110 0.0161 0.9457 0.0126 
         366  1 0.0419 0.0127 0.0144 0.0105 0.8936 0.0268 
         376  1 0.0221 0.9091 0.0255 0.0281 0.0079 0.0072 
         377  1 0.2281 0.0288 0.6000 0.0351 0.0252 0.0828 
         378  1 0.0075 0.0098 0.9590 0.0117 0.0049 0.0071 
         388  1 0.0101 0.0093 0.0207 0.0097 0.0116 0.9385 
         391  1 0.0062 0.5252 0.3885 0.0383 0.0122 0.0296 
         401  1 0.3551 0.1207 0.0102 0.2404 0.2582 0.0154 
         406  1 0.0111 0.0996 0.0344 0.0829 0.0422 0.7299 
         412  1 0.0207 0.0248 0.0588 0.1263 0.0199 0.7494 
         413  1 0.0164 0.0045 0.0085 0.9181 0.0271 0.0253 
         421  1 0.6786 0.0259 0.0248 0.1809 0.0395 0.0503 
         423  1 0.8121 0.0140 0.0227 0.0395 0.0634 0.0484 
         424  1 0.0093 0.3864 0.1525 0.3098 0.0460 0.0960 
         426  1 0.0257 0.0222 0.9063 0.0186 0.0142 0.0130 
         430  1 0.0217 0.0596 0.0461 0.7276 0.0120 0.1331 
         435  1 0.0051 0.0043 0.0129 0.9461 0.0048 0.0268 
         476  1 0.1151 0.8068 0.0189 0.0242 0.0284 0.0067 
         478  1 0.2062 0.7253 0.0196 0.0071 0.0302 0.0118 
         484  1 0.0056 0.0110 0.0094 0.0207 0.0060 0.9474 
         489  1 0.0364 0.0123 0.8057 0.0212 0.0122 0.1122 
         493  1 0.0109 0.0063 0.0111 0.0084 0.9562 0.0072 
         494  1 0.0171 0.0119 0.0250 0.0095 0.9309 0.0056 
         500  1 0.9610 0.0155 0.0084 0.0042 0.0067 0.0043 
         504  1 0.0346 0.0070 0.0252 0.0092 0.0196 0.9044 
         506  1 0.0745 0.0131 0.0102 0.0054 0.0062 0.8907 
