

----------------------------------------------------
STRUCTURE by Pritchard, Stephens and Donnelly (2000)
     and Falush, Stephens and Pritchard (2003)
       Code by Pritchard, Falush and Hubisz
             Version 2.3.4 (Jul 2012)
----------------------------------------------------



Command line arguments:   bin\structure -m M:\STRUCTURE\Squirrel_132_ID_16L_20250816\10k_Burnin_100k_MCMC\mainparams -e M:\STRUCTURE\Squirrel_132_ID_16L_20250816\10k_Burnin_100k_MCMC\extraparams 
Input File:    M:\STRUCTURE\Squirrel_132_ID_16L_20250816\project_data

Run parameters:
   132 individuals
   16 loci
   3 populations assumed
   10000 Burn-in period
   100000 Reps


--------------------------------------------
Proportion of membership of each pre-defined
 population in each of the 3 clusters

Given    Inferred Clusters       Number of
 Pop       1      2      3      Individuals

  1:     0.393  0.220  0.386      132
--------------------------------------------

Allele-freq. divergence among pops (Net nucleotide distance),
computed using point estimates of P.

      1       2       3      
 1      -    0.0322  0.0463  
 2   0.0322     -    0.0351  
 3   0.0463  0.0351     -    

Average distances (expected heterozygosity) between individuals in same cluster:
cluster  1  : 0.5508 
cluster  2  : 0.6465 
cluster  3  : 0.5988 

--------------------------------------------
Estimated Ln Prob of Data   = -5014.2
Mean value of ln likelihood = -4868.3
Variance of ln likelihood   = 291.8
Mean value of alpha         = 0.0420

Mean value of lambda        = 0.9983

Mean value of Fst_1         = 0.1486
Mean value of Fst_2         = 0.0152
Mean value of Fst_3         = 0.1330


Inferred ancestry of individuals:
        Label (%Miss) Pop:  Inferred clusters (and 90% probability intervals)
  1       1*    (0)    1 :  0.016 0.966 0.019     (0.000,0.098) (0.782,1.000) (0.000,0.126) 
  2        3    (0)    1 :  0.945 0.041 0.014     (0.661,1.000) (0.000,0.262) (0.000,0.084) 
  3        6    (0)    1 :  0.965 0.007 0.027     (0.769,1.000) (0.000,0.039) (0.000,0.199) 
  4        8    (0)    1 :  0.983 0.011 0.006     (0.899,1.000) (0.000,0.057) (0.000,0.035) 
  5       10    (0)    1 :  0.986 0.008 0.006     (0.921,1.000) (0.000,0.037) (0.000,0.030) 
  6       11    (0)    1 :  0.069 0.904 0.027     (0.000,0.499) (0.395,1.000) (0.000,0.184) 
  7       12    (0)    1 :  0.968 0.016 0.017     (0.818,1.000) (0.000,0.077) (0.000,0.089) 
  8       16    (6)    1 :  0.982 0.011 0.007     (0.889,1.000) (0.000,0.064) (0.000,0.038) 
  9       18    (0)    1 :  0.008 0.987 0.005     (0.000,0.042) (0.923,1.000) (0.000,0.026) 
 10       19    (0)    1 :  0.022 0.952 0.026     (0.000,0.155) (0.685,1.000) (0.000,0.181) 
 11       21    (6)    1 :  0.978 0.011 0.010     (0.862,1.000) (0.000,0.064) (0.000,0.061) 
 12       23    (6)    1 :  0.614 0.034 0.352     (0.000,1.000) (0.000,0.208) (0.000,1.000) 
 13       24    (6)    1 :  0.659 0.316 0.025     (0.000,1.000) (0.000,1.000) (0.000,0.184) 
 14       25    (6)    1 :  0.870 0.054 0.076     (0.397,1.000) (0.000,0.373) (0.000,0.461) 
 15      26*    (0)    1 :  0.982 0.014 0.004     (0.889,1.000) (0.000,0.089) (0.000,0.023) 
 16       28    (0)    1 :  0.988 0.006 0.006     (0.928,1.000) (0.000,0.033) (0.000,0.031) 
 17       29    (0)    1 :  0.983 0.011 0.006     (0.903,1.000) (0.000,0.056) (0.000,0.029) 
 18       30    (0)    1 :  0.794 0.088 0.118     (0.000,1.000) (0.000,0.777) (0.000,0.579) 
 19       33    (0)    1 :  0.005 0.977 0.018     (0.000,0.029) (0.851,1.000) (0.000,0.124) 
 20       37    (0)    1 :  0.015 0.978 0.007     (0.000,0.085) (0.868,1.000) (0.000,0.038) 
 21       38    (0)    1 :  0.015 0.980 0.004     (0.000,0.095) (0.879,1.000) (0.000,0.022) 
 22       43    (0)    1 :  0.978 0.015 0.007     (0.870,1.000) (0.000,0.089) (0.000,0.035) 
 23       44    (0)    1 :  0.972 0.015 0.013     (0.825,1.000) (0.000,0.079) (0.000,0.079) 
 24       48    (0)    1 :  0.008 0.987 0.005     (0.000,0.042) (0.924,1.000) (0.000,0.024) 
 25       55    (0)    1 :  0.973 0.012 0.015     (0.826,1.000) (0.000,0.062) (0.000,0.097) 
 26       59    (0)    1 :  0.536 0.453 0.011     (0.000,1.000) (0.000,1.000) (0.000,0.068) 
 27       60    (0)    1 :  0.011 0.049 0.940     (0.000,0.061) (0.000,0.329) (0.628,1.000) 
 28       61    (0)    1 :  0.008 0.008 0.983     (0.000,0.048) (0.000,0.045) (0.896,1.000) 
 29       62    (0)    1 :  0.020 0.024 0.956     (0.000,0.115) (0.000,0.132) (0.738,1.000) 
 30       65    (0)    1 :  0.008 0.977 0.015     (0.000,0.044) (0.851,1.000) (0.000,0.104) 
 31       73    (0)    1 :  0.031 0.014 0.956     (0.000,0.219) (0.000,0.084) (0.727,1.000) 
 32       75    (0)    1 :  0.010 0.047 0.943     (0.000,0.060) (0.000,0.334) (0.646,1.000) 
 33       76    (0)    1 :  0.007 0.007 0.986     (0.000,0.042) (0.000,0.035) (0.913,1.000) 
 34       77    (0)    1 :  0.009 0.019 0.973     (0.000,0.048) (0.000,0.103) (0.842,1.000) 
 35       78    (0)    1 :  0.008 0.009 0.983     (0.000,0.044) (0.000,0.046) (0.897,1.000) 
 36       79    (0)    1 :  0.005 0.024 0.972     (0.000,0.025) (0.000,0.170) (0.815,1.000) 
 37       84    (0)    1 :  0.954 0.013 0.033     (0.707,1.000) (0.000,0.077) (0.000,0.245) 
 38       85    (0)    1 :  0.946 0.038 0.015     (0.669,1.000) (0.000,0.243) (0.000,0.096) 
 39       86    (0)    1 :  0.876 0.093 0.030     (0.188,1.000) (0.000,0.756) (0.000,0.235) 
 40       89    (0)    1 :  0.859 0.079 0.062     (0.160,1.000) (0.000,0.612) (0.000,0.450) 
 41       94    (0)    1 :  0.816 0.177 0.007     (0.000,1.000) (0.000,1.000) (0.000,0.034) 
 42       95    (0)    1 :  0.396 0.588 0.017     (0.000,1.000) (0.000,1.000) (0.000,0.106) 
 43       96    (0)    1 :  0.987 0.006 0.007     (0.926,1.000) (0.000,0.029) (0.000,0.037) 
 44       98    (0)    1 :  0.009 0.009 0.982     (0.000,0.054) (0.000,0.045) (0.888,1.000) 
 45      102    (0)    1 :  0.017 0.969 0.014     (0.000,0.111) (0.801,1.000) (0.000,0.093) 
 46      105    (0)    1 :  0.008 0.019 0.974     (0.000,0.044) (0.000,0.127) (0.834,1.000) 
 47      106    (0)    1 :  0.037 0.160 0.803     (0.000,0.228) (0.000,1.000) (0.000,1.000) 
 48      108    (0)    1 :  0.013 0.050 0.937     (0.000,0.079) (0.000,0.345) (0.625,1.000) 
 49      109    (0)    1 :  0.028 0.011 0.961     (0.000,0.202) (0.000,0.059) (0.758,1.000) 
 50      112    (0)    1 :  0.254 0.139 0.607     (0.000,1.000) (0.000,0.996) (0.000,1.000) 
 51      115    (0)    1 :  0.029 0.940 0.031     (0.000,0.193) (0.614,1.000) (0.000,0.208) 
 52      116    (0)    1 :  0.941 0.044 0.015     (0.641,1.000) (0.000,0.302) (0.000,0.091) 
 53      117    (0)    1 :  0.976 0.008 0.016     (0.847,1.000) (0.000,0.045) (0.000,0.096) 
 54      129    (0)    1 :  0.990 0.006 0.004     (0.942,1.000) (0.000,0.029) (0.000,0.021) 
 55      132    (0)    1 :  0.048 0.388 0.564     (0.000,0.355) (0.000,1.000) (0.000,1.000) 
 56      133    (0)    1 :  0.007 0.007 0.986     (0.000,0.037) (0.000,0.039) (0.915,1.000) 
 57      137    (6)    1 :  0.015 0.014 0.970     (0.000,0.089) (0.000,0.077) (0.817,1.000) 
 58      139    (0)    1 :  0.019 0.089 0.892     (0.000,0.134) (0.000,0.620) (0.352,1.000) 
 59      140    (0)    1 :  0.009 0.011 0.980     (0.000,0.051) (0.000,0.051) (0.884,1.000) 
 60      142    (0)    1 :  0.010 0.010 0.981     (0.000,0.054) (0.000,0.055) (0.879,1.000) 
 61      144    (0)    1 :  0.005 0.007 0.988     (0.000,0.028) (0.000,0.037) (0.925,1.000) 
 62      145    (0)    1 :  0.009 0.008 0.983     (0.000,0.049) (0.000,0.039) (0.898,1.000) 
 63      147    (0)    1 :  0.006 0.008 0.986     (0.000,0.035) (0.000,0.041) (0.916,1.000) 
 64      160    (0)    1 :  0.971 0.022 0.007     (0.857,1.000) (0.000,0.089) (0.000,0.037) 
 65     162*    (0)    1 :  0.987 0.006 0.007     (0.920,1.000) (0.000,0.031) (0.000,0.037) 
 66      166    (0)    1 :  0.008 0.010 0.982     (0.000,0.041) (0.000,0.048) (0.897,1.000) 
 67      177    (0)    1 :  0.009 0.012 0.979     (0.000,0.052) (0.000,0.064) (0.872,1.000) 
 68      178    (0)    1 :  0.015 0.009 0.976     (0.000,0.093) (0.000,0.045) (0.845,1.000) 
 69      186    (0)    1 :  0.981 0.011 0.008     (0.881,1.000) (0.000,0.063) (0.000,0.043) 
 70      189    (0)    1 :  0.983 0.011 0.006     (0.897,1.000) (0.000,0.055) (0.000,0.033) 
 71      190    (0)    1 :  0.983 0.010 0.008     (0.896,1.000) (0.000,0.051) (0.000,0.042) 
 72      191    (0)    1 :  0.975 0.009 0.016     (0.843,1.000) (0.000,0.049) (0.000,0.099) 
 73      193    (0)    1 :  0.043 0.016 0.941     (0.000,0.278) (0.000,0.080) (0.627,1.000) 
 74      202    (0)    1 :  0.743 0.236 0.021     (0.000,1.000) (0.000,1.000) (0.000,0.148) 
 75      204    (0)    1 :  0.991 0.005 0.004     (0.949,1.000) (0.000,0.024) (0.000,0.019) 
 76      211    (0)    1 :  0.026 0.034 0.940     (0.000,0.190) (0.000,0.188) (0.642,1.000) 
 77      216    (0)    1 :  0.006 0.006 0.988     (0.000,0.032) (0.000,0.030) (0.929,1.000) 
 78      222    (0)    1 :  0.010 0.074 0.916     (0.000,0.049) (0.000,0.568) (0.413,1.000) 
 79      224    (0)    1 :  0.972 0.017 0.012     (0.825,1.000) (0.000,0.092) (0.000,0.068) 
 80      226    (0)    1 :  0.347 0.644 0.009     (0.000,1.000) (0.000,1.000) (0.000,0.049) 
 81      229    (0)    1 :  0.928 0.044 0.028     (0.566,1.000) (0.000,0.299) (0.000,0.206) 
 82      230    (0)    1 :  0.939 0.036 0.025     (0.692,1.000) (0.000,0.213) (0.000,0.166) 
 83      232    (0)    1 :  0.895 0.030 0.075     (0.455,1.000) (0.000,0.180) (0.000,0.459) 
 84      238    (0)    1 :  0.014 0.901 0.084     (0.000,0.090) (0.445,1.000) (0.000,0.531) 
 85      242    (0)    1 :  0.006 0.989 0.006     (0.000,0.029) (0.930,1.000) (0.000,0.031) 
 86      243    (0)    1 :  0.014 0.924 0.061     (0.000,0.087) (0.551,1.000) (0.000,0.416) 
 87      244    (0)    1 :  0.012 0.942 0.046     (0.000,0.078) (0.644,1.000) (0.000,0.329) 
 88      251    (0)    1 :  0.039 0.923 0.039     (0.000,0.289) (0.545,1.000) (0.000,0.294) 
 89      266    (0)    1 :  0.016 0.361 0.623     (0.000,0.103) (0.000,1.000) (0.000,1.000) 
 90      267    (0)    1 :  0.054 0.038 0.907     (0.000,0.350) (0.000,0.261) (0.539,1.000) 
 91      268    (0)    1 :  0.008 0.008 0.984     (0.000,0.046) (0.000,0.042) (0.899,1.000) 
 92      270    (0)    1 :  0.974 0.017 0.009     (0.843,1.000) (0.000,0.095) (0.000,0.054) 
 93      276    (0)    1 :  0.939 0.013 0.048     (0.607,1.000) (0.000,0.077) (0.000,0.359) 
 94      298    (6)    1 :  0.007 0.008 0.985     (0.000,0.036) (0.000,0.043) (0.908,1.000) 
 95      306    (0)    1 :  0.006 0.016 0.978     (0.000,0.032) (0.000,0.080) (0.878,1.000) 
 96      308    (0)    1 :  0.009 0.020 0.972     (0.000,0.049) (0.000,0.118) (0.829,1.000) 
 97      311    (6)    1 :  0.021 0.273 0.706     (0.000,0.140) (0.000,1.000) (0.000,1.000) 
 98      323    (0)    1 :  0.509 0.477 0.014     (0.000,1.000) (0.000,1.000) (0.000,0.087) 
 99      327    (0)    1 :  0.981 0.011 0.008     (0.884,1.000) (0.000,0.059) (0.000,0.045) 
100      334    (0)    1 :  0.007 0.965 0.028     (0.000,0.038) (0.771,1.000) (0.000,0.200) 
101      338    (0)    1 :  0.017 0.018 0.965     (0.000,0.104) (0.000,0.094) (0.788,1.000) 
102      341    (0)    1 :  0.489 0.474 0.037     (0.000,1.000) (0.000,1.000) (0.000,0.259) 
103      346    (0)    1 :  0.015 0.014 0.971     (0.000,0.088) (0.000,0.063) (0.831,1.000) 
104      348    (0)    1 :  0.007 0.012 0.981     (0.000,0.037) (0.000,0.066) (0.888,1.000) 
105      351    (0)    1 :  0.016 0.953 0.031     (0.000,0.104) (0.702,1.000) (0.000,0.211) 
106      362    (0)    1 :  0.988 0.006 0.006     (0.930,1.000) (0.000,0.031) (0.000,0.029) 
107      364    (0)    1 :  0.006 0.978 0.015     (0.000,0.033) (0.863,1.000) (0.000,0.100) 
108      366    (0)    1 :  0.026 0.950 0.024     (0.000,0.180) (0.685,1.000) (0.000,0.165) 
109      376    (0)    1 :  0.977 0.012 0.011     (0.857,1.000) (0.000,0.066) (0.000,0.064) 
110      377    (6)    1 :  0.702 0.059 0.239     (0.000,1.000) (0.000,0.414) (0.000,0.992) 
111      378    (0)    1 :  0.970 0.006 0.024     (0.816,1.000) (0.000,0.031) (0.000,0.154) 
112      388    (0)    1 :  0.017 0.021 0.962     (0.000,0.115) (0.000,0.133) (0.759,1.000) 
113      391    (0)    1 :  0.286 0.184 0.530     (0.000,1.000) (0.000,1.000) (0.000,1.000) 
114      401    (0)    1 :  0.439 0.479 0.082     (0.000,1.000) (0.000,1.000) (0.000,0.489) 
115      406    (0)    1 :  0.024 0.080 0.896     (0.000,0.163) (0.000,0.748) (0.141,1.000) 
116      412    (6)    1 :  0.039 0.021 0.940     (0.000,0.269) (0.000,0.110) (0.623,1.000) 
117      413    (0)    1 :  0.010 0.036 0.954     (0.000,0.053) (0.000,0.245) (0.717,1.000) 
118      421    (0)    1 :  0.767 0.080 0.153     (0.258,1.000) (0.000,0.541) (0.000,0.625) 
119      423    (0)    1 :  0.561 0.341 0.098     (0.000,1.000) (0.000,1.000) (0.000,0.609) 
120      424    (0)    1 :  0.028 0.059 0.913     (0.000,0.165) (0.000,0.429) (0.394,1.000) 
121      426    (0)    1 :  0.953 0.015 0.031     (0.692,1.000) (0.000,0.091) (0.000,0.233) 
122      430   (12)    1 :  0.024 0.009 0.967     (0.000,0.159) (0.000,0.045) (0.789,1.000) 
123      435    (0)    1 :  0.007 0.005 0.988     (0.000,0.039) (0.000,0.025) (0.926,1.000) 
124      476    (0)    1 :  0.873 0.116 0.011     (0.399,1.000) (0.000,0.592) (0.000,0.068) 
125      478    (0)    1 :  0.978 0.015 0.007     (0.861,1.000) (0.000,0.091) (0.000,0.036) 
126      484    (0)    1 :  0.007 0.007 0.986     (0.000,0.041) (0.000,0.036) (0.913,1.000) 
127      489    (0)    1 :  0.391 0.057 0.552     (0.000,1.000) (0.000,0.408) (0.000,1.000) 
128      493    (0)    1 :  0.008 0.985 0.007     (0.000,0.043) (0.907,1.000) (0.000,0.040) 
129      494    (0)    1 :  0.016 0.978 0.006     (0.000,0.103) (0.861,1.000) (0.000,0.033) 
130      500    (0)    1 :  0.979 0.018 0.004     (0.903,1.000) (0.000,0.072) (0.000,0.019) 
131      504    (0)    1 :  0.063 0.046 0.891     (0.000,0.389) (0.000,0.302) (0.515,1.000) 
132      506    (0)    1 :  0.108 0.015 0.877     (0.000,0.521) (0.000,0.080) (0.458,1.000) 


Estimated Allele Frequencies in each cluster
First column gives estimated ancestral frequencies


Locus 1 : Rsu3 
3 alleles
0.0% missing data
 164   (0.524) 0.614 0.529 0.481 
 166   (0.212) 0.142 0.195 0.395 
 170   (0.264) 0.244 0.276 0.125 

Locus 2 : Rsu5 
5 alleles
0.0% missing data
 137   (0.704) 0.946 0.708 0.704 
 135   (0.100) 0.019 0.098 0.051 
 139   (0.138) 0.032 0.151 0.039 
 133   (0.024) 0.001 0.021 0.001 
 131   (0.034) 0.002 0.021 0.204 

Locus 3 : Scv1 
5 alleles
0.0% missing data
 181   (0.594) 0.759 0.643 0.354 
 179   (0.169) 0.094 0.161 0.213 
 177   (0.092) 0.035 0.075 0.193 
 185   (0.113) 0.110 0.089 0.238 
 171   (0.031) 0.002 0.032 0.002 

Locus 4 : Rsu4 
9 alleles
0.0% missing data
 267   (0.237) 0.183 0.268 0.084 
 263   (0.303) 0.445 0.292 0.449 
 259   (0.031) 0.201 0.020 0.002 
 287   (0.157) 0.136 0.147 0.206 
 275   (0.060) 0.003 0.075 0.007 
 279   (0.089) 0.011 0.090 0.079 
 283   (0.055) 0.003 0.046 0.169 
 291   (0.038) 0.016 0.032 0.003 
 271   (0.030) 0.002 0.031 0.002 

Locus 5 : Rsu6 
5 alleles
0.0% missing data
 120   (0.244) 0.330 0.232 0.224 
 126   (0.600) 0.508 0.612 0.765 
 124   (0.085) 0.150 0.086 0.006 
 130   (0.047) 0.003 0.056 0.003 
 114   (0.024) 0.009 0.015 0.002 

Locus 6 : Scv12 
3 alleles
0.8% missing data
 198   (0.656) 0.425 0.702 0.596 
 196   (0.192) 0.256 0.164 0.336 
 200   (0.152) 0.320 0.135 0.068 

Locus 7 : Scv23 
3 alleles
0.8% missing data
 158   (0.475) 0.567 0.464 0.624 
 164   (0.247) 0.180 0.261 0.124 
 160   (0.278) 0.253 0.276 0.253 

Locus 8 : Scv13 
5 alleles
0.0% missing data
 182   (0.701) 0.894 0.696 0.816 
 180   (0.100) 0.086 0.109 0.007 
 172   (0.068) 0.004 0.061 0.123 
 184   (0.085) 0.014 0.094 0.011 
 174   (0.047) 0.003 0.038 0.043 

Locus 9 : Scv32 
18 alleles
0.0% missing data
 236   (0.057) 0.003 0.083 0.004 
 238   (0.040) 0.002 0.034 0.091 
 234   (0.096) 0.151 0.080 0.371 
 246   (0.049) 0.181 0.039 0.009 
 248   (0.113) 0.160 0.128 0.029 
 262   (0.083) 0.164 0.073 0.067 
 232   (0.227) 0.109 0.282 0.200 
 250   (0.035) 0.072 0.024 0.007 
 228   (0.026) 0.001 0.030 0.002 
 220   (0.032) 0.122 0.024 0.002 
 264   (0.056) 0.009 0.055 0.042 
 252   (0.033) 0.009 0.021 0.057 
 254   (0.035) 0.002 0.028 0.067 
 242   (0.025) 0.001 0.029 0.002 
 266   (0.025) 0.001 0.017 0.026 
 244   (0.028) 0.006 0.019 0.022 
 226   (0.019) 0.003 0.016 0.001 
 240   (0.020) 0.001 0.018 0.001 

Locus 10 : Scv8 
6 alleles
0.0% missing data
 200   (0.647) 0.762 0.677 0.605 
 202   (0.102) 0.006 0.114 0.074 
 194   (0.073) 0.104 0.052 0.075 
 204   (0.043) 0.053 0.035 0.003 
 198   (0.085) 0.073 0.084 0.011 
 188   (0.050) 0.003 0.038 0.232 

Locus 11 : Scv9 
5 alleles
0.0% missing data
 198   (0.260) 0.315 0.241 0.460 
 200   (0.389) 0.458 0.426 0.177 
 196   (0.256) 0.198 0.252 0.313 
 204   (0.072) 0.029 0.066 0.040 
 202   (0.023) 0.001 0.015 0.010 

Locus 12 : Rsu1 
6 alleles
0.0% missing data
 189   (0.378) 0.187 0.432 0.211 
 185   (0.219) 0.186 0.201 0.487 
 177   (0.073) 0.071 0.058 0.036 
 181   (0.236) 0.304 0.226 0.259 
 193   (0.032) 0.165 0.020 0.002 
 197   (0.062) 0.087 0.063 0.004 

Locus 13 : Scv14 
7 alleles
4.5% missing data
 196   (0.501) 0.850 0.500 0.621 
 198   (0.088) 0.005 0.094 0.092 
 194   (0.161) 0.052 0.171 0.095 
 202   (0.180) 0.083 0.182 0.184 
 204   (0.023) 0.001 0.020 0.001 
 190   (0.024) 0.007 0.016 0.002 
 200   (0.023) 0.001 0.017 0.005 

Locus 14 : Scv16 
7 alleles
0.0% missing data
 182   (0.315) 0.537 0.292 0.494 
 184   (0.493) 0.380 0.536 0.395 
 188   (0.088) 0.077 0.095 0.006 
 200   (0.023) 0.001 0.020 0.001 
 198   (0.028) 0.002 0.018 0.065 
 190   (0.029) 0.002 0.018 0.037 
 186   (0.024) 0.001 0.021 0.002 

Locus 15 : Scv31 
15 alleles
3.0% missing data
 193   (0.119) 0.163 0.111 0.147 
 201   (0.126) 0.061 0.150 0.026 
 187   (0.064) 0.245 0.048 0.048 
 207   (0.037) 0.141 0.029 0.002 
 195   (0.055) 0.060 0.039 0.099 
 185   (0.159) 0.049 0.179 0.308 
 189   (0.102) 0.038 0.137 0.007 
 205   (0.022) 0.001 0.020 0.001 
 191   (0.109) 0.192 0.091 0.257 
 197   (0.037) 0.013 0.024 0.056 
 199   (0.054) 0.003 0.055 0.040 
 203   (0.035) 0.002 0.042 0.002 
 209   (0.029) 0.002 0.031 0.002 
 213   (0.027) 0.002 0.030 0.002 
 181   (0.024) 0.028 0.015 0.002 

Locus 16 : Scv6 
8 alleles
0.0% missing data
 191   (0.133) 0.149 0.149 0.015 
 195   (0.384) 0.496 0.386 0.457 
 197   (0.149) 0.308 0.124 0.237 
 201   (0.105) 0.006 0.124 0.056 
 205   (0.030) 0.002 0.032 0.002 
 193   (0.091) 0.006 0.093 0.128 
 199   (0.076) 0.031 0.060 0.104 
 181   (0.031) 0.002 0.032 0.002 

Values of parameters used in structure:
DATAFILE=M:\STRUCTURE\Squirrel_132_ID_16L_20250816\project_data,	OUTFILE=M:\STRUCTURE\Squirrel_132_ID_16L_20250816\10k_Burnin_100k_MCMC\Results\10k_Burnin_100k_MCMC_run_61,	NUMINDS=132,	NUMLOCI=16,	MISSING=-9,	LABEL=1,	POPDATA=1,	POPFLAG=0,	PHENOTYPE=0,	EXTRACOLS=1,	MAXPOPS=3,	BURNIN=10000,	NUMREPS=100000,	USEPOPINFO=0,	INFERALPHA=1,	INFERLAMBDA=1,	POPSPECIFICLAMBDA=0,	POPALPHAS=0,	COMPUTEPROB=1,	NOADMIX=0,	ADMBURNIN=2500,	UPDATEFREQ=1,	PRINTLIKES=0,	INTERMEDSAVE=0,	PRINTKLD=0,	PRINTNET=0,	PRINTLAMBDA=0,	ANCESTDIST=1,	NUMBOXES=1000,	ANCESTPINT=0.90000,	GENSBACK=2,	MIGRPRIOR=0.05000,	PRINTQHAT=1,	PRINTQSUM=0,	ALPHA=1.0000,	FREQSCORR=1,	FPRIORMEAN=0.0100,	FPRIORSD=0.0500,	ONEFST=0,	LAMBDA=1.0000,	UNIFPRIORALPHA=1,	ALPHAMAX=10.0000,	ALPHAPRIORA=1.0000,	ALPHAPRIORB=2.0000,	ALPHAPROPSD=0.0250,	STARTATPOPINFO=0,	RANDOMIZE=1,	LINKAGE=0,	METROFREQ=10,	REPORTHITRATE=0,	MARKOVPHASE=-1,	PHASED=0,	PLOIDY=2,	PHASEINFO=0	LOCPRIOR=0, 	LOCPRIORINIT=1.000000, 	LOCDATA=0, 	LOCISPOP=0, 	LOCPRIORSTEP=0.100000, 	MAXLOCPRIOR=20.000000, 	SEED=1763743687,	
[STRAT parameters]:    NUMSIMSTATS=1000,	PHENOTYPECOL=-9,	POOLFREQ=10,	LOCUSxONLY=0,	EMERROR=0.00100,	MISSINGPHENO=-9,	