

----------------------------------------------------
STRUCTURE by Pritchard, Stephens and Donnelly (2000)
     and Falush, Stephens and Pritchard (2003)
       Code by Pritchard, Falush and Hubisz
             Version 2.3.4 (Jul 2012)
----------------------------------------------------



Command line arguments:   bin\structure -m M:\STRUCTURE\Squirrel_132_ID_16L_20250816\10k_Burnin_100k_MCMC\mainparams -e M:\STRUCTURE\Squirrel_132_ID_16L_20250816\10k_Burnin_100k_MCMC\extraparams 
Input File:    M:\STRUCTURE\Squirrel_132_ID_16L_20250816\project_data

Run parameters:
   132 individuals
   16 loci
   10 populations assumed
   10000 Burn-in period
   100000 Reps


--------------------------------------------
Proportion of membership of each pre-defined
 population in each of the 10 clusters

Given    Inferred Clusters                                                        Number of
 Pop       1      2      3      4      5      6      7      8      9     10      Individuals

  1:     0.076  0.104  0.101  0.097  0.112  0.097  0.126  0.093  0.103  0.091      132
--------------------------------------------

Allele-freq. divergence among pops (Net nucleotide distance),
computed using point estimates of P.

      1       2       3       4       5       6       7       8       9      10      
 1      -    0.1269  0.0817  0.1003  0.1140  0.0958  0.1443  0.0721  0.1801  0.1428  
 2   0.1269     -    0.0890  0.0855  0.1057  0.1140  0.1177  0.0742  0.1089  0.1908  
 3   0.0817  0.0890     -    0.0678  0.0594  0.0868  0.0881  0.0310  0.0919  0.1102  
 4   0.1003  0.0855  0.0678     -    0.0757  0.0764  0.0902  0.0218  0.1397  0.1158  
 5   0.1140  0.1057  0.0594  0.0757     -    0.0942  0.0724  0.0330  0.1108  0.1207  
 6   0.0958  0.1140  0.0868  0.0764  0.0942     -    0.1293  0.0547  0.1497  0.1607  
 7   0.1443  0.1177  0.0881  0.0902  0.0724  0.1293     -    0.0689  0.1287  0.1623  
 8   0.0721  0.0742  0.0310  0.0218  0.0330  0.0547  0.0689     -    0.0925  0.0841  
 9   0.1801  0.1089  0.0919  0.1397  0.1108  0.1497  0.1287  0.0925     -    0.2029  
10   0.1428  0.1908  0.1102  0.1158  0.1207  0.1607  0.1623  0.0841  0.2029     -    

Average distances (expected heterozygosity) between individuals in same cluster:
cluster  1  : 0.4565 
cluster  2  : 0.4438 
cluster  3  : 0.5782 
cluster  4  : 0.5539 
cluster  5  : 0.6217 
cluster  6  : 0.5824 
cluster  7  : 0.4515 
cluster  8  : 0.6367 
cluster  9  : 0.4381 
cluster 10  : 0.4708 

--------------------------------------------
Estimated Ln Prob of Data   = -4902.8
Mean value of ln likelihood = -4312.4
Variance of ln likelihood   = 1180.9
Mean value of alpha         = 0.0502

Mean value of lambda        = 0.9703

Mean value of Fst_1         = 0.3357
Mean value of Fst_2         = 0.3191
Mean value of Fst_3         = 0.1857
Mean value of Fst_4         = 0.2413
Mean value of Fst_5         = 0.1075
Mean value of Fst_6         = 0.2130
Mean value of Fst_7         = 0.3273
Mean value of Fst_8         = 0.0869
Mean value of Fst_9         = 0.3371
Mean value of Fst_10         = 0.3590


Inferred ancestry of individuals:
        Label (%Miss) Pop:  Inferred clusters (and 90% probability intervals)
  1       1*    (0)    1 :  0.009 0.032 0.014 0.186 0.636 0.005 0.015 0.080 0.010 0.012     (0.000,0.055) (0.000,0.227) (0.000,0.057) (0.000,0.591) (0.000,0.993) (0.000,0.031) (0.000,0.099) (0.000,0.567) (0.000,0.061) (0.000,0.068) 
  2        3    (0)    1 :  0.008 0.006 0.006 0.007 0.006 0.005 0.942 0.007 0.006 0.008     (0.000,0.049) (0.000,0.036) (0.000,0.033) (0.000,0.040) (0.000,0.032) (0.000,0.025) (0.775,1.000) (0.000,0.038) (0.000,0.035) (0.000,0.048) 
  3        6    (0)    1 :  0.014 0.013 0.018 0.034 0.006 0.014 0.841 0.024 0.023 0.013     (0.000,0.090) (0.000,0.079) (0.000,0.115) (0.000,0.251) (0.000,0.031) (0.000,0.093) (0.487,1.000) (0.000,0.168) (0.000,0.167) (0.000,0.086) 
  4        8    (0)    1 :  0.007 0.028 0.355 0.006 0.014 0.004 0.007 0.014 0.547 0.018     (0.000,0.043) (0.000,0.186) (0.000,0.757) (0.000,0.036) (0.000,0.093) (0.000,0.021) (0.000,0.037) (0.000,0.071) (0.063,0.917) (0.000,0.127) 
  5       10    (0)    1 :  0.004 0.734 0.007 0.006 0.007 0.005 0.008 0.007 0.219 0.003     (0.000,0.023) (0.357,0.999) (0.000,0.037) (0.000,0.033) (0.000,0.040) (0.000,0.029) (0.000,0.046) (0.000,0.040) (0.000,0.594) (0.000,0.018) 
  6       11    (0)    1 :  0.016 0.016 0.209 0.130 0.154 0.030 0.035 0.386 0.015 0.009     (0.000,0.094) (0.000,0.108) (0.000,0.926) (0.000,0.905) (0.000,0.877) (0.000,0.213) (0.000,0.259) (0.000,0.997) (0.000,0.091) (0.000,0.054) 
  7       12    (0)    1 :  0.008 0.935 0.006 0.009 0.005 0.005 0.005 0.007 0.014 0.005     (0.000,0.045) (0.753,1.000) (0.000,0.034) (0.000,0.054) (0.000,0.028) (0.000,0.027) (0.000,0.029) (0.000,0.039) (0.000,0.096) (0.000,0.029) 
  8       16    (6)    1 :  0.008 0.011 0.014 0.007 0.007 0.006 0.918 0.008 0.017 0.005     (0.000,0.050) (0.000,0.069) (0.000,0.082) (0.000,0.040) (0.000,0.037) (0.000,0.036) (0.693,1.000) (0.000,0.043) (0.000,0.118) (0.000,0.028) 
  9       18    (0)    1 :  0.008 0.006 0.012 0.005 0.936 0.004 0.009 0.007 0.006 0.006     (0.000,0.050) (0.000,0.036) (0.000,0.075) (0.000,0.025) (0.753,1.000) (0.000,0.023) (0.000,0.056) (0.000,0.041) (0.000,0.038) (0.000,0.036) 
 10       19    (0)    1 :  0.013 0.010 0.053 0.075 0.283 0.068 0.015 0.438 0.028 0.016     (0.000,0.079) (0.000,0.063) (0.000,0.375) (0.000,0.817) (0.000,0.985) (0.000,0.420) (0.000,0.095) (0.000,0.998) (0.000,0.207) (0.000,0.099) 
 11       21    (6)    1 :  0.013 0.009 0.015 0.009 0.007 0.008 0.891 0.009 0.031 0.006     (0.000,0.090) (0.000,0.054) (0.000,0.097) (0.000,0.058) (0.000,0.040) (0.000,0.049) (0.631,1.000) (0.000,0.055) (0.000,0.198) (0.000,0.034) 
 12       23    (6)    1 :  0.110 0.633 0.012 0.109 0.010 0.024 0.013 0.043 0.034 0.012     (0.000,0.479) (0.072,0.992) (0.000,0.078) (0.000,0.599) (0.000,0.062) (0.000,0.172) (0.000,0.083) (0.000,0.304) (0.000,0.233) (0.000,0.071) 
 13       24    (6)    1 :  0.010 0.363 0.037 0.093 0.066 0.037 0.015 0.260 0.113 0.007     (0.000,0.059) (0.000,0.928) (0.000,0.236) (0.000,0.756) (0.000,0.422) (0.000,0.247) (0.000,0.101) (0.000,0.975) (0.000,0.496) (0.000,0.039) 
 14       25    (6)    1 :  0.024 0.635 0.094 0.123 0.012 0.006 0.035 0.050 0.014 0.007     (0.000,0.164) (0.156,0.990) (0.000,0.416) (0.000,0.582) (0.000,0.073) (0.000,0.035) (0.000,0.229) (0.000,0.351) (0.000,0.094) (0.000,0.040) 
 15      26*    (0)    1 :  0.006 0.156 0.030 0.020 0.017 0.005 0.221 0.026 0.512 0.006     (0.000,0.036) (0.000,0.548) (0.000,0.194) (0.000,0.141) (0.000,0.114) (0.000,0.031) (0.000,0.625) (0.000,0.185) (0.000,0.970) (0.000,0.032) 
 16       28    (0)    1 :  0.007 0.305 0.422 0.017 0.007 0.006 0.126 0.015 0.089 0.006     (0.000,0.045) (0.000,0.977) (0.000,0.995) (0.000,0.113) (0.000,0.042) (0.000,0.034) (0.000,0.579) (0.000,0.079) (0.000,0.507) (0.000,0.037) 
 17       29    (0)    1 :  0.006 0.772 0.011 0.006 0.013 0.006 0.006 0.010 0.165 0.005     (0.000,0.033) (0.346,1.000) (0.000,0.061) (0.000,0.035) (0.000,0.090) (0.000,0.036) (0.000,0.032) (0.000,0.053) (0.000,0.598) (0.000,0.028) 
 18       30    (0)    1 :  0.007 0.099 0.034 0.038 0.019 0.009 0.133 0.052 0.332 0.278     (0.000,0.038) (0.000,0.600) (0.000,0.223) (0.000,0.261) (0.000,0.115) (0.000,0.051) (0.000,0.599) (0.000,0.400) (0.000,0.728) (0.000,0.584) 
 19       33    (0)    1 :  0.005 0.006 0.015 0.020 0.772 0.079 0.006 0.079 0.006 0.011     (0.000,0.030) (0.000,0.032) (0.000,0.044) (0.000,0.135) (0.002,1.000) (0.000,0.388) (0.000,0.037) (0.000,0.797) (0.000,0.037) (0.000,0.073) 
 20       37    (0)    1 :  0.010 0.034 0.010 0.011 0.886 0.010 0.013 0.014 0.006 0.006     (0.000,0.061) (0.000,0.241) (0.000,0.062) (0.000,0.072) (0.594,1.000) (0.000,0.061) (0.000,0.084) (0.000,0.074) (0.000,0.037) (0.000,0.032) 
 21       38    (0)    1 :  0.005 0.016 0.015 0.006 0.895 0.005 0.010 0.029 0.013 0.005     (0.000,0.031) (0.000,0.108) (0.000,0.096) (0.000,0.031) (0.603,1.000) (0.000,0.031) (0.000,0.065) (0.000,0.146) (0.000,0.084) (0.000,0.027) 
 22       43    (0)    1 :  0.006 0.773 0.081 0.016 0.011 0.007 0.043 0.013 0.044 0.005     (0.000,0.032) (0.403,0.999) (0.000,0.437) (0.000,0.113) (0.000,0.070) (0.000,0.042) (0.000,0.270) (0.000,0.085) (0.000,0.290) (0.000,0.031) 
 23       44    (0)    1 :  0.024 0.008 0.632 0.009 0.008 0.005 0.211 0.014 0.052 0.039     (0.000,0.166) (0.000,0.045) (0.000,0.999) (0.000,0.045) (0.000,0.045) (0.000,0.027) (0.000,0.621) (0.000,0.076) (0.000,0.361) (0.000,0.279) 
 24       48    (0)    1 :  0.006 0.006 0.007 0.005 0.939 0.004 0.013 0.007 0.006 0.006     (0.000,0.039) (0.000,0.036) (0.000,0.040) (0.000,0.028) (0.764,1.000) (0.000,0.022) (0.000,0.086) (0.000,0.038) (0.000,0.032) (0.000,0.035) 
 25       55    (0)    1 :  0.009 0.011 0.513 0.054 0.012 0.010 0.233 0.038 0.109 0.011     (0.000,0.054) (0.000,0.073) (0.000,0.962) (0.000,0.335) (0.000,0.075) (0.000,0.062) (0.000,0.712) (0.000,0.265) (0.000,0.576) (0.000,0.072) 
 26       59    (0)    1 :  0.005 0.004 0.006 0.007 0.007 0.004 0.948 0.006 0.005 0.007     (0.000,0.029) (0.000,0.025) (0.000,0.038) (0.000,0.040) (0.000,0.040) (0.000,0.024) (0.801,1.000) (0.000,0.036) (0.000,0.030) (0.000,0.040) 
 27       60    (0)    1 :  0.009 0.034 0.007 0.795 0.011 0.011 0.009 0.113 0.004 0.006     (0.000,0.056) (0.000,0.238) (0.000,0.034) (0.000,1.000) (0.000,0.070) (0.000,0.063) (0.000,0.058) (0.000,0.951) (0.000,0.024) (0.000,0.037) 
 28       61    (0)    1 :  0.186 0.008 0.014 0.234 0.009 0.420 0.017 0.048 0.009 0.056     (0.000,0.765) (0.000,0.050) (0.000,0.086) (0.000,0.800) (0.000,0.052) (0.000,0.955) (0.000,0.115) (0.000,0.352) (0.000,0.051) (0.000,0.332) 
 29       62    (0)    1 :  0.572 0.079 0.071 0.050 0.025 0.113 0.013 0.051 0.007 0.018     (0.000,0.993) (0.000,0.475) (0.000,0.466) (0.000,0.337) (0.000,0.179) (0.000,0.625) (0.000,0.082) (0.000,0.368) (0.000,0.044) (0.000,0.126) 
 30       65    (0)    1 :  0.007 0.008 0.023 0.032 0.763 0.015 0.006 0.115 0.010 0.022     (0.000,0.042) (0.000,0.049) (0.000,0.114) (0.000,0.200) (0.000,1.000) (0.000,0.099) (0.000,0.033) (0.000,0.864) (0.000,0.062) (0.000,0.151) 
 31       73    (0)    1 :  0.016 0.166 0.023 0.043 0.007 0.006 0.006 0.038 0.007 0.688     (0.000,0.106) (0.000,0.513) (0.000,0.158) (0.000,0.308) (0.000,0.041) (0.000,0.032) (0.000,0.035) (0.000,0.287) (0.000,0.041) (0.333,0.993) 
 32       75    (0)    1 :  0.005 0.005 0.007 0.006 0.011 0.900 0.009 0.012 0.010 0.034     (0.000,0.030) (0.000,0.027) (0.000,0.042) (0.000,0.034) (0.000,0.072) (0.651,1.000) (0.000,0.061) (0.000,0.065) (0.000,0.068) (0.000,0.217) 
 33       76    (0)    1 :  0.016 0.013 0.007 0.012 0.005 0.921 0.007 0.010 0.004 0.005     (0.000,0.094) (0.000,0.089) (0.000,0.044) (0.000,0.076) (0.000,0.027) (0.700,1.000) (0.000,0.041) (0.000,0.057) (0.000,0.024) (0.000,0.032) 
 34       77    (0)    1 :  0.013 0.010 0.007 0.174 0.007 0.755 0.007 0.017 0.005 0.004     (0.000,0.084) (0.000,0.061) (0.000,0.039) (0.000,0.969) (0.000,0.044) (0.000,1.000) (0.000,0.042) (0.000,0.083) (0.000,0.026) (0.000,0.024) 
 35       78    (0)    1 :  0.027 0.014 0.026 0.030 0.015 0.403 0.008 0.084 0.008 0.384     (0.000,0.192) (0.000,0.093) (0.000,0.179) (0.000,0.223) (0.000,0.099) (0.000,0.924) (0.000,0.047) (0.000,0.632) (0.000,0.053) (0.000,0.879) 
 36       79    (0)    1 :  0.041 0.006 0.012 0.013 0.013 0.792 0.006 0.040 0.007 0.072     (0.000,0.286) (0.000,0.033) (0.000,0.077) (0.000,0.077) (0.000,0.083) (0.361,1.000) (0.000,0.032) (0.000,0.274) (0.000,0.041) (0.000,0.378) 
 37       84    (0)    1 :  0.153 0.065 0.086 0.029 0.012 0.014 0.508 0.037 0.078 0.018     (0.000,0.524) (0.000,0.412) (0.000,0.525) (0.000,0.211) (0.000,0.071) (0.000,0.087) (0.000,0.878) (0.000,0.267) (0.000,0.346) (0.000,0.128) 
 38       85    (0)    1 :  0.011 0.007 0.793 0.010 0.010 0.006 0.011 0.025 0.113 0.013     (0.000,0.064) (0.000,0.043) (0.000,1.000) (0.000,0.057) (0.000,0.059) (0.000,0.036) (0.000,0.066) (0.000,0.144) (0.000,0.889) (0.000,0.084) 
 39       86    (0)    1 :  0.014 0.016 0.535 0.028 0.012 0.012 0.008 0.135 0.223 0.018     (0.000,0.086) (0.000,0.108) (0.000,0.995) (0.000,0.165) (0.000,0.074) (0.000,0.070) (0.000,0.049) (0.000,0.812) (0.000,0.873) (0.000,0.128) 
 40       89    (0)    1 :  0.153 0.209 0.025 0.034 0.017 0.019 0.490 0.036 0.009 0.007     (0.000,0.551) (0.000,0.631) (0.000,0.163) (0.000,0.239) (0.000,0.114) (0.000,0.131) (0.025,0.831) (0.000,0.261) (0.000,0.052) (0.000,0.040) 
 41       94    (0)    1 :  0.009 0.891 0.015 0.008 0.037 0.006 0.013 0.010 0.007 0.004     (0.000,0.056) (0.601,1.000) (0.000,0.100) (0.000,0.049) (0.000,0.264) (0.000,0.033) (0.000,0.085) (0.000,0.057) (0.000,0.043) (0.000,0.026) 
 42       95    (0)    1 :  0.006 0.006 0.010 0.016 0.013 0.005 0.912 0.010 0.012 0.011     (0.000,0.033) (0.000,0.032) (0.000,0.058) (0.000,0.105) (0.000,0.081) (0.000,0.031) (0.676,1.000) (0.000,0.060) (0.000,0.078) (0.000,0.070) 
 43       96    (0)    1 :  0.009 0.007 0.013 0.004 0.005 0.007 0.004 0.006 0.939 0.005     (0.000,0.060) (0.000,0.044) (0.000,0.083) (0.000,0.025) (0.000,0.026) (0.000,0.042) (0.000,0.022) (0.000,0.033) (0.764,1.000) (0.000,0.030) 
 44       98    (0)    1 :  0.045 0.010 0.008 0.517 0.006 0.019 0.006 0.335 0.006 0.049     (0.000,0.256) (0.000,0.062) (0.000,0.042) (0.000,1.000) (0.000,0.031) (0.000,0.115) (0.000,0.033) (0.000,0.999) (0.000,0.034) (0.000,0.348) 
 45      102    (0)    1 :  0.022 0.028 0.022 0.069 0.445 0.012 0.036 0.352 0.005 0.009     (0.000,0.155) (0.000,0.198) (0.000,0.086) (0.000,0.620) (0.000,0.991) (0.000,0.077) (0.000,0.250) (0.000,0.995) (0.000,0.030) (0.000,0.060) 
 46      105    (0)    1 :  0.005 0.005 0.004 0.005 0.007 0.004 0.005 0.005 0.004 0.957     (0.000,0.030) (0.000,0.026) (0.000,0.023) (0.000,0.025) (0.000,0.042) (0.000,0.021) (0.000,0.028) (0.000,0.027) (0.000,0.024) (0.834,1.000) 
 47      106    (0)    1 :  0.111 0.005 0.085 0.039 0.021 0.412 0.079 0.154 0.006 0.088     (0.000,0.532) (0.000,0.027) (0.000,0.438) (0.000,0.239) (0.000,0.147) (0.000,0.920) (0.000,0.377) (0.000,0.882) (0.000,0.036) (0.000,0.464) 
 48      108    (0)    1 :  0.007 0.009 0.013 0.048 0.058 0.037 0.007 0.031 0.009 0.782     (0.000,0.039) (0.000,0.051) (0.000,0.080) (0.000,0.261) (0.000,0.340) (0.000,0.246) (0.000,0.041) (0.000,0.225) (0.000,0.057) (0.462,0.998) 
 49      109    (0)    1 :  0.017 0.008 0.017 0.146 0.009 0.043 0.015 0.342 0.034 0.369     (0.000,0.108) (0.000,0.045) (0.000,0.095) (0.000,0.807) (0.000,0.050) (0.000,0.284) (0.000,0.105) (0.000,0.995) (0.000,0.224) (0.000,0.987) 
 50      112    (0)    1 :  0.203 0.055 0.277 0.133 0.023 0.088 0.012 0.159 0.041 0.009     (0.000,0.785) (0.000,0.383) (0.000,0.912) (0.000,0.627) (0.000,0.150) (0.000,0.557) (0.000,0.076) (0.000,0.892) (0.000,0.281) (0.000,0.051) 
 51      115    (0)    1 :  0.009 0.074 0.065 0.142 0.241 0.023 0.016 0.405 0.007 0.019     (0.000,0.047) (0.000,0.410) (0.000,0.510) (0.000,0.900) (0.000,0.955) (0.000,0.155) (0.000,0.106) (0.000,0.997) (0.000,0.036) (0.000,0.134) 
 52      116    (0)    1 :  0.021 0.015 0.701 0.006 0.018 0.006 0.010 0.021 0.187 0.014     (0.000,0.142) (0.000,0.095) (0.000,1.000) (0.000,0.033) (0.000,0.124) (0.000,0.036) (0.000,0.062) (0.000,0.122) (0.000,0.770) (0.000,0.088) 
 53      117    (0)    1 :  0.027 0.236 0.020 0.055 0.015 0.021 0.303 0.026 0.281 0.014     (0.000,0.200) (0.000,0.962) (0.000,0.120) (0.000,0.397) (0.000,0.097) (0.000,0.147) (0.000,0.820) (0.000,0.178) (0.000,0.738) (0.000,0.094) 
 54      129    (0)    1 :  0.005 0.011 0.066 0.007 0.008 0.004 0.150 0.009 0.735 0.004     (0.000,0.029) (0.000,0.058) (0.000,0.387) (0.000,0.038) (0.000,0.051) (0.000,0.023) (0.000,0.493) (0.000,0.055) (0.382,0.998) (0.000,0.025) 
 55      132    (0)    1 :  0.011 0.149 0.025 0.632 0.036 0.012 0.023 0.100 0.005 0.008     (0.000,0.068) (0.000,0.574) (0.000,0.120) (0.000,0.998) (0.000,0.260) (0.000,0.073) (0.000,0.168) (0.000,0.728) (0.000,0.028) (0.000,0.045) 
 56      133    (0)    1 :  0.044 0.008 0.007 0.522 0.006 0.028 0.007 0.329 0.004 0.046     (0.000,0.261) (0.000,0.048) (0.000,0.037) (0.000,1.000) (0.000,0.031) (0.000,0.182) (0.000,0.038) (0.000,0.999) (0.000,0.020) (0.000,0.300) 
 57      137    (6)    1 :  0.023 0.018 0.016 0.430 0.011 0.412 0.015 0.058 0.008 0.008     (0.000,0.151) (0.000,0.116) (0.000,0.109) (0.000,0.990) (0.000,0.071) (0.000,0.984) (0.000,0.092) (0.000,0.451) (0.000,0.046) (0.000,0.050) 
 58      139    (0)    1 :  0.008 0.007 0.011 0.008 0.012 0.906 0.009 0.013 0.017 0.008     (0.000,0.048) (0.000,0.044) (0.000,0.066) (0.000,0.046) (0.000,0.078) (0.661,1.000) (0.000,0.054) (0.000,0.081) (0.000,0.120) (0.000,0.045) 
 59      140    (0)    1 :  0.039 0.006 0.011 0.098 0.011 0.041 0.021 0.128 0.012 0.632     (0.000,0.280) (0.000,0.033) (0.000,0.063) (0.000,0.541) (0.000,0.068) (0.000,0.268) (0.000,0.149) (0.000,0.654) (0.000,0.075) (0.195,0.995) 
 60      142    (0)    1 :  0.378 0.016 0.014 0.027 0.008 0.491 0.028 0.023 0.005 0.010     (0.000,0.923) (0.000,0.103) (0.000,0.089) (0.000,0.192) (0.000,0.048) (0.000,0.962) (0.000,0.206) (0.000,0.151) (0.000,0.027) (0.000,0.062) 
 61      144    (0)    1 :  0.006 0.004 0.005 0.008 0.004 0.005 0.007 0.006 0.003 0.951     (0.000,0.037) (0.000,0.022) (0.000,0.026) (0.000,0.049) (0.000,0.026) (0.000,0.031) (0.000,0.040) (0.000,0.038) (0.000,0.018) (0.815,1.000) 
 62      145    (0)    1 :  0.951 0.004 0.006 0.005 0.006 0.009 0.005 0.006 0.003 0.006     (0.809,1.000) (0.000,0.020) (0.000,0.030) (0.000,0.029) (0.000,0.032) (0.000,0.053) (0.000,0.025) (0.000,0.034) (0.000,0.018) (0.000,0.038) 
 63      147    (0)    1 :  0.013 0.005 0.020 0.010 0.009 0.069 0.005 0.031 0.007 0.831     (0.000,0.085) (0.000,0.029) (0.000,0.147) (0.000,0.062) (0.000,0.051) (0.000,0.422) (0.000,0.027) (0.000,0.224) (0.000,0.043) (0.441,1.000) 
 64      160    (0)    1 :  0.006 0.935 0.007 0.007 0.009 0.005 0.010 0.007 0.009 0.004     (0.000,0.033) (0.750,1.000) (0.000,0.036) (0.000,0.038) (0.000,0.056) (0.000,0.031) (0.000,0.066) (0.000,0.037) (0.000,0.055) (0.000,0.026) 
 65     162*    (0)    1 :  0.010 0.008 0.014 0.004 0.005 0.007 0.004 0.007 0.936 0.005     (0.000,0.063) (0.000,0.043) (0.000,0.093) (0.000,0.025) (0.000,0.028) (0.000,0.040) (0.000,0.021) (0.000,0.038) (0.752,1.000) (0.000,0.031) 
 66      166    (0)    1 :  0.008 0.005 0.008 0.803 0.006 0.013 0.017 0.120 0.006 0.014     (0.000,0.043) (0.000,0.031) (0.000,0.046) (0.000,1.000) (0.000,0.033) (0.000,0.083) (0.000,0.112) (0.000,0.974) (0.000,0.036) (0.000,0.082) 
 67      177    (0)    1 :  0.006 0.005 0.004 0.006 0.004 0.957 0.004 0.005 0.005 0.003     (0.000,0.032) (0.000,0.027) (0.000,0.024) (0.000,0.033) (0.000,0.023) (0.831,1.000) (0.000,0.025) (0.000,0.026) (0.000,0.031) (0.000,0.020) 
 68      178    (0)    1 :  0.016 0.039 0.015 0.047 0.010 0.794 0.008 0.031 0.012 0.028     (0.000,0.106) (0.000,0.269) (0.000,0.100) (0.000,0.332) (0.000,0.061) (0.390,1.000) (0.000,0.050) (0.000,0.221) (0.000,0.077) (0.000,0.202) 
 69      186    (0)    1 :  0.005 0.006 0.006 0.005 0.005 0.004 0.954 0.005 0.005 0.004     (0.000,0.031) (0.000,0.035) (0.000,0.034) (0.000,0.031) (0.000,0.026) (0.000,0.024) (0.819,1.000) (0.000,0.029) (0.000,0.030) (0.000,0.021) 
 70      189    (0)    1 :  0.012 0.016 0.820 0.005 0.008 0.008 0.008 0.008 0.113 0.004     (0.000,0.073) (0.000,0.108) (0.000,1.000) (0.000,0.026) (0.000,0.045) (0.000,0.047) (0.000,0.044) (0.000,0.039) (0.000,0.891) (0.000,0.020) 
 71      190    (0)    1 :  0.020 0.090 0.067 0.050 0.023 0.021 0.054 0.031 0.635 0.008     (0.000,0.141) (0.000,0.519) (0.000,0.446) (0.000,0.315) (0.000,0.162) (0.000,0.151) (0.000,0.339) (0.000,0.225) (0.165,0.982) (0.000,0.052) 
 72      191    (0)    1 :  0.039 0.019 0.576 0.010 0.008 0.017 0.277 0.019 0.021 0.014     (0.000,0.275) (0.000,0.133) (0.000,0.995) (0.000,0.059) (0.000,0.046) (0.000,0.118) (0.000,0.778) (0.000,0.119) (0.000,0.131) (0.000,0.090) 
 73      193    (0)    1 :  0.869 0.014 0.018 0.013 0.013 0.010 0.035 0.010 0.007 0.010     (0.579,1.000) (0.000,0.096) (0.000,0.124) (0.000,0.085) (0.000,0.085) (0.000,0.062) (0.000,0.240) (0.000,0.062) (0.000,0.041) (0.000,0.062) 
 74      202    (0)    1 :  0.047 0.332 0.026 0.046 0.022 0.007 0.007 0.169 0.336 0.007     (0.000,0.301) (0.000,0.773) (0.000,0.161) (0.000,0.342) (0.000,0.153) (0.000,0.042) (0.000,0.043) (0.000,0.757) (0.000,0.736) (0.000,0.045) 
 75      204    (0)    1 :  0.005 0.007 0.013 0.005 0.004 0.003 0.089 0.005 0.865 0.004     (0.000,0.027) (0.000,0.043) (0.000,0.088) (0.000,0.026) (0.000,0.026) (0.000,0.020) (0.000,0.417) (0.000,0.027) (0.534,1.000) (0.000,0.024) 
 76      211    (0)    1 :  0.035 0.189 0.016 0.457 0.019 0.061 0.012 0.108 0.022 0.080     (0.000,0.248) (0.000,0.666) (0.000,0.073) (0.000,0.961) (0.000,0.133) (0.000,0.312) (0.000,0.078) (0.000,0.695) (0.000,0.154) (0.000,0.488) 
 77      216    (0)    1 :  0.012 0.014 0.011 0.375 0.005 0.030 0.005 0.081 0.004 0.463     (0.000,0.075) (0.000,0.092) (0.000,0.058) (0.000,0.833) (0.000,0.030) (0.000,0.187) (0.000,0.027) (0.000,0.624) (0.000,0.025) (0.000,0.969) 
 78      222    (0)    1 :  0.033 0.006 0.344 0.036 0.026 0.011 0.007 0.204 0.004 0.329     (0.000,0.226) (0.000,0.030) (0.000,0.876) (0.000,0.269) (0.000,0.189) (0.000,0.061) (0.000,0.043) (0.000,0.972) (0.000,0.023) (0.000,0.951) 
 79      224    (0)    1 :  0.014 0.016 0.864 0.006 0.009 0.006 0.012 0.009 0.057 0.008     (0.000,0.078) (0.000,0.102) (0.001,1.000) (0.000,0.032) (0.000,0.051) (0.000,0.035) (0.000,0.062) (0.000,0.046) (0.000,0.563) (0.000,0.045) 
 80      226    (0)    1 :  0.004 0.005 0.005 0.011 0.008 0.005 0.937 0.012 0.008 0.004     (0.000,0.025) (0.000,0.026) (0.000,0.029) (0.000,0.070) (0.000,0.050) (0.000,0.029) (0.760,1.000) (0.000,0.079) (0.000,0.052) (0.000,0.021) 
 81      229    (0)    1 :  0.107 0.054 0.049 0.048 0.021 0.024 0.008 0.084 0.554 0.052     (0.000,0.405) (0.000,0.394) (0.000,0.350) (0.000,0.317) (0.000,0.147) (0.000,0.166) (0.000,0.046) (0.000,0.537) (0.000,0.893) (0.000,0.323) 
 82      230    (0)    1 :  0.012 0.019 0.047 0.014 0.014 0.049 0.018 0.040 0.774 0.013     (0.000,0.076) (0.000,0.130) (0.000,0.315) (0.000,0.091) (0.000,0.092) (0.000,0.295) (0.000,0.127) (0.000,0.278) (0.391,0.999) (0.000,0.088) 
 83      232    (0)    1 :  0.142 0.422 0.088 0.061 0.015 0.043 0.056 0.088 0.067 0.017     (0.000,0.593) (0.000,0.870) (0.000,0.564) (0.000,0.388) (0.000,0.094) (0.000,0.297) (0.000,0.343) (0.000,0.552) (0.000,0.411) (0.000,0.121) 
 84      238    (0)    1 :  0.030 0.008 0.033 0.058 0.309 0.100 0.006 0.393 0.050 0.013     (0.000,0.212) (0.000,0.051) (0.000,0.219) (0.000,0.446) (0.000,0.935) (0.000,0.470) (0.000,0.037) (0.000,0.996) (0.000,0.299) (0.000,0.090) 
 85      242    (0)    1 :  0.006 0.005 0.018 0.012 0.896 0.004 0.007 0.038 0.005 0.010     (0.000,0.035) (0.000,0.026) (0.000,0.075) (0.000,0.079) (0.577,1.000) (0.000,0.024) (0.000,0.038) (0.000,0.170) (0.000,0.026) (0.000,0.065) 
 86      243    (0)    1 :  0.014 0.011 0.016 0.143 0.458 0.024 0.026 0.284 0.008 0.017     (0.000,0.085) (0.000,0.070) (0.000,0.092) (0.000,0.643) (0.000,0.981) (0.000,0.167) (0.000,0.185) (0.000,0.983) (0.000,0.046) (0.000,0.104) 
 87      244    (0)    1 :  0.016 0.009 0.024 0.060 0.372 0.186 0.006 0.310 0.010 0.007     (0.000,0.107) (0.000,0.059) (0.000,0.099) (0.000,0.452) (0.000,0.971) (0.000,0.621) (0.000,0.037) (0.000,0.994) (0.000,0.063) (0.000,0.044) 
 88      251    (0)    1 :  0.069 0.068 0.052 0.084 0.268 0.016 0.009 0.395 0.024 0.015     (0.000,0.444) (0.000,0.426) (0.000,0.383) (0.000,0.782) (0.000,0.965) (0.000,0.097) (0.000,0.051) (0.000,0.996) (0.000,0.170) (0.000,0.098) 
 89      266    (0)    1 :  0.018 0.009 0.014 0.154 0.094 0.427 0.010 0.239 0.026 0.010     (0.000,0.110) (0.000,0.052) (0.000,0.062) (0.000,0.628) (0.000,0.454) (0.000,0.874) (0.000,0.061) (0.000,0.942) (0.000,0.178) (0.000,0.057) 
 90      267    (0)    1 :  0.015 0.010 0.012 0.151 0.021 0.016 0.031 0.265 0.130 0.348     (0.000,0.097) (0.000,0.062) (0.000,0.067) (0.000,0.696) (0.000,0.142) (0.000,0.113) (0.000,0.222) (0.000,0.970) (0.000,0.460) (0.000,0.967) 
 91      268    (0)    1 :  0.011 0.046 0.008 0.332 0.008 0.381 0.007 0.105 0.005 0.098     (0.000,0.060) (0.000,0.308) (0.000,0.040) (0.000,0.971) (0.000,0.045) (0.000,0.969) (0.000,0.043) (0.000,0.726) (0.000,0.026) (0.000,0.576) 
 92      270    (0)    1 :  0.015 0.035 0.443 0.013 0.034 0.007 0.090 0.025 0.323 0.016     (0.000,0.102) (0.000,0.253) (0.000,0.959) (0.000,0.080) (0.000,0.251) (0.000,0.041) (0.000,0.514) (0.000,0.146) (0.000,0.864) (0.000,0.105) 
 93      276    (0)    1 :  0.028 0.035 0.579 0.040 0.011 0.030 0.183 0.038 0.020 0.036     (0.000,0.201) (0.000,0.250) (0.000,0.998) (0.000,0.282) (0.000,0.065) (0.000,0.215) (0.000,0.701) (0.000,0.271) (0.000,0.121) (0.000,0.259) 
 94      298    (6)    1 :  0.018 0.015 0.012 0.069 0.012 0.145 0.020 0.030 0.005 0.675     (0.000,0.121) (0.000,0.100) (0.000,0.071) (0.000,0.445) (0.000,0.080) (0.000,0.542) (0.000,0.144) (0.000,0.215) (0.000,0.028) (0.276,0.993) 
 95      306    (0)    1 :  0.349 0.007 0.011 0.501 0.013 0.008 0.007 0.088 0.004 0.011     (0.000,0.648) (0.000,0.040) (0.000,0.071) (0.000,0.851) (0.000,0.080) (0.000,0.049) (0.000,0.042) (0.000,0.640) (0.000,0.022) (0.000,0.073) 
 96      308    (0)    1 :  0.233 0.091 0.020 0.041 0.029 0.371 0.006 0.072 0.008 0.128     (0.000,0.727) (0.000,0.445) (0.000,0.134) (0.000,0.287) (0.000,0.207) (0.000,0.899) (0.000,0.037) (0.000,0.517) (0.000,0.051) (0.000,0.566) 
 97      311    (6)    1 :  0.267 0.016 0.033 0.130 0.053 0.012 0.009 0.412 0.026 0.044     (0.000,0.937) (0.000,0.104) (0.000,0.196) (0.000,0.812) (0.000,0.352) (0.000,0.070) (0.000,0.053) (0.000,0.994) (0.000,0.191) (0.000,0.324) 
 98      323    (0)    1 :  0.006 0.004 0.007 0.005 0.009 0.005 0.944 0.006 0.008 0.006     (0.000,0.034) (0.000,0.025) (0.000,0.037) (0.000,0.028) (0.000,0.052) (0.000,0.026) (0.784,1.000) (0.000,0.032) (0.000,0.051) (0.000,0.037) 
 99      327    (0)    1 :  0.012 0.322 0.115 0.054 0.016 0.008 0.020 0.061 0.383 0.008     (0.000,0.081) (0.000,0.805) (0.000,0.645) (0.000,0.373) (0.000,0.105) (0.000,0.049) (0.000,0.141) (0.000,0.427) (0.000,0.806) (0.000,0.049) 
100      334    (0)    1 :  0.030 0.009 0.033 0.086 0.441 0.010 0.005 0.363 0.007 0.016     (0.000,0.200) (0.000,0.053) (0.000,0.160) (0.000,0.871) (0.000,0.998) (0.000,0.057) (0.000,0.028) (0.000,0.998) (0.000,0.040) (0.000,0.109) 
101      338    (0)    1 :  0.273 0.028 0.037 0.153 0.012 0.018 0.017 0.299 0.015 0.146     (0.000,0.899) (0.000,0.203) (0.000,0.251) (0.000,0.740) (0.000,0.069) (0.000,0.117) (0.000,0.118) (0.000,0.983) (0.000,0.097) (0.000,0.747) 
102      341    (0)    1 :  0.009 0.006 0.007 0.017 0.012 0.006 0.922 0.009 0.007 0.004     (0.000,0.056) (0.000,0.035) (0.000,0.040) (0.000,0.115) (0.000,0.074) (0.000,0.031) (0.707,1.000) (0.000,0.054) (0.000,0.043) (0.000,0.025) 
103      346    (0)    1 :  0.024 0.042 0.008 0.506 0.008 0.318 0.011 0.068 0.009 0.006     (0.000,0.151) (0.000,0.302) (0.000,0.041) (0.000,0.998) (0.000,0.043) (0.000,0.979) (0.000,0.065) (0.000,0.603) (0.000,0.058) (0.000,0.033) 
104      348    (0)    1 :  0.092 0.007 0.031 0.022 0.023 0.281 0.008 0.145 0.007 0.384     (0.000,0.438) (0.000,0.044) (0.000,0.225) (0.000,0.146) (0.000,0.161) (0.000,0.815) (0.000,0.047) (0.000,0.843) (0.000,0.039) (0.000,0.920) 
105      351    (0)    1 :  0.014 0.044 0.048 0.348 0.281 0.015 0.020 0.217 0.006 0.009     (0.000,0.084) (0.000,0.294) (0.000,0.318) (0.000,0.989) (0.000,0.978) (0.000,0.087) (0.000,0.141) (0.000,0.978) (0.000,0.032) (0.000,0.052) 
106      362    (0)    1 :  0.008 0.017 0.009 0.007 0.007 0.006 0.030 0.007 0.902 0.006     (0.000,0.053) (0.000,0.118) (0.000,0.051) (0.000,0.041) (0.000,0.041) (0.000,0.035) (0.000,0.218) (0.000,0.042) (0.651,1.000) (0.000,0.037) 
107      364    (0)    1 :  0.029 0.012 0.010 0.041 0.823 0.011 0.011 0.049 0.005 0.010     (0.000,0.207) (0.000,0.078) (0.000,0.052) (0.000,0.278) (0.411,1.000) (0.000,0.067) (0.000,0.075) (0.000,0.335) (0.000,0.029) (0.000,0.061) 
108      366    (0)    1 :  0.008 0.013 0.014 0.037 0.728 0.013 0.012 0.093 0.061 0.021     (0.000,0.044) (0.000,0.082) (0.000,0.077) (0.000,0.256) (0.000,0.999) (0.000,0.079) (0.000,0.074) (0.000,0.804) (0.000,0.359) (0.000,0.150) 
109      376    (0)    1 :  0.044 0.030 0.025 0.017 0.008 0.016 0.826 0.014 0.014 0.006     (0.000,0.248) (0.000,0.217) (0.000,0.176) (0.000,0.117) (0.000,0.045) (0.000,0.112) (0.524,0.999) (0.000,0.087) (0.000,0.094) (0.000,0.037) 
110      377    (6)    1 :  0.116 0.253 0.470 0.020 0.011 0.008 0.020 0.056 0.023 0.024     (0.000,0.652) (0.000,0.822) (0.000,0.992) (0.000,0.121) (0.000,0.063) (0.000,0.049) (0.000,0.136) (0.000,0.398) (0.000,0.154) (0.000,0.163) 
111      378    (0)    1 :  0.020 0.907 0.007 0.014 0.005 0.012 0.011 0.009 0.007 0.007     (0.000,0.144) (0.665,1.000) (0.000,0.041) (0.000,0.087) (0.000,0.027) (0.000,0.080) (0.000,0.070) (0.000,0.050) (0.000,0.042) (0.000,0.043) 
112      388    (0)    1 :  0.028 0.022 0.021 0.287 0.015 0.011 0.009 0.326 0.013 0.268     (0.000,0.190) (0.000,0.151) (0.000,0.129) (0.000,0.980) (0.000,0.095) (0.000,0.069) (0.000,0.060) (0.000,0.997) (0.000,0.087) (0.000,0.982) 
113      391    (0)    1 :  0.119 0.234 0.013 0.106 0.011 0.008 0.429 0.057 0.005 0.018     (0.000,0.535) (0.000,0.615) (0.000,0.076) (0.000,0.592) (0.000,0.068) (0.000,0.045) (0.000,0.791) (0.000,0.412) (0.000,0.032) (0.000,0.121) 
114      401    (0)    1 :  0.093 0.010 0.017 0.034 0.083 0.176 0.044 0.178 0.359 0.006     (0.000,0.467) (0.000,0.059) (0.000,0.080) (0.000,0.203) (0.000,0.486) (0.000,0.610) (0.000,0.324) (0.000,0.881) (0.000,0.703) (0.000,0.037) 
115      406    (0)    1 :  0.114 0.016 0.023 0.342 0.034 0.021 0.090 0.282 0.011 0.067     (0.000,0.664) (0.000,0.103) (0.000,0.132) (0.000,0.971) (0.000,0.238) (0.000,0.145) (0.000,0.511) (0.000,0.981) (0.000,0.068) (0.000,0.446) 
116      412    (6)    1 :  0.268 0.025 0.019 0.279 0.013 0.012 0.022 0.303 0.017 0.041     (0.000,0.972) (0.000,0.180) (0.000,0.118) (0.000,0.987) (0.000,0.079) (0.000,0.073) (0.000,0.156) (0.000,0.994) (0.000,0.113) (0.000,0.277) 
117      413    (0)    1 :  0.839 0.006 0.015 0.013 0.044 0.020 0.003 0.035 0.010 0.014     (0.514,1.000) (0.000,0.032) (0.000,0.093) (0.000,0.080) (0.000,0.272) (0.000,0.130) (0.000,0.019) (0.000,0.250) (0.000,0.065) (0.000,0.092) 
118      421    (0)    1 :  0.050 0.010 0.794 0.028 0.010 0.012 0.014 0.038 0.033 0.012     (0.000,0.354) (0.000,0.063) (0.125,1.000) (0.000,0.194) (0.000,0.055) (0.000,0.074) (0.000,0.097) (0.000,0.248) (0.000,0.227) (0.000,0.074) 
119      423    (0)    1 :  0.050 0.009 0.815 0.011 0.013 0.005 0.018 0.023 0.040 0.015     (0.000,0.379) (0.000,0.055) (0.000,1.000) (0.000,0.045) (0.000,0.075) (0.000,0.030) (0.000,0.121) (0.000,0.107) (0.000,0.260) (0.000,0.103) 
120      424    (0)    1 :  0.444 0.029 0.013 0.174 0.032 0.012 0.210 0.061 0.009 0.017     (0.000,0.965) (0.000,0.205) (0.000,0.070) (0.000,0.847) (0.000,0.228) (0.000,0.070) (0.000,0.711) (0.000,0.455) (0.000,0.053) (0.000,0.109) 
121      426    (0)    1 :  0.037 0.762 0.028 0.031 0.021 0.017 0.023 0.026 0.043 0.013     (0.000,0.252) (0.322,0.999) (0.000,0.188) (0.000,0.209) (0.000,0.144) (0.000,0.121) (0.000,0.162) (0.000,0.179) (0.000,0.270) (0.000,0.082) 
122      430   (12)    1 :  0.446 0.017 0.019 0.348 0.008 0.032 0.036 0.065 0.013 0.015     (0.000,0.945) (0.000,0.111) (0.000,0.129) (0.000,0.900) (0.000,0.048) (0.000,0.218) (0.000,0.258) (0.000,0.478) (0.000,0.079) (0.000,0.091) 
123      435    (0)    1 :  0.525 0.014 0.013 0.015 0.005 0.373 0.004 0.017 0.004 0.030     (0.001,0.923) (0.000,0.092) (0.000,0.072) (0.000,0.098) (0.000,0.027) (0.000,0.828) (0.000,0.024) (0.000,0.109) (0.000,0.023) (0.000,0.191) 
124      476    (0)    1 :  0.028 0.017 0.036 0.015 0.027 0.024 0.720 0.037 0.089 0.007     (0.000,0.186) (0.000,0.117) (0.000,0.255) (0.000,0.093) (0.000,0.181) (0.000,0.169) (0.371,0.989) (0.000,0.258) (0.000,0.418) (0.000,0.041) 
125      478    (0)    1 :  0.010 0.016 0.325 0.013 0.020 0.006 0.565 0.017 0.021 0.007     (0.000,0.063) (0.000,0.103) (0.000,0.944) (0.000,0.084) (0.000,0.138) (0.000,0.036) (0.000,0.945) (0.000,0.110) (0.000,0.146) (0.000,0.044) 
126      484    (0)    1 :  0.020 0.009 0.007 0.289 0.006 0.027 0.012 0.269 0.008 0.352     (0.000,0.119) (0.000,0.055) (0.000,0.040) (0.000,0.890) (0.000,0.036) (0.000,0.194) (0.000,0.077) (0.000,0.990) (0.000,0.051) (0.000,0.954) 
127      489    (0)    1 :  0.200 0.369 0.296 0.033 0.007 0.007 0.010 0.027 0.005 0.045     (0.000,0.889) (0.000,0.954) (0.000,0.966) (0.000,0.205) (0.000,0.041) (0.000,0.040) (0.000,0.062) (0.000,0.188) (0.000,0.031) (0.000,0.321) 
128      493    (0)    1 :  0.011 0.012 0.009 0.010 0.887 0.009 0.009 0.028 0.020 0.005     (0.000,0.073) (0.000,0.081) (0.000,0.051) (0.000,0.064) (0.610,1.000) (0.000,0.054) (0.000,0.055) (0.000,0.166) (0.000,0.135) (0.000,0.029) 
129      494    (0)    1 :  0.010 0.031 0.040 0.031 0.711 0.008 0.015 0.139 0.009 0.007     (0.000,0.063) (0.000,0.216) (0.000,0.259) (0.000,0.106) (0.000,1.000) (0.000,0.046) (0.000,0.104) (0.000,0.962) (0.000,0.050) (0.000,0.047) 
130      500    (0)    1 :  0.004 0.008 0.037 0.007 0.009 0.005 0.018 0.013 0.896 0.004     (0.000,0.023) (0.000,0.045) (0.000,0.271) (0.000,0.032) (0.000,0.051) (0.000,0.026) (0.000,0.122) (0.000,0.068) (0.588,1.000) (0.000,0.020) 
131      504    (0)    1 :  0.012 0.043 0.027 0.146 0.023 0.016 0.009 0.225 0.048 0.450     (0.000,0.073) (0.000,0.285) (0.000,0.188) (0.000,0.730) (0.000,0.160) (0.000,0.105) (0.000,0.061) (0.000,0.931) (0.000,0.286) (0.000,0.966) 
132      506    (0)    1 :  0.009 0.009 0.007 0.013 0.005 0.005 0.009 0.035 0.193 0.715     (0.000,0.054) (0.000,0.055) (0.000,0.038) (0.000,0.067) (0.000,0.029) (0.000,0.027) (0.000,0.055) (0.000,0.248) (0.000,0.514) (0.361,0.998) 


Estimated Allele Frequencies in each cluster
First column gives estimated ancestral frequencies


Locus 1 : Rsu3 
3 alleles
0.0% missing data
 164   (0.539) 0.224 0.624 0.481 0.511 0.573 0.676 0.488 0.584 0.806 0.326 
 166   (0.237) 0.687 0.252 0.178 0.312 0.180 0.088 0.073 0.256 0.043 0.646 
 170   (0.223) 0.089 0.124 0.341 0.178 0.247 0.236 0.438 0.160 0.151 0.028 

Locus 2 : Rsu5 
5 alleles
0.0% missing data
 137   (0.735) 0.777 0.891 0.940 0.888 0.627 0.809 0.973 0.767 0.948 0.263 
 135   (0.083) 0.109 0.061 0.020 0.050 0.132 0.037 0.013 0.061 0.007 0.011 
 139   (0.108) 0.098 0.042 0.025 0.034 0.200 0.057 0.010 0.089 0.038 0.011 
 133   (0.023) 0.002 0.002 0.004 0.004 0.029 0.003 0.001 0.012 0.002 0.002 
 131   (0.051) 0.013 0.004 0.011 0.024 0.013 0.093 0.003 0.071 0.004 0.713 

Locus 3 : Scv1 
5 alleles
0.0% missing data
 181   (0.524) 0.307 0.767 0.480 0.361 0.704 0.353 0.958 0.462 0.791 0.401 
 179   (0.190) 0.074 0.098 0.179 0.413 0.156 0.287 0.019 0.206 0.048 0.069 
 177   (0.110) 0.341 0.119 0.056 0.170 0.057 0.022 0.010 0.191 0.017 0.136 
 185   (0.147) 0.273 0.013 0.279 0.050 0.059 0.334 0.011 0.116 0.142 0.392 
 171   (0.028) 0.005 0.003 0.007 0.007 0.025 0.004 0.002 0.024 0.002 0.003 

Locus 4 : Rsu4 
9 alleles
0.0% missing data
 267   (0.195) 0.026 0.056 0.253 0.073 0.324 0.104 0.147 0.191 0.352 0.078 
 263   (0.339) 0.860 0.793 0.302 0.326 0.263 0.274 0.488 0.303 0.189 0.446 
 259   (0.058) 0.007 0.057 0.313 0.012 0.015 0.009 0.251 0.033 0.046 0.005 
 287   (0.161) 0.067 0.057 0.060 0.446 0.113 0.075 0.097 0.231 0.373 0.107 
 275   (0.037) 0.004 0.003 0.007 0.010 0.139 0.013 0.002 0.027 0.003 0.003 
 279   (0.071) 0.012 0.013 0.017 0.036 0.050 0.315 0.005 0.064 0.010 0.007 
 283   (0.075) 0.017 0.006 0.018 0.079 0.039 0.200 0.005 0.102 0.006 0.348 
 291   (0.037) 0.005 0.012 0.024 0.012 0.015 0.006 0.002 0.030 0.020 0.004 
 271   (0.026) 0.003 0.002 0.005 0.006 0.043 0.004 0.002 0.019 0.002 0.002 

Locus 5 : Rsu6 
5 alleles
0.0% missing data
 120   (0.258) 0.151 0.546 0.378 0.424 0.208 0.204 0.290 0.249 0.086 0.066 
 126   (0.624) 0.834 0.420 0.569 0.552 0.623 0.777 0.563 0.676 0.473 0.924 
 124   (0.072) 0.009 0.030 0.022 0.015 0.050 0.012 0.143 0.049 0.434 0.007 
 130   (0.025) 0.003 0.002 0.004 0.004 0.114 0.003 0.002 0.014 0.002 0.002 
 114   (0.020) 0.003 0.002 0.026 0.004 0.005 0.003 0.001 0.012 0.005 0.002 

Locus 6 : Scv12 
3 alleles
0.8% missing data
 198   (0.582) 0.870 0.413 0.555 0.589 0.749 0.626 0.718 0.548 0.133 0.404 
 196   (0.269) 0.100 0.300 0.320 0.365 0.116 0.222 0.264 0.350 0.060 0.562 
 200   (0.149) 0.030 0.287 0.124 0.046 0.135 0.152 0.018 0.103 0.807 0.034 

Locus 7 : Scv23 
3 alleles
0.8% missing data
 158   (0.533) 0.732 0.439 0.728 0.470 0.461 0.535 0.322 0.491 0.773 0.877 
 164   (0.172) 0.044 0.107 0.057 0.257 0.280 0.032 0.485 0.217 0.055 0.066 
 160   (0.295) 0.224 0.453 0.215 0.272 0.259 0.433 0.193 0.291 0.171 0.057 

Locus 8 : Scv13 
5 alleles
0.0% missing data
 182   (0.727) 0.939 0.968 0.896 0.893 0.710 0.453 0.787 0.759 0.904 0.930 
 180   (0.096) 0.015 0.017 0.067 0.028 0.096 0.017 0.187 0.075 0.071 0.009 
 172   (0.075) 0.013 0.007 0.016 0.053 0.045 0.350 0.006 0.082 0.006 0.052 
 184   (0.063) 0.021 0.006 0.015 0.017 0.133 0.019 0.017 0.055 0.015 0.006 
 174   (0.038) 0.011 0.003 0.007 0.010 0.015 0.161 0.003 0.028 0.003 0.003 

Locus 9 : Scv32 
18 alleles
0.0% missing data
 236   (0.036) 0.004 0.003 0.008 0.009 0.148 0.006 0.002 0.032 0.003 0.003 
 238   (0.041) 0.014 0.005 0.009 0.261 0.018 0.007 0.003 0.081 0.004 0.038 
 234   (0.135) 0.518 0.104 0.038 0.298 0.047 0.640 0.328 0.195 0.020 0.044 
 246   (0.052) 0.014 0.009 0.208 0.011 0.013 0.013 0.339 0.032 0.077 0.006 
 248   (0.094) 0.024 0.417 0.231 0.071 0.124 0.014 0.007 0.075 0.023 0.017 
 262   (0.115) 0.100 0.112 0.096 0.081 0.042 0.028 0.011 0.137 0.444 0.023 
 232   (0.158) 0.207 0.015 0.257 0.058 0.407 0.035 0.146 0.130 0.023 0.645 
 250   (0.022) 0.006 0.288 0.004 0.010 0.006 0.003 0.003 0.015 0.003 0.002 
 228   (0.028) 0.004 0.003 0.007 0.007 0.020 0.005 0.002 0.024 0.002 0.003 
 220   (0.043) 0.006 0.007 0.032 0.009 0.012 0.007 0.070 0.029 0.344 0.004 
 264   (0.056) 0.037 0.010 0.016 0.093 0.057 0.020 0.049 0.045 0.005 0.005 
 252   (0.046) 0.010 0.004 0.009 0.016 0.012 0.099 0.003 0.045 0.037 0.072 
 254   (0.051) 0.012 0.008 0.010 0.036 0.022 0.101 0.003 0.041 0.004 0.098 
 242   (0.026) 0.003 0.002 0.005 0.006 0.038 0.004 0.002 0.019 0.002 0.002 
 266   (0.029) 0.024 0.003 0.007 0.017 0.008 0.005 0.002 0.049 0.003 0.018 
 244   (0.027) 0.010 0.006 0.055 0.006 0.008 0.004 0.002 0.027 0.002 0.017 
 226   (0.020) 0.002 0.002 0.004 0.004 0.005 0.003 0.025 0.011 0.002 0.002 
 240   (0.019) 0.002 0.002 0.004 0.004 0.014 0.007 0.001 0.014 0.002 0.002 

Locus 10 : Scv8 
6 alleles
0.0% missing data
 200   (0.633) 0.469 0.819 0.536 0.824 0.638 0.425 0.835 0.684 0.880 0.608 
 202   (0.091) 0.078 0.008 0.030 0.088 0.193 0.048 0.006 0.097 0.008 0.037 
 194   (0.079) 0.393 0.026 0.180 0.023 0.027 0.020 0.145 0.049 0.012 0.007 
 204   (0.051) 0.009 0.132 0.038 0.016 0.016 0.008 0.003 0.039 0.019 0.004 
 198   (0.076) 0.017 0.009 0.203 0.018 0.092 0.015 0.005 0.053 0.076 0.007 
 188   (0.070) 0.033 0.006 0.013 0.031 0.033 0.484 0.004 0.078 0.006 0.338 

Locus 11 : Scv9 
5 alleles
0.0% missing data
 198   (0.300) 0.353 0.525 0.130 0.682 0.162 0.557 0.420 0.301 0.086 0.387 
 200   (0.340) 0.151 0.359 0.334 0.107 0.570 0.112 0.369 0.264 0.736 0.367 
 196   (0.294) 0.484 0.109 0.523 0.197 0.251 0.184 0.031 0.395 0.173 0.237 
 204   (0.045) 0.009 0.005 0.009 0.010 0.011 0.118 0.178 0.027 0.004 0.005 
 202   (0.021) 0.003 0.002 0.004 0.004 0.006 0.030 0.001 0.012 0.002 0.004 

Locus 12 : Rsu1 
6 alleles
0.0% missing data
 189   (0.281) 0.368 0.056 0.077 0.221 0.551 0.270 0.517 0.270 0.077 0.067 
 185   (0.276) 0.334 0.071 0.363 0.531 0.173 0.115 0.164 0.418 0.093 0.824 
 177   (0.083) 0.017 0.010 0.121 0.022 0.031 0.043 0.011 0.060 0.141 0.075 
 181   (0.249) 0.263 0.784 0.203 0.203 0.217 0.556 0.039 0.188 0.245 0.026 
 193   (0.063) 0.012 0.075 0.191 0.015 0.016 0.010 0.024 0.037 0.313 0.005 
 197   (0.049) 0.006 0.004 0.046 0.009 0.012 0.007 0.246 0.027 0.131 0.004 

Locus 13 : Scv14 
7 alleles
4.5% missing data
 196   (0.544) 0.815 0.894 0.594 0.419 0.490 0.651 0.944 0.526 0.917 0.562 
 198   (0.073) 0.013 0.009 0.017 0.312 0.100 0.057 0.005 0.081 0.006 0.023 
 194   (0.134) 0.107 0.055 0.218 0.040 0.214 0.173 0.016 0.105 0.012 0.023 
 202   (0.181) 0.056 0.025 0.159 0.211 0.164 0.096 0.030 0.243 0.053 0.387 
 204   (0.023) 0.003 0.002 0.004 0.005 0.016 0.004 0.002 0.015 0.002 0.002 
 190   (0.022) 0.004 0.012 0.004 0.006 0.006 0.003 0.002 0.015 0.009 0.002 
 200   (0.023) 0.003 0.002 0.004 0.008 0.009 0.016 0.002 0.016 0.002 0.002 

Locus 14 : Scv16 
7 alleles
0.0% missing data
 182   (0.419) 0.740 0.777 0.483 0.512 0.221 0.520 0.163 0.478 0.670 0.190 
 184   (0.413) 0.231 0.206 0.277 0.422 0.556 0.189 0.818 0.414 0.298 0.755 
 188   (0.056) 0.007 0.005 0.218 0.010 0.168 0.008 0.011 0.033 0.023 0.005 
 200   (0.020) 0.002 0.002 0.004 0.004 0.025 0.003 0.001 0.012 0.002 0.002 
 198   (0.038) 0.013 0.006 0.007 0.030 0.010 0.171 0.003 0.026 0.003 0.028 
 190   (0.035) 0.005 0.003 0.007 0.018 0.009 0.104 0.003 0.022 0.003 0.018 
 186   (0.019) 0.002 0.002 0.004 0.004 0.013 0.005 0.001 0.014 0.002 0.002 

Locus 15 : Scv31 
15 alleles
3.0% missing data
 193   (0.115) 0.034 0.622 0.034 0.297 0.056 0.038 0.015 0.161 0.040 0.096 
 201   (0.095) 0.017 0.071 0.030 0.024 0.239 0.015 0.009 0.074 0.104 0.107 
 187   (0.084) 0.012 0.068 0.059 0.026 0.023 0.014 0.295 0.083 0.496 0.075 
 207   (0.036) 0.005 0.003 0.086 0.006 0.009 0.005 0.373 0.020 0.003 0.004 
 195   (0.065) 0.052 0.015 0.271 0.016 0.017 0.042 0.007 0.072 0.013 0.195 
 185   (0.179) 0.127 0.024 0.077 0.489 0.117 0.318 0.244 0.281 0.016 0.121 
 189   (0.052) 0.006 0.140 0.011 0.010 0.260 0.007 0.003 0.036 0.004 0.005 
 205   (0.021) 0.002 0.002 0.005 0.005 0.011 0.004 0.001 0.017 0.002 0.002 
 191   (0.160) 0.718 0.038 0.355 0.071 0.052 0.433 0.040 0.116 0.242 0.018 
 197   (0.025) 0.003 0.003 0.005 0.007 0.006 0.004 0.003 0.017 0.004 0.319 
 199   (0.054) 0.008 0.005 0.012 0.013 0.066 0.099 0.003 0.042 0.005 0.047 
 203   (0.027) 0.003 0.002 0.005 0.005 0.081 0.004 0.002 0.016 0.002 0.002 
 209   (0.028) 0.004 0.003 0.007 0.017 0.026 0.007 0.002 0.022 0.002 0.003 
 213   (0.028) 0.004 0.002 0.006 0.008 0.029 0.004 0.002 0.025 0.002 0.003 
 181   (0.031) 0.004 0.003 0.035 0.007 0.008 0.005 0.002 0.018 0.066 0.003 

Locus 16 : Scv6 
8 alleles
0.0% missing data
 191   (0.107) 0.012 0.248 0.087 0.031 0.225 0.017 0.008 0.080 0.222 0.016 
 195   (0.375) 0.317 0.447 0.597 0.477 0.272 0.195 0.696 0.428 0.396 0.670 
 197   (0.218) 0.038 0.269 0.240 0.271 0.103 0.421 0.262 0.197 0.343 0.216 
 201   (0.086) 0.046 0.011 0.027 0.094 0.137 0.136 0.006 0.075 0.007 0.009 
 205   (0.023) 0.002 0.002 0.004 0.004 0.059 0.003 0.001 0.013 0.002 0.002 
 193   (0.096) 0.130 0.009 0.019 0.086 0.123 0.183 0.006 0.120 0.010 0.066 
 199   (0.070) 0.452 0.013 0.021 0.033 0.030 0.041 0.017 0.072 0.019 0.019 
 181   (0.024) 0.003 0.002 0.005 0.005 0.049 0.004 0.002 0.015 0.002 0.002 

Values of parameters used in structure:
DATAFILE=M:\STRUCTURE\Squirrel_132_ID_16L_20250816\project_data,	OUTFILE=M:\STRUCTURE\Squirrel_132_ID_16L_20250816\10k_Burnin_100k_MCMC\Results\10k_Burnin_100k_MCMC_run_235,	NUMINDS=132,	NUMLOCI=16,	MISSING=-9,	LABEL=1,	POPDATA=1,	POPFLAG=0,	PHENOTYPE=0,	EXTRACOLS=1,	MAXPOPS=10,	BURNIN=10000,	NUMREPS=100000,	USEPOPINFO=0,	INFERALPHA=1,	INFERLAMBDA=1,	POPSPECIFICLAMBDA=0,	POPALPHAS=0,	COMPUTEPROB=1,	NOADMIX=0,	ADMBURNIN=2500,	UPDATEFREQ=1,	PRINTLIKES=0,	INTERMEDSAVE=0,	PRINTKLD=0,	PRINTNET=0,	PRINTLAMBDA=0,	ANCESTDIST=1,	NUMBOXES=1000,	ANCESTPINT=0.90000,	GENSBACK=2,	MIGRPRIOR=0.05000,	PRINTQHAT=1,	PRINTQSUM=0,	ALPHA=1.0000,	FREQSCORR=1,	FPRIORMEAN=0.0100,	FPRIORSD=0.0500,	ONEFST=0,	LAMBDA=1.0000,	UNIFPRIORALPHA=1,	ALPHAMAX=10.0000,	ALPHAPRIORA=1.0000,	ALPHAPRIORB=2.0000,	ALPHAPROPSD=0.0250,	STARTATPOPINFO=0,	RANDOMIZE=1,	LINKAGE=0,	METROFREQ=10,	REPORTHITRATE=0,	MARKOVPHASE=-1,	PHASED=0,	PLOIDY=2,	PHASEINFO=0	LOCPRIOR=0, 	LOCPRIORINIT=1.000000, 	LOCDATA=0, 	LOCISPOP=0, 	LOCPRIORSTEP=0.100000, 	MAXLOCPRIOR=20.000000, 	SEED=1763759361,	
[STRAT parameters]:    NUMSIMSTATS=1000,	PHENOTYPECOL=-9,	POOLFREQ=10,	LOCUSxONLY=0,	EMERROR=0.00100,	MISSINGPHENO=-9,	