          1*  1 0.0189 0.0654 0.0140 0.0089 0.8928 
           3  1 0.0063 0.0058 0.9760 0.0061 0.0058 
           6  1 0.0221 0.0124 0.9352 0.0236 0.0067 
           8  1 0.0060 0.0162 0.0064 0.9605 0.0110 
          10  1 0.0048 0.7795 0.0094 0.1942 0.0121 
          11  1 0.0495 0.0354 0.0395 0.0636 0.8120 
          12  1 0.0056 0.9748 0.0054 0.0089 0.0054 
          16  1 0.0062 0.0094 0.9597 0.0174 0.0072 
          18  1 0.0055 0.0065 0.0100 0.0090 0.9690 
          19  1 0.0337 0.0114 0.0155 0.0349 0.9046 
          21  1 0.0074 0.0100 0.9524 0.0229 0.0072 
          23  1 0.0473 0.9128 0.0132 0.0169 0.0097 
          24  1 0.0264 0.4200 0.0166 0.2471 0.2899 
          25  1 0.0142 0.8497 0.0478 0.0732 0.0150 
         26*  1 0.0068 0.1601 0.0967 0.7074 0.0290 
          28  1 0.0079 0.1185 0.0626 0.8025 0.0084 
          29  1 0.0060 0.8055 0.0068 0.1651 0.0165 
          30  1 0.1313 0.0666 0.1638 0.5868 0.0515 
          33  1 0.0167 0.0070 0.0061 0.0045 0.9658 
          37  1 0.0080 0.0238 0.0123 0.0086 0.9473 
          38  1 0.0046 0.0127 0.0095 0.0166 0.9566 
          43  1 0.0075 0.7365 0.0337 0.2086 0.0136 
          44  1 0.0228 0.0077 0.3510 0.6079 0.0107 
          48  1 0.0056 0.0077 0.0154 0.0065 0.9648 
          55  1 0.0245 0.0149 0.1816 0.7643 0.0147 
          59  1 0.0051 0.0044 0.9768 0.0069 0.0068 
          60  1 0.5340 0.3768 0.0172 0.0056 0.0665 
          61  1 0.9579 0.0103 0.0147 0.0084 0.0087 
          62  1 0.8888 0.0677 0.0118 0.0120 0.0197 
          65  1 0.0251 0.0079 0.0056 0.0105 0.9509 
          73  1 0.8149 0.1415 0.0086 0.0195 0.0155 
          75  1 0.9369 0.0065 0.0139 0.0125 0.0301 
          76  1 0.9600 0.0205 0.0070 0.0055 0.0070 
          77  1 0.9053 0.0556 0.0116 0.0068 0.0207 
          78  1 0.9663 0.0092 0.0067 0.0086 0.0092 
          79  1 0.9663 0.0056 0.0044 0.0063 0.0173 
          84  1 0.0631 0.1185 0.6847 0.1119 0.0218 
          85  1 0.0120 0.0070 0.0119 0.9572 0.0119 
          86  1 0.0173 0.0147 0.0066 0.9354 0.0259 
          89  1 0.0651 0.3396 0.5441 0.0165 0.0348 
          94  1 0.0056 0.9365 0.0135 0.0143 0.0301 
          95  1 0.0083 0.0065 0.9613 0.0136 0.0103 
          96  1 0.0060 0.0093 0.0047 0.9747 0.0052 
          98  1 0.9562 0.0157 0.0091 0.0081 0.0108 
         102  1 0.0165 0.0277 0.0353 0.0070 0.9136 
         105  1 0.9539 0.0081 0.0093 0.0088 0.0199 
         106  1 0.8142 0.0067 0.1422 0.0140 0.0229 
         108  1 0.8958 0.0130 0.0116 0.0151 0.0645 
         109  1 0.8994 0.0088 0.0290 0.0525 0.0103 
         112  1 0.3576 0.3203 0.0142 0.2076 0.1003 
         115  1 0.0306 0.0787 0.0140 0.0130 0.8636 
         116  1 0.0108 0.0069 0.0106 0.9554 0.0163 
         117  1 0.0309 0.3049 0.4205 0.2253 0.0184 
         129  1 0.0048 0.0083 0.0331 0.9458 0.0080 
         132  1 0.1713 0.5621 0.0306 0.0071 0.2290 
         133  1 0.9656 0.0115 0.0096 0.0054 0.0079 
         137  1 0.8844 0.0674 0.0218 0.0107 0.0158 
         139  1 0.8862 0.0128 0.0184 0.0243 0.0584 
         140  1 0.9548 0.0072 0.0161 0.0121 0.0098 
         142  1 0.9418 0.0177 0.0241 0.0060 0.0105 
         144  1 0.9716 0.0055 0.0100 0.0057 0.0072 
         145  1 0.9572 0.0132 0.0138 0.0076 0.0082 
         147  1 0.9714 0.0048 0.0053 0.0104 0.0081 
         160  1 0.0055 0.9576 0.0096 0.0181 0.0093 
        162*  1 0.0058 0.0111 0.0045 0.9737 0.0049 
         166  1 0.9184 0.0422 0.0211 0.0079 0.0104 
         177  1 0.9605 0.0100 0.0066 0.0105 0.0124 
         178  1 0.9285 0.0399 0.0074 0.0123 0.0118 
         186  1 0.0047 0.0059 0.9789 0.0059 0.0046 
         189  1 0.0058 0.0104 0.0076 0.9690 0.0071 
         190  1 0.0131 0.0633 0.0397 0.8660 0.0179 
         191  1 0.0684 0.0342 0.5354 0.3468 0.0152 
         193  1 0.8498 0.0534 0.0680 0.0134 0.0154 
         202  1 0.0110 0.6064 0.0096 0.2949 0.0781 
         204  1 0.0040 0.0074 0.0396 0.9445 0.0045 
         211  1 0.5119 0.4417 0.0102 0.0095 0.0267 
         216  1 0.9541 0.0292 0.0050 0.0054 0.0062 
         222  1 0.9063 0.0168 0.0074 0.0263 0.0431 
         224  1 0.0112 0.0153 0.0145 0.9476 0.0114 
         226  1 0.0050 0.0057 0.9713 0.0075 0.0104 
         229  1 0.1059 0.0780 0.0161 0.7443 0.0557 
         230  1 0.0250 0.0184 0.0163 0.9229 0.0174 
         232  1 0.1088 0.6361 0.0907 0.1296 0.0348 
         238  1 0.1618 0.0151 0.0064 0.0616 0.7551 
         242  1 0.0062 0.0050 0.0062 0.0064 0.9762 
         243  1 0.0749 0.0178 0.0360 0.0097 0.8616 
         244  1 0.0550 0.0132 0.0069 0.0116 0.9132 
         251  1 0.0322 0.1171 0.0095 0.0281 0.8131 
         266  1 0.6299 0.0178 0.0096 0.0203 0.3225 
         267  1 0.8106 0.0214 0.0580 0.0831 0.0269 
         268  1 0.9469 0.0323 0.0064 0.0051 0.0093 
         270  1 0.0104 0.0141 0.0249 0.9377 0.0129 
         276  1 0.1847 0.0440 0.4223 0.3246 0.0244 
         298  1 0.9631 0.0087 0.0125 0.0062 0.0095 
         306  1 0.9093 0.0520 0.0086 0.0058 0.0242 
         308  1 0.9109 0.0516 0.0073 0.0076 0.0225 
         311  1 0.7241 0.0282 0.0121 0.0257 0.2099 
         323  1 0.0056 0.0048 0.9750 0.0079 0.0067 
         327  1 0.0125 0.2450 0.0167 0.7032 0.0226 
         334  1 0.0339 0.0086 0.0048 0.0117 0.9409 
         338  1 0.9176 0.0372 0.0158 0.0133 0.0161 
         341  1 0.0064 0.0138 0.9637 0.0067 0.0094 
         346  1 0.6084 0.3479 0.0187 0.0096 0.0153 
         348  1 0.9674 0.0056 0.0065 0.0080 0.0124 
         351  1 0.0243 0.0753 0.0205 0.0098 0.8702 
         362  1 0.0062 0.0237 0.0280 0.9353 0.0068 
         364  1 0.0150 0.0127 0.0109 0.0051 0.9563 
         366  1 0.0193 0.0176 0.0114 0.0383 0.9134 
         376  1 0.0175 0.0334 0.9171 0.0225 0.0095 
         377  1 0.0727 0.6663 0.0302 0.2053 0.0256 
         378  1 0.0092 0.9694 0.0086 0.0076 0.0051 
         388  1 0.8858 0.0613 0.0121 0.0157 0.0251 
         391  1 0.0506 0.4384 0.4906 0.0068 0.0136 
         401  1 0.1213 0.0117 0.0814 0.3642 0.4214 
         406  1 0.7272 0.0857 0.1152 0.0132 0.0587 
         412  1 0.8507 0.0770 0.0234 0.0228 0.0260 
         413  1 0.9257 0.0108 0.0046 0.0191 0.0398 
         421  1 0.1610 0.0415 0.0319 0.7223 0.0434 
         423  1 0.0571 0.0244 0.0140 0.8400 0.0645 
         424  1 0.3933 0.2694 0.2896 0.0094 0.0384 
         426  1 0.0139 0.9234 0.0209 0.0273 0.0145 
         430  1 0.8794 0.0541 0.0417 0.0163 0.0085 
         435  1 0.9615 0.0213 0.0056 0.0066 0.0050 
         476  1 0.0164 0.0233 0.8270 0.0995 0.0338 
         478  1 0.0107 0.0181 0.7477 0.1918 0.0316 
         484  1 0.9596 0.0128 0.0134 0.0067 0.0076 
         489  1 0.0882 0.8463 0.0111 0.0438 0.0107 
         493  1 0.0080 0.0122 0.0072 0.0120 0.9606 
         494  1 0.0079 0.0220 0.0123 0.0186 0.9393 
         500  1 0.0041 0.0086 0.0157 0.9643 0.0072 
         504  1 0.8452 0.0387 0.0110 0.0572 0.0479 
         506  1 0.7306 0.0142 0.0398 0.2061 0.0093 
