          1*  1 0.0169 0.0160 0.0356 0.1707 0.0092 0.7357 0.0099 0.0059 
           3  1 0.0081 0.9526 0.0060 0.0075 0.0079 0.0064 0.0064 0.0051 
           6  1 0.0183 0.8740 0.0138 0.0405 0.0098 0.0071 0.0222 0.0143 
           8  1 0.0240 0.0088 0.0375 0.0068 0.0340 0.0157 0.8689 0.0043 
          10  1 0.0042 0.0087 0.8751 0.0061 0.0050 0.0089 0.0864 0.0055 
          11  1 0.0136 0.0538 0.0342 0.1084 0.0994 0.5821 0.0524 0.0561 
          12  1 0.0061 0.0069 0.9489 0.0107 0.0091 0.0055 0.0076 0.0052 
          16  1 0.0064 0.9319 0.0131 0.0076 0.0086 0.0074 0.0185 0.0067 
          18  1 0.0069 0.0105 0.0066 0.0046 0.0111 0.9461 0.0095 0.0047 
          19  1 0.0302 0.0179 0.0149 0.0344 0.0182 0.7446 0.0408 0.0990 
          21  1 0.0071 0.9151 0.0105 0.0102 0.0100 0.0079 0.0306 0.0085 
          23  1 0.0145 0.0116 0.6081 0.2050 0.0955 0.0127 0.0251 0.0275 
          24  1 0.0103 0.0188 0.5456 0.0488 0.0118 0.1495 0.1577 0.0575 
          25  1 0.0094 0.0481 0.6549 0.1846 0.0271 0.0150 0.0545 0.0065 
         26*  1 0.0067 0.1326 0.2486 0.0136 0.0063 0.0191 0.5676 0.0056 
          28  1 0.0076 0.1045 0.3399 0.0189 0.0184 0.0092 0.4946 0.0070 
          29  1 0.0061 0.0061 0.8993 0.0067 0.0069 0.0129 0.0555 0.0065 
          30  1 0.2936 0.1012 0.1960 0.0272 0.0085 0.0172 0.3482 0.0080 
          33  1 0.0126 0.0065 0.0067 0.0178 0.0066 0.8848 0.0052 0.0597 
          37  1 0.0065 0.0143 0.0308 0.0113 0.0100 0.9080 0.0094 0.0097 
          38  1 0.0055 0.0109 0.0166 0.0048 0.0069 0.9326 0.0173 0.0053 
          43  1 0.0065 0.0333 0.7987 0.0152 0.0071 0.0097 0.1217 0.0079 
          44  1 0.0739 0.4188 0.0085 0.0081 0.0988 0.0140 0.3708 0.0071 
          48  1 0.0069 0.0167 0.0074 0.0053 0.0084 0.9446 0.0065 0.0044 
          55  1 0.0221 0.2328 0.0128 0.0688 0.0423 0.0155 0.5932 0.0125 
          59  1 0.0063 0.9573 0.0050 0.0071 0.0057 0.0074 0.0066 0.0046 
          60  1 0.0085 0.0100 0.0379 0.8959 0.0142 0.0129 0.0049 0.0156 
          61  1 0.0618 0.0190 0.0091 0.2684 0.1071 0.0122 0.0119 0.5104 
          62  1 0.0169 0.0171 0.0495 0.0852 0.7359 0.0181 0.0108 0.0664 
          65  1 0.0274 0.0059 0.0089 0.0192 0.0078 0.9028 0.0127 0.0154 
          73  1 0.7695 0.0075 0.1200 0.0537 0.0259 0.0085 0.0097 0.0053 
          75  1 0.0499 0.0087 0.0055 0.0060 0.0061 0.0126 0.0091 0.9023 
          76  1 0.0067 0.0073 0.0136 0.0151 0.0212 0.0052 0.0059 0.9251 
          77  1 0.0048 0.0081 0.0096 0.1023 0.0123 0.0081 0.0056 0.8491 
          78  1 0.5120 0.0086 0.0155 0.0351 0.0520 0.0195 0.0121 0.3451 
          79  1 0.0828 0.0058 0.0058 0.0117 0.0571 0.0169 0.0090 0.8110 
          84  1 0.0194 0.5735 0.0946 0.0504 0.1260 0.0159 0.1051 0.0151 
          85  1 0.0161 0.0156 0.0086 0.0139 0.0453 0.0160 0.8764 0.0080 
          86  1 0.0237 0.0073 0.0216 0.0182 0.0291 0.0215 0.8644 0.0142 
          89  1 0.0103 0.4797 0.1695 0.0550 0.2342 0.0213 0.0148 0.0153 
          94  1 0.0054 0.0143 0.9082 0.0085 0.0143 0.0305 0.0122 0.0068 
          95  1 0.0085 0.9318 0.0059 0.0155 0.0069 0.0120 0.0130 0.0065 
          96  1 0.0055 0.0046 0.0110 0.0053 0.0077 0.0050 0.9546 0.0063 
          98  1 0.0674 0.0057 0.0097 0.7904 0.0880 0.0078 0.0073 0.0236 
         102  1 0.0122 0.0429 0.0322 0.0376 0.0226 0.8319 0.0068 0.0138 
         105  1 0.9627 0.0053 0.0052 0.0052 0.0060 0.0071 0.0044 0.0040 
         106  1 0.1208 0.0994 0.0052 0.0278 0.2610 0.0314 0.0167 0.4377 
         108  1 0.8319 0.0082 0.0098 0.0400 0.0085 0.0600 0.0097 0.0320 
         109  1 0.6628 0.0132 0.0090 0.1952 0.0301 0.0132 0.0236 0.0529 
         112  1 0.0105 0.0135 0.0538 0.1779 0.4693 0.0427 0.1115 0.1208 
         115  1 0.0323 0.0165 0.0885 0.1157 0.0129 0.6964 0.0144 0.0232 
         116  1 0.0300 0.0167 0.0148 0.0067 0.1101 0.0265 0.7888 0.0063 
         117  1 0.0191 0.2952 0.3949 0.0492 0.0165 0.0154 0.1872 0.0226 
         129  1 0.0057 0.0552 0.0124 0.0077 0.0068 0.0091 0.8989 0.0043 
         132  1 0.0139 0.0229 0.1629 0.6915 0.0163 0.0654 0.0080 0.0192 
         133  1 0.0639 0.0067 0.0070 0.7966 0.0848 0.0068 0.0045 0.0297 
         137  1 0.0113 0.0161 0.0206 0.4079 0.0352 0.0141 0.0118 0.4829 
         139  1 0.0130 0.0097 0.0097 0.0068 0.0096 0.0139 0.0160 0.9212 
         140  1 0.7757 0.0213 0.0066 0.1131 0.0264 0.0104 0.0095 0.0371 
         142  1 0.0133 0.0365 0.0147 0.0496 0.3483 0.0101 0.0064 0.5211 
         144  1 0.9579 0.0068 0.0042 0.0091 0.0070 0.0053 0.0040 0.0057 
         145  1 0.0080 0.0071 0.0045 0.0257 0.9193 0.0074 0.0046 0.0236 
         147  1 0.9069 0.0051 0.0051 0.0094 0.0195 0.0092 0.0083 0.0365 
         160  1 0.0051 0.0099 0.9483 0.0065 0.0063 0.0094 0.0087 0.0057 
        162*  1 0.0056 0.0050 0.0111 0.0051 0.0078 0.0053 0.9536 0.0065 
         166  1 0.0246 0.0192 0.0062 0.8882 0.0124 0.0071 0.0079 0.0345 
         177  1 0.0040 0.0046 0.0049 0.0050 0.0062 0.0046 0.0053 0.9654 
         178  1 0.0398 0.0104 0.0440 0.0649 0.0288 0.0150 0.0191 0.7781 
         186  1 0.0048 0.9604 0.0068 0.0066 0.0051 0.0054 0.0061 0.0048 
         189  1 0.0045 0.0096 0.0180 0.0051 0.0832 0.0091 0.8619 0.0085 
         190  1 0.0104 0.0441 0.1032 0.0296 0.0176 0.0157 0.7648 0.0146 
         191  1 0.0372 0.5594 0.0232 0.0139 0.2046 0.0125 0.1307 0.0184 
         193  1 0.0091 0.0313 0.0127 0.0306 0.8823 0.0112 0.0080 0.0146 
         202  1 0.0122 0.0100 0.4233 0.0515 0.0551 0.0581 0.3801 0.0098 
         204  1 0.0052 0.0353 0.0096 0.0050 0.0052 0.0047 0.9310 0.0039 
         211  1 0.1735 0.0120 0.1717 0.5097 0.0310 0.0289 0.0181 0.0552 
         216  1 0.5513 0.0055 0.0169 0.3677 0.0139 0.0068 0.0057 0.0322 
         222  1 0.5457 0.0103 0.0064 0.0295 0.3528 0.0324 0.0105 0.0124 
         224  1 0.0177 0.0333 0.0272 0.0081 0.1640 0.0204 0.7222 0.0070 
         226  1 0.0048 0.9483 0.0053 0.0124 0.0052 0.0099 0.0084 0.0058 
         229  1 0.0363 0.0105 0.1105 0.0462 0.0848 0.0352 0.6557 0.0208 
         230  1 0.0152 0.0174 0.0318 0.0103 0.0087 0.0145 0.8613 0.0407 
         232  1 0.0204 0.0694 0.4322 0.0744 0.2047 0.0271 0.1175 0.0544 
         238  1 0.0257 0.0081 0.0101 0.0494 0.0478 0.6169 0.0951 0.1468 
         242  1 0.0096 0.0068 0.0045 0.0123 0.0070 0.9491 0.0064 0.0044 
         243  1 0.0212 0.0280 0.0119 0.1923 0.0212 0.6881 0.0102 0.0272 
         244  1 0.0097 0.0069 0.0110 0.0265 0.0166 0.6722 0.0136 0.2437 
         251  1 0.0168 0.0097 0.1054 0.0536 0.1179 0.6509 0.0262 0.0196 
         266  1 0.0156 0.0116 0.0129 0.1991 0.0221 0.1604 0.0281 0.5502 
         267  1 0.6426 0.0348 0.0141 0.1939 0.0148 0.0238 0.0602 0.0157 
         268  1 0.1700 0.0076 0.0433 0.4141 0.0268 0.0104 0.0060 0.3218 
         270  1 0.0177 0.0542 0.0322 0.0144 0.0415 0.0218 0.8097 0.0085 
         276  1 0.0663 0.4637 0.0462 0.0769 0.1058 0.0212 0.1532 0.0666 
         298  1 0.7415 0.0217 0.0155 0.0743 0.0191 0.0141 0.0070 0.1068 
         306  1 0.0178 0.0093 0.0082 0.6315 0.2971 0.0161 0.0064 0.0136 
         308  1 0.2164 0.0074 0.0765 0.0490 0.2974 0.0421 0.0083 0.3030 
         311  1 0.1157 0.0110 0.0177 0.2372 0.4443 0.1268 0.0330 0.0143 
         323  1 0.0063 0.9553 0.0050 0.0058 0.0057 0.0083 0.0083 0.0054 
         327  1 0.0132 0.0191 0.2942 0.0358 0.0165 0.0208 0.5926 0.0078 
         334  1 0.0259 0.0053 0.0098 0.0715 0.0341 0.8296 0.0123 0.0115 
         338  1 0.2427 0.0208 0.0291 0.2820 0.3688 0.0203 0.0207 0.0156 
         341  1 0.0058 0.9298 0.0070 0.0223 0.0090 0.0118 0.0079 0.0064 
         346  1 0.0075 0.0120 0.0452 0.5295 0.0248 0.0088 0.0087 0.3634 
         348  1 0.5485 0.0095 0.0090 0.0299 0.1379 0.0281 0.0098 0.2274 
         351  1 0.0090 0.0189 0.0458 0.3348 0.0208 0.5435 0.0098 0.0173 
         362  1 0.0071 0.0307 0.0362 0.0072 0.0082 0.0068 0.8978 0.0061 
         364  1 0.0100 0.0115 0.0124 0.0371 0.0226 0.8913 0.0055 0.0097 
         366  1 0.0279 0.0141 0.0156 0.0401 0.0072 0.8208 0.0630 0.0113 
         376  1 0.0071 0.8572 0.0283 0.0207 0.0350 0.0089 0.0244 0.0184 
         377  1 0.0357 0.0384 0.1826 0.0252 0.5533 0.0166 0.1387 0.0095 
         378  1 0.0080 0.0122 0.9188 0.0161 0.0200 0.0057 0.0068 0.0126 
         388  1 0.4949 0.0109 0.0302 0.3765 0.0439 0.0182 0.0130 0.0125 
         391  1 0.0236 0.4204 0.2017 0.1990 0.1241 0.0140 0.0078 0.0095 
         401  1 0.0089 0.0867 0.0149 0.0285 0.0750 0.2144 0.3974 0.1741 
         406  1 0.1184 0.0982 0.0184 0.5405 0.1431 0.0421 0.0119 0.0275 
         412  1 0.0557 0.0232 0.0299 0.5155 0.3264 0.0171 0.0172 0.0150 
         413  1 0.0144 0.0040 0.0089 0.0231 0.8437 0.0539 0.0125 0.0395 
         421  1 0.0168 0.0346 0.0220 0.0370 0.4881 0.0193 0.3633 0.0190 
         423  1 0.0352 0.0237 0.0137 0.0085 0.5291 0.0387 0.3437 0.0073 
         424  1 0.0217 0.1702 0.0262 0.3505 0.3762 0.0294 0.0106 0.0152 
         426  1 0.0136 0.0270 0.7992 0.0387 0.0598 0.0198 0.0233 0.0187 
         430  1 0.0215 0.0390 0.0181 0.4636 0.3766 0.0098 0.0198 0.0517 
         435  1 0.0359 0.0050 0.0109 0.0268 0.5157 0.0052 0.0051 0.3955 
         476  1 0.0076 0.7628 0.0170 0.0136 0.0269 0.0326 0.1109 0.0286 
         478  1 0.0100 0.7192 0.0191 0.0182 0.0282 0.0299 0.1686 0.0068 
         484  1 0.5350 0.0176 0.0105 0.3677 0.0254 0.0072 0.0072 0.0294 
         489  1 0.0534 0.0118 0.2514 0.0331 0.6163 0.0094 0.0173 0.0073 
         493  1 0.0063 0.0088 0.0126 0.0100 0.0145 0.9262 0.0135 0.0081 
         494  1 0.0073 0.0149 0.0286 0.0069 0.0173 0.9001 0.0164 0.0085 
         500  1 0.0044 0.0169 0.0090 0.0053 0.0056 0.0079 0.9465 0.0045 
         504  1 0.6523 0.0105 0.0687 0.1540 0.0137 0.0318 0.0540 0.0151 
         506  1 0.8668 0.0108 0.0098 0.0181 0.0073 0.0070 0.0751 0.0051 
