          1*  1 0.9451 0.0133 0.0215 0.0200 
           3  1 0.0059 0.9812 0.0069 0.0060 
           6  1 0.0061 0.9563 0.0202 0.0174 
           8  1 0.0105 0.1245 0.0055 0.8595 
          10  1 0.0064 0.0095 0.0047 0.9794 
          11  1 0.8471 0.0450 0.0464 0.0615 
          12  1 0.0087 0.0095 0.0104 0.9713 
          16  1 0.0069 0.9753 0.0054 0.0124 
          18  1 0.9775 0.0090 0.0051 0.0083 
          19  1 0.9304 0.0156 0.0308 0.0231 
          21  1 0.0070 0.9717 0.0071 0.0142 
          23  1 0.0192 0.0252 0.2103 0.7453 
          24  1 0.2215 0.0168 0.0250 0.7367 
          25  1 0.0293 0.0307 0.0386 0.9015 
         26*  1 0.0143 0.1588 0.0047 0.8223 
          28  1 0.0071 0.1341 0.0061 0.8527 
          29  1 0.0098 0.0074 0.0055 0.9772 
          30  1 0.0549 0.2531 0.1355 0.5566 
          33  1 0.9735 0.0058 0.0160 0.0047 
          37  1 0.9684 0.0112 0.0072 0.0133 
          38  1 0.9705 0.0097 0.0042 0.0156 
          43  1 0.0105 0.0214 0.0063 0.9619 
          44  1 0.0248 0.5355 0.0491 0.3906 
          48  1 0.9758 0.0128 0.0050 0.0064 
          55  1 0.0167 0.4280 0.0300 0.5254 
          59  1 0.0061 0.9839 0.0049 0.0051 
          60  1 0.0857 0.0159 0.8457 0.0527 
          61  1 0.0089 0.0130 0.9709 0.0071 
          62  1 0.0216 0.0128 0.9431 0.0225 
          65  1 0.9665 0.0057 0.0191 0.0086 
          73  1 0.0176 0.0093 0.9126 0.0604 
          75  1 0.0303 0.0129 0.9475 0.0092 
          76  1 0.0068 0.0064 0.9789 0.0079 
          77  1 0.0190 0.0111 0.9588 0.0111 
          78  1 0.0101 0.0060 0.9759 0.0079 
          79  1 0.0194 0.0039 0.9709 0.0058 
          84  1 0.0184 0.7503 0.0478 0.1835 
          85  1 0.0217 0.1355 0.0147 0.8280 
          86  1 0.0430 0.0989 0.0312 0.8270 
          89  1 0.0589 0.6184 0.1225 0.2003 
          94  1 0.0658 0.0124 0.0054 0.9164 
          95  1 0.0115 0.9726 0.0081 0.0078 
          96  1 0.0055 0.1058 0.0058 0.8830 
          98  1 0.0088 0.0079 0.9731 0.0102 
         102  1 0.9422 0.0297 0.0161 0.0121 
         105  1 0.0192 0.0088 0.9638 0.0082 
         106  1 0.0238 0.1484 0.8176 0.0101 
         108  1 0.0621 0.0105 0.9136 0.0137 
         109  1 0.0098 0.0267 0.9414 0.0221 
         112  1 0.1226 0.0356 0.4790 0.3628 
         115  1 0.9165 0.0131 0.0318 0.0386 
         116  1 0.0381 0.1425 0.0162 0.8033 
         117  1 0.0155 0.3961 0.0348 0.5536 
         129  1 0.0072 0.1663 0.0042 0.8222 
         132  1 0.4333 0.0271 0.4233 0.1163 
         133  1 0.0075 0.0080 0.9785 0.0059 
         137  1 0.0152 0.0201 0.9480 0.0167 
         139  1 0.0609 0.0185 0.8996 0.0210 
         140  1 0.0105 0.0139 0.9683 0.0074 
         142  1 0.0096 0.0197 0.9627 0.0080 
         144  1 0.0071 0.0085 0.9798 0.0047 
         145  1 0.0092 0.0145 0.9689 0.0074 
         147  1 0.0081 0.0053 0.9805 0.0060 
         160  1 0.0162 0.0107 0.0072 0.9658 
        162*  1 0.0054 0.1038 0.0061 0.8847 
         166  1 0.0083 0.0146 0.9690 0.0081 
         177  1 0.0115 0.0067 0.9730 0.0088 
         178  1 0.0098 0.0078 0.9641 0.0182 
         186  1 0.0050 0.9843 0.0048 0.0059 
         189  1 0.0094 0.1266 0.0063 0.8577 
         190  1 0.0130 0.1209 0.0099 0.8562 
         191  1 0.0144 0.7129 0.0715 0.2012 
         193  1 0.0137 0.0810 0.8838 0.0216 
         202  1 0.0578 0.0209 0.0135 0.9078 
         204  1 0.0041 0.1943 0.0039 0.7977 
         211  1 0.0386 0.0114 0.8585 0.0915 
         216  1 0.0055 0.0044 0.9826 0.0076 
         222  1 0.0432 0.0074 0.9313 0.0180 
         224  1 0.0177 0.1487 0.0139 0.8196 
         226  1 0.0123 0.9763 0.0056 0.0058 
         229  1 0.0458 0.1019 0.0553 0.7970 
         230  1 0.0215 0.1299 0.0193 0.8293 
         232  1 0.0282 0.1298 0.1204 0.7216 
         238  1 0.8310 0.0086 0.1229 0.0374 
         242  1 0.9830 0.0063 0.0060 0.0047 
         243  1 0.8914 0.0319 0.0662 0.0105 
         244  1 0.9378 0.0070 0.0433 0.0119 
         251  1 0.8756 0.0111 0.0387 0.0746 
         266  1 0.3567 0.0092 0.6176 0.0166 
         267  1 0.0285 0.0552 0.8731 0.0432 
         268  1 0.0087 0.0058 0.9765 0.0090 
         270  1 0.0168 0.1607 0.0107 0.8118 
         276  1 0.0217 0.6010 0.1809 0.1965 
         298  1 0.0089 0.0104 0.9745 0.0062 
         306  1 0.0187 0.0069 0.9679 0.0066 
         308  1 0.0199 0.0069 0.9580 0.0152 
         311  1 0.2282 0.0123 0.7360 0.0235 
         323  1 0.0068 0.9815 0.0056 0.0061 
         327  1 0.0134 0.0539 0.0091 0.9236 
         334  1 0.9605 0.0045 0.0267 0.0083 
         338  1 0.0140 0.0153 0.9538 0.0168 
         341  1 0.0141 0.9690 0.0083 0.0086 
         346  1 0.0127 0.0216 0.9203 0.0454 
         348  1 0.0124 0.0065 0.9742 0.0069 
         351  1 0.9357 0.0162 0.0290 0.0192 
         362  1 0.0056 0.1463 0.0052 0.8428 
         364  1 0.9687 0.0093 0.0149 0.0072 
         366  1 0.9432 0.0146 0.0183 0.0239 
         376  1 0.0078 0.9505 0.0148 0.0268 
         377  1 0.0226 0.0425 0.1087 0.8263 
         378  1 0.0072 0.0189 0.0298 0.9441 
         388  1 0.0204 0.0100 0.9439 0.0257 
         391  1 0.0407 0.5357 0.2474 0.1762 
         401  1 0.4631 0.1868 0.1142 0.2359 
         406  1 0.0561 0.0974 0.8256 0.0210 
         412  1 0.0197 0.0228 0.9219 0.0357 
         413  1 0.0412 0.0051 0.9368 0.0170 
         421  1 0.0500 0.1370 0.1639 0.6491 
         423  1 0.1220 0.1149 0.0731 0.6900 
         424  1 0.0412 0.3352 0.5886 0.0350 
         426  1 0.0198 0.0486 0.0573 0.8743 
         430  1 0.0092 0.0408 0.9325 0.0175 
         435  1 0.0047 0.0055 0.9802 0.0095 
         476  1 0.0284 0.9124 0.0121 0.0471 
         478  1 0.0240 0.8185 0.0091 0.1485 
         484  1 0.0067 0.0103 0.9756 0.0073 
         489  1 0.0198 0.0179 0.2176 0.7447 
         493  1 0.9745 0.0064 0.0070 0.0121 
         494  1 0.9568 0.0123 0.0066 0.0243 
         500  1 0.0082 0.1517 0.0038 0.8362 
         504  1 0.0474 0.0145 0.8731 0.0650 
         506  1 0.0110 0.0637 0.8234 0.1019 
