

----------------------------------------------------
STRUCTURE by Pritchard, Stephens and Donnelly (2000)
     and Falush, Stephens and Pritchard (2003)
       Code by Pritchard, Falush and Hubisz
             Version 2.3.4 (Jul 2012)
----------------------------------------------------



Command line arguments:   bin\structure -m M:\STRUCTURE\Squirrel_132_ID_16L_20250816\10k_Burnin_100k_MCMC\mainparams -e M:\STRUCTURE\Squirrel_132_ID_16L_20250816\10k_Burnin_100k_MCMC\extraparams 
Input File:    M:\STRUCTURE\Squirrel_132_ID_16L_20250816\project_data

Run parameters:
   132 individuals
   16 loci
   2 populations assumed
   10000 Burn-in period
   100000 Reps


--------------------------------------------
Proportion of membership of each pre-defined
 population in each of the 2 clusters

Given    Inferred Clusters       Number of
 Pop       1      2             Individuals

  1:     0.498  0.502             132
--------------------------------------------

Allele-freq. divergence among pops (Net nucleotide distance),
computed using point estimates of P.

      1       2      
 1      -    0.0315  
 2   0.0315     -    

Average distances (expected heterozygosity) between individuals in same cluster:
cluster  1  : 0.5765 
cluster  2  : 0.6246 

--------------------------------------------
Estimated Ln Prob of Data   = -5112.3
Mean value of ln likelihood = -5036.1
Variance of ln likelihood   = 152.6
Mean value of alpha         = 0.0556

Mean value of lambda        = 1.0761

Mean value of Fst_1         = 0.0971
Mean value of Fst_2         = 0.0577


Inferred ancestry of individuals:
        Label (%Miss) Pop:  Inferred clusters (and 90% probability intervals)
  1       1*    (0)    1 :  0.096 0.904     (0.000,0.564) (0.436,1.000) 
  2        3    (0)    1 :  0.985 0.015     (0.913,1.000) (0.000,0.087) 
  3        6    (0)    1 :  0.966 0.034     (0.759,1.000) (0.000,0.241) 
  4        8    (0)    1 :  0.990 0.010     (0.939,1.000) (0.000,0.061) 
  5       10    (0)    1 :  0.991 0.009     (0.950,1.000) (0.000,0.050) 
  6       11    (0)    1 :  0.804 0.196     (0.000,1.000) (0.000,1.000) 
  7       12    (0)    1 :  0.978 0.022     (0.870,1.000) (0.000,0.130) 
  8       16    (6)    1 :  0.990 0.010     (0.940,1.000) (0.000,0.060) 
  9       18    (0)    1 :  0.849 0.151     (0.000,1.000) (0.000,1.000) 
 10       19    (0)    1 :  0.130 0.870     (0.000,0.976) (0.024,1.000) 
 11       21    (6)    1 :  0.986 0.014     (0.916,1.000) (0.000,0.084) 
 12       23    (6)    1 :  0.503 0.497     (0.000,1.000) (0.000,1.000) 
 13       24    (6)    1 :  0.952 0.048     (0.667,1.000) (0.000,0.333) 
 14       25    (6)    1 :  0.918 0.082     (0.502,1.000) (0.000,0.498) 
 15      26*    (0)    1 :  0.994 0.006     (0.967,1.000) (0.000,0.033) 
 16       28    (0)    1 :  0.992 0.008     (0.953,1.000) (0.000,0.047) 
 17       29    (0)    1 :  0.990 0.010     (0.941,1.000) (0.000,0.059) 
 18       30    (0)    1 :  0.865 0.135     (0.205,1.000) (0.000,0.795) 
 19       33    (0)    1 :  0.013 0.987     (0.000,0.084) (0.916,1.000) 
 20       37    (0)    1 :  0.835 0.165     (0.000,1.000) (0.000,1.000) 
 21       38    (0)    1 :  0.876 0.124     (0.000,1.000) (0.000,1.000) 
 22       43    (0)    1 :  0.990 0.010     (0.942,1.000) (0.000,0.058) 
 23       44    (0)    1 :  0.986 0.014     (0.915,1.000) (0.000,0.085) 
 24       48    (0)    1 :  0.848 0.152     (0.000,1.000) (0.000,1.000) 
 25       55    (0)    1 :  0.979 0.021     (0.857,1.000) (0.000,0.143) 
 26       59    (0)    1 :  0.988 0.012     (0.928,1.000) (0.000,0.072) 
 27       60    (0)    1 :  0.014 0.986     (0.000,0.086) (0.914,1.000) 
 28       61    (0)    1 :  0.013 0.987     (0.000,0.081) (0.919,1.000) 
 29       62    (0)    1 :  0.049 0.951     (0.000,0.324) (0.676,1.000) 
 30       65    (0)    1 :  0.360 0.640     (0.000,1.000) (0.000,1.000) 
 31       73    (0)    1 :  0.030 0.970     (0.000,0.209) (0.791,1.000) 
 32       75    (0)    1 :  0.012 0.988     (0.000,0.080) (0.920,1.000) 
 33       76    (0)    1 :  0.010 0.990     (0.000,0.059) (0.941,1.000) 
 34       77    (0)    1 :  0.014 0.986     (0.000,0.089) (0.911,1.000) 
 35       78    (0)    1 :  0.011 0.989     (0.000,0.065) (0.935,1.000) 
 36       79    (0)    1 :  0.006 0.994     (0.000,0.037) (0.963,1.000) 
 37       84    (0)    1 :  0.963 0.037     (0.741,1.000) (0.000,0.259) 
 38       85    (0)    1 :  0.969 0.031     (0.792,1.000) (0.000,0.208) 
 39       86    (0)    1 :  0.935 0.065     (0.569,1.000) (0.000,0.431) 
 40       89    (0)    1 :  0.946 0.054     (0.619,1.000) (0.000,0.381) 
 41       94    (0)    1 :  0.990 0.010     (0.948,1.000) (0.000,0.052) 
 42       95    (0)    1 :  0.976 0.024     (0.840,1.000) (0.000,0.160) 
 43       96    (0)    1 :  0.989 0.011     (0.936,1.000) (0.000,0.064) 
 44       98    (0)    1 :  0.011 0.989     (0.000,0.069) (0.931,1.000) 
 45      102    (0)    1 :  0.784 0.216     (0.000,1.000) (0.000,1.000) 
 46      105    (0)    1 :  0.010 0.990     (0.000,0.059) (0.941,1.000) 
 47      106    (0)    1 :  0.048 0.952     (0.000,0.288) (0.712,1.000) 
 48      108    (0)    1 :  0.014 0.986     (0.000,0.089) (0.911,1.000) 
 49      109    (0)    1 :  0.027 0.973     (0.000,0.192) (0.808,1.000) 
 50      112    (0)    1 :  0.280 0.720     (0.000,1.000) (0.000,1.000) 
 51      115    (0)    1 :  0.634 0.366     (0.000,1.000) (0.000,1.000) 
 52      116    (0)    1 :  0.977 0.023     (0.850,1.000) (0.000,0.150) 
 53      117    (0)    1 :  0.975 0.025     (0.837,1.000) (0.000,0.163) 
 54      129    (0)    1 :  0.994 0.006     (0.967,1.000) (0.000,0.033) 
 55      132    (0)    1 :  0.082 0.918     (0.000,0.531) (0.469,1.000) 
 56      133    (0)    1 :  0.009 0.991     (0.000,0.055) (0.945,1.000) 
 57      137    (6)    1 :  0.029 0.971     (0.000,0.182) (0.818,1.000) 
 58      139    (0)    1 :  0.025 0.975     (0.000,0.175) (0.825,1.000) 
 59      140    (0)    1 :  0.014 0.986     (0.000,0.084) (0.916,1.000) 
 60      142    (0)    1 :  0.015 0.985     (0.000,0.092) (0.908,1.000) 
 61      144    (0)    1 :  0.008 0.992     (0.000,0.049) (0.951,1.000) 
 62      145    (0)    1 :  0.018 0.982     (0.000,0.106) (0.894,1.000) 
 63      147    (0)    1 :  0.007 0.993     (0.000,0.041) (0.959,1.000) 
 64      160    (0)    1 :  0.988 0.012     (0.933,1.000) (0.000,0.067) 
 65     162*    (0)    1 :  0.988 0.012     (0.929,1.000) (0.000,0.071) 
 66      166    (0)    1 :  0.012 0.988     (0.000,0.073) (0.927,1.000) 
 67      177    (0)    1 :  0.013 0.987     (0.000,0.080) (0.920,1.000) 
 68      178    (0)    1 :  0.016 0.984     (0.000,0.101) (0.899,1.000) 
 69      186    (0)    1 :  0.989 0.011     (0.933,1.000) (0.000,0.067) 
 70      189    (0)    1 :  0.989 0.011     (0.937,1.000) (0.000,0.063) 
 71      190    (0)    1 :  0.989 0.011     (0.936,1.000) (0.000,0.064) 
 72      191    (0)    1 :  0.981 0.019     (0.871,1.000) (0.000,0.129) 
 73      193    (0)    1 :  0.118 0.882     (0.000,1.000) (0.000,1.000) 
 74      202    (0)    1 :  0.947 0.053     (0.632,1.000) (0.000,0.368) 
 75      204    (0)    1 :  0.995 0.005     (0.969,1.000) (0.000,0.031) 
 76      211    (0)    1 :  0.029 0.971     (0.000,0.208) (0.792,1.000) 
 77      216    (0)    1 :  0.008 0.992     (0.000,0.046) (0.954,1.000) 
 78      222    (0)    1 :  0.015 0.985     (0.000,0.090) (0.910,1.000) 
 79      224    (0)    1 :  0.983 0.017     (0.897,1.000) (0.000,0.103) 
 80      226    (0)    1 :  0.982 0.018     (0.884,1.000) (0.000,0.116) 
 81      229    (0)    1 :  0.926 0.074     (0.527,1.000) (0.000,0.473) 
 82      230    (0)    1 :  0.972 0.028     (0.812,1.000) (0.000,0.188) 
 83      232    (0)    1 :  0.949 0.051     (0.640,1.000) (0.000,0.360) 
 84      238    (0)    1 :  0.073 0.927     (0.000,0.402) (0.598,1.000) 
 85      242    (0)    1 :  0.054 0.946     (0.000,0.352) (0.648,1.000) 
 86      243    (0)    1 :  0.071 0.929     (0.000,0.489) (0.511,1.000) 
 87      244    (0)    1 :  0.033 0.967     (0.000,0.230) (0.770,1.000) 
 88      251    (0)    1 :  0.134 0.866     (0.000,0.974) (0.026,1.000) 
 89      266    (0)    1 :  0.039 0.961     (0.000,0.267) (0.733,1.000) 
 90      267    (0)    1 :  0.044 0.956     (0.000,0.304) (0.696,1.000) 
 91      268    (0)    1 :  0.010 0.990     (0.000,0.060) (0.940,1.000) 
 92      270    (0)    1 :  0.988 0.012     (0.928,1.000) (0.000,0.072) 
 93      276    (0)    1 :  0.962 0.038     (0.724,1.000) (0.000,0.276) 
 94      298    (6)    1 :  0.010 0.990     (0.000,0.058) (0.942,1.000) 
 95      306    (0)    1 :  0.008 0.992     (0.000,0.050) (0.950,1.000) 
 96      308    (0)    1 :  0.012 0.988     (0.000,0.073) (0.927,1.000) 
 97      311    (6)    1 :  0.020 0.980     (0.000,0.124) (0.876,1.000) 
 98      323    (0)    1 :  0.984 0.016     (0.896,1.000) (0.000,0.104) 
 99      327    (0)    1 :  0.989 0.011     (0.934,1.000) (0.000,0.066) 
100      334    (0)    1 :  0.079 0.921     (0.000,0.534) (0.466,1.000) 
101      338    (0)    1 :  0.023 0.977     (0.000,0.138) (0.862,1.000) 
102      341    (0)    1 :  0.942 0.058     (0.624,1.000) (0.000,0.376) 
103      346    (0)    1 :  0.023 0.977     (0.000,0.137) (0.863,1.000) 
104      348    (0)    1 :  0.009 0.991     (0.000,0.054) (0.946,1.000) 
105      351    (0)    1 :  0.088 0.912     (0.000,0.541) (0.459,1.000) 
106      362    (0)    1 :  0.992 0.008     (0.954,1.000) (0.000,0.046) 
107      364    (0)    1 :  0.046 0.954     (0.000,0.334) (0.666,1.000) 
108      366    (0)    1 :  0.270 0.730     (0.000,1.000) (0.000,1.000) 
109      376    (0)    1 :  0.985 0.015     (0.908,1.000) (0.000,0.092) 
110      377    (6)    1 :  0.697 0.303     (0.000,1.000) (0.000,1.000) 
111      378    (0)    1 :  0.952 0.048     (0.694,1.000) (0.000,0.306) 
112      388    (0)    1 :  0.015 0.985     (0.000,0.095) (0.905,1.000) 
113      391    (0)    1 :  0.463 0.537     (0.000,1.000) (0.000,1.000) 
114      401    (0)    1 :  0.786 0.214     (0.135,1.000) (0.000,0.865) 
115      406    (0)    1 :  0.045 0.955     (0.000,0.313) (0.687,1.000) 
116      412    (6)    1 :  0.071 0.929     (0.000,0.528) (0.472,1.000) 
117      413    (0)    1 :  0.014 0.986     (0.000,0.086) (0.914,1.000) 
118      421    (0)    1 :  0.927 0.073     (0.531,1.000) (0.000,0.469) 
119      423    (0)    1 :  0.902 0.098     (0.321,1.000) (0.000,0.679) 
120      424    (0)    1 :  0.040 0.960     (0.000,0.248) (0.752,1.000) 
121      426    (0)    1 :  0.959 0.041     (0.721,1.000) (0.000,0.279) 
122      430   (12)    1 :  0.045 0.955     (0.000,0.302) (0.698,1.000) 
123      435    (0)    1 :  0.011 0.989     (0.000,0.065) (0.935,1.000) 
124      476    (0)    1 :  0.984 0.016     (0.894,1.000) (0.000,0.106) 
125      478    (0)    1 :  0.991 0.009     (0.944,1.000) (0.000,0.056) 
126      484    (0)    1 :  0.009 0.991     (0.000,0.056) (0.944,1.000) 
127      489    (0)    1 :  0.498 0.502     (0.000,1.000) (0.000,1.000) 
128      493    (0)    1 :  0.769 0.231     (0.000,1.000) (0.000,1.000) 
129      494    (0)    1 :  0.846 0.154     (0.000,1.000) (0.000,1.000) 
130      500    (0)    1 :  0.994 0.006     (0.968,1.000) (0.000,0.032) 
131      504    (0)    1 :  0.033 0.967     (0.000,0.234) (0.766,1.000) 
132      506    (0)    1 :  0.119 0.881     (0.000,0.591) (0.409,1.000) 


Estimated Allele Frequencies in each cluster
First column gives estimated ancestral frequencies


Locus 1 : Rsu3 
3 alleles
0.0% missing data
 164   (0.520) 0.576 0.511 
 166   (0.276) 0.140 0.359 
 170   (0.204) 0.284 0.130 

Locus 2 : Rsu5 
5 alleles
0.0% missing data
 137   (0.695) 0.902 0.698 
 135   (0.087) 0.025 0.072 
 139   (0.106) 0.060 0.069 
 133   (0.030) 0.008 0.004 
 131   (0.082) 0.006 0.156 

Locus 3 : Scv1 
5 alleles
0.0% missing data
 181   (0.467) 0.742 0.420 
 179   (0.180) 0.098 0.207 
 177   (0.132) 0.045 0.162 
 185   (0.180) 0.107 0.199 
 171   (0.041) 0.009 0.012 

Locus 4 : Rsu4 
9 alleles
0.0% missing data
 267   (0.165) 0.190 0.144 
 263   (0.336) 0.428 0.393 
 259   (0.048) 0.160 0.006 
 287   (0.171) 0.128 0.198 
 275   (0.052) 0.033 0.017 
 279   (0.085) 0.027 0.083 
 283   (0.068) 0.005 0.141 
 291   (0.037) 0.021 0.007 
 271   (0.039) 0.009 0.012 

Locus 5 : Rsu6 
5 alleles
0.0% missing data
 120   (0.259) 0.308 0.224 
 126   (0.590) 0.515 0.742 
 124   (0.070) 0.146 0.015 
 130   (0.051) 0.021 0.015 
 114   (0.030) 0.009 0.004 

Locus 6 : Scv12 
3 alleles
0.8% missing data
 198   (0.548) 0.486 0.623 
 196   (0.288) 0.237 0.294 
 200   (0.164) 0.277 0.084 

Locus 7 : Scv23 
3 alleles
0.8% missing data
 158   (0.532) 0.542 0.589 
 164   (0.199) 0.197 0.158 
 160   (0.270) 0.261 0.253 

Locus 8 : Scv13 
5 alleles
0.0% missing data
 182   (0.743) 0.857 0.782 
 180   (0.060) 0.111 0.012 
 172   (0.072) 0.006 0.115 
 184   (0.076) 0.023 0.045 
 174   (0.049) 0.003 0.046 

Locus 9 : Scv32 
18 alleles
0.0% missing data
 236   (0.040) 0.004 0.050 
 238   (0.044) 0.003 0.078 
 234   (0.161) 0.139 0.293 
 246   (0.052) 0.153 0.013 
 248   (0.080) 0.161 0.050 
 262   (0.089) 0.143 0.069 
 232   (0.146) 0.171 0.203 
 250   (0.043) 0.060 0.011 
 228   (0.028) 0.003 0.015 
 220   (0.035) 0.101 0.005 
 264   (0.052) 0.016 0.048 
 252   (0.049) 0.010 0.046 
 254   (0.040) 0.003 0.058 
 242   (0.027) 0.013 0.005 
 266   (0.030) 0.002 0.023 
 244   (0.035) 0.007 0.020 
 226   (0.024) 0.009 0.003 
 240   (0.024) 0.002 0.009 

Locus 10 : Scv8 
6 alleles
0.0% missing data
 200   (0.588) 0.752 0.619 
 202   (0.092) 0.020 0.097 
 194   (0.108) 0.095 0.064 
 204   (0.043) 0.051 0.006 
 198   (0.080) 0.075 0.030 
 188   (0.088) 0.007 0.183 

Locus 11 : Scv9 
5 alleles
0.0% missing data
 198   (0.340) 0.296 0.412 
 200   (0.293) 0.450 0.241 
 196   (0.261) 0.207 0.298 
 204   (0.077) 0.045 0.039 
 202   (0.029) 0.002 0.010 

Locus 12 : Rsu1 
6 alleles
0.0% missing data
 189   (0.261) 0.240 0.273 
 185   (0.298) 0.183 0.422 
 177   (0.085) 0.064 0.042 
 181   (0.260) 0.286 0.251 
 193   (0.049) 0.131 0.006 
 197   (0.046) 0.096 0.006 

Locus 13 : Scv14 
7 alleles
4.5% missing data
 196   (0.550) 0.802 0.566 
 198   (0.067) 0.005 0.110 
 194   (0.129) 0.096 0.099 
 202   (0.164) 0.077 0.206 
 204   (0.030) 0.008 0.005 
 190   (0.030) 0.009 0.004 
 200   (0.030) 0.002 0.010 

Locus 14 : Scv16 
7 alleles
0.0% missing data
 182   (0.408) 0.455 0.475 
 184   (0.374) 0.445 0.400 
 188   (0.072) 0.087 0.024 
 200   (0.029) 0.004 0.008 
 198   (0.048) 0.003 0.052 
 190   (0.040) 0.003 0.031 
 186   (0.029) 0.002 0.010 

Locus 15 : Scv31 
15 alleles
3.0% missing data
 193   (0.123) 0.149 0.136 
 201   (0.082) 0.077 0.065 
 187   (0.083) 0.201 0.044 
 207   (0.038) 0.117 0.005 
 195   (0.083) 0.055 0.081 
 185   (0.149) 0.094 0.264 
 189   (0.051) 0.089 0.019 
 205   (0.025) 0.003 0.009 
 191   (0.153) 0.165 0.218 
 197   (0.051) 0.015 0.045 
 199   (0.042) 0.004 0.052 
 203   (0.032) 0.003 0.025 
 209   (0.029) 0.002 0.017 
 213   (0.029) 0.003 0.017 
 181   (0.030) 0.023 0.004 

Locus 16 : Scv6 
8 alleles
0.0% missing data
 191   (0.097) 0.155 0.044 
 195   (0.357) 0.492 0.416 
 197   (0.214) 0.256 0.220 
 201   (0.082) 0.022 0.087 
 205   (0.032) 0.014 0.005 
 193   (0.092) 0.021 0.122 
 199   (0.091) 0.032 0.093 
 181   (0.033) 0.007 0.013 

Values of parameters used in structure:
DATAFILE=M:\STRUCTURE\Squirrel_132_ID_16L_20250816\project_data,	OUTFILE=M:\STRUCTURE\Squirrel_132_ID_16L_20250816\10k_Burnin_100k_MCMC\Results\10k_Burnin_100k_MCMC_run_29,	NUMINDS=132,	NUMLOCI=16,	MISSING=-9,	LABEL=1,	POPDATA=1,	POPFLAG=0,	PHENOTYPE=0,	EXTRACOLS=1,	MAXPOPS=2,	BURNIN=10000,	NUMREPS=100000,	USEPOPINFO=0,	INFERALPHA=1,	INFERLAMBDA=1,	POPSPECIFICLAMBDA=0,	POPALPHAS=0,	COMPUTEPROB=1,	NOADMIX=0,	ADMBURNIN=2500,	UPDATEFREQ=1,	PRINTLIKES=0,	INTERMEDSAVE=0,	PRINTKLD=0,	PRINTNET=0,	PRINTLAMBDA=0,	ANCESTDIST=1,	NUMBOXES=1000,	ANCESTPINT=0.90000,	GENSBACK=2,	MIGRPRIOR=0.05000,	PRINTQHAT=1,	PRINTQSUM=0,	ALPHA=1.0000,	FREQSCORR=1,	FPRIORMEAN=0.0100,	FPRIORSD=0.0500,	ONEFST=0,	LAMBDA=1.0000,	UNIFPRIORALPHA=1,	ALPHAMAX=10.0000,	ALPHAPRIORA=1.0000,	ALPHAPRIORB=2.0000,	ALPHAPROPSD=0.0250,	STARTATPOPINFO=0,	RANDOMIZE=1,	LINKAGE=0,	METROFREQ=10,	REPORTHITRATE=0,	MARKOVPHASE=-1,	PHASED=0,	PLOIDY=2,	PHASEINFO=0	LOCPRIOR=0, 	LOCPRIORINIT=1.000000, 	LOCDATA=0, 	LOCISPOP=0, 	LOCPRIORSTEP=0.100000, 	MAXLOCPRIOR=20.000000, 	SEED=1763742146,	
[STRAT parameters]:    NUMSIMSTATS=1000,	PHENOTYPECOL=-9,	POOLFREQ=10,	LOCUSxONLY=0,	EMERROR=0.00100,	MISSINGPHENO=-9,	