

----------------------------------------------------
STRUCTURE by Pritchard, Stephens and Donnelly (2000)
     and Falush, Stephens and Pritchard (2003)
       Code by Pritchard, Falush and Hubisz
             Version 2.3.4 (Jul 2012)
----------------------------------------------------



Command line arguments:   bin\structure -m M:\STRUCTURE\Squirrel_132_ID_16L_20250816\10k_Burnin_100k_MCMC\mainparams -e M:\STRUCTURE\Squirrel_132_ID_16L_20250816\10k_Burnin_100k_MCMC\extraparams 
Input File:    M:\STRUCTURE\Squirrel_132_ID_16L_20250816\project_data

Run parameters:
   132 individuals
   16 loci
   10 populations assumed
   10000 Burn-in period
   100000 Reps


--------------------------------------------
Proportion of membership of each pre-defined
 population in each of the 10 clusters

Given    Inferred Clusters                                                        Number of
 Pop       1      2      3      4      5      6      7      8      9     10      Individuals

  1:     0.093  0.096  0.091  0.102  0.100  0.087  0.133  0.084  0.107  0.107      132
--------------------------------------------

Allele-freq. divergence among pops (Net nucleotide distance),
computed using point estimates of P.

      1       2       3       4       5       6       7       8       9      10      
 1      -    0.0869  0.0553  0.1037  0.1201  0.0933  0.1256  0.1562  0.0873  0.1437  
 2   0.0869     -    0.0273  0.0571  0.0817  0.0834  0.0580  0.0675  0.0666  0.1013  
 3   0.0553  0.0273     -    0.0223  0.0718  0.0603  0.0549  0.0763  0.0411  0.0719  
 4   0.1037  0.0571  0.0223     -    0.1115  0.1039  0.0880  0.0847  0.0902  0.1064  
 5   0.1201  0.0817  0.0718  0.1115     -    0.1210  0.0919  0.1477  0.0991  0.1773  
 6   0.0933  0.0834  0.0603  0.1039  0.1210     -    0.1302  0.1526  0.0932  0.1127  
 7   0.1256  0.0580  0.0549  0.0880  0.0919  0.1302     -    0.1252  0.1208  0.1437  
 8   0.1562  0.0675  0.0763  0.0847  0.1477  0.1526  0.1252     -    0.1135  0.1587  
 9   0.0873  0.0666  0.0411  0.0902  0.0991  0.0932  0.1208  0.1135     -    0.0999  
10   0.1437  0.1013  0.0719  0.1064  0.1773  0.1127  0.1437  0.1587  0.0999     -    

Average distances (expected heterozygosity) between individuals in same cluster:
cluster  1  : 0.5738 
cluster  2  : 0.5420 
cluster  3  : 0.6605 
cluster  4  : 0.6167 
cluster  5  : 0.4329 
cluster  6  : 0.4820 
cluster  7  : 0.5038 
cluster  8  : 0.4260 
cluster  9  : 0.5327 
cluster 10  : 0.5067 

--------------------------------------------
Estimated Ln Prob of Data   = -4692.3
Mean value of ln likelihood = -4328.0
Variance of ln likelihood   = 728.6
Mean value of alpha         = 0.0479

Mean value of lambda        = 0.9745

Mean value of Fst_1         = 0.2282
Mean value of Fst_2         = 0.2903
Mean value of Fst_3         = 0.0038
Mean value of Fst_4         = 0.1161
Mean value of Fst_5         = 0.3364
Mean value of Fst_6         = 0.3013
Mean value of Fst_7         = 0.2667
Mean value of Fst_8         = 0.3857
Mean value of Fst_9         = 0.2522
Mean value of Fst_10         = 0.2878


Inferred ancestry of individuals:
        Label (%Miss) Pop:  Inferred clusters (and 90% probability intervals)
  1       1*    (0)    1 :  0.005 0.021 0.062 0.640 0.037 0.009 0.009 0.014 0.191 0.012     (0.000,0.028) (0.000,0.095) (0.000,0.531) (0.000,0.995) (0.000,0.252) (0.000,0.053) (0.000,0.055) (0.000,0.095) (0.000,0.588) (0.000,0.073) 
  2        3    (0)    1 :  0.005 0.411 0.008 0.007 0.006 0.008 0.007 0.531 0.007 0.008     (0.000,0.029) (0.000,0.999) (0.000,0.042) (0.000,0.038) (0.000,0.036) (0.000,0.048) (0.000,0.041) (0.000,1.000) (0.000,0.043) (0.000,0.049) 
  3        6    (0)    1 :  0.009 0.583 0.011 0.005 0.008 0.010 0.016 0.317 0.029 0.013     (0.000,0.051) (0.000,1.000) (0.000,0.058) (0.000,0.028) (0.000,0.044) (0.000,0.058) (0.000,0.106) (0.000,0.996) (0.000,0.201) (0.000,0.084) 
  4        8    (0)    1 :  0.004 0.134 0.014 0.013 0.025 0.013 0.766 0.005 0.006 0.020     (0.000,0.021) (0.000,0.589) (0.000,0.090) (0.000,0.086) (0.000,0.172) (0.000,0.086) (0.322,1.000) (0.000,0.029) (0.000,0.035) (0.000,0.143) 
  5       10    (0)    1 :  0.005 0.006 0.008 0.008 0.819 0.004 0.131 0.011 0.005 0.003     (0.000,0.029) (0.000,0.031) (0.000,0.046) (0.000,0.045) (0.438,1.000) (0.000,0.022) (0.000,0.511) (0.000,0.072) (0.000,0.029) (0.000,0.019) 
  6       11    (0)    1 :  0.033 0.068 0.605 0.121 0.018 0.034 0.023 0.053 0.037 0.008     (0.000,0.233) (0.000,0.581) (0.000,1.000) (0.000,0.774) (0.000,0.124) (0.000,0.245) (0.000,0.157) (0.000,0.353) (0.000,0.267) (0.000,0.048) 
  7       12    (0)    1 :  0.005 0.006 0.006 0.004 0.944 0.007 0.009 0.005 0.009 0.005     (0.000,0.027) (0.000,0.033) (0.000,0.031) (0.000,0.024) (0.773,1.000) (0.000,0.041) (0.000,0.055) (0.000,0.029) (0.000,0.051) (0.000,0.029) 
  8       16    (6)    1 :  0.005 0.597 0.007 0.006 0.008 0.006 0.011 0.351 0.006 0.005     (0.000,0.025) (0.000,1.000) (0.000,0.036) (0.000,0.030) (0.000,0.045) (0.000,0.036) (0.000,0.064) (0.000,0.999) (0.000,0.033) (0.000,0.027) 
  9       18    (0)    1 :  0.004 0.008 0.010 0.937 0.006 0.009 0.007 0.009 0.004 0.006     (0.000,0.023) (0.000,0.048) (0.000,0.051) (0.753,1.000) (0.000,0.036) (0.000,0.054) (0.000,0.043) (0.000,0.054) (0.000,0.020) (0.000,0.033) 
 10       19    (0)    1 :  0.052 0.032 0.738 0.089 0.010 0.012 0.025 0.016 0.008 0.019     (0.000,0.348) (0.000,0.168) (0.000,1.000) (0.000,0.682) (0.000,0.059) (0.000,0.071) (0.000,0.176) (0.000,0.103) (0.000,0.043) (0.000,0.122) 
 11       21    (6)    1 :  0.006 0.583 0.008 0.006 0.007 0.009 0.026 0.342 0.007 0.005     (0.000,0.034) (0.000,1.000) (0.000,0.047) (0.000,0.033) (0.000,0.043) (0.000,0.050) (0.000,0.167) (0.000,0.998) (0.000,0.042) (0.000,0.031) 
 12       23    (6)    1 :  0.025 0.022 0.040 0.011 0.558 0.102 0.027 0.009 0.193 0.013     (0.000,0.174) (0.000,0.159) (0.000,0.274) (0.000,0.065) (0.000,0.978) (0.000,0.482) (0.000,0.195) (0.000,0.052) (0.000,0.769) (0.000,0.083) 
 13       24    (6)    1 :  0.034 0.022 0.350 0.051 0.381 0.010 0.110 0.011 0.022 0.008     (0.000,0.233) (0.000,0.142) (0.000,0.991) (0.000,0.359) (0.000,0.957) (0.000,0.058) (0.000,0.591) (0.000,0.070) (0.000,0.139) (0.000,0.047) 
 14       25    (6)    1 :  0.006 0.144 0.052 0.011 0.545 0.022 0.027 0.015 0.171 0.008     (0.000,0.033) (0.000,0.489) (0.000,0.382) (0.000,0.065) (0.037,0.959) (0.000,0.150) (0.000,0.197) (0.000,0.095) (0.000,0.670) (0.000,0.046) 
 15      26*    (0)    1 :  0.005 0.032 0.026 0.018 0.171 0.006 0.603 0.118 0.015 0.006     (0.000,0.026) (0.000,0.228) (0.000,0.180) (0.000,0.126) (0.000,0.572) (0.000,0.031) (0.000,0.990) (0.000,0.519) (0.000,0.108) (0.000,0.032) 
 16       28    (0)    1 :  0.006 0.415 0.014 0.009 0.256 0.007 0.233 0.039 0.016 0.006     (0.000,0.033) (0.000,0.983) (0.000,0.081) (0.000,0.051) (0.000,0.939) (0.000,0.042) (0.000,0.986) (0.000,0.320) (0.000,0.101) (0.000,0.034) 
 17       29    (0)    1 :  0.006 0.008 0.011 0.014 0.841 0.006 0.097 0.006 0.006 0.005     (0.000,0.034) (0.000,0.049) (0.000,0.063) (0.000,0.097) (0.432,1.000) (0.000,0.033) (0.000,0.505) (0.000,0.034) (0.000,0.032) (0.000,0.031) 
 18       30    (0)    1 :  0.008 0.050 0.050 0.016 0.132 0.006 0.335 0.090 0.028 0.285     (0.000,0.046) (0.000,0.349) (0.000,0.383) (0.000,0.091) (0.000,0.664) (0.000,0.035) (0.000,0.794) (0.000,0.487) (0.000,0.201) (0.000,0.617) 
 19       33    (0)    1 :  0.092 0.018 0.103 0.735 0.005 0.005 0.005 0.006 0.017 0.013     (0.000,0.405) (0.000,0.052) (0.000,0.904) (0.000,1.000) (0.000,0.031) (0.000,0.029) (0.000,0.030) (0.000,0.037) (0.000,0.119) (0.000,0.085) 
 20       37    (0)    1 :  0.010 0.011 0.015 0.886 0.034 0.008 0.007 0.014 0.009 0.006     (0.000,0.064) (0.000,0.064) (0.000,0.082) (0.596,1.000) (0.000,0.241) (0.000,0.051) (0.000,0.041) (0.000,0.092) (0.000,0.057) (0.000,0.032) 
 21       38    (0)    1 :  0.005 0.015 0.031 0.893 0.017 0.005 0.014 0.011 0.004 0.005     (0.000,0.029) (0.000,0.076) (0.000,0.188) (0.587,1.000) (0.000,0.123) (0.000,0.029) (0.000,0.090) (0.000,0.071) (0.000,0.022) (0.000,0.026) 
 22       43    (0)    1 :  0.008 0.091 0.014 0.009 0.746 0.005 0.088 0.019 0.016 0.005     (0.000,0.047) (0.000,0.420) (0.000,0.083) (0.000,0.054) (0.394,0.998) (0.000,0.029) (0.000,0.448) (0.000,0.140) (0.000,0.108) (0.000,0.033) 
 23       44    (0)    1 :  0.005 0.297 0.028 0.009 0.007 0.040 0.333 0.221 0.007 0.052     (0.000,0.030) (0.000,0.977) (0.000,0.178) (0.000,0.055) (0.000,0.043) (0.000,0.293) (0.000,0.848) (0.000,0.626) (0.000,0.041) (0.000,0.336) 
 24       48    (0)    1 :  0.004 0.008 0.008 0.937 0.006 0.007 0.005 0.015 0.004 0.005     (0.000,0.020) (0.000,0.044) (0.000,0.045) (0.747,1.000) (0.000,0.035) (0.000,0.040) (0.000,0.030) (0.000,0.100) (0.000,0.024) (0.000,0.030) 
 25       55    (0)    1 :  0.010 0.404 0.037 0.011 0.011 0.016 0.349 0.093 0.053 0.014     (0.000,0.062) (0.000,0.962) (0.000,0.259) (0.000,0.069) (0.000,0.062) (0.000,0.108) (0.000,0.973) (0.000,0.559) (0.000,0.335) (0.000,0.098) 
 26       59    (0)    1 :  0.004 0.026 0.005 0.005 0.004 0.005 0.005 0.933 0.006 0.006     (0.000,0.022) (0.000,0.198) (0.000,0.028) (0.000,0.031) (0.000,0.022) (0.000,0.028) (0.000,0.030) (0.721,1.000) (0.000,0.037) (0.000,0.038) 
 27       60    (0)    1 :  0.010 0.006 0.011 0.010 0.029 0.009 0.004 0.008 0.905 0.006     (0.000,0.063) (0.000,0.036) (0.000,0.064) (0.000,0.061) (0.000,0.207) (0.000,0.056) (0.000,0.024) (0.000,0.050) (0.648,1.000) (0.000,0.035) 
 28       61    (0)    1 :  0.456 0.015 0.024 0.009 0.008 0.144 0.010 0.020 0.255 0.060     (0.000,0.967) (0.000,0.089) (0.000,0.152) (0.000,0.051) (0.000,0.046) (0.000,0.725) (0.000,0.059) (0.000,0.139) (0.000,0.845) (0.000,0.363) 
 29       62    (0)    1 :  0.082 0.036 0.040 0.017 0.059 0.668 0.008 0.013 0.061 0.016     (0.000,0.510) (0.000,0.265) (0.000,0.281) (0.000,0.111) (0.000,0.385) (0.081,0.998) (0.000,0.050) (0.000,0.084) (0.000,0.397) (0.000,0.106) 
 30       65    (0)    1 :  0.014 0.017 0.186 0.709 0.007 0.007 0.010 0.005 0.019 0.025     (0.000,0.094) (0.000,0.064) (0.000,0.974) (0.000,1.000) (0.000,0.042) (0.000,0.041) (0.000,0.066) (0.000,0.029) (0.000,0.132) (0.000,0.169) 
 31       73    (0)    1 :  0.005 0.015 0.011 0.007 0.129 0.019 0.008 0.005 0.042 0.759     (0.000,0.027) (0.000,0.091) (0.000,0.066) (0.000,0.038) (0.000,0.453) (0.000,0.135) (0.000,0.044) (0.000,0.029) (0.000,0.307) (0.414,0.999) 
 32       75    (0)    1 :  0.890 0.006 0.017 0.011 0.005 0.005 0.009 0.011 0.005 0.041     (0.612,1.000) (0.000,0.039) (0.000,0.096) (0.000,0.068) (0.000,0.026) (0.000,0.030) (0.000,0.056) (0.000,0.074) (0.000,0.027) (0.000,0.259) 
 33       76    (0)    1 :  0.919 0.007 0.008 0.005 0.012 0.020 0.005 0.007 0.012 0.006     (0.688,1.000) (0.000,0.043) (0.000,0.043) (0.000,0.025) (0.000,0.083) (0.000,0.109) (0.000,0.026) (0.000,0.039) (0.000,0.072) (0.000,0.032) 
 34       77    (0)    1 :  0.823 0.006 0.009 0.007 0.010 0.011 0.005 0.010 0.116 0.004     (0.227,1.000) (0.000,0.032) (0.000,0.056) (0.000,0.039) (0.000,0.059) (0.000,0.071) (0.000,0.027) (0.000,0.060) (0.000,0.699) (0.000,0.024) 
 35       78    (0)    1 :  0.335 0.021 0.037 0.014 0.016 0.036 0.011 0.008 0.038 0.485     (0.000,0.818) (0.000,0.111) (0.000,0.259) (0.000,0.088) (0.000,0.111) (0.000,0.266) (0.000,0.066) (0.000,0.049) (0.000,0.284) (0.000,0.957) 
 36       79    (0)    1 :  0.785 0.009 0.048 0.011 0.005 0.048 0.007 0.006 0.009 0.072     (0.308,1.000) (0.000,0.048) (0.000,0.314) (0.000,0.072) (0.000,0.030) (0.000,0.315) (0.000,0.047) (0.000,0.033) (0.000,0.051) (0.000,0.384) 
 37       84    (0)    1 :  0.011 0.461 0.034 0.010 0.055 0.108 0.057 0.217 0.030 0.017     (0.000,0.068) (0.000,0.991) (0.000,0.248) (0.000,0.063) (0.000,0.366) (0.000,0.451) (0.000,0.312) (0.000,0.777) (0.000,0.218) (0.000,0.117) 
 38       85    (0)    1 :  0.007 0.275 0.029 0.010 0.008 0.015 0.619 0.013 0.011 0.013     (0.000,0.040) (0.000,0.995) (0.000,0.174) (0.000,0.058) (0.000,0.045) (0.000,0.095) (0.000,1.000) (0.000,0.085) (0.000,0.071) (0.000,0.091) 
 39       86    (0)    1 :  0.011 0.165 0.165 0.009 0.014 0.014 0.582 0.006 0.012 0.021     (0.000,0.065) (0.000,0.906) (0.000,0.927) (0.000,0.055) (0.000,0.100) (0.000,0.088) (0.000,0.999) (0.000,0.036) (0.000,0.075) (0.000,0.155) 
 40       89    (0)    1 :  0.016 0.287 0.049 0.016 0.176 0.175 0.009 0.224 0.039 0.009     (0.000,0.102) (0.000,0.839) (0.000,0.362) (0.000,0.103) (0.000,0.593) (0.000,0.601) (0.000,0.051) (0.000,0.737) (0.000,0.282) (0.000,0.052) 
 41       94    (0)    1 :  0.006 0.009 0.011 0.031 0.894 0.010 0.009 0.019 0.007 0.005     (0.000,0.032) (0.000,0.056) (0.000,0.070) (0.000,0.225) (0.622,1.000) (0.000,0.062) (0.000,0.052) (0.000,0.135) (0.000,0.041) (0.000,0.027) 
 42       95    (0)    1 :  0.005 0.006 0.007 0.008 0.005 0.005 0.009 0.938 0.011 0.006     (0.000,0.026) (0.000,0.034) (0.000,0.038) (0.000,0.045) (0.000,0.031) (0.000,0.026) (0.000,0.051) (0.752,1.000) (0.000,0.074) (0.000,0.034) 
 43       96    (0)    1 :  0.007 0.009 0.006 0.004 0.008 0.008 0.945 0.004 0.004 0.005     (0.000,0.039) (0.000,0.049) (0.000,0.032) (0.000,0.025) (0.000,0.047) (0.000,0.045) (0.780,1.000) (0.000,0.022) (0.000,0.022) (0.000,0.027) 
 44       98    (0)    1 :  0.028 0.010 0.017 0.006 0.009 0.046 0.007 0.005 0.793 0.078     (0.000,0.159) (0.000,0.041) (0.000,0.091) (0.000,0.030) (0.000,0.052) (0.000,0.310) (0.000,0.040) (0.000,0.029) (0.000,1.000) (0.000,0.724) 
 45      102    (0)    1 :  0.010 0.038 0.593 0.278 0.020 0.014 0.005 0.018 0.014 0.009     (0.000,0.066) (0.000,0.265) (0.000,0.999) (0.000,0.958) (0.000,0.141) (0.000,0.094) (0.000,0.030) (0.000,0.129) (0.000,0.087) (0.000,0.054) 
 46      105    (0)    1 :  0.004 0.004 0.005 0.007 0.004 0.005 0.004 0.005 0.004 0.957     (0.000,0.020) (0.000,0.024) (0.000,0.026) (0.000,0.043) (0.000,0.024) (0.000,0.029) (0.000,0.023) (0.000,0.029) (0.000,0.023) (0.832,1.000) 
 47      106    (0)    1 :  0.321 0.054 0.248 0.017 0.005 0.156 0.010 0.071 0.018 0.101     (0.000,0.811) (0.000,0.348) (0.000,0.977) (0.000,0.119) (0.000,0.026) (0.000,0.616) (0.000,0.058) (0.000,0.353) (0.000,0.115) (0.000,0.525) 
 48      108    (0)    1 :  0.027 0.010 0.038 0.053 0.008 0.007 0.008 0.007 0.035 0.805     (0.000,0.193) (0.000,0.064) (0.000,0.269) (0.000,0.328) (0.000,0.052) (0.000,0.042) (0.000,0.052) (0.000,0.036) (0.000,0.219) (0.469,0.999) 
 49      109    (0)    1 :  0.046 0.028 0.096 0.010 0.007 0.024 0.025 0.010 0.160 0.594     (0.000,0.301) (0.000,0.154) (0.000,0.658) (0.000,0.060) (0.000,0.043) (0.000,0.165) (0.000,0.180) (0.000,0.062) (0.000,0.756) (0.000,0.999) 
 50      112    (0)    1 :  0.111 0.090 0.194 0.021 0.048 0.298 0.083 0.013 0.133 0.008     (0.000,0.650) (0.000,0.622) (0.000,0.941) (0.000,0.134) (0.000,0.344) (0.000,0.907) (0.000,0.449) (0.000,0.086) (0.000,0.625) (0.000,0.050) 
 51      115    (0)    1 :  0.016 0.037 0.650 0.127 0.053 0.009 0.007 0.015 0.065 0.020     (0.000,0.108) (0.000,0.219) (0.000,1.000) (0.000,0.815) (0.000,0.337) (0.000,0.046) (0.000,0.041) (0.000,0.098) (0.000,0.444) (0.000,0.136) 
 52      116    (0)    1 :  0.006 0.279 0.051 0.019 0.013 0.056 0.541 0.008 0.005 0.021     (0.000,0.033) (0.000,0.989) (0.000,0.348) (0.000,0.134) (0.000,0.073) (0.000,0.383) (0.000,0.999) (0.000,0.049) (0.000,0.027) (0.000,0.155) 
 53      117    (0)    1 :  0.014 0.475 0.018 0.013 0.162 0.015 0.143 0.115 0.033 0.011     (0.000,0.085) (0.000,0.998) (0.000,0.113) (0.000,0.091) (0.000,0.887) (0.000,0.093) (0.000,0.602) (0.000,0.675) (0.000,0.260) (0.000,0.073) 
 54      129    (0)    1 :  0.004 0.052 0.009 0.008 0.008 0.004 0.838 0.066 0.006 0.005     (0.000,0.022) (0.000,0.326) (0.000,0.051) (0.000,0.051) (0.000,0.044) (0.000,0.025) (0.482,1.000) (0.000,0.384) (0.000,0.037) (0.000,0.026) 
 55      132    (0)    1 :  0.012 0.014 0.039 0.043 0.144 0.014 0.006 0.023 0.696 0.009     (0.000,0.077) (0.000,0.083) (0.000,0.269) (0.000,0.292) (0.000,0.560) (0.000,0.095) (0.000,0.034) (0.000,0.165) (0.202,0.999) (0.000,0.050) 
 56      133    (0)    1 :  0.041 0.009 0.009 0.005 0.007 0.036 0.004 0.005 0.811 0.074     (0.000,0.274) (0.000,0.040) (0.000,0.046) (0.000,0.027) (0.000,0.037) (0.000,0.193) (0.000,0.021) (0.000,0.027) (0.000,1.000) (0.000,0.665) 
 57      137    (6)    1 :  0.439 0.013 0.023 0.010 0.018 0.031 0.010 0.016 0.430 0.009     (0.000,0.986) (0.000,0.084) (0.000,0.142) (0.000,0.062) (0.000,0.125) (0.000,0.211) (0.000,0.059) (0.000,0.108) (0.000,0.982) (0.000,0.052) 
 58      139    (0)    1 :  0.901 0.008 0.022 0.011 0.008 0.008 0.016 0.010 0.006 0.011     (0.638,1.000) (0.000,0.047) (0.000,0.131) (0.000,0.066) (0.000,0.048) (0.000,0.045) (0.000,0.114) (0.000,0.064) (0.000,0.032) (0.000,0.068) 
 59      140    (0)    1 :  0.037 0.023 0.022 0.009 0.005 0.039 0.009 0.016 0.090 0.750     (0.000,0.239) (0.000,0.165) (0.000,0.143) (0.000,0.051) (0.000,0.031) (0.000,0.264) (0.000,0.053) (0.000,0.110) (0.000,0.524) (0.307,1.000) 
 60      142    (0)    1 :  0.504 0.022 0.017 0.008 0.012 0.365 0.005 0.022 0.034 0.011     (0.000,0.975) (0.000,0.163) (0.000,0.101) (0.000,0.046) (0.000,0.075) (0.000,0.946) (0.000,0.029) (0.000,0.159) (0.000,0.246) (0.000,0.068) 
 61      144    (0)    1 :  0.005 0.004 0.005 0.004 0.004 0.006 0.003 0.008 0.009 0.952     (0.000,0.029) (0.000,0.024) (0.000,0.026) (0.000,0.024) (0.000,0.021) (0.000,0.031) (0.000,0.019) (0.000,0.055) (0.000,0.054) (0.811,1.000) 
 62      145    (0)    1 :  0.011 0.006 0.006 0.006 0.004 0.947 0.003 0.004 0.007 0.006     (0.000,0.067) (0.000,0.037) (0.000,0.030) (0.000,0.036) (0.000,0.020) (0.785,1.000) (0.000,0.018) (0.000,0.021) (0.000,0.038) (0.000,0.037) 
 63      147    (0)    1 :  0.038 0.010 0.012 0.007 0.005 0.016 0.008 0.004 0.009 0.890     (0.000,0.261) (0.000,0.053) (0.000,0.071) (0.000,0.043) (0.000,0.027) (0.000,0.110) (0.000,0.048) (0.000,0.024) (0.000,0.057) (0.589,1.000) 
 64      160    (0)    1 :  0.005 0.008 0.007 0.008 0.939 0.005 0.008 0.008 0.006 0.004     (0.000,0.030) (0.000,0.047) (0.000,0.036) (0.000,0.051) (0.764,1.000) (0.000,0.028) (0.000,0.048) (0.000,0.050) (0.000,0.033) (0.000,0.025) 
 65     162*    (0)    1 :  0.006 0.008 0.005 0.005 0.010 0.008 0.945 0.004 0.005 0.005     (0.000,0.034) (0.000,0.046) (0.000,0.030) (0.000,0.025) (0.000,0.056) (0.000,0.048) (0.777,1.000) (0.000,0.020) (0.000,0.025) (0.000,0.027) 
 66      166    (0)    1 :  0.014 0.010 0.008 0.006 0.005 0.008 0.006 0.017 0.911 0.015     (0.000,0.085) (0.000,0.061) (0.000,0.048) (0.000,0.034) (0.000,0.030) (0.000,0.041) (0.000,0.037) (0.000,0.121) (0.666,1.000) (0.000,0.089) 
 67      177    (0)    1 :  0.960 0.004 0.005 0.004 0.005 0.005 0.005 0.004 0.005 0.003     (0.840,1.000) (0.000,0.024) (0.000,0.028) (0.000,0.022) (0.000,0.026) (0.000,0.030) (0.000,0.028) (0.000,0.021) (0.000,0.026) (0.000,0.018) 
 68      178    (0)    1 :  0.773 0.018 0.028 0.010 0.038 0.014 0.015 0.006 0.063 0.036     (0.369,0.999) (0.000,0.126) (0.000,0.187) (0.000,0.058) (0.000,0.267) (0.000,0.082) (0.000,0.098) (0.000,0.034) (0.000,0.421) (0.000,0.249) 
 69      186    (0)    1 :  0.004 0.596 0.004 0.005 0.005 0.005 0.005 0.367 0.005 0.004     (0.000,0.021) (0.000,1.000) (0.000,0.024) (0.000,0.025) (0.000,0.028) (0.000,0.025) (0.000,0.027) (0.000,1.000) (0.000,0.028) (0.000,0.021) 
 70      189    (0)    1 :  0.008 0.288 0.010 0.009 0.017 0.041 0.610 0.008 0.004 0.004     (0.000,0.051) (0.000,0.997) (0.000,0.057) (0.000,0.048) (0.000,0.123) (0.000,0.297) (0.000,1.000) (0.000,0.049) (0.000,0.023) (0.000,0.021) 
 71      190    (0)    1 :  0.015 0.063 0.028 0.016 0.079 0.018 0.708 0.030 0.034 0.010     (0.000,0.100) (0.000,0.386) (0.000,0.201) (0.000,0.106) (0.000,0.508) (0.000,0.125) (0.248,0.998) (0.000,0.224) (0.000,0.241) (0.000,0.060) 
 72      191    (0)    1 :  0.016 0.592 0.024 0.011 0.014 0.099 0.083 0.119 0.009 0.032     (0.000,0.108) (0.000,0.992) (0.000,0.162) (0.000,0.064) (0.000,0.092) (0.000,0.481) (0.000,0.576) (0.000,0.652) (0.000,0.056) (0.000,0.229) 
 73      193    (0)    1 :  0.012 0.017 0.010 0.010 0.012 0.880 0.008 0.030 0.012 0.008     (0.000,0.075) (0.000,0.115) (0.000,0.060) (0.000,0.061) (0.000,0.075) (0.593,1.000) (0.000,0.045) (0.000,0.212) (0.000,0.066) (0.000,0.050) 
 74      202    (0)    1 :  0.007 0.014 0.316 0.020 0.307 0.038 0.259 0.006 0.025 0.008     (0.000,0.040) (0.000,0.078) (0.000,0.965) (0.000,0.137) (0.000,0.758) (0.000,0.265) (0.000,0.715) (0.000,0.035) (0.000,0.170) (0.000,0.047) 
 75      204    (0)    1 :  0.004 0.014 0.005 0.004 0.007 0.004 0.907 0.045 0.004 0.005     (0.000,0.020) (0.000,0.088) (0.000,0.029) (0.000,0.024) (0.000,0.043) (0.000,0.024) (0.625,1.000) (0.000,0.299) (0.000,0.023) (0.000,0.025) 
 76      211    (0)    1 :  0.053 0.013 0.068 0.022 0.162 0.026 0.019 0.011 0.522 0.105     (0.000,0.292) (0.000,0.076) (0.000,0.490) (0.000,0.147) (0.000,0.630) (0.000,0.185) (0.000,0.140) (0.000,0.065) (0.000,0.981) (0.000,0.624) 
 77      216    (0)    1 :  0.028 0.006 0.015 0.006 0.014 0.014 0.005 0.005 0.412 0.496     (0.000,0.180) (0.000,0.035) (0.000,0.092) (0.000,0.031) (0.000,0.091) (0.000,0.085) (0.000,0.026) (0.000,0.029) (0.000,0.876) (0.000,0.986) 
 78      222    (0)    1 :  0.011 0.134 0.090 0.033 0.005 0.186 0.007 0.009 0.024 0.502     (0.000,0.063) (0.000,0.789) (0.000,0.632) (0.000,0.243) (0.000,0.026) (0.000,0.771) (0.000,0.041) (0.000,0.063) (0.000,0.152) (0.000,0.994) 
 79      224    (0)    1 :  0.007 0.351 0.029 0.018 0.018 0.083 0.466 0.009 0.006 0.013     (0.000,0.039) (0.000,0.998) (0.000,0.161) (0.000,0.111) (0.000,0.124) (0.000,0.534) (0.000,0.999) (0.000,0.056) (0.000,0.035) (0.000,0.086) 
 80      226    (0)    1 :  0.004 0.016 0.013 0.007 0.004 0.004 0.008 0.932 0.008 0.004     (0.000,0.023) (0.000,0.099) (0.000,0.090) (0.000,0.041) (0.000,0.023) (0.000,0.023) (0.000,0.045) (0.724,1.000) (0.000,0.045) (0.000,0.020) 
 81      229    (0)    1 :  0.019 0.039 0.114 0.018 0.057 0.088 0.598 0.006 0.035 0.027     (0.000,0.130) (0.000,0.276) (0.000,0.755) (0.000,0.122) (0.000,0.412) (0.000,0.373) (0.000,0.953) (0.000,0.033) (0.000,0.246) (0.000,0.198) 
 82      230    (0)    1 :  0.051 0.025 0.032 0.010 0.024 0.008 0.804 0.019 0.010 0.016     (0.000,0.296) (0.000,0.168) (0.000,0.227) (0.000,0.061) (0.000,0.167) (0.000,0.048) (0.439,0.999) (0.000,0.136) (0.000,0.067) (0.000,0.110) 
 83      232    (0)    1 :  0.050 0.050 0.109 0.013 0.410 0.166 0.076 0.052 0.057 0.018     (0.000,0.333) (0.000,0.339) (0.000,0.721) (0.000,0.076) (0.000,0.841) (0.000,0.629) (0.000,0.476) (0.000,0.316) (0.000,0.372) (0.000,0.128) 
 84      238    (0)    1 :  0.045 0.016 0.711 0.115 0.007 0.021 0.041 0.014 0.016 0.014     (0.000,0.303) (0.000,0.057) (0.000,1.000) (0.000,0.726) (0.000,0.043) (0.000,0.146) (0.000,0.281) (0.000,0.098) (0.000,0.110) (0.000,0.089) 
 85      242    (0)    1 :  0.004 0.018 0.029 0.904 0.004 0.007 0.005 0.007 0.012 0.010     (0.000,0.022) (0.000,0.057) (0.000,0.140) (0.639,1.000) (0.000,0.024) (0.000,0.038) (0.000,0.031) (0.000,0.040) (0.000,0.078) (0.000,0.062) 
 86      243    (0)    1 :  0.023 0.023 0.364 0.358 0.010 0.014 0.008 0.019 0.163 0.017     (0.000,0.166) (0.000,0.137) (0.000,0.997) (0.000,0.943) (0.000,0.059) (0.000,0.084) (0.000,0.049) (0.000,0.138) (0.000,0.623) (0.000,0.112) 
 87      244    (0)    1 :  0.156 0.022 0.517 0.245 0.009 0.012 0.010 0.005 0.017 0.007     (0.000,0.590) (0.000,0.088) (0.000,0.999) (0.000,0.834) (0.000,0.054) (0.000,0.078) (0.000,0.061) (0.000,0.026) (0.000,0.111) (0.000,0.039) 
 88      251    (0)    1 :  0.013 0.022 0.697 0.093 0.060 0.060 0.019 0.007 0.017 0.012     (0.000,0.078) (0.000,0.113) (0.000,1.000) (0.000,0.660) (0.000,0.401) (0.000,0.413) (0.000,0.127) (0.000,0.043) (0.000,0.104) (0.000,0.071) 
 89      266    (0)    1 :  0.368 0.020 0.378 0.065 0.008 0.016 0.020 0.007 0.108 0.010     (0.000,0.840) (0.000,0.104) (0.000,0.990) (0.000,0.370) (0.000,0.043) (0.000,0.094) (0.000,0.143) (0.000,0.045) (0.000,0.505) (0.000,0.064) 
 90      267    (0)    1 :  0.017 0.023 0.063 0.028 0.010 0.015 0.078 0.030 0.178 0.559     (0.000,0.116) (0.000,0.153) (0.000,0.483) (0.000,0.199) (0.000,0.061) (0.000,0.091) (0.000,0.390) (0.000,0.219) (0.000,0.697) (0.000,0.994) 
 91      268    (0)    1 :  0.326 0.011 0.022 0.008 0.044 0.011 0.005 0.005 0.439 0.130     (0.000,0.925) (0.000,0.066) (0.000,0.124) (0.000,0.043) (0.000,0.299) (0.000,0.055) (0.000,0.025) (0.000,0.026) (0.000,0.991) (0.000,0.724) 
 92      270    (0)    1 :  0.008 0.165 0.028 0.028 0.026 0.022 0.638 0.057 0.013 0.014     (0.000,0.046) (0.000,0.779) (0.000,0.170) (0.000,0.205) (0.000,0.186) (0.000,0.165) (0.000,0.999) (0.000,0.388) (0.000,0.087) (0.000,0.093) 
 93      276    (0)    1 :  0.039 0.525 0.044 0.019 0.031 0.066 0.082 0.095 0.040 0.059     (0.000,0.271) (0.000,0.990) (0.000,0.327) (0.000,0.128) (0.000,0.221) (0.000,0.414) (0.000,0.641) (0.000,0.588) (0.000,0.292) (0.000,0.367) 
 94      298    (6)    1 :  0.117 0.022 0.024 0.011 0.013 0.014 0.006 0.013 0.090 0.692     (0.000,0.506) (0.000,0.158) (0.000,0.160) (0.000,0.066) (0.000,0.086) (0.000,0.093) (0.000,0.031) (0.000,0.083) (0.000,0.527) (0.267,0.996) 
 95      306    (0)    1 :  0.008 0.010 0.021 0.012 0.006 0.312 0.005 0.006 0.609 0.012     (0.000,0.048) (0.000,0.062) (0.000,0.127) (0.000,0.073) (0.000,0.032) (0.000,0.635) (0.000,0.024) (0.000,0.033) (0.285,0.957) (0.000,0.071) 
 96      308    (0)    1 :  0.308 0.017 0.091 0.034 0.077 0.234 0.007 0.006 0.042 0.183     (0.000,0.860) (0.000,0.094) (0.000,0.663) (0.000,0.247) (0.000,0.415) (0.000,0.721) (0.000,0.042) (0.000,0.033) (0.000,0.304) (0.000,0.643) 
 97      311    (6)    1 :  0.010 0.032 0.300 0.054 0.014 0.328 0.025 0.008 0.143 0.087     (0.000,0.054) (0.000,0.153) (0.000,0.990) (0.000,0.360) (0.000,0.096) (0.000,0.967) (0.000,0.177) (0.000,0.046) (0.000,0.823) (0.000,0.625) 
 98      323    (0)    1 :  0.006 0.049 0.006 0.009 0.006 0.007 0.008 0.896 0.007 0.006     (0.000,0.037) (0.000,0.342) (0.000,0.036) (0.000,0.055) (0.000,0.032) (0.000,0.042) (0.000,0.047) (0.593,1.000) (0.000,0.037) (0.000,0.035) 
 99      327    (0)    1 :  0.007 0.054 0.066 0.016 0.276 0.012 0.510 0.013 0.035 0.010     (0.000,0.038) (0.000,0.385) (0.000,0.483) (0.000,0.105) (0.000,0.785) (0.000,0.080) (0.000,0.983) (0.000,0.084) (0.000,0.253) (0.000,0.061) 
100      334    (0)    1 :  0.009 0.022 0.436 0.431 0.009 0.024 0.008 0.005 0.033 0.022     (0.000,0.054) (0.000,0.067) (0.000,0.999) (0.000,0.998) (0.000,0.050) (0.000,0.164) (0.000,0.048) (0.000,0.027) (0.000,0.210) (0.000,0.156) 
101      338    (0)    1 :  0.013 0.035 0.117 0.011 0.031 0.328 0.016 0.015 0.213 0.222     (0.000,0.076) (0.000,0.222) (0.000,0.825) (0.000,0.061) (0.000,0.218) (0.000,0.961) (0.000,0.100) (0.000,0.098) (0.000,0.799) (0.000,0.923) 
102      341    (0)    1 :  0.007 0.073 0.011 0.012 0.007 0.009 0.010 0.842 0.024 0.006     (0.000,0.041) (0.000,0.429) (0.000,0.066) (0.000,0.073) (0.000,0.042) (0.000,0.055) (0.000,0.063) (0.462,1.000) (0.000,0.166) (0.000,0.033) 
103      346    (0)    1 :  0.352 0.009 0.016 0.008 0.033 0.018 0.008 0.013 0.536 0.006     (0.000,0.988) (0.000,0.053) (0.000,0.094) (0.000,0.041) (0.000,0.240) (0.000,0.108) (0.000,0.046) (0.000,0.078) (0.000,0.998) (0.000,0.036) 
104      348    (0)    1 :  0.209 0.027 0.073 0.021 0.007 0.120 0.008 0.006 0.024 0.505     (0.000,0.683) (0.000,0.157) (0.000,0.522) (0.000,0.149) (0.000,0.045) (0.000,0.509) (0.000,0.047) (0.000,0.032) (0.000,0.171) (0.000,0.986) 
105      351    (0)    1 :  0.014 0.032 0.228 0.300 0.048 0.015 0.007 0.018 0.330 0.008     (0.000,0.079) (0.000,0.183) (0.000,0.981) (0.000,0.983) (0.000,0.317) (0.000,0.086) (0.000,0.040) (0.000,0.126) (0.000,0.985) (0.000,0.047) 
106      362    (0)    1 :  0.006 0.013 0.009 0.006 0.021 0.008 0.900 0.025 0.006 0.006     (0.000,0.032) (0.000,0.081) (0.000,0.048) (0.000,0.037) (0.000,0.146) (0.000,0.051) (0.630,1.000) (0.000,0.178) (0.000,0.036) (0.000,0.032) 
107      364    (0)    1 :  0.010 0.012 0.042 0.819 0.013 0.027 0.005 0.014 0.048 0.009     (0.000,0.061) (0.000,0.056) (0.000,0.267) (0.409,1.000) (0.000,0.087) (0.000,0.198) (0.000,0.028) (0.000,0.095) (0.000,0.308) (0.000,0.059) 
108      366    (0)    1 :  0.011 0.024 0.151 0.670 0.013 0.007 0.052 0.009 0.034 0.028     (0.000,0.069) (0.000,0.131) (0.000,0.953) (0.000,0.999) (0.000,0.085) (0.000,0.039) (0.000,0.347) (0.000,0.053) (0.000,0.243) (0.000,0.196) 
109      376    (0)    1 :  0.014 0.545 0.014 0.007 0.026 0.034 0.015 0.322 0.016 0.006     (0.000,0.099) (0.000,0.999) (0.000,0.093) (0.000,0.041) (0.000,0.183) (0.000,0.210) (0.000,0.097) (0.000,0.988) (0.000,0.114) (0.000,0.036) 
110      377    (6)    1 :  0.009 0.198 0.078 0.012 0.237 0.310 0.087 0.015 0.017 0.037     (0.000,0.050) (0.000,0.941) (0.000,0.556) (0.000,0.070) (0.000,0.847) (0.000,0.966) (0.000,0.503) (0.000,0.103) (0.000,0.097) (0.000,0.271) 
111      378    (0)    1 :  0.015 0.019 0.008 0.004 0.894 0.021 0.007 0.007 0.016 0.008     (0.000,0.101) (0.000,0.136) (0.000,0.045) (0.000,0.024) (0.632,1.000) (0.000,0.151) (0.000,0.038) (0.000,0.042) (0.000,0.108) (0.000,0.048) 
112      388    (0)    1 :  0.012 0.031 0.051 0.018 0.024 0.039 0.014 0.010 0.391 0.411     (0.000,0.077) (0.000,0.162) (0.000,0.383) (0.000,0.121) (0.000,0.175) (0.000,0.282) (0.000,0.093) (0.000,0.067) (0.000,0.986) (0.000,0.995) 
113      391    (0)    1 :  0.009 0.064 0.109 0.011 0.186 0.123 0.008 0.291 0.178 0.022     (0.000,0.052) (0.000,0.393) (0.000,0.747) (0.000,0.066) (0.000,0.571) (0.000,0.561) (0.000,0.050) (0.000,0.713) (0.000,0.770) (0.000,0.162) 
114      401    (0)    1 :  0.112 0.033 0.376 0.061 0.011 0.065 0.298 0.025 0.012 0.008     (0.000,0.527) (0.000,0.238) (0.000,0.993) (0.000,0.408) (0.000,0.062) (0.000,0.410) (0.000,0.715) (0.000,0.173) (0.000,0.072) (0.000,0.043) 
115      406    (0)    1 :  0.023 0.028 0.101 0.027 0.017 0.118 0.011 0.089 0.493 0.092     (0.000,0.159) (0.000,0.205) (0.000,0.769) (0.000,0.190) (0.000,0.113) (0.000,0.701) (0.000,0.071) (0.000,0.494) (0.000,0.992) (0.000,0.604) 
116      412    (6)    1 :  0.013 0.026 0.048 0.013 0.028 0.351 0.017 0.016 0.428 0.061     (0.000,0.080) (0.000,0.176) (0.000,0.344) (0.000,0.077) (0.000,0.204) (0.000,0.991) (0.000,0.117) (0.000,0.105) (0.000,0.997) (0.000,0.485) 
117      413    (0)    1 :  0.018 0.011 0.031 0.043 0.006 0.854 0.011 0.003 0.010 0.013     (0.000,0.124) (0.000,0.044) (0.000,0.222) (0.000,0.264) (0.000,0.033) (0.535,1.000) (0.000,0.073) (0.000,0.017) (0.000,0.058) (0.000,0.085) 
118      421    (0)    1 :  0.018 0.333 0.116 0.013 0.010 0.264 0.189 0.012 0.031 0.015     (0.000,0.119) (0.000,0.990) (0.000,0.831) (0.000,0.073) (0.000,0.065) (0.000,0.769) (0.000,0.705) (0.000,0.076) (0.000,0.221) (0.000,0.095) 
119      423    (0)    1 :  0.007 0.288 0.063 0.027 0.013 0.307 0.211 0.049 0.007 0.030     (0.000,0.038) (0.000,0.995) (0.000,0.504) (0.000,0.191) (0.000,0.082) (0.000,0.888) (0.000,0.829) (0.000,0.279) (0.000,0.038) (0.000,0.219) 
120      424    (0)    1 :  0.011 0.041 0.041 0.027 0.020 0.386 0.009 0.154 0.292 0.018     (0.000,0.069) (0.000,0.301) (0.000,0.286) (0.000,0.194) (0.000,0.130) (0.000,0.960) (0.000,0.050) (0.000,0.630) (0.000,0.977) (0.000,0.120) 
121      426    (0)    1 :  0.018 0.102 0.034 0.019 0.693 0.039 0.029 0.013 0.040 0.012     (0.000,0.125) (0.000,0.527) (0.000,0.240) (0.000,0.131) (0.201,0.997) (0.000,0.262) (0.000,0.199) (0.000,0.088) (0.000,0.275) (0.000,0.076) 
122      430   (12)    1 :  0.032 0.030 0.019 0.008 0.015 0.405 0.014 0.026 0.435 0.017     (0.000,0.231) (0.000,0.199) (0.000,0.106) (0.000,0.047) (0.000,0.096) (0.000,0.929) (0.000,0.087) (0.000,0.183) (0.000,0.976) (0.000,0.103) 
123      435    (0)    1 :  0.400 0.008 0.010 0.004 0.011 0.511 0.004 0.004 0.018 0.029     (0.000,0.859) (0.000,0.042) (0.000,0.056) (0.000,0.023) (0.000,0.068) (0.000,0.925) (0.000,0.024) (0.000,0.021) (0.000,0.105) (0.000,0.193) 
124      476    (0)    1 :  0.022 0.165 0.069 0.022 0.015 0.020 0.145 0.524 0.011 0.007     (0.000,0.153) (0.000,0.642) (0.000,0.445) (0.000,0.151) (0.000,0.102) (0.000,0.141) (0.000,0.560) (0.103,0.940) (0.000,0.067) (0.000,0.045) 
125      478    (0)    1 :  0.006 0.452 0.026 0.027 0.017 0.013 0.084 0.352 0.016 0.007     (0.000,0.036) (0.000,0.986) (0.000,0.190) (0.000,0.187) (0.000,0.112) (0.000,0.082) (0.000,0.430) (0.000,0.908) (0.000,0.107) (0.000,0.042) 
126      484    (0)    1 :  0.032 0.012 0.015 0.006 0.009 0.014 0.007 0.013 0.389 0.504     (0.000,0.237) (0.000,0.070) (0.000,0.081) (0.000,0.033) (0.000,0.056) (0.000,0.084) (0.000,0.039) (0.000,0.080) (0.000,0.872) (0.000,0.988) 
127      489    (0)    1 :  0.006 0.128 0.019 0.008 0.307 0.431 0.011 0.014 0.022 0.053     (0.000,0.036) (0.000,0.831) (0.000,0.100) (0.000,0.046) (0.000,0.963) (0.000,0.998) (0.000,0.059) (0.000,0.095) (0.000,0.136) (0.000,0.372) 
128      493    (0)    1 :  0.008 0.005 0.039 0.860 0.012 0.012 0.018 0.030 0.010 0.006     (0.000,0.050) (0.000,0.028) (0.000,0.245) (0.530,1.000) (0.000,0.082) (0.000,0.078) (0.000,0.124) (0.000,0.214) (0.000,0.067) (0.000,0.033) 
129      494    (0)    1 :  0.008 0.023 0.219 0.662 0.031 0.014 0.013 0.018 0.006 0.006     (0.000,0.049) (0.000,0.129) (0.000,0.985) (0.000,1.000) (0.000,0.222) (0.000,0.085) (0.000,0.087) (0.000,0.129) (0.000,0.031) (0.000,0.039) 
130      500    (0)    1 :  0.004 0.020 0.012 0.006 0.009 0.004 0.914 0.022 0.005 0.004     (0.000,0.023) (0.000,0.136) (0.000,0.067) (0.000,0.036) (0.000,0.051) (0.000,0.023) (0.644,1.000) (0.000,0.153) (0.000,0.028) (0.000,0.019) 
131      504    (0)    1 :  0.015 0.019 0.056 0.021 0.056 0.010 0.054 0.010 0.152 0.607     (0.000,0.096) (0.000,0.115) (0.000,0.400) (0.000,0.148) (0.000,0.324) (0.000,0.060) (0.000,0.309) (0.000,0.066) (0.000,0.688) (0.020,0.988) 
132      506    (0)    1 :  0.005 0.011 0.009 0.005 0.008 0.007 0.100 0.008 0.013 0.835     (0.000,0.027) (0.000,0.068) (0.000,0.055) (0.000,0.030) (0.000,0.047) (0.000,0.041) (0.000,0.422) (0.000,0.043) (0.000,0.069) (0.492,1.000) 


Estimated Allele Frequencies in each cluster
First column gives estimated ancestral frequencies


Locus 1 : Rsu3 
3 alleles
0.0% missing data
 164   (0.546) 0.661 0.669 0.551 0.565 0.640 0.248 0.704 0.274 0.540 0.392 
 166   (0.239) 0.090 0.135 0.237 0.181 0.235 0.637 0.059 0.064 0.328 0.575 
 170   (0.216) 0.249 0.196 0.212 0.254 0.125 0.115 0.237 0.662 0.132 0.032 

Locus 2 : Rsu5 
5 alleles
0.0% missing data
 137   (0.735) 0.815 0.955 0.735 0.617 0.899 0.812 0.955 0.965 0.900 0.340 
 135   (0.085) 0.031 0.017 0.084 0.132 0.050 0.088 0.008 0.017 0.061 0.013 
 139   (0.111) 0.056 0.017 0.117 0.208 0.046 0.084 0.031 0.012 0.017 0.012 
 133   (0.021) 0.003 0.003 0.020 0.031 0.002 0.002 0.002 0.002 0.002 0.002 
 131   (0.047) 0.095 0.009 0.045 0.012 0.004 0.014 0.004 0.004 0.020 0.634 

Locus 3 : Scv1 
5 alleles
0.0% missing data
 181   (0.538) 0.347 0.746 0.538 0.711 0.804 0.308 0.702 0.946 0.335 0.389 
 179   (0.187) 0.297 0.108 0.186 0.165 0.091 0.079 0.079 0.021 0.406 0.083 
 177   (0.111) 0.021 0.035 0.110 0.055 0.090 0.328 0.013 0.014 0.224 0.173 
 185   (0.135) 0.331 0.107 0.133 0.053 0.012 0.281 0.203 0.016 0.032 0.351 
 171   (0.030) 0.004 0.004 0.033 0.016 0.003 0.004 0.003 0.003 0.003 0.003 

Locus 4 : Rsu4 
9 alleles
0.0% missing data
 267   (0.193) 0.102 0.109 0.194 0.336 0.074 0.038 0.336 0.284 0.057 0.118 
 263   (0.327) 0.277 0.394 0.322 0.267 0.798 0.838 0.199 0.452 0.342 0.388 
 259   (0.051) 0.008 0.393 0.048 0.013 0.040 0.010 0.129 0.102 0.008 0.005 
 287   (0.173) 0.077 0.061 0.173 0.112 0.052 0.072 0.291 0.138 0.458 0.149 
 275   (0.039) 0.012 0.005 0.039 0.144 0.003 0.004 0.003 0.003 0.006 0.004 
 279   (0.080) 0.324 0.012 0.087 0.038 0.014 0.012 0.010 0.008 0.019 0.008 
 283   (0.073) 0.192 0.013 0.071 0.037 0.006 0.018 0.006 0.006 0.100 0.322 
 291   (0.037) 0.006 0.010 0.039 0.013 0.010 0.005 0.023 0.003 0.006 0.004 
 271   (0.027) 0.004 0.004 0.027 0.040 0.002 0.003 0.002 0.002 0.004 0.003 

Locus 5 : Rsu6 
5 alleles
0.0% missing data
 120   (0.253) 0.202 0.368 0.249 0.212 0.549 0.182 0.166 0.241 0.431 0.069 
 126   (0.628) 0.781 0.605 0.634 0.615 0.403 0.803 0.480 0.499 0.556 0.919 
 124   (0.074) 0.011 0.012 0.073 0.044 0.044 0.008 0.340 0.255 0.008 0.008 
 130   (0.025) 0.003 0.003 0.023 0.123 0.002 0.003 0.002 0.002 0.003 0.002 
 114   (0.021) 0.003 0.012 0.020 0.006 0.002 0.004 0.012 0.002 0.002 0.002 

Locus 6 : Scv12 
3 alleles
0.8% missing data
 198   (0.582) 0.635 0.515 0.585 0.756 0.411 0.844 0.226 0.850 0.571 0.387 
 196   (0.261) 0.210 0.404 0.261 0.105 0.273 0.122 0.122 0.129 0.392 0.561 
 200   (0.157) 0.155 0.081 0.155 0.139 0.316 0.033 0.652 0.021 0.036 0.052 

Locus 7 : Scv23 
3 alleles
0.8% missing data
 158   (0.529) 0.532 0.543 0.528 0.468 0.444 0.744 0.749 0.314 0.428 0.832 
 164   (0.181) 0.032 0.301 0.181 0.289 0.086 0.044 0.056 0.418 0.292 0.092 
 160   (0.290) 0.436 0.156 0.291 0.243 0.470 0.212 0.194 0.268 0.280 0.076 

Locus 8 : Scv13 
5 alleles
0.0% missing data
 182   (0.709) 0.447 0.838 0.703 0.722 0.967 0.938 0.910 0.783 0.923 0.906 
 180   (0.106) 0.018 0.130 0.109 0.092 0.017 0.018 0.067 0.183 0.015 0.011 
 172   (0.075) 0.364 0.012 0.075 0.038 0.006 0.014 0.006 0.008 0.045 0.072 
 184   (0.067) 0.016 0.015 0.069 0.135 0.006 0.019 0.014 0.023 0.012 0.008 
 174   (0.043) 0.154 0.006 0.044 0.013 0.003 0.012 0.004 0.004 0.006 0.004 

Locus 9 : Scv32 
18 alleles
0.0% missing data
 236   (0.041) 0.006 0.006 0.044 0.146 0.003 0.005 0.003 0.004 0.006 0.004 
 238   (0.038) 0.006 0.007 0.037 0.020 0.005 0.012 0.004 0.004 0.267 0.055 
 234   (0.130) 0.667 0.304 0.128 0.042 0.082 0.423 0.017 0.204 0.338 0.061 
 246   (0.059) 0.012 0.279 0.057 0.015 0.010 0.027 0.146 0.263 0.007 0.007 
 248   (0.100) 0.014 0.104 0.101 0.136 0.420 0.071 0.078 0.011 0.052 0.021 
 262   (0.110) 0.026 0.042 0.113 0.036 0.140 0.104 0.360 0.018 0.088 0.028 
 232   (0.165) 0.031 0.132 0.166 0.422 0.015 0.223 0.067 0.304 0.048 0.548 
 250   (0.028) 0.004 0.004 0.027 0.007 0.284 0.006 0.003 0.005 0.012 0.003 
 228   (0.028) 0.004 0.005 0.031 0.011 0.003 0.004 0.002 0.003 0.003 0.003 
 220   (0.048) 0.007 0.057 0.048 0.012 0.007 0.007 0.277 0.040 0.006 0.005 
 264   (0.054) 0.021 0.011 0.053 0.057 0.008 0.031 0.005 0.078 0.094 0.006 
 252   (0.039) 0.096 0.005 0.038 0.010 0.004 0.007 0.021 0.005 0.012 0.099 
 254   (0.043) 0.086 0.006 0.042 0.021 0.006 0.009 0.004 0.004 0.037 0.100 
 242   (0.026) 0.003 0.004 0.027 0.034 0.002 0.003 0.002 0.003 0.003 0.002 
 266   (0.029) 0.005 0.006 0.029 0.008 0.003 0.027 0.003 0.003 0.019 0.028 
 244   (0.025) 0.004 0.023 0.024 0.008 0.006 0.036 0.003 0.003 0.004 0.028 
 226   (0.019) 0.003 0.003 0.018 0.005 0.002 0.002 0.002 0.047 0.002 0.002 
 240   (0.018) 0.005 0.002 0.019 0.011 0.001 0.002 0.001 0.002 0.002 0.002 

Locus 10 : Scv8 
6 alleles
0.0% missing data
 200   (0.645) 0.425 0.659 0.649 0.635 0.821 0.482 0.781 0.914 0.849 0.603 
 202   (0.088) 0.041 0.020 0.087 0.203 0.008 0.086 0.008 0.008 0.084 0.048 
 194   (0.075) 0.021 0.221 0.073 0.024 0.019 0.352 0.045 0.060 0.022 0.007 
 204   (0.050) 0.008 0.014 0.051 0.015 0.137 0.008 0.029 0.005 0.007 0.005 
 198   (0.076) 0.015 0.076 0.076 0.092 0.010 0.042 0.132 0.007 0.011 0.008 
 188   (0.067) 0.491 0.009 0.065 0.032 0.006 0.030 0.006 0.005 0.026 0.329 

Locus 11 : Scv9 
5 alleles
0.0% missing data
 198   (0.296) 0.577 0.360 0.292 0.158 0.508 0.291 0.083 0.355 0.691 0.323 
 200   (0.337) 0.098 0.390 0.339 0.580 0.379 0.147 0.663 0.292 0.083 0.345 
 196   (0.304) 0.181 0.241 0.308 0.246 0.107 0.551 0.248 0.045 0.217 0.323 
 204   (0.042) 0.114 0.007 0.041 0.010 0.004 0.008 0.004 0.307 0.007 0.005 
 202   (0.021) 0.029 0.003 0.020 0.005 0.002 0.004 0.002 0.002 0.002 0.004 

Locus 12 : Rsu1 
6 alleles
0.0% missing data
 189   (0.309) 0.257 0.368 0.315 0.573 0.057 0.312 0.065 0.369 0.214 0.085 
 185   (0.267) 0.105 0.294 0.265 0.169 0.062 0.355 0.152 0.141 0.589 0.807 
 177   (0.079) 0.042 0.046 0.080 0.026 0.009 0.020 0.159 0.013 0.012 0.067 
 181   (0.250) 0.583 0.119 0.249 0.208 0.809 0.295 0.212 0.044 0.172 0.032 
 193   (0.054) 0.008 0.155 0.052 0.014 0.058 0.011 0.294 0.014 0.009 0.005 
 197   (0.042) 0.006 0.019 0.039 0.010 0.004 0.007 0.118 0.418 0.005 0.004 

Locus 13 : Scv14 
7 alleles
4.5% missing data
 196   (0.537) 0.663 0.781 0.530 0.489 0.907 0.732 0.857 0.941 0.409 0.598 
 198   (0.075) 0.057 0.012 0.074 0.104 0.009 0.011 0.006 0.007 0.298 0.024 
 194   (0.132) 0.173 0.100 0.132 0.227 0.046 0.200 0.019 0.018 0.024 0.033 
 202   (0.194) 0.088 0.099 0.200 0.155 0.025 0.048 0.108 0.029 0.258 0.339 
 204   (0.022) 0.003 0.003 0.023 0.012 0.002 0.002 0.002 0.002 0.003 0.002 
 190   (0.020) 0.003 0.003 0.020 0.006 0.009 0.003 0.006 0.002 0.003 0.002 
 200   (0.020) 0.013 0.003 0.020 0.007 0.002 0.002 0.002 0.002 0.004 0.002 

Locus 14 : Scv16 
7 alleles
0.0% missing data
 182   (0.405) 0.531 0.425 0.407 0.211 0.790 0.722 0.596 0.090 0.544 0.246 
 184   (0.430) 0.180 0.464 0.433 0.560 0.194 0.250 0.285 0.888 0.399 0.699 
 188   (0.056) 0.008 0.097 0.054 0.180 0.005 0.008 0.110 0.013 0.007 0.006 
 200   (0.020) 0.003 0.003 0.020 0.024 0.002 0.002 0.002 0.002 0.002 0.002 
 198   (0.036) 0.172 0.005 0.034 0.009 0.005 0.010 0.003 0.003 0.032 0.028 
 190   (0.033) 0.104 0.004 0.031 0.008 0.003 0.005 0.003 0.003 0.014 0.017 
 186   (0.021) 0.003 0.003 0.021 0.008 0.002 0.002 0.002 0.002 0.002 0.002 

Locus 15 : Scv31 
15 alleles
3.0% missing data
 193   (0.115) 0.032 0.025 0.118 0.053 0.630 0.034 0.038 0.015 0.305 0.118 
 201   (0.111) 0.017 0.036 0.113 0.245 0.077 0.018 0.080 0.011 0.017 0.082 
 187   (0.089) 0.014 0.263 0.088 0.024 0.054 0.014 0.394 0.155 0.021 0.120 
 207   (0.034) 0.005 0.291 0.032 0.008 0.003 0.005 0.007 0.293 0.004 0.004 
 195   (0.070) 0.028 0.124 0.069 0.019 0.015 0.138 0.058 0.009 0.011 0.207 
 185   (0.159) 0.333 0.038 0.160 0.106 0.020 0.130 0.017 0.459 0.530 0.132 
 189   (0.056) 0.008 0.008 0.056 0.272 0.148 0.006 0.005 0.005 0.006 0.006 
 205   (0.023) 0.004 0.003 0.023 0.007 0.002 0.003 0.002 0.002 0.002 0.002 
 191   (0.154) 0.441 0.172 0.154 0.046 0.033 0.623 0.319 0.032 0.069 0.019 
 197   (0.026) 0.003 0.004 0.024 0.006 0.004 0.004 0.005 0.005 0.004 0.250 
 199   (0.056) 0.099 0.008 0.056 0.061 0.005 0.009 0.005 0.005 0.008 0.048 
 203   (0.024) 0.003 0.004 0.023 0.087 0.002 0.003 0.002 0.002 0.003 0.002 
 209   (0.028) 0.006 0.004 0.029 0.025 0.003 0.003 0.002 0.002 0.012 0.003 
 213   (0.028) 0.004 0.004 0.029 0.033 0.002 0.004 0.002 0.002 0.004 0.003 
 181   (0.028) 0.004 0.015 0.026 0.007 0.002 0.007 0.064 0.003 0.003 0.003 

Locus 16 : Scv6 
8 alleles
0.0% missing data
 191   (0.102) 0.015 0.040 0.103 0.231 0.267 0.012 0.206 0.009 0.019 0.019 
 195   (0.383) 0.195 0.511 0.385 0.264 0.421 0.393 0.435 0.842 0.517 0.632 
 197   (0.205) 0.433 0.378 0.201 0.093 0.277 0.041 0.320 0.114 0.244 0.227 
 201   (0.091) 0.148 0.015 0.094 0.141 0.011 0.043 0.008 0.009 0.069 0.010 
 205   (0.021) 0.003 0.003 0.020 0.064 0.002 0.002 0.002 0.002 0.002 0.002 
 193   (0.103) 0.175 0.015 0.102 0.126 0.009 0.116 0.010 0.009 0.113 0.083 
 199   (0.070) 0.028 0.034 0.072 0.032 0.011 0.391 0.017 0.012 0.034 0.025 
 181   (0.024) 0.003 0.003 0.023 0.049 0.002 0.002 0.002 0.002 0.003 0.003 

Values of parameters used in structure:
DATAFILE=M:\STRUCTURE\Squirrel_132_ID_16L_20250816\project_data,	OUTFILE=M:\STRUCTURE\Squirrel_132_ID_16L_20250816\10k_Burnin_100k_MCMC\Results\10k_Burnin_100k_MCMC_run_238,	NUMINDS=132,	NUMLOCI=16,	MISSING=-9,	LABEL=1,	POPDATA=1,	POPFLAG=0,	PHENOTYPE=0,	EXTRACOLS=1,	MAXPOPS=10,	BURNIN=10000,	NUMREPS=100000,	USEPOPINFO=0,	INFERALPHA=1,	INFERLAMBDA=1,	POPSPECIFICLAMBDA=0,	POPALPHAS=0,	COMPUTEPROB=1,	NOADMIX=0,	ADMBURNIN=2500,	UPDATEFREQ=1,	PRINTLIKES=0,	INTERMEDSAVE=0,	PRINTKLD=0,	PRINTNET=0,	PRINTLAMBDA=0,	ANCESTDIST=1,	NUMBOXES=1000,	ANCESTPINT=0.90000,	GENSBACK=2,	MIGRPRIOR=0.05000,	PRINTQHAT=1,	PRINTQSUM=0,	ALPHA=1.0000,	FREQSCORR=1,	FPRIORMEAN=0.0100,	FPRIORSD=0.0500,	ONEFST=0,	LAMBDA=1.0000,	UNIFPRIORALPHA=1,	ALPHAMAX=10.0000,	ALPHAPRIORA=1.0000,	ALPHAPRIORB=2.0000,	ALPHAPROPSD=0.0250,	STARTATPOPINFO=0,	RANDOMIZE=1,	LINKAGE=0,	METROFREQ=10,	REPORTHITRATE=0,	MARKOVPHASE=-1,	PHASED=0,	PLOIDY=2,	PHASEINFO=0	LOCPRIOR=0, 	LOCPRIORINIT=1.000000, 	LOCDATA=0, 	LOCISPOP=0, 	LOCPRIORSTEP=0.100000, 	MAXLOCPRIOR=20.000000, 	SEED=1763759736,	
[STRAT parameters]:    NUMSIMSTATS=1000,	PHENOTYPECOL=-9,	POOLFREQ=10,	LOCUSxONLY=0,	EMERROR=0.00100,	MISSINGPHENO=-9,	