          1*  1 0.0288 0.0102 0.8981 0.0092 0.0536 
           3  1 0.0105 0.9631 0.0086 0.0084 0.0095 
           6  1 0.0207 0.9450 0.0057 0.0166 0.0119 
           8  1 0.0118 0.7752 0.0176 0.0043 0.1910 
          10  1 0.0045 0.0403 0.0090 0.0050 0.9412 
          11  1 0.0201 0.0960 0.7762 0.0712 0.0366 
          12  1 0.0055 0.0063 0.0051 0.0074 0.9757 
          16  1 0.0057 0.9684 0.0085 0.0067 0.0107 
          18  1 0.0052 0.0085 0.9754 0.0046 0.0063 
          19  1 0.0216 0.0249 0.8969 0.0435 0.0131 
          21  1 0.0079 0.9633 0.0078 0.0109 0.0101 
          23  1 0.0250 0.0208 0.0111 0.0750 0.8682 
          24  1 0.0098 0.0430 0.1463 0.0352 0.7657 
          25  1 0.0174 0.0532 0.0132 0.0153 0.9008 
         26*  1 0.0062 0.6327 0.0182 0.0047 0.3382 
          28  1 0.0070 0.6486 0.0077 0.0064 0.3303 
          29  1 0.0059 0.0191 0.0137 0.0051 0.9562 
          30  1 0.2918 0.5680 0.0175 0.0063 0.1164 
          33  1 0.0099 0.0052 0.9572 0.0227 0.0050 
          37  1 0.0057 0.0109 0.9565 0.0077 0.0191 
          38  1 0.0039 0.0137 0.9656 0.0044 0.0124 
          43  1 0.0065 0.0837 0.0104 0.0080 0.8914 
          44  1 0.0304 0.8867 0.0096 0.0112 0.0621 
          48  1 0.0054 0.0091 0.9750 0.0043 0.0062 
          55  1 0.0195 0.8776 0.0088 0.0100 0.0842 
          59  1 0.0075 0.9697 0.0102 0.0073 0.0054 
          60  1 0.3086 0.0106 0.1029 0.2959 0.2820 
          61  1 0.0366 0.0104 0.0077 0.9371 0.0081 
          62  1 0.0292 0.0136 0.0184 0.9163 0.0224 
          65  1 0.0230 0.0066 0.9524 0.0109 0.0071 
          73  1 0.9195 0.0093 0.0093 0.0059 0.0560 
          75  1 0.0398 0.0110 0.0223 0.9210 0.0058 
          76  1 0.0069 0.0045 0.0042 0.9779 0.0064 
          77  1 0.0053 0.0049 0.0070 0.9757 0.0071 
          78  1 0.8154 0.0093 0.0152 0.1459 0.0142 
          79  1 0.0497 0.0047 0.0097 0.9317 0.0042 
          84  1 0.0270 0.8440 0.0135 0.0477 0.0678 
          85  1 0.0138 0.8044 0.0187 0.0087 0.1544 
          86  1 0.0354 0.6810 0.0677 0.0218 0.1942 
          89  1 0.0285 0.3933 0.0465 0.0960 0.4356 
          94  1 0.0046 0.0094 0.0307 0.0067 0.9486 
          95  1 0.0129 0.9551 0.0152 0.0101 0.0066 
          96  1 0.0062 0.7446 0.0065 0.0077 0.2350 
          98  1 0.9162 0.0080 0.0097 0.0536 0.0125 
         102  1 0.0118 0.0176 0.9261 0.0174 0.0271 
         105  1 0.9767 0.0055 0.0082 0.0047 0.0049 
         106  1 0.1542 0.1084 0.0365 0.6908 0.0101 
         108  1 0.8985 0.0091 0.0594 0.0234 0.0096 
         109  1 0.9654 0.0120 0.0062 0.0094 0.0070 
         112  1 0.0146 0.0551 0.0445 0.7870 0.0988 
         115  1 0.0433 0.0114 0.8557 0.0118 0.0777 
         116  1 0.0148 0.7970 0.0234 0.0095 0.1554 
         117  1 0.0163 0.7117 0.0123 0.0202 0.2394 
         129  1 0.0049 0.8300 0.0057 0.0038 0.1556 
         132  1 0.1268 0.0140 0.2407 0.0772 0.5412 
         133  1 0.8923 0.0074 0.0078 0.0827 0.0098 
         137  1 0.0180 0.0124 0.0100 0.9418 0.0177 
         139  1 0.0147 0.0158 0.0251 0.9345 0.0099 
         140  1 0.9689 0.0082 0.0063 0.0115 0.0051 
         142  1 0.0104 0.0075 0.0066 0.9663 0.0091 
         144  1 0.9819 0.0047 0.0045 0.0051 0.0037 
         145  1 0.0142 0.0068 0.0076 0.9649 0.0066 
         147  1 0.9746 0.0060 0.0062 0.0088 0.0043 
         160  1 0.0052 0.0095 0.0089 0.0060 0.9704 
        162*  1 0.0065 0.7361 0.0064 0.0084 0.2426 
         166  1 0.6702 0.0155 0.0148 0.2858 0.0138 
         177  1 0.0041 0.0045 0.0047 0.9822 0.0045 
         178  1 0.0994 0.0135 0.0203 0.8341 0.0327 
         186  1 0.0067 0.9708 0.0070 0.0070 0.0085 
         189  1 0.0040 0.8008 0.0091 0.0122 0.1738 
         190  1 0.0087 0.7138 0.0105 0.0092 0.2579 
         191  1 0.0207 0.9161 0.0086 0.0174 0.0372 
         193  1 0.0214 0.0274 0.0137 0.9170 0.0205 
         202  1 0.0089 0.0968 0.0525 0.0155 0.8263 
         204  1 0.0038 0.8354 0.0037 0.0035 0.1537 
         211  1 0.4600 0.0092 0.0314 0.0794 0.4200 
         216  1 0.9421 0.0044 0.0061 0.0340 0.0133 
         222  1 0.8899 0.0105 0.0600 0.0246 0.0150 
         224  1 0.0105 0.8007 0.0146 0.0103 0.1639 
         226  1 0.0075 0.9455 0.0273 0.0131 0.0065 
         229  1 0.0506 0.6367 0.0753 0.0270 0.2104 
         230  1 0.0113 0.7718 0.0149 0.0297 0.1722 
         232  1 0.0304 0.2489 0.0324 0.1288 0.5594 
         238  1 0.0246 0.0235 0.7781 0.1532 0.0206 
         242  1 0.0072 0.0058 0.9786 0.0042 0.0042 
         243  1 0.0687 0.0200 0.8703 0.0291 0.0119 
         244  1 0.0097 0.0089 0.8247 0.1470 0.0098 
         251  1 0.0210 0.0174 0.8342 0.0354 0.0920 
         266  1 0.0240 0.0169 0.2021 0.7398 0.0173 
         267  1 0.9101 0.0415 0.0160 0.0143 0.0181 
         268  1 0.8533 0.0060 0.0096 0.1060 0.0250 
         270  1 0.0102 0.8108 0.0123 0.0089 0.1578 
         276  1 0.0569 0.8428 0.0127 0.0353 0.0524 
         298  1 0.9335 0.0080 0.0088 0.0407 0.0090 
         306  1 0.2228 0.0080 0.0414 0.6996 0.0283 
         308  1 0.2354 0.0073 0.0358 0.6541 0.0674 
         311  1 0.6086 0.0215 0.2577 0.0792 0.0331 
         323  1 0.0074 0.9667 0.0120 0.0085 0.0055 
         327  1 0.0122 0.2772 0.0133 0.0064 0.6909 
         334  1 0.0317 0.0060 0.9382 0.0143 0.0098 
         338  1 0.8935 0.0178 0.0143 0.0515 0.0230 
         341  1 0.0096 0.8896 0.0387 0.0381 0.0240 
         346  1 0.0143 0.0088 0.0078 0.9062 0.0628 
         348  1 0.8249 0.0081 0.0183 0.1430 0.0058 
         351  1 0.0147 0.0128 0.9023 0.0238 0.0465 
         362  1 0.0056 0.7996 0.0058 0.0055 0.1835 
         364  1 0.0125 0.0062 0.9564 0.0153 0.0096 
         366  1 0.0251 0.0239 0.9211 0.0120 0.0179 
         376  1 0.0079 0.9360 0.0096 0.0158 0.0306 
         377  1 0.0849 0.1398 0.0250 0.0363 0.7140 
         378  1 0.0095 0.0095 0.0050 0.0173 0.9587 
         388  1 0.9514 0.0090 0.0115 0.0100 0.0180 
         391  1 0.0663 0.1799 0.0284 0.2183 0.5071 
         401  1 0.0145 0.5186 0.1983 0.2099 0.0587 
         406  1 0.7896 0.0398 0.0474 0.0924 0.0309 
         412  1 0.7735 0.0304 0.0207 0.1208 0.0546 
         413  1 0.0183 0.0075 0.0204 0.9435 0.0103 
         421  1 0.0468 0.5795 0.0479 0.1845 0.1413 
         423  1 0.0579 0.5891 0.1479 0.0649 0.1402 
         424  1 0.1163 0.1124 0.0739 0.5421 0.1553 
         426  1 0.0186 0.0285 0.0154 0.0252 0.9123 
         430  1 0.0946 0.0419 0.0126 0.8131 0.0378 
         435  1 0.0280 0.0046 0.0043 0.9537 0.0093 
         476  1 0.0066 0.9390 0.0204 0.0142 0.0198 
         478  1 0.0077 0.9361 0.0121 0.0063 0.0378 
         484  1 0.9605 0.0079 0.0055 0.0189 0.0072 
         489  1 0.1204 0.0227 0.0115 0.0294 0.8160 
         493  1 0.0064 0.0082 0.9658 0.0075 0.0121 
         494  1 0.0059 0.0140 0.9493 0.0078 0.0230 
         500  1 0.0039 0.8192 0.0066 0.0043 0.1659 
         504  1 0.9230 0.0195 0.0186 0.0089 0.0300 
         506  1 0.9339 0.0384 0.0058 0.0055 0.0163 
