          1*  1 0.0380 0.6505 0.0580 0.0243 0.0106 0.0149 0.1771 0.0071 0.0141 0.0053 
           3  1 0.0058 0.0058 0.0057 0.0072 0.0059 0.9435 0.0069 0.0067 0.0079 0.0047 
           6  1 0.0127 0.0060 0.0114 0.0123 0.0233 0.8469 0.0383 0.0171 0.0155 0.0164 
           8  1 0.0340 0.0143 0.0151 0.0068 0.4999 0.0066 0.0057 0.3978 0.0161 0.0037 
          10  1 0.7638 0.0061 0.0070 0.0047 0.1915 0.0074 0.0049 0.0062 0.0032 0.0053 
          11  1 0.0151 0.1234 0.5404 0.0803 0.0109 0.0319 0.0367 0.1220 0.0080 0.0312 
          12  1 0.9366 0.0049 0.0061 0.0089 0.0124 0.0056 0.0093 0.0062 0.0056 0.0046 
          16  1 0.0110 0.0065 0.0082 0.0077 0.0154 0.9199 0.0073 0.0128 0.0051 0.0060 
          18  1 0.0056 0.9370 0.0082 0.0080 0.0068 0.0078 0.0044 0.0121 0.0060 0.0041 
          19  1 0.0101 0.0977 0.6679 0.0783 0.0240 0.0150 0.0102 0.0303 0.0160 0.0507 
          21  1 0.0096 0.0063 0.0107 0.0121 0.0309 0.8924 0.0093 0.0142 0.0062 0.0083 
          23  1 0.5909 0.0100 0.0385 0.1025 0.0376 0.0129 0.1613 0.0111 0.0112 0.0240 
          24  1 0.4249 0.0534 0.3038 0.0454 0.0854 0.0143 0.0171 0.0168 0.0073 0.0317 
          25  1 0.6452 0.0110 0.0436 0.0275 0.0122 0.0317 0.1413 0.0740 0.0079 0.0056 
         26*  1 0.1834 0.0150 0.0295 0.0092 0.4712 0.2444 0.0115 0.0252 0.0058 0.0049 
          28  1 0.3901 0.0075 0.0155 0.0078 0.0575 0.1209 0.0126 0.3755 0.0064 0.0061 
          29  1 0.7941 0.0139 0.0109 0.0064 0.1441 0.0051 0.0053 0.0093 0.0047 0.0062 
          30  1 0.1402 0.0178 0.0564 0.0124 0.2897 0.1226 0.0394 0.0311 0.2820 0.0084 
          33  1 0.0054 0.7489 0.0711 0.0275 0.0062 0.0062 0.0165 0.0052 0.0121 0.1010 
          37  1 0.0342 0.8829 0.0173 0.0115 0.0058 0.0116 0.0107 0.0106 0.0054 0.0099 
          38  1 0.0168 0.8975 0.0279 0.0084 0.0120 0.0101 0.0041 0.0136 0.0045 0.0050 
          43  1 0.8074 0.0097 0.0149 0.0068 0.0328 0.0393 0.0125 0.0636 0.0058 0.0072 
          44  1 0.0087 0.0073 0.0171 0.0171 0.0255 0.1844 0.0077 0.6974 0.0298 0.0049 
          48  1 0.0062 0.9418 0.0075 0.0064 0.0056 0.0122 0.0045 0.0064 0.0055 0.0039 
          55  1 0.0131 0.0103 0.0416 0.0172 0.0697 0.2550 0.0506 0.5214 0.0121 0.0091 
          59  1 0.0043 0.0069 0.0057 0.0048 0.0054 0.9481 0.0062 0.0075 0.0070 0.0042 
          60  1 0.0425 0.0120 0.0195 0.0141 0.0041 0.0097 0.8712 0.0054 0.0086 0.0129 
          61  1 0.0091 0.0090 0.0250 0.1636 0.0084 0.0176 0.2730 0.0138 0.0572 0.4233 
          62  1 0.0598 0.0235 0.0474 0.4871 0.0070 0.0141 0.1227 0.0769 0.0185 0.1431 
          65  1 0.0083 0.6547 0.2264 0.0269 0.0095 0.0052 0.0224 0.0124 0.0206 0.0136 
          73  1 0.1468 0.0066 0.0127 0.0157 0.0066 0.0057 0.0550 0.0204 0.7249 0.0056 
          75  1 0.0051 0.0102 0.0153 0.0080 0.0099 0.0099 0.0056 0.0075 0.0463 0.8823 
          76  1 0.0129 0.0045 0.0096 0.0451 0.0041 0.0067 0.0149 0.0072 0.0055 0.8894 
          77  1 0.0102 0.0071 0.0107 0.0113 0.0045 0.0070 0.1396 0.0058 0.0043 0.7995 
          78  1 0.0148 0.0141 0.0424 0.0328 0.0082 0.0076 0.0385 0.0259 0.4434 0.3723 
          79  1 0.0054 0.0103 0.0634 0.1099 0.0060 0.0051 0.0108 0.0111 0.0763 0.7016 
          84  1 0.0727 0.0107 0.0555 0.1270 0.0682 0.5129 0.0424 0.0795 0.0175 0.0135 
          85  1 0.0081 0.0101 0.0276 0.0163 0.0569 0.0103 0.0099 0.8419 0.0128 0.0061 
          86  1 0.0157 0.0104 0.2229 0.0551 0.1825 0.0078 0.0127 0.4654 0.0168 0.0106 
          89  1 0.1936 0.0190 0.0462 0.1404 0.0094 0.4931 0.0453 0.0198 0.0084 0.0248 
          94  1 0.9004 0.0306 0.0098 0.0080 0.0072 0.0125 0.0069 0.0147 0.0043 0.0056 
          95  1 0.0055 0.0127 0.0093 0.0062 0.0111 0.9147 0.0141 0.0108 0.0099 0.0057 
          96  1 0.0067 0.0045 0.0056 0.0087 0.9402 0.0038 0.0046 0.0143 0.0053 0.0063 
          98  1 0.0092 0.0057 0.0176 0.0381 0.0058 0.0058 0.8115 0.0084 0.0788 0.0192 
         102  1 0.0238 0.2605 0.5705 0.0695 0.0057 0.0277 0.0160 0.0072 0.0095 0.0096 
         105  1 0.0047 0.0063 0.0049 0.0048 0.0041 0.0048 0.0044 0.0042 0.9581 0.0036 
         106  1 0.0050 0.0200 0.2657 0.0996 0.0054 0.0690 0.0230 0.0885 0.0858 0.3381 
         108  1 0.0094 0.0501 0.0411 0.0127 0.0081 0.0067 0.0333 0.0104 0.7955 0.0327 
         109  1 0.0096 0.0091 0.1031 0.0276 0.0414 0.0173 0.2726 0.0112 0.4578 0.0504 
         112  1 0.0435 0.0195 0.1975 0.1956 0.0309 0.0105 0.1465 0.2531 0.0085 0.0944 
         115  1 0.0692 0.1921 0.5137 0.0752 0.0056 0.0172 0.0621 0.0232 0.0201 0.0215 
         116  1 0.0188 0.0177 0.0358 0.0199 0.1458 0.0097 0.0052 0.7299 0.0114 0.0059 
         117  1 0.2743 0.0131 0.0297 0.0289 0.2512 0.2896 0.0642 0.0138 0.0135 0.0217 
         129  1 0.0131 0.0081 0.0109 0.0056 0.7133 0.1666 0.0063 0.0676 0.0046 0.0040 
         132  1 0.1988 0.0563 0.0391 0.0204 0.0055 0.0228 0.6210 0.0109 0.0111 0.0141 
         133  1 0.0071 0.0052 0.0125 0.0302 0.0036 0.0065 0.8227 0.0062 0.0785 0.0276 
         137  1 0.0192 0.0095 0.0210 0.0229 0.0074 0.0153 0.4191 0.0144 0.0091 0.4621 
         139  1 0.0074 0.0112 0.0185 0.0090 0.0186 0.0085 0.0063 0.0111 0.0094 0.9000 
         140  1 0.0057 0.0091 0.0229 0.0345 0.0116 0.0208 0.1599 0.0109 0.6800 0.0445 
         142  1 0.0136 0.0079 0.0188 0.3817 0.0044 0.0247 0.0739 0.0120 0.0101 0.4528 
         144  1 0.0040 0.0046 0.0048 0.0061 0.0033 0.0071 0.0085 0.0045 0.9520 0.0052 
         145  1 0.0042 0.0055 0.0082 0.8002 0.0032 0.0048 0.1170 0.0084 0.0077 0.0408 
         147  1 0.0047 0.0071 0.0140 0.0136 0.0068 0.0045 0.0097 0.0193 0.8720 0.0485 
         160  1 0.9388 0.0083 0.0066 0.0055 0.0087 0.0096 0.0058 0.0066 0.0046 0.0055 
        162*  1 0.0071 0.0043 0.0059 0.0093 0.9396 0.0037 0.0046 0.0138 0.0052 0.0064 
         166  1 0.0059 0.0064 0.0113 0.0081 0.0061 0.0188 0.8995 0.0075 0.0188 0.0176 
         177  1 0.0049 0.0040 0.0049 0.0054 0.0055 0.0041 0.0055 0.0044 0.0033 0.9581 
         178  1 0.0417 0.0097 0.0315 0.0240 0.0112 0.0090 0.0513 0.0160 0.0375 0.7681 
         186  1 0.0068 0.0045 0.0048 0.0052 0.0052 0.9532 0.0059 0.0060 0.0039 0.0045 
         189  1 0.0152 0.0072 0.0084 0.0103 0.0499 0.0068 0.0042 0.8866 0.0034 0.0079 
         190  1 0.1228 0.0199 0.0422 0.0271 0.5899 0.0547 0.0432 0.0701 0.0094 0.0207 
         191  1 0.0176 0.0078 0.0197 0.0321 0.0127 0.2444 0.0114 0.6235 0.0136 0.0171 
         193  1 0.0151 0.0114 0.0152 0.7302 0.0073 0.0312 0.1204 0.0266 0.0112 0.0315 
         202  1 0.2896 0.0197 0.2334 0.0784 0.3250 0.0065 0.0190 0.0150 0.0069 0.0064 
         204  1 0.0067 0.0045 0.0055 0.0045 0.8571 0.0959 0.0039 0.0140 0.0043 0.0036 
         211  1 0.1787 0.0187 0.0910 0.0383 0.0239 0.0113 0.4593 0.0090 0.1240 0.0457 
         216  1 0.0164 0.0057 0.0173 0.0135 0.0042 0.0047 0.4051 0.0087 0.4972 0.0273 
         222  1 0.0049 0.0298 0.0521 0.0288 0.0044 0.0067 0.0477 0.4192 0.3960 0.0106 
         224  1 0.0144 0.0073 0.0077 0.0082 0.0099 0.0088 0.0051 0.9262 0.0062 0.0062 
         226  1 0.0046 0.0070 0.0147 0.0055 0.0082 0.9378 0.0092 0.0045 0.0037 0.0048 
         229  1 0.0622 0.0165 0.1422 0.1075 0.5125 0.0076 0.0512 0.0330 0.0441 0.0232 
         230  1 0.0212 0.0126 0.0505 0.0190 0.7547 0.0158 0.0134 0.0457 0.0150 0.0520 
         232  1 0.4226 0.0139 0.1095 0.1553 0.0587 0.0492 0.0670 0.0645 0.0162 0.0431 
         238  1 0.0074 0.1102 0.6883 0.0728 0.0329 0.0062 0.0190 0.0156 0.0117 0.0359 
         242  1 0.0049 0.9132 0.0202 0.0130 0.0046 0.0064 0.0115 0.0112 0.0105 0.0044 
         243  1 0.0102 0.3753 0.2980 0.0626 0.0076 0.0263 0.1703 0.0114 0.0166 0.0217 
         244  1 0.0092 0.2524 0.4269 0.0870 0.0096 0.0063 0.0133 0.0098 0.0067 0.1788 
         251  1 0.0563 0.1069 0.6220 0.1198 0.0212 0.0086 0.0179 0.0216 0.0118 0.0139 
         266  1 0.0075 0.0477 0.4293 0.0853 0.0251 0.0093 0.0909 0.0075 0.0091 0.2885 
         267  1 0.0099 0.0215 0.0514 0.0205 0.1406 0.0314 0.2545 0.0095 0.4463 0.0144 
         268  1 0.0431 0.0074 0.0230 0.0188 0.0042 0.0072 0.4155 0.0059 0.1581 0.3168 
         270  1 0.0480 0.0308 0.0443 0.0176 0.2680 0.0918 0.0115 0.4679 0.0131 0.0070 
         276  1 0.0378 0.0103 0.0345 0.0268 0.0118 0.1569 0.0398 0.6212 0.0328 0.0281 
         298  1 0.0141 0.0114 0.0280 0.0192 0.0047 0.0199 0.0643 0.0101 0.7088 0.1195 
         306  1 0.0072 0.0123 0.0251 0.2752 0.0040 0.0068 0.6339 0.0120 0.0138 0.0096 
         308  1 0.0715 0.0315 0.1063 0.2411 0.0079 0.0066 0.0525 0.0200 0.1588 0.3038 
         311  1 0.0143 0.0573 0.2924 0.2954 0.0276 0.0084 0.2144 0.0233 0.0561 0.0107 
         323  1 0.0046 0.0096 0.0066 0.0056 0.0089 0.9422 0.0053 0.0065 0.0062 0.0043 
         327  1 0.3898 0.0192 0.0602 0.0177 0.3556 0.0208 0.0344 0.0846 0.0099 0.0077 
         334  1 0.0087 0.3395 0.4880 0.0879 0.0071 0.0050 0.0258 0.0121 0.0183 0.0076 
         338  1 0.0272 0.0134 0.1223 0.2545 0.0140 0.0174 0.2994 0.0356 0.1967 0.0196 
         341  1 0.0060 0.0131 0.0091 0.0082 0.0070 0.9212 0.0185 0.0065 0.0046 0.0059 
         346  1 0.0353 0.0074 0.0163 0.0183 0.0103 0.0124 0.5181 0.0062 0.0065 0.3692 
         348  1 0.0075 0.0235 0.0738 0.0873 0.0065 0.0079 0.0386 0.0278 0.4446 0.2825 
         351  1 0.0548 0.3318 0.2209 0.0616 0.0050 0.0205 0.2592 0.0215 0.0088 0.0159 
         362  1 0.0186 0.0072 0.0075 0.0084 0.9002 0.0323 0.0065 0.0078 0.0060 0.0055 
         364  1 0.0123 0.8226 0.0381 0.0352 0.0048 0.0112 0.0481 0.0076 0.0100 0.0102 
         366  1 0.0122 0.6645 0.1377 0.0266 0.0681 0.0113 0.0309 0.0122 0.0241 0.0125 
         376  1 0.0284 0.0071 0.0143 0.0407 0.0120 0.8306 0.0201 0.0248 0.0056 0.0163 
         377  1 0.2061 0.0092 0.0424 0.1105 0.0186 0.0154 0.0195 0.5467 0.0232 0.0082 
         378  1 0.9061 0.0047 0.0077 0.0211 0.0074 0.0111 0.0152 0.0078 0.0070 0.0120 
         388  1 0.0204 0.0171 0.0429 0.0269 0.0138 0.0101 0.4873 0.0218 0.3469 0.0128 
         391  1 0.2090 0.0103 0.0664 0.1101 0.0061 0.4014 0.1596 0.0101 0.0192 0.0079 
         401  1 0.0110 0.0627 0.2558 0.1112 0.3293 0.0488 0.0204 0.0088 0.0068 0.1452 
         406  1 0.0161 0.0291 0.0709 0.1150 0.0119 0.0733 0.5773 0.0129 0.0701 0.0234 
         412  1 0.0260 0.0111 0.0421 0.2707 0.0172 0.0192 0.5413 0.0186 0.0403 0.0134 
         413  1 0.0061 0.0424 0.0432 0.7399 0.0100 0.0033 0.0736 0.0224 0.0138 0.0453 
         421  1 0.0104 0.0100 0.0363 0.0357 0.0146 0.0113 0.0283 0.8278 0.0119 0.0137 
         423  1 0.0101 0.0111 0.0191 0.0200 0.0217 0.0192 0.0064 0.8742 0.0130 0.0053 
         424  1 0.0225 0.0292 0.0384 0.3669 0.0092 0.1768 0.3144 0.0101 0.0197 0.0128 
         426  1 0.7489 0.0210 0.0349 0.0367 0.0388 0.0227 0.0407 0.0252 0.0125 0.0187 
         430  1 0.0192 0.0082 0.0251 0.3631 0.0109 0.0361 0.4614 0.0190 0.0145 0.0426 
         435  1 0.0127 0.0045 0.0124 0.4810 0.0040 0.0045 0.0620 0.0147 0.0353 0.3689 
         476  1 0.0162 0.0258 0.0494 0.0283 0.0825 0.7225 0.0114 0.0319 0.0067 0.0253 
         478  1 0.0158 0.0176 0.0201 0.0129 0.0109 0.5601 0.0124 0.3382 0.0066 0.0053 
         484  1 0.0105 0.0057 0.0146 0.0138 0.0084 0.0144 0.4393 0.0065 0.4591 0.0278 
         489  1 0.3664 0.0068 0.0131 0.1476 0.0052 0.0097 0.0393 0.3513 0.0536 0.0070 
         493  1 0.0132 0.8769 0.0304 0.0127 0.0226 0.0088 0.0122 0.0086 0.0056 0.0089 
         494  1 0.0302 0.6466 0.2124 0.0380 0.0076 0.0142 0.0058 0.0316 0.0066 0.0071 
         500  1 0.0079 0.0092 0.0167 0.0055 0.8890 0.0193 0.0043 0.0402 0.0034 0.0045 
         504  1 0.0502 0.0212 0.0558 0.0148 0.0490 0.0096 0.2203 0.0263 0.5377 0.0152 
         506  1 0.0076 0.0052 0.0082 0.0076 0.1854 0.0095 0.0160 0.0066 0.7498 0.0041 
