          1*  1 0.0081 0.0092 0.8746 0.0267 0.0666 0.0148 
           3  1 0.0057 0.0054 0.0055 0.0070 0.0052 0.9712 
           6  1 0.0249 0.0146 0.0066 0.0215 0.0126 0.9197 
           8  1 0.9532 0.0043 0.0102 0.0104 0.0155 0.0064 
          10  1 0.1942 0.0050 0.0092 0.0046 0.7771 0.0099 
          11  1 0.0644 0.0785 0.7614 0.0229 0.0281 0.0446 
          12  1 0.0080 0.0061 0.0047 0.0050 0.9710 0.0052 
          16  1 0.0161 0.0058 0.0065 0.0055 0.0086 0.9575 
          18  1 0.0088 0.0049 0.9659 0.0053 0.0056 0.0095 
          19  1 0.0371 0.0515 0.8573 0.0276 0.0116 0.0149 
          21  1 0.0237 0.0086 0.0067 0.0068 0.0086 0.9456 
          23  1 0.0187 0.0585 0.0100 0.0170 0.8825 0.0133 
          24  1 0.2391 0.0441 0.2393 0.0107 0.4503 0.0166 
          25  1 0.0681 0.0139 0.0150 0.0111 0.8456 0.0464 
         26*  1 0.6876 0.0052 0.0270 0.0078 0.1790 0.0934 
          28  1 0.7720 0.0083 0.0086 0.0070 0.1484 0.0557 
          29  1 0.1525 0.0060 0.0166 0.0061 0.8125 0.0063 
          30  1 0.4604 0.0083 0.0233 0.3433 0.0572 0.1074 
          33  1 0.0046 0.0232 0.9493 0.0105 0.0061 0.0064 
          37  1 0.0084 0.0088 0.9416 0.0059 0.0228 0.0125 
          38  1 0.0165 0.0049 0.9528 0.0041 0.0122 0.0093 
          43  1 0.1902 0.0087 0.0113 0.0067 0.7513 0.0318 
          44  1 0.5785 0.0110 0.0109 0.0348 0.0074 0.3574 
          48  1 0.0061 0.0045 0.9635 0.0051 0.0065 0.0142 
          55  1 0.7329 0.0128 0.0135 0.0274 0.0144 0.1991 
          59  1 0.0064 0.0043 0.0057 0.0052 0.0041 0.9744 
          60  1 0.0058 0.2380 0.0995 0.3011 0.3327 0.0229 
          61  1 0.0082 0.9126 0.0091 0.0462 0.0096 0.0142 
          62  1 0.0115 0.8949 0.0203 0.0276 0.0314 0.0143 
          65  1 0.0101 0.0130 0.9394 0.0249 0.0071 0.0055 
          73  1 0.0118 0.0058 0.0093 0.8843 0.0820 0.0067 
          75  1 0.0112 0.9131 0.0207 0.0384 0.0051 0.0115 
          76  1 0.0045 0.9698 0.0046 0.0074 0.0080 0.0056 
          77  1 0.0046 0.9657 0.0080 0.0062 0.0093 0.0062 
          78  1 0.0109 0.1508 0.0165 0.7983 0.0166 0.0068 
          79  1 0.0065 0.9250 0.0101 0.0500 0.0043 0.0041 
          84  1 0.1145 0.0487 0.0190 0.0329 0.1155 0.6695 
          85  1 0.9497 0.0074 0.0107 0.0137 0.0073 0.0112 
          86  1 0.9278 0.0112 0.0199 0.0194 0.0158 0.0060 
          89  1 0.0140 0.0772 0.0316 0.0201 0.3010 0.5561 
          94  1 0.0125 0.0069 0.0272 0.0049 0.9359 0.0126 
          95  1 0.0133 0.0064 0.0102 0.0095 0.0055 0.9551 
          96  1 0.9702 0.0056 0.0050 0.0053 0.0093 0.0046 
          98  1 0.0076 0.0684 0.0088 0.8895 0.0160 0.0097 
         102  1 0.0066 0.0164 0.8989 0.0116 0.0296 0.0368 
         105  1 0.0054 0.0050 0.0088 0.9699 0.0051 0.0057 
         106  1 0.0299 0.5943 0.0364 0.1933 0.0081 0.1380 
         108  1 0.0101 0.0263 0.0632 0.8800 0.0123 0.0080 
         109  1 0.0148 0.0106 0.0065 0.9514 0.0061 0.0105 
         112  1 0.1312 0.7149 0.0420 0.0154 0.0860 0.0105 
         115  1 0.0109 0.0121 0.8505 0.0394 0.0729 0.0143 
         116  1 0.9467 0.0089 0.0149 0.0124 0.0064 0.0107 
         117  1 0.2269 0.0281 0.0172 0.0258 0.3094 0.3926 
         129  1 0.9389 0.0040 0.0079 0.0057 0.0087 0.0348 
         132  1 0.0068 0.0743 0.2256 0.0936 0.5705 0.0292 
         133  1 0.0051 0.0943 0.0072 0.8691 0.0128 0.0115 
         137  1 0.0100 0.9164 0.0124 0.0183 0.0266 0.0164 
         139  1 0.0178 0.9243 0.0235 0.0135 0.0087 0.0122 
         140  1 0.0068 0.0133 0.0065 0.9574 0.0055 0.0105 
         142  1 0.0055 0.9490 0.0075 0.0123 0.0096 0.0161 
         144  1 0.0042 0.0056 0.0053 0.9744 0.0042 0.0061 
         145  1 0.0056 0.9541 0.0083 0.0160 0.0073 0.0087 
         147  1 0.0084 0.0094 0.0066 0.9672 0.0041 0.0042 
         160  1 0.0181 0.0056 0.0095 0.0047 0.9527 0.0094 
        162*  1 0.9703 0.0060 0.0047 0.0049 0.0097 0.0044 
         166  1 0.0093 0.2663 0.0129 0.6443 0.0358 0.0313 
         177  1 0.0055 0.9765 0.0050 0.0042 0.0047 0.0041 
         178  1 0.0167 0.8242 0.0216 0.0894 0.0390 0.0091 
         186  1 0.0055 0.0045 0.0047 0.0041 0.0060 0.9751 
         189  1 0.9634 0.0091 0.0064 0.0039 0.0101 0.0072 
         190  1 0.8473 0.0145 0.0148 0.0122 0.0722 0.0390 
         191  1 0.3348 0.0391 0.0129 0.0475 0.0293 0.5364 
         193  1 0.0108 0.8884 0.0133 0.0237 0.0217 0.0421 
         202  1 0.3106 0.0147 0.0533 0.0086 0.6029 0.0099 
         204  1 0.9508 0.0036 0.0043 0.0044 0.0071 0.0298 
         211  1 0.0096 0.0841 0.0351 0.3649 0.4960 0.0102 
         216  1 0.0050 0.0385 0.0062 0.9274 0.0181 0.0048 
         222  1 0.0195 0.0213 0.0503 0.8884 0.0126 0.0079 
         224  1 0.9447 0.0091 0.0102 0.0095 0.0134 0.0131 
         226  1 0.0066 0.0056 0.0077 0.0048 0.0051 0.9702 
         229  1 0.7434 0.0637 0.0445 0.0691 0.0664 0.0129 
         230  1 0.9119 0.0284 0.0148 0.0129 0.0174 0.0146 
         232  1 0.1487 0.1570 0.0327 0.0311 0.5330 0.0975 
         238  1 0.0736 0.1620 0.7129 0.0318 0.0135 0.0062 
         242  1 0.0063 0.0043 0.9717 0.0072 0.0045 0.0059 
         243  1 0.0093 0.0283 0.8403 0.0753 0.0141 0.0326 
         244  1 0.0117 0.1545 0.8059 0.0106 0.0105 0.0067 
         251  1 0.0287 0.0296 0.8013 0.0210 0.1103 0.0091 
         266  1 0.0185 0.6974 0.2233 0.0291 0.0186 0.0131 
         267  1 0.0460 0.0140 0.0168 0.8838 0.0150 0.0244 
         268  1 0.0052 0.1578 0.0121 0.7728 0.0431 0.0090 
         270  1 0.9260 0.0102 0.0131 0.0102 0.0140 0.0264 
         276  1 0.3383 0.0967 0.0198 0.0800 0.0368 0.4283 
         298  1 0.0060 0.0570 0.0093 0.9049 0.0115 0.0114 
         306  1 0.0076 0.6290 0.0495 0.2484 0.0543 0.0113 
         308  1 0.0096 0.6480 0.0391 0.2099 0.0862 0.0072 
         311  1 0.0292 0.0771 0.2187 0.6278 0.0360 0.0112 
         323  1 0.0072 0.0048 0.0073 0.0055 0.0044 0.9708 
         327  1 0.6702 0.0079 0.0188 0.0162 0.2703 0.0166 
         334  1 0.0107 0.0147 0.9200 0.0410 0.0089 0.0047 
         338  1 0.0117 0.0576 0.0169 0.8654 0.0296 0.0188 
         341  1 0.0071 0.0074 0.0097 0.0050 0.0100 0.9608 
         346  1 0.0080 0.8345 0.0090 0.0168 0.1162 0.0155 
         348  1 0.0082 0.1511 0.0193 0.8088 0.0058 0.0067 
         351  1 0.0087 0.0248 0.8697 0.0165 0.0626 0.0177 
         362  1 0.9319 0.0059 0.0064 0.0057 0.0252 0.0249 
         364  1 0.0051 0.0156 0.9456 0.0122 0.0108 0.0107 
         366  1 0.0412 0.0122 0.8916 0.0275 0.0155 0.0119 
         376  1 0.0247 0.0283 0.0077 0.0073 0.0261 0.9059 
         377  1 0.2313 0.0279 0.0240 0.0892 0.5924 0.0352 
         378  1 0.0080 0.0110 0.0046 0.0072 0.9600 0.0092 
         388  1 0.0089 0.0103 0.0123 0.9391 0.0205 0.0088 
         391  1 0.0065 0.0391 0.0122 0.0249 0.4110 0.5063 
         401  1 0.3625 0.2337 0.2686 0.0161 0.0106 0.1084 
         406  1 0.0105 0.0835 0.0504 0.7060 0.0444 0.1052 
         412  1 0.0202 0.1271 0.0236 0.7381 0.0635 0.0275 
         413  1 0.0185 0.9226 0.0241 0.0217 0.0091 0.0041 
         421  1 0.6685 0.1875 0.0406 0.0528 0.0243 0.0263 
         423  1 0.8077 0.0466 0.0670 0.0453 0.0195 0.0140 
         424  1 0.0098 0.3262 0.0444 0.0801 0.1759 0.3635 
         426  1 0.0253 0.0193 0.0155 0.0128 0.9078 0.0193 
         430  1 0.0174 0.7553 0.0126 0.1063 0.0485 0.0599 
         435  1 0.0048 0.9455 0.0047 0.0275 0.0130 0.0044 
         476  1 0.0996 0.0282 0.0283 0.0066 0.0182 0.8191 
         478  1 0.2014 0.0068 0.0267 0.0108 0.0174 0.7369 
         484  1 0.0059 0.0228 0.0058 0.9441 0.0096 0.0118 
         489  1 0.0353 0.0190 0.0094 0.1133 0.8111 0.0120 
         493  1 0.0112 0.0084 0.9542 0.0073 0.0119 0.0070 
         494  1 0.0166 0.0085 0.9346 0.0062 0.0222 0.0118 
         500  1 0.9594 0.0039 0.0069 0.0039 0.0085 0.0173 
         504  1 0.0358 0.0078 0.0191 0.9041 0.0254 0.0078 
         506  1 0.0733 0.0053 0.0064 0.8900 0.0098 0.0152 
