          1*  1 0.0124 0.0297 0.0052 0.0150 0.6362 0.0071 0.0107 0.2075 0.0093 0.0668 
           3  1 0.0076 0.0058 0.0046 0.9414 0.0061 0.0061 0.0064 0.0073 0.0088 0.0059 
           6  1 0.0153 0.0124 0.0137 0.8462 0.0056 0.0168 0.0229 0.0415 0.0131 0.0123 
           8  1 0.0160 0.0329 0.0037 0.0066 0.0160 0.3877 0.5124 0.0052 0.0059 0.0136 
          10  1 0.0034 0.7651 0.0051 0.0071 0.0062 0.0062 0.1898 0.0056 0.0044 0.0073 
          11  1 0.0080 0.0196 0.0285 0.0311 0.1373 0.1214 0.0105 0.0446 0.0147 0.5845 
          12  1 0.0055 0.9310 0.0047 0.0061 0.0048 0.0064 0.0123 0.0131 0.0096 0.0065 
          16  1 0.0052 0.0117 0.0061 0.9170 0.0067 0.0123 0.0172 0.0070 0.0085 0.0084 
          18  1 0.0066 0.0063 0.0042 0.0076 0.9343 0.0133 0.0069 0.0043 0.0071 0.0095 
          19  1 0.0146 0.0113 0.0553 0.0162 0.0965 0.0290 0.0226 0.0103 0.0104 0.7337 
          21  1 0.0062 0.0102 0.0083 0.8909 0.0066 0.0134 0.0326 0.0095 0.0115 0.0108 
          23  1 0.0113 0.5516 0.0251 0.0128 0.0104 0.0104 0.0400 0.1615 0.1350 0.0419 
          24  1 0.0070 0.4354 0.0333 0.0162 0.0542 0.0164 0.0877 0.0186 0.0099 0.3213 
          25  1 0.0073 0.6022 0.0058 0.0303 0.0113 0.0893 0.0122 0.1673 0.0274 0.0469 
         26*  1 0.0052 0.1946 0.0053 0.2480 0.0153 0.0237 0.4595 0.0107 0.0060 0.0316 
          28  1 0.0067 0.3395 0.0059 0.1135 0.0080 0.4265 0.0674 0.0116 0.0071 0.0140 
          29  1 0.0052 0.7922 0.0060 0.0056 0.0136 0.0096 0.1445 0.0062 0.0054 0.0117 
          30  1 0.2826 0.1480 0.0080 0.1316 0.0165 0.0273 0.2910 0.0341 0.0071 0.0538 
          33  1 0.0117 0.0056 0.0967 0.0064 0.7242 0.0049 0.0058 0.0172 0.0055 0.1219 
          37  1 0.0057 0.0362 0.0093 0.0128 0.8852 0.0098 0.0063 0.0098 0.0098 0.0150 
          38  1 0.0046 0.0163 0.0049 0.0107 0.8959 0.0153 0.0124 0.0041 0.0056 0.0303 
          43  1 0.0059 0.7941 0.0084 0.0427 0.0100 0.0650 0.0380 0.0147 0.0057 0.0155 
          44  1 0.0335 0.0081 0.0047 0.1942 0.0081 0.6839 0.0256 0.0064 0.0193 0.0163 
          48  1 0.0057 0.0063 0.0040 0.0125 0.9399 0.0069 0.0060 0.0050 0.0064 0.0073 
          55  1 0.0118 0.0119 0.0100 0.2473 0.0121 0.5301 0.0697 0.0560 0.0086 0.0425 
          59  1 0.0067 0.0043 0.0043 0.9477 0.0069 0.0070 0.0054 0.0066 0.0049 0.0061 
          60  1 0.0059 0.0324 0.0112 0.0092 0.0104 0.0056 0.0043 0.8984 0.0099 0.0127 
          61  1 0.0577 0.0082 0.4407 0.0171 0.0099 0.0148 0.0080 0.2479 0.1716 0.0242 
          62  1 0.0182 0.0705 0.1177 0.0146 0.0255 0.0726 0.0070 0.0523 0.5737 0.0479 
          65  1 0.0244 0.0078 0.0146 0.0053 0.7094 0.0121 0.0083 0.0222 0.0075 0.1883 
          73  1 0.7247 0.1493 0.0053 0.0058 0.0077 0.0218 0.0060 0.0523 0.0153 0.0118 
          75  1 0.0386 0.0046 0.8955 0.0092 0.0105 0.0071 0.0100 0.0053 0.0059 0.0133 
          76  1 0.0060 0.0131 0.9127 0.0069 0.0047 0.0077 0.0045 0.0139 0.0228 0.0076 
          77  1 0.0043 0.0099 0.8262 0.0077 0.0075 0.0062 0.0048 0.1098 0.0129 0.0107 
          78  1 0.4421 0.0142 0.3892 0.0078 0.0142 0.0235 0.0086 0.0362 0.0258 0.0385 
          79  1 0.0761 0.0052 0.7498 0.0054 0.0117 0.0118 0.0062 0.0095 0.0682 0.0561 
          84  1 0.0174 0.0692 0.0139 0.4902 0.0105 0.0910 0.0708 0.0329 0.1577 0.0464 
          85  1 0.0118 0.0082 0.0059 0.0108 0.0102 0.8648 0.0452 0.0091 0.0105 0.0234 
          86  1 0.0171 0.0172 0.0124 0.0079 0.0117 0.5316 0.1742 0.0124 0.0132 0.2023 
          89  1 0.0081 0.1908 0.0201 0.4853 0.0170 0.0164 0.0117 0.0360 0.1659 0.0487 
          94  1 0.0049 0.8950 0.0058 0.0128 0.0336 0.0145 0.0074 0.0070 0.0086 0.0105 
          95  1 0.0100 0.0054 0.0058 0.9151 0.0137 0.0097 0.0113 0.0142 0.0054 0.0093 
          96  1 0.0055 0.0070 0.0071 0.0039 0.0046 0.0161 0.9353 0.0045 0.0099 0.0061 
          98  1 0.0586 0.0090 0.0200 0.0056 0.0056 0.0071 0.0065 0.8336 0.0381 0.0159 
         102  1 0.0090 0.0241 0.0107 0.0310 0.3280 0.0081 0.0058 0.0163 0.0187 0.5484 
         105  1 0.9579 0.0044 0.0037 0.0048 0.0068 0.0046 0.0040 0.0044 0.0049 0.0045 
         106  1 0.0913 0.0047 0.3567 0.0709 0.0220 0.0854 0.0056 0.0183 0.0976 0.2475 
         108  1 0.8022 0.0086 0.0312 0.0070 0.0490 0.0101 0.0082 0.0360 0.0075 0.0402 
         109  1 0.4687 0.0088 0.0485 0.0159 0.0092 0.0112 0.0392 0.2531 0.0186 0.1268 
         112  1 0.0088 0.0506 0.0821 0.0123 0.0186 0.2487 0.0367 0.1225 0.2168 0.2030 
         115  1 0.0200 0.0662 0.0216 0.0165 0.2027 0.0265 0.0062 0.0740 0.0081 0.5582 
         116  1 0.0125 0.0197 0.0053 0.0098 0.0182 0.7253 0.1510 0.0053 0.0165 0.0365 
         117  1 0.0130 0.2471 0.0248 0.2697 0.0138 0.0154 0.2887 0.0746 0.0281 0.0247 
         129  1 0.0047 0.0137 0.0041 0.1780 0.0086 0.0571 0.7127 0.0061 0.0046 0.0103 
         132  1 0.0104 0.1678 0.0136 0.0230 0.0584 0.0120 0.0056 0.6509 0.0125 0.0460 
         133  1 0.0557 0.0065 0.0275 0.0061 0.0050 0.0062 0.0034 0.8430 0.0353 0.0112 
         137  1 0.0079 0.0168 0.4429 0.0156 0.0108 0.0158 0.0075 0.4314 0.0256 0.0258 
         139  1 0.0097 0.0072 0.9034 0.0088 0.0112 0.0107 0.0180 0.0061 0.0075 0.0174 
         140  1 0.6882 0.0061 0.0433 0.0209 0.0093 0.0101 0.0127 0.1484 0.0352 0.0259 
         142  1 0.0125 0.0135 0.4594 0.0261 0.0086 0.0121 0.0048 0.0302 0.4127 0.0201 
         144  1 0.9526 0.0038 0.0053 0.0066 0.0048 0.0043 0.0031 0.0089 0.0060 0.0046 
         145  1 0.0063 0.0037 0.0080 0.0042 0.0056 0.0056 0.0034 0.0057 0.9524 0.0052 
         147  1 0.8740 0.0052 0.0459 0.0047 0.0082 0.0195 0.0067 0.0098 0.0113 0.0145 
         160  1 0.0049 0.9376 0.0057 0.0099 0.0093 0.0064 0.0085 0.0056 0.0054 0.0069 
        162*  1 0.0054 0.0073 0.0070 0.0038 0.0047 0.0149 0.9359 0.0044 0.0101 0.0066 
         166  1 0.0141 0.0060 0.0148 0.0181 0.0061 0.0087 0.0061 0.9107 0.0067 0.0087 
         177  1 0.0035 0.0043 0.9595 0.0041 0.0038 0.0043 0.0049 0.0049 0.0055 0.0052 
         178  1 0.0334 0.0405 0.7822 0.0083 0.0093 0.0151 0.0119 0.0481 0.0158 0.0354 
         186  1 0.0042 0.0067 0.0046 0.9534 0.0049 0.0057 0.0052 0.0057 0.0053 0.0044 
         189  1 0.0035 0.0164 0.0083 0.0069 0.0070 0.8890 0.0465 0.0040 0.0099 0.0087 
         190  1 0.0095 0.1288 0.0218 0.0550 0.0193 0.0679 0.5930 0.0446 0.0203 0.0397 
         191  1 0.0182 0.0163 0.0182 0.2558 0.0084 0.6015 0.0133 0.0108 0.0353 0.0221 
         193  1 0.0104 0.0138 0.0111 0.0362 0.0111 0.0181 0.0074 0.0108 0.8698 0.0112 
         202  1 0.0080 0.2610 0.0068 0.0063 0.0219 0.0157 0.3355 0.0338 0.0548 0.2561 
         204  1 0.0044 0.0075 0.0036 0.1004 0.0046 0.0118 0.8535 0.0039 0.0042 0.0061 
         211  1 0.1073 0.1525 0.0551 0.0116 0.0204 0.0086 0.0243 0.5051 0.0324 0.0829 
         216  1 0.4644 0.0147 0.0278 0.0045 0.0058 0.0084 0.0040 0.4422 0.0123 0.0159 
         222  1 0.3860 0.0053 0.0094 0.0071 0.0296 0.4287 0.0042 0.0434 0.0178 0.0685 
         224  1 0.0067 0.0134 0.0060 0.0089 0.0073 0.9256 0.0100 0.0052 0.0093 0.0076 
         226  1 0.0040 0.0047 0.0050 0.9382 0.0076 0.0045 0.0085 0.0096 0.0045 0.0135 
         229  1 0.0449 0.0721 0.0204 0.0075 0.0182 0.0413 0.5283 0.0441 0.1048 0.1185 
         230  1 0.0149 0.0225 0.0568 0.0171 0.0126 0.0463 0.7567 0.0119 0.0110 0.0501 
         232  1 0.0170 0.4171 0.0415 0.0520 0.0167 0.0658 0.0613 0.0548 0.1641 0.1096 
         238  1 0.0127 0.0071 0.0545 0.0059 0.1608 0.0179 0.0367 0.0172 0.0229 0.6644 
         242  1 0.0106 0.0045 0.0043 0.0061 0.9038 0.0114 0.0046 0.0130 0.0059 0.0358 
         243  1 0.0168 0.0097 0.0209 0.0246 0.4009 0.0112 0.0072 0.1644 0.0156 0.3289 
         244  1 0.0071 0.0094 0.1640 0.0062 0.2215 0.0092 0.0093 0.0140 0.0145 0.5446 
         251  1 0.0122 0.0539 0.0129 0.0086 0.0876 0.0195 0.0198 0.0170 0.0709 0.6976 
         266  1 0.0103 0.0083 0.3698 0.0099 0.0634 0.0077 0.0274 0.1037 0.0176 0.3820 
         267  1 0.4401 0.0092 0.0167 0.0324 0.0212 0.0099 0.1415 0.2550 0.0157 0.0583 
         268  1 0.1175 0.0438 0.3442 0.0064 0.0077 0.0060 0.0043 0.4352 0.0120 0.0230 
         270  1 0.0123 0.0566 0.0072 0.0863 0.0313 0.4646 0.2726 0.0096 0.0166 0.0429 
         276  1 0.0362 0.0396 0.0307 0.1612 0.0117 0.6179 0.0118 0.0338 0.0228 0.0342 
         298  1 0.6987 0.0140 0.1272 0.0202 0.0116 0.0109 0.0049 0.0676 0.0195 0.0255 
         306  1 0.0113 0.0067 0.0085 0.0067 0.0128 0.0117 0.0039 0.5913 0.3271 0.0201 
         308  1 0.1579 0.0695 0.3029 0.0064 0.0317 0.0171 0.0078 0.0425 0.2574 0.1070 
         311  1 0.0558 0.0131 0.0102 0.0080 0.0524 0.0255 0.0306 0.1908 0.2786 0.3351 
         323  1 0.0062 0.0044 0.0043 0.9445 0.0083 0.0066 0.0086 0.0051 0.0058 0.0063 
         327  1 0.0095 0.3640 0.0071 0.0197 0.0165 0.1060 0.3639 0.0338 0.0120 0.0675 
         334  1 0.0185 0.0095 0.0077 0.0051 0.3321 0.0156 0.0066 0.0198 0.0261 0.5589 
         338  1 0.1826 0.0277 0.0146 0.0172 0.0130 0.0355 0.0153 0.2687 0.2835 0.1417 
         341  1 0.0046 0.0065 0.0061 0.9211 0.0116 0.0065 0.0073 0.0169 0.0096 0.0097 
         346  1 0.0064 0.0408 0.3485 0.0117 0.0075 0.0071 0.0106 0.5238 0.0244 0.0190 
         348  1 0.4629 0.0071 0.2566 0.0079 0.0226 0.0301 0.0072 0.0339 0.0966 0.0752 
         351  1 0.0084 0.0494 0.0160 0.0197 0.3181 0.0207 0.0053 0.2734 0.0121 0.2769 
         362  1 0.0063 0.0191 0.0056 0.0297 0.0072 0.0078 0.9010 0.0070 0.0086 0.0079 
         364  1 0.0100 0.0114 0.0106 0.0103 0.8257 0.0072 0.0050 0.0445 0.0332 0.0421 
         366  1 0.0251 0.0120 0.0125 0.0135 0.6768 0.0127 0.0612 0.0343 0.0081 0.1438 
         376  1 0.0062 0.0328 0.0167 0.8181 0.0073 0.0249 0.0121 0.0175 0.0473 0.0171 
         377  1 0.0200 0.1905 0.0077 0.0146 0.0088 0.5579 0.0160 0.0196 0.1194 0.0454 
         378  1 0.0076 0.8959 0.0132 0.0112 0.0045 0.0072 0.0077 0.0190 0.0262 0.0075 
         388  1 0.3161 0.0231 0.0126 0.0100 0.0174 0.0220 0.0137 0.5159 0.0298 0.0396 
         391  1 0.0208 0.1923 0.0075 0.4175 0.0116 0.0103 0.0059 0.1432 0.1405 0.0506 
         401  1 0.0076 0.0109 0.1465 0.0401 0.0638 0.0091 0.3428 0.0138 0.0902 0.2752 
         406  1 0.0718 0.0152 0.0221 0.0863 0.0313 0.0141 0.0117 0.5568 0.1055 0.0852 
         412  1 0.0388 0.0282 0.0124 0.0200 0.0129 0.0189 0.0193 0.5013 0.3038 0.0444 
         413  1 0.0162 0.0056 0.0194 0.0033 0.0454 0.0132 0.0105 0.0098 0.8358 0.0406 
         421  1 0.0125 0.0089 0.0124 0.0132 0.0099 0.8338 0.0130 0.0281 0.0320 0.0362 
         423  1 0.0152 0.0097 0.0051 0.0177 0.0137 0.8627 0.0230 0.0059 0.0207 0.0264 
         424  1 0.0185 0.0220 0.0111 0.1949 0.0290 0.0108 0.0095 0.2242 0.4405 0.0396 
         426  1 0.0123 0.7056 0.0191 0.0226 0.0209 0.0273 0.0491 0.0616 0.0488 0.0326 
         430  1 0.0172 0.0175 0.0324 0.0396 0.0082 0.0212 0.0107 0.3840 0.4436 0.0255 
         435  1 0.0315 0.0119 0.3518 0.0043 0.0046 0.0116 0.0040 0.0203 0.5494 0.0105 
         476  1 0.0069 0.0155 0.0262 0.7145 0.0257 0.0371 0.0873 0.0099 0.0269 0.0500 
         478  1 0.0068 0.0153 0.0056 0.5527 0.0181 0.3497 0.0106 0.0129 0.0095 0.0188 
         484  1 0.4351 0.0093 0.0309 0.0132 0.0063 0.0065 0.0080 0.4639 0.0143 0.0124 
         489  1 0.0517 0.3201 0.0076 0.0097 0.0072 0.3626 0.0050 0.0344 0.1859 0.0158 
         493  1 0.0055 0.0124 0.0083 0.0090 0.8776 0.0083 0.0224 0.0102 0.0116 0.0347 
         494  1 0.0074 0.0310 0.0074 0.0127 0.6937 0.0335 0.0079 0.0056 0.0100 0.1908 
         500  1 0.0038 0.0071 0.0045 0.0177 0.0097 0.0401 0.8908 0.0052 0.0036 0.0175 
         504  1 0.5264 0.0586 0.0151 0.0102 0.0210 0.0243 0.0540 0.2148 0.0105 0.0652 
         506  1 0.7587 0.0071 0.0043 0.0092 0.0053 0.0065 0.1811 0.0124 0.0076 0.0077 
