          1*  1 0.0072 0.0468 0.0146 0.0290 0.0455 0.8486 0.0083 
           3  1 0.0049 0.0060 0.9631 0.0071 0.0070 0.0059 0.0060 
           6  1 0.0153 0.0145 0.9017 0.0221 0.0200 0.0060 0.0204 
           8  1 0.0042 0.0259 0.0070 0.0132 0.0081 0.0112 0.9304 
          10  1 0.0052 0.8757 0.0083 0.0040 0.0050 0.0088 0.0930 
          11  1 0.0608 0.0290 0.0451 0.0168 0.1460 0.6369 0.0655 
          12  1 0.0054 0.9625 0.0058 0.0054 0.0093 0.0049 0.0068 
          16  1 0.0060 0.0102 0.9464 0.0059 0.0077 0.0070 0.0167 
          18  1 0.0043 0.0066 0.0096 0.0052 0.0070 0.9586 0.0088 
          19  1 0.0815 0.0118 0.0156 0.0264 0.0167 0.8050 0.0430 
          21  1 0.0084 0.0094 0.9308 0.0066 0.0099 0.0067 0.0283 
          23  1 0.0313 0.6999 0.0118 0.0173 0.2115 0.0104 0.0177 
          24  1 0.0548 0.5889 0.0176 0.0108 0.0146 0.1648 0.1486 
          25  1 0.0083 0.7660 0.0386 0.0136 0.1033 0.0153 0.0549 
         26*  1 0.0052 0.2599 0.1201 0.0075 0.0071 0.0192 0.5809 
          28  1 0.0074 0.3017 0.0767 0.0071 0.0125 0.0079 0.5867 
          29  1 0.0060 0.8968 0.0059 0.0053 0.0061 0.0142 0.0657 
          30  1 0.0079 0.1650 0.1112 0.3135 0.0127 0.0226 0.3671 
          33  1 0.0474 0.0056 0.0060 0.0108 0.0091 0.9165 0.0047 
          37  1 0.0079 0.0288 0.0129 0.0058 0.0093 0.9269 0.0085 
          38  1 0.0047 0.0151 0.0097 0.0042 0.0047 0.9463 0.0153 
          43  1 0.0083 0.8142 0.0318 0.0065 0.0096 0.0101 0.1196 
          44  1 0.0076 0.0086 0.3846 0.0389 0.0270 0.0105 0.5228 
          48  1 0.0042 0.0065 0.0142 0.0056 0.0066 0.9566 0.0063 
          55  1 0.0141 0.0147 0.2025 0.0268 0.0296 0.0136 0.6987 
          59  1 0.0042 0.0041 0.9679 0.0054 0.0055 0.0067 0.0062 
          60  1 0.1126 0.1368 0.0150 0.1357 0.5549 0.0402 0.0048 
          61  1 0.6167 0.0085 0.0175 0.0621 0.2746 0.0107 0.0098 
          62  1 0.1494 0.0307 0.0111 0.0196 0.7599 0.0178 0.0116 
          65  1 0.0143 0.0075 0.0053 0.0261 0.0090 0.9267 0.0112 
          73  1 0.0051 0.0851 0.0066 0.8632 0.0204 0.0088 0.0108 
          75  1 0.9267 0.0051 0.0087 0.0346 0.0054 0.0119 0.0076 
          76  1 0.9491 0.0110 0.0060 0.0071 0.0167 0.0051 0.0050 
          77  1 0.8829 0.0094 0.0073 0.0053 0.0821 0.0081 0.0048 
          78  1 0.2496 0.0159 0.0078 0.6574 0.0397 0.0179 0.0118 
          79  1 0.8490 0.0058 0.0050 0.0790 0.0374 0.0158 0.0080 
          84  1 0.0221 0.0906 0.5986 0.0261 0.1210 0.0156 0.1261 
          85  1 0.0072 0.0070 0.0109 0.0131 0.0133 0.0119 0.9366 
          86  1 0.0115 0.0156 0.0057 0.0196 0.0129 0.0197 0.9150 
          89  1 0.0260 0.1987 0.4894 0.0155 0.2281 0.0263 0.0161 
          94  1 0.0064 0.9266 0.0121 0.0049 0.0102 0.0283 0.0113 
          95  1 0.0064 0.0055 0.9477 0.0083 0.0102 0.0097 0.0122 
          96  1 0.0058 0.0095 0.0045 0.0050 0.0059 0.0049 0.9643 
          98  1 0.0532 0.0140 0.0076 0.4819 0.4250 0.0103 0.0079 
         102  1 0.0144 0.0290 0.0357 0.0121 0.0212 0.8815 0.0061 
         105  1 0.0045 0.0053 0.0050 0.9678 0.0052 0.0076 0.0046 
         106  1 0.4948 0.0054 0.1099 0.1732 0.1641 0.0299 0.0226 
         108  1 0.0244 0.0106 0.0075 0.8612 0.0215 0.0656 0.0093 
         109  1 0.0268 0.0077 0.0102 0.8816 0.0476 0.0090 0.0170 
         112  1 0.1426 0.0402 0.0091 0.0136 0.6322 0.0332 0.1291 
         115  1 0.0191 0.0817 0.0166 0.0379 0.0285 0.8039 0.0123 
         116  1 0.0062 0.0090 0.0130 0.0169 0.0192 0.0185 0.9172 
         117  1 0.0263 0.4068 0.3063 0.0193 0.0368 0.0164 0.1881 
         129  1 0.0040 0.0113 0.0453 0.0055 0.0054 0.0083 0.9201 
         132  1 0.0505 0.3628 0.0254 0.0727 0.3354 0.1464 0.0067 
         133  1 0.0841 0.0101 0.0096 0.4892 0.3940 0.0082 0.0048 
         137  1 0.6444 0.0209 0.0178 0.0182 0.2750 0.0133 0.0103 
         139  1 0.9368 0.0079 0.0089 0.0098 0.0077 0.0144 0.0145 
         140  1 0.0208 0.0055 0.0150 0.9097 0.0338 0.0076 0.0076 
         142  1 0.5928 0.0131 0.0283 0.0147 0.3355 0.0096 0.0061 
         144  1 0.0049 0.0039 0.0062 0.9697 0.0067 0.0048 0.0038 
         145  1 0.1666 0.0049 0.0070 0.0122 0.7979 0.0064 0.0051 
         147  1 0.0195 0.0040 0.0049 0.9476 0.0090 0.0067 0.0083 
         160  1 0.0057 0.9576 0.0093 0.0048 0.0059 0.0086 0.0082 
        162*  1 0.0059 0.0111 0.0043 0.0051 0.0059 0.0048 0.9628 
         166  1 0.1616 0.0088 0.0229 0.2581 0.5318 0.0088 0.0080 
         177  1 0.9728 0.0044 0.0042 0.0038 0.0056 0.0044 0.0048 
         178  1 0.8060 0.0410 0.0096 0.0698 0.0386 0.0176 0.0174 
         186  1 0.0045 0.0061 0.9700 0.0043 0.0054 0.0047 0.0051 
         189  1 0.0069 0.0126 0.0081 0.0039 0.0136 0.0072 0.9478 
         190  1 0.0132 0.1117 0.0360 0.0114 0.0231 0.0171 0.7875 
         191  1 0.0264 0.0277 0.5525 0.0487 0.0749 0.0136 0.2563 
         193  1 0.1174 0.0114 0.0286 0.0121 0.8108 0.0103 0.0093 
         202  1 0.0111 0.5065 0.0092 0.0127 0.0571 0.0601 0.3434 
         204  1 0.0038 0.0080 0.0332 0.0047 0.0046 0.0049 0.9409 
         211  1 0.0552 0.2891 0.0103 0.3708 0.2321 0.0308 0.0117 
         216  1 0.0380 0.0180 0.0052 0.8615 0.0655 0.0067 0.0051 
         222  1 0.0156 0.0076 0.0081 0.7652 0.1511 0.0383 0.0141 
         224  1 0.0072 0.0172 0.0179 0.0119 0.0247 0.0134 0.9077 
         226  1 0.0058 0.0047 0.9631 0.0046 0.0068 0.0080 0.0070 
         229  1 0.0301 0.0961 0.0097 0.0452 0.0790 0.0385 0.7014 
         230  1 0.0404 0.0251 0.0160 0.0144 0.0091 0.0120 0.8830 
         232  1 0.0636 0.4457 0.0656 0.0224 0.2473 0.0280 0.1275 
         238  1 0.1468 0.0110 0.0068 0.0281 0.0610 0.6633 0.0830 
         242  1 0.0042 0.0046 0.0058 0.0081 0.0071 0.9645 0.0057 
         243  1 0.0344 0.0118 0.0327 0.0438 0.0759 0.7910 0.0104 
         244  1 0.2113 0.0105 0.0066 0.0100 0.0212 0.7282 0.0124 
         251  1 0.0211 0.0995 0.0085 0.0187 0.0897 0.7342 0.0282 
         266  1 0.6350 0.0148 0.0120 0.0215 0.1073 0.1868 0.0226 
         267  1 0.0114 0.0136 0.0306 0.8496 0.0332 0.0205 0.0411 
         268  1 0.3288 0.0561 0.0085 0.5095 0.0803 0.0115 0.0052 
         270  1 0.0086 0.0203 0.0321 0.0121 0.0190 0.0167 0.8914 
         276  1 0.0648 0.0410 0.4410 0.0738 0.1287 0.0193 0.2314 
         298  1 0.0866 0.0128 0.0149 0.8442 0.0246 0.0105 0.0064 
         306  1 0.0661 0.0154 0.0076 0.1059 0.7769 0.0221 0.0060 
         308  1 0.3736 0.0698 0.0069 0.2949 0.2092 0.0365 0.0091 
         311  1 0.0220 0.0202 0.0098 0.2432 0.5323 0.1458 0.0268 
         323  1 0.0047 0.0047 0.9656 0.0056 0.0054 0.0068 0.0072 
         327  1 0.0074 0.3159 0.0169 0.0156 0.0196 0.0191 0.6055 
         334  1 0.0126 0.0105 0.0045 0.0365 0.0272 0.8981 0.0105 
         338  1 0.0200 0.0306 0.0199 0.5027 0.3916 0.0177 0.0175 
         341  1 0.0067 0.0066 0.9431 0.0053 0.0195 0.0117 0.0071 
         346  1 0.5160 0.0430 0.0117 0.0110 0.4016 0.0090 0.0076 
         348  1 0.1887 0.0069 0.0078 0.7041 0.0573 0.0256 0.0095 
         351  1 0.0227 0.0540 0.0173 0.0134 0.1167 0.7667 0.0092 
         362  1 0.0055 0.0323 0.0286 0.0061 0.0072 0.0066 0.9136 
         364  1 0.0104 0.0100 0.0099 0.0113 0.0292 0.9240 0.0052 
         366  1 0.0130 0.0138 0.0114 0.0255 0.0176 0.8752 0.0436 
         376  1 0.0202 0.0277 0.8707 0.0069 0.0414 0.0083 0.0249 
         377  1 0.0127 0.3138 0.0329 0.0836 0.3163 0.0215 0.2191 
         378  1 0.0120 0.9422 0.0098 0.0085 0.0161 0.0049 0.0065 
         388  1 0.0113 0.0254 0.0098 0.8616 0.0663 0.0157 0.0100 
         391  1 0.0110 0.2444 0.3943 0.0221 0.3090 0.0128 0.0064 
         401  1 0.1780 0.0143 0.0832 0.0125 0.0691 0.2614 0.3815 
         406  1 0.0310 0.0211 0.0775 0.2927 0.5311 0.0362 0.0104 
         412  1 0.0216 0.0310 0.0193 0.2081 0.6897 0.0134 0.0171 
         413  1 0.2001 0.0091 0.0038 0.0229 0.6994 0.0488 0.0160 
         421  1 0.0319 0.0200 0.0216 0.0281 0.3431 0.0248 0.5305 
         423  1 0.0124 0.0147 0.0139 0.0585 0.2176 0.0517 0.6312 
         424  1 0.0202 0.0320 0.1298 0.0260 0.7562 0.0274 0.0085 
         426  1 0.0172 0.8455 0.0223 0.0154 0.0604 0.0165 0.0227 
         430  1 0.0925 0.0194 0.0326 0.0458 0.7869 0.0090 0.0137 
         435  1 0.4949 0.0139 0.0050 0.0590 0.4160 0.0051 0.0062 
         476  1 0.0299 0.0159 0.7740 0.0068 0.0274 0.0312 0.1148 
         478  1 0.0063 0.0178 0.7225 0.0105 0.0143 0.0272 0.2014 
         484  1 0.0252 0.0102 0.0171 0.8418 0.0927 0.0067 0.0063 
         489  1 0.0100 0.4725 0.0103 0.0912 0.3747 0.0092 0.0321 
         493  1 0.0075 0.0109 0.0069 0.0067 0.0130 0.9437 0.0113 
         494  1 0.0091 0.0266 0.0129 0.0060 0.0103 0.9186 0.0165 
         500  1 0.0043 0.0079 0.0160 0.0039 0.0046 0.0063 0.9571 
         504  1 0.0115 0.0458 0.0077 0.8347 0.0293 0.0252 0.0457 
         506  1 0.0047 0.0106 0.0114 0.9074 0.0069 0.0062 0.0528 
