          1*  1 0.0146 0.0085 0.0089 0.8742 0.0315 0.0623 
           3  1 0.9713 0.0059 0.0053 0.0053 0.0068 0.0055 
           6  1 0.9204 0.0237 0.0144 0.0056 0.0248 0.0110 
           8  1 0.0062 0.9491 0.0042 0.0114 0.0103 0.0189 
          10  1 0.0090 0.1693 0.0059 0.0089 0.0046 0.8023 
          11  1 0.0371 0.0611 0.0727 0.7767 0.0234 0.0289 
          12  1 0.0055 0.0080 0.0057 0.0052 0.0055 0.9702 
          16  1 0.9556 0.0166 0.0061 0.0069 0.0058 0.0090 
          18  1 0.0089 0.0085 0.0049 0.9665 0.0056 0.0056 
          19  1 0.0154 0.0342 0.0476 0.8706 0.0209 0.0113 
          21  1 0.9448 0.0244 0.0084 0.0069 0.0066 0.0089 
          23  1 0.0152 0.0189 0.0607 0.0095 0.0175 0.8783 
          24  1 0.0165 0.2332 0.0476 0.2331 0.0119 0.4577 
          25  1 0.0512 0.0660 0.0141 0.0137 0.0125 0.8425 
         26*  1 0.0952 0.6850 0.0051 0.0241 0.0079 0.1827 
          28  1 0.0570 0.7823 0.0084 0.0084 0.0074 0.1366 
          29  1 0.0060 0.1432 0.0062 0.0159 0.0059 0.8229 
          30  1 0.1093 0.4754 0.0075 0.0213 0.3243 0.0621 
          33  1 0.0064 0.0045 0.0236 0.9496 0.0108 0.0052 
          37  1 0.0120 0.0086 0.0097 0.9409 0.0058 0.0231 
          38  1 0.0096 0.0158 0.0047 0.9523 0.0039 0.0136 
          43  1 0.0347 0.1841 0.0089 0.0120 0.0067 0.7536 
          44  1 0.3638 0.5757 0.0113 0.0104 0.0319 0.0069 
          48  1 0.0159 0.0063 0.0044 0.9615 0.0057 0.0062 
          55  1 0.1937 0.7398 0.0125 0.0123 0.0282 0.0135 
          59  1 0.9739 0.0063 0.0042 0.0059 0.0058 0.0039 
          60  1 0.0283 0.0061 0.2357 0.1100 0.3253 0.2946 
          61  1 0.0155 0.0084 0.9168 0.0091 0.0414 0.0089 
          62  1 0.0137 0.0120 0.8911 0.0200 0.0309 0.0323 
          65  1 0.0051 0.0107 0.0132 0.9387 0.0252 0.0070 
          73  1 0.0063 0.0113 0.0060 0.0099 0.8813 0.0852 
          75  1 0.0113 0.0100 0.9102 0.0208 0.0424 0.0052 
          76  1 0.0056 0.0041 0.9698 0.0045 0.0077 0.0082 
          77  1 0.0064 0.0044 0.9680 0.0070 0.0056 0.0085 
          78  1 0.0066 0.0110 0.1687 0.0168 0.7804 0.0165 
          79  1 0.0045 0.0062 0.9253 0.0106 0.0492 0.0042 
          84  1 0.6663 0.1236 0.0484 0.0179 0.0332 0.1106 
          85  1 0.0104 0.9504 0.0081 0.0115 0.0126 0.0070 
          86  1 0.0059 0.9306 0.0113 0.0197 0.0172 0.0153 
          89  1 0.5385 0.0164 0.0700 0.0286 0.0198 0.3267 
          94  1 0.0115 0.0124 0.0063 0.0253 0.0048 0.9398 
          95  1 0.9566 0.0120 0.0067 0.0099 0.0094 0.0053 
          96  1 0.0045 0.9717 0.0053 0.0045 0.0047 0.0092 
          98  1 0.0088 0.0075 0.0832 0.0094 0.8764 0.0147 
         102  1 0.0366 0.0064 0.0169 0.8958 0.0125 0.0318 
         105  1 0.0057 0.0055 0.0050 0.0095 0.9690 0.0054 
         106  1 0.1452 0.0266 0.5885 0.0356 0.1961 0.0080 
         108  1 0.0082 0.0109 0.0250 0.0580 0.8861 0.0118 
         109  1 0.0104 0.0164 0.0108 0.0062 0.9499 0.0063 
         112  1 0.0105 0.1298 0.7160 0.0444 0.0149 0.0844 
         115  1 0.0151 0.0112 0.0129 0.8418 0.0378 0.0812 
         116  1 0.0122 0.9445 0.0083 0.0156 0.0122 0.0071 
         117  1 0.3801 0.2327 0.0306 0.0160 0.0279 0.3128 
         129  1 0.0368 0.9393 0.0040 0.0072 0.0054 0.0073 
         132  1 0.0285 0.0068 0.0636 0.2477 0.1094 0.5440 
         133  1 0.0108 0.0049 0.1062 0.0080 0.8579 0.0122 
         137  1 0.0175 0.0094 0.9170 0.0117 0.0219 0.0225 
         139  1 0.0127 0.0200 0.9213 0.0243 0.0132 0.0085 
         140  1 0.0113 0.0066 0.0122 0.0075 0.9574 0.0050 
         142  1 0.0158 0.0053 0.9507 0.0068 0.0114 0.0101 
         144  1 0.0065 0.0040 0.0051 0.0047 0.9756 0.0041 
         145  1 0.0080 0.0059 0.9545 0.0080 0.0164 0.0072 
         147  1 0.0046 0.0081 0.0107 0.0066 0.9659 0.0040 
         160  1 0.0095 0.0142 0.0056 0.0096 0.0046 0.9565 
        162*  1 0.0045 0.9703 0.0055 0.0053 0.0050 0.0094 
         166  1 0.0303 0.0092 0.2556 0.0137 0.6687 0.0226 
         177  1 0.0042 0.0055 0.9766 0.0047 0.0043 0.0047 
         178  1 0.0087 0.0165 0.8294 0.0198 0.0888 0.0368 
         186  1 0.9759 0.0054 0.0044 0.0042 0.0042 0.0060 
         189  1 0.0078 0.9615 0.0089 0.0066 0.0039 0.0113 
         190  1 0.0372 0.8517 0.0153 0.0169 0.0115 0.0674 
         191  1 0.5325 0.3413 0.0361 0.0136 0.0454 0.0311 
         193  1 0.0472 0.0117 0.8780 0.0141 0.0229 0.0260 
         202  1 0.0098 0.3091 0.0159 0.0520 0.0093 0.6039 
         204  1 0.0292 0.9520 0.0037 0.0043 0.0040 0.0068 
         211  1 0.0097 0.0098 0.0695 0.0283 0.4116 0.4712 
         216  1 0.0051 0.0048 0.0347 0.0064 0.9300 0.0190 
         222  1 0.0075 0.0236 0.0204 0.0489 0.8871 0.0126 
         224  1 0.0143 0.9435 0.0090 0.0102 0.0099 0.0130 
         226  1 0.9698 0.0063 0.0053 0.0086 0.0050 0.0049 
         229  1 0.0126 0.7404 0.0666 0.0377 0.0662 0.0764 
         230  1 0.0164 0.9101 0.0275 0.0156 0.0123 0.0182 
         232  1 0.0974 0.1584 0.1523 0.0307 0.0349 0.5263 
         238  1 0.0071 0.0783 0.1687 0.7048 0.0267 0.0144 
         242  1 0.0061 0.0056 0.0045 0.9716 0.0076 0.0046 
         243  1 0.0359 0.0084 0.0311 0.8319 0.0775 0.0152 
         244  1 0.0066 0.0126 0.1581 0.8017 0.0106 0.0103 
         251  1 0.0090 0.0291 0.0368 0.7905 0.0244 0.1102 
         266  1 0.0145 0.0184 0.7166 0.2053 0.0294 0.0158 
         267  1 0.0270 0.0448 0.0141 0.0160 0.8831 0.0149 
         268  1 0.0076 0.0053 0.1436 0.0120 0.7899 0.0415 
         270  1 0.0281 0.9237 0.0101 0.0135 0.0108 0.0138 
         276  1 0.4388 0.3141 0.0971 0.0211 0.0898 0.0393 
         298  1 0.0126 0.0055 0.0475 0.0091 0.9128 0.0125 
         306  1 0.0103 0.0075 0.6192 0.0533 0.2637 0.0460 
         308  1 0.0067 0.0096 0.6287 0.0392 0.2228 0.0931 
         311  1 0.0114 0.0255 0.0849 0.1940 0.6504 0.0338 
         323  1 0.9712 0.0072 0.0047 0.0075 0.0053 0.0041 
         327  1 0.0166 0.6830 0.0075 0.0198 0.0158 0.2573 
         334  1 0.0045 0.0102 0.0154 0.9223 0.0388 0.0088 
         338  1 0.0186 0.0116 0.0459 0.0158 0.8829 0.0251 
         341  1 0.9642 0.0064 0.0072 0.0088 0.0053 0.0082 
         346  1 0.0161 0.0079 0.8790 0.0086 0.0159 0.0725 
         348  1 0.0071 0.0079 0.1499 0.0159 0.8132 0.0060 
         351  1 0.0195 0.0083 0.0292 0.8750 0.0156 0.0523 
         362  1 0.0262 0.9352 0.0058 0.0061 0.0066 0.0201 
         364  1 0.0109 0.0048 0.0164 0.9445 0.0119 0.0115 
         366  1 0.0129 0.0418 0.0117 0.8894 0.0278 0.0163 
         376  1 0.9072 0.0242 0.0270 0.0077 0.0068 0.0270 
         377  1 0.0311 0.2297 0.0270 0.0232 0.0823 0.6067 
         378  1 0.0093 0.0079 0.0104 0.0048 0.0072 0.9604 
         388  1 0.0086 0.0085 0.0096 0.0124 0.9394 0.0216 
         391  1 0.5142 0.0060 0.0434 0.0115 0.0271 0.3978 
         401  1 0.1077 0.3707 0.2423 0.2533 0.0159 0.0101 
         406  1 0.1114 0.0109 0.0963 0.0471 0.6971 0.0372 
         412  1 0.0278 0.0184 0.1289 0.0199 0.7395 0.0655 
         413  1 0.0044 0.0169 0.9236 0.0234 0.0228 0.0090 
         421  1 0.0279 0.6795 0.1702 0.0398 0.0543 0.0283 
         423  1 0.0132 0.8142 0.0388 0.0638 0.0496 0.0205 
         424  1 0.3818 0.0096 0.3145 0.0480 0.0877 0.1584 
         426  1 0.0207 0.0252 0.0157 0.0154 0.0120 0.9110 
         430  1 0.0541 0.0188 0.7440 0.0122 0.1225 0.0484 
         435  1 0.0045 0.0052 0.9446 0.0048 0.0285 0.0124 
         476  1 0.8207 0.0993 0.0258 0.0297 0.0064 0.0181 
         478  1 0.7315 0.2002 0.0073 0.0323 0.0107 0.0180 
         484  1 0.0123 0.0058 0.0227 0.0060 0.9429 0.0102 
         489  1 0.0119 0.0370 0.0205 0.0105 0.1121 0.8080 
         493  1 0.0065 0.0120 0.0085 0.9550 0.0067 0.0114 
         494  1 0.0116 0.0160 0.0096 0.9319 0.0057 0.0252 
         500  1 0.0169 0.9599 0.0039 0.0066 0.0038 0.0088 
         504  1 0.0078 0.0348 0.0089 0.0192 0.9041 0.0252 
         506  1 0.0129 0.0790 0.0051 0.0063 0.8863 0.0104 
