

----------------------------------------------------
STRUCTURE by Pritchard, Stephens and Donnelly (2000)
     and Falush, Stephens and Pritchard (2003)
       Code by Pritchard, Falush and Hubisz
             Version 2.3.4 (Jul 2012)
----------------------------------------------------



Command line arguments:   bin\structure -m M:\STRUCTURE\Squirrel_132_ID_16L_20250816\10k_Burnin_100k_MCMC\mainparams -e M:\STRUCTURE\Squirrel_132_ID_16L_20250816\10k_Burnin_100k_MCMC\extraparams 
Input File:    M:\STRUCTURE\Squirrel_132_ID_16L_20250816\project_data

Run parameters:
   132 individuals
   16 loci
   6 populations assumed
   10000 Burn-in period
   100000 Reps


--------------------------------------------
Proportion of membership of each pre-defined
 population in each of the 6 clusters

Given    Inferred Clusters                            Number of
 Pop       1      2      3      4      5      6      Individuals

  1:     0.135  0.185  0.196  0.139  0.175  0.171      132
--------------------------------------------

Allele-freq. divergence among pops (Net nucleotide distance),
computed using point estimates of P.

      1       2       3       4       5       6      
 1      -    0.0670  0.0903  0.0912  0.0751  0.0721  
 2   0.0670     -    0.0797  0.0802  0.0822  0.0568  
 3   0.0903  0.0797     -    0.0927  0.0636  0.0555  
 4   0.0912  0.0802  0.0927     -    0.0966  0.0590  
 5   0.0751  0.0822  0.0636  0.0966     -    0.0609  
 6   0.0721  0.0568  0.0555  0.0590  0.0609     -    

Average distances (expected heterozygosity) between individuals in same cluster:
cluster  1  : 0.4902 
cluster  2  : 0.5490 
cluster  3  : 0.5665 
cluster  4  : 0.4674 
cluster  5  : 0.5800 
cluster  6  : 0.6424 

--------------------------------------------
Estimated Ln Prob of Data   = -4708.0
Mean value of ln likelihood = -4520.8
Variance of ln likelihood   = 374.4
Mean value of alpha         = 0.0460

Mean value of lambda        = 1.0385

Mean value of Fst_1         = 0.2249
Mean value of Fst_2         = 0.1965
Mean value of Fst_3         = 0.1800
Mean value of Fst_4         = 0.2887
Mean value of Fst_5         = 0.1552
Mean value of Fst_6         = 0.0512


Inferred ancestry of individuals:
        Label (%Miss) Pop:  Inferred clusters (and 90% probability intervals)
  1       1*    (0)    1 :  0.062 0.008 0.029 0.015 0.008 0.877     (0.000,0.395) (0.000,0.046) (0.000,0.209) (0.000,0.098) (0.000,0.046) (0.489,1.000) 
  2        3    (0)    1 :  0.005 0.006 0.007 0.972 0.005 0.005     (0.000,0.030) (0.000,0.034) (0.000,0.039) (0.859,1.000) (0.000,0.028) (0.000,0.028) 
  3        6    (0)    1 :  0.011 0.021 0.022 0.924 0.015 0.006     (0.000,0.069) (0.000,0.143) (0.000,0.160) (0.648,1.000) (0.000,0.098) (0.000,0.033) 
  4        8    (0)    1 :  0.016 0.953 0.010 0.006 0.004 0.010     (0.000,0.110) (0.774,1.000) (0.000,0.062) (0.000,0.035) (0.000,0.024) (0.000,0.062) 
  5       10    (0)    1 :  0.828 0.143 0.005 0.010 0.005 0.010     (0.332,1.000) (0.000,0.645) (0.000,0.024) (0.000,0.061) (0.000,0.028) (0.000,0.054) 
  6       11    (0)    1 :  0.030 0.064 0.025 0.041 0.096 0.745     (0.000,0.208) (0.000,0.433) (0.000,0.173) (0.000,0.305) (0.000,0.646) (0.000,1.000) 
  7       12    (0)    1 :  0.972 0.007 0.005 0.005 0.006 0.005     (0.859,1.000) (0.000,0.041) (0.000,0.031) (0.000,0.031) (0.000,0.031) (0.000,0.024) 
  8       16    (6)    1 :  0.009 0.017 0.006 0.956 0.006 0.007     (0.000,0.051) (0.000,0.108) (0.000,0.034) (0.780,1.000) (0.000,0.033) (0.000,0.037) 
  9       18    (0)    1 :  0.006 0.009 0.005 0.009 0.004 0.966     (0.000,0.034) (0.000,0.050) (0.000,0.029) (0.000,0.053) (0.000,0.025) (0.832,1.000) 
 10       19    (0)    1 :  0.011 0.038 0.027 0.015 0.048 0.861     (0.000,0.063) (0.000,0.283) (0.000,0.181) (0.000,0.099) (0.000,0.346) (0.410,1.000) 
 11       21    (6)    1 :  0.009 0.024 0.007 0.946 0.008 0.006     (0.000,0.053) (0.000,0.168) (0.000,0.037) (0.745,1.000) (0.000,0.046) (0.000,0.034) 
 12       23    (6)    1 :  0.881 0.018 0.015 0.014 0.063 0.010     (0.538,1.000) (0.000,0.121) (0.000,0.094) (0.000,0.090) (0.000,0.369) (0.000,0.053) 
 13       24    (6)    1 :  0.531 0.180 0.011 0.017 0.042 0.218     (0.000,1.000) (0.000,0.801) (0.000,0.070) (0.000,0.115) (0.000,0.287) (0.000,0.875) 
 14       25    (6)    1 :  0.855 0.064 0.011 0.045 0.012 0.012     (0.533,1.000) (0.000,0.350) (0.000,0.068) (0.000,0.277) (0.000,0.080) (0.000,0.075) 
 15      26*    (0)    1 :  0.212 0.650 0.008 0.101 0.005 0.024     (0.000,0.621) (0.000,1.000) (0.000,0.048) (0.000,0.556) (0.000,0.030) (0.000,0.167) 
 16       28    (0)    1 :  0.178 0.730 0.007 0.068 0.008 0.008     (0.000,0.982) (0.000,1.000) (0.000,0.044) (0.000,0.462) (0.000,0.050) (0.000,0.044) 
 17       29    (0)    1 :  0.858 0.108 0.006 0.006 0.006 0.016     (0.279,1.000) (0.000,0.685) (0.000,0.033) (0.000,0.037) (0.000,0.034) (0.000,0.102) 
 18       30    (0)    1 :  0.064 0.428 0.360 0.116 0.008 0.024     (0.000,0.475) (0.000,0.991) (0.000,0.795) (0.000,0.641) (0.000,0.045) (0.000,0.132) 
 19       33    (0)    1 :  0.006 0.005 0.011 0.006 0.026 0.946     (0.000,0.034) (0.000,0.027) (0.000,0.071) (0.000,0.034) (0.000,0.184) (0.736,1.000) 
 20       37    (0)    1 :  0.024 0.009 0.006 0.012 0.008 0.941     (0.000,0.172) (0.000,0.049) (0.000,0.035) (0.000,0.073) (0.000,0.048) (0.714,1.000) 
 21       38    (0)    1 :  0.013 0.016 0.004 0.009 0.005 0.953     (0.000,0.089) (0.000,0.110) (0.000,0.023) (0.000,0.054) (0.000,0.027) (0.766,1.000) 
 22       43    (0)    1 :  0.775 0.167 0.007 0.031 0.009 0.011     (0.327,1.000) (0.000,0.633) (0.000,0.043) (0.000,0.227) (0.000,0.051) (0.000,0.064) 
 23       44    (0)    1 :  0.008 0.581 0.031 0.359 0.010 0.011     (0.000,0.044) (0.103,0.998) (0.000,0.234) (0.000,0.718) (0.000,0.058) (0.000,0.060) 
 24       48    (0)    1 :  0.007 0.006 0.006 0.014 0.005 0.963     (0.000,0.039) (0.000,0.034) (0.000,0.030) (0.000,0.090) (0.000,0.026) (0.817,1.000) 
 25       55    (0)    1 :  0.015 0.741 0.028 0.189 0.014 0.013     (0.000,0.097) (0.017,1.000) (0.000,0.207) (0.000,0.795) (0.000,0.090) (0.000,0.075) 
 26       59    (0)    1 :  0.004 0.006 0.005 0.974 0.005 0.005     (0.000,0.023) (0.000,0.033) (0.000,0.030) (0.872,1.000) (0.000,0.025) (0.000,0.029) 
 27       60    (0)    1 :  0.338 0.006 0.324 0.025 0.199 0.109     (0.000,0.996) (0.000,0.031) (0.000,0.992) (0.000,0.180) (0.000,0.931) (0.000,0.687) 
 28       61    (0)    1 :  0.008 0.009 0.047 0.015 0.911 0.009     (0.000,0.049) (0.000,0.052) (0.000,0.329) (0.000,0.100) (0.585,1.000) (0.000,0.050) 
 29       62    (0)    1 :  0.031 0.012 0.032 0.016 0.892 0.018     (0.000,0.222) (0.000,0.076) (0.000,0.226) (0.000,0.101) (0.544,1.000) (0.000,0.116) 
 30       65    (0)    1 :  0.007 0.010 0.024 0.005 0.013 0.941     (0.000,0.041) (0.000,0.060) (0.000,0.170) (0.000,0.030) (0.000,0.085) (0.725,1.000) 
 31       73    (0)    1 :  0.084 0.012 0.883 0.006 0.006 0.010     (0.000,0.392) (0.000,0.078) (0.572,1.000) (0.000,0.035) (0.000,0.031) (0.000,0.056) 
 32       75    (0)    1 :  0.006 0.011 0.041 0.012 0.907 0.024     (0.000,0.030) (0.000,0.071) (0.000,0.281) (0.000,0.082) (0.597,1.000) (0.000,0.168) 
 33       76    (0)    1 :  0.008 0.004 0.008 0.005 0.970 0.004     (0.000,0.051) (0.000,0.025) (0.000,0.044) (0.000,0.030) (0.850,1.000) (0.000,0.022) 
 34       77    (0)    1 :  0.008 0.004 0.005 0.006 0.968 0.007     (0.000,0.048) (0.000,0.023) (0.000,0.029) (0.000,0.036) (0.840,1.000) (0.000,0.040) 
 35       78    (0)    1 :  0.017 0.011 0.775 0.007 0.172 0.018     (0.000,0.117) (0.000,0.071) (0.001,1.000) (0.000,0.039) (0.000,0.911) (0.000,0.118) 
 36       79    (0)    1 :  0.004 0.006 0.050 0.004 0.924 0.011     (0.000,0.025) (0.000,0.037) (0.000,0.334) (0.000,0.024) (0.627,1.000) (0.000,0.064) 
 37       84    (0)    1 :  0.113 0.120 0.033 0.661 0.055 0.019     (0.000,0.557) (0.000,0.483) (0.000,0.238) (0.265,0.999) (0.000,0.362) (0.000,0.126) 
 38       85    (0)    1 :  0.007 0.951 0.012 0.010 0.007 0.012     (0.000,0.039) (0.764,1.000) (0.000,0.079) (0.000,0.063) (0.000,0.041) (0.000,0.065) 
 39       86    (0)    1 :  0.018 0.928 0.018 0.006 0.010 0.019     (0.000,0.129) (0.679,1.000) (0.000,0.131) (0.000,0.032) (0.000,0.061) (0.000,0.134) 
 40       89    (0)    1 :  0.313 0.015 0.018 0.545 0.076 0.034     (0.000,0.858) (0.000,0.086) (0.000,0.119) (0.000,0.942) (0.000,0.433) (0.000,0.244) 
 41       94    (0)    1 :  0.940 0.011 0.005 0.011 0.006 0.026     (0.712,1.000) (0.000,0.068) (0.000,0.027) (0.000,0.069) (0.000,0.036) (0.000,0.176) 
 42       95    (0)    1 :  0.005 0.013 0.009 0.956 0.006 0.010     (0.000,0.030) (0.000,0.082) (0.000,0.056) (0.782,1.000) (0.000,0.031) (0.000,0.057) 
 43       96    (0)    1 :  0.008 0.972 0.005 0.004 0.006 0.005     (0.000,0.050) (0.860,1.000) (0.000,0.027) (0.000,0.023) (0.000,0.033) (0.000,0.024) 
 44       98    (0)    1 :  0.015 0.007 0.895 0.009 0.065 0.008     (0.000,0.101) (0.000,0.042) (0.431,1.000) (0.000,0.054) (0.000,0.491) (0.000,0.047) 
 45      102    (0)    1 :  0.030 0.006 0.014 0.036 0.017 0.897     (0.000,0.211) (0.000,0.035) (0.000,0.094) (0.000,0.251) (0.000,0.122) (0.595,1.000) 
 46      105    (0)    1 :  0.006 0.005 0.969 0.006 0.005 0.009     (0.000,0.032) (0.000,0.027) (0.848,1.000) (0.000,0.034) (0.000,0.028) (0.000,0.056) 
 47      106    (0)    1 :  0.007 0.027 0.200 0.143 0.590 0.033     (0.000,0.039) (0.000,0.197) (0.000,0.725) (0.000,0.502) (0.000,1.000) (0.000,0.228) 
 48      108    (0)    1 :  0.011 0.010 0.888 0.008 0.022 0.059     (0.000,0.073) (0.000,0.066) (0.518,1.000) (0.000,0.047) (0.000,0.150) (0.000,0.386) 
 49      109    (0)    1 :  0.006 0.016 0.951 0.010 0.010 0.007     (0.000,0.034) (0.000,0.113) (0.764,1.000) (0.000,0.059) (0.000,0.060) (0.000,0.036) 
 50      112    (0)    1 :  0.087 0.129 0.016 0.012 0.715 0.042     (0.000,0.623) (0.000,0.568) (0.000,0.099) (0.000,0.071) (0.000,1.000) (0.000,0.290) 
 51      115    (0)    1 :  0.087 0.013 0.045 0.014 0.013 0.828     (0.000,0.457) (0.000,0.079) (0.000,0.326) (0.000,0.092) (0.000,0.078) (0.378,1.000) 
 52      116    (0)    1 :  0.006 0.949 0.011 0.010 0.008 0.016     (0.000,0.035) (0.747,1.000) (0.000,0.068) (0.000,0.060) (0.000,0.043) (0.000,0.104) 
 53      117    (0)    1 :  0.321 0.223 0.027 0.384 0.029 0.017     (0.000,1.000) (0.000,0.767) (0.000,0.184) (0.000,0.978) (0.000,0.205) (0.000,0.107) 
 54      129    (0)    1 :  0.009 0.938 0.006 0.036 0.004 0.008     (0.000,0.051) (0.701,1.000) (0.000,0.032) (0.000,0.252) (0.000,0.022) (0.000,0.048) 
 55      132    (0)    1 :  0.583 0.006 0.097 0.028 0.059 0.227     (0.000,1.000) (0.000,0.033) (0.000,0.604) (0.000,0.202) (0.000,0.409) (0.000,0.938) 
 56      133    (0)    1 :  0.012 0.005 0.878 0.012 0.086 0.008     (0.000,0.072) (0.000,0.028) (0.292,1.000) (0.000,0.075) (0.000,0.656) (0.000,0.042) 
 57      137    (6)    1 :  0.020 0.009 0.020 0.016 0.923 0.011     (0.000,0.128) (0.000,0.055) (0.000,0.136) (0.000,0.105) (0.634,1.000) (0.000,0.061) 
 58      139    (0)    1 :  0.009 0.019 0.014 0.012 0.919 0.028     (0.000,0.055) (0.000,0.133) (0.000,0.082) (0.000,0.083) (0.643,1.000) (0.000,0.190) 
 59      140    (0)    1 :  0.006 0.006 0.959 0.011 0.012 0.006     (0.000,0.030) (0.000,0.033) (0.795,1.000) (0.000,0.069) (0.000,0.069) (0.000,0.034) 
 60      142    (0)    1 :  0.010 0.005 0.011 0.018 0.949 0.007     (0.000,0.059) (0.000,0.029) (0.000,0.066) (0.000,0.125) (0.748,1.000) (0.000,0.039) 
 61      144    (0)    1 :  0.004 0.004 0.975 0.006 0.005 0.005     (0.000,0.024) (0.000,0.020) (0.877,1.000) (0.000,0.036) (0.000,0.027) (0.000,0.027) 
 62      145    (0)    1 :  0.007 0.006 0.017 0.009 0.954 0.008     (0.000,0.040) (0.000,0.029) (0.000,0.106) (0.000,0.051) (0.769,1.000) (0.000,0.048) 
 63      147    (0)    1 :  0.004 0.009 0.964 0.005 0.012 0.006     (0.000,0.025) (0.000,0.054) (0.826,1.000) (0.000,0.025) (0.000,0.064) (0.000,0.035) 
 64      160    (0)    1 :  0.959 0.012 0.005 0.010 0.006 0.008     (0.801,1.000) (0.000,0.057) (0.000,0.027) (0.000,0.059) (0.000,0.030) (0.000,0.046) 
 65     162*    (0)    1 :  0.010 0.970 0.005 0.005 0.006 0.005     (0.000,0.053) (0.850,1.000) (0.000,0.029) (0.000,0.025) (0.000,0.029) (0.000,0.025) 
 66      166    (0)    1 :  0.022 0.009 0.692 0.031 0.234 0.013     (0.000,0.096) (0.000,0.056) (0.000,1.000) (0.000,0.215) (0.000,1.000) (0.000,0.073) 
 67      177    (0)    1 :  0.005 0.006 0.005 0.004 0.975 0.005     (0.000,0.029) (0.000,0.033) (0.000,0.025) (0.000,0.022) (0.877,1.000) (0.000,0.027) 
 68      178    (0)    1 :  0.038 0.016 0.099 0.009 0.815 0.022     (0.000,0.286) (0.000,0.105) (0.000,0.463) (0.000,0.053) (0.421,1.000) (0.000,0.150) 
 69      186    (0)    1 :  0.006 0.006 0.004 0.975 0.004 0.005     (0.000,0.032) (0.000,0.031) (0.000,0.024) (0.875,1.000) (0.000,0.024) (0.000,0.025) 
 70      189    (0)    1 :  0.010 0.964 0.004 0.007 0.009 0.007     (0.000,0.063) (0.819,1.000) (0.000,0.020) (0.000,0.041) (0.000,0.051) (0.000,0.036) 
 71      190    (0)    1 :  0.079 0.835 0.012 0.038 0.017 0.018     (0.000,0.549) (0.348,1.000) (0.000,0.078) (0.000,0.268) (0.000,0.118) (0.000,0.123) 
 72      191    (0)    1 :  0.031 0.324 0.049 0.544 0.039 0.013     (0.000,0.220) (0.000,0.954) (0.000,0.327) (0.000,0.998) (0.000,0.276) (0.000,0.079) 
 73      193    (0)    1 :  0.026 0.012 0.023 0.044 0.880 0.015     (0.000,0.172) (0.000,0.075) (0.000,0.166) (0.000,0.310) (0.494,1.000) (0.000,0.096) 
 74      202    (0)    1 :  0.633 0.278 0.009 0.010 0.014 0.056     (0.183,1.000) (0.000,0.722) (0.000,0.052) (0.000,0.065) (0.000,0.092) (0.000,0.368) 
 75      204    (0)    1 :  0.007 0.950 0.004 0.031 0.003 0.004     (0.000,0.040) (0.737,1.000) (0.000,0.025) (0.000,0.219) (0.000,0.018) (0.000,0.024) 
 76      211    (0)    1 :  0.487 0.009 0.407 0.010 0.056 0.030     (0.000,1.000) (0.000,0.054) (0.000,0.999) (0.000,0.062) (0.000,0.380) (0.000,0.214) 
 77      216    (0)    1 :  0.017 0.005 0.935 0.005 0.032 0.007     (0.000,0.116) (0.000,0.027) (0.692,1.000) (0.000,0.027) (0.000,0.215) (0.000,0.036) 
 78      222    (0)    1 :  0.014 0.028 0.878 0.007 0.020 0.053     (0.000,0.085) (0.000,0.199) (0.514,1.000) (0.000,0.042) (0.000,0.137) (0.000,0.346) 
 79      224    (0)    1 :  0.014 0.942 0.009 0.014 0.009 0.012     (0.000,0.093) (0.723,1.000) (0.000,0.056) (0.000,0.087) (0.000,0.053) (0.000,0.065) 
 80      226    (0)    1 :  0.005 0.007 0.005 0.969 0.005 0.009     (0.000,0.027) (0.000,0.038) (0.000,0.027) (0.847,1.000) (0.000,0.029) (0.000,0.051) 
 81      229    (0)    1 :  0.070 0.738 0.068 0.013 0.070 0.040     (0.000,0.473) (0.303,1.000) (0.000,0.405) (0.000,0.089) (0.000,0.333) (0.000,0.289) 
 82      230    (0)    1 :  0.018 0.910 0.012 0.017 0.028 0.015     (0.000,0.115) (0.639,1.000) (0.000,0.086) (0.000,0.114) (0.000,0.194) (0.000,0.090) 
 83      232    (0)    1 :  0.545 0.134 0.031 0.099 0.162 0.029     (0.000,0.999) (0.000,0.671) (0.000,0.224) (0.000,0.479) (0.000,0.643) (0.000,0.203) 
 84      238    (0)    1 :  0.014 0.079 0.029 0.007 0.157 0.714     (0.000,0.094) (0.000,0.436) (0.000,0.210) (0.000,0.037) (0.000,0.602) (0.161,1.000) 
 85      242    (0)    1 :  0.005 0.006 0.008 0.007 0.004 0.970     (0.000,0.026) (0.000,0.033) (0.000,0.049) (0.000,0.037) (0.000,0.024) (0.849,1.000) 
 86      243    (0)    1 :  0.014 0.009 0.071 0.036 0.032 0.838     (0.000,0.090) (0.000,0.055) (0.000,0.439) (0.000,0.262) (0.000,0.231) (0.438,1.000) 
 87      244    (0)    1 :  0.011 0.011 0.010 0.007 0.163 0.798     (0.000,0.070) (0.000,0.075) (0.000,0.063) (0.000,0.036) (0.000,0.602) (0.362,1.000) 
 88      251    (0)    1 :  0.111 0.030 0.022 0.009 0.034 0.793     (0.000,0.563) (0.000,0.220) (0.000,0.155) (0.000,0.053) (0.000,0.240) (0.319,1.000) 
 89      266    (0)    1 :  0.017 0.019 0.029 0.014 0.700 0.221     (0.000,0.112) (0.000,0.130) (0.000,0.215) (0.000,0.095) (0.228,1.000) (0.000,0.698) 
 90      267    (0)    1 :  0.016 0.044 0.885 0.026 0.012 0.017     (0.000,0.110) (0.000,0.279) (0.569,1.000) (0.000,0.192) (0.000,0.072) (0.000,0.112) 
 91      268    (0)    1 :  0.041 0.005 0.798 0.008 0.137 0.010     (0.000,0.289) (0.000,0.030) (0.000,1.000) (0.000,0.051) (0.000,0.831) (0.000,0.057) 
 92      270    (0)    1 :  0.015 0.926 0.010 0.026 0.010 0.013     (0.000,0.097) (0.654,1.000) (0.000,0.060) (0.000,0.190) (0.000,0.062) (0.000,0.077) 
 93      276    (0)    1 :  0.045 0.318 0.084 0.437 0.094 0.021     (0.000,0.326) (0.000,0.997) (0.000,0.502) (0.000,0.970) (0.000,0.499) (0.000,0.145) 
 94      298    (6)    1 :  0.012 0.006 0.911 0.012 0.050 0.009     (0.000,0.074) (0.000,0.033) (0.567,1.000) (0.000,0.075) (0.000,0.351) (0.000,0.051) 
 95      306    (0)    1 :  0.040 0.008 0.273 0.011 0.621 0.047     (0.000,0.284) (0.000,0.045) (0.000,0.906) (0.000,0.069) (0.000,1.000) (0.000,0.340) 
 96      308    (0)    1 :  0.094 0.009 0.219 0.007 0.631 0.040     (0.000,0.462) (0.000,0.054) (0.000,0.801) (0.000,0.043) (0.000,1.000) (0.000,0.282) 
 97      311    (6)    1 :  0.034 0.027 0.627 0.011 0.091 0.211     (0.000,0.243) (0.000,0.192) (0.000,1.000) (0.000,0.063) (0.000,0.574) (0.000,0.975) 
 98      323    (0)    1 :  0.004 0.008 0.006 0.972 0.004 0.007     (0.000,0.024) (0.000,0.042) (0.000,0.031) (0.857,1.000) (0.000,0.025) (0.000,0.036) 
 99      327    (0)    1 :  0.323 0.615 0.017 0.016 0.008 0.020     (0.000,0.991) (0.000,1.000) (0.000,0.114) (0.000,0.110) (0.000,0.048) (0.000,0.136) 
100      334    (0)    1 :  0.010 0.011 0.046 0.005 0.015 0.913     (0.000,0.061) (0.000,0.060) (0.000,0.308) (0.000,0.025) (0.000,0.098) (0.604,1.000) 
101      338    (0)    1 :  0.025 0.012 0.874 0.020 0.053 0.016     (0.000,0.175) (0.000,0.072) (0.472,1.000) (0.000,0.143) (0.000,0.359) (0.000,0.094) 
102      341    (0)    1 :  0.009 0.007 0.005 0.962 0.007 0.010     (0.000,0.054) (0.000,0.038) (0.000,0.028) (0.811,1.000) (0.000,0.044) (0.000,0.053) 
103      346    (0)    1 :  0.079 0.009 0.017 0.014 0.871 0.009     (0.000,0.591) (0.000,0.047) (0.000,0.094) (0.000,0.084) (0.294,1.000) (0.000,0.051) 
104      348    (0)    1 :  0.006 0.009 0.809 0.007 0.149 0.021     (0.000,0.035) (0.000,0.051) (0.001,1.000) (0.000,0.039) (0.000,0.859) (0.000,0.144) 
105      351    (0)    1 :  0.061 0.008 0.017 0.018 0.023 0.872     (0.000,0.401) (0.000,0.048) (0.000,0.111) (0.000,0.125) (0.000,0.155) (0.459,1.000) 
106      362    (0)    1 :  0.024 0.932 0.006 0.027 0.006 0.006     (0.000,0.150) (0.657,1.000) (0.000,0.031) (0.000,0.189) (0.000,0.031) (0.000,0.032) 
107      364    (0)    1 :  0.011 0.005 0.012 0.010 0.015 0.947     (0.000,0.073) (0.000,0.027) (0.000,0.072) (0.000,0.061) (0.000,0.099) (0.744,1.000) 
108      366    (0)    1 :  0.015 0.042 0.026 0.012 0.011 0.893     (0.000,0.094) (0.000,0.312) (0.000,0.186) (0.000,0.076) (0.000,0.063) (0.534,1.000) 
109      376    (0)    1 :  0.026 0.023 0.007 0.909 0.027 0.008     (0.000,0.190) (0.000,0.165) (0.000,0.043) (0.625,1.000) (0.000,0.184) (0.000,0.041) 
110      377    (6)    1 :  0.588 0.244 0.088 0.028 0.028 0.023     (0.000,1.000) (0.000,0.805) (0.000,0.486) (0.000,0.196) (0.000,0.172) (0.000,0.155) 
111      378    (0)    1 :  0.959 0.007 0.007 0.010 0.012 0.005     (0.799,1.000) (0.000,0.039) (0.000,0.043) (0.000,0.059) (0.000,0.075) (0.000,0.027) 
112      388    (0)    1 :  0.023 0.009 0.936 0.009 0.010 0.012     (0.000,0.166) (0.000,0.054) (0.693,1.000) (0.000,0.052) (0.000,0.060) (0.000,0.074) 
113      391    (0)    1 :  0.405 0.006 0.027 0.508 0.041 0.013     (0.011,0.845) (0.000,0.036) (0.000,0.189) (0.000,0.884) (0.000,0.301) (0.000,0.072) 
114      401    (0)    1 :  0.012 0.338 0.017 0.113 0.235 0.285     (0.000,0.069) (0.000,0.749) (0.000,0.108) (0.000,0.612) (0.000,0.683) (0.000,0.889) 
115      406    (0)    1 :  0.030 0.010 0.744 0.098 0.074 0.044     (0.000,0.213) (0.000,0.061) (0.000,1.000) (0.000,0.554) (0.000,0.566) (0.000,0.305) 
116      412    (6)    1 :  0.065 0.023 0.747 0.027 0.116 0.021     (0.000,0.456) (0.000,0.164) (0.000,1.000) (0.000,0.203) (0.000,0.906) (0.000,0.123) 
117      413    (0)    1 :  0.008 0.018 0.024 0.004 0.922 0.024     (0.000,0.050) (0.000,0.123) (0.000,0.168) (0.000,0.023) (0.643,1.000) (0.000,0.169) 
118      421    (0)    1 :  0.027 0.676 0.053 0.027 0.178 0.039     (0.000,0.191) (0.249,1.000) (0.000,0.359) (0.000,0.199) (0.000,0.631) (0.000,0.289) 
119      423    (0)    1 :  0.021 0.819 0.045 0.013 0.040 0.062     (0.000,0.139) (0.337,1.000) (0.000,0.327) (0.000,0.086) (0.000,0.294) (0.000,0.430) 
120      424    (0)    1 :  0.155 0.009 0.095 0.367 0.325 0.050     (0.000,0.875) (0.000,0.056) (0.000,0.580) (0.000,0.989) (0.000,0.985) (0.000,0.361) 
121      426    (0)    1 :  0.912 0.023 0.012 0.021 0.018 0.014     (0.617,1.000) (0.000,0.162) (0.000,0.074) (0.000,0.144) (0.000,0.122) (0.000,0.096) 
122      430   (12)    1 :  0.049 0.020 0.115 0.060 0.744 0.011     (0.000,0.347) (0.000,0.127) (0.000,0.596) (0.000,0.427) (0.002,1.000) (0.000,0.063) 
123      435    (0)    1 :  0.013 0.005 0.028 0.005 0.945 0.005     (0.000,0.085) (0.000,0.028) (0.000,0.199) (0.000,0.025) (0.725,1.000) (0.000,0.024) 
124      476    (0)    1 :  0.019 0.096 0.006 0.819 0.029 0.031     (0.000,0.130) (0.000,0.489) (0.000,0.036) (0.429,1.000) (0.000,0.200) (0.000,0.211) 
125      478    (0)    1 :  0.018 0.201 0.012 0.732 0.007 0.030     (0.000,0.121) (0.000,0.581) (0.000,0.075) (0.367,1.000) (0.000,0.039) (0.000,0.217) 
126      484    (0)    1 :  0.009 0.005 0.951 0.011 0.017 0.006     (0.000,0.056) (0.000,0.030) (0.759,1.000) (0.000,0.071) (0.000,0.107) (0.000,0.030) 
127      489    (0)    1 :  0.809 0.038 0.110 0.011 0.022 0.009     (0.355,1.000) (0.000,0.278) (0.000,0.533) (0.000,0.068) (0.000,0.131) (0.000,0.050) 
128      493    (0)    1 :  0.011 0.011 0.007 0.007 0.008 0.956     (0.000,0.072) (0.000,0.072) (0.000,0.045) (0.000,0.039) (0.000,0.045) (0.785,1.000) 
129      494    (0)    1 :  0.023 0.017 0.006 0.012 0.009 0.933     (0.000,0.167) (0.000,0.111) (0.000,0.034) (0.000,0.076) (0.000,0.054) (0.687,1.000) 
130      500    (0)    1 :  0.009 0.963 0.004 0.014 0.004 0.007     (0.000,0.049) (0.811,1.000) (0.000,0.022) (0.000,0.094) (0.000,0.020) (0.000,0.036) 
131      504    (0)    1 :  0.026 0.032 0.905 0.007 0.010 0.020     (0.000,0.188) (0.000,0.217) (0.633,1.000) (0.000,0.039) (0.000,0.051) (0.000,0.136) 
132      506    (0)    1 :  0.011 0.076 0.888 0.013 0.005 0.007     (0.000,0.065) (0.000,0.406) (0.551,1.000) (0.000,0.086) (0.000,0.028) (0.000,0.038) 


Estimated Allele Frequencies in each cluster
First column gives estimated ancestral frequencies


Locus 1 : Rsu3 
3 alleles
0.0% missing data
 164   (0.526) 0.558 0.623 0.508 0.499 0.484 0.572 
 166   (0.250) 0.312 0.093 0.444 0.112 0.312 0.202 
 170   (0.224) 0.129 0.284 0.048 0.389 0.204 0.226 

Locus 2 : Rsu5 
5 alleles
0.0% missing data
 137   (0.727) 0.850 0.959 0.619 0.965 0.792 0.680 
 135   (0.091) 0.083 0.008 0.017 0.021 0.062 0.106 
 139   (0.103) 0.058 0.026 0.010 0.008 0.083 0.174 
 133   (0.026) 0.003 0.002 0.002 0.002 0.003 0.023 
 131   (0.053) 0.005 0.004 0.352 0.004 0.060 0.017 

Locus 3 : Scv1 
5 alleles
0.0% missing data
 181   (0.549) 0.679 0.630 0.355 0.946 0.343 0.655 
 179   (0.191) 0.115 0.120 0.181 0.024 0.268 0.177 
 177   (0.110) 0.189 0.012 0.236 0.016 0.099 0.064 
 185   (0.122) 0.013 0.235 0.225 0.012 0.287 0.065 
 171   (0.029) 0.004 0.002 0.003 0.002 0.003 0.039 

Locus 4 : Rsu4 
9 alleles
0.0% missing data
 267   (0.192) 0.062 0.296 0.124 0.145 0.060 0.278 
 263   (0.329) 0.724 0.240 0.356 0.491 0.489 0.270 
 259   (0.057) 0.043 0.203 0.005 0.249 0.007 0.018 
 287   (0.180) 0.122 0.212 0.253 0.096 0.141 0.135 
 275   (0.040) 0.004 0.003 0.004 0.003 0.012 0.098 
 279   (0.067) 0.016 0.009 0.008 0.006 0.179 0.089 
 283   (0.067) 0.007 0.006 0.244 0.005 0.103 0.046 
 291   (0.040) 0.018 0.029 0.004 0.003 0.005 0.027 
 271   (0.028) 0.003 0.002 0.003 0.002 0.003 0.039 

Locus 5 : Rsu6 
5 alleles
0.0% missing data
 120   (0.272) 0.492 0.261 0.182 0.282 0.227 0.226 
 126   (0.584) 0.462 0.473 0.805 0.588 0.755 0.634 
 124   (0.083) 0.041 0.244 0.008 0.125 0.011 0.059 
 130   (0.035) 0.003 0.003 0.003 0.002 0.004 0.073 
 114   (0.025) 0.003 0.019 0.002 0.002 0.003 0.008 

Locus 6 : Scv12 
3 alleles
0.8% missing data
 198   (0.582) 0.427 0.330 0.455 0.694 0.734 0.710 
 196   (0.250) 0.295 0.181 0.496 0.281 0.168 0.161 
 200   (0.168) 0.278 0.489 0.049 0.025 0.099 0.129 

Locus 7 : Scv23 
3 alleles
0.8% missing data
 158   (0.506) 0.501 0.733 0.652 0.363 0.587 0.467 
 164   (0.198) 0.151 0.060 0.168 0.434 0.042 0.258 
 160   (0.295) 0.347 0.207 0.179 0.203 0.371 0.275 

Locus 8 : Scv13 
5 alleles
0.0% missing data
 182   (0.720) 0.961 0.912 0.888 0.791 0.685 0.682 
 180   (0.092) 0.019 0.066 0.009 0.175 0.015 0.114 
 172   (0.081) 0.009 0.007 0.086 0.006 0.182 0.065 
 184   (0.067) 0.008 0.011 0.014 0.025 0.015 0.113 
 174   (0.040) 0.004 0.004 0.004 0.003 0.104 0.025 

Locus 9 : Scv32 
18 alleles
0.0% missing data
 236   (0.034) 0.004 0.003 0.003 0.002 0.005 0.117 
 238   (0.058) 0.038 0.005 0.120 0.005 0.039 0.037 
 234   (0.117) 0.123 0.020 0.189 0.334 0.591 0.061 
 246   (0.049) 0.018 0.178 0.006 0.295 0.013 0.016 
 248   (0.085) 0.344 0.145 0.018 0.007 0.012 0.134 
 262   (0.104) 0.119 0.266 0.085 0.012 0.067 0.069 
 232   (0.176) 0.021 0.136 0.313 0.172 0.095 0.318 
 250   (0.028) 0.240 0.003 0.002 0.003 0.003 0.009 
 228   (0.025) 0.003 0.002 0.002 0.002 0.003 0.037 
 220   (0.047) 0.015 0.199 0.004 0.072 0.006 0.018 
 264   (0.061) 0.029 0.006 0.010 0.056 0.054 0.053 
 252   (0.048) 0.006 0.019 0.062 0.004 0.059 0.016 
 254   (0.044) 0.014 0.004 0.091 0.003 0.036 0.028 
 242   (0.026) 0.003 0.002 0.002 0.002 0.003 0.038 
 266   (0.027) 0.003 0.002 0.051 0.002 0.004 0.011 
 244   (0.029) 0.017 0.007 0.037 0.002 0.004 0.012 
 226   (0.022) 0.002 0.002 0.002 0.026 0.003 0.007 
 240   (0.020) 0.002 0.002 0.002 0.001 0.004 0.020 

Locus 10 : Scv8 
6 alleles
0.0% missing data
 200   (0.612) 0.819 0.694 0.690 0.827 0.467 0.658 
 202   (0.095) 0.015 0.008 0.080 0.007 0.071 0.146 
 194   (0.097) 0.035 0.099 0.011 0.152 0.153 0.044 
 204   (0.052) 0.106 0.038 0.005 0.004 0.008 0.031 
 198   (0.072) 0.018 0.153 0.007 0.005 0.020 0.084 
 188   (0.072) 0.007 0.006 0.208 0.005 0.280 0.037 

Locus 11 : Scv9 
5 alleles
0.0% missing data
 198   (0.304) 0.526 0.111 0.364 0.426 0.541 0.221 
 200   (0.359) 0.332 0.560 0.232 0.352 0.111 0.485 
 196   (0.265) 0.133 0.323 0.395 0.046 0.261 0.270 
 204   (0.047) 0.006 0.004 0.006 0.174 0.066 0.015 
 202   (0.025) 0.002 0.002 0.003 0.002 0.021 0.008 

Locus 12 : Rsu1 
6 alleles
0.0% missing data
 189   (0.302) 0.102 0.059 0.163 0.499 0.256 0.486 
 185   (0.265) 0.083 0.242 0.735 0.187 0.249 0.205 
 177   (0.085) 0.012 0.141 0.043 0.009 0.042 0.053 
 181   (0.243) 0.725 0.190 0.050 0.059 0.440 0.223 
 193   (0.057) 0.073 0.268 0.005 0.032 0.007 0.018 
 197   (0.047) 0.005 0.100 0.004 0.214 0.005 0.015 

Locus 13 : Scv14 
7 alleles
4.5% missing data
 196   (0.540) 0.826 0.785 0.557 0.929 0.669 0.454 
 198   (0.094) 0.057 0.008 0.067 0.008 0.090 0.118 
 194   (0.144) 0.064 0.065 0.046 0.020 0.174 0.189 
 202   (0.148) 0.026 0.131 0.323 0.036 0.046 0.194 
 204   (0.024) 0.003 0.002 0.002 0.002 0.003 0.022 
 190   (0.025) 0.021 0.006 0.002 0.002 0.003 0.009 
 200   (0.025) 0.003 0.002 0.002 0.002 0.015 0.013 

Locus 14 : Scv16 
7 alleles
0.0% missing data
 182   (0.385) 0.708 0.560 0.404 0.203 0.618 0.295 
 184   (0.409) 0.263 0.284 0.517 0.769 0.220 0.518 
 188   (0.069) 0.007 0.144 0.006 0.018 0.008 0.115 
 200   (0.026) 0.003 0.002 0.002 0.002 0.003 0.023 
 198   (0.047) 0.012 0.004 0.046 0.003 0.087 0.015 
 190   (0.039) 0.004 0.003 0.021 0.003 0.061 0.013 
 186   (0.025) 0.003 0.003 0.002 0.002 0.005 0.021 

Locus 15 : Scv31 
15 alleles
3.0% missing data
 193   (0.106) 0.569 0.033 0.204 0.012 0.024 0.094 
 201   (0.116) 0.078 0.068 0.050 0.013 0.014 0.198 
 187   (0.090) 0.063 0.309 0.092 0.252 0.011 0.033 
 207   (0.033) 0.004 0.016 0.003 0.387 0.004 0.011 
 195   (0.075) 0.042 0.116 0.166 0.016 0.030 0.026 
 185   (0.164) 0.042 0.023 0.280 0.236 0.326 0.150 
 189   (0.067) 0.114 0.006 0.006 0.005 0.007 0.180 
 205   (0.025) 0.003 0.002 0.003 0.002 0.003 0.022 
 191   (0.119) 0.062 0.345 0.017 0.062 0.517 0.064 
 197   (0.029) 0.004 0.008 0.129 0.004 0.003 0.010 
 199   (0.063) 0.007 0.006 0.039 0.005 0.046 0.069 
 203   (0.032) 0.003 0.003 0.003 0.002 0.003 0.058 
 209   (0.030) 0.004 0.003 0.003 0.002 0.004 0.040 
 213   (0.025) 0.003 0.002 0.003 0.002 0.003 0.039 
 181   (0.025) 0.003 0.060 0.002 0.002 0.003 0.008 

Locus 16 : Scv6 
8 alleles
0.0% missing data
 191   (0.113) 0.192 0.182 0.022 0.008 0.013 0.176 
 195   (0.364) 0.514 0.461 0.555 0.689 0.268 0.308 
 197   (0.215) 0.237 0.316 0.221 0.251 0.287 0.128 
 201   (0.074) 0.019 0.007 0.008 0.006 0.108 0.149 
 205   (0.029) 0.003 0.002 0.002 0.002 0.003 0.040 
 193   (0.089) 0.010 0.009 0.130 0.007 0.140 0.106 
 199   (0.087) 0.022 0.021 0.059 0.036 0.177 0.053 
 181   (0.028) 0.003 0.002 0.003 0.002 0.003 0.039 

Values of parameters used in structure:
DATAFILE=M:\STRUCTURE\Squirrel_132_ID_16L_20250816\project_data,	OUTFILE=M:\STRUCTURE\Squirrel_132_ID_16L_20250816\10k_Burnin_100k_MCMC\Results\10k_Burnin_100k_MCMC_run_148,	NUMINDS=132,	NUMLOCI=16,	MISSING=-9,	LABEL=1,	POPDATA=1,	POPFLAG=0,	PHENOTYPE=0,	EXTRACOLS=1,	MAXPOPS=6,	BURNIN=10000,	NUMREPS=100000,	USEPOPINFO=0,	INFERALPHA=1,	INFERLAMBDA=1,	POPSPECIFICLAMBDA=0,	POPALPHAS=0,	COMPUTEPROB=1,	NOADMIX=0,	ADMBURNIN=2500,	UPDATEFREQ=1,	PRINTLIKES=0,	INTERMEDSAVE=0,	PRINTKLD=0,	PRINTNET=0,	PRINTLAMBDA=0,	ANCESTDIST=1,	NUMBOXES=1000,	ANCESTPINT=0.90000,	GENSBACK=2,	MIGRPRIOR=0.05000,	PRINTQHAT=1,	PRINTQSUM=0,	ALPHA=1.0000,	FREQSCORR=1,	FPRIORMEAN=0.0100,	FPRIORSD=0.0500,	ONEFST=0,	LAMBDA=1.0000,	UNIFPRIORALPHA=1,	ALPHAMAX=10.0000,	ALPHAPRIORA=1.0000,	ALPHAPRIORB=2.0000,	ALPHAPROPSD=0.0250,	STARTATPOPINFO=0,	RANDOMIZE=1,	LINKAGE=0,	METROFREQ=10,	REPORTHITRATE=0,	MARKOVPHASE=-1,	PHASED=0,	PLOIDY=2,	PHASEINFO=0	LOCPRIOR=0, 	LOCPRIORINIT=1.000000, 	LOCDATA=0, 	LOCISPOP=0, 	LOCPRIORSTEP=0.100000, 	MAXLOCPRIOR=20.000000, 	SEED=1763750012,	
[STRAT parameters]:    NUMSIMSTATS=1000,	PHENOTYPECOL=-9,	POOLFREQ=10,	LOCUSxONLY=0,	EMERROR=0.00100,	MISSINGPHENO=-9,	