          1*  1 0.0230 0.0136 0.9634 
           3  1 0.0132 0.9534 0.0335 
           6  1 0.0256 0.9680 0.0064 
           8  1 0.0061 0.9835 0.0105 
          10  1 0.0060 0.9837 0.0103 
          11  1 0.0322 0.0932 0.8747 
          12  1 0.0158 0.9620 0.0221 
          16  1 0.0068 0.9825 0.0107 
          18  1 0.0048 0.0079 0.9873 
          19  1 0.0273 0.0220 0.9507 
          21  1 0.0103 0.9793 0.0105 
          23  1 0.3661 0.6100 0.0239 
          24  1 0.0275 0.6529 0.3196 
          25  1 0.0739 0.8760 0.0501 
         26*  1 0.0043 0.9817 0.0139 
          28  1 0.0057 0.9882 0.0061 
          29  1 0.0056 0.9769 0.0175 
          30  1 0.1156 0.8330 0.0514 
          33  1 0.0200 0.0046 0.9754 
          37  1 0.0075 0.0133 0.9791 
          38  1 0.0040 0.0146 0.9814 
          43  1 0.0065 0.9754 0.0181 
          44  1 0.0133 0.9719 0.0148 
          48  1 0.0050 0.0071 0.9880 
          55  1 0.0138 0.9774 0.0088 
          59  1 0.0101 0.6291 0.3608 
          60  1 0.9372 0.0112 0.0517 
          61  1 0.9843 0.0078 0.0079 
          62  1 0.9622 0.0196 0.0182 
          65  1 0.0183 0.0076 0.9741 
          73  1 0.9558 0.0303 0.0139 
          75  1 0.9581 0.0095 0.0324 
          76  1 0.9877 0.0066 0.0057 
          77  1 0.9770 0.0082 0.0147 
          78  1 0.9852 0.0067 0.0081 
          79  1 0.9780 0.0046 0.0174 
          84  1 0.0302 0.9584 0.0115 
          85  1 0.0148 0.9505 0.0347 
          86  1 0.0301 0.9123 0.0576 
          89  1 0.0682 0.8790 0.0528 
          94  1 0.0067 0.7791 0.2142 
          95  1 0.0168 0.5286 0.4546 
          96  1 0.0064 0.9878 0.0058 
          98  1 0.9837 0.0085 0.0077 
         102  1 0.0163 0.0178 0.9659 
         105  1 0.9759 0.0079 0.0162 
         106  1 0.8707 0.0371 0.0922 
         108  1 0.9377 0.0119 0.0503 
         109  1 0.9641 0.0257 0.0102 
         112  1 0.6160 0.2729 0.1111 
         115  1 0.0296 0.0295 0.9408 
         116  1 0.0137 0.9528 0.0336 
         117  1 0.0171 0.9743 0.0086 
         129  1 0.0042 0.9899 0.0059 
         132  1 0.5577 0.0492 0.3930 
         133  1 0.9876 0.0058 0.0066 
         137  1 0.9693 0.0152 0.0155 
         139  1 0.9138 0.0183 0.0679 
         140  1 0.9819 0.0096 0.0085 
         142  1 0.9827 0.0089 0.0084 
         144  1 0.9879 0.0050 0.0071 
         145  1 0.9844 0.0090 0.0066 
         147  1 0.9867 0.0059 0.0074 
         160  1 0.0079 0.9501 0.0421 
        162*  1 0.0070 0.9870 0.0060 
         166  1 0.9835 0.0075 0.0091 
         177  1 0.9822 0.0083 0.0095 
         178  1 0.9772 0.0134 0.0094 
         186  1 0.0079 0.9804 0.0117 
         189  1 0.0066 0.9834 0.0100 
         190  1 0.0078 0.9839 0.0082 
         191  1 0.0163 0.9759 0.0078 
         193  1 0.9377 0.0497 0.0126 
         202  1 0.0236 0.8067 0.1697 
         204  1 0.0037 0.9918 0.0044 
         211  1 0.9368 0.0256 0.0376 
         216  1 0.9892 0.0055 0.0053 
         222  1 0.9455 0.0092 0.0454 
         224  1 0.0118 0.9721 0.0161 
         226  1 0.0103 0.4965 0.4932 
         229  1 0.0297 0.9236 0.0466 
         230  1 0.0233 0.9507 0.0261 
         232  1 0.0730 0.9028 0.0242 
         238  1 0.1123 0.0171 0.8706 
         242  1 0.0060 0.0050 0.9890 
         243  1 0.0588 0.0168 0.9244 
         244  1 0.0550 0.0118 0.9332 
         251  1 0.0442 0.0432 0.9126 
         266  1 0.6940 0.0139 0.2920 
         267  1 0.9183 0.0545 0.0272 
         268  1 0.9853 0.0074 0.0073 
         270  1 0.0088 0.9763 0.0148 
         276  1 0.0452 0.9419 0.0129 
         298  1 0.9853 0.0069 0.0078 
         306  1 0.9815 0.0053 0.0132 
         308  1 0.9757 0.0080 0.0164 
         311  1 0.7543 0.0191 0.2266 
         323  1 0.0138 0.6046 0.3817 
         327  1 0.0076 0.9816 0.0108 
         334  1 0.0290 0.0083 0.9627 
         338  1 0.9665 0.0166 0.0169 
         341  1 0.0396 0.5822 0.3782 
         346  1 0.9737 0.0157 0.0106 
         348  1 0.9824 0.0065 0.0110 
         351  1 0.0326 0.0158 0.9516 
         362  1 0.0051 0.9890 0.0059 
         364  1 0.0140 0.0059 0.9800 
         366  1 0.0241 0.0268 0.9491 
         376  1 0.0106 0.9786 0.0108 
         377  1 0.2492 0.7042 0.0466 
         378  1 0.0283 0.9610 0.0107 
         388  1 0.9657 0.0163 0.0180 
         391  1 0.5490 0.3403 0.1107 
         401  1 0.0847 0.4963 0.4190 
         406  1 0.9190 0.0239 0.0571 
         412  1 0.9440 0.0363 0.0197 
         413  1 0.9577 0.0100 0.0323 
         421  1 0.1417 0.7936 0.0647 
         423  1 0.1001 0.6485 0.2514 
         424  1 0.9147 0.0346 0.0507 
         426  1 0.0320 0.9495 0.0185 
         430  1 0.9667 0.0250 0.0083 
         435  1 0.9884 0.0073 0.0043 
         476  1 0.0106 0.8986 0.0908 
         478  1 0.0068 0.9773 0.0158 
         484  1 0.9868 0.0067 0.0065 
         489  1 0.5253 0.4329 0.0417 
         493  1 0.0074 0.0084 0.9842 
         494  1 0.0061 0.0161 0.9778 
         500  1 0.0035 0.9852 0.0112 
         504  1 0.8939 0.0615 0.0446 
         506  1 0.8823 0.1065 0.0112 
