          1*  1 0.1027 0.8973 
           3  1 0.9859 0.0141 
           6  1 0.9620 0.0380 
           8  1 0.9899 0.0101 
          10  1 0.9910 0.0090 
          11  1 0.8410 0.1590 
          12  1 0.9799 0.0201 
          16  1 0.9897 0.0103 
          18  1 0.9186 0.0814 
          19  1 0.1259 0.8741 
          21  1 0.9855 0.0145 
          23  1 0.4770 0.5230 
          24  1 0.9607 0.0393 
          25  1 0.9179 0.0821 
         26*  1 0.9942 0.0058 
          28  1 0.9921 0.0079 
          29  1 0.9899 0.0101 
          30  1 0.8673 0.1327 
          33  1 0.0150 0.9850 
          37  1 0.8985 0.1015 
          38  1 0.9230 0.0770 
          43  1 0.9902 0.0098 
          44  1 0.9862 0.0138 
          48  1 0.9190 0.0810 
          55  1 0.9789 0.0211 
          59  1 0.9886 0.0114 
          60  1 0.0122 0.9878 
          61  1 0.0124 0.9876 
          62  1 0.0496 0.9504 
          65  1 0.4061 0.5939 
          73  1 0.0291 0.9709 
          75  1 0.0122 0.9878 
          76  1 0.0092 0.9908 
          77  1 0.0149 0.9851 
          78  1 0.0109 0.9891 
          79  1 0.0065 0.9935 
          84  1 0.9589 0.0411 
          85  1 0.9696 0.0304 
          86  1 0.9421 0.0579 
          89  1 0.9411 0.0589 
          94  1 0.9914 0.0086 
          95  1 0.9771 0.0229 
          96  1 0.9902 0.0098 
          98  1 0.0105 0.9895 
         102  1 0.8474 0.1526 
         105  1 0.0100 0.9900 
         106  1 0.0456 0.9544 
         108  1 0.0141 0.9859 
         109  1 0.0258 0.9742 
         112  1 0.2768 0.7232 
         115  1 0.6700 0.3300 
         116  1 0.9782 0.0218 
         117  1 0.9737 0.0263 
         129  1 0.9939 0.0061 
         132  1 0.0731 0.9269 
         133  1 0.0081 0.9919 
         137  1 0.0279 0.9721 
         139  1 0.0247 0.9753 
         140  1 0.0139 0.9861 
         142  1 0.0150 0.9850 
         144  1 0.0082 0.9918 
         145  1 0.0181 0.9819 
         147  1 0.0080 0.9920 
         160  1 0.9880 0.0120 
        162*  1 0.9882 0.0118 
         166  1 0.0124 0.9876 
         177  1 0.0126 0.9874 
         178  1 0.0159 0.9841 
         186  1 0.9888 0.0112 
         189  1 0.9895 0.0105 
         190  1 0.9879 0.0121 
         191  1 0.9820 0.0180 
         193  1 0.1150 0.8850 
         202  1 0.9567 0.0433 
         204  1 0.9948 0.0052 
         211  1 0.0278 0.9722 
         216  1 0.0076 0.9924 
         222  1 0.0142 0.9858 
         224  1 0.9830 0.0170 
         226  1 0.9809 0.0191 
         229  1 0.9205 0.0795 
         230  1 0.9726 0.0274 
         232  1 0.9513 0.0487 
         238  1 0.0803 0.9197 
         242  1 0.0708 0.9292 
         243  1 0.0785 0.9215 
         244  1 0.0349 0.9651 
         251  1 0.1350 0.8650 
         266  1 0.0400 0.9600 
         267  1 0.0448 0.9552 
         268  1 0.0093 0.9907 
         270  1 0.9884 0.0116 
         276  1 0.9614 0.0386 
         298  1 0.0099 0.9901 
         306  1 0.0084 0.9916 
         308  1 0.0114 0.9886 
         311  1 0.0194 0.9806 
         323  1 0.9825 0.0175 
         327  1 0.9891 0.0109 
         334  1 0.0875 0.9125 
         338  1 0.0215 0.9785 
         341  1 0.9399 0.0601 
         346  1 0.0212 0.9788 
         348  1 0.0094 0.9906 
         351  1 0.0912 0.9088 
         362  1 0.9923 0.0077 
         364  1 0.0610 0.9390 
         366  1 0.2839 0.7161 
         376  1 0.9845 0.0155 
         377  1 0.7031 0.2969 
         378  1 0.9554 0.0446 
         388  1 0.0152 0.9848 
         391  1 0.4568 0.5432 
         401  1 0.8076 0.1924 
         406  1 0.0424 0.9576 
         412  1 0.0695 0.9305 
         413  1 0.0143 0.9857 
         421  1 0.9299 0.0701 
         423  1 0.9055 0.0945 
         424  1 0.0385 0.9615 
         426  1 0.9588 0.0412 
         430  1 0.0424 0.9576 
         435  1 0.0110 0.9890 
         476  1 0.9853 0.0147 
         478  1 0.9904 0.0096 
         484  1 0.0090 0.9910 
         489  1 0.4821 0.5179 
         493  1 0.8332 0.1668 
         494  1 0.9046 0.0954 
         500  1 0.9942 0.0058 
         504  1 0.0327 0.9673 
         506  1 0.1158 0.8842 
