

----------------------------------------------------
STRUCTURE by Pritchard, Stephens and Donnelly (2000)
     and Falush, Stephens and Pritchard (2003)
       Code by Pritchard, Falush and Hubisz
             Version 2.3.4 (Jul 2012)
----------------------------------------------------



Command line arguments:   bin\structure -m M:\STRUCTURE\Squirrel_132_ID_16L_20250816\10k_Burnin_100k_MCMC\mainparams -e M:\STRUCTURE\Squirrel_132_ID_16L_20250816\10k_Burnin_100k_MCMC\extraparams 
Input File:    M:\STRUCTURE\Squirrel_132_ID_16L_20250816\project_data

Run parameters:
   132 individuals
   16 loci
   10 populations assumed
   10000 Burn-in period
   100000 Reps


--------------------------------------------
Proportion of membership of each pre-defined
 population in each of the 10 clusters

Given    Inferred Clusters                                                        Number of
 Pop       1      2      3      4      5      6      7      8      9     10      Individuals

  1:     0.096  0.077  0.097  0.095  0.115  0.124  0.104  0.093  0.102  0.096      132
--------------------------------------------

Allele-freq. divergence among pops (Net nucleotide distance),
computed using point estimates of P.

      1       2       3       4       5       6       7       8       9      10      
 1      -    0.0899  0.0963  0.0804  0.0707  0.0878  0.0609  0.0075  0.0490  0.1302  
 2   0.0899     -    0.1856  0.0973  0.1147  0.1458  0.0867  0.0811  0.1048  0.1383  
 3   0.0963  0.1856     -    0.1577  0.1172  0.1356  0.1011  0.0783  0.1541  0.2009  
 4   0.0804  0.0973  0.1577     -    0.0978  0.1332  0.0945  0.0630  0.0857  0.1566  
 5   0.0707  0.1147  0.1172  0.0978     -    0.0734  0.0654  0.0384  0.0859  0.1156  
 6   0.0878  0.1458  0.1356  0.1332  0.0734     -    0.0934  0.0692  0.1001  0.1590  
 7   0.0609  0.0867  0.1011  0.0945  0.0654  0.0934     -    0.0397  0.0795  0.1074  
 8   0.0075  0.0811  0.0783  0.0630  0.0384  0.0692  0.0397     -    0.0469  0.1116  
 9   0.0490  0.1048  0.1541  0.0857  0.0859  0.1001  0.0795  0.0469     -    0.1106  
10   0.1302  0.1383  0.2009  0.1566  0.1156  0.1590  0.1074  0.1116  0.1106     -    

Average distances (expected heterozygosity) between individuals in same cluster:
cluster  1  : 0.5340 
cluster  2  : 0.4556 
cluster  3  : 0.4251 
cluster  4  : 0.5776 
cluster  5  : 0.6214 
cluster  6  : 0.4493 
cluster  7  : 0.5682 
cluster  8  : 0.6067 
cluster  9  : 0.5380 
cluster 10  : 0.4843 

--------------------------------------------
Estimated Ln Prob of Data   = -4781.8
Mean value of ln likelihood = -4309.3
Variance of ln likelihood   = 945.0
Mean value of alpha         = 0.0515

Mean value of lambda        = 0.9959

Mean value of Fst_1         = 0.2735
Mean value of Fst_2         = 0.3396
Mean value of Fst_3         = 0.3540
Mean value of Fst_4         = 0.2222
Mean value of Fst_5         = 0.1079
Mean value of Fst_6         = 0.3309
Mean value of Fst_7         = 0.1988
Mean value of Fst_8         = 0.1439
Mean value of Fst_9         = 0.2655
Mean value of Fst_10         = 0.3359


Inferred ancestry of individuals:
        Label (%Miss) Pop:  Inferred clusters (and 90% probability intervals)
  1       1*    (0)    1 :  0.049 0.009 0.011 0.006 0.666 0.016 0.007 0.041 0.182 0.013     (0.000,0.324) (0.000,0.056) (0.000,0.071) (0.000,0.031) (0.245,0.993) (0.000,0.105) (0.000,0.042) (0.000,0.263) (0.000,0.564) (0.000,0.076) 
  2        3    (0)    1 :  0.007 0.008 0.006 0.005 0.006 0.940 0.007 0.006 0.007 0.008     (0.000,0.038) (0.000,0.047) (0.000,0.037) (0.000,0.028) (0.000,0.034) (0.771,1.000) (0.000,0.041) (0.000,0.032) (0.000,0.042) (0.000,0.046) 
  3        6    (0)    1 :  0.022 0.015 0.025 0.015 0.005 0.830 0.019 0.014 0.039 0.015     (0.000,0.143) (0.000,0.105) (0.000,0.183) (0.000,0.095) (0.000,0.031) (0.467,1.000) (0.000,0.121) (0.000,0.082) (0.000,0.275) (0.000,0.098) 
  4        8    (0)    1 :  0.020 0.007 0.506 0.004 0.016 0.007 0.385 0.032 0.006 0.017     (0.000,0.127) (0.000,0.040) (0.001,0.824) (0.000,0.020) (0.000,0.105) (0.000,0.041) (0.002,0.765) (0.000,0.223) (0.000,0.036) (0.000,0.119) 
  5       10    (0)    1 :  0.426 0.004 0.203 0.005 0.007 0.007 0.007 0.332 0.005 0.004     (0.000,0.993) (0.000,0.025) (0.000,0.576) (0.000,0.029) (0.000,0.039) (0.000,0.044) (0.000,0.036) (0.000,0.995) (0.000,0.030) (0.000,0.020) 
  6       11    (0)    1 :  0.101 0.022 0.013 0.039 0.208 0.039 0.184 0.333 0.053 0.009     (0.000,0.880) (0.000,0.130) (0.000,0.084) (0.000,0.274) (0.000,0.916) (0.000,0.280) (0.000,0.859) (0.000,0.995) (0.000,0.345) (0.000,0.054) 
  7       12    (0)    1 :  0.602 0.008 0.015 0.005 0.005 0.006 0.006 0.337 0.009 0.005     (0.000,1.000) (0.000,0.050) (0.000,0.099) (0.000,0.028) (0.000,0.032) (0.000,0.034) (0.000,0.036) (0.000,0.999) (0.000,0.056) (0.000,0.031) 
  8       16    (6)    1 :  0.010 0.009 0.018 0.007 0.007 0.911 0.014 0.010 0.008 0.006     (0.000,0.060) (0.000,0.058) (0.000,0.124) (0.000,0.040) (0.000,0.039) (0.677,1.000) (0.000,0.091) (0.000,0.063) (0.000,0.046) (0.000,0.032) 
  9       18    (0)    1 :  0.006 0.007 0.007 0.004 0.934 0.009 0.013 0.009 0.004 0.006     (0.000,0.036) (0.000,0.044) (0.000,0.041) (0.000,0.024) (0.744,1.000) (0.000,0.056) (0.000,0.086) (0.000,0.049) (0.000,0.025) (0.000,0.034) 
 10       19    (0)    1 :  0.104 0.013 0.029 0.071 0.287 0.016 0.039 0.408 0.017 0.016     (0.000,0.908) (0.000,0.073) (0.000,0.208) (0.000,0.429) (0.000,0.983) (0.000,0.106) (0.000,0.282) (0.000,0.997) (0.000,0.075) (0.000,0.103) 
 11       21    (6)    1 :  0.011 0.014 0.032 0.008 0.007 0.883 0.017 0.011 0.010 0.007     (0.000,0.070) (0.000,0.095) (0.000,0.204) (0.000,0.050) (0.000,0.040) (0.608,1.000) (0.000,0.108) (0.000,0.067) (0.000,0.059) (0.000,0.041) 
 12       23    (6)    1 :  0.460 0.115 0.037 0.023 0.010 0.012 0.011 0.195 0.126 0.010     (0.000,0.986) (0.000,0.500) (0.000,0.251) (0.000,0.164) (0.000,0.063) (0.000,0.077) (0.000,0.065) (0.000,0.888) (0.000,0.652) (0.000,0.060) 
 13       24    (6)    1 :  0.272 0.013 0.096 0.042 0.067 0.018 0.022 0.443 0.021 0.007     (0.000,0.906) (0.000,0.076) (0.000,0.440) (0.000,0.264) (0.000,0.416) (0.000,0.124) (0.000,0.133) (0.000,0.988) (0.000,0.128) (0.000,0.043) 
 14       25    (6)    1 :  0.411 0.024 0.012 0.006 0.013 0.031 0.098 0.256 0.143 0.006     (0.000,0.941) (0.000,0.161) (0.000,0.082) (0.000,0.035) (0.000,0.082) (0.000,0.213) (0.000,0.413) (0.000,0.876) (0.000,0.620) (0.000,0.036) 
 15      26*    (0)    1 :  0.101 0.006 0.463 0.005 0.015 0.239 0.028 0.125 0.012 0.006     (0.000,0.478) (0.000,0.036) (0.000,0.950) (0.000,0.028) (0.000,0.104) (0.000,0.628) (0.000,0.190) (0.000,0.638) (0.000,0.078) (0.000,0.032) 
 16       28    (0)    1 :  0.145 0.007 0.062 0.006 0.007 0.106 0.458 0.188 0.013 0.006     (0.000,0.859) (0.000,0.042) (0.000,0.364) (0.000,0.036) (0.000,0.042) (0.000,0.537) (0.000,0.994) (0.000,0.967) (0.000,0.086) (0.000,0.035) 
 17       29    (0)    1 :  0.454 0.006 0.158 0.007 0.015 0.006 0.010 0.333 0.006 0.005     (0.000,0.997) (0.000,0.033) (0.000,0.576) (0.000,0.037) (0.000,0.100) (0.000,0.035) (0.000,0.063) (0.000,0.994) (0.000,0.034) (0.000,0.028) 
 18       30    (0)    1 :  0.068 0.007 0.301 0.008 0.018 0.137 0.031 0.115 0.038 0.277     (0.000,0.476) (0.000,0.040) (0.000,0.696) (0.000,0.045) (0.000,0.117) (0.000,0.606) (0.000,0.205) (0.000,0.730) (0.000,0.272) (0.000,0.582) 
 19       33    (0)    1 :  0.015 0.006 0.006 0.092 0.779 0.007 0.005 0.060 0.018 0.011     (0.000,0.068) (0.000,0.034) (0.000,0.038) (0.000,0.409) (0.236,1.000) (0.000,0.040) (0.000,0.030) (0.000,0.526) (0.000,0.126) (0.000,0.075) 
 20       37    (0)    1 :  0.026 0.009 0.006 0.011 0.884 0.013 0.010 0.024 0.010 0.006     (0.000,0.191) (0.000,0.059) (0.000,0.036) (0.000,0.072) (0.592,1.000) (0.000,0.087) (0.000,0.059) (0.000,0.174) (0.000,0.068) (0.000,0.034) 
 21       38    (0)    1 :  0.014 0.006 0.013 0.005 0.907 0.010 0.013 0.022 0.005 0.005     (0.000,0.095) (0.000,0.034) (0.000,0.088) (0.000,0.032) (0.660,1.000) (0.000,0.066) (0.000,0.080) (0.000,0.132) (0.000,0.025) (0.000,0.027) 
 22       43    (0)    1 :  0.444 0.006 0.039 0.008 0.010 0.043 0.076 0.354 0.015 0.005     (0.000,0.990) (0.000,0.032) (0.000,0.256) (0.000,0.046) (0.000,0.058) (0.000,0.265) (0.000,0.410) (0.000,0.995) (0.000,0.100) (0.000,0.033) 
 23       44    (0)    1 :  0.009 0.020 0.029 0.005 0.009 0.169 0.709 0.015 0.007 0.030     (0.000,0.051) (0.000,0.139) (0.000,0.198) (0.000,0.026) (0.000,0.050) (0.000,0.587) (0.048,0.999) (0.000,0.087) (0.000,0.038) (0.000,0.217) 
 24       48    (0)    1 :  0.006 0.007 0.006 0.004 0.936 0.014 0.007 0.009 0.005 0.006     (0.000,0.038) (0.000,0.041) (0.000,0.033) (0.000,0.022) (0.756,1.000) (0.000,0.089) (0.000,0.043) (0.000,0.045) (0.000,0.027) (0.000,0.033) 
 25       55    (0)    1 :  0.020 0.008 0.067 0.010 0.012 0.224 0.565 0.030 0.052 0.014     (0.000,0.130) (0.000,0.047) (0.000,0.359) (0.000,0.060) (0.000,0.072) (0.000,0.691) (0.086,0.974) (0.000,0.197) (0.000,0.321) (0.000,0.086) 
 26       59    (0)    1 :  0.005 0.005 0.006 0.004 0.007 0.946 0.007 0.006 0.007 0.007     (0.000,0.029) (0.000,0.028) (0.000,0.034) (0.000,0.024) (0.000,0.043) (0.793,1.000) (0.000,0.043) (0.000,0.035) (0.000,0.040) (0.000,0.045) 
 27       60    (0)    1 :  0.107 0.009 0.004 0.012 0.012 0.009 0.005 0.020 0.814 0.006     (0.000,0.902) (0.000,0.057) (0.000,0.025) (0.000,0.077) (0.000,0.077) (0.000,0.058) (0.000,0.031) (0.000,0.137) (0.000,1.000) (0.000,0.035) 
 28       61    (0)    1 :  0.035 0.185 0.008 0.428 0.010 0.017 0.015 0.019 0.228 0.056     (0.000,0.253) (0.000,0.760) (0.000,0.048) (0.000,0.945) (0.000,0.059) (0.000,0.117) (0.000,0.094) (0.000,0.114) (0.000,0.784) (0.000,0.342) 
 29       62    (0)    1 :  0.078 0.574 0.007 0.103 0.026 0.014 0.066 0.055 0.061 0.016     (0.000,0.481) (0.000,0.993) (0.000,0.045) (0.000,0.586) (0.000,0.183) (0.000,0.092) (0.000,0.435) (0.000,0.401) (0.000,0.407) (0.000,0.108) 
 30       65    (0)    1 :  0.024 0.008 0.009 0.016 0.784 0.006 0.012 0.096 0.022 0.024     (0.000,0.122) (0.000,0.046) (0.000,0.059) (0.000,0.105) (0.002,1.000) (0.000,0.032) (0.000,0.077) (0.000,0.830) (0.000,0.156) (0.000,0.160) 
 31       73    (0)    1 :  0.106 0.016 0.007 0.005 0.007 0.006 0.021 0.073 0.053 0.706     (0.000,0.452) (0.000,0.105) (0.000,0.041) (0.000,0.030) (0.000,0.041) (0.000,0.037) (0.000,0.143) (0.000,0.404) (0.000,0.374) (0.335,0.995) 
 32       75    (0)    1 :  0.007 0.005 0.010 0.891 0.011 0.010 0.007 0.011 0.006 0.041     (0.000,0.038) (0.000,0.031) (0.000,0.068) (0.624,1.000) (0.000,0.071) (0.000,0.063) (0.000,0.045) (0.000,0.061) (0.000,0.034) (0.000,0.252) 
 33       76    (0)    1 :  0.013 0.015 0.005 0.918 0.005 0.007 0.008 0.010 0.014 0.006     (0.000,0.090) (0.000,0.090) (0.000,0.027) (0.689,1.000) (0.000,0.027) (0.000,0.042) (0.000,0.047) (0.000,0.057) (0.000,0.091) (0.000,0.034) 
 34       77    (0)    1 :  0.025 0.012 0.004 0.802 0.007 0.008 0.006 0.010 0.121 0.004     (0.000,0.123) (0.000,0.076) (0.000,0.025) (0.108,1.000) (0.000,0.043) (0.000,0.047) (0.000,0.035) (0.000,0.061) (0.000,0.738) (0.000,0.024) 
 35       78    (0)    1 :  0.039 0.023 0.009 0.387 0.015 0.007 0.026 0.028 0.046 0.418     (0.000,0.254) (0.000,0.167) (0.000,0.056) (0.000,0.888) (0.000,0.096) (0.000,0.044) (0.000,0.188) (0.000,0.175) (0.000,0.330) (0.000,0.915) 
 36       79    (0)    1 :  0.018 0.040 0.006 0.774 0.013 0.006 0.012 0.034 0.010 0.088     (0.000,0.097) (0.000,0.268) (0.000,0.037) (0.333,0.999) (0.000,0.087) (0.000,0.036) (0.000,0.077) (0.000,0.250) (0.000,0.059) (0.000,0.424) 
 37       84    (0)    1 :  0.077 0.163 0.073 0.012 0.011 0.476 0.092 0.049 0.032 0.016     (0.000,0.493) (0.000,0.538) (0.000,0.331) (0.000,0.070) (0.000,0.068) (0.000,0.855) (0.000,0.541) (0.000,0.344) (0.000,0.229) (0.000,0.109) 
 38       85    (0)    1 :  0.010 0.011 0.052 0.007 0.011 0.011 0.853 0.023 0.010 0.013     (0.000,0.059) (0.000,0.066) (0.000,0.336) (0.000,0.038) (0.000,0.063) (0.000,0.070) (0.454,1.000) (0.000,0.122) (0.000,0.062) (0.000,0.088) 
 39       86    (0)    1 :  0.036 0.014 0.178 0.011 0.013 0.008 0.561 0.146 0.015 0.017     (0.000,0.231) (0.000,0.089) (0.000,0.728) (0.000,0.064) (0.000,0.082) (0.000,0.050) (0.000,0.994) (0.000,0.887) (0.000,0.096) (0.000,0.114) 
 40       89    (0)    1 :  0.170 0.161 0.011 0.016 0.019 0.476 0.019 0.088 0.033 0.008     (0.000,0.614) (0.000,0.559) (0.000,0.062) (0.000,0.106) (0.000,0.125) (0.003,0.820) (0.000,0.122) (0.000,0.500) (0.000,0.242) (0.000,0.043) 
 41       94    (0)    1 :  0.525 0.008 0.008 0.006 0.031 0.013 0.015 0.382 0.007 0.005     (0.000,0.999) (0.000,0.052) (0.000,0.045) (0.000,0.032) (0.000,0.223) (0.000,0.089) (0.000,0.103) (0.000,0.999) (0.000,0.040) (0.000,0.027) 
 42       95    (0)    1 :  0.007 0.006 0.012 0.006 0.014 0.913 0.010 0.007 0.015 0.010     (0.000,0.041) (0.000,0.034) (0.000,0.077) (0.000,0.032) (0.000,0.090) (0.677,1.000) (0.000,0.061) (0.000,0.041) (0.000,0.098) (0.000,0.064) 
 43       96    (0)    1 :  0.007 0.010 0.935 0.007 0.005 0.004 0.016 0.006 0.004 0.005     (0.000,0.042) (0.000,0.062) (0.746,1.000) (0.000,0.044) (0.000,0.026) (0.000,0.024) (0.000,0.105) (0.000,0.037) (0.000,0.023) (0.000,0.031) 
 44       98    (0)    1 :  0.117 0.038 0.006 0.019 0.006 0.006 0.007 0.013 0.731 0.057     (0.000,0.977) (0.000,0.230) (0.000,0.039) (0.000,0.105) (0.000,0.031) (0.000,0.033) (0.000,0.042) (0.000,0.077) (0.000,1.000) (0.000,0.456) 
 45      102    (0)    1 :  0.097 0.021 0.006 0.011 0.457 0.034 0.009 0.336 0.020 0.010     (0.000,0.841) (0.000,0.144) (0.000,0.031) (0.000,0.078) (0.000,0.991) (0.000,0.236) (0.000,0.053) (0.000,0.994) (0.000,0.135) (0.000,0.065) 
 46      105    (0)    1 :  0.005 0.006 0.004 0.004 0.007 0.005 0.004 0.005 0.005 0.955     (0.000,0.029) (0.000,0.032) (0.000,0.025) (0.000,0.021) (0.000,0.041) (0.000,0.028) (0.000,0.024) (0.000,0.029) (0.000,0.027) (0.828,1.000) 
 47      106    (0)    1 :  0.056 0.101 0.006 0.384 0.025 0.079 0.081 0.133 0.033 0.102     (0.000,0.507) (0.000,0.498) (0.000,0.033) (0.000,0.884) (0.000,0.169) (0.000,0.374) (0.000,0.423) (0.000,0.899) (0.000,0.216) (0.000,0.495) 
 48      108    (0)    1 :  0.016 0.008 0.009 0.037 0.055 0.007 0.010 0.027 0.040 0.792     (0.000,0.108) (0.000,0.044) (0.000,0.057) (0.000,0.240) (0.000,0.333) (0.000,0.043) (0.000,0.064) (0.000,0.189) (0.000,0.237) (0.473,0.998) 
 49      109    (0)    1 :  0.120 0.025 0.039 0.053 0.009 0.016 0.013 0.070 0.225 0.428     (0.000,0.933) (0.000,0.168) (0.000,0.242) (0.000,0.330) (0.000,0.053) (0.000,0.118) (0.000,0.078) (0.000,0.556) (0.000,0.923) (0.000,0.990) 
 50      112    (0)    1 :  0.103 0.208 0.039 0.113 0.024 0.013 0.258 0.118 0.114 0.009     (0.000,0.624) (0.000,0.782) (0.000,0.275) (0.000,0.629) (0.000,0.159) (0.000,0.084) (0.000,0.859) (0.000,0.758) (0.000,0.564) (0.000,0.050) 
 51      115    (0)    1 :  0.138 0.011 0.007 0.021 0.301 0.016 0.030 0.383 0.072 0.021     (0.000,0.873) (0.000,0.053) (0.000,0.038) (0.000,0.137) (0.000,0.971) (0.000,0.106) (0.000,0.210) (0.000,0.995) (0.000,0.476) (0.000,0.145) 
 52      116    (0)    1 :  0.016 0.017 0.135 0.006 0.016 0.008 0.756 0.030 0.005 0.011     (0.000,0.097) (0.000,0.111) (0.000,0.548) (0.000,0.036) (0.000,0.104) (0.000,0.047) (0.281,1.000) (0.000,0.198) (0.000,0.030) (0.000,0.067) 
 53      117    (0)    1 :  0.143 0.028 0.287 0.022 0.015 0.303 0.017 0.108 0.062 0.014     (0.000,0.822) (0.000,0.201) (0.000,0.719) (0.000,0.156) (0.000,0.097) (0.000,0.805) (0.000,0.107) (0.000,0.743) (0.000,0.424) (0.000,0.089) 
 54      129    (0)    1 :  0.009 0.005 0.705 0.004 0.009 0.177 0.058 0.022 0.006 0.005     (0.000,0.054) (0.000,0.028) (0.351,0.995) (0.000,0.025) (0.000,0.055) (0.000,0.512) (0.000,0.359) (0.000,0.114) (0.000,0.037) (0.000,0.027) 
 55      132    (0)    1 :  0.185 0.012 0.005 0.012 0.056 0.024 0.012 0.077 0.606 0.010     (0.000,0.780) (0.000,0.078) (0.000,0.030) (0.000,0.081) (0.000,0.356) (0.000,0.168) (0.000,0.078) (0.000,0.456) (0.000,0.996) (0.000,0.053) 
 56      133    (0)    1 :  0.115 0.033 0.004 0.026 0.005 0.006 0.006 0.009 0.744 0.052     (0.000,0.977) (0.000,0.172) (0.000,0.020) (0.000,0.164) (0.000,0.029) (0.000,0.034) (0.000,0.035) (0.000,0.049) (0.000,1.000) (0.000,0.389) 
 57      137    (6)    1 :  0.067 0.027 0.008 0.431 0.011 0.014 0.016 0.019 0.399 0.008     (0.000,0.537) (0.000,0.183) (0.000,0.050) (0.000,0.983) (0.000,0.064) (0.000,0.089) (0.000,0.105) (0.000,0.127) (0.000,0.973) (0.000,0.050) 
 58      139    (0)    1 :  0.010 0.008 0.019 0.901 0.012 0.009 0.012 0.014 0.007 0.010     (0.000,0.056) (0.000,0.047) (0.000,0.135) (0.654,1.000) (0.000,0.075) (0.000,0.057) (0.000,0.074) (0.000,0.079) (0.000,0.040) (0.000,0.059) 
 59      140    (0)    1 :  0.062 0.045 0.013 0.040 0.010 0.020 0.012 0.022 0.132 0.645     (0.000,0.512) (0.000,0.318) (0.000,0.081) (0.000,0.257) (0.000,0.059) (0.000,0.144) (0.000,0.069) (0.000,0.114) (0.000,0.642) (0.145,0.997) 
 60      142    (0)    1 :  0.021 0.383 0.005 0.482 0.009 0.029 0.013 0.019 0.029 0.011     (0.000,0.142) (0.000,0.919) (0.000,0.027) (0.000,0.956) (0.000,0.053) (0.000,0.209) (0.000,0.084) (0.000,0.118) (0.000,0.200) (0.000,0.070) 
 61      144    (0)    1 :  0.005 0.006 0.003 0.006 0.005 0.007 0.005 0.005 0.008 0.950     (0.000,0.030) (0.000,0.034) (0.000,0.020) (0.000,0.034) (0.000,0.027) (0.000,0.043) (0.000,0.028) (0.000,0.026) (0.000,0.052) (0.812,1.000) 
 62      145    (0)    1 :  0.005 0.952 0.003 0.008 0.005 0.004 0.005 0.005 0.006 0.007     (0.000,0.027) (0.814,1.000) (0.000,0.019) (0.000,0.047) (0.000,0.031) (0.000,0.025) (0.000,0.030) (0.000,0.028) (0.000,0.033) (0.000,0.040) 
 63      147    (0)    1 :  0.014 0.014 0.007 0.060 0.009 0.005 0.018 0.010 0.014 0.849     (0.000,0.068) (0.000,0.089) (0.000,0.043) (0.000,0.387) (0.000,0.052) (0.000,0.029) (0.000,0.128) (0.000,0.061) (0.000,0.077) (0.476,1.000) 
 64      160    (0)    1 :  0.544 0.005 0.010 0.006 0.009 0.010 0.007 0.398 0.006 0.005     (0.000,1.000) (0.000,0.030) (0.000,0.058) (0.000,0.035) (0.000,0.054) (0.000,0.063) (0.000,0.041) (0.000,0.999) (0.000,0.034) (0.000,0.026) 
 65     162*    (0)    1 :  0.008 0.011 0.932 0.008 0.005 0.004 0.015 0.008 0.005 0.006     (0.000,0.046) (0.000,0.069) (0.738,1.000) (0.000,0.045) (0.000,0.027) (0.000,0.022) (0.000,0.096) (0.000,0.044) (0.000,0.027) (0.000,0.033) 
 66      166    (0)    1 :  0.087 0.008 0.006 0.015 0.006 0.019 0.008 0.008 0.828 0.015     (0.000,0.930) (0.000,0.044) (0.000,0.037) (0.000,0.099) (0.000,0.036) (0.000,0.130) (0.000,0.049) (0.000,0.044) (0.000,1.000) (0.000,0.092) 
 67      177    (0)    1 :  0.005 0.006 0.005 0.957 0.004 0.004 0.004 0.005 0.005 0.004     (0.000,0.029) (0.000,0.033) (0.000,0.033) (0.832,1.000) (0.000,0.023) (0.000,0.024) (0.000,0.025) (0.000,0.028) (0.000,0.029) (0.000,0.020) 
 68      178    (0)    1 :  0.047 0.016 0.012 0.764 0.011 0.009 0.014 0.037 0.055 0.035     (0.000,0.318) (0.000,0.104) (0.000,0.078) (0.355,0.999) (0.000,0.068) (0.000,0.055) (0.000,0.088) (0.000,0.266) (0.000,0.368) (0.000,0.247) 
 69      186    (0)    1 :  0.006 0.005 0.005 0.004 0.005 0.952 0.006 0.006 0.006 0.004     (0.000,0.033) (0.000,0.031) (0.000,0.029) (0.000,0.026) (0.000,0.026) (0.812,1.000) (0.000,0.034) (0.000,0.034) (0.000,0.033) (0.000,0.023) 
 70      189    (0)    1 :  0.013 0.011 0.048 0.008 0.008 0.007 0.886 0.012 0.004 0.003     (0.000,0.084) (0.000,0.067) (0.000,0.317) (0.000,0.048) (0.000,0.043) (0.000,0.043) (0.572,1.000) (0.000,0.075) (0.000,0.025) (0.000,0.019) 
 71      190    (0)    1 :  0.069 0.022 0.601 0.020 0.021 0.054 0.067 0.086 0.049 0.009     (0.000,0.424) (0.000,0.160) (0.053,0.956) (0.000,0.147) (0.000,0.141) (0.000,0.337) (0.000,0.431) (0.000,0.536) (0.000,0.309) (0.000,0.059) 
 72      191    (0)    1 :  0.019 0.036 0.013 0.018 0.009 0.220 0.643 0.017 0.011 0.014     (0.000,0.123) (0.000,0.248) (0.000,0.087) (0.000,0.124) (0.000,0.051) (0.000,0.723) (0.000,0.996) (0.000,0.107) (0.000,0.067) (0.000,0.091) 
 73      193    (0)    1 :  0.015 0.864 0.007 0.012 0.013 0.033 0.020 0.013 0.012 0.010     (0.000,0.102) (0.575,1.000) (0.000,0.043) (0.000,0.080) (0.000,0.082) (0.000,0.224) (0.000,0.140) (0.000,0.088) (0.000,0.073) (0.000,0.064) 
 74      202    (0)    1 :  0.275 0.050 0.333 0.007 0.025 0.007 0.016 0.248 0.031 0.008     (0.000,0.780) (0.000,0.312) (0.000,0.729) (0.000,0.040) (0.000,0.176) (0.000,0.042) (0.000,0.101) (0.000,0.802) (0.000,0.222) (0.000,0.046) 
 75      204    (0)    1 :  0.007 0.004 0.845 0.004 0.004 0.106 0.014 0.007 0.004 0.005     (0.000,0.039) (0.000,0.025) (0.505,1.000) (0.000,0.022) (0.000,0.025) (0.000,0.445) (0.000,0.093) (0.000,0.039) (0.000,0.024) (0.000,0.027) 
 76      211    (0)    1 :  0.222 0.031 0.026 0.052 0.021 0.012 0.009 0.096 0.453 0.077     (0.000,0.796) (0.000,0.224) (0.000,0.179) (0.000,0.284) (0.000,0.145) (0.000,0.081) (0.000,0.051) (0.000,0.566) (0.000,0.963) (0.000,0.476) 
 77      216    (0)    1 :  0.053 0.014 0.004 0.028 0.006 0.005 0.009 0.016 0.400 0.466     (0.000,0.426) (0.000,0.084) (0.000,0.024) (0.000,0.173) (0.000,0.034) (0.000,0.028) (0.000,0.051) (0.000,0.096) (0.000,0.859) (0.000,0.969) 
 78      222    (0)    1 :  0.069 0.020 0.004 0.012 0.031 0.007 0.362 0.042 0.071 0.382     (0.000,0.659) (0.000,0.108) (0.000,0.026) (0.000,0.072) (0.000,0.221) (0.000,0.044) (0.000,0.862) (0.000,0.322) (0.000,0.519) (0.000,0.954) 
 79      224    (0)    1 :  0.011 0.008 0.010 0.006 0.007 0.009 0.925 0.012 0.005 0.007     (0.000,0.068) (0.000,0.050) (0.000,0.058) (0.000,0.035) (0.000,0.041) (0.000,0.050) (0.713,1.000) (0.000,0.069) (0.000,0.029) (0.000,0.042) 
 80      226    (0)    1 :  0.008 0.005 0.009 0.005 0.008 0.938 0.005 0.010 0.009 0.004     (0.000,0.045) (0.000,0.026) (0.000,0.056) (0.000,0.028) (0.000,0.045) (0.765,1.000) (0.000,0.028) (0.000,0.066) (0.000,0.060) (0.000,0.022) 
 81      229    (0)    1 :  0.063 0.113 0.543 0.020 0.020 0.007 0.043 0.096 0.050 0.045     (0.000,0.445) (0.000,0.412) (0.000,0.885) (0.000,0.134) (0.000,0.139) (0.000,0.044) (0.000,0.296) (0.000,0.631) (0.000,0.321) (0.000,0.298) 
 82      230    (0)    1 :  0.027 0.013 0.744 0.052 0.014 0.017 0.056 0.049 0.014 0.015     (0.000,0.174) (0.000,0.082) (0.324,0.997) (0.000,0.306) (0.000,0.089) (0.000,0.117) (0.000,0.365) (0.000,0.342) (0.000,0.098) (0.000,0.102) 
 83      232    (0)    1 :  0.321 0.152 0.063 0.042 0.019 0.052 0.083 0.201 0.050 0.016     (0.000,0.834) (0.000,0.585) (0.000,0.384) (0.000,0.293) (0.000,0.116) (0.000,0.320) (0.000,0.524) (0.000,0.779) (0.000,0.328) (0.000,0.113) 
 84      238    (0)    1 :  0.097 0.030 0.052 0.085 0.269 0.007 0.023 0.397 0.024 0.015     (0.000,0.884) (0.000,0.212) (0.000,0.309) (0.000,0.438) (0.000,0.909) (0.000,0.042) (0.000,0.157) (0.000,0.997) (0.000,0.163) (0.000,0.100) 
 85      242    (0)    1 :  0.007 0.006 0.005 0.004 0.920 0.007 0.011 0.018 0.013 0.010     (0.000,0.037) (0.000,0.036) (0.000,0.026) (0.000,0.024) (0.707,1.000) (0.000,0.038) (0.000,0.067) (0.000,0.069) (0.000,0.083) (0.000,0.065) 
 86      243    (0)    1 :  0.078 0.016 0.008 0.021 0.430 0.023 0.011 0.244 0.152 0.016     (0.000,0.607) (0.000,0.098) (0.000,0.050) (0.000,0.148) (0.000,0.972) (0.000,0.169) (0.000,0.072) (0.000,0.989) (0.000,0.602) (0.000,0.108) 
 87      244    (0)    1 :  0.066 0.017 0.011 0.189 0.362 0.006 0.011 0.313 0.019 0.007     (0.000,0.688) (0.000,0.112) (0.000,0.068) (0.000,0.626) (0.000,0.958) (0.000,0.037) (0.000,0.065) (0.000,0.994) (0.000,0.127) (0.000,0.040) 
 88      251    (0)    1 :  0.136 0.077 0.027 0.016 0.275 0.009 0.021 0.401 0.026 0.013     (0.000,0.871) (0.000,0.472) (0.000,0.194) (0.000,0.094) (0.000,0.957) (0.000,0.052) (0.000,0.139) (0.000,0.995) (0.000,0.161) (0.000,0.081) 
 89      266    (0)    1 :  0.090 0.017 0.028 0.401 0.086 0.010 0.009 0.238 0.112 0.010     (0.000,0.690) (0.000,0.111) (0.000,0.190) (0.000,0.855) (0.000,0.429) (0.000,0.065) (0.000,0.051) (0.000,0.970) (0.000,0.498) (0.000,0.062) 
 90      267    (0)    1 :  0.088 0.017 0.140 0.018 0.020 0.038 0.010 0.034 0.217 0.417     (0.000,0.714) (0.000,0.110) (0.000,0.478) (0.000,0.120) (0.000,0.136) (0.000,0.260) (0.000,0.059) (0.000,0.225) (0.000,0.791) (0.000,0.964) 
 91      268    (0)    1 :  0.085 0.011 0.005 0.325 0.008 0.007 0.006 0.032 0.412 0.110     (0.000,0.547) (0.000,0.066) (0.000,0.027) (0.000,0.927) (0.000,0.044) (0.000,0.039) (0.000,0.037) (0.000,0.229) (0.000,0.985) (0.000,0.623) 
 92      270    (0)    1 :  0.026 0.015 0.250 0.007 0.034 0.101 0.476 0.066 0.012 0.013     (0.000,0.176) (0.000,0.101) (0.000,0.670) (0.000,0.043) (0.000,0.250) (0.000,0.532) (0.000,0.948) (0.000,0.506) (0.000,0.076) (0.000,0.088) 
 93      276    (0)    1 :  0.032 0.026 0.012 0.030 0.011 0.129 0.659 0.033 0.035 0.034     (0.000,0.225) (0.000,0.177) (0.000,0.072) (0.000,0.214) (0.000,0.066) (0.000,0.630) (0.000,0.999) (0.000,0.231) (0.000,0.243) (0.000,0.245) 
 94      298    (6)    1 :  0.023 0.019 0.005 0.131 0.012 0.020 0.011 0.020 0.089 0.671     (0.000,0.158) (0.000,0.131) (0.000,0.029) (0.000,0.533) (0.000,0.073) (0.000,0.143) (0.000,0.064) (0.000,0.134) (0.000,0.513) (0.257,0.994) 
 95      306    (0)    1 :  0.057 0.342 0.004 0.009 0.013 0.007 0.011 0.014 0.532 0.011     (0.000,0.518) (0.000,0.646) (0.000,0.023) (0.000,0.052) (0.000,0.081) (0.000,0.043) (0.000,0.070) (0.000,0.077) (0.000,0.878) (0.000,0.073) 
 96      308    (0)    1 :  0.104 0.220 0.008 0.337 0.033 0.007 0.016 0.079 0.040 0.156     (0.000,0.515) (0.000,0.703) (0.000,0.046) (0.000,0.852) (0.000,0.235) (0.000,0.039) (0.000,0.109) (0.000,0.506) (0.000,0.292) (0.000,0.602) 
 97      311    (6)    1 :  0.130 0.315 0.030 0.010 0.066 0.009 0.021 0.198 0.165 0.057     (0.000,0.899) (0.000,0.955) (0.000,0.218) (0.000,0.061) (0.000,0.418) (0.000,0.051) (0.000,0.135) (0.000,0.965) (0.000,0.831) (0.000,0.427) 
 98      323    (0)    1 :  0.005 0.006 0.009 0.005 0.010 0.941 0.007 0.006 0.005 0.007     (0.000,0.028) (0.000,0.035) (0.000,0.060) (0.000,0.026) (0.000,0.058) (0.773,1.000) (0.000,0.038) (0.000,0.032) (0.000,0.031) (0.000,0.041) 
 99      327    (0)    1 :  0.217 0.013 0.363 0.008 0.018 0.020 0.117 0.201 0.034 0.009     (0.000,0.722) (0.000,0.085) (0.000,0.741) (0.000,0.047) (0.000,0.119) (0.000,0.144) (0.000,0.639) (0.000,0.742) (0.000,0.242) (0.000,0.057) 
100      334    (0)    1 :  0.060 0.034 0.007 0.013 0.485 0.005 0.018 0.310 0.046 0.022     (0.000,0.573) (0.000,0.227) (0.000,0.042) (0.000,0.080) (0.000,0.997) (0.000,0.029) (0.000,0.099) (0.000,0.997) (0.000,0.310) (0.000,0.151) 
101      338    (0)    1 :  0.116 0.300 0.015 0.015 0.014 0.016 0.030 0.098 0.212 0.184     (0.000,0.808) (0.000,0.930) (0.000,0.095) (0.000,0.097) (0.000,0.088) (0.000,0.103) (0.000,0.212) (0.000,0.727) (0.000,0.863) (0.000,0.827) 
102      341    (0)    1 :  0.009 0.009 0.008 0.006 0.012 0.921 0.007 0.008 0.017 0.005     (0.000,0.056) (0.000,0.055) (0.000,0.047) (0.000,0.032) (0.000,0.074) (0.702,1.000) (0.000,0.038) (0.000,0.045) (0.000,0.113) (0.000,0.027) 
103      346    (0)    1 :  0.096 0.023 0.011 0.340 0.007 0.012 0.007 0.026 0.472 0.006     (0.000,0.698) (0.000,0.152) (0.000,0.068) (0.000,0.980) (0.000,0.043) (0.000,0.070) (0.000,0.041) (0.000,0.186) (0.000,0.996) (0.000,0.035) 
104      348    (0)    1 :  0.054 0.093 0.007 0.262 0.025 0.008 0.026 0.042 0.049 0.434     (0.000,0.471) (0.000,0.435) (0.000,0.043) (0.000,0.763) (0.000,0.176) (0.000,0.046) (0.000,0.183) (0.000,0.295) (0.000,0.361) (0.000,0.938) 
105      351    (0)    1 :  0.103 0.013 0.005 0.016 0.355 0.019 0.023 0.156 0.301 0.008     (0.000,0.748) (0.000,0.079) (0.000,0.031) (0.000,0.099) (0.000,0.985) (0.000,0.135) (0.000,0.154) (0.000,0.928) (0.000,0.973) (0.000,0.050) 
106      362    (0)    1 :  0.014 0.009 0.889 0.006 0.007 0.038 0.008 0.015 0.007 0.006     (0.000,0.092) (0.000,0.060) (0.617,1.000) (0.000,0.035) (0.000,0.043) (0.000,0.257) (0.000,0.051) (0.000,0.091) (0.000,0.042) (0.000,0.037) 
107      364    (0)    1 :  0.020 0.031 0.005 0.010 0.828 0.011 0.007 0.033 0.044 0.010     (0.000,0.131) (0.000,0.220) (0.000,0.031) (0.000,0.061) (0.461,1.000) (0.000,0.073) (0.000,0.044) (0.000,0.193) (0.000,0.283) (0.000,0.064) 
108      366    (0)    1 :  0.038 0.008 0.061 0.012 0.726 0.013 0.013 0.075 0.033 0.022     (0.000,0.237) (0.000,0.044) (0.000,0.356) (0.000,0.073) (0.000,0.999) (0.000,0.078) (0.000,0.084) (0.000,0.661) (0.000,0.235) (0.000,0.152) 
109      376    (0)    1 :  0.025 0.048 0.012 0.018 0.008 0.820 0.027 0.019 0.017 0.006     (0.000,0.179) (0.000,0.257) (0.000,0.082) (0.000,0.124) (0.000,0.043) (0.520,0.999) (0.000,0.187) (0.000,0.133) (0.000,0.116) (0.000,0.038) 
110      377    (6)    1 :  0.187 0.113 0.019 0.009 0.010 0.018 0.476 0.119 0.024 0.025     (0.000,0.759) (0.000,0.606) (0.000,0.119) (0.000,0.048) (0.000,0.059) (0.000,0.119) (0.000,0.991) (0.000,0.708) (0.000,0.154) (0.000,0.176) 
111      378    (0)    1 :  0.603 0.023 0.008 0.012 0.005 0.011 0.007 0.310 0.014 0.007     (0.000,1.000) (0.000,0.160) (0.000,0.046) (0.000,0.084) (0.000,0.028) (0.000,0.071) (0.000,0.038) (0.000,0.997) (0.000,0.091) (0.000,0.043) 
112      388    (0)    1 :  0.127 0.033 0.014 0.012 0.019 0.010 0.019 0.035 0.405 0.324     (0.000,0.941) (0.000,0.225) (0.000,0.094) (0.000,0.076) (0.000,0.130) (0.000,0.065) (0.000,0.131) (0.000,0.227) (0.000,0.993) (0.000,0.985) 
113      391    (0)    1 :  0.194 0.116 0.006 0.007 0.011 0.432 0.012 0.090 0.113 0.020     (0.000,0.623) (0.000,0.536) (0.000,0.033) (0.000,0.043) (0.000,0.067) (0.000,0.787) (0.000,0.067) (0.000,0.495) (0.000,0.624) (0.000,0.138) 
114      401    (0)    1 :  0.051 0.105 0.350 0.147 0.084 0.045 0.009 0.184 0.018 0.007     (0.000,0.426) (0.000,0.504) (0.000,0.708) (0.000,0.575) (0.000,0.487) (0.000,0.321) (0.000,0.054) (0.000,0.921) (0.000,0.108) (0.000,0.044) 
115      406    (0)    1 :  0.113 0.135 0.012 0.024 0.035 0.102 0.015 0.061 0.425 0.079     (0.000,0.799) (0.000,0.732) (0.000,0.079) (0.000,0.167) (0.000,0.239) (0.000,0.545) (0.000,0.093) (0.000,0.459) (0.000,0.986) (0.000,0.503) 
116      412    (6)    1 :  0.119 0.331 0.020 0.013 0.014 0.022 0.020 0.050 0.377 0.034     (0.000,0.880) (0.000,0.983) (0.000,0.136) (0.000,0.074) (0.000,0.084) (0.000,0.158) (0.000,0.131) (0.000,0.351) (0.000,0.993) (0.000,0.236) 
117      413    (0)    1 :  0.014 0.839 0.011 0.019 0.050 0.003 0.012 0.024 0.013 0.015     (0.000,0.078) (0.513,1.000) (0.000,0.069) (0.000,0.124) (0.000,0.287) (0.000,0.020) (0.000,0.065) (0.000,0.171) (0.000,0.078) (0.000,0.095) 
118      421    (0)    1 :  0.018 0.037 0.014 0.013 0.011 0.013 0.830 0.020 0.030 0.013     (0.000,0.108) (0.000,0.263) (0.000,0.098) (0.000,0.087) (0.000,0.067) (0.000,0.086) (0.462,1.000) (0.000,0.122) (0.000,0.201) (0.000,0.087) 
119      423    (0)    1 :  0.012 0.024 0.020 0.006 0.014 0.018 0.870 0.015 0.007 0.016     (0.000,0.068) (0.000,0.154) (0.000,0.141) (0.000,0.033) (0.000,0.082) (0.000,0.122) (0.557,1.000) (0.000,0.081) (0.000,0.040) (0.000,0.104) 
120      424    (0)    1 :  0.075 0.418 0.009 0.013 0.035 0.202 0.010 0.030 0.188 0.021     (0.000,0.548) (0.000,0.956) (0.000,0.056) (0.000,0.080) (0.000,0.250) (0.000,0.701) (0.000,0.062) (0.000,0.186) (0.000,0.863) (0.000,0.137) 
121      426    (0)    1 :  0.524 0.036 0.044 0.017 0.022 0.024 0.026 0.255 0.039 0.013     (0.000,0.996) (0.000,0.251) (0.000,0.273) (0.000,0.120) (0.000,0.149) (0.000,0.170) (0.000,0.181) (0.000,0.967) (0.000,0.271) (0.000,0.082) 
122      430   (12)    1 :  0.051 0.462 0.011 0.028 0.009 0.035 0.021 0.018 0.350 0.015     (0.000,0.390) (0.000,0.946) (0.000,0.065) (0.000,0.189) (0.000,0.053) (0.000,0.247) (0.000,0.136) (0.000,0.113) (0.000,0.865) (0.000,0.097) 
123      435    (0)    1 :  0.019 0.527 0.004 0.362 0.005 0.005 0.013 0.012 0.017 0.036     (0.000,0.125) (0.001,0.917) (0.000,0.024) (0.000,0.797) (0.000,0.031) (0.000,0.028) (0.000,0.077) (0.000,0.066) (0.000,0.111) (0.000,0.216) 
124      476    (0)    1 :  0.021 0.029 0.088 0.027 0.028 0.706 0.038 0.045 0.011 0.007     (0.000,0.142) (0.000,0.190) (0.000,0.411) (0.000,0.186) (0.000,0.186) (0.347,0.985) (0.000,0.265) (0.000,0.310) (0.000,0.067) (0.000,0.043) 
125      478    (0)    1 :  0.016 0.010 0.011 0.006 0.020 0.546 0.354 0.018 0.013 0.007     (0.000,0.105) (0.000,0.059) (0.000,0.066) (0.000,0.034) (0.000,0.140) (0.000,0.926) (0.000,0.942) (0.000,0.120) (0.000,0.083) (0.000,0.041) 
126      484    (0)    1 :  0.086 0.017 0.009 0.029 0.007 0.016 0.007 0.011 0.397 0.422     (0.000,0.682) (0.000,0.102) (0.000,0.057) (0.000,0.206) (0.000,0.040) (0.000,0.103) (0.000,0.039) (0.000,0.066) (0.000,0.928) (0.000,0.963) 
127      489    (0)    1 :  0.267 0.167 0.005 0.007 0.008 0.010 0.298 0.147 0.037 0.053     (0.000,0.901) (0.000,0.752) (0.000,0.030) (0.000,0.041) (0.000,0.045) (0.000,0.063) (0.000,0.960) (0.000,0.797) (0.000,0.270) (0.000,0.360) 
128      493    (0)    1 :  0.014 0.011 0.022 0.008 0.889 0.009 0.007 0.023 0.012 0.005     (0.000,0.088) (0.000,0.069) (0.000,0.148) (0.000,0.048) (0.625,1.000) (0.000,0.057) (0.000,0.043) (0.000,0.144) (0.000,0.078) (0.000,0.031) 
129      494    (0)    1 :  0.052 0.011 0.008 0.008 0.707 0.016 0.035 0.150 0.006 0.008     (0.000,0.334) (0.000,0.066) (0.000,0.045) (0.000,0.049) (0.000,1.000) (0.000,0.109) (0.000,0.246) (0.000,0.948) (0.000,0.035) (0.000,0.047) 
130      500    (0)    1 :  0.009 0.004 0.879 0.005 0.010 0.020 0.046 0.017 0.005 0.004     (0.000,0.050) (0.000,0.023) (0.546,1.000) (0.000,0.028) (0.000,0.061) (0.000,0.143) (0.000,0.312) (0.000,0.096) (0.000,0.029) (0.000,0.022) 
131      504    (0)    1 :  0.102 0.012 0.054 0.015 0.024 0.011 0.028 0.062 0.170 0.522     (0.000,0.620) (0.000,0.077) (0.000,0.299) (0.000,0.098) (0.000,0.169) (0.000,0.067) (0.000,0.197) (0.000,0.387) (0.000,0.719) (0.000,0.963) 
132      506    (0)    1 :  0.014 0.008 0.185 0.005 0.006 0.010 0.006 0.008 0.018 0.740     (0.000,0.079) (0.000,0.048) (0.000,0.498) (0.000,0.028) (0.000,0.030) (0.000,0.059) (0.000,0.036) (0.000,0.046) (0.000,0.092) (0.403,0.998) 


Estimated Allele Frequencies in each cluster
First column gives estimated ancestral frequencies


Locus 1 : Rsu3 
3 alleles
0.0% missing data
 164   (0.545) 0.589 0.229 0.825 0.669 0.572 0.487 0.478 0.593 0.554 0.351 
 166   (0.235) 0.287 0.686 0.042 0.085 0.182 0.069 0.167 0.213 0.312 0.621 
 170   (0.219) 0.123 0.085 0.132 0.246 0.246 0.444 0.355 0.194 0.134 0.028 

Locus 2 : Rsu5 
5 alleles
0.0% missing data
 137   (0.729) 0.856 0.784 0.949 0.814 0.624 0.972 0.953 0.796 0.899 0.281 
 135   (0.084) 0.067 0.102 0.007 0.034 0.130 0.013 0.016 0.064 0.048 0.012 
 139   (0.112) 0.047 0.098 0.037 0.057 0.203 0.010 0.018 0.102 0.019 0.012 
 133   (0.024) 0.005 0.003 0.002 0.003 0.030 0.002 0.004 0.012 0.003 0.002 
 131   (0.051) 0.024 0.013 0.004 0.092 0.013 0.003 0.009 0.025 0.031 0.693 

Locus 3 : Scv1 
5 alleles
0.0% missing data
 181   (0.528) 0.650 0.313 0.802 0.348 0.704 0.959 0.480 0.628 0.327 0.394 
 179   (0.183) 0.141 0.070 0.042 0.292 0.159 0.018 0.174 0.165 0.404 0.072 
 177   (0.112) 0.159 0.339 0.017 0.021 0.056 0.010 0.049 0.097 0.224 0.157 
 185   (0.148) 0.043 0.273 0.138 0.335 0.057 0.011 0.293 0.089 0.042 0.374 
 171   (0.029) 0.007 0.005 0.002 0.004 0.025 0.002 0.004 0.021 0.004 0.003 

Locus 4 : Rsu4 
9 alleles
0.0% missing data
 267   (0.197) 0.084 0.025 0.353 0.104 0.330 0.148 0.259 0.148 0.072 0.092 
 263   (0.330) 0.643 0.855 0.179 0.270 0.260 0.492 0.286 0.499 0.327 0.423 
 259   (0.057) 0.036 0.006 0.033 0.008 0.014 0.244 0.343 0.063 0.008 0.005 
 287   (0.164) 0.143 0.075 0.393 0.075 0.111 0.099 0.054 0.116 0.449 0.116 
 275   (0.038) 0.009 0.004 0.003 0.013 0.136 0.002 0.006 0.023 0.006 0.003 
 279   (0.073) 0.023 0.012 0.011 0.324 0.052 0.005 0.012 0.061 0.020 0.007 
 283   (0.076) 0.040 0.014 0.006 0.196 0.038 0.005 0.014 0.043 0.107 0.348 
 291   (0.038) 0.016 0.005 0.020 0.006 0.017 0.003 0.022 0.030 0.007 0.004 
 271   (0.026) 0.006 0.003 0.002 0.004 0.041 0.002 0.004 0.017 0.004 0.002 

Locus 5 : Rsu6 
5 alleles
0.0% missing data
 120   (0.253) 0.445 0.151 0.069 0.198 0.207 0.290 0.387 0.379 0.425 0.064 
 126   (0.625) 0.517 0.835 0.484 0.783 0.627 0.559 0.562 0.524 0.561 0.925 
 124   (0.073) 0.030 0.009 0.441 0.012 0.047 0.148 0.019 0.072 0.009 0.007 
 130   (0.026) 0.005 0.003 0.002 0.004 0.113 0.002 0.004 0.013 0.003 0.002 
 114   (0.022) 0.004 0.003 0.004 0.003 0.006 0.002 0.028 0.012 0.003 0.002 

Locus 6 : Scv12 
3 alleles
0.8% missing data
 198   (0.577) 0.443 0.866 0.117 0.635 0.752 0.725 0.546 0.520 0.562 0.401 
 196   (0.270) 0.330 0.104 0.051 0.214 0.115 0.257 0.330 0.279 0.403 0.563 
 200   (0.153) 0.227 0.030 0.832 0.151 0.133 0.017 0.124 0.202 0.035 0.036 

Locus 7 : Scv23 
3 alleles
0.8% missing data
 158   (0.532) 0.470 0.726 0.784 0.533 0.462 0.315 0.742 0.491 0.430 0.859 
 164   (0.171) 0.154 0.041 0.052 0.031 0.283 0.493 0.047 0.134 0.291 0.078 
 160   (0.298) 0.376 0.233 0.163 0.436 0.256 0.191 0.211 0.374 0.279 0.063 

Locus 8 : Scv13 
5 alleles
0.0% missing data
 182   (0.721) 0.912 0.935 0.904 0.442 0.708 0.786 0.906 0.813 0.915 0.925 
 180   (0.099) 0.029 0.016 0.070 0.017 0.101 0.188 0.065 0.070 0.015 0.009 
 172   (0.075) 0.031 0.014 0.006 0.363 0.044 0.006 0.012 0.045 0.051 0.056 
 184   (0.064) 0.017 0.023 0.016 0.018 0.132 0.017 0.011 0.044 0.013 0.006 
 174   (0.041) 0.010 0.011 0.004 0.159 0.015 0.003 0.006 0.028 0.006 0.004 

Locus 9 : Scv32 
18 alleles
0.0% missing data
 236   (0.041) 0.009 0.005 0.003 0.007 0.146 0.003 0.006 0.029 0.006 0.004 
 238   (0.039) 0.045 0.014 0.004 0.006 0.018 0.003 0.006 0.021 0.263 0.044 
 234   (0.141) 0.170 0.521 0.021 0.652 0.047 0.327 0.034 0.110 0.338 0.050 
 246   (0.054) 0.016 0.013 0.063 0.012 0.014 0.346 0.220 0.033 0.008 0.006 
 248   (0.088) 0.272 0.017 0.015 0.012 0.129 0.006 0.234 0.249 0.047 0.017 
 262   (0.108) 0.111 0.110 0.456 0.026 0.040 0.011 0.090 0.136 0.090 0.023 
 232   (0.154) 0.044 0.201 0.017 0.032 0.404 0.142 0.270 0.096 0.048 0.606 
 250   (0.030) 0.205 0.008 0.004 0.004 0.007 0.004 0.005 0.111 0.011 0.003 
 228   (0.026) 0.006 0.004 0.002 0.005 0.020 0.002 0.004 0.021 0.004 0.002 
 220   (0.050) 0.012 0.007 0.360 0.008 0.013 0.070 0.033 0.033 0.007 0.005 
 264   (0.055) 0.030 0.034 0.005 0.022 0.056 0.049 0.012 0.031 0.084 0.005 
 252   (0.045) 0.015 0.008 0.035 0.097 0.012 0.003 0.008 0.023 0.017 0.089 
 254   (0.048) 0.020 0.011 0.004 0.094 0.022 0.003 0.007 0.030 0.037 0.101 
 242   (0.025) 0.006 0.003 0.002 0.003 0.037 0.002 0.004 0.017 0.003 0.002 
 266   (0.030) 0.019 0.029 0.003 0.005 0.008 0.002 0.005 0.019 0.025 0.021 
 244   (0.027) 0.012 0.008 0.002 0.004 0.008 0.002 0.057 0.017 0.009 0.020 
 226   (0.020) 0.005 0.002 0.002 0.003 0.005 0.026 0.003 0.010 0.003 0.002 
 240   (0.020) 0.004 0.002 0.002 0.007 0.014 0.001 0.003 0.012 0.003 0.002 

Locus 10 : Scv8 
6 alleles
0.0% missing data
 200   (0.630) 0.791 0.476 0.894 0.424 0.639 0.837 0.526 0.717 0.839 0.589 
 202   (0.091) 0.039 0.079 0.008 0.047 0.196 0.006 0.025 0.053 0.089 0.044 
 194   (0.080) 0.029 0.388 0.007 0.020 0.027 0.144 0.190 0.052 0.018 0.007 
 204   (0.050) 0.095 0.008 0.016 0.008 0.017 0.003 0.036 0.090 0.008 0.005 
 198   (0.078) 0.019 0.016 0.070 0.016 0.089 0.005 0.213 0.050 0.012 0.007 
 188   (0.071) 0.027 0.031 0.006 0.486 0.032 0.004 0.010 0.038 0.034 0.349 

Locus 11 : Scv9 
5 alleles
0.0% missing data
 198   (0.300) 0.498 0.350 0.082 0.566 0.161 0.417 0.116 0.370 0.664 0.361 
 200   (0.340) 0.295 0.148 0.743 0.105 0.572 0.372 0.337 0.360 0.085 0.360 
 196   (0.294) 0.192 0.491 0.170 0.182 0.250 0.029 0.536 0.234 0.242 0.268 
 204   (0.044) 0.011 0.008 0.003 0.119 0.011 0.181 0.008 0.024 0.007 0.005 
 202   (0.022) 0.004 0.004 0.002 0.029 0.006 0.001 0.003 0.011 0.003 0.005 

Locus 12 : Rsu1 
6 alleles
0.0% missing data
 189   (0.281) 0.123 0.377 0.078 0.264 0.556 0.521 0.056 0.204 0.203 0.070 
 185   (0.270) 0.202 0.329 0.082 0.108 0.173 0.159 0.371 0.193 0.608 0.820 
 177   (0.086) 0.022 0.018 0.139 0.043 0.032 0.012 0.124 0.060 0.014 0.073 
 181   (0.251) 0.589 0.259 0.251 0.570 0.211 0.037 0.195 0.450 0.159 0.027 
 193   (0.063) 0.055 0.012 0.320 0.009 0.016 0.021 0.205 0.068 0.011 0.005 
 197   (0.049) 0.010 0.006 0.131 0.007 0.012 0.250 0.049 0.025 0.006 0.004 

Locus 13 : Scv14 
7 alleles
4.5% missing data
 196   (0.546) 0.758 0.822 0.921 0.657 0.484 0.945 0.609 0.683 0.401 0.577 
 198   (0.073) 0.049 0.012 0.006 0.059 0.102 0.005 0.011 0.045 0.287 0.023 
 194   (0.132) 0.070 0.098 0.011 0.175 0.218 0.016 0.215 0.094 0.029 0.025 
 202   (0.180) 0.099 0.058 0.049 0.086 0.165 0.029 0.154 0.134 0.270 0.369 
 204   (0.023) 0.005 0.003 0.002 0.004 0.016 0.002 0.003 0.014 0.003 0.002 
 190   (0.024) 0.013 0.005 0.009 0.004 0.007 0.002 0.004 0.017 0.004 0.002 
 200   (0.021) 0.006 0.003 0.002 0.015 0.008 0.002 0.003 0.013 0.005 0.002 

Locus 14 : Scv16 
7 alleles
0.0% missing data
 182   (0.408) 0.686 0.738 0.682 0.528 0.219 0.155 0.479 0.556 0.548 0.208 
 184   (0.417) 0.271 0.233 0.297 0.185 0.558 0.827 0.268 0.348 0.393 0.733 
 188   (0.055) 0.011 0.006 0.010 0.007 0.167 0.010 0.235 0.029 0.006 0.005 
 200   (0.021) 0.004 0.002 0.002 0.003 0.025 0.001 0.003 0.012 0.003 0.002 
 198   (0.040) 0.014 0.012 0.003 0.167 0.010 0.003 0.006 0.022 0.031 0.031 
 190   (0.036) 0.009 0.005 0.003 0.105 0.009 0.003 0.006 0.020 0.015 0.018 
 186   (0.022) 0.005 0.003 0.002 0.005 0.012 0.001 0.003 0.014 0.003 0.002 

Locus 15 : Scv31 
15 alleles
3.0% missing data
 193   (0.113) 0.488 0.035 0.037 0.032 0.058 0.014 0.021 0.313 0.295 0.105 
 201   (0.102) 0.065 0.018 0.109 0.016 0.238 0.009 0.026 0.094 0.018 0.097 
 187   (0.084) 0.059 0.013 0.510 0.013 0.022 0.303 0.055 0.094 0.025 0.081 
 207   (0.040) 0.009 0.006 0.003 0.006 0.010 0.362 0.105 0.021 0.005 0.004 
 195   (0.063) 0.036 0.041 0.007 0.038 0.016 0.006 0.282 0.040 0.023 0.205 
 185   (0.168) 0.135 0.125 0.015 0.326 0.115 0.250 0.063 0.104 0.530 0.131 
 189   (0.052) 0.093 0.006 0.004 0.007 0.257 0.003 0.008 0.088 0.006 0.005 
 205   (0.023) 0.005 0.003 0.002 0.004 0.012 0.001 0.004 0.015 0.003 0.002 
 191   (0.157) 0.063 0.726 0.233 0.435 0.049 0.037 0.373 0.109 0.052 0.018 
 197   (0.028) 0.008 0.004 0.004 0.004 0.007 0.003 0.005 0.016 0.007 0.290 
 199   (0.056) 0.014 0.009 0.005 0.099 0.065 0.004 0.009 0.034 0.009 0.049 
 203   (0.027) 0.005 0.003 0.002 0.004 0.082 0.002 0.004 0.014 0.003 0.003 
 209   (0.026) 0.007 0.003 0.002 0.007 0.028 0.002 0.004 0.019 0.012 0.003 
 213   (0.029) 0.006 0.005 0.002 0.004 0.032 0.002 0.005 0.021 0.006 0.003 
 181   (0.033) 0.007 0.005 0.066 0.005 0.008 0.002 0.037 0.018 0.004 0.003 

Locus 16 : Scv6 
8 alleles
0.0% missing data
 191   (0.104) 0.164 0.011 0.224 0.016 0.222 0.008 0.085 0.189 0.019 0.016 
 195   (0.379) 0.478 0.309 0.396 0.193 0.271 0.698 0.614 0.370 0.507 0.658 
 197   (0.219) 0.237 0.037 0.341 0.433 0.100 0.262 0.247 0.251 0.249 0.217 
 201   (0.085) 0.029 0.046 0.007 0.143 0.149 0.006 0.017 0.059 0.067 0.008 
 205   (0.022) 0.004 0.002 0.002 0.003 0.058 0.001 0.003 0.011 0.002 0.002 
 193   (0.099) 0.048 0.137 0.010 0.174 0.119 0.007 0.015 0.061 0.116 0.075 
 199   (0.067) 0.034 0.455 0.019 0.036 0.031 0.017 0.016 0.047 0.035 0.021 
 181   (0.024) 0.005 0.002 0.002 0.003 0.049 0.001 0.004 0.013 0.003 0.002 

Values of parameters used in structure:
DATAFILE=M:\STRUCTURE\Squirrel_132_ID_16L_20250816\project_data,	OUTFILE=M:\STRUCTURE\Squirrel_132_ID_16L_20250816\10k_Burnin_100k_MCMC\Results\10k_Burnin_100k_MCMC_run_232,	NUMINDS=132,	NUMLOCI=16,	MISSING=-9,	LABEL=1,	POPDATA=1,	POPFLAG=0,	PHENOTYPE=0,	EXTRACOLS=1,	MAXPOPS=10,	BURNIN=10000,	NUMREPS=100000,	USEPOPINFO=0,	INFERALPHA=1,	INFERLAMBDA=1,	POPSPECIFICLAMBDA=0,	POPALPHAS=0,	COMPUTEPROB=1,	NOADMIX=0,	ADMBURNIN=2500,	UPDATEFREQ=1,	PRINTLIKES=0,	INTERMEDSAVE=0,	PRINTKLD=0,	PRINTNET=0,	PRINTLAMBDA=0,	ANCESTDIST=1,	NUMBOXES=1000,	ANCESTPINT=0.90000,	GENSBACK=2,	MIGRPRIOR=0.05000,	PRINTQHAT=1,	PRINTQSUM=0,	ALPHA=1.0000,	FREQSCORR=1,	FPRIORMEAN=0.0100,	FPRIORSD=0.0500,	ONEFST=0,	LAMBDA=1.0000,	UNIFPRIORALPHA=1,	ALPHAMAX=10.0000,	ALPHAPRIORA=1.0000,	ALPHAPRIORB=2.0000,	ALPHAPROPSD=0.0250,	STARTATPOPINFO=0,	RANDOMIZE=1,	LINKAGE=0,	METROFREQ=10,	REPORTHITRATE=0,	MARKOVPHASE=-1,	PHASED=0,	PLOIDY=2,	PHASEINFO=0	LOCPRIOR=0, 	LOCPRIORINIT=1.000000, 	LOCDATA=0, 	LOCISPOP=0, 	LOCPRIORSTEP=0.100000, 	MAXLOCPRIOR=20.000000, 	SEED=1763758976,	
[STRAT parameters]:    NUMSIMSTATS=1000,	PHENOTYPECOL=-9,	POOLFREQ=10,	LOCUSxONLY=0,	EMERROR=0.00100,	MISSINGPHENO=-9,	