

----------------------------------------------------
STRUCTURE by Pritchard, Stephens and Donnelly (2000)
     and Falush, Stephens and Pritchard (2003)
       Code by Pritchard, Falush and Hubisz
             Version 2.3.4 (Jul 2012)
----------------------------------------------------



Command line arguments:   bin\structure -m M:\STRUCTURE\Squirrel_132_ID_16L_20250816\10k_Burnin_100k_MCMC\mainparams -e M:\STRUCTURE\Squirrel_132_ID_16L_20250816\10k_Burnin_100k_MCMC\extraparams 
Input File:    M:\STRUCTURE\Squirrel_132_ID_16L_20250816\project_data

Run parameters:
   132 individuals
   16 loci
   8 populations assumed
   10000 Burn-in period
   100000 Reps


--------------------------------------------
Proportion of membership of each pre-defined
 population in each of the 8 clusters

Given    Inferred Clusters                                          Number of
 Pop       1      2      3      4      5      6      7      8      Individuals

  1:     0.133  0.112  0.101  0.163  0.106  0.116  0.115  0.154      132
--------------------------------------------

Allele-freq. divergence among pops (Net nucleotide distance),
computed using point estimates of P.

      1       2       3       4       5       6       7       8      
 1      -    0.1064  0.1225  0.0881  0.1200  0.0892  0.1304  0.0644  
 2   0.1064     -    0.1096  0.0734  0.1031  0.0857  0.1560  0.0880  
 3   0.1225  0.1096     -    0.1069  0.0880  0.0805  0.1323  0.0813  
 4   0.0881  0.0734  0.1069     -    0.0994  0.0998  0.1203  0.0658  
 5   0.1200  0.1031  0.0880  0.0994     -    0.0800  0.0984  0.0801  
 6   0.0892  0.0857  0.0805  0.0998  0.0800     -    0.0903  0.0674  
 7   0.1304  0.1560  0.1323  0.1203  0.0984  0.0903     -    0.0884  
 8   0.0644  0.0880  0.0813  0.0658  0.0801  0.0674  0.0884     -    

Average distances (expected heterozygosity) between individuals in same cluster:
cluster  1  : 0.4620 
cluster  2  : 0.4613 
cluster  3  : 0.5809 
cluster  4  : 0.5371 
cluster  5  : 0.5032 
cluster  6  : 0.5395 
cluster  7  : 0.5174 
cluster  8  : 0.6382 

--------------------------------------------
Estimated Ln Prob of Data   = -4671.0
Mean value of ln likelihood = -4387.4
Variance of ln likelihood   = 567.2
Mean value of alpha         = 0.0529

Mean value of lambda        = 1.0016

Mean value of Fst_1         = 0.3010
Mean value of Fst_2         = 0.2872
Mean value of Fst_3         = 0.2068
Mean value of Fst_4         = 0.2150
Mean value of Fst_5         = 0.2522
Mean value of Fst_6         = 0.2351
Mean value of Fst_7         = 0.2714
Mean value of Fst_8         = 0.0642


Inferred ancestry of individuals:
        Label (%Miss) Pop:  Inferred clusters (and 90% probability intervals)
  1       1*    (0)    1 :  0.015 0.034 0.006 0.009 0.009 0.159 0.015 0.754     (0.000,0.100) (0.000,0.237) (0.000,0.033) (0.000,0.056) (0.000,0.053) (0.000,0.560) (0.000,0.088) (0.345,1.000) 
  2        3    (0)    1 :  0.952 0.006 0.005 0.007 0.008 0.008 0.008 0.006     (0.798,1.000) (0.000,0.036) (0.000,0.029) (0.000,0.039) (0.000,0.046) (0.000,0.044) (0.000,0.047) (0.000,0.035) 
  3        6    (0)    1 :  0.870 0.016 0.014 0.025 0.010 0.040 0.018 0.007     (0.530,1.000) (0.000,0.105) (0.000,0.089) (0.000,0.174) (0.000,0.059) (0.000,0.275) (0.000,0.123) (0.000,0.039) 
  4        8    (0)    1 :  0.008 0.042 0.004 0.876 0.026 0.007 0.022 0.015     (0.000,0.045) (0.000,0.282) (0.000,0.024) (0.542,1.000) (0.000,0.184) (0.000,0.040) (0.000,0.153) (0.000,0.099) 
  5       10    (0)    1 :  0.009 0.886 0.006 0.077 0.005 0.006 0.004 0.008     (0.000,0.056) (0.550,1.000) (0.000,0.032) (0.000,0.411) (0.000,0.027) (0.000,0.035) (0.000,0.023) (0.000,0.045) 
  6       11    (0)    1 :  0.050 0.033 0.054 0.059 0.100 0.082 0.013 0.610     (0.000,0.353) (0.000,0.220) (0.000,0.398) (0.000,0.375) (0.000,0.658) (0.000,0.484) (0.000,0.082) (0.000,0.999) 
  7       12    (0)    1 :  0.006 0.953 0.005 0.007 0.007 0.010 0.006 0.005     (0.000,0.035) (0.800,1.000) (0.000,0.030) (0.000,0.042) (0.000,0.042) (0.000,0.059) (0.000,0.032) (0.000,0.030) 
  8       16    (6)    1 :  0.934 0.012 0.006 0.020 0.008 0.008 0.006 0.007     (0.724,1.000) (0.000,0.073) (0.000,0.035) (0.000,0.131) (0.000,0.051) (0.000,0.046) (0.000,0.034) (0.000,0.042) 
  9       18    (0)    1 :  0.010 0.007 0.005 0.009 0.011 0.005 0.007 0.946     (0.000,0.063) (0.000,0.040) (0.000,0.026) (0.000,0.058) (0.000,0.069) (0.000,0.028) (0.000,0.040) (0.774,1.000) 
 10       19    (0)    1 :  0.017 0.014 0.106 0.043 0.017 0.014 0.033 0.758     (0.000,0.110) (0.000,0.085) (0.000,0.531) (0.000,0.301) (0.000,0.109) (0.000,0.079) (0.000,0.235) (0.121,1.000) 
 11       21    (6)    1 :  0.917 0.011 0.009 0.029 0.010 0.010 0.007 0.007     (0.676,1.000) (0.000,0.066) (0.000,0.054) (0.000,0.193) (0.000,0.065) (0.000,0.061) (0.000,0.041) (0.000,0.042) 
 12       23    (6)    1 :  0.013 0.626 0.029 0.023 0.098 0.186 0.013 0.012     (0.000,0.085) (0.042,0.997) (0.000,0.195) (0.000,0.159) (0.000,0.484) (0.000,0.757) (0.000,0.081) (0.000,0.069) 
 13       24    (6)    1 :  0.018 0.551 0.058 0.159 0.011 0.028 0.010 0.165     (0.000,0.122) (0.000,0.993) (0.000,0.318) (0.000,0.748) (0.000,0.067) (0.000,0.197) (0.000,0.064) (0.000,0.656) 
 14       25    (6)    1 :  0.043 0.652 0.007 0.056 0.025 0.194 0.008 0.014     (0.000,0.260) (0.155,0.998) (0.000,0.039) (0.000,0.331) (0.000,0.170) (0.000,0.679) (0.000,0.049) (0.000,0.089) 
 15      26*    (0)    1 :  0.132 0.258 0.005 0.559 0.006 0.013 0.006 0.021     (0.000,0.569) (0.000,0.690) (0.000,0.029) (0.000,0.995) (0.000,0.036) (0.000,0.081) (0.000,0.035) (0.000,0.142) 
 16       28    (0)    1 :  0.096 0.320 0.006 0.531 0.011 0.020 0.007 0.008     (0.000,0.519) (0.000,0.995) (0.000,0.038) (0.000,1.000) (0.000,0.068) (0.000,0.143) (0.000,0.042) (0.000,0.047) 
 17       29    (0)    1 :  0.006 0.906 0.006 0.051 0.006 0.006 0.006 0.013     (0.000,0.036) (0.592,1.000) (0.000,0.034) (0.000,0.346) (0.000,0.037) (0.000,0.035) (0.000,0.033) (0.000,0.086) 
 18       30    (0)    1 :  0.097 0.191 0.007 0.353 0.007 0.027 0.299 0.018     (0.000,0.544) (0.000,0.767) (0.000,0.042) (0.000,0.859) (0.000,0.042) (0.000,0.189) (0.000,0.633) (0.000,0.107) 
 19       33    (0)    1 :  0.007 0.006 0.059 0.005 0.007 0.015 0.012 0.889     (0.000,0.039) (0.000,0.036) (0.000,0.338) (0.000,0.031) (0.000,0.037) (0.000,0.103) (0.000,0.076) (0.589,1.000) 
 20       37    (0)    1 :  0.014 0.029 0.010 0.008 0.009 0.010 0.006 0.913     (0.000,0.093) (0.000,0.210) (0.000,0.062) (0.000,0.046) (0.000,0.055) (0.000,0.064) (0.000,0.036) (0.654,1.000) 
 21       38    (0)    1 :  0.010 0.016 0.005 0.018 0.007 0.005 0.005 0.935     (0.000,0.061) (0.000,0.108) (0.000,0.030) (0.000,0.119) (0.000,0.040) (0.000,0.026) (0.000,0.032) (0.725,1.000) 
 22       43    (0)    1 :  0.033 0.801 0.008 0.120 0.007 0.015 0.006 0.010     (0.000,0.227) (0.400,1.000) (0.000,0.050) (0.000,0.533) (0.000,0.038) (0.000,0.102) (0.000,0.036) (0.000,0.063) 
 23       44    (0)    1 :  0.421 0.009 0.006 0.384 0.085 0.008 0.073 0.013     (0.041,0.739) (0.000,0.056) (0.000,0.037) (0.000,0.833) (0.000,0.487) (0.000,0.047) (0.000,0.418) (0.000,0.079) 
 24       48    (0)    1 :  0.014 0.008 0.004 0.006 0.009 0.005 0.007 0.947     (0.000,0.092) (0.000,0.045) (0.000,0.024) (0.000,0.036) (0.000,0.053) (0.000,0.030) (0.000,0.039) (0.777,1.000) 
 25       55    (0)    1 :  0.216 0.013 0.011 0.629 0.031 0.066 0.019 0.015     (0.000,0.790) (0.000,0.079) (0.000,0.071) (0.000,0.999) (0.000,0.220) (0.000,0.367) (0.000,0.135) (0.000,0.092) 
 26       59    (0)    1 :  0.959 0.005 0.004 0.007 0.005 0.006 0.007 0.007     (0.825,1.000) (0.000,0.028) (0.000,0.025) (0.000,0.040) (0.000,0.030) (0.000,0.038) (0.000,0.043) (0.000,0.039) 
 27       60    (0)    1 :  0.009 0.027 0.010 0.004 0.010 0.921 0.007 0.011     (0.000,0.056) (0.000,0.190) (0.000,0.061) (0.000,0.025) (0.000,0.063) (0.683,1.000) (0.000,0.042) (0.000,0.065) 
 28       61    (0)    1 :  0.021 0.009 0.526 0.012 0.095 0.264 0.061 0.012     (0.000,0.146) (0.000,0.053) (0.000,0.993) (0.000,0.076) (0.000,0.599) (0.000,0.864) (0.000,0.364) (0.000,0.071) 
 29       62    (0)    1 :  0.019 0.050 0.062 0.011 0.757 0.065 0.018 0.018     (0.000,0.133) (0.000,0.332) (0.000,0.417) (0.000,0.071) (0.278,1.000) (0.000,0.405) (0.000,0.122) (0.000,0.121) 
 30       65    (0)    1 :  0.006 0.009 0.016 0.012 0.007 0.017 0.025 0.909     (0.000,0.036) (0.000,0.054) (0.000,0.108) (0.000,0.074) (0.000,0.041) (0.000,0.119) (0.000,0.166) (0.667,1.000) 
 31       73    (0)    1 :  0.008 0.123 0.005 0.010 0.028 0.050 0.769 0.008     (0.000,0.045) (0.000,0.453) (0.000,0.030) (0.000,0.058) (0.000,0.196) (0.000,0.354) (0.401,1.000) (0.000,0.051) 
 32       75    (0)    1 :  0.010 0.005 0.910 0.009 0.007 0.005 0.044 0.011     (0.000,0.062) (0.000,0.032) (0.654,1.000) (0.000,0.055) (0.000,0.038) (0.000,0.030) (0.000,0.268) (0.000,0.071) 
 33       76    (0)    1 :  0.007 0.012 0.932 0.006 0.017 0.014 0.006 0.006     (0.000,0.045) (0.000,0.082) (0.725,1.000) (0.000,0.036) (0.000,0.099) (0.000,0.087) (0.000,0.036) (0.000,0.034) 
 34       77    (0)    1 :  0.007 0.010 0.840 0.005 0.011 0.114 0.004 0.009     (0.000,0.044) (0.000,0.062) (0.259,1.000) (0.000,0.030) (0.000,0.063) (0.000,0.694) (0.000,0.025) (0.000,0.051) 
 35       78    (0)    1 :  0.009 0.016 0.332 0.012 0.042 0.042 0.530 0.018     (0.000,0.053) (0.000,0.111) (0.000,0.828) (0.000,0.075) (0.000,0.290) (0.000,0.306) (0.000,0.981) (0.000,0.116) 
 36       79    (0)    1 :  0.006 0.006 0.836 0.008 0.039 0.010 0.077 0.018     (0.000,0.035) (0.000,0.034) (0.463,1.000) (0.000,0.055) (0.000,0.231) (0.000,0.063) (0.000,0.391) (0.000,0.121) 
 37       84    (0)    1 :  0.583 0.105 0.014 0.113 0.107 0.043 0.020 0.015     (0.225,0.938) (0.000,0.522) (0.000,0.085) (0.000,0.438) (0.000,0.463) (0.000,0.304) (0.000,0.139) (0.000,0.099) 
 38       85    (0)    1 :  0.015 0.009 0.008 0.901 0.025 0.013 0.016 0.013     (0.000,0.103) (0.000,0.056) (0.000,0.048) (0.618,1.000) (0.000,0.153) (0.000,0.083) (0.000,0.107) (0.000,0.084) 
 39       86    (0)    1 :  0.007 0.021 0.013 0.880 0.020 0.014 0.025 0.021     (0.000,0.040) (0.000,0.141) (0.000,0.080) (0.573,1.000) (0.000,0.126) (0.000,0.097) (0.000,0.178) (0.000,0.147) 
 40       89    (0)    1 :  0.481 0.181 0.014 0.014 0.227 0.049 0.010 0.023     (0.000,0.858) (0.000,0.618) (0.000,0.090) (0.000,0.087) (0.000,0.683) (0.000,0.343) (0.000,0.057) (0.000,0.154) 
 41       94    (0)    1 :  0.015 0.904 0.007 0.014 0.014 0.009 0.005 0.033     (0.000,0.100) (0.630,1.000) (0.000,0.040) (0.000,0.089) (0.000,0.096) (0.000,0.052) (0.000,0.031) (0.000,0.228) 
 42       95    (0)    1 :  0.933 0.006 0.006 0.013 0.006 0.016 0.009 0.011     (0.723,1.000) (0.000,0.033) (0.000,0.035) (0.000,0.083) (0.000,0.035) (0.000,0.110) (0.000,0.052) (0.000,0.065) 
 43       96    (0)    1 :  0.005 0.012 0.006 0.954 0.008 0.005 0.005 0.005     (0.000,0.028) (0.000,0.073) (0.000,0.032) (0.806,1.000) (0.000,0.047) (0.000,0.029) (0.000,0.029) (0.000,0.029) 
 44       98    (0)    1 :  0.006 0.011 0.023 0.007 0.038 0.804 0.103 0.008     (0.000,0.034) (0.000,0.063) (0.000,0.139) (0.000,0.040) (0.000,0.219) (0.000,1.000) (0.000,0.861) (0.000,0.044) 
 45      102    (0)    1 :  0.041 0.030 0.014 0.007 0.019 0.024 0.012 0.854     (0.000,0.275) (0.000,0.205) (0.000,0.094) (0.000,0.041) (0.000,0.134) (0.000,0.167) (0.000,0.080) (0.538,1.000) 
 46      105    (0)    1 :  0.005 0.006 0.004 0.005 0.006 0.005 0.963 0.007     (0.000,0.031) (0.000,0.033) (0.000,0.022) (0.000,0.026) (0.000,0.032) (0.000,0.029) (0.842,1.000) (0.000,0.046) 
 47      106    (0)    1 :  0.090 0.005 0.446 0.016 0.282 0.023 0.106 0.032     (0.000,0.404) (0.000,0.030) (0.000,0.906) (0.000,0.109) (0.000,0.730) (0.000,0.150) (0.000,0.539) (0.000,0.221) 
 48      108    (0)    1 :  0.008 0.010 0.029 0.009 0.010 0.039 0.830 0.067     (0.000,0.044) (0.000,0.062) (0.000,0.203) (0.000,0.056) (0.000,0.057) (0.000,0.229) (0.500,1.000) (0.000,0.378) 
 49      109    (0)    1 :  0.012 0.009 0.045 0.021 0.022 0.212 0.669 0.011     (0.000,0.077) (0.000,0.052) (0.000,0.295) (0.000,0.143) (0.000,0.151) (0.000,0.869) (0.000,1.000) (0.000,0.068) 
 50      112    (0)    1 :  0.014 0.048 0.121 0.110 0.481 0.168 0.011 0.048     (0.000,0.085) (0.000,0.341) (0.000,0.660) (0.000,0.498) (0.000,0.986) (0.000,0.702) (0.000,0.064) (0.000,0.344) 
 51      115    (0)    1 :  0.018 0.080 0.021 0.013 0.013 0.103 0.024 0.729     (0.000,0.120) (0.000,0.420) (0.000,0.139) (0.000,0.082) (0.000,0.077) (0.000,0.570) (0.000,0.173) (0.164,1.000) 
 52      116    (0)    1 :  0.016 0.018 0.006 0.810 0.095 0.006 0.029 0.020     (0.000,0.109) (0.000,0.095) (0.000,0.036) (0.337,1.000) (0.000,0.515) (0.000,0.036) (0.000,0.200) (0.000,0.140) 
 53      117    (0)    1 :  0.262 0.423 0.023 0.190 0.018 0.051 0.018 0.016     (0.000,0.834) (0.000,0.998) (0.000,0.161) (0.000,0.715) (0.000,0.116) (0.000,0.365) (0.000,0.115) (0.000,0.101) 
 54      129    (0)    1 :  0.049 0.011 0.004 0.909 0.005 0.007 0.006 0.009     (0.000,0.315) (0.000,0.065) (0.000,0.024) (0.623,1.000) (0.000,0.029) (0.000,0.043) (0.000,0.032) (0.000,0.052) 
 55      132    (0)    1 :  0.023 0.142 0.015 0.008 0.019 0.717 0.010 0.065     (0.000,0.166) (0.000,0.576) (0.000,0.102) (0.000,0.046) (0.000,0.133) (0.206,1.000) (0.000,0.057) (0.000,0.397) 
 56      133    (0)    1 :  0.007 0.007 0.032 0.005 0.031 0.813 0.098 0.006     (0.000,0.037) (0.000,0.043) (0.000,0.212) (0.000,0.028) (0.000,0.155) (0.000,1.000) (0.000,0.860) (0.000,0.035) 
 57      137    (6)    1 :  0.015 0.019 0.477 0.011 0.032 0.422 0.010 0.014     (0.000,0.092) (0.000,0.131) (0.000,0.996) (0.000,0.072) (0.000,0.220) (0.000,0.980) (0.000,0.058) (0.000,0.086) 
 58      139    (0)    1 :  0.010 0.010 0.924 0.015 0.009 0.007 0.013 0.012     (0.000,0.062) (0.000,0.061) (0.704,1.000) (0.000,0.105) (0.000,0.054) (0.000,0.040) (0.000,0.084) (0.000,0.081) 
 59      140    (0)    1 :  0.022 0.006 0.033 0.010 0.025 0.115 0.778 0.011     (0.000,0.154) (0.000,0.034) (0.000,0.220) (0.000,0.061) (0.000,0.177) (0.000,0.578) (0.336,1.000) (0.000,0.066) 
 60      142    (0)    1 :  0.036 0.014 0.557 0.007 0.319 0.042 0.014 0.011     (0.000,0.259) (0.000,0.096) (0.003,0.991) (0.000,0.040) (0.000,0.872) (0.000,0.304) (0.000,0.086) (0.000,0.064) 
 61      144    (0)    1 :  0.007 0.004 0.005 0.004 0.006 0.008 0.960 0.005     (0.000,0.041) (0.000,0.025) (0.000,0.032) (0.000,0.022) (0.000,0.036) (0.000,0.053) (0.832,1.000) (0.000,0.029) 
 62      145    (0)    1 :  0.007 0.004 0.018 0.004 0.943 0.009 0.007 0.007     (0.000,0.041) (0.000,0.024) (0.000,0.122) (0.000,0.025) (0.759,1.000) (0.000,0.054) (0.000,0.042) (0.000,0.039) 
 63      147    (0)    1 :  0.005 0.005 0.032 0.008 0.018 0.009 0.914 0.008     (0.000,0.028) (0.000,0.030) (0.000,0.232) (0.000,0.051) (0.000,0.124) (0.000,0.054) (0.643,1.000) (0.000,0.050) 
 64      160    (0)    1 :  0.010 0.948 0.006 0.009 0.006 0.007 0.005 0.009     (0.000,0.063) (0.782,1.000) (0.000,0.034) (0.000,0.052) (0.000,0.035) (0.000,0.039) (0.000,0.028) (0.000,0.054) 
 65     162*    (0)    1 :  0.005 0.012 0.006 0.954 0.008 0.005 0.005 0.005     (0.000,0.027) (0.000,0.071) (0.000,0.035) (0.803,1.000) (0.000,0.046) (0.000,0.028) (0.000,0.031) (0.000,0.030) 
 66      166    (0)    1 :  0.018 0.006 0.015 0.008 0.008 0.924 0.014 0.007     (0.000,0.124) (0.000,0.034) (0.000,0.091) (0.000,0.048) (0.000,0.047) (0.693,1.000) (0.000,0.090) (0.000,0.040) 
 67      177    (0)    1 :  0.005 0.005 0.966 0.005 0.006 0.005 0.004 0.005     (0.000,0.026) (0.000,0.029) (0.855,1.000) (0.000,0.029) (0.000,0.033) (0.000,0.029) (0.000,0.022) (0.000,0.026) 
 68      178    (0)    1 :  0.010 0.048 0.786 0.018 0.013 0.072 0.039 0.014     (0.000,0.063) (0.000,0.318) (0.379,1.000) (0.000,0.118) (0.000,0.079) (0.000,0.456) (0.000,0.259) (0.000,0.092) 
 69      186    (0)    1 :  0.961 0.007 0.005 0.006 0.005 0.006 0.005 0.005     (0.837,1.000) (0.000,0.041) (0.000,0.027) (0.000,0.035) (0.000,0.030) (0.000,0.034) (0.000,0.025) (0.000,0.028) 
 70      189    (0)    1 :  0.010 0.016 0.009 0.881 0.066 0.005 0.004 0.009     (0.000,0.063) (0.000,0.109) (0.000,0.052) (0.502,1.000) (0.000,0.429) (0.000,0.028) (0.000,0.024) (0.000,0.054) 
 71      190    (0)    1 :  0.043 0.102 0.013 0.771 0.016 0.028 0.010 0.017     (0.000,0.284) (0.000,0.678) (0.000,0.088) (0.175,1.000) (0.000,0.106) (0.000,0.198) (0.000,0.060) (0.000,0.114) 
 72      191    (0)    1 :  0.548 0.023 0.018 0.159 0.195 0.012 0.035 0.011     (0.088,0.925) (0.000,0.155) (0.000,0.122) (0.000,0.766) (0.000,0.607) (0.000,0.072) (0.000,0.248) (0.000,0.065) 
 73      193    (0)    1 :  0.030 0.012 0.013 0.008 0.908 0.011 0.009 0.009     (0.000,0.212) (0.000,0.074) (0.000,0.085) (0.000,0.044) (0.640,1.000) (0.000,0.065) (0.000,0.054) (0.000,0.055) 
 74      202    (0)    1 :  0.010 0.449 0.010 0.362 0.057 0.039 0.010 0.063     (0.000,0.060) (0.000,0.923) (0.000,0.061) (0.000,0.774) (0.000,0.344) (0.000,0.268) (0.000,0.063) (0.000,0.395) 
 75      204    (0)    1 :  0.033 0.010 0.004 0.933 0.005 0.005 0.005 0.005     (0.000,0.238) (0.000,0.057) (0.000,0.023) (0.694,1.000) (0.000,0.030) (0.000,0.028) (0.000,0.030) (0.000,0.029) 
 76      211    (0)    1 :  0.013 0.170 0.051 0.016 0.031 0.558 0.133 0.029     (0.000,0.082) (0.000,0.639) (0.000,0.292) (0.000,0.112) (0.000,0.222) (0.000,0.993) (0.000,0.693) (0.000,0.199) 
 77      216    (0)    1 :  0.006 0.014 0.029 0.006 0.013 0.391 0.535 0.007     (0.000,0.032) (0.000,0.091) (0.000,0.184) (0.000,0.034) (0.000,0.083) (0.000,0.864) (0.025,0.998) (0.000,0.040) 
 78      222    (0)    1 :  0.011 0.006 0.012 0.010 0.392 0.026 0.510 0.034     (0.000,0.072) (0.000,0.031) (0.000,0.068) (0.000,0.057) (0.000,0.867) (0.000,0.178) (0.010,0.995) (0.000,0.240) 
 79      224    (0)    1 :  0.029 0.026 0.007 0.733 0.160 0.008 0.017 0.020     (0.000,0.210) (0.000,0.186) (0.000,0.044) (0.000,1.000) (0.000,0.799) (0.000,0.045) (0.000,0.115) (0.000,0.128) 
 80      226    (0)    1 :  0.950 0.005 0.005 0.009 0.005 0.012 0.005 0.010     (0.789,1.000) (0.000,0.030) (0.000,0.032) (0.000,0.054) (0.000,0.029) (0.000,0.078) (0.000,0.027) (0.000,0.057) 
 81      229    (0)    1 :  0.010 0.138 0.022 0.648 0.077 0.034 0.037 0.034     (0.000,0.063) (0.000,0.780) (0.000,0.154) (0.000,0.989) (0.000,0.343) (0.000,0.234) (0.000,0.258) (0.000,0.241) 
 82      230    (0)    1 :  0.017 0.028 0.041 0.870 0.008 0.010 0.014 0.013     (0.000,0.112) (0.000,0.195) (0.000,0.251) (0.569,1.000) (0.000,0.045) (0.000,0.062) (0.000,0.096) (0.000,0.082) 
 83      232    (0)    1 :  0.068 0.417 0.052 0.120 0.227 0.068 0.020 0.028     (0.000,0.386) (0.000,0.880) (0.000,0.337) (0.000,0.602) (0.000,0.774) (0.000,0.423) (0.000,0.140) (0.000,0.192) 
 84      238    (0)    1 :  0.008 0.011 0.158 0.095 0.049 0.039 0.025 0.615     (0.000,0.046) (0.000,0.068) (0.000,0.567) (0.000,0.467) (0.000,0.312) (0.000,0.274) (0.000,0.177) (0.021,0.995) 
 85      242    (0)    1 :  0.007 0.005 0.004 0.006 0.007 0.010 0.009 0.952     (0.000,0.042) (0.000,0.027) (0.000,0.024) (0.000,0.035) (0.000,0.042) (0.000,0.061) (0.000,0.056) (0.800,1.000) 
 86      243    (0)    1 :  0.028 0.011 0.029 0.010 0.015 0.165 0.019 0.723     (0.000,0.203) (0.000,0.066) (0.000,0.202) (0.000,0.064) (0.000,0.093) (0.000,0.634) (0.000,0.129) (0.282,1.000) 
 87      244    (0)    1 :  0.007 0.011 0.247 0.013 0.015 0.023 0.009 0.675     (0.000,0.044) (0.000,0.070) (0.000,0.674) (0.000,0.090) (0.000,0.098) (0.000,0.155) (0.000,0.054) (0.248,0.999) 
 88      251    (0)    1 :  0.009 0.102 0.019 0.028 0.112 0.030 0.018 0.682     (0.000,0.058) (0.000,0.523) (0.000,0.117) (0.000,0.195) (0.000,0.581) (0.000,0.215) (0.000,0.113) (0.189,0.999) 
 89      266    (0)    1 :  0.012 0.015 0.567 0.026 0.015 0.188 0.014 0.162     (0.000,0.080) (0.000,0.101) (0.167,0.958) (0.000,0.186) (0.000,0.091) (0.000,0.614) (0.000,0.091) (0.000,0.578) 
 90      267    (0)    1 :  0.034 0.014 0.015 0.057 0.015 0.209 0.629 0.027     (0.000,0.238) (0.000,0.091) (0.000,0.102) (0.000,0.334) (0.000,0.097) (0.000,0.771) (0.000,1.000) (0.000,0.188) 
 91      268    (0)    1 :  0.007 0.043 0.316 0.005 0.012 0.451 0.155 0.010     (0.000,0.043) (0.000,0.307) (0.000,0.937) (0.000,0.030) (0.000,0.051) (0.000,0.994) (0.000,0.773) (0.000,0.055) 
 92      270    (0)    1 :  0.050 0.028 0.009 0.830 0.030 0.015 0.018 0.021     (0.000,0.353) (0.000,0.200) (0.000,0.052) (0.424,1.000) (0.000,0.213) (0.000,0.100) (0.000,0.127) (0.000,0.145) 
 93      276    (0)    1 :  0.463 0.046 0.066 0.173 0.089 0.068 0.073 0.022     (0.000,0.891) (0.000,0.325) (0.000,0.386) (0.000,0.851) (0.000,0.487) (0.000,0.433) (0.000,0.426) (0.000,0.146) 
 94      298    (6)    1 :  0.021 0.015 0.103 0.007 0.018 0.087 0.736 0.013     (0.000,0.151) (0.000,0.100) (0.000,0.479) (0.000,0.039) (0.000,0.112) (0.000,0.505) (0.320,1.000) (0.000,0.083) 
 95      306    (0)    1 :  0.009 0.007 0.011 0.007 0.287 0.651 0.014 0.015     (0.000,0.057) (0.000,0.040) (0.000,0.064) (0.000,0.040) (0.000,0.639) (0.304,0.993) (0.000,0.089) (0.000,0.093) 
 96      308    (0)    1 :  0.007 0.076 0.299 0.009 0.296 0.056 0.218 0.038     (0.000,0.043) (0.000,0.415) (0.000,0.881) (0.000,0.054) (0.000,0.759) (0.000,0.396) (0.000,0.668) (0.000,0.273) 
 97      311    (6)    1 :  0.011 0.016 0.013 0.030 0.434 0.240 0.124 0.131     (0.000,0.069) (0.000,0.108) (0.000,0.079) (0.000,0.217) (0.000,0.989) (0.000,0.966) (0.000,0.728) (0.000,0.647) 
 98      323    (0)    1 :  0.955 0.005 0.005 0.008 0.006 0.006 0.006 0.009     (0.808,1.000) (0.000,0.028) (0.000,0.031) (0.000,0.045) (0.000,0.035) (0.000,0.031) (0.000,0.037) (0.000,0.055) 
 99      327    (0)    1 :  0.019 0.293 0.008 0.594 0.016 0.038 0.012 0.020     (0.000,0.132) (0.000,0.873) (0.000,0.046) (0.000,0.996) (0.000,0.107) (0.000,0.265) (0.000,0.074) (0.000,0.131) 
100      334    (0)    1 :  0.005 0.015 0.013 0.013 0.030 0.042 0.026 0.855     (0.000,0.030) (0.000,0.076) (0.000,0.075) (0.000,0.071) (0.000,0.204) (0.000,0.293) (0.000,0.180) (0.436,1.000) 
101      338    (0)    1 :  0.019 0.030 0.017 0.019 0.352 0.290 0.255 0.018     (0.000,0.129) (0.000,0.206) (0.000,0.110) (0.000,0.129) (0.000,0.972) (0.000,0.873) (0.000,0.973) (0.000,0.113) 
102      341    (0)    1 :  0.930 0.007 0.006 0.008 0.010 0.023 0.005 0.011     (0.714,1.000) (0.000,0.041) (0.000,0.036) (0.000,0.047) (0.000,0.062) (0.000,0.154) (0.000,0.031) (0.000,0.070) 
103      346    (0)    1 :  0.013 0.039 0.338 0.008 0.019 0.568 0.007 0.009     (0.000,0.078) (0.000,0.281) (0.000,0.993) (0.000,0.046) (0.000,0.117) (0.000,1.000) (0.000,0.042) (0.000,0.050) 
104      348    (0)    1 :  0.009 0.009 0.227 0.011 0.131 0.033 0.546 0.033     (0.000,0.055) (0.000,0.052) (0.000,0.728) (0.000,0.069) (0.000,0.531) (0.000,0.242) (0.000,0.995) (0.000,0.238) 
105      351    (0)    1 :  0.018 0.041 0.016 0.009 0.020 0.333 0.009 0.554     (0.000,0.121) (0.000,0.286) (0.000,0.095) (0.000,0.054) (0.000,0.136) (0.000,0.995) (0.000,0.053) (0.000,1.000) 
106      362    (0)    1 :  0.029 0.035 0.006 0.901 0.008 0.007 0.007 0.007     (0.000,0.204) (0.000,0.235) (0.000,0.033) (0.585,1.000) (0.000,0.051) (0.000,0.044) (0.000,0.038) (0.000,0.040) 
107      364    (0)    1 :  0.011 0.012 0.009 0.005 0.019 0.034 0.010 0.898     (0.000,0.072) (0.000,0.079) (0.000,0.056) (0.000,0.030) (0.000,0.134) (0.000,0.237) (0.000,0.062) (0.620,1.000) 
108      366    (0)    1 :  0.012 0.016 0.011 0.056 0.007 0.039 0.027 0.833     (0.000,0.073) (0.000,0.104) (0.000,0.062) (0.000,0.358) (0.000,0.039) (0.000,0.265) (0.000,0.192) (0.441,1.000) 
109      376    (0)    1 :  0.865 0.024 0.018 0.025 0.031 0.021 0.006 0.009     (0.573,1.000) (0.000,0.173) (0.000,0.126) (0.000,0.173) (0.000,0.197) (0.000,0.148) (0.000,0.039) (0.000,0.049) 
110      377    (6)    1 :  0.037 0.169 0.009 0.131 0.588 0.018 0.032 0.016     (0.000,0.246) (0.000,0.809) (0.000,0.054) (0.000,0.581) (0.000,0.999) (0.000,0.106) (0.000,0.225) (0.000,0.097) 
111      378    (0)    1 :  0.011 0.925 0.012 0.008 0.016 0.015 0.008 0.005     (0.000,0.069) (0.705,1.000) (0.000,0.079) (0.000,0.045) (0.000,0.106) (0.000,0.096) (0.000,0.051) (0.000,0.030) 
112      388    (0)    1 :  0.011 0.028 0.013 0.013 0.039 0.407 0.471 0.019     (0.000,0.070) (0.000,0.199) (0.000,0.084) (0.000,0.083) (0.000,0.285) (0.000,0.993) (0.000,0.999) (0.000,0.128) 
113      391    (0)    1 :  0.421 0.214 0.009 0.007 0.129 0.182 0.023 0.015     (0.000,0.810) (0.000,0.590) (0.000,0.056) (0.000,0.045) (0.000,0.600) (0.000,0.742) (0.000,0.161) (0.000,0.088) 
114      401    (0)    1 :  0.083 0.015 0.189 0.408 0.056 0.023 0.010 0.217     (0.000,0.512) (0.000,0.093) (0.000,0.622) (0.000,0.787) (0.000,0.348) (0.000,0.153) (0.000,0.062) (0.000,0.721) 
115      406    (0)    1 :  0.091 0.017 0.025 0.012 0.118 0.570 0.126 0.042     (0.000,0.518) (0.000,0.114) (0.000,0.166) (0.000,0.071) (0.000,0.704) (0.000,0.999) (0.000,0.750) (0.000,0.286) 
116      412    (6)    1 :  0.022 0.028 0.015 0.019 0.311 0.520 0.069 0.016     (0.000,0.154) (0.000,0.195) (0.000,0.096) (0.000,0.126) (0.000,0.994) (0.000,1.000) (0.000,0.545) (0.000,0.096) 
117      413    (0)    1 :  0.004 0.008 0.031 0.012 0.870 0.011 0.013 0.051     (0.000,0.023) (0.000,0.050) (0.000,0.213) (0.000,0.076) (0.561,1.000) (0.000,0.065) (0.000,0.079) (0.000,0.294) 
118      421    (0)    1 :  0.032 0.019 0.017 0.362 0.503 0.034 0.016 0.018     (0.000,0.224) (0.000,0.132) (0.000,0.115) (0.000,0.795) (0.000,0.914) (0.000,0.233) (0.000,0.099) (0.000,0.105) 
119      423    (0)    1 :  0.024 0.013 0.007 0.324 0.563 0.007 0.029 0.032     (0.000,0.169) (0.000,0.084) (0.000,0.037) (0.000,0.904) (0.000,0.991) (0.000,0.041) (0.000,0.212) (0.000,0.221) 
120      424    (0)    1 :  0.172 0.025 0.015 0.010 0.394 0.337 0.019 0.030     (0.000,0.706) (0.000,0.166) (0.000,0.093) (0.000,0.062) (0.000,0.990) (0.000,0.993) (0.000,0.124) (0.000,0.206) 
121      426    (0)    1 :  0.024 0.815 0.016 0.021 0.051 0.040 0.013 0.020     (0.000,0.170) (0.411,1.000) (0.000,0.111) (0.000,0.144) (0.000,0.315) (0.000,0.270) (0.000,0.084) (0.000,0.135) 
122      430   (12)    1 :  0.038 0.018 0.047 0.021 0.376 0.470 0.020 0.010     (0.000,0.270) (0.000,0.113) (0.000,0.338) (0.000,0.140) (0.000,0.966) (0.000,0.995) (0.000,0.125) (0.000,0.059) 
123      435    (0)    1 :  0.005 0.011 0.406 0.005 0.508 0.024 0.034 0.005     (0.000,0.032) (0.000,0.066) (0.000,0.881) (0.000,0.030) (0.000,0.931) (0.000,0.152) (0.000,0.214) (0.000,0.030) 
124      476    (0)    1 :  0.769 0.017 0.029 0.109 0.026 0.013 0.007 0.031     (0.401,0.999) (0.000,0.113) (0.000,0.194) (0.000,0.481) (0.000,0.176) (0.000,0.083) (0.000,0.044) (0.000,0.200) 
125      478    (0)    1 :  0.724 0.022 0.006 0.177 0.016 0.017 0.010 0.028     (0.387,0.995) (0.000,0.155) (0.000,0.037) (0.000,0.532) (0.000,0.105) (0.000,0.118) (0.000,0.061) (0.000,0.198) 
126      484    (0)    1 :  0.016 0.010 0.027 0.007 0.015 0.382 0.535 0.007     (0.000,0.104) (0.000,0.061) (0.000,0.193) (0.000,0.040) (0.000,0.092) (0.000,0.908) (0.000,0.998) (0.000,0.041) 
127      489    (0)    1 :  0.010 0.205 0.007 0.017 0.697 0.021 0.034 0.009     (0.000,0.065) (0.000,0.868) (0.000,0.039) (0.000,0.099) (0.000,1.000) (0.000,0.114) (0.000,0.266) (0.000,0.050) 
128      493    (0)    1 :  0.008 0.013 0.007 0.013 0.013 0.010 0.006 0.931     (0.000,0.047) (0.000,0.085) (0.000,0.043) (0.000,0.088) (0.000,0.084) (0.000,0.062) (0.000,0.033) (0.726,1.000) 
129      494    (0)    1 :  0.014 0.027 0.008 0.017 0.018 0.006 0.007 0.901     (0.000,0.096) (0.000,0.194) (0.000,0.051) (0.000,0.116) (0.000,0.124) (0.000,0.035) (0.000,0.046) (0.622,1.000) 
130      500    (0)    1 :  0.016 0.009 0.005 0.949 0.005 0.006 0.004 0.007     (0.000,0.112) (0.000,0.052) (0.000,0.026) (0.780,1.000) (0.000,0.027) (0.000,0.033) (0.000,0.024) (0.000,0.037) 
131      504    (0)    1 :  0.011 0.081 0.015 0.053 0.012 0.155 0.645 0.029     (0.000,0.070) (0.000,0.382) (0.000,0.095) (0.000,0.311) (0.000,0.069) (0.000,0.703) (0.113,0.996) (0.000,0.200) 
132      506    (0)    1 :  0.011 0.010 0.005 0.066 0.007 0.018 0.875 0.007     (0.000,0.067) (0.000,0.065) (0.000,0.029) (0.000,0.364) (0.000,0.045) (0.000,0.111) (0.537,1.000) (0.000,0.038) 


Estimated Allele Frequencies in each cluster
First column gives estimated ancestral frequencies


Locus 1 : Rsu3 
3 alleles
0.0% missing data
 164   (0.531) 0.493 0.649 0.662 0.659 0.277 0.541 0.411 0.576 
 166   (0.239) 0.091 0.225 0.093 0.063 0.580 0.327 0.555 0.195 
 170   (0.230) 0.416 0.126 0.246 0.278 0.144 0.132 0.034 0.230 

Locus 2 : Rsu5 
5 alleles
0.0% missing data
 137   (0.728) 0.973 0.872 0.801 0.956 0.833 0.898 0.366 0.654 
 135   (0.090) 0.014 0.055 0.038 0.009 0.079 0.062 0.014 0.112 
 139   (0.104) 0.009 0.066 0.070 0.028 0.070 0.018 0.012 0.194 
 133   (0.026) 0.002 0.002 0.004 0.002 0.003 0.003 0.002 0.024 
 131   (0.053) 0.004 0.005 0.088 0.005 0.014 0.020 0.605 0.015 

Locus 3 : Scv1 
5 alleles
0.0% missing data
 181   (0.537) 0.950 0.797 0.351 0.649 0.326 0.347 0.396 0.666 
 179   (0.190) 0.024 0.102 0.297 0.108 0.090 0.392 0.090 0.168 
 177   (0.109) 0.011 0.084 0.023 0.014 0.308 0.225 0.166 0.060 
 185   (0.135) 0.013 0.014 0.325 0.227 0.272 0.032 0.345 0.064 
 171   (0.029) 0.002 0.003 0.004 0.002 0.005 0.003 0.003 0.041 

Locus 4 : Rsu4 
9 alleles
0.0% missing data
 267   (0.197) 0.145 0.088 0.105 0.315 0.055 0.059 0.134 0.300 
 263   (0.333) 0.464 0.742 0.265 0.204 0.814 0.351 0.381 0.255 
 259   (0.060) 0.283 0.065 0.009 0.180 0.023 0.009 0.006 0.018 
 287   (0.165) 0.091 0.060 0.083 0.246 0.064 0.454 0.149 0.121 
 275   (0.040) 0.003 0.004 0.018 0.004 0.005 0.008 0.004 0.109 
 279   (0.062) 0.005 0.015 0.321 0.009 0.010 0.017 0.007 0.084 
 283   (0.077) 0.005 0.007 0.188 0.007 0.020 0.090 0.312 0.045 
 291   (0.039) 0.003 0.015 0.006 0.034 0.006 0.007 0.004 0.027 
 271   (0.027) 0.002 0.003 0.004 0.002 0.003 0.004 0.003 0.042 

Locus 5 : Rsu6 
5 alleles
0.0% missing data
 120   (0.270) 0.291 0.522 0.192 0.231 0.217 0.414 0.078 0.214 
 126   (0.593) 0.574 0.408 0.784 0.475 0.764 0.571 0.907 0.640 
 124   (0.081) 0.130 0.065 0.016 0.272 0.010 0.010 0.009 0.057 
 130   (0.032) 0.002 0.003 0.004 0.003 0.004 0.003 0.003 0.081 
 114   (0.024) 0.002 0.002 0.003 0.019 0.006 0.003 0.003 0.007 

Locus 6 : Scv12 
3 alleles
0.8% missing data
 198   (0.579) 0.689 0.382 0.631 0.287 0.821 0.566 0.395 0.723 
 196   (0.262) 0.291 0.287 0.210 0.167 0.140 0.393 0.546 0.150 
 200   (0.158) 0.019 0.331 0.159 0.546 0.039 0.040 0.059 0.127 

Locus 7 : Scv23 
3 alleles
0.8% missing data
 158   (0.520) 0.357 0.464 0.533 0.721 0.764 0.431 0.815 0.466 
 164   (0.189) 0.440 0.119 0.037 0.060 0.049 0.282 0.102 0.260 
 160   (0.291) 0.203 0.417 0.430 0.219 0.188 0.287 0.083 0.274 

Locus 8 : Scv13 
5 alleles
0.0% missing data
 182   (0.729) 0.783 0.966 0.452 0.906 0.938 0.914 0.902 0.680 
 180   (0.090) 0.186 0.017 0.016 0.070 0.021 0.016 0.009 0.120 
 172   (0.079) 0.006 0.007 0.335 0.007 0.013 0.050 0.077 0.058 
 184   (0.065) 0.022 0.006 0.020 0.013 0.021 0.015 0.008 0.121 
 174   (0.037) 0.003 0.003 0.176 0.004 0.008 0.006 0.004 0.021 

Locus 9 : Scv32 
18 alleles
0.0% missing data
 236   (0.030) 0.002 0.003 0.007 0.003 0.004 0.005 0.003 0.129 
 238   (0.042) 0.003 0.005 0.007 0.004 0.011 0.246 0.059 0.021 
 234   (0.150) 0.325 0.119 0.665 0.021 0.322 0.332 0.071 0.065 
 246   (0.054) 0.310 0.009 0.014 0.184 0.053 0.007 0.006 0.016 
 248   (0.097) 0.008 0.369 0.015 0.117 0.107 0.054 0.021 0.134 
 262   (0.097) 0.011 0.163 0.032 0.292 0.105 0.100 0.031 0.059 
 232   (0.156) 0.182 0.017 0.032 0.095 0.216 0.052 0.528 0.337 
 250   (0.024) 0.003 0.267 0.003 0.003 0.006 0.010 0.002 0.007 
 228   (0.026) 0.002 0.003 0.006 0.003 0.005 0.003 0.003 0.039 
 220   (0.043) 0.069 0.010 0.007 0.237 0.006 0.005 0.004 0.014 
 264   (0.059) 0.044 0.009 0.021 0.006 0.038 0.094 0.006 0.050 
 252   (0.050) 0.004 0.005 0.090 0.020 0.009 0.014 0.099 0.015 
 254   (0.051) 0.004 0.008 0.078 0.004 0.011 0.039 0.106 0.029 
 242   (0.027) 0.002 0.002 0.004 0.002 0.003 0.003 0.003 0.042 
 266   (0.031) 0.002 0.003 0.005 0.003 0.029 0.027 0.031 0.011 
 244   (0.027) 0.002 0.005 0.004 0.003 0.070 0.004 0.023 0.008 
 226   (0.021) 0.026 0.002 0.003 0.002 0.003 0.003 0.002 0.006 
 240   (0.016) 0.001 0.001 0.007 0.001 0.002 0.002 0.002 0.018 

Locus 10 : Scv8 
6 alleles
0.0% missing data
 200   (0.617) 0.828 0.814 0.434 0.717 0.504 0.841 0.606 0.653 
 202   (0.096) 0.007 0.009 0.047 0.009 0.097 0.084 0.050 0.156 
 194   (0.093) 0.151 0.031 0.028 0.076 0.298 0.028 0.009 0.041 
 204   (0.051) 0.004 0.130 0.010 0.040 0.012 0.008 0.005 0.027 
 198   (0.072) 0.005 0.009 0.016 0.152 0.067 0.012 0.007 0.090 
 188   (0.071) 0.005 0.006 0.467 0.006 0.022 0.027 0.322 0.034 

Locus 11 : Scv9 
5 alleles
0.0% missing data
 198   (0.316) 0.421 0.507 0.567 0.103 0.249 0.669 0.318 0.195 
 200   (0.342) 0.361 0.386 0.101 0.607 0.156 0.090 0.345 0.512 
 196   (0.271) 0.045 0.101 0.179 0.283 0.580 0.232 0.327 0.272 
 204   (0.047) 0.171 0.005 0.121 0.004 0.011 0.007 0.006 0.014 
 202   (0.024) 0.002 0.002 0.032 0.002 0.004 0.003 0.004 0.007 

Locus 12 : Rsu1 
6 alleles
0.0% missing data
 189   (0.293) 0.503 0.069 0.272 0.065 0.251 0.230 0.094 0.505 
 185   (0.270) 0.170 0.083 0.117 0.204 0.350 0.567 0.793 0.194 
 177   (0.083) 0.011 0.014 0.047 0.151 0.030 0.015 0.071 0.050 
 181   (0.250) 0.053 0.729 0.549 0.188 0.340 0.174 0.033 0.220 
 193   (0.056) 0.028 0.099 0.008 0.291 0.015 0.010 0.005 0.017 
 197   (0.048) 0.234 0.005 0.007 0.100 0.013 0.005 0.004 0.014 

Locus 13 : Scv14 
7 alleles
4.5% missing data
 196   (0.562) 0.938 0.889 0.668 0.815 0.654 0.438 0.606 0.469 
 198   (0.079) 0.006 0.010 0.064 0.007 0.011 0.280 0.026 0.098 
 194   (0.122) 0.015 0.046 0.155 0.022 0.286 0.025 0.030 0.190 
 202   (0.164) 0.035 0.032 0.083 0.143 0.038 0.242 0.331 0.200 
 204   (0.024) 0.002 0.003 0.004 0.002 0.003 0.003 0.002 0.024 
 190   (0.024) 0.002 0.017 0.004 0.009 0.004 0.004 0.002 0.009 
 200   (0.025) 0.002 0.003 0.022 0.002 0.003 0.008 0.003 0.011 

Locus 14 : Scv16 
7 alleles
0.0% missing data
 182   (0.395) 0.182 0.770 0.522 0.556 0.701 0.533 0.257 0.276 
 184   (0.405) 0.785 0.209 0.196 0.281 0.261 0.406 0.678 0.527 
 188   (0.070) 0.024 0.007 0.010 0.151 0.015 0.008 0.008 0.128 
 200   (0.024) 0.002 0.002 0.004 0.002 0.003 0.003 0.003 0.024 
 198   (0.044) 0.003 0.006 0.159 0.004 0.011 0.033 0.032 0.013 
 190   (0.039) 0.003 0.004 0.103 0.003 0.007 0.014 0.019 0.012 
 186   (0.023) 0.002 0.002 0.007 0.003 0.003 0.003 0.003 0.020 

Locus 15 : Scv31 
15 alleles
3.0% missing data
 193   (0.111) 0.012 0.587 0.031 0.030 0.034 0.299 0.123 0.083 
 201   (0.102) 0.009 0.099 0.016 0.064 0.016 0.017 0.080 0.212 
 187   (0.087) 0.258 0.083 0.014 0.339 0.013 0.023 0.138 0.029 
 207   (0.030) 0.413 0.003 0.004 0.008 0.005 0.004 0.003 0.009 
 195   (0.067) 0.011 0.011 0.030 0.085 0.219 0.012 0.191 0.021 
 185   (0.185) 0.228 0.025 0.319 0.022 0.146 0.519 0.141 0.141 
 189   (0.060) 0.004 0.132 0.008 0.006 0.007 0.007 0.006 0.199 
 205   (0.026) 0.002 0.002 0.006 0.003 0.003 0.003 0.003 0.023 
 191   (0.133) 0.048 0.036 0.458 0.362 0.522 0.079 0.017 0.058 
 197   (0.027) 0.003 0.005 0.004 0.006 0.003 0.004 0.234 0.008 
 199   (0.059) 0.004 0.006 0.089 0.006 0.010 0.008 0.051 0.070 
 203   (0.027) 0.002 0.002 0.004 0.002 0.003 0.003 0.003 0.062 
 209   (0.031) 0.002 0.003 0.008 0.003 0.004 0.013 0.003 0.037 
 213   (0.028) 0.002 0.003 0.004 0.003 0.004 0.005 0.003 0.042 
 181   (0.028) 0.002 0.003 0.004 0.063 0.010 0.003 0.003 0.008 

Locus 16 : Scv6 
8 alleles
0.0% missing data
 191   (0.096) 0.007 0.249 0.015 0.192 0.011 0.017 0.018 0.187 
 195   (0.369) 0.699 0.395 0.204 0.450 0.476 0.509 0.617 0.301 
 197   (0.215) 0.255 0.313 0.415 0.312 0.053 0.242 0.232 0.117 
 201   (0.082) 0.006 0.011 0.141 0.007 0.038 0.067 0.009 0.150 
 205   (0.027) 0.002 0.002 0.004 0.002 0.003 0.003 0.003 0.043 
 193   (0.107) 0.008 0.011 0.182 0.012 0.090 0.113 0.090 0.115 
 199   (0.077) 0.022 0.016 0.036 0.023 0.327 0.045 0.029 0.045 
 181   (0.027) 0.002 0.002 0.004 0.002 0.003 0.003 0.003 0.043 

Values of parameters used in structure:
DATAFILE=M:\STRUCTURE\Squirrel_132_ID_16L_20250816\project_data,	OUTFILE=M:\STRUCTURE\Squirrel_132_ID_16L_20250816\10k_Burnin_100k_MCMC\Results\10k_Burnin_100k_MCMC_run_181,	NUMINDS=132,	NUMLOCI=16,	MISSING=-9,	LABEL=1,	POPDATA=1,	POPFLAG=0,	PHENOTYPE=0,	EXTRACOLS=1,	MAXPOPS=8,	BURNIN=10000,	NUMREPS=100000,	USEPOPINFO=0,	INFERALPHA=1,	INFERLAMBDA=1,	POPSPECIFICLAMBDA=0,	POPALPHAS=0,	COMPUTEPROB=1,	NOADMIX=0,	ADMBURNIN=2500,	UPDATEFREQ=1,	PRINTLIKES=0,	INTERMEDSAVE=0,	PRINTKLD=0,	PRINTNET=0,	PRINTLAMBDA=0,	ANCESTDIST=1,	NUMBOXES=1000,	ANCESTPINT=0.90000,	GENSBACK=2,	MIGRPRIOR=0.05000,	PRINTQHAT=1,	PRINTQSUM=0,	ALPHA=1.0000,	FREQSCORR=1,	FPRIORMEAN=0.0100,	FPRIORSD=0.0500,	ONEFST=0,	LAMBDA=1.0000,	UNIFPRIORALPHA=1,	ALPHAMAX=10.0000,	ALPHAPRIORA=1.0000,	ALPHAPRIORB=2.0000,	ALPHAPROPSD=0.0250,	STARTATPOPINFO=0,	RANDOMIZE=1,	LINKAGE=0,	METROFREQ=10,	REPORTHITRATE=0,	MARKOVPHASE=-1,	PHASED=0,	PLOIDY=2,	PHASEINFO=0	LOCPRIOR=0, 	LOCPRIORINIT=1.000000, 	LOCDATA=0, 	LOCISPOP=0, 	LOCPRIORSTEP=0.100000, 	MAXLOCPRIOR=20.000000, 	SEED=1763753193,	
[STRAT parameters]:    NUMSIMSTATS=1000,	PHENOTYPECOL=-9,	POOLFREQ=10,	LOCUSxONLY=0,	EMERROR=0.00100,	MISSINGPHENO=-9,	