          1*  1 0.0359 0.6475 0.0051 0.0088 0.0123 0.0084 0.0563 0.0120 0.2013 0.0124 
           3  1 0.0066 0.0078 0.0053 0.0078 0.6551 0.0094 0.0083 0.2836 0.0078 0.0084 
           6  1 0.0061 0.0052 0.0067 0.0113 0.9227 0.0057 0.0075 0.0059 0.0204 0.0086 
           8  1 0.0273 0.0151 0.0038 0.8599 0.0189 0.0223 0.0164 0.0051 0.0059 0.0253 
          10  1 0.8533 0.0069 0.0049 0.0973 0.0049 0.0043 0.0080 0.0121 0.0048 0.0035 
          11  1 0.0183 0.1110 0.0380 0.0254 0.0107 0.0504 0.6271 0.0745 0.0361 0.0085 
          12  1 0.9453 0.0042 0.0047 0.0075 0.0061 0.0075 0.0055 0.0051 0.0089 0.0052 
          16  1 0.0056 0.0055 0.0039 0.0072 0.9505 0.0053 0.0057 0.0074 0.0048 0.0042 
          18  1 0.0062 0.9356 0.0040 0.0078 0.0059 0.0106 0.0096 0.0103 0.0039 0.0061 
          19  1 0.0102 0.1060 0.0495 0.0245 0.0124 0.0122 0.7418 0.0162 0.0087 0.0187 
          21  1 0.0062 0.0056 0.0052 0.0193 0.9277 0.0071 0.0076 0.0099 0.0064 0.0050 
          23  1 0.5409 0.0103 0.0267 0.0232 0.0266 0.0946 0.0414 0.0063 0.2170 0.0131 
          24  1 0.3876 0.0490 0.0329 0.1272 0.0187 0.0107 0.3360 0.0095 0.0203 0.0080 
          25  1 0.5249 0.0111 0.0058 0.0298 0.1697 0.0186 0.0454 0.0047 0.1829 0.0071 
         26*  1 0.1704 0.0182 0.0049 0.6523 0.0372 0.0053 0.0260 0.0666 0.0138 0.0053 
          28  1 0.2491 0.0093 0.0061 0.2514 0.4364 0.0082 0.0141 0.0070 0.0131 0.0055 
          29  1 0.8726 0.0153 0.0058 0.0652 0.0074 0.0060 0.0110 0.0056 0.0056 0.0054 
          30  1 0.1327 0.0155 0.0078 0.3441 0.0644 0.0059 0.0561 0.0692 0.0256 0.2788 
          33  1 0.0059 0.7628 0.0901 0.0051 0.0064 0.0054 0.0888 0.0059 0.0174 0.0123 
          37  1 0.0314 0.8865 0.0100 0.0073 0.0104 0.0090 0.0170 0.0129 0.0100 0.0056 
          38  1 0.0169 0.8987 0.0050 0.0168 0.0076 0.0059 0.0282 0.0121 0.0041 0.0046 
          43  1 0.7354 0.0099 0.0076 0.0973 0.1040 0.0062 0.0139 0.0070 0.0131 0.0057 
          44  1 0.0079 0.0101 0.0058 0.4356 0.1362 0.0597 0.0343 0.2337 0.0084 0.0683 
          48  1 0.0065 0.9370 0.0038 0.0053 0.0076 0.0072 0.0081 0.0143 0.0046 0.0057 
          55  1 0.0082 0.0117 0.0094 0.4400 0.3837 0.0205 0.0368 0.0210 0.0521 0.0167 
          59  1 0.0042 0.0051 0.0035 0.0048 0.0209 0.0051 0.0052 0.9388 0.0063 0.0062 
          60  1 0.0314 0.0114 0.0119 0.0043 0.0074 0.0097 0.0113 0.0096 0.8969 0.0062 
          61  1 0.0080 0.0087 0.5032 0.0097 0.0148 0.1020 0.0267 0.0231 0.2459 0.0579 
          62  1 0.0604 0.0150 0.0723 0.0089 0.0202 0.6961 0.0264 0.0130 0.0728 0.0147 
          65  1 0.0078 0.6939 0.0142 0.0109 0.0056 0.0064 0.2114 0.0059 0.0185 0.0255 
          73  1 0.1369 0.0066 0.0050 0.0087 0.0095 0.0234 0.0105 0.0048 0.0565 0.7381 
          75  1 0.0049 0.0114 0.8883 0.0086 0.0057 0.0056 0.0149 0.0124 0.0047 0.0437 
          76  1 0.0126 0.0040 0.9295 0.0049 0.0062 0.0107 0.0076 0.0060 0.0130 0.0053 
          77  1 0.0087 0.0065 0.8637 0.0047 0.0053 0.0092 0.0097 0.0113 0.0763 0.0045 
          78  1 0.0143 0.0140 0.3657 0.0101 0.0083 0.0385 0.0316 0.0087 0.0336 0.4751 
          79  1 0.0048 0.0120 0.8145 0.0086 0.0044 0.0247 0.0425 0.0062 0.0085 0.0736 
          84  1 0.0478 0.0102 0.0092 0.0486 0.6482 0.0892 0.0377 0.0634 0.0301 0.0155 
          85  1 0.0083 0.0114 0.0079 0.8572 0.0134 0.0183 0.0416 0.0145 0.0112 0.0161 
          86  1 0.0136 0.0095 0.0119 0.7657 0.0089 0.0156 0.1338 0.0055 0.0134 0.0221 
          89  1 0.1684 0.0172 0.0131 0.0115 0.4266 0.1816 0.0499 0.0810 0.0424 0.0083 
          94  1 0.8899 0.0301 0.0058 0.0102 0.0074 0.0118 0.0100 0.0228 0.0072 0.0049 
          95  1 0.0054 0.0052 0.0039 0.0056 0.0047 0.0041 0.0048 0.9536 0.0078 0.0049 
          96  1 0.0091 0.0044 0.0053 0.9516 0.0053 0.0068 0.0052 0.0034 0.0043 0.0047 
          98  1 0.0084 0.0050 0.0350 0.0065 0.0064 0.0220 0.0129 0.0048 0.8349 0.0641 
         102  1 0.0209 0.2451 0.0093 0.0055 0.0446 0.0115 0.6327 0.0081 0.0142 0.0081 
         105  1 0.0044 0.0062 0.0035 0.0038 0.0046 0.0050 0.0051 0.0050 0.0044 0.9581 
         106  1 0.0042 0.0194 0.2986 0.0099 0.0248 0.2018 0.2721 0.0671 0.0213 0.0809 
         108  1 0.0085 0.0441 0.0322 0.0083 0.0086 0.0072 0.0385 0.0057 0.0349 0.8121 
         109  1 0.0070 0.0089 0.0468 0.0208 0.0235 0.0139 0.0703 0.0057 0.2526 0.5506 
         112  1 0.0499 0.0209 0.1229 0.0930 0.0089 0.3611 0.1856 0.0168 0.1326 0.0082 
         115  1 0.0618 0.1616 0.0183 0.0075 0.0140 0.0105 0.6309 0.0147 0.0598 0.0208 
         116  1 0.0126 0.0237 0.0057 0.6837 0.0766 0.1027 0.0534 0.0073 0.0056 0.0286 
         117  1 0.1045 0.0143 0.0104 0.0826 0.7277 0.0090 0.0180 0.0082 0.0145 0.0108 
         129  1 0.0068 0.0082 0.0037 0.8851 0.0558 0.0043 0.0082 0.0167 0.0067 0.0046 
         132  1 0.1446 0.0469 0.0138 0.0066 0.0148 0.0160 0.0506 0.0235 0.6738 0.0095 
         133  1 0.0059 0.0048 0.0427 0.0039 0.0073 0.0212 0.0096 0.0052 0.8396 0.0597 
         137  1 0.0191 0.0112 0.4852 0.0096 0.0121 0.0278 0.0220 0.0185 0.3857 0.0088 
         139  1 0.0085 0.0126 0.9008 0.0149 0.0069 0.0091 0.0189 0.0111 0.0062 0.0110 
         140  1 0.0052 0.0098 0.0364 0.0092 0.0260 0.0251 0.0234 0.0116 0.1214 0.7318 
         142  1 0.0127 0.0084 0.5660 0.0054 0.0271 0.3023 0.0184 0.0170 0.0320 0.0106 
         144  1 0.0037 0.0046 0.0055 0.0033 0.0038 0.0062 0.0047 0.0105 0.0089 0.9486 
         145  1 0.0041 0.0067 0.0157 0.0035 0.0076 0.9370 0.0062 0.0042 0.0083 0.0067 
         147  1 0.0047 0.0079 0.0394 0.0080 0.0047 0.0214 0.0119 0.0044 0.0097 0.8878 
         160  1 0.9418 0.0081 0.0050 0.0074 0.0093 0.0049 0.0065 0.0070 0.0057 0.0044 
        162*  1 0.0092 0.0045 0.0049 0.9513 0.0047 0.0068 0.0057 0.0038 0.0045 0.0046 
         166  1 0.0052 0.0059 0.0145 0.0066 0.0113 0.0066 0.0088 0.0196 0.9090 0.0125 
         177  1 0.0045 0.0039 0.9612 0.0050 0.0043 0.0050 0.0048 0.0037 0.0044 0.0032 
         178  1 0.0424 0.0087 0.7888 0.0158 0.0220 0.0095 0.0321 0.0045 0.0438 0.0325 
         186  1 0.0050 0.0042 0.0035 0.0043 0.9539 0.0042 0.0047 0.0116 0.0049 0.0037 
         189  1 0.0182 0.0098 0.0077 0.8432 0.0134 0.0744 0.0160 0.0092 0.0045 0.0036 
         190  1 0.0669 0.0138 0.0123 0.7480 0.0668 0.0133 0.0236 0.0180 0.0286 0.0088 
         191  1 0.0140 0.0115 0.0130 0.0673 0.6431 0.1692 0.0257 0.0153 0.0081 0.0327 
         193  1 0.0098 0.0085 0.0123 0.0068 0.0153 0.8935 0.0095 0.0265 0.0104 0.0075 
         202  1 0.2912 0.0185 0.0069 0.2639 0.0096 0.0352 0.3361 0.0054 0.0248 0.0083 
         204  1 0.0072 0.0044 0.0034 0.9256 0.0158 0.0044 0.0049 0.0252 0.0043 0.0049 
         211  1 0.1575 0.0201 0.0499 0.0154 0.0106 0.0250 0.1002 0.0101 0.5064 0.1047 
         216  1 0.0140 0.0056 0.0270 0.0046 0.0046 0.0123 0.0196 0.0056 0.4197 0.4871 
         222  1 0.0058 0.0374 0.0123 0.0079 0.0069 0.3508 0.0626 0.0115 0.0369 0.4679 
         224  1 0.0236 0.0268 0.0079 0.6060 0.0959 0.1676 0.0390 0.0095 0.0073 0.0165 
         226  1 0.0042 0.0067 0.0036 0.0062 0.0130 0.0042 0.0111 0.9418 0.0058 0.0035 
         229  1 0.0551 0.0171 0.0187 0.6316 0.0263 0.0705 0.1146 0.0050 0.0341 0.0270 
         230  1 0.0246 0.0096 0.0381 0.8336 0.0135 0.0068 0.0287 0.0219 0.0105 0.0127 
         232  1 0.3880 0.0144 0.0461 0.0869 0.0378 0.1864 0.1076 0.0527 0.0628 0.0174 
         238  1 0.0077 0.1145 0.0517 0.0446 0.0034 0.0188 0.7105 0.0194 0.0157 0.0136 
         242  1 0.0041 0.9231 0.0042 0.0055 0.0062 0.0066 0.0212 0.0073 0.0117 0.0101 
         243  1 0.0087 0.3721 0.0243 0.0082 0.0203 0.0108 0.3454 0.0166 0.1758 0.0179 
         244  1 0.0099 0.2100 0.1523 0.0104 0.0093 0.0104 0.5756 0.0043 0.0116 0.0062 
         251  1 0.0612 0.0967 0.0122 0.0169 0.0107 0.0699 0.6965 0.0068 0.0180 0.0110 
         266  1 0.0073 0.0502 0.3730 0.0191 0.0174 0.0093 0.4079 0.0053 0.1015 0.0092 
         267  1 0.0109 0.0231 0.0152 0.0603 0.0237 0.0113 0.0555 0.0240 0.2558 0.5202 
         268  1 0.0474 0.0070 0.3535 0.0046 0.0130 0.0067 0.0303 0.0041 0.4105 0.1230 
         270  1 0.0261 0.0255 0.0078 0.7608 0.0343 0.0323 0.0289 0.0516 0.0147 0.0179 
         276  1 0.0255 0.0214 0.0405 0.0837 0.5632 0.0899 0.0437 0.0171 0.0439 0.0711 
         298  1 0.0145 0.0108 0.1291 0.0057 0.0248 0.0158 0.0258 0.0096 0.0670 0.6969 
         306  1 0.0055 0.0124 0.0096 0.0051 0.0113 0.2746 0.0218 0.0054 0.6426 0.0116 
         308  1 0.0749 0.0316 0.3016 0.0075 0.0073 0.2388 0.1060 0.0055 0.0519 0.1750 
         311  1 0.0141 0.0633 0.0095 0.0255 0.0088 0.3034 0.2865 0.0088 0.2094 0.0706 
         323  1 0.0062 0.0093 0.0078 0.0077 0.0520 0.0080 0.0072 0.8879 0.0074 0.0063 
         327  1 0.2571 0.0149 0.0069 0.5773 0.0346 0.0138 0.0449 0.0087 0.0324 0.0094 
         334  1 0.0089 0.3687 0.0081 0.0129 0.0050 0.0251 0.5240 0.0051 0.0255 0.0168 
         338  1 0.0249 0.0131 0.0132 0.0162 0.0168 0.2878 0.1183 0.0146 0.2921 0.2031 
         341  1 0.0083 0.0123 0.0071 0.0120 0.1030 0.0087 0.0114 0.8074 0.0235 0.0063 
         346  1 0.0413 0.0074 0.3907 0.0076 0.0102 0.0141 0.0151 0.0126 0.4950 0.0059 
         348  1 0.0072 0.0247 0.2228 0.0086 0.0158 0.1276 0.0666 0.0053 0.0336 0.4877 
         351  1 0.0461 0.2897 0.0173 0.0080 0.0148 0.0177 0.3078 0.0209 0.2696 0.0083 
         362  1 0.0212 0.0060 0.0052 0.9070 0.0143 0.0064 0.0077 0.0196 0.0062 0.0063 
         364  1 0.0126 0.8242 0.0107 0.0049 0.0075 0.0243 0.0407 0.0168 0.0491 0.0093 
         366  1 0.0141 0.7123 0.0110 0.0476 0.0169 0.0061 0.1201 0.0083 0.0374 0.0263 
         376  1 0.0197 0.0074 0.0128 0.0153 0.8672 0.0268 0.0128 0.0175 0.0145 0.0059 
         377  1 0.1740 0.0115 0.0079 0.1079 0.0610 0.5070 0.0707 0.0139 0.0195 0.0266 
         378  1 0.8887 0.0047 0.0140 0.0066 0.0264 0.0201 0.0092 0.0058 0.0165 0.0080 
         388  1 0.0180 0.0167 0.0126 0.0126 0.0103 0.0284 0.0275 0.0082 0.4920 0.3736 
         391  1 0.1713 0.0117 0.0101 0.0088 0.1086 0.1332 0.1130 0.2153 0.2017 0.0264 
         401  1 0.0109 0.0664 0.1203 0.3098 0.0438 0.0387 0.3670 0.0203 0.0154 0.0073 
         406  1 0.0151 0.0297 0.0234 0.0095 0.0248 0.0859 0.0768 0.0819 0.5639 0.0891 
         412  1 0.0279 0.0139 0.0139 0.0163 0.0243 0.2251 0.0535 0.0128 0.5572 0.0552 
         413  1 0.0066 0.0450 0.0168 0.0119 0.0042 0.8582 0.0333 0.0031 0.0095 0.0114 
         421  1 0.0129 0.0148 0.0176 0.2366 0.0973 0.4189 0.1476 0.0102 0.0308 0.0134 
         423  1 0.0125 0.0300 0.0064 0.2409 0.0052 0.5433 0.0557 0.0730 0.0064 0.0267 
         424  1 0.0181 0.0302 0.0152 0.0097 0.0542 0.3346 0.0468 0.1211 0.3523 0.0176 
         426  1 0.6622 0.0193 0.0163 0.0229 0.1321 0.0479 0.0367 0.0092 0.0408 0.0126 
         430  1 0.0165 0.0077 0.0384 0.0155 0.0471 0.3551 0.0228 0.0257 0.4536 0.0175 
         435  1 0.0113 0.0041 0.4334 0.0047 0.0055 0.4794 0.0104 0.0038 0.0177 0.0297 
         476  1 0.0161 0.0217 0.0185 0.1773 0.2485 0.0156 0.0585 0.4233 0.0116 0.0088 
         478  1 0.0173 0.0336 0.0068 0.1184 0.4694 0.0132 0.0294 0.2881 0.0156 0.0081 
         484  1 0.0082 0.0057 0.0301 0.0065 0.0141 0.0114 0.0130 0.0109 0.4440 0.4561 
         489  1 0.2289 0.0065 0.0066 0.0115 0.0079 0.6520 0.0158 0.0156 0.0201 0.0351 
         493  1 0.0123 0.8626 0.0082 0.0145 0.0033 0.0147 0.0298 0.0382 0.0109 0.0055 
         494  1 0.0299 0.6388 0.0073 0.0159 0.0084 0.0169 0.2512 0.0195 0.0053 0.0068 
         500  1 0.0087 0.0059 0.0041 0.9225 0.0087 0.0051 0.0128 0.0240 0.0047 0.0036 
         504  1 0.0585 0.0180 0.0154 0.0503 0.0101 0.0094 0.0487 0.0099 0.2097 0.5700 
         506  1 0.0090 0.0064 0.0047 0.0820 0.0158 0.0074 0.0107 0.0065 0.0201 0.8375 
