          1*  1 0.0314 0.9471 0.0127 0.0089 
           3  1 0.0141 0.0346 0.9406 0.0107 
           6  1 0.0220 0.0063 0.9508 0.0209 
           8  1 0.0096 0.0113 0.9750 0.0041 
          10  1 0.0051 0.0094 0.9796 0.0060 
          11  1 0.0190 0.8164 0.1035 0.0610 
          12  1 0.0099 0.0187 0.9351 0.0363 
          16  1 0.0064 0.0109 0.9750 0.0077 
          18  1 0.0050 0.9827 0.0081 0.0043 
          19  1 0.0304 0.8963 0.0233 0.0499 
          21  1 0.0082 0.0093 0.9702 0.0123 
          23  1 0.0537 0.0209 0.6377 0.2877 
          24  1 0.0111 0.2553 0.6838 0.0498 
          25  1 0.0391 0.0372 0.8727 0.0510 
         26*  1 0.0045 0.0134 0.9775 0.0046 
          28  1 0.0057 0.0057 0.9832 0.0054 
          29  1 0.0052 0.0168 0.9712 0.0068 
          30  1 0.3019 0.0253 0.6666 0.0062 
          33  1 0.0116 0.9537 0.0049 0.0298 
          37  1 0.0058 0.9729 0.0135 0.0079 
          38  1 0.0038 0.9768 0.0152 0.0042 
          43  1 0.0054 0.0205 0.9644 0.0097 
          44  1 0.0219 0.0132 0.9561 0.0088 
          48  1 0.0052 0.9828 0.0077 0.0043 
          55  1 0.0190 0.0086 0.9634 0.0090 
          59  1 0.0099 0.2955 0.6862 0.0083 
          60  1 0.4216 0.1154 0.0149 0.4480 
          61  1 0.0332 0.0086 0.0078 0.9504 
          62  1 0.0289 0.0188 0.0189 0.9334 
          65  1 0.0222 0.9591 0.0071 0.0116 
          73  1 0.9634 0.0101 0.0204 0.0061 
          75  1 0.0512 0.0251 0.0081 0.9156 
          76  1 0.0073 0.0044 0.0051 0.9832 
          77  1 0.0054 0.0065 0.0056 0.9824 
          78  1 0.8314 0.0142 0.0104 0.1440 
          79  1 0.0435 0.0092 0.0042 0.9432 
          84  1 0.0189 0.0113 0.9361 0.0338 
          85  1 0.0173 0.0255 0.9464 0.0108 
          86  1 0.0344 0.0329 0.9123 0.0203 
          89  1 0.0239 0.0508 0.8370 0.0883 
          94  1 0.0048 0.2193 0.7653 0.0106 
          95  1 0.0151 0.3809 0.5890 0.0150 
          96  1 0.0066 0.0054 0.9815 0.0066 
          98  1 0.8563 0.0081 0.0089 0.1267 
         102  1 0.0120 0.9494 0.0186 0.0199 
         105  1 0.9818 0.0080 0.0053 0.0049 
         106  1 0.1881 0.0978 0.0553 0.6588 
         108  1 0.9142 0.0511 0.0094 0.0253 
         109  1 0.9738 0.0058 0.0096 0.0108 
         112  1 0.0164 0.0352 0.1000 0.8484 
         115  1 0.0429 0.9076 0.0357 0.0138 
         116  1 0.0210 0.0259 0.9420 0.0112 
         117  1 0.0135 0.0089 0.9618 0.0158 
         129  1 0.0046 0.0056 0.9862 0.0036 
         132  1 0.2589 0.5097 0.0539 0.1775 
         133  1 0.8293 0.0074 0.0065 0.1569 
         137  1 0.0181 0.0117 0.0119 0.9583 
         139  1 0.0203 0.0322 0.0157 0.9318 
         140  1 0.9751 0.0070 0.0065 0.0114 
         142  1 0.0103 0.0069 0.0075 0.9753 
         144  1 0.9861 0.0047 0.0042 0.0050 
         145  1 0.0154 0.0070 0.0064 0.9713 
         147  1 0.9790 0.0059 0.0057 0.0094 
         160  1 0.0064 0.0409 0.9445 0.0082 
        162*  1 0.0064 0.0054 0.9809 0.0073 
         166  1 0.6308 0.0130 0.0101 0.3462 
         177  1 0.0044 0.0048 0.0050 0.9858 
         178  1 0.0980 0.0168 0.0212 0.8640 
         186  1 0.0074 0.0098 0.9749 0.0079 
         189  1 0.0043 0.0093 0.9745 0.0120 
         190  1 0.0069 0.0075 0.9774 0.0082 
         191  1 0.0184 0.0078 0.9604 0.0134 
         193  1 0.0222 0.0140 0.0272 0.9366 
         202  1 0.0177 0.0978 0.8513 0.0333 
         204  1 0.0040 0.0048 0.9877 0.0035 
         211  1 0.6845 0.0619 0.0347 0.2188 
         216  1 0.9413 0.0066 0.0053 0.0467 
         222  1 0.9116 0.0498 0.0098 0.0288 
         224  1 0.0120 0.0146 0.9644 0.0090 
         226  1 0.0091 0.4031 0.5732 0.0146 
         229  1 0.0395 0.0436 0.8983 0.0186 
         230  1 0.0126 0.0177 0.9422 0.0275 
         232  1 0.0264 0.0228 0.8488 0.1019 
         238  1 0.0223 0.7989 0.0235 0.1553 
         242  1 0.0074 0.9829 0.0051 0.0046 
         243  1 0.0605 0.8945 0.0153 0.0297 
         244  1 0.0101 0.8038 0.0113 0.1748 
         251  1 0.0261 0.8848 0.0426 0.0464 
         266  1 0.0277 0.1567 0.0163 0.7994 
         267  1 0.9407 0.0163 0.0299 0.0131 
         268  1 0.7835 0.0099 0.0087 0.1979 
         270  1 0.0115 0.0192 0.9609 0.0085 
         276  1 0.0539 0.0119 0.9147 0.0195 
         298  1 0.9163 0.0083 0.0072 0.0681 
         306  1 0.2239 0.0318 0.0074 0.7369 
         308  1 0.2227 0.0340 0.0142 0.7291 
         311  1 0.6854 0.1891 0.0267 0.0987 
         323  1 0.0110 0.3167 0.6587 0.0136 
         327  1 0.0111 0.0102 0.9722 0.0065 
         334  1 0.0381 0.9369 0.0079 0.0171 
         338  1 0.9128 0.0148 0.0187 0.0537 
         341  1 0.0171 0.3185 0.6203 0.0441 
         346  1 0.0190 0.0078 0.0118 0.9614 
         348  1 0.8414 0.0169 0.0074 0.1342 
         351  1 0.0158 0.9406 0.0153 0.0283 
         362  1 0.0056 0.0054 0.9843 0.0047 
         364  1 0.0114 0.9672 0.0060 0.0153 
         366  1 0.0325 0.9266 0.0270 0.0139 
         376  1 0.0076 0.0120 0.9661 0.0143 
         377  1 0.1781 0.0337 0.7184 0.0698 
         378  1 0.0147 0.0078 0.9277 0.0498 
         388  1 0.9658 0.0117 0.0115 0.0110 
         391  1 0.1153 0.1139 0.4442 0.3265 
         401  1 0.0152 0.2475 0.5560 0.1814 
         406  1 0.7545 0.0694 0.0277 0.1484 
         412  1 0.7642 0.0212 0.0389 0.1758 
         413  1 0.0234 0.0199 0.0094 0.9473 
         421  1 0.0544 0.0430 0.7361 0.1665 
         423  1 0.0753 0.2226 0.6427 0.0594 
         424  1 0.1517 0.0989 0.0527 0.6966 
         426  1 0.0215 0.0180 0.9138 0.0467 
         430  1 0.1052 0.0134 0.0366 0.8449 
         435  1 0.0241 0.0044 0.0051 0.9665 
         476  1 0.0068 0.0743 0.9044 0.0145 
         478  1 0.0070 0.0148 0.9726 0.0056 
         484  1 0.9521 0.0055 0.0070 0.0354 
         489  1 0.2945 0.0571 0.5228 0.1256 
         493  1 0.0062 0.9777 0.0089 0.0071 
         494  1 0.0055 0.9704 0.0163 0.0078 
         500  1 0.0042 0.0095 0.9821 0.0042 
         504  1 0.9363 0.0217 0.0315 0.0106 
         506  1 0.9581 0.0061 0.0304 0.0054 
