          1*  1 0.1086 0.8914 
           3  1 0.9854 0.0146 
           6  1 0.9631 0.0369 
           8  1 0.9896 0.0104 
          10  1 0.9909 0.0091 
          11  1 0.8842 0.1158 
          12  1 0.9789 0.0211 
          16  1 0.9901 0.0099 
          18  1 0.9728 0.0272 
          19  1 0.1383 0.8617 
          21  1 0.9870 0.0130 
          23  1 0.4820 0.5180 
          24  1 0.9726 0.0274 
          25  1 0.9157 0.0843 
         26*  1 0.9942 0.0058 
          28  1 0.9921 0.0079 
          29  1 0.9900 0.0100 
          30  1 0.8719 0.1281 
          33  1 0.0151 0.9849 
          37  1 0.9491 0.0509 
          38  1 0.9615 0.0385 
          43  1 0.9918 0.0082 
          44  1 0.9859 0.0141 
          48  1 0.9702 0.0298 
          55  1 0.9790 0.0210 
          59  1 0.9888 0.0112 
          60  1 0.0126 0.9874 
          61  1 0.0117 0.9883 
          62  1 0.0494 0.9506 
          65  1 0.4348 0.5652 
          73  1 0.0263 0.9737 
          75  1 0.0118 0.9882 
          76  1 0.0087 0.9913 
          77  1 0.0146 0.9854 
          78  1 0.0094 0.9906 
          79  1 0.0065 0.9935 
          84  1 0.9606 0.0394 
          85  1 0.9706 0.0294 
          86  1 0.9485 0.0515 
          89  1 0.9417 0.0583 
          94  1 0.9924 0.0076 
          95  1 0.9773 0.0227 
          96  1 0.9895 0.0105 
          98  1 0.0106 0.9894 
         102  1 0.9093 0.0907 
         105  1 0.0097 0.9903 
         106  1 0.0436 0.9564 
         108  1 0.0132 0.9868 
         109  1 0.0226 0.9774 
         112  1 0.2808 0.7192 
         115  1 0.7297 0.2703 
         116  1 0.9799 0.0201 
         117  1 0.9756 0.0244 
         129  1 0.9937 0.0063 
         132  1 0.0776 0.9224 
         133  1 0.0084 0.9916 
         137  1 0.0273 0.9727 
         139  1 0.0230 0.9770 
         140  1 0.0132 0.9868 
         142  1 0.0141 0.9859 
         144  1 0.0076 0.9924 
         145  1 0.0165 0.9835 
         147  1 0.0073 0.9927 
         160  1 0.9881 0.0119 
        162*  1 0.9887 0.0113 
         166  1 0.0113 0.9887 
         177  1 0.0113 0.9887 
         178  1 0.0150 0.9850 
         186  1 0.9889 0.0111 
         189  1 0.9901 0.0099 
         190  1 0.9885 0.0115 
         191  1 0.9811 0.0189 
         193  1 0.1006 0.8994 
         202  1 0.9627 0.0373 
         204  1 0.9949 0.0051 
         211  1 0.0274 0.9726 
         216  1 0.0084 0.9916 
         222  1 0.0144 0.9856 
         224  1 0.9815 0.0185 
         226  1 0.9808 0.0192 
         229  1 0.9254 0.0746 
         230  1 0.9742 0.0258 
         232  1 0.9508 0.0492 
         238  1 0.0783 0.9217 
         242  1 0.0718 0.9282 
         243  1 0.0821 0.9179 
         244  1 0.0370 0.9630 
         251  1 0.1454 0.8546 
         266  1 0.0408 0.9592 
         267  1 0.0412 0.9588 
         268  1 0.0097 0.9903 
         270  1 0.9881 0.0119 
         276  1 0.9629 0.0371 
         298  1 0.0091 0.9909 
         306  1 0.0080 0.9920 
         308  1 0.0111 0.9889 
         311  1 0.0176 0.9824 
         323  1 0.9844 0.0156 
         327  1 0.9897 0.0103 
         334  1 0.0924 0.9076 
         338  1 0.0230 0.9770 
         341  1 0.9429 0.0571 
         346  1 0.0190 0.9810 
         348  1 0.0092 0.9908 
         351  1 0.0921 0.9079 
         362  1 0.9927 0.0073 
         364  1 0.0539 0.9461 
         366  1 0.3098 0.6902 
         376  1 0.9857 0.0143 
         377  1 0.6970 0.3030 
         378  1 0.9515 0.0485 
         388  1 0.0157 0.9843 
         391  1 0.4531 0.5469 
         401  1 0.8197 0.1803 
         406  1 0.0432 0.9568 
         412  1 0.0680 0.9320 
         413  1 0.0149 0.9851 
         421  1 0.9337 0.0663 
         423  1 0.9142 0.0858 
         424  1 0.0365 0.9635 
         426  1 0.9583 0.0417 
         430  1 0.0344 0.9656 
         435  1 0.0101 0.9899 
         476  1 0.9866 0.0134 
         478  1 0.9907 0.0093 
         484  1 0.0081 0.9919 
         489  1 0.4570 0.5430 
         493  1 0.8883 0.1117 
         494  1 0.9558 0.0442 
         500  1 0.9942 0.0058 
         504  1 0.0333 0.9667 
         506  1 0.1043 0.8957 
