

----------------------------------------------------
STRUCTURE by Pritchard, Stephens and Donnelly (2000)
     and Falush, Stephens and Pritchard (2003)
       Code by Pritchard, Falush and Hubisz
             Version 2.3.4 (Jul 2012)
----------------------------------------------------



Command line arguments:   bin\structure -m M:\STRUCTURE\Squirrel_132_ID_16L_20250816\10k_Burnin_100k_MCMC\mainparams -e M:\STRUCTURE\Squirrel_132_ID_16L_20250816\10k_Burnin_100k_MCMC\extraparams 
Input File:    M:\STRUCTURE\Squirrel_132_ID_16L_20250816\project_data

Run parameters:
   132 individuals
   16 loci
   10 populations assumed
   10000 Burn-in period
   100000 Reps


--------------------------------------------
Proportion of membership of each pre-defined
 population in each of the 10 clusters

Given    Inferred Clusters                                                        Number of
 Pop       1      2      3      4      5      6      7      8      9     10      Individuals

  1:     0.090  0.102  0.097  0.108  0.104  0.076  0.125  0.103  0.102  0.093      132
--------------------------------------------

Allele-freq. divergence among pops (Net nucleotide distance),
computed using point estimates of P.

      1       2       3       4       5       6       7       8       9      10      
 1      -    0.0234  0.0845  0.0424  0.0769  0.0713  0.0617  0.0675  0.0312  0.0523  
 2   0.0234     -    0.1183  0.0930  0.1110  0.1168  0.0735  0.1087  0.0682  0.1013  
 3   0.0845  0.1183     -    0.1549  0.1879  0.1838  0.1317  0.1105  0.0995  0.1561  
 4   0.0424  0.0930  0.1549     -    0.1043  0.1060  0.0988  0.0953  0.0828  0.0855  
 5   0.0769  0.1110  0.1879  0.1043     -    0.1295  0.1486  0.1756  0.0985  0.1459  
 6   0.0713  0.1168  0.1838  0.1060  0.1295     -    0.1434  0.1297  0.0848  0.0964  
 7   0.0617  0.0735  0.1317  0.0988  0.1486  0.1434     -    0.1167  0.0923  0.1305  
 8   0.0675  0.1087  0.1105  0.0953  0.1756  0.1297  0.1167     -    0.0932  0.1154  
 9   0.0312  0.0682  0.0995  0.0828  0.0985  0.0848  0.0923  0.0932     -    0.0944  
10   0.0523  0.1013  0.1561  0.0855  0.1459  0.0964  0.1305  0.1154  0.0944     -    

Average distances (expected heterozygosity) between individuals in same cluster:
cluster  1  : 0.6596 
cluster  2  : 0.6158 
cluster  3  : 0.4281 
cluster  4  : 0.5299 
cluster  5  : 0.4992 
cluster  6  : 0.4568 
cluster  7  : 0.4525 
cluster  8  : 0.4435 
cluster  9  : 0.5665 
cluster 10  : 0.5780 

--------------------------------------------
Estimated Ln Prob of Data   = -4660.5
Mean value of ln likelihood = -4324.5
Variance of ln likelihood   = 672.0
Mean value of alpha         = 0.0496

Mean value of lambda        = 0.9740

Mean value of Fst_1         = 0.0072
Mean value of Fst_2         = 0.1186
Mean value of Fst_3         = 0.3484
Mean value of Fst_4         = 0.2593
Mean value of Fst_5         = 0.3079
Mean value of Fst_6         = 0.3362
Mean value of Fst_7         = 0.3220
Mean value of Fst_8         = 0.3224
Mean value of Fst_9         = 0.1990
Mean value of Fst_10         = 0.2248


Inferred ancestry of individuals:
        Label (%Miss) Pop:  Inferred clusters (and 90% probability intervals)
  1       1*    (0)    1 :  0.058 0.650 0.010 0.198 0.013 0.010 0.015 0.034 0.008 0.005     (0.000,0.470) (0.097,0.994) (0.000,0.064) (0.000,0.589) (0.000,0.073) (0.000,0.062) (0.000,0.097) (0.000,0.239) (0.000,0.044) (0.000,0.029) 
  2        3    (0)    1 :  0.006 0.006 0.006 0.008 0.008 0.008 0.943 0.006 0.006 0.005     (0.000,0.033) (0.000,0.032) (0.000,0.035) (0.000,0.044) (0.000,0.050) (0.000,0.045) (0.776,1.000) (0.000,0.032) (0.000,0.036) (0.000,0.025) 
  3        6    (0)    1 :  0.012 0.006 0.021 0.044 0.017 0.013 0.843 0.013 0.016 0.014     (0.000,0.073) (0.000,0.033) (0.000,0.151) (0.000,0.301) (0.000,0.117) (0.000,0.084) (0.490,1.000) (0.000,0.082) (0.000,0.101) (0.000,0.085) 
  4        8    (0)    1 :  0.018 0.016 0.512 0.005 0.016 0.007 0.007 0.027 0.388 0.004     (0.000,0.107) (0.000,0.106) (0.000,0.840) (0.000,0.030) (0.000,0.110) (0.000,0.039) (0.000,0.041) (0.000,0.187) (0.000,0.821) (0.000,0.020) 
  5       10    (0)    1 :  0.008 0.006 0.199 0.005 0.004 0.004 0.007 0.754 0.007 0.005     (0.000,0.046) (0.000,0.036) (0.000,0.579) (0.000,0.029) (0.000,0.020) (0.000,0.024) (0.000,0.042) (0.372,0.999) (0.000,0.039) (0.000,0.028) 
  6       11    (0)    1 :  0.603 0.105 0.011 0.041 0.009 0.014 0.030 0.014 0.144 0.028     (0.000,0.999) (0.000,0.708) (0.000,0.064) (0.000,0.294) (0.000,0.050) (0.000,0.081) (0.000,0.224) (0.000,0.093) (0.000,0.812) (0.000,0.203) 
  7       12    (0)    1 :  0.007 0.005 0.013 0.011 0.005 0.008 0.006 0.935 0.006 0.005     (0.000,0.040) (0.000,0.027) (0.000,0.086) (0.000,0.065) (0.000,0.031) (0.000,0.049) (0.000,0.033) (0.747,1.000) (0.000,0.032) (0.000,0.026) 
  8       16    (6)    1 :  0.008 0.007 0.016 0.007 0.005 0.009 0.918 0.012 0.012 0.006     (0.000,0.048) (0.000,0.037) (0.000,0.108) (0.000,0.043) (0.000,0.029) (0.000,0.054) (0.689,1.000) (0.000,0.073) (0.000,0.075) (0.000,0.036) 
  9       18    (0)    1 :  0.009 0.937 0.006 0.004 0.006 0.007 0.008 0.006 0.012 0.004     (0.000,0.052) (0.752,1.000) (0.000,0.037) (0.000,0.023) (0.000,0.033) (0.000,0.045) (0.000,0.049) (0.000,0.034) (0.000,0.076) (0.000,0.021) 
 10       19    (0)    1 :  0.734 0.095 0.025 0.009 0.015 0.011 0.015 0.010 0.029 0.056     (0.000,1.000) (0.000,0.683) (0.000,0.179) (0.000,0.050) (0.000,0.094) (0.000,0.066) (0.000,0.097) (0.000,0.062) (0.000,0.204) (0.000,0.365) 
 11       21    (6)    1 :  0.011 0.007 0.028 0.009 0.006 0.013 0.893 0.009 0.015 0.008     (0.000,0.063) (0.000,0.038) (0.000,0.184) (0.000,0.057) (0.000,0.038) (0.000,0.086) (0.630,1.000) (0.000,0.058) (0.000,0.095) (0.000,0.048) 
 12       23    (6)    1 :  0.040 0.011 0.036 0.171 0.012 0.111 0.013 0.573 0.012 0.022     (0.000,0.276) (0.000,0.065) (0.000,0.251) (0.000,0.755) (0.000,0.074) (0.000,0.488) (0.000,0.084) (0.000,0.983) (0.000,0.071) (0.000,0.154) 
 13       24    (6)    1 :  0.367 0.052 0.084 0.018 0.007 0.010 0.016 0.396 0.018 0.032     (0.000,0.992) (0.000,0.356) (0.000,0.426) (0.000,0.116) (0.000,0.041) (0.000,0.059) (0.000,0.111) (0.000,0.959) (0.000,0.108) (0.000,0.214) 
 14       25    (6)    1 :  0.052 0.012 0.012 0.167 0.008 0.022 0.031 0.602 0.089 0.006     (0.000,0.371) (0.000,0.074) (0.000,0.079) (0.000,0.648) (0.000,0.044) (0.000,0.155) (0.000,0.216) (0.055,0.986) (0.000,0.404) (0.000,0.034) 
 15      26*    (0)    1 :  0.036 0.017 0.479 0.012 0.006 0.006 0.233 0.171 0.036 0.005     (0.000,0.257) (0.000,0.112) (0.000,0.957) (0.000,0.078) (0.000,0.032) (0.000,0.035) (0.000,0.647) (0.000,0.593) (0.000,0.241) (0.000,0.026) 
 16       28    (0)    1 :  0.014 0.008 0.065 0.015 0.007 0.007 0.116 0.340 0.423 0.006     (0.000,0.080) (0.000,0.046) (0.000,0.381) (0.000,0.097) (0.000,0.040) (0.000,0.040) (0.000,0.558) (0.000,0.989) (0.000,0.994) (0.000,0.033) 
 17       29    (0)    1 :  0.012 0.013 0.155 0.006 0.005 0.005 0.006 0.782 0.010 0.006     (0.000,0.068) (0.000,0.086) (0.000,0.594) (0.000,0.034) (0.000,0.027) (0.000,0.030) (0.000,0.032) (0.347,1.000) (0.000,0.059) (0.000,0.034) 
 18       30    (0)    1 :  0.058 0.017 0.295 0.032 0.297 0.007 0.117 0.132 0.037 0.008     (0.000,0.474) (0.000,0.113) (0.000,0.703) (0.000,0.236) (0.000,0.625) (0.000,0.035) (0.000,0.579) (0.000,0.682) (0.000,0.255) (0.000,0.046) 
 19       33    (0)    1 :  0.120 0.721 0.006 0.021 0.013 0.005 0.007 0.006 0.005 0.097     (0.000,0.924) (0.000,0.999) (0.000,0.037) (0.000,0.152) (0.000,0.084) (0.000,0.029) (0.000,0.040) (0.000,0.033) (0.000,0.027) (0.000,0.418) 
 20       37    (0)    1 :  0.015 0.890 0.006 0.011 0.006 0.009 0.013 0.032 0.009 0.010     (0.000,0.088) (0.611,1.000) (0.000,0.036) (0.000,0.069) (0.000,0.033) (0.000,0.052) (0.000,0.083) (0.000,0.229) (0.000,0.055) (0.000,0.063) 
 21       38    (0)    1 :  0.024 0.903 0.013 0.004 0.004 0.005 0.011 0.017 0.013 0.005     (0.000,0.148) (0.640,1.000) (0.000,0.089) (0.000,0.022) (0.000,0.025) (0.000,0.031) (0.000,0.068) (0.000,0.118) (0.000,0.085) (0.000,0.030) 
 22       43    (0)    1 :  0.015 0.011 0.033 0.015 0.006 0.005 0.042 0.791 0.075 0.008     (0.000,0.090) (0.000,0.067) (0.000,0.229) (0.000,0.102) (0.000,0.033) (0.000,0.030) (0.000,0.266) (0.433,1.000) (0.000,0.405) (0.000,0.045) 
 23       44    (0)    1 :  0.016 0.008 0.031 0.007 0.033 0.020 0.198 0.008 0.675 0.005     (0.000,0.090) (0.000,0.044) (0.000,0.210) (0.000,0.040) (0.000,0.252) (0.000,0.136) (0.000,0.607) (0.000,0.045) (0.001,0.999) (0.000,0.026) 
 24       48    (0)    1 :  0.008 0.941 0.005 0.004 0.006 0.006 0.012 0.006 0.007 0.004     (0.000,0.045) (0.767,1.000) (0.000,0.031) (0.000,0.024) (0.000,0.032) (0.000,0.036) (0.000,0.078) (0.000,0.035) (0.000,0.038) (0.000,0.022) 
 25       55    (0)    1 :  0.039 0.011 0.074 0.061 0.013 0.008 0.237 0.011 0.535 0.010     (0.000,0.277) (0.000,0.065) (0.000,0.391) (0.000,0.358) (0.000,0.085) (0.000,0.048) (0.000,0.709) (0.000,0.072) (0.005,0.967) (0.000,0.060) 
 26       59    (0)    1 :  0.006 0.007 0.006 0.007 0.006 0.005 0.948 0.004 0.008 0.004     (0.000,0.035) (0.000,0.043) (0.000,0.031) (0.000,0.039) (0.000,0.040) (0.000,0.025) (0.798,1.000) (0.000,0.023) (0.000,0.044) (0.000,0.021) 
 27       60    (0)    1 :  0.012 0.009 0.004 0.901 0.007 0.008 0.009 0.033 0.005 0.011     (0.000,0.069) (0.000,0.056) (0.000,0.024) (0.631,1.000) (0.000,0.038) (0.000,0.048) (0.000,0.053) (0.000,0.228) (0.000,0.030) (0.000,0.066) 
 28       61    (0)    1 :  0.023 0.009 0.008 0.251 0.060 0.189 0.018 0.009 0.015 0.419     (0.000,0.142) (0.000,0.056) (0.000,0.047) (0.000,0.830) (0.000,0.360) (0.000,0.767) (0.000,0.123) (0.000,0.051) (0.000,0.092) (0.000,0.944) 
 29       62    (0)    1 :  0.054 0.023 0.007 0.071 0.017 0.548 0.014 0.075 0.071 0.119     (0.000,0.409) (0.000,0.167) (0.000,0.039) (0.000,0.458) (0.000,0.119) (0.000,0.992) (0.000,0.087) (0.000,0.456) (0.000,0.473) (0.000,0.631) 
 30       65    (0)    1 :  0.201 0.696 0.009 0.022 0.025 0.007 0.006 0.008 0.012 0.015     (0.000,0.980) (0.000,0.999) (0.000,0.058) (0.000,0.155) (0.000,0.168) (0.000,0.042) (0.000,0.032) (0.000,0.052) (0.000,0.071) (0.000,0.104) 
 31       73    (0)    1 :  0.012 0.007 0.006 0.044 0.750 0.014 0.006 0.134 0.021 0.005     (0.000,0.074) (0.000,0.043) (0.000,0.035) (0.000,0.324) (0.393,0.999) (0.000,0.096) (0.000,0.035) (0.000,0.470) (0.000,0.145) (0.000,0.029) 
 32       75    (0)    1 :  0.015 0.011 0.010 0.005 0.039 0.006 0.009 0.005 0.008 0.893     (0.000,0.093) (0.000,0.072) (0.000,0.069) (0.000,0.031) (0.000,0.242) (0.000,0.032) (0.000,0.056) (0.000,0.028) (0.000,0.047) (0.630,1.000) 
 33       76    (0)    1 :  0.009 0.005 0.004 0.012 0.006 0.038 0.007 0.013 0.007 0.900     (0.000,0.048) (0.000,0.025) (0.000,0.025) (0.000,0.079) (0.000,0.031) (0.000,0.279) (0.000,0.042) (0.000,0.087) (0.000,0.042) (0.577,1.000) 
 34       77    (0)    1 :  0.010 0.008 0.005 0.143 0.004 0.012 0.007 0.010 0.006 0.794     (0.000,0.058) (0.000,0.046) (0.000,0.025) (0.000,0.863) (0.000,0.025) (0.000,0.075) (0.000,0.039) (0.000,0.061) (0.000,0.034) (0.022,1.000) 
 35       78    (0)    1 :  0.039 0.014 0.009 0.033 0.448 0.027 0.008 0.014 0.025 0.383     (0.000,0.279) (0.000,0.087) (0.000,0.052) (0.000,0.241) (0.000,0.936) (0.000,0.198) (0.000,0.045) (0.000,0.093) (0.000,0.183) (0.000,0.893) 
 36       79    (0)    1 :  0.050 0.012 0.007 0.010 0.072 0.087 0.005 0.005 0.011 0.741     (0.000,0.319) (0.000,0.074) (0.000,0.042) (0.000,0.055) (0.000,0.385) (0.000,0.709) (0.000,0.032) (0.000,0.030) (0.000,0.072) (0.000,1.000) 
 37       84    (0)    1 :  0.051 0.011 0.076 0.032 0.016 0.148 0.506 0.065 0.084 0.013     (0.000,0.356) (0.000,0.063) (0.000,0.341) (0.000,0.238) (0.000,0.106) (0.000,0.523) (0.000,0.890) (0.000,0.415) (0.000,0.517) (0.000,0.078) 
 38       85    (0)    1 :  0.034 0.011 0.062 0.010 0.012 0.010 0.011 0.008 0.836 0.006     (0.000,0.206) (0.000,0.063) (0.000,0.419) (0.000,0.057) (0.000,0.080) (0.000,0.063) (0.000,0.067) (0.000,0.047) (0.288,1.000) (0.000,0.035) 
 39       86    (0)    1 :  0.228 0.010 0.184 0.012 0.016 0.013 0.009 0.015 0.502 0.012     (0.000,0.960) (0.000,0.060) (0.000,0.724) (0.000,0.073) (0.000,0.114) (0.000,0.078) (0.000,0.054) (0.000,0.101) (0.000,0.992) (0.000,0.070) 
 40       89    (0)    1 :  0.048 0.018 0.010 0.038 0.009 0.153 0.484 0.201 0.022 0.016     (0.000,0.346) (0.000,0.126) (0.000,0.059) (0.000,0.268) (0.000,0.048) (0.000,0.552) (0.000,0.839) (0.000,0.629) (0.000,0.154) (0.000,0.110) 
 41       94    (0)    1 :  0.011 0.037 0.007 0.007 0.005 0.009 0.013 0.890 0.015 0.006     (0.000,0.065) (0.000,0.262) (0.000,0.041) (0.000,0.042) (0.000,0.028) (0.000,0.052) (0.000,0.091) (0.604,1.000) (0.000,0.102) (0.000,0.033) 
 42       95    (0)    1 :  0.009 0.014 0.011 0.015 0.009 0.005 0.915 0.005 0.011 0.006     (0.000,0.053) (0.000,0.091) (0.000,0.074) (0.000,0.098) (0.000,0.057) (0.000,0.029) (0.681,1.000) (0.000,0.030) (0.000,0.063) (0.000,0.031) 
 43       96    (0)    1 :  0.006 0.005 0.938 0.005 0.006 0.010 0.004 0.007 0.014 0.006     (0.000,0.033) (0.000,0.026) (0.759,1.000) (0.000,0.026) (0.000,0.032) (0.000,0.063) (0.000,0.023) (0.000,0.039) (0.000,0.091) (0.000,0.036) 
 44       98    (0)    1 :  0.017 0.006 0.007 0.786 0.104 0.029 0.006 0.010 0.008 0.027     (0.000,0.088) (0.000,0.032) (0.000,0.041) (0.000,1.000) (0.000,0.859) (0.000,0.195) (0.000,0.032) (0.000,0.057) (0.000,0.044) (0.000,0.158) 
 45      102    (0)    1 :  0.576 0.302 0.005 0.016 0.009 0.018 0.030 0.025 0.009 0.011     (0.000,0.999) (0.000,0.961) (0.000,0.030) (0.000,0.112) (0.000,0.057) (0.000,0.123) (0.000,0.219) (0.000,0.175) (0.000,0.050) (0.000,0.069) 
 46      105    (0)    1 :  0.005 0.007 0.004 0.005 0.956 0.005 0.005 0.005 0.004 0.004     (0.000,0.030) (0.000,0.044) (0.000,0.023) (0.000,0.026) (0.827,1.000) (0.000,0.030) (0.000,0.028) (0.000,0.027) (0.000,0.024) (0.000,0.021) 
 47      106    (0)    1 :  0.197 0.021 0.006 0.019 0.098 0.095 0.072 0.005 0.093 0.394     (0.000,0.951) (0.000,0.148) (0.000,0.034) (0.000,0.125) (0.000,0.488) (0.000,0.484) (0.000,0.369) (0.000,0.027) (0.000,0.445) (0.000,0.895) 
 48      108    (0)    1 :  0.043 0.051 0.009 0.036 0.797 0.007 0.007 0.009 0.010 0.031     (0.000,0.294) (0.000,0.320) (0.000,0.055) (0.000,0.224) (0.467,0.999) (0.000,0.043) (0.000,0.042) (0.000,0.052) (0.000,0.063) (0.000,0.217) 
 49      109    (0)    1 :  0.084 0.009 0.038 0.221 0.530 0.025 0.016 0.009 0.013 0.054     (0.000,0.605) (0.000,0.052) (0.000,0.244) (0.000,0.906) (0.000,0.997) (0.000,0.170) (0.000,0.114) (0.000,0.054) (0.000,0.080) (0.000,0.330) 
 50      112    (0)    1 :  0.237 0.018 0.032 0.124 0.009 0.177 0.012 0.047 0.247 0.097     (0.000,0.973) (0.000,0.115) (0.000,0.230) (0.000,0.597) (0.000,0.051) (0.000,0.748) (0.000,0.077) (0.000,0.340) (0.000,0.869) (0.000,0.596) 
 51      115    (0)    1 :  0.624 0.161 0.006 0.053 0.022 0.008 0.016 0.064 0.026 0.020     (0.000,1.000) (0.000,0.872) (0.000,0.029) (0.000,0.372) (0.000,0.157) (0.000,0.041) (0.000,0.109) (0.000,0.384) (0.000,0.170) (0.000,0.143) 
 52      116    (0)    1 :  0.035 0.017 0.151 0.005 0.012 0.018 0.009 0.020 0.727 0.006     (0.000,0.234) (0.000,0.112) (0.000,0.589) (0.000,0.027) (0.000,0.076) (0.000,0.125) (0.000,0.056) (0.000,0.135) (0.179,0.999) (0.000,0.034) 
 53      117    (0)    1 :  0.030 0.013 0.272 0.076 0.013 0.027 0.294 0.238 0.017 0.020     (0.000,0.187) (0.000,0.082) (0.000,0.704) (0.000,0.471) (0.000,0.084) (0.000,0.195) (0.000,0.824) (0.000,0.959) (0.000,0.104) (0.000,0.134) 
 54      129    (0)    1 :  0.010 0.009 0.724 0.007 0.005 0.005 0.161 0.009 0.066 0.004     (0.000,0.062) (0.000,0.053) (0.380,0.997) (0.000,0.043) (0.000,0.025) (0.000,0.029) (0.000,0.500) (0.000,0.053) (0.000,0.383) (0.000,0.025) 
 55      132    (0)    1 :  0.049 0.052 0.005 0.648 0.011 0.013 0.026 0.172 0.012 0.012     (0.000,0.345) (0.000,0.338) (0.000,0.029) (0.047,0.997) (0.000,0.059) (0.000,0.078) (0.000,0.186) (0.000,0.616) (0.000,0.073) (0.000,0.077) 
 56      133    (0)    1 :  0.014 0.006 0.004 0.800 0.094 0.026 0.006 0.008 0.007 0.038     (0.000,0.061) (0.000,0.031) (0.000,0.020) (0.000,1.000) (0.000,0.767) (0.000,0.160) (0.000,0.034) (0.000,0.043) (0.000,0.038) (0.000,0.250) 
 57      137    (6)    1 :  0.025 0.010 0.008 0.465 0.008 0.024 0.015 0.018 0.017 0.409     (0.000,0.154) (0.000,0.063) (0.000,0.045) (0.000,0.987) (0.000,0.047) (0.000,0.157) (0.000,0.093) (0.000,0.123) (0.000,0.120) (0.000,0.980) 
 58      139    (0)    1 :  0.014 0.011 0.019 0.006 0.009 0.007 0.009 0.008 0.011 0.905     (0.000,0.089) (0.000,0.070) (0.000,0.135) (0.000,0.033) (0.000,0.057) (0.000,0.043) (0.000,0.055) (0.000,0.049) (0.000,0.067) (0.660,1.000) 
 59      140    (0)    1 :  0.019 0.009 0.011 0.122 0.714 0.047 0.021 0.006 0.011 0.040     (0.000,0.125) (0.000,0.050) (0.000,0.072) (0.000,0.590) (0.279,0.999) (0.000,0.321) (0.000,0.150) (0.000,0.034) (0.000,0.062) (0.000,0.252) 
 60      142    (0)    1 :  0.019 0.009 0.005 0.032 0.011 0.413 0.028 0.014 0.012 0.457     (0.000,0.113) (0.000,0.053) (0.000,0.025) (0.000,0.235) (0.000,0.068) (0.000,0.976) (0.000,0.206) (0.000,0.091) (0.000,0.069) (0.000,0.949) 
 61      144    (0)    1 :  0.005 0.005 0.003 0.008 0.954 0.006 0.006 0.004 0.005 0.005     (0.000,0.028) (0.000,0.026) (0.000,0.019) (0.000,0.051) (0.819,1.000) (0.000,0.035) (0.000,0.036) (0.000,0.022) (0.000,0.026) (0.000,0.028) 
 62      145    (0)    1 :  0.005 0.005 0.003 0.006 0.006 0.953 0.005 0.004 0.005 0.008     (0.000,0.029) (0.000,0.031) (0.000,0.018) (0.000,0.032) (0.000,0.036) (0.816,1.000) (0.000,0.026) (0.000,0.022) (0.000,0.030) (0.000,0.045) 
 63      147    (0)    1 :  0.013 0.008 0.006 0.009 0.866 0.012 0.004 0.005 0.017 0.059     (0.000,0.083) (0.000,0.047) (0.000,0.038) (0.000,0.058) (0.508,1.000) (0.000,0.077) (0.000,0.024) (0.000,0.027) (0.000,0.120) (0.000,0.390) 
 64      160    (0)    1 :  0.007 0.009 0.009 0.006 0.005 0.005 0.010 0.937 0.006 0.005     (0.000,0.042) (0.000,0.057) (0.000,0.056) (0.000,0.033) (0.000,0.027) (0.000,0.029) (0.000,0.064) (0.755,1.000) (0.000,0.032) (0.000,0.031) 
 65     162*    (0)    1 :  0.006 0.004 0.938 0.004 0.006 0.009 0.004 0.007 0.014 0.007     (0.000,0.036) (0.000,0.024) (0.759,1.000) (0.000,0.025) (0.000,0.035) (0.000,0.061) (0.000,0.022) (0.000,0.040) (0.000,0.090) (0.000,0.041) 
 66      166    (0)    1 :  0.009 0.006 0.006 0.911 0.015 0.007 0.019 0.006 0.008 0.014     (0.000,0.049) (0.000,0.034) (0.000,0.037) (0.659,1.000) (0.000,0.095) (0.000,0.040) (0.000,0.128) (0.000,0.032) (0.000,0.047) (0.000,0.083) 
 67      177    (0)    1 :  0.005 0.004 0.005 0.005 0.003 0.006 0.004 0.005 0.004 0.958     (0.000,0.029) (0.000,0.022) (0.000,0.032) (0.000,0.029) (0.000,0.020) (0.000,0.033) (0.000,0.025) (0.000,0.027) (0.000,0.024) (0.835,1.000) 
 68      178    (0)    1 :  0.036 0.010 0.011 0.057 0.035 0.019 0.008 0.041 0.015 0.769     (0.000,0.245) (0.000,0.062) (0.000,0.073) (0.000,0.387) (0.000,0.243) (0.000,0.120) (0.000,0.050) (0.000,0.287) (0.000,0.097) (0.333,0.999) 
 69      186    (0)    1 :  0.005 0.005 0.005 0.006 0.004 0.005 0.953 0.007 0.006 0.004     (0.000,0.028) (0.000,0.026) (0.000,0.030) (0.000,0.032) (0.000,0.024) (0.000,0.028) (0.814,1.000) (0.000,0.038) (0.000,0.034) (0.000,0.024) 
 70      189    (0)    1 :  0.011 0.007 0.052 0.004 0.004 0.011 0.007 0.016 0.879 0.008     (0.000,0.054) (0.000,0.042) (0.000,0.336) (0.000,0.023) (0.000,0.020) (0.000,0.073) (0.000,0.041) (0.000,0.116) (0.545,1.000) (0.000,0.048) 
 71      190    (0)    1 :  0.040 0.020 0.598 0.048 0.010 0.020 0.057 0.111 0.076 0.019     (0.000,0.286) (0.000,0.143) (0.001,0.963) (0.000,0.301) (0.000,0.065) (0.000,0.143) (0.000,0.348) (0.000,0.604) (0.000,0.491) (0.000,0.139) 
 72      191    (0)    1 :  0.022 0.008 0.014 0.010 0.015 0.035 0.264 0.016 0.599 0.016     (0.000,0.142) (0.000,0.046) (0.000,0.086) (0.000,0.063) (0.000,0.103) (0.000,0.248) (0.000,0.759) (0.000,0.108) (0.000,0.995) (0.000,0.112) 
 73      193    (0)    1 :  0.013 0.013 0.007 0.011 0.009 0.870 0.032 0.014 0.019 0.012     (0.000,0.082) (0.000,0.086) (0.000,0.038) (0.000,0.071) (0.000,0.057) (0.581,1.000) (0.000,0.223) (0.000,0.095) (0.000,0.126) (0.000,0.078) 
 74      202    (0)    1 :  0.309 0.020 0.299 0.024 0.008 0.042 0.007 0.269 0.016 0.006     (0.000,0.941) (0.000,0.137) (0.000,0.714) (0.000,0.167) (0.000,0.049) (0.000,0.283) (0.000,0.043) (0.000,0.732) (0.000,0.100) (0.000,0.036) 
 75      204    (0)    1 :  0.006 0.004 0.862 0.004 0.004 0.004 0.090 0.007 0.014 0.004     (0.000,0.033) (0.000,0.025) (0.536,1.000) (0.000,0.024) (0.000,0.024) (0.000,0.023) (0.000,0.418) (0.000,0.041) (0.000,0.097) (0.000,0.022) 
 76      211    (0)    1 :  0.097 0.020 0.024 0.460 0.118 0.037 0.012 0.167 0.009 0.056     (0.000,0.661) (0.000,0.137) (0.000,0.164) (0.000,0.960) (0.000,0.636) (0.000,0.261) (0.000,0.076) (0.000,0.646) (0.000,0.051) (0.000,0.304) 
 77      216    (0)    1 :  0.016 0.006 0.004 0.384 0.518 0.013 0.005 0.014 0.008 0.031     (0.000,0.102) (0.000,0.031) (0.000,0.024) (0.000,0.854) (0.006,0.991) (0.000,0.078) (0.000,0.029) (0.000,0.096) (0.000,0.049) (0.000,0.187) 
 78      222    (0)    1 :  0.048 0.032 0.004 0.036 0.429 0.019 0.007 0.005 0.410 0.011     (0.000,0.367) (0.000,0.228) (0.000,0.026) (0.000,0.256) (0.000,0.972) (0.000,0.109) (0.000,0.041) (0.000,0.026) (0.000,0.880) (0.000,0.064) 
 79      224    (0)    1 :  0.008 0.008 0.011 0.005 0.006 0.008 0.010 0.013 0.924 0.006     (0.000,0.045) (0.000,0.045) (0.000,0.061) (0.000,0.028) (0.000,0.037) (0.000,0.050) (0.000,0.059) (0.000,0.087) (0.706,1.000) (0.000,0.037) 
 80      226    (0)    1 :  0.014 0.007 0.008 0.010 0.004 0.005 0.937 0.004 0.005 0.005     (0.000,0.093) (0.000,0.045) (0.000,0.052) (0.000,0.064) (0.000,0.023) (0.000,0.025) (0.757,1.000) (0.000,0.024) (0.000,0.027) (0.000,0.029) 
 81      229    (0)    1 :  0.140 0.019 0.530 0.051 0.037 0.096 0.008 0.050 0.045 0.023     (0.000,0.795) (0.000,0.135) (0.000,0.890) (0.000,0.324) (0.000,0.264) (0.000,0.393) (0.000,0.049) (0.000,0.373) (0.000,0.322) (0.000,0.163) 
 82      230    (0)    1 :  0.060 0.012 0.742 0.012 0.016 0.011 0.018 0.020 0.050 0.058     (0.000,0.398) (0.000,0.072) (0.339,0.997) (0.000,0.081) (0.000,0.112) (0.000,0.071) (0.000,0.124) (0.000,0.135) (0.000,0.342) (0.000,0.322) 
 83      232    (0)    1 :  0.120 0.014 0.055 0.054 0.017 0.158 0.050 0.410 0.082 0.040     (0.000,0.759) (0.000,0.091) (0.000,0.354) (0.000,0.354) (0.000,0.113) (0.000,0.604) (0.000,0.321) (0.000,0.852) (0.000,0.546) (0.000,0.281) 
 84      238    (0)    1 :  0.684 0.144 0.037 0.017 0.014 0.024 0.006 0.008 0.019 0.048     (0.000,1.000) (0.000,0.788) (0.000,0.245) (0.000,0.117) (0.000,0.092) (0.000,0.166) (0.000,0.034) (0.000,0.045) (0.000,0.120) (0.000,0.324) 
 85      242    (0)    1 :  0.035 0.906 0.004 0.012 0.011 0.006 0.007 0.005 0.011 0.004     (0.000,0.164) (0.647,1.000) (0.000,0.025) (0.000,0.079) (0.000,0.069) (0.000,0.035) (0.000,0.038) (0.000,0.027) (0.000,0.063) (0.000,0.024) 
 86      243    (0)    1 :  0.350 0.367 0.007 0.173 0.018 0.014 0.025 0.010 0.012 0.023     (0.000,0.996) (0.000,0.949) (0.000,0.039) (0.000,0.635) (0.000,0.115) (0.000,0.088) (0.000,0.187) (0.000,0.058) (0.000,0.073) (0.000,0.166) 
 87      244    (0)    1 :  0.528 0.235 0.009 0.018 0.007 0.014 0.006 0.010 0.009 0.164     (0.000,0.999) (0.000,0.819) (0.000,0.054) (0.000,0.115) (0.000,0.041) (0.000,0.091) (0.000,0.037) (0.000,0.063) (0.000,0.054) (0.000,0.597) 
 88      251    (0)    1 :  0.695 0.095 0.021 0.017 0.012 0.064 0.008 0.055 0.019 0.014     (0.000,1.000) (0.000,0.652) (0.000,0.147) (0.000,0.111) (0.000,0.073) (0.000,0.420) (0.000,0.046) (0.000,0.379) (0.000,0.118) (0.000,0.090) 
 89      266    (0)    1 :  0.430 0.047 0.022 0.124 0.011 0.023 0.010 0.008 0.007 0.319     (0.000,0.995) (0.000,0.301) (0.000,0.159) (0.000,0.531) (0.000,0.066) (0.000,0.158) (0.000,0.060) (0.000,0.044) (0.000,0.040) (0.000,0.807) 
 90      267    (0)    1 :  0.045 0.022 0.131 0.212 0.504 0.016 0.035 0.009 0.010 0.016     (0.000,0.323) (0.000,0.155) (0.000,0.461) (0.000,0.754) (0.000,0.989) (0.000,0.105) (0.000,0.247) (0.000,0.057) (0.000,0.057) (0.000,0.110) 
 91      268    (0)    1 :  0.025 0.007 0.004 0.382 0.142 0.013 0.007 0.047 0.006 0.367     (0.000,0.155) (0.000,0.043) (0.000,0.024) (0.000,0.975) (0.000,0.744) (0.000,0.077) (0.000,0.038) (0.000,0.313) (0.000,0.034) (0.000,0.966) 
 92      270    (0)    1 :  0.038 0.035 0.290 0.010 0.012 0.015 0.081 0.047 0.463 0.007     (0.000,0.266) (0.000,0.263) (0.000,0.737) (0.000,0.063) (0.000,0.078) (0.000,0.099) (0.000,0.495) (0.000,0.343) (0.000,0.958) (0.000,0.041) 
 93      276    (0)    1 :  0.035 0.011 0.012 0.038 0.036 0.027 0.175 0.039 0.598 0.029     (0.000,0.235) (0.000,0.067) (0.000,0.068) (0.000,0.274) (0.000,0.260) (0.000,0.194) (0.000,0.692) (0.000,0.278) (0.000,0.998) (0.000,0.207) 
 94      298    (6)    1 :  0.025 0.012 0.005 0.063 0.694 0.020 0.019 0.015 0.012 0.136     (0.000,0.172) (0.000,0.075) (0.000,0.027) (0.000,0.418) (0.253,0.997) (0.000,0.135) (0.000,0.135) (0.000,0.102) (0.000,0.071) (0.000,0.550) 
 95      306    (0)    1 :  0.022 0.011 0.004 0.596 0.013 0.321 0.007 0.007 0.011 0.009     (0.000,0.122) (0.000,0.066) (0.000,0.022) (0.281,0.918) (0.000,0.084) (0.000,0.630) (0.000,0.038) (0.000,0.041) (0.000,0.067) (0.000,0.053) 
 96      308    (0)    1 :  0.096 0.032 0.007 0.032 0.163 0.236 0.007 0.080 0.019 0.328     (0.000,0.662) (0.000,0.226) (0.000,0.044) (0.000,0.229) (0.000,0.625) (0.000,0.736) (0.000,0.040) (0.000,0.424) (0.000,0.122) (0.000,0.879) 
 97      311    (6)    1 :  0.297 0.057 0.027 0.166 0.080 0.315 0.008 0.015 0.025 0.011     (0.000,0.989) (0.000,0.373) (0.000,0.192) (0.000,0.874) (0.000,0.556) (0.000,0.963) (0.000,0.046) (0.000,0.096) (0.000,0.148) (0.000,0.066) 
 98      323    (0)    1 :  0.006 0.010 0.009 0.005 0.007 0.006 0.942 0.004 0.007 0.005     (0.000,0.035) (0.000,0.060) (0.000,0.059) (0.000,0.028) (0.000,0.038) (0.000,0.034) (0.771,1.000) (0.000,0.024) (0.000,0.039) (0.000,0.025) 
 99      327    (0)    1 :  0.077 0.016 0.366 0.035 0.010 0.012 0.022 0.344 0.109 0.008     (0.000,0.539) (0.000,0.106) (0.000,0.769) (0.000,0.248) (0.000,0.060) (0.000,0.079) (0.000,0.152) (0.000,0.810) (0.000,0.616) (0.000,0.045) 
100      334    (0)    1 :  0.484 0.401 0.007 0.025 0.019 0.029 0.005 0.009 0.012 0.010     (0.000,0.999) (0.000,0.996) (0.000,0.041) (0.000,0.168) (0.000,0.131) (0.000,0.194) (0.000,0.028) (0.000,0.051) (0.000,0.068) (0.000,0.061) 
101      338    (0)    1 :  0.115 0.011 0.014 0.233 0.225 0.308 0.017 0.026 0.035 0.015     (0.000,0.786) (0.000,0.068) (0.000,0.094) (0.000,0.843) (0.000,0.930) (0.000,0.958) (0.000,0.115) (0.000,0.187) (0.000,0.242) (0.000,0.093) 
102      341    (0)    1 :  0.009 0.012 0.007 0.020 0.005 0.008 0.921 0.006 0.007 0.006     (0.000,0.053) (0.000,0.074) (0.000,0.040) (0.000,0.135) (0.000,0.025) (0.000,0.049) (0.702,1.000) (0.000,0.036) (0.000,0.040) (0.000,0.032) 
103      346    (0)    1 :  0.016 0.007 0.010 0.579 0.006 0.018 0.010 0.038 0.007 0.309     (0.000,0.089) (0.000,0.041) (0.000,0.062) (0.000,0.999) (0.000,0.034) (0.000,0.118) (0.000,0.059) (0.000,0.276) (0.000,0.039) (0.000,0.976) 
104      348    (0)    1 :  0.077 0.021 0.007 0.024 0.469 0.096 0.008 0.008 0.025 0.265     (0.000,0.563) (0.000,0.144) (0.000,0.041) (0.000,0.170) (0.000,0.974) (0.000,0.453) (0.000,0.049) (0.000,0.047) (0.000,0.176) (0.000,0.792) 
105      351    (0)    1 :  0.275 0.306 0.005 0.289 0.009 0.013 0.020 0.046 0.023 0.015     (0.000,0.991) (0.000,0.984) (0.000,0.029) (0.000,0.967) (0.000,0.052) (0.000,0.078) (0.000,0.137) (0.000,0.312) (0.000,0.152) (0.000,0.089) 
106      362    (0)    1 :  0.008 0.007 0.901 0.007 0.006 0.008 0.030 0.020 0.008 0.005     (0.000,0.048) (0.000,0.042) (0.649,1.000) (0.000,0.040) (0.000,0.036) (0.000,0.054) (0.000,0.210) (0.000,0.138) (0.000,0.046) (0.000,0.032) 
107      364    (0)    1 :  0.038 0.829 0.005 0.045 0.010 0.032 0.012 0.012 0.007 0.011     (0.000,0.251) (0.465,1.000) (0.000,0.029) (0.000,0.286) (0.000,0.060) (0.000,0.230) (0.000,0.074) (0.000,0.083) (0.000,0.042) (0.000,0.066) 
108      366    (0)    1 :  0.171 0.647 0.063 0.037 0.026 0.007 0.011 0.012 0.013 0.013     (0.000,0.963) (0.000,0.999) (0.000,0.363) (0.000,0.262) (0.000,0.183) (0.000,0.041) (0.000,0.069) (0.000,0.074) (0.000,0.081) (0.000,0.078) 
109      376    (0)    1 :  0.014 0.007 0.012 0.018 0.006 0.043 0.830 0.029 0.024 0.016     (0.000,0.093) (0.000,0.041) (0.000,0.080) (0.000,0.125) (0.000,0.036) (0.000,0.241) (0.525,0.999) (0.000,0.207) (0.000,0.168) (0.000,0.114) 
110      377    (6)    1 :  0.051 0.010 0.017 0.019 0.026 0.110 0.017 0.199 0.542 0.008     (0.000,0.377) (0.000,0.059) (0.000,0.108) (0.000,0.117) (0.000,0.189) (0.000,0.617) (0.000,0.111) (0.000,0.753) (0.000,0.996) (0.000,0.044) 
111      378    (0)    1 :  0.008 0.005 0.008 0.017 0.008 0.022 0.012 0.901 0.007 0.013     (0.000,0.046) (0.000,0.028) (0.000,0.047) (0.000,0.102) (0.000,0.046) (0.000,0.159) (0.000,0.076) (0.646,1.000) (0.000,0.042) (0.000,0.086) 
112      388    (0)    1 :  0.033 0.018 0.014 0.413 0.419 0.033 0.010 0.025 0.022 0.012     (0.000,0.219) (0.000,0.126) (0.000,0.093) (0.000,0.991) (0.000,0.996) (0.000,0.233) (0.000,0.064) (0.000,0.178) (0.000,0.158) (0.000,0.078) 
113      391    (0)    1 :  0.072 0.011 0.006 0.153 0.021 0.113 0.401 0.203 0.012 0.008     (0.000,0.530) (0.000,0.061) (0.000,0.036) (0.000,0.694) (0.000,0.149) (0.000,0.533) (0.000,0.790) (0.000,0.595) (0.000,0.067) (0.000,0.049) 
114      401    (0)    1 :  0.282 0.068 0.333 0.014 0.008 0.086 0.043 0.010 0.008 0.147     (0.000,0.968) (0.000,0.426) (0.000,0.695) (0.000,0.088) (0.000,0.044) (0.000,0.459) (0.000,0.323) (0.000,0.060) (0.000,0.048) (0.000,0.578) 
115      406    (0)    1 :  0.088 0.029 0.011 0.505 0.100 0.125 0.089 0.015 0.017 0.021     (0.000,0.672) (0.000,0.202) (0.000,0.074) (0.000,0.993) (0.000,0.654) (0.000,0.696) (0.000,0.519) (0.000,0.100) (0.000,0.106) (0.000,0.144) 
116      412    (6)    1 :  0.045 0.014 0.019 0.440 0.058 0.341 0.022 0.027 0.021 0.013     (0.000,0.323) (0.000,0.083) (0.000,0.136) (0.000,0.997) (0.000,0.440) (0.000,0.988) (0.000,0.153) (0.000,0.192) (0.000,0.135) (0.000,0.084) 
117      413    (0)    1 :  0.038 0.045 0.009 0.009 0.013 0.848 0.003 0.005 0.013 0.016     (0.000,0.268) (0.000,0.268) (0.000,0.059) (0.000,0.056) (0.000,0.087) (0.528,1.000) (0.000,0.018) (0.000,0.030) (0.000,0.068) (0.000,0.105) 
118      421    (0)    1 :  0.037 0.010 0.016 0.030 0.013 0.038 0.012 0.010 0.820 0.013     (0.000,0.249) (0.000,0.055) (0.000,0.111) (0.000,0.211) (0.000,0.084) (0.000,0.277) (0.000,0.081) (0.000,0.057) (0.434,1.000) (0.000,0.084) 
119      423    (0)    1 :  0.019 0.013 0.022 0.006 0.015 0.031 0.017 0.009 0.861 0.005     (0.000,0.109) (0.000,0.081) (0.000,0.157) (0.000,0.034) (0.000,0.101) (0.000,0.200) (0.000,0.120) (0.000,0.057) (0.513,1.000) (0.000,0.030) 
120      424    (0)    1 :  0.033 0.032 0.009 0.266 0.020 0.407 0.187 0.022 0.011 0.012     (0.000,0.216) (0.000,0.235) (0.000,0.055) (0.000,0.953) (0.000,0.132) (0.000,0.952) (0.000,0.695) (0.000,0.145) (0.000,0.066) (0.000,0.072) 
121      426    (0)    1 :  0.038 0.021 0.043 0.052 0.012 0.036 0.025 0.730 0.026 0.017     (0.000,0.258) (0.000,0.148) (0.000,0.275) (0.000,0.368) (0.000,0.077) (0.000,0.248) (0.000,0.172) (0.196,0.999) (0.000,0.184) (0.000,0.119) 
122      430   (12)    1 :  0.021 0.008 0.011 0.426 0.015 0.415 0.036 0.017 0.022 0.029     (0.000,0.120) (0.000,0.046) (0.000,0.063) (0.000,0.953) (0.000,0.095) (0.000,0.920) (0.000,0.260) (0.000,0.107) (0.000,0.144) (0.000,0.197) 
123      435    (0)    1 :  0.010 0.004 0.004 0.017 0.031 0.542 0.004 0.012 0.012 0.363     (0.000,0.057) (0.000,0.024) (0.000,0.021) (0.000,0.107) (0.000,0.199) (0.041,0.966) (0.000,0.024) (0.000,0.075) (0.000,0.068) (0.000,0.791) 
124      476    (0)    1 :  0.049 0.026 0.085 0.011 0.007 0.024 0.727 0.015 0.031 0.025     (0.000,0.319) (0.000,0.175) (0.000,0.407) (0.000,0.067) (0.000,0.043) (0.000,0.164) (0.381,0.992) (0.000,0.107) (0.000,0.221) (0.000,0.173) 
125      478    (0)    1 :  0.018 0.018 0.012 0.012 0.007 0.009 0.564 0.016 0.339 0.006     (0.000,0.125) (0.000,0.123) (0.000,0.073) (0.000,0.076) (0.000,0.041) (0.000,0.055) (0.000,0.946) (0.000,0.108) (0.000,0.933) (0.000,0.034) 
126      484    (0)    1 :  0.012 0.006 0.008 0.420 0.485 0.013 0.013 0.009 0.007 0.028     (0.000,0.070) (0.000,0.034) (0.000,0.048) (0.000,0.935) (0.000,0.989) (0.000,0.075) (0.000,0.082) (0.000,0.055) (0.000,0.040) (0.000,0.205) 
127      489    (0)    1 :  0.016 0.007 0.005 0.033 0.049 0.198 0.010 0.320 0.353 0.008     (0.000,0.081) (0.000,0.039) (0.000,0.028) (0.000,0.231) (0.000,0.343) (0.000,0.831) (0.000,0.059) (0.000,0.922) (0.000,0.978) (0.000,0.043) 
128      493    (0)    1 :  0.034 0.878 0.022 0.012 0.006 0.011 0.009 0.012 0.008 0.009     (0.000,0.215) (0.578,1.000) (0.000,0.147) (0.000,0.079) (0.000,0.035) (0.000,0.071) (0.000,0.053) (0.000,0.080) (0.000,0.048) (0.000,0.053) 
129      494    (0)    1 :  0.222 0.663 0.008 0.006 0.007 0.010 0.014 0.031 0.031 0.008     (0.000,0.988) (0.000,1.000) (0.000,0.047) (0.000,0.032) (0.000,0.043) (0.000,0.065) (0.000,0.095) (0.000,0.227) (0.000,0.221) (0.000,0.046) 
130      500    (0)    1 :  0.017 0.010 0.891 0.005 0.004 0.004 0.017 0.007 0.040 0.005     (0.000,0.110) (0.000,0.060) (0.584,1.000) (0.000,0.028) (0.000,0.021) (0.000,0.021) (0.000,0.117) (0.000,0.041) (0.000,0.286) (0.000,0.026) 
131      504    (0)    1 :  0.065 0.021 0.049 0.173 0.582 0.009 0.010 0.052 0.024 0.014     (0.000,0.458) (0.000,0.146) (0.000,0.287) (0.000,0.750) (0.000,0.988) (0.000,0.055) (0.000,0.061) (0.000,0.318) (0.000,0.167) (0.000,0.093) 
132      506    (0)    1 :  0.009 0.005 0.162 0.011 0.778 0.007 0.009 0.008 0.006 0.004     (0.000,0.051) (0.000,0.027) (0.000,0.484) (0.000,0.065) (0.443,1.000) (0.000,0.040) (0.000,0.054) (0.000,0.044) (0.000,0.034) (0.000,0.025) 


Estimated Allele Frequencies in each cluster
First column gives estimated ancestral frequencies


Locus 1 : Rsu3 
3 alleles
0.0% missing data
 164   (0.551) 0.559 0.566 0.817 0.547 0.375 0.230 0.487 0.631 0.474 0.670 
 166   (0.233) 0.231 0.178 0.042 0.319 0.597 0.685 0.074 0.235 0.175 0.083 
 170   (0.216) 0.210 0.256 0.140 0.134 0.028 0.085 0.439 0.134 0.352 0.247 

Locus 2 : Rsu5 
5 alleles
0.0% missing data
 137   (0.740) 0.738 0.617 0.953 0.904 0.321 0.783 0.972 0.898 0.953 0.816 
 135   (0.083) 0.081 0.133 0.007 0.055 0.012 0.099 0.013 0.053 0.016 0.034 
 139   (0.111) 0.121 0.207 0.034 0.015 0.012 0.101 0.011 0.044 0.018 0.052 
 133   (0.021) 0.019 0.031 0.002 0.002 0.002 0.002 0.001 0.002 0.003 0.003 
 131   (0.045) 0.041 0.011 0.004 0.024 0.654 0.015 0.003 0.004 0.009 0.094 

Locus 3 : Scv1 
5 alleles
0.0% missing data
 181   (0.532) 0.535 0.714 0.799 0.332 0.390 0.310 0.958 0.782 0.476 0.349 
 179   (0.185) 0.186 0.160 0.044 0.405 0.079 0.071 0.019 0.107 0.169 0.288 
 177   (0.109) 0.106 0.054 0.015 0.225 0.175 0.342 0.010 0.094 0.059 0.020 
 185   (0.145) 0.139 0.055 0.140 0.035 0.353 0.272 0.011 0.013 0.292 0.339 
 171   (0.030) 0.034 0.017 0.002 0.003 0.003 0.004 0.002 0.003 0.004 0.004 

Locus 4 : Rsu4 
9 alleles
0.0% missing data
 267   (0.197) 0.200 0.338 0.349 0.061 0.104 0.025 0.148 0.062 0.262 0.105 
 263   (0.334) 0.326 0.271 0.188 0.332 0.404 0.852 0.485 0.788 0.300 0.271 
 259   (0.053) 0.048 0.013 0.036 0.007 0.005 0.006 0.251 0.061 0.329 0.008 
 287   (0.163) 0.162 0.106 0.389 0.469 0.134 0.076 0.099 0.052 0.051 0.070 
 275   (0.041) 0.042 0.143 0.003 0.006 0.004 0.005 0.003 0.003 0.006 0.012 
 279   (0.077) 0.088 0.039 0.010 0.020 0.008 0.011 0.006 0.014 0.013 0.327 
 283   (0.070) 0.068 0.035 0.006 0.096 0.335 0.017 0.005 0.006 0.014 0.198 
 291   (0.038) 0.041 0.014 0.017 0.005 0.004 0.005 0.003 0.010 0.020 0.006 
 271   (0.026) 0.026 0.041 0.002 0.004 0.002 0.003 0.002 0.002 0.004 0.004 

Locus 5 : Rsu6 
5 alleles
0.0% missing data
 120   (0.251) 0.246 0.210 0.071 0.431 0.072 0.149 0.288 0.552 0.388 0.200 
 126   (0.629) 0.641 0.614 0.483 0.556 0.916 0.837 0.565 0.405 0.560 0.781 
 124   (0.074) 0.073 0.047 0.440 0.008 0.008 0.009 0.145 0.039 0.022 0.012 
 130   (0.025) 0.022 0.123 0.002 0.003 0.002 0.003 0.002 0.002 0.004 0.003 
 114   (0.021) 0.019 0.006 0.005 0.002 0.002 0.003 0.001 0.002 0.027 0.003 

Locus 6 : Scv12 
3 alleles
0.8% missing data
 198   (0.582) 0.587 0.761 0.124 0.565 0.397 0.872 0.719 0.410 0.548 0.632 
 196   (0.261) 0.261 0.104 0.051 0.401 0.562 0.098 0.262 0.299 0.324 0.218 
 200   (0.156) 0.152 0.135 0.824 0.033 0.042 0.030 0.019 0.291 0.128 0.150 

Locus 7 : Scv23 
3 alleles
0.8% missing data
 158   (0.533) 0.532 0.463 0.781 0.419 0.836 0.731 0.323 0.434 0.747 0.533 
 164   (0.170) 0.171 0.289 0.053 0.298 0.091 0.040 0.484 0.102 0.049 0.030 
 160   (0.296) 0.297 0.248 0.166 0.284 0.073 0.230 0.193 0.464 0.204 0.436 

Locus 8 : Scv13 
5 alleles
0.0% missing data
 182   (0.718) 0.707 0.720 0.903 0.916 0.916 0.929 0.786 0.967 0.912 0.453 
 180   (0.103) 0.108 0.093 0.072 0.014 0.010 0.017 0.188 0.017 0.059 0.018 
 172   (0.073) 0.073 0.037 0.006 0.052 0.063 0.014 0.006 0.006 0.011 0.370 
 184   (0.064) 0.067 0.137 0.015 0.012 0.007 0.021 0.018 0.006 0.011 0.018 
 174   (0.043) 0.046 0.013 0.004 0.006 0.004 0.019 0.003 0.004 0.006 0.142 

Locus 9 : Scv32 
18 alleles
0.0% missing data
 236   (0.042) 0.047 0.148 0.003 0.006 0.004 0.005 0.003 0.003 0.006 0.007 
 238   (0.036) 0.034 0.019 0.004 0.265 0.056 0.012 0.003 0.005 0.005 0.006 
 234   (0.130) 0.127 0.041 0.019 0.356 0.060 0.524 0.327 0.099 0.031 0.649 
 246   (0.055) 0.051 0.014 0.072 0.006 0.006 0.013 0.339 0.008 0.221 0.013 
 248   (0.098) 0.102 0.136 0.018 0.043 0.020 0.022 0.007 0.423 0.239 0.014 
 262   (0.117) 0.123 0.037 0.450 0.090 0.029 0.109 0.012 0.123 0.092 0.025 
 232   (0.163) 0.164 0.424 0.020 0.045 0.566 0.201 0.145 0.016 0.263 0.034 
 250   (0.028) 0.027 0.007 0.004 0.012 0.003 0.007 0.004 0.281 0.004 0.004 
 228   (0.029) 0.034 0.011 0.003 0.003 0.003 0.004 0.002 0.003 0.004 0.005 
 220   (0.044) 0.043 0.011 0.358 0.006 0.004 0.006 0.073 0.007 0.029 0.007 
 264   (0.056) 0.054 0.056 0.005 0.095 0.006 0.032 0.047 0.009 0.013 0.022 
 252   (0.039) 0.036 0.010 0.031 0.013 0.092 0.008 0.003 0.004 0.007 0.099 
 254   (0.044) 0.044 0.020 0.004 0.027 0.101 0.011 0.003 0.007 0.007 0.095 
 242   (0.026) 0.027 0.034 0.002 0.003 0.002 0.003 0.002 0.002 0.004 0.004 
 266   (0.027) 0.027 0.007 0.003 0.022 0.026 0.029 0.002 0.003 0.005 0.005 
 244   (0.027) 0.024 0.008 0.002 0.004 0.020 0.007 0.002 0.004 0.065 0.004 
 226   (0.018) 0.017 0.005 0.002 0.002 0.002 0.002 0.025 0.002 0.003 0.003 
 240   (0.020) 0.021 0.011 0.002 0.002 0.002 0.002 0.001 0.002 0.003 0.006 

Locus 10 : Scv8 
6 alleles
0.0% missing data
 200   (0.636) 0.644 0.636 0.892 0.847 0.602 0.462 0.838 0.816 0.530 0.430 
 202   (0.090) 0.088 0.204 0.008 0.088 0.048 0.080 0.006 0.008 0.028 0.048 
 194   (0.079) 0.074 0.024 0.007 0.019 0.007 0.389 0.143 0.026 0.187 0.019 
 204   (0.050) 0.053 0.015 0.017 0.007 0.005 0.008 0.004 0.136 0.032 0.008 
 198   (0.077) 0.078 0.090 0.071 0.011 0.007 0.016 0.005 0.008 0.213 0.016 
 188   (0.067) 0.064 0.031 0.006 0.028 0.331 0.045 0.004 0.006 0.010 0.480 

Locus 11 : Scv9 
5 alleles
0.0% missing data
 198   (0.297) 0.293 0.159 0.081 0.689 0.347 0.341 0.420 0.525 0.115 0.566 
 200   (0.340) 0.342 0.583 0.742 0.077 0.345 0.147 0.371 0.362 0.335 0.106 
 196   (0.299) 0.305 0.242 0.172 0.225 0.300 0.500 0.031 0.107 0.540 0.176 
 204   (0.043) 0.040 0.011 0.003 0.006 0.005 0.007 0.177 0.004 0.008 0.123 
 202   (0.021) 0.019 0.005 0.002 0.002 0.003 0.005 0.001 0.002 0.003 0.028 

Locus 12 : Rsu1 
6 alleles
0.0% missing data
 189   (0.287) 0.300 0.571 0.074 0.199 0.080 0.373 0.518 0.058 0.057 0.265 
 185   (0.268) 0.265 0.167 0.083 0.600 0.816 0.325 0.160 0.073 0.369 0.112 
 177   (0.085) 0.086 0.026 0.140 0.012 0.067 0.018 0.012 0.011 0.121 0.041 
 181   (0.252) 0.251 0.209 0.249 0.174 0.029 0.268 0.040 0.777 0.207 0.567 
 193   (0.062) 0.058 0.015 0.318 0.010 0.005 0.011 0.023 0.077 0.199 0.009 
 197   (0.047) 0.042 0.011 0.137 0.005 0.004 0.006 0.247 0.004 0.047 0.006 

Locus 13 : Scv14 
7 alleles
4.5% missing data
 196   (0.536) 0.521 0.490 0.921 0.421 0.585 0.830 0.941 0.899 0.608 0.650 
 198   (0.078) 0.079 0.105 0.006 0.297 0.024 0.013 0.006 0.011 0.012 0.057 
 194   (0.131) 0.132 0.225 0.011 0.024 0.026 0.094 0.016 0.052 0.220 0.179 
 202   (0.190) 0.203 0.155 0.051 0.248 0.358 0.054 0.032 0.026 0.151 0.096 
 204   (0.022) 0.023 0.012 0.002 0.003 0.002 0.003 0.002 0.002 0.003 0.003 
 190   (0.022) 0.022 0.006 0.008 0.003 0.002 0.004 0.002 0.008 0.004 0.003 
 200   (0.020) 0.021 0.006 0.002 0.005 0.002 0.003 0.001 0.002 0.003 0.011 

Locus 14 : Scv16 
7 alleles
0.0% missing data
 182   (0.417) 0.421 0.207 0.676 0.558 0.235 0.728 0.166 0.771 0.485 0.527 
 184   (0.416) 0.422 0.565 0.302 0.395 0.706 0.240 0.816 0.213 0.264 0.182 
 188   (0.055) 0.051 0.178 0.013 0.006 0.005 0.006 0.011 0.005 0.234 0.008 
 200   (0.020) 0.019 0.024 0.002 0.002 0.002 0.002 0.001 0.002 0.003 0.003 
 198   (0.038) 0.035 0.010 0.003 0.024 0.032 0.016 0.003 0.005 0.006 0.168 
 190   (0.032) 0.030 0.008 0.003 0.012 0.018 0.005 0.002 0.003 0.005 0.108 
 186   (0.022) 0.023 0.009 0.002 0.002 0.002 0.003 0.001 0.002 0.003 0.004 

Locus 15 : Scv31 
15 alleles
3.0% missing data
 193   (0.117) 0.122 0.055 0.040 0.285 0.126 0.037 0.016 0.617 0.023 0.037 
 201   (0.107) 0.110 0.244 0.104 0.017 0.086 0.018 0.010 0.072 0.028 0.017 
 187   (0.083) 0.079 0.022 0.509 0.021 0.095 0.013 0.293 0.078 0.054 0.013 
 207   (0.033) 0.029 0.008 0.003 0.004 0.003 0.005 0.372 0.003 0.090 0.005 
 195   (0.060) 0.057 0.016 0.008 0.010 0.199 0.046 0.006 0.012 0.298 0.039 
 185   (0.169) 0.170 0.112 0.015 0.559 0.139 0.125 0.242 0.023 0.064 0.325 
 189   (0.054) 0.053 0.272 0.004 0.006 0.005 0.006 0.004 0.141 0.009 0.007 
 205   (0.021) 0.023 0.007 0.002 0.002 0.002 0.002 0.001 0.002 0.004 0.004 
 191   (0.172) 0.172 0.050 0.233 0.064 0.020 0.721 0.042 0.035 0.370 0.428 
 197   (0.025) 0.023 0.006 0.004 0.004 0.267 0.003 0.003 0.003 0.005 0.003 
 199   (0.055) 0.056 0.059 0.005 0.007 0.046 0.009 0.004 0.005 0.009 0.104 
 203   (0.023) 0.022 0.087 0.002 0.002 0.002 0.003 0.001 0.002 0.004 0.003 
 209   (0.029) 0.031 0.025 0.002 0.010 0.003 0.003 0.002 0.003 0.005 0.007 
 213   (0.027) 0.030 0.030 0.002 0.004 0.003 0.005 0.002 0.002 0.004 0.004 
 181   (0.028) 0.026 0.007 0.068 0.004 0.003 0.004 0.002 0.002 0.036 0.004 

Locus 16 : Scv6 
8 alleles
0.0% missing data
 191   (0.104) 0.107 0.231 0.227 0.017 0.018 0.012 0.008 0.259 0.079 0.016 
 195   (0.381) 0.382 0.266 0.396 0.512 0.642 0.320 0.693 0.424 0.627 0.189 
 197   (0.213) 0.208 0.092 0.337 0.258 0.223 0.036 0.264 0.280 0.238 0.431 
 201   (0.087) 0.094 0.143 0.007 0.064 0.009 0.047 0.006 0.012 0.017 0.145 
 205   (0.022) 0.019 0.064 0.002 0.002 0.002 0.002 0.001 0.002 0.003 0.003 
 193   (0.098) 0.096 0.126 0.010 0.109 0.080 0.140 0.007 0.009 0.015 0.173 
 199   (0.071) 0.073 0.031 0.019 0.034 0.024 0.440 0.019 0.013 0.017 0.040 
 181   (0.022) 0.022 0.048 0.002 0.003 0.002 0.002 0.001 0.002 0.003 0.003 

Values of parameters used in structure:
DATAFILE=M:\STRUCTURE\Squirrel_132_ID_16L_20250816\project_data,	OUTFILE=M:\STRUCTURE\Squirrel_132_ID_16L_20250816\10k_Burnin_100k_MCMC\Results\10k_Burnin_100k_MCMC_run_228,	NUMINDS=132,	NUMLOCI=16,	MISSING=-9,	LABEL=1,	POPDATA=1,	POPFLAG=0,	PHENOTYPE=0,	EXTRACOLS=1,	MAXPOPS=10,	BURNIN=10000,	NUMREPS=100000,	USEPOPINFO=0,	INFERALPHA=1,	INFERLAMBDA=1,	POPSPECIFICLAMBDA=0,	POPALPHAS=0,	COMPUTEPROB=1,	NOADMIX=0,	ADMBURNIN=2500,	UPDATEFREQ=1,	PRINTLIKES=0,	INTERMEDSAVE=0,	PRINTKLD=0,	PRINTNET=0,	PRINTLAMBDA=0,	ANCESTDIST=1,	NUMBOXES=1000,	ANCESTPINT=0.90000,	GENSBACK=2,	MIGRPRIOR=0.05000,	PRINTQHAT=1,	PRINTQSUM=0,	ALPHA=1.0000,	FREQSCORR=1,	FPRIORMEAN=0.0100,	FPRIORSD=0.0500,	ONEFST=0,	LAMBDA=1.0000,	UNIFPRIORALPHA=1,	ALPHAMAX=10.0000,	ALPHAPRIORA=1.0000,	ALPHAPRIORB=2.0000,	ALPHAPROPSD=0.0250,	STARTATPOPINFO=0,	RANDOMIZE=1,	LINKAGE=0,	METROFREQ=10,	REPORTHITRATE=0,	MARKOVPHASE=-1,	PHASED=0,	PLOIDY=2,	PHASEINFO=0	LOCPRIOR=0, 	LOCPRIORINIT=1.000000, 	LOCDATA=0, 	LOCISPOP=0, 	LOCPRIORSTEP=0.100000, 	MAXLOCPRIOR=20.000000, 	SEED=1763758465,	
[STRAT parameters]:    NUMSIMSTATS=1000,	PHENOTYPECOL=-9,	POOLFREQ=10,	LOCUSxONLY=0,	EMERROR=0.00100,	MISSINGPHENO=-9,	