

----------------------------------------------------
STRUCTURE by Pritchard, Stephens and Donnelly (2000)
     and Falush, Stephens and Pritchard (2003)
       Code by Pritchard, Falush and Hubisz
             Version 2.3.4 (Jul 2012)
----------------------------------------------------



Command line arguments:   bin\structure -m M:\STRUCTURE\Squirrel_132_ID_16L_20250816\10k_Burnin_100k_MCMC\mainparams -e M:\STRUCTURE\Squirrel_132_ID_16L_20250816\10k_Burnin_100k_MCMC\extraparams 
Input File:    M:\STRUCTURE\Squirrel_132_ID_16L_20250816\project_data

Run parameters:
   132 individuals
   16 loci
   3 populations assumed
   10000 Burn-in period
   100000 Reps


--------------------------------------------
Proportion of membership of each pre-defined
 population in each of the 3 clusters

Given    Inferred Clusters       Number of
 Pop       1      2      3      Individuals

  1:     0.212  0.400  0.388      132
--------------------------------------------

Allele-freq. divergence among pops (Net nucleotide distance),
computed using point estimates of P.

      1       2       3      
 1      -    0.0335  0.0370  
 2   0.0335     -    0.0456  
 3   0.0370  0.0456     -    

Average distances (expected heterozygosity) between individuals in same cluster:
cluster  1  : 0.6458 
cluster  2  : 0.5521 
cluster  3  : 0.5993 

--------------------------------------------
Estimated Ln Prob of Data   = -4981.2
Mean value of ln likelihood = -4862.8
Variance of ln likelihood   = 236.9
Mean value of alpha         = 0.0415

Mean value of lambda        = 1.0288

Mean value of Fst_1         = 0.0232
Mean value of Fst_2         = 0.1465
Mean value of Fst_3         = 0.1308


Inferred ancestry of individuals:
        Label (%Miss) Pop:  Inferred clusters (and 90% probability intervals)
  1       1*    (0)    1 :  0.962 0.015 0.023     (0.754,1.000) (0.000,0.091) (0.000,0.160) 
  2        3    (0)    1 :  0.035 0.952 0.013     (0.000,0.203) (0.711,1.000) (0.000,0.075) 
  3        6    (0)    1 :  0.007 0.966 0.027     (0.000,0.039) (0.774,1.000) (0.000,0.199) 
  4        8    (0)    1 :  0.010 0.984 0.006     (0.000,0.053) (0.899,1.000) (0.000,0.035) 
  5       10    (0)    1 :  0.007 0.987 0.005     (0.000,0.040) (0.925,1.000) (0.000,0.026) 
  6       11    (0)    1 :  0.890 0.081 0.029     (0.312,1.000) (0.000,0.573) (0.000,0.204) 
  7       12    (0)    1 :  0.014 0.970 0.016     (0.000,0.070) (0.832,1.000) (0.000,0.084) 
  8       16    (6)    1 :  0.012 0.981 0.007     (0.000,0.069) (0.885,1.000) (0.000,0.037) 
  9       18    (0)    1 :  0.987 0.008 0.005     (0.921,1.000) (0.000,0.045) (0.000,0.024) 
 10       19    (0)    1 :  0.950 0.020 0.030     (0.679,1.000) (0.000,0.134) (0.000,0.199) 
 11       21    (6)    1 :  0.010 0.980 0.010     (0.000,0.059) (0.871,1.000) (0.000,0.057) 
 12       23    (6)    1 :  0.029 0.615 0.356     (0.000,0.165) (0.000,1.000) (0.000,1.000) 
 13       24    (6)    1 :  0.324 0.651 0.025     (0.000,1.000) (0.000,1.000) (0.000,0.180) 
 14       25    (6)    1 :  0.045 0.887 0.068     (0.000,0.304) (0.451,1.000) (0.000,0.434) 
 15      26*    (0)    1 :  0.013 0.982 0.004     (0.000,0.086) (0.889,1.000) (0.000,0.022) 
 16       28    (0)    1 :  0.006 0.988 0.006     (0.000,0.032) (0.928,1.000) (0.000,0.030) 
 17       29    (0)    1 :  0.014 0.980 0.005     (0.000,0.063) (0.898,1.000) (0.000,0.028) 
 18       30    (0)    1 :  0.059 0.822 0.119     (0.000,0.454) (0.161,1.000) (0.000,0.574) 
 19       33    (0)    1 :  0.977 0.005 0.018     (0.854,1.000) (0.000,0.025) (0.000,0.121) 
 20       37    (0)    1 :  0.979 0.013 0.007     (0.869,1.000) (0.000,0.079) (0.000,0.039) 
 21       38    (0)    1 :  0.982 0.014 0.004     (0.887,1.000) (0.000,0.089) (0.000,0.021) 
 22       43    (0)    1 :  0.013 0.980 0.007     (0.000,0.079) (0.875,1.000) (0.000,0.036) 
 23       44    (0)    1 :  0.015 0.971 0.014     (0.000,0.080) (0.819,1.000) (0.000,0.092) 
 24       48    (0)    1 :  0.988 0.007 0.005     (0.927,1.000) (0.000,0.039) (0.000,0.024) 
 25       55    (0)    1 :  0.010 0.975 0.016     (0.000,0.051) (0.835,1.000) (0.000,0.107) 
 26       59    (0)    1 :  0.387 0.604 0.010     (0.000,1.000) (0.000,1.000) (0.000,0.056) 
 27       60    (0)    1 :  0.047 0.010 0.944     (0.000,0.309) (0.000,0.055) (0.646,1.000) 
 28       61    (0)    1 :  0.008 0.008 0.983     (0.000,0.048) (0.000,0.046) (0.894,1.000) 
 29       62    (0)    1 :  0.022 0.024 0.955     (0.000,0.118) (0.000,0.131) (0.731,1.000) 
 30       65    (0)    1 :  0.976 0.008 0.016     (0.845,1.000) (0.000,0.044) (0.000,0.111) 
 31       73    (0)    1 :  0.013 0.031 0.956     (0.000,0.084) (0.000,0.223) (0.726,1.000) 
 32       75    (0)    1 :  0.046 0.009 0.945     (0.000,0.320) (0.000,0.055) (0.661,1.000) 
 33       76    (0)    1 :  0.007 0.007 0.986     (0.000,0.034) (0.000,0.038) (0.917,1.000) 
 34       77    (0)    1 :  0.019 0.008 0.973     (0.000,0.115) (0.000,0.042) (0.839,1.000) 
 35       78    (0)    1 :  0.010 0.007 0.984     (0.000,0.050) (0.000,0.038) (0.901,1.000) 
 36       79    (0)    1 :  0.021 0.005 0.974     (0.000,0.153) (0.000,0.025) (0.830,1.000) 
 37       84    (0)    1 :  0.013 0.956 0.031     (0.000,0.074) (0.715,1.000) (0.000,0.232) 
 38       85    (0)    1 :  0.039 0.945 0.016     (0.000,0.251) (0.664,1.000) (0.000,0.107) 
 39       86    (0)    1 :  0.065 0.905 0.030     (0.000,0.475) (0.440,1.000) (0.000,0.232) 
 40       89    (0)    1 :  0.055 0.878 0.066     (0.000,0.391) (0.338,1.000) (0.000,0.457) 
 41       94    (0)    1 :  0.190 0.804 0.006     (0.000,1.000) (0.000,1.000) (0.000,0.034) 
 42       95    (0)    1 :  0.474 0.510 0.016     (0.000,1.000) (0.000,1.000) (0.000,0.104) 
 43       96    (0)    1 :  0.006 0.988 0.006     (0.000,0.029) (0.925,1.000) (0.000,0.036) 
 44       98    (0)    1 :  0.009 0.009 0.982     (0.000,0.053) (0.000,0.048) (0.889,1.000) 
 45      102    (0)    1 :  0.969 0.015 0.015     (0.800,1.000) (0.000,0.102) (0.000,0.109) 
 46      105    (0)    1 :  0.018 0.008 0.974     (0.000,0.123) (0.000,0.047) (0.836,1.000) 
 47      106    (0)    1 :  0.103 0.041 0.856     (0.000,0.853) (0.000,0.246) (0.077,1.000) 
 48      108    (0)    1 :  0.051 0.013 0.935     (0.000,0.350) (0.000,0.084) (0.620,1.000) 
 49      109    (0)    1 :  0.009 0.025 0.967     (0.000,0.043) (0.000,0.183) (0.783,1.000) 
 50      112    (0)    1 :  0.126 0.266 0.608     (0.000,0.992) (0.000,1.000) (0.000,1.000) 
 51      115    (0)    1 :  0.938 0.032 0.030     (0.612,1.000) (0.000,0.226) (0.000,0.204) 
 52      116    (0)    1 :  0.034 0.950 0.015     (0.000,0.247) (0.691,1.000) (0.000,0.098) 
 53      117    (0)    1 :  0.009 0.976 0.016     (0.000,0.048) (0.847,1.000) (0.000,0.096) 
 54      129    (0)    1 :  0.006 0.990 0.004     (0.000,0.034) (0.939,1.000) (0.000,0.020) 
 55      132    (0)    1 :  0.391 0.049 0.560     (0.000,1.000) (0.000,0.361) (0.000,1.000) 
 56      133    (0)    1 :  0.007 0.006 0.987     (0.000,0.038) (0.000,0.032) (0.920,1.000) 
 57      137    (6)    1 :  0.013 0.016 0.971     (0.000,0.073) (0.000,0.100) (0.819,1.000) 
 58      139    (0)    1 :  0.090 0.021 0.890     (0.000,0.636) (0.000,0.148) (0.324,1.000) 
 59      140    (0)    1 :  0.010 0.008 0.982     (0.000,0.048) (0.000,0.044) (0.896,1.000) 
 60      142    (0)    1 :  0.008 0.009 0.983     (0.000,0.047) (0.000,0.046) (0.894,1.000) 
 61      144    (0)    1 :  0.008 0.005 0.987     (0.000,0.041) (0.000,0.027) (0.922,1.000) 
 62      145    (0)    1 :  0.007 0.008 0.984     (0.000,0.038) (0.000,0.045) (0.906,1.000) 
 63      147    (0)    1 :  0.008 0.006 0.986     (0.000,0.043) (0.000,0.033) (0.914,1.000) 
 64      160    (0)    1 :  0.029 0.964 0.007     (0.000,0.122) (0.824,1.000) (0.000,0.037) 
 65     162*    (0)    1 :  0.006 0.987 0.007     (0.000,0.032) (0.923,1.000) (0.000,0.035) 
 66      166    (0)    1 :  0.009 0.007 0.983     (0.000,0.042) (0.000,0.039) (0.905,1.000) 
 67      177    (0)    1 :  0.013 0.009 0.978     (0.000,0.064) (0.000,0.051) (0.871,1.000) 
 68      178    (0)    1 :  0.009 0.015 0.976     (0.000,0.051) (0.000,0.092) (0.849,1.000) 
 69      186    (0)    1 :  0.012 0.980 0.008     (0.000,0.069) (0.874,1.000) (0.000,0.045) 
 70      189    (0)    1 :  0.011 0.983 0.006     (0.000,0.054) (0.903,1.000) (0.000,0.031) 
 71      190    (0)    1 :  0.010 0.983 0.008     (0.000,0.052) (0.892,1.000) (0.000,0.041) 
 72      191    (0)    1 :  0.010 0.973 0.017     (0.000,0.052) (0.827,1.000) (0.000,0.114) 
 73      193    (0)    1 :  0.015 0.041 0.943     (0.000,0.082) (0.000,0.269) (0.646,1.000) 
 74      202    (0)    1 :  0.169 0.808 0.023     (0.000,0.999) (0.000,1.000) (0.000,0.164) 
 75      204    (0)    1 :  0.005 0.992 0.004     (0.000,0.025) (0.951,1.000) (0.000,0.018) 
 76      211    (0)    1 :  0.029 0.027 0.944     (0.000,0.173) (0.000,0.206) (0.661,1.000) 
 77      216    (0)    1 :  0.005 0.006 0.989     (0.000,0.027) (0.000,0.030) (0.935,1.000) 
 78      222    (0)    1 :  0.060 0.010 0.930     (0.000,0.449) (0.000,0.050) (0.530,1.000) 
 79      224    (0)    1 :  0.015 0.974 0.011     (0.000,0.087) (0.840,1.000) (0.000,0.060) 
 80      226    (0)    1 :  0.512 0.480 0.009     (0.000,1.000) (0.000,1.000) (0.000,0.047) 
 81      229    (0)    1 :  0.053 0.918 0.029     (0.000,0.375) (0.516,1.000) (0.000,0.210) 
 82      230    (0)    1 :  0.028 0.947 0.024     (0.000,0.165) (0.724,1.000) (0.000,0.163) 
 83      232    (0)    1 :  0.027 0.899 0.074     (0.000,0.153) (0.464,1.000) (0.000,0.459) 
 84      238    (0)    1 :  0.884 0.017 0.099     (0.393,1.000) (0.000,0.116) (0.000,0.579) 
 85      242    (0)    1 :  0.988 0.005 0.006     (0.930,1.000) (0.000,0.027) (0.000,0.034) 
 86      243    (0)    1 :  0.928 0.016 0.055     (0.585,1.000) (0.000,0.104) (0.000,0.381) 
 87      244    (0)    1 :  0.940 0.011 0.049     (0.635,1.000) (0.000,0.068) (0.000,0.343) 
 88      251    (0)    1 :  0.907 0.044 0.049     (0.463,1.000) (0.000,0.330) (0.000,0.372) 
 89      266    (0)    1 :  0.350 0.017 0.633     (0.000,1.000) (0.000,0.109) (0.000,1.000) 
 90      267    (0)    1 :  0.028 0.055 0.917     (0.000,0.201) (0.000,0.360) (0.562,1.000) 
 91      268    (0)    1 :  0.008 0.007 0.985     (0.000,0.041) (0.000,0.040) (0.907,1.000) 
 92      270    (0)    1 :  0.014 0.977 0.009     (0.000,0.078) (0.858,1.000) (0.000,0.051) 
 93      276    (0)    1 :  0.012 0.940 0.048     (0.000,0.071) (0.600,1.000) (0.000,0.366) 
 94      298    (6)    1 :  0.008 0.007 0.985     (0.000,0.045) (0.000,0.037) (0.906,1.000) 
 95      306    (0)    1 :  0.014 0.005 0.981     (0.000,0.075) (0.000,0.028) (0.889,1.000) 
 96      308    (0)    1 :  0.019 0.009 0.971     (0.000,0.118) (0.000,0.054) (0.823,1.000) 
 97      311    (6)    1 :  0.224 0.021 0.755     (0.000,1.000) (0.000,0.135) (0.000,1.000) 
 98      323    (0)    1 :  0.393 0.593 0.014     (0.000,1.000) (0.000,1.000) (0.000,0.085) 
 99      327    (0)    1 :  0.010 0.982 0.008     (0.000,0.053) (0.889,1.000) (0.000,0.043) 
100      334    (0)    1 :  0.961 0.008 0.031     (0.744,1.000) (0.000,0.042) (0.000,0.229) 
101      338    (0)    1 :  0.016 0.017 0.967     (0.000,0.086) (0.000,0.097) (0.801,1.000) 
102      341    (0)    1 :  0.401 0.558 0.041     (0.000,1.000) (0.000,1.000) (0.000,0.292) 
103      346    (0)    1 :  0.010 0.016 0.974     (0.000,0.055) (0.000,0.097) (0.836,1.000) 
104      348    (0)    1 :  0.011 0.007 0.982     (0.000,0.062) (0.000,0.037) (0.890,1.000) 
105      351    (0)    1 :  0.954 0.016 0.031     (0.703,1.000) (0.000,0.100) (0.000,0.200) 
106      362    (0)    1 :  0.006 0.989 0.005     (0.000,0.034) (0.933,1.000) (0.000,0.024) 
107      364    (0)    1 :  0.978 0.006 0.015     (0.867,1.000) (0.000,0.035) (0.000,0.094) 
108      366    (0)    1 :  0.951 0.026 0.023     (0.684,1.000) (0.000,0.187) (0.000,0.155) 
109      376    (0)    1 :  0.011 0.979 0.010     (0.000,0.063) (0.864,1.000) (0.000,0.057) 
110      377    (6)    1 :  0.040 0.713 0.247     (0.000,0.260) (0.000,1.000) (0.000,1.000) 
111      378    (0)    1 :  0.007 0.966 0.027     (0.000,0.035) (0.805,1.000) (0.000,0.162) 
112      388    (0)    1 :  0.019 0.017 0.964     (0.000,0.118) (0.000,0.107) (0.772,1.000) 
113      391    (0)    1 :  0.114 0.335 0.551     (0.000,0.945) (0.000,1.000) (0.000,1.000) 
114      401    (0)    1 :  0.440 0.478 0.082     (0.000,1.000) (0.000,1.000) (0.000,0.496) 
115      406    (0)    1 :  0.068 0.026 0.905     (0.000,0.546) (0.000,0.182) (0.336,1.000) 
116      412    (6)    1 :  0.020 0.035 0.945     (0.000,0.106) (0.000,0.232) (0.658,1.000) 
117      413    (0)    1 :  0.039 0.010 0.951     (0.000,0.263) (0.000,0.056) (0.700,1.000) 
118      421    (0)    1 :  0.060 0.797 0.143     (0.000,0.429) (0.301,1.000) (0.000,0.625) 
119      423    (0)    1 :  0.276 0.626 0.098     (0.000,1.000) (0.000,1.000) (0.000,0.597) 
120      424    (0)    1 :  0.055 0.029 0.916     (0.000,0.397) (0.000,0.171) (0.437,1.000) 
121      426    (0)    1 :  0.015 0.953 0.032     (0.000,0.087) (0.704,1.000) (0.000,0.229) 
122      430   (12)    1 :  0.009 0.023 0.968     (0.000,0.046) (0.000,0.146) (0.801,1.000) 
123      435    (0)    1 :  0.005 0.007 0.988     (0.000,0.023) (0.000,0.041) (0.926,1.000) 
124      476    (0)    1 :  0.099 0.890 0.011     (0.000,0.541) (0.447,1.000) (0.000,0.069) 
125      478    (0)    1 :  0.012 0.981 0.007     (0.000,0.071) (0.879,1.000) (0.000,0.039) 
126      484    (0)    1 :  0.006 0.007 0.987     (0.000,0.033) (0.000,0.036) (0.919,1.000) 
127      489    (0)    1 :  0.040 0.433 0.527     (0.000,0.246) (0.000,1.000) (0.000,1.000) 
128      493    (0)    1 :  0.985 0.008 0.007     (0.907,1.000) (0.000,0.043) (0.000,0.038) 
129      494    (0)    1 :  0.979 0.015 0.006     (0.871,1.000) (0.000,0.092) (0.000,0.030) 
130      500    (0)    1 :  0.014 0.982 0.004     (0.000,0.060) (0.915,1.000) (0.000,0.019) 
131      504    (0)    1 :  0.048 0.057 0.895     (0.000,0.310) (0.000,0.363) (0.534,1.000) 
132      506    (0)    1 :  0.012 0.101 0.887     (0.000,0.063) (0.000,0.511) (0.474,1.000) 


Estimated Allele Frequencies in each cluster
First column gives estimated ancestral frequencies


Locus 1 : Rsu3 
3 alleles
0.0% missing data
 164   (0.523) 0.535 0.607 0.483 
 166   (0.221) 0.195 0.143 0.394 
 170   (0.256) 0.270 0.249 0.124 

Locus 2 : Rsu5 
5 alleles
0.0% missing data
 137   (0.699) 0.702 0.945 0.704 
 135   (0.101) 0.099 0.019 0.052 
 139   (0.136) 0.159 0.032 0.039 
 133   (0.026) 0.021 0.001 0.002 
 131   (0.038) 0.018 0.002 0.204 

Locus 3 : Scv1 
5 alleles
0.0% missing data
 181   (0.579) 0.650 0.757 0.354 
 179   (0.173) 0.162 0.093 0.213 
 177   (0.096) 0.070 0.037 0.193 
 185   (0.119) 0.084 0.111 0.238 
 171   (0.033) 0.034 0.002 0.002 

Locus 4 : Rsu4 
9 alleles
0.0% missing data
 267   (0.229) 0.273 0.183 0.083 
 263   (0.301) 0.285 0.445 0.448 
 259   (0.035) 0.017 0.199 0.002 
 287   (0.158) 0.141 0.137 0.206 
 275   (0.057) 0.081 0.003 0.007 
 279   (0.090) 0.092 0.011 0.079 
 283   (0.059) 0.047 0.003 0.169 
 291   (0.039) 0.030 0.017 0.003 
 271   (0.032) 0.034 0.002 0.002 

Locus 5 : Rsu6 
5 alleles
0.0% missing data
 120   (0.250) 0.231 0.329 0.224 
 126   (0.596) 0.615 0.508 0.765 
 124   (0.083) 0.081 0.152 0.006 
 130   (0.045) 0.060 0.002 0.003 
 114   (0.026) 0.013 0.009 0.002 

Locus 6 : Scv12 
3 alleles
0.8% missing data
 198   (0.637) 0.703 0.429 0.594 
 196   (0.205) 0.163 0.254 0.336 
 200   (0.158) 0.133 0.316 0.069 

Locus 7 : Scv23 
3 alleles
0.8% missing data
 158   (0.478) 0.462 0.565 0.625 
 164   (0.243) 0.262 0.181 0.124 
 160   (0.279) 0.276 0.254 0.252 

Locus 8 : Scv13 
5 alleles
0.0% missing data
 182   (0.696) 0.689 0.893 0.815 
 180   (0.098) 0.111 0.087 0.006 
 172   (0.073) 0.063 0.004 0.123 
 184   (0.084) 0.099 0.014 0.012 
 174   (0.050) 0.038 0.003 0.043 

Locus 9 : Scv32 
18 alleles
0.0% missing data
 236   (0.048) 0.090 0.003 0.003 
 238   (0.041) 0.033 0.002 0.091 
 234   (0.102) 0.077 0.150 0.370 
 246   (0.048) 0.033 0.181 0.010 
 248   (0.109) 0.134 0.158 0.028 
 262   (0.089) 0.074 0.163 0.068 
 232   (0.212) 0.290 0.111 0.198 
 250   (0.036) 0.021 0.072 0.008 
 228   (0.027) 0.032 0.002 0.002 
 220   (0.032) 0.020 0.122 0.002 
 264   (0.056) 0.054 0.010 0.042 
 252   (0.036) 0.019 0.009 0.057 
 254   (0.039) 0.027 0.002 0.067 
 242   (0.028) 0.032 0.002 0.002 
 266   (0.026) 0.014 0.001 0.027 
 244   (0.029) 0.016 0.006 0.022 
 226   (0.021) 0.015 0.005 0.001 
 240   (0.021) 0.019 0.001 0.001 

Locus 10 : Scv8 
6 alleles
0.0% missing data
 200   (0.633) 0.675 0.763 0.605 
 202   (0.099) 0.119 0.005 0.075 
 194   (0.080) 0.049 0.103 0.075 
 204   (0.046) 0.033 0.053 0.003 
 198   (0.085) 0.085 0.073 0.011 
 188   (0.056) 0.038 0.003 0.231 

Locus 11 : Scv9 
5 alleles
0.0% missing data
 198   (0.267) 0.238 0.315 0.459 
 200   (0.382) 0.440 0.454 0.177 
 196   (0.256) 0.254 0.197 0.313 
 204   (0.070) 0.055 0.033 0.041 
 202   (0.025) 0.012 0.001 0.010 

Locus 12 : Rsu1 
6 alleles
0.0% missing data
 189   (0.361) 0.446 0.187 0.211 
 185   (0.224) 0.197 0.186 0.487 
 177   (0.080) 0.058 0.070 0.037 
 181   (0.243) 0.228 0.302 0.260 
 193   (0.034) 0.017 0.163 0.002 
 197   (0.058) 0.054 0.091 0.004 

Locus 13 : Scv14 
7 alleles
4.5% missing data
 196   (0.494) 0.487 0.848 0.621 
 198   (0.090) 0.100 0.005 0.092 
 194   (0.158) 0.175 0.054 0.094 
 202   (0.182) 0.186 0.082 0.184 
 204   (0.025) 0.021 0.001 0.002 
 190   (0.026) 0.015 0.008 0.002 
 200   (0.025) 0.017 0.002 0.006 

Locus 14 : Scv16 
7 alleles
0.0% missing data
 182   (0.325) 0.291 0.533 0.494 
 184   (0.476) 0.537 0.385 0.394 
 188   (0.087) 0.099 0.076 0.006 
 200   (0.025) 0.021 0.001 0.002 
 198   (0.031) 0.015 0.002 0.066 
 190   (0.030) 0.015 0.002 0.037 
 186   (0.026) 0.021 0.001 0.002 

Locus 15 : Scv31 
15 alleles
3.0% missing data
 193   (0.123) 0.111 0.162 0.147 
 201   (0.119) 0.158 0.059 0.026 
 187   (0.068) 0.042 0.242 0.049 
 207   (0.039) 0.026 0.140 0.003 
 195   (0.058) 0.033 0.061 0.100 
 185   (0.155) 0.175 0.056 0.307 
 189   (0.094) 0.149 0.036 0.006 
 205   (0.023) 0.020 0.001 0.002 
 191   (0.111) 0.086 0.192 0.256 
 197   (0.038) 0.020 0.013 0.056 
 199   (0.055) 0.057 0.003 0.040 
 203   (0.034) 0.046 0.002 0.002 
 209   (0.028) 0.032 0.002 0.002 
 213   (0.028) 0.033 0.002 0.002 
 181   (0.026) 0.013 0.028 0.002 

Locus 16 : Scv6 
8 alleles
0.0% missing data
 191   (0.132) 0.158 0.146 0.015 
 195   (0.372) 0.368 0.502 0.457 
 197   (0.159) 0.123 0.305 0.237 
 201   (0.102) 0.132 0.006 0.055 
 205   (0.032) 0.034 0.002 0.002 
 193   (0.091) 0.096 0.006 0.127 
 199   (0.079) 0.055 0.031 0.105 
 181   (0.032) 0.034 0.002 0.002 

Values of parameters used in structure:
DATAFILE=M:\STRUCTURE\Squirrel_132_ID_16L_20250816\project_data,	OUTFILE=M:\STRUCTURE\Squirrel_132_ID_16L_20250816\10k_Burnin_100k_MCMC\Results\10k_Burnin_100k_MCMC_run_73,	NUMINDS=132,	NUMLOCI=16,	MISSING=-9,	LABEL=1,	POPDATA=1,	POPFLAG=0,	PHENOTYPE=0,	EXTRACOLS=1,	MAXPOPS=3,	BURNIN=10000,	NUMREPS=100000,	USEPOPINFO=0,	INFERALPHA=1,	INFERLAMBDA=1,	POPSPECIFICLAMBDA=0,	POPALPHAS=0,	COMPUTEPROB=1,	NOADMIX=0,	ADMBURNIN=2500,	UPDATEFREQ=1,	PRINTLIKES=0,	INTERMEDSAVE=0,	PRINTKLD=0,	PRINTNET=0,	PRINTLAMBDA=0,	ANCESTDIST=1,	NUMBOXES=1000,	ANCESTPINT=0.90000,	GENSBACK=2,	MIGRPRIOR=0.05000,	PRINTQHAT=1,	PRINTQSUM=0,	ALPHA=1.0000,	FREQSCORR=1,	FPRIORMEAN=0.0100,	FPRIORSD=0.0500,	ONEFST=0,	LAMBDA=1.0000,	UNIFPRIORALPHA=1,	ALPHAMAX=10.0000,	ALPHAPRIORA=1.0000,	ALPHAPRIORB=2.0000,	ALPHAPROPSD=0.0250,	STARTATPOPINFO=0,	RANDOMIZE=1,	LINKAGE=0,	METROFREQ=10,	REPORTHITRATE=0,	MARKOVPHASE=-1,	PHASED=0,	PLOIDY=2,	PHASEINFO=0	LOCPRIOR=0, 	LOCPRIORINIT=1.000000, 	LOCDATA=0, 	LOCISPOP=0, 	LOCPRIORSTEP=0.100000, 	MAXLOCPRIOR=20.000000, 	SEED=1763744358,	
[STRAT parameters]:    NUMSIMSTATS=1000,	PHENOTYPECOL=-9,	POOLFREQ=10,	LOCUSxONLY=0,	EMERROR=0.00100,	MISSINGPHENO=-9,	