          1*  1 0.1874 0.0137 0.0255 0.0106 0.0846 0.0093 0.6066 0.0328 0.0244 0.0051 
           3  1 0.0072 0.9477 0.0077 0.0083 0.0053 0.0061 0.0047 0.0052 0.0038 0.0040 
           6  1 0.0204 0.9003 0.0147 0.0108 0.0086 0.0177 0.0055 0.0068 0.0056 0.0094 
           8  1 0.0046 0.0081 0.0065 0.0111 0.0135 0.9085 0.0144 0.0205 0.0095 0.0033 
          10  1 0.0045 0.0089 0.0045 0.0036 0.0077 0.0328 0.0066 0.9159 0.0114 0.0041 
          11  1 0.0329 0.0193 0.0901 0.0093 0.6215 0.0450 0.1322 0.0139 0.0123 0.0235 
          12  1 0.0069 0.0060 0.0054 0.0034 0.0046 0.0050 0.0045 0.9565 0.0033 0.0044 
          16  1 0.0050 0.9407 0.0072 0.0044 0.0065 0.0146 0.0056 0.0071 0.0047 0.0044 
          18  1 0.0039 0.0063 0.0075 0.0065 0.0081 0.0087 0.9460 0.0061 0.0033 0.0035 
          19  1 0.0065 0.0111 0.0525 0.0232 0.7602 0.0254 0.0778 0.0086 0.0050 0.0297 
          21  1 0.0065 0.9236 0.0096 0.0048 0.0080 0.0236 0.0053 0.0065 0.0060 0.0061 
          23  1 0.3059 0.0169 0.1267 0.0098 0.0509 0.0142 0.0114 0.4230 0.0081 0.0332 
          24  1 0.0134 0.0164 0.0264 0.0087 0.1845 0.0741 0.0355 0.4147 0.2011 0.0252 
          25  1 0.2633 0.0485 0.0343 0.0055 0.0586 0.1121 0.0146 0.4408 0.0163 0.0060 
         26*  1 0.0151 0.2542 0.0136 0.0080 0.0401 0.3940 0.0162 0.2119 0.0423 0.0046 
          28  1 0.0150 0.0389 0.0066 0.0056 0.0091 0.7749 0.0055 0.1240 0.0150 0.0055 
          29  1 0.0052 0.0056 0.0059 0.0058 0.0115 0.0224 0.0137 0.9070 0.0176 0.0052 
          30  1 0.0272 0.1903 0.0227 0.3258 0.0641 0.1386 0.0210 0.1918 0.0125 0.0060 
          33  1 0.0194 0.0060 0.0238 0.0152 0.1851 0.0047 0.6767 0.0051 0.0061 0.0578 
          37  1 0.0120 0.0085 0.0089 0.0059 0.0149 0.0086 0.8781 0.0414 0.0135 0.0083 
          38  1 0.0045 0.0087 0.0076 0.0049 0.0258 0.0088 0.9103 0.0137 0.0115 0.0042 
          43  1 0.0178 0.0337 0.0066 0.0078 0.0117 0.1386 0.0075 0.7558 0.0144 0.0062 
          44  1 0.0044 0.2173 0.0111 0.0167 0.0119 0.7186 0.0066 0.0058 0.0030 0.0045 
          48  1 0.0043 0.0086 0.0063 0.0055 0.0066 0.0058 0.9497 0.0063 0.0037 0.0032 
          55  1 0.0448 0.0834 0.0140 0.0143 0.0206 0.7861 0.0088 0.0084 0.0129 0.0068 
          59  1 0.0070 0.9462 0.0054 0.0085 0.0065 0.0068 0.0067 0.0047 0.0043 0.0039 
          60  1 0.9196 0.0078 0.0091 0.0046 0.0090 0.0045 0.0097 0.0230 0.0038 0.0090 
          61  1 0.2452 0.0136 0.1357 0.0573 0.0164 0.0138 0.0076 0.0069 0.0068 0.4966 
          62  1 0.0449 0.0124 0.6425 0.0107 0.0459 0.0164 0.0231 0.0434 0.0110 0.1498 
          65  1 0.0150 0.0054 0.0171 0.0238 0.1240 0.0081 0.7695 0.0056 0.0154 0.0160 
          73  1 0.0386 0.0074 0.0211 0.7398 0.0118 0.0117 0.0071 0.1414 0.0159 0.0052 
          75  1 0.0043 0.0072 0.0065 0.0353 0.0106 0.0050 0.0096 0.0035 0.0052 0.9128 
          76  1 0.0091 0.0051 0.0105 0.0049 0.0059 0.0048 0.0039 0.0099 0.0025 0.9433 
          77  1 0.1586 0.0051 0.0109 0.0049 0.0095 0.0045 0.0048 0.0097 0.0055 0.7864 
          78  1 0.0262 0.0058 0.0294 0.6024 0.0254 0.0113 0.0098 0.0159 0.0088 0.2649 
          79  1 0.0064 0.0045 0.0216 0.0797 0.0424 0.0076 0.0094 0.0040 0.0118 0.8125 
          84  1 0.0211 0.7789 0.0564 0.0097 0.0170 0.0254 0.0057 0.0176 0.0588 0.0093 
          85  1 0.0082 0.0077 0.0193 0.0118 0.0207 0.8974 0.0078 0.0063 0.0143 0.0065 
          86  1 0.0072 0.0048 0.0285 0.0147 0.1144 0.7797 0.0083 0.0098 0.0238 0.0087 
          89  1 0.0360 0.5692 0.1005 0.0071 0.0493 0.0148 0.0168 0.1682 0.0175 0.0206 
          94  1 0.0053 0.0061 0.0073 0.0050 0.0065 0.0078 0.0142 0.9408 0.0029 0.0039 
          95  1 0.0168 0.9020 0.0084 0.0130 0.0138 0.0164 0.0146 0.0060 0.0036 0.0054 
          96  1 0.0051 0.0059 0.0077 0.0057 0.0064 0.9435 0.0047 0.0100 0.0055 0.0054 
          98  1 0.5994 0.0053 0.2147 0.0597 0.0205 0.0069 0.0053 0.0084 0.0416 0.0380 
         102  1 0.0141 0.0276 0.0313 0.0061 0.4110 0.0068 0.4631 0.0146 0.0137 0.0117 
         105  1 0.0044 0.0049 0.0047 0.9561 0.0052 0.0044 0.0074 0.0049 0.0042 0.0038 
         106  1 0.0160 0.0808 0.1480 0.1725 0.2796 0.0176 0.0145 0.0036 0.0139 0.2535 
         108  1 0.0382 0.0074 0.0097 0.8133 0.0353 0.0093 0.0488 0.0076 0.0086 0.0219 
         109  1 0.0615 0.0090 0.0650 0.7157 0.0645 0.0165 0.0107 0.0063 0.0079 0.0429 
         112  1 0.1292 0.0105 0.1617 0.0089 0.2592 0.2284 0.0179 0.0468 0.0075 0.1300 
         115  1 0.0544 0.0118 0.0604 0.0154 0.5812 0.0102 0.1969 0.0435 0.0138 0.0124 
         116  1 0.0043 0.0085 0.0250 0.0198 0.0215 0.8925 0.0111 0.0071 0.0057 0.0044 
         117  1 0.0366 0.6863 0.0201 0.0175 0.0258 0.0582 0.0137 0.1190 0.0106 0.0122 
         129  1 0.0070 0.0708 0.0051 0.0056 0.0086 0.8759 0.0074 0.0104 0.0060 0.0032 
         132  1 0.7722 0.0141 0.0175 0.0056 0.0241 0.0072 0.0290 0.1060 0.0151 0.0093 
         133  1 0.6134 0.0065 0.2067 0.0587 0.0123 0.0042 0.0051 0.0060 0.0346 0.0525 
         137  1 0.5011 0.0092 0.0394 0.0111 0.0244 0.0094 0.0088 0.0157 0.0057 0.3751 
         139  1 0.0053 0.0069 0.0090 0.0088 0.0130 0.0080 0.0104 0.0060 0.0083 0.9243 
         140  1 0.0534 0.0364 0.0622 0.7268 0.0389 0.0137 0.0155 0.0055 0.0040 0.0436 
         142  1 0.0206 0.0350 0.2014 0.0081 0.0152 0.0089 0.0074 0.0123 0.0029 0.6882 
         144  1 0.0073 0.0064 0.0052 0.9551 0.0046 0.0039 0.0046 0.0036 0.0036 0.0056 
         145  1 0.0146 0.0064 0.8393 0.0080 0.0107 0.0056 0.0063 0.0041 0.0045 0.1003 
         147  1 0.0061 0.0037 0.0084 0.9218 0.0085 0.0076 0.0050 0.0039 0.0119 0.0232 
         160  1 0.0053 0.0069 0.0043 0.0040 0.0047 0.0067 0.0057 0.9550 0.0037 0.0037 
        162*  1 0.0050 0.0057 0.0090 0.0057 0.0061 0.9409 0.0051 0.0108 0.0061 0.0057 
         166  1 0.9295 0.0095 0.0100 0.0159 0.0056 0.0055 0.0044 0.0044 0.0053 0.0099 
         177  1 0.0054 0.0037 0.0055 0.0035 0.0044 0.0033 0.0032 0.0038 0.0030 0.9642 
         178  1 0.0238 0.0082 0.0159 0.0107 0.0192 0.0119 0.0088 0.0264 0.0331 0.8420 
         186  1 0.0047 0.9619 0.0046 0.0032 0.0042 0.0058 0.0041 0.0046 0.0030 0.0038 
         189  1 0.0040 0.0062 0.0162 0.0038 0.0075 0.9334 0.0059 0.0123 0.0041 0.0066 
         190  1 0.0213 0.0522 0.0266 0.0077 0.0287 0.7283 0.0152 0.0680 0.0410 0.0111 
         191  1 0.0091 0.3097 0.0870 0.0335 0.0236 0.4943 0.0075 0.0157 0.0045 0.0151 
         193  1 0.0315 0.0227 0.8125 0.0115 0.0160 0.0098 0.0083 0.0140 0.0040 0.0696 
         202  1 0.0464 0.0114 0.0637 0.0079 0.5351 0.1018 0.0220 0.1854 0.0193 0.0070 
         204  1 0.0054 0.3401 0.0055 0.0058 0.0059 0.6172 0.0045 0.0086 0.0033 0.0037 
         211  1 0.6340 0.0147 0.0283 0.0448 0.0785 0.0091 0.0164 0.0864 0.0151 0.0730 
         216  1 0.3959 0.0046 0.0098 0.4978 0.0206 0.0065 0.0051 0.0165 0.0121 0.0311 
         222  1 0.0111 0.0047 0.1792 0.6971 0.0433 0.0124 0.0295 0.0039 0.0113 0.0076 
         224  1 0.0049 0.0071 0.0214 0.0088 0.0079 0.9205 0.0077 0.0123 0.0042 0.0052 
         226  1 0.0102 0.9348 0.0058 0.0044 0.0186 0.0067 0.0076 0.0046 0.0030 0.0043 
         229  1 0.0184 0.0215 0.0688 0.0175 0.2640 0.3578 0.0150 0.0678 0.1500 0.0191 
         230  1 0.0094 0.0339 0.0268 0.0141 0.1528 0.6620 0.0137 0.0329 0.0067 0.0476 
         232  1 0.0657 0.1041 0.2891 0.0148 0.1214 0.0546 0.0161 0.2749 0.0059 0.0533 
         238  1 0.0169 0.0050 0.0603 0.0197 0.7243 0.0159 0.1029 0.0062 0.0084 0.0404 
         242  1 0.0103 0.0061 0.0127 0.0079 0.0565 0.0070 0.8597 0.0037 0.0322 0.0037 
         243  1 0.0843 0.0222 0.0472 0.0163 0.3525 0.0078 0.4356 0.0070 0.0064 0.0206 
         244  1 0.0128 0.0056 0.0410 0.0053 0.6775 0.0103 0.1271 0.0087 0.0083 0.1033 
         251  1 0.0137 0.0081 0.0695 0.0090 0.6834 0.0202 0.0914 0.0753 0.0148 0.0145 
         266  1 0.1184 0.0085 0.0433 0.0090 0.3654 0.0089 0.0705 0.0049 0.0386 0.3324 
         267  1 0.1169 0.0440 0.0213 0.7198 0.0381 0.0144 0.0161 0.0061 0.0117 0.0116 
         268  1 0.3073 0.0060 0.0187 0.0574 0.0214 0.0047 0.0061 0.0384 0.0797 0.4604 
         270  1 0.0076 0.0193 0.0107 0.0120 0.0100 0.9008 0.0088 0.0197 0.0065 0.0046 
         276  1 0.0316 0.2562 0.0813 0.0328 0.0383 0.4836 0.0148 0.0205 0.0086 0.0322 
         298  1 0.0693 0.0197 0.0190 0.5955 0.0281 0.0070 0.0115 0.0116 0.0271 0.2111 
         306  1 0.5857 0.0074 0.3238 0.0104 0.0264 0.0076 0.0120 0.0050 0.0073 0.0143 
         308  1 0.0341 0.0081 0.0561 0.0758 0.1057 0.0129 0.0319 0.0805 0.0091 0.5858 
         311  1 0.0503 0.0074 0.4782 0.1130 0.2582 0.0175 0.0378 0.0141 0.0154 0.0081 
         323  1 0.0051 0.9482 0.0055 0.0070 0.0057 0.0077 0.0079 0.0046 0.0040 0.0042 
         327  1 0.0354 0.0226 0.0216 0.0097 0.0652 0.5904 0.0170 0.2167 0.0150 0.0064 
         334  1 0.0045 0.0029 0.0035 0.0058 0.0045 0.0046 0.0056 0.0054 0.9593 0.0039 
         338  1 0.0828 0.0227 0.4057 0.1784 0.2047 0.0330 0.0162 0.0301 0.0106 0.0157 
         341  1 0.0276 0.9102 0.0078 0.0059 0.0109 0.0071 0.0129 0.0069 0.0051 0.0055 
         346  1 0.5525 0.0109 0.0143 0.0052 0.0133 0.0083 0.0058 0.0343 0.0042 0.3512 
         348  1 0.0118 0.0074 0.1538 0.5784 0.0498 0.0080 0.0157 0.0065 0.0117 0.1570 
         351  1 0.4430 0.0149 0.0347 0.0078 0.2001 0.0091 0.0973 0.0399 0.1411 0.0120 
         362  1 0.0072 0.1425 0.0083 0.0066 0.0103 0.7486 0.0060 0.0610 0.0047 0.0049 
         364  1 0.0394 0.0116 0.0204 0.0077 0.0468 0.0059 0.8259 0.0120 0.0190 0.0113 
         366  1 0.0301 0.0106 0.0173 0.0216 0.0892 0.0155 0.7969 0.0065 0.0046 0.0077 
         376  1 0.0096 0.8993 0.0172 0.0032 0.0092 0.0242 0.0058 0.0134 0.0036 0.0145 
         377  1 0.0190 0.0287 0.2103 0.0504 0.0895 0.3137 0.0131 0.2608 0.0045 0.0100 
         378  1 0.0152 0.0137 0.0124 0.0053 0.0067 0.0061 0.0038 0.9184 0.0039 0.0145 
         388  1 0.2739 0.0105 0.0700 0.4936 0.0434 0.0148 0.0169 0.0372 0.0273 0.0124 
         391  1 0.2218 0.4454 0.0863 0.0133 0.0642 0.0078 0.0126 0.1359 0.0035 0.0092 
         401  1 0.0071 0.0663 0.1144 0.0060 0.5159 0.1584 0.0467 0.0094 0.0202 0.0555 
         406  1 0.3523 0.1046 0.2369 0.0576 0.1461 0.0146 0.0395 0.0141 0.0063 0.0282 
         412  1 0.2424 0.0236 0.5538 0.0293 0.0606 0.0234 0.0165 0.0273 0.0050 0.0180 
         413  1 0.0117 0.0036 0.6865 0.0157 0.0275 0.0182 0.0264 0.0056 0.1228 0.0819 
         421  1 0.0290 0.0176 0.1011 0.0141 0.0566 0.7274 0.0127 0.0092 0.0074 0.0249 
         423  1 0.0063 0.0150 0.1520 0.0391 0.0465 0.6963 0.0224 0.0091 0.0057 0.0077 
         424  1 0.3478 0.2120 0.3048 0.0173 0.0391 0.0106 0.0258 0.0204 0.0071 0.0149 
         426  1 0.0881 0.0960 0.0505 0.0097 0.0500 0.0309 0.0235 0.6192 0.0113 0.0207 
         430  1 0.3702 0.0179 0.5146 0.0177 0.0141 0.0093 0.0056 0.0096 0.0119 0.0290 
         435  1 0.0162 0.0046 0.3306 0.0276 0.0087 0.0065 0.0039 0.0115 0.0033 0.5870 
         476  1 0.0080 0.7479 0.0172 0.0045 0.0439 0.1193 0.0209 0.0127 0.0044 0.0212 
         478  1 0.0139 0.6903 0.0145 0.0088 0.0242 0.1914 0.0277 0.0161 0.0069 0.0062 
         484  1 0.3158 0.0192 0.0319 0.5358 0.0167 0.0064 0.0057 0.0087 0.0105 0.0493 
         489  1 0.0392 0.0067 0.2149 0.1508 0.0173 0.0386 0.0049 0.5163 0.0049 0.0063 
         492  1 0.0052 0.0031 0.0042 0.0040 0.0036 0.0030 0.0037 0.0033 0.9665 0.0034 
         493  1 0.0103 0.0074 0.0158 0.0075 0.0240 0.0082 0.9059 0.0109 0.0038 0.0062 
         494  1 0.0058 0.0106 0.0181 0.0072 0.1813 0.0193 0.7050 0.0353 0.0102 0.0071 
         500  1 0.0061 0.0612 0.0066 0.0043 0.0271 0.8726 0.0075 0.0077 0.0028 0.0041 
         504  1 0.0856 0.0103 0.0267 0.5663 0.0807 0.0495 0.0241 0.0656 0.0693 0.0219 
         506  1 0.0081 0.0119 0.0082 0.9341 0.0066 0.0147 0.0051 0.0043 0.0032 0.0037 
