

----------------------------------------------------
STRUCTURE by Pritchard, Stephens and Donnelly (2000)
     and Falush, Stephens and Pritchard (2003)
       Code by Pritchard, Falush and Hubisz
             Version 2.3.4 (Jul 2012)
----------------------------------------------------



Command line arguments:   bin\structure -m M:\STRUCTURE\Squirrel_133_ID_14L_20250816\10k_Burnin_100k_MCMC\mainparams -e M:\STRUCTURE\Squirrel_133_ID_14L_20250816\10k_Burnin_100k_MCMC\extraparams 
Input File:    M:\STRUCTURE\Squirrel_133_ID_14L_20250816\project_data

Run parameters:
   133 individuals
   14 loci
   3 populations assumed
   10000 Burn-in period
   100000 Reps


--------------------------------------------
Proportion of membership of each pre-defined
 population in each of the 3 clusters

Given    Inferred Clusters       Number of
 Pop       1      2      3      Individuals

  1:     0.427  0.369  0.204      133
--------------------------------------------

Allele-freq. divergence among pops (Net nucleotide distance),
computed using point estimates of P.

      1       2       3      
 1      -    0.0453  0.0378  
 2   0.0453     -    0.0392  
 3   0.0378  0.0392     -    

Average distances (expected heterozygosity) between individuals in same cluster:
cluster  1  : 0.5450 
cluster  2  : 0.6065 
cluster  3  : 0.6702 

--------------------------------------------
Estimated Ln Prob of Data   = -4499.9
Mean value of ln likelihood = -4391.0
Variance of ln likelihood   = 217.8
Mean value of alpha         = 0.0391

Mean value of lambda        = 1.0319

Mean value of Fst_1         = 0.1521
Mean value of Fst_2         = 0.1354
Mean value of Fst_3         = 0.0280


Inferred ancestry of individuals:
        Label (%Miss) Pop:  Inferred clusters (and 90% probability intervals)
  1       1*    (0)    1 :  0.015 0.017 0.968     (0.000,0.091) (0.000,0.106) (0.790,1.000) 
  2        3    (0)    1 :  0.980 0.012 0.008     (0.873,1.000) (0.000,0.067) (0.000,0.044) 
  3        6    (0)    1 :  0.970 0.023 0.007     (0.804,1.000) (0.000,0.156) (0.000,0.038) 
  4        8    (0)    1 :  0.981 0.006 0.013     (0.888,1.000) (0.000,0.029) (0.000,0.072) 
  5       10    (0)    1 :  0.984 0.005 0.011     (0.913,1.000) (0.000,0.027) (0.000,0.047) 
  6       11    (0)    1 :  0.122 0.027 0.851     (0.000,0.928) (0.000,0.194) (0.000,1.000) 
  7       12    (0)    1 :  0.975 0.010 0.014     (0.864,1.000) (0.000,0.048) (0.000,0.070) 
  8       16    (7)    1 :  0.985 0.006 0.009     (0.907,1.000) (0.000,0.032) (0.000,0.047) 
  9       18    (0)    1 :  0.009 0.005 0.986     (0.000,0.050) (0.000,0.026) (0.914,1.000) 
 10       19    (0)    1 :  0.025 0.032 0.942     (0.000,0.178) (0.000,0.235) (0.625,1.000) 
 11       21    (7)    1 :  0.982 0.008 0.009     (0.888,1.000) (0.000,0.045) (0.000,0.050) 
 12       23    (7)    1 :  0.729 0.238 0.033     (0.000,1.000) (0.000,1.000) (0.000,0.199) 
 13       24    (7)    1 :  0.362 0.018 0.620     (0.000,1.000) (0.000,0.114) (0.000,1.000) 
 14       25    (7)    1 :  0.910 0.032 0.057     (0.475,1.000) (0.000,0.250) (0.000,0.413) 
 15      26*    (0)    1 :  0.980 0.005 0.015     (0.870,1.000) (0.000,0.024) (0.000,0.106) 
 16       28    (0)    1 :  0.989 0.005 0.005     (0.935,1.000) (0.000,0.027) (0.000,0.027) 
 17       29    (0)    1 :  0.966 0.006 0.028     (0.824,1.000) (0.000,0.031) (0.000,0.137) 
 18       30    (0)    1 :  0.668 0.225 0.107     (0.000,1.000) (0.000,0.959) (0.000,0.991) 
 19       33    (0)    1 :  0.005 0.016 0.979     (0.000,0.026) (0.000,0.108) (0.865,1.000) 
 20       37    (0)    1 :  0.016 0.007 0.977     (0.000,0.100) (0.000,0.040) (0.852,1.000) 
 21       38    (0)    1 :  0.013 0.005 0.983     (0.000,0.074) (0.000,0.023) (0.895,1.000) 
 22       43    (0)    1 :  0.977 0.007 0.016     (0.859,1.000) (0.000,0.040) (0.000,0.093) 
 23       44    (0)    1 :  0.984 0.009 0.007     (0.901,1.000) (0.000,0.049) (0.000,0.036) 
 24       48    (0)    1 :  0.009 0.005 0.986     (0.000,0.046) (0.000,0.025) (0.918,1.000) 
 25       55    (0)    1 :  0.976 0.015 0.009     (0.845,1.000) (0.000,0.095) (0.000,0.047) 
 26       59    (0)    1 :  0.979 0.009 0.012     (0.873,1.000) (0.000,0.052) (0.000,0.060) 
 27       60    (0)    1 :  0.017 0.816 0.168     (0.000,0.107) (0.000,1.000) (0.000,1.000) 
 28       61    (0)    1 :  0.009 0.985 0.007     (0.000,0.046) (0.906,1.000) (0.000,0.033) 
 29       62    (0)    1 :  0.056 0.913 0.032     (0.000,0.404) (0.322,1.000) (0.000,0.185) 
 30       65    (0)    1 :  0.006 0.014 0.980     (0.000,0.030) (0.000,0.096) (0.868,1.000) 
 31       73    (0)    1 :  0.051 0.926 0.023     (0.000,0.349) (0.594,1.000) (0.000,0.157) 
 32       75    (0)    1 :  0.006 0.977 0.017     (0.000,0.033) (0.853,1.000) (0.000,0.113) 
 33       76    (0)    1 :  0.007 0.988 0.005     (0.000,0.037) (0.926,1.000) (0.000,0.026) 
 34       77    (0)    1 :  0.007 0.983 0.010     (0.000,0.036) (0.897,1.000) (0.000,0.052) 
 35       78    (0)    1 :  0.007 0.986 0.007     (0.000,0.038) (0.914,1.000) (0.000,0.036) 
 36       79    (0)    1 :  0.005 0.979 0.016     (0.000,0.024) (0.864,1.000) (0.000,0.114) 
 37       84    (0)    1 :  0.964 0.024 0.012     (0.761,1.000) (0.000,0.178) (0.000,0.070) 
 38       85    (0)    1 :  0.946 0.017 0.037     (0.660,1.000) (0.000,0.110) (0.000,0.251) 
 39       86    (0)    1 :  0.848 0.040 0.111     (0.203,1.000) (0.000,0.306) (0.000,0.743) 
 40       89    (0)    1 :  0.953 0.024 0.022     (0.700,1.000) (0.000,0.156) (0.000,0.149) 
 41       94    (0)    1 :  0.908 0.005 0.086     (0.179,1.000) (0.000,0.025) (0.000,0.795) 
 42       95    (0)    1 :  0.949 0.022 0.029     (0.684,1.000) (0.000,0.158) (0.000,0.150) 
 43       96    (0)    1 :  0.984 0.009 0.007     (0.907,1.000) (0.000,0.048) (0.000,0.031) 
 44       98    (0)    1 :  0.009 0.981 0.009     (0.000,0.051) (0.883,1.000) (0.000,0.049) 
 45      102    (0)    1 :  0.019 0.011 0.970     (0.000,0.132) (0.000,0.074) (0.801,1.000) 
 46      105    (0)    1 :  0.011 0.968 0.021     (0.000,0.066) (0.795,1.000) (0.000,0.146) 
 47      106    (0)    1 :  0.067 0.898 0.035     (0.000,0.333) (0.563,1.000) (0.000,0.207) 
 48      108    (0)    1 :  0.016 0.907 0.077     (0.000,0.105) (0.481,1.000) (0.000,0.497) 
 49      109    (0)    1 :  0.020 0.971 0.010     (0.000,0.147) (0.805,1.000) (0.000,0.050) 
 50      112    (0)    1 :  0.708 0.218 0.074     (0.000,1.000) (0.000,1.000) (0.000,0.610) 
 51      115    (0)    1 :  0.023 0.020 0.957     (0.000,0.138) (0.000,0.116) (0.726,1.000) 
 52      116    (0)    1 :  0.950 0.017 0.033     (0.687,1.000) (0.000,0.104) (0.000,0.235) 
 53      117    (0)    1 :  0.972 0.020 0.008     (0.823,1.000) (0.000,0.131) (0.000,0.041) 
 54      129    (0)    1 :  0.991 0.004 0.005     (0.946,1.000) (0.000,0.019) (0.000,0.026) 
 55      132    (0)    1 :  0.064 0.370 0.566     (0.000,0.463) (0.000,1.000) (0.000,1.000) 
 56      133    (0)    1 :  0.006 0.987 0.007     (0.000,0.032) (0.919,1.000) (0.000,0.036) 
 57      137    (7)    1 :  0.014 0.977 0.008     (0.000,0.082) (0.858,1.000) (0.000,0.042) 
 58      139    (0)    1 :  0.010 0.958 0.032     (0.000,0.057) (0.736,1.000) (0.000,0.216) 
 59      140    (0)    1 :  0.013 0.975 0.012     (0.000,0.071) (0.850,1.000) (0.000,0.058) 
 60      142    (0)    1 :  0.012 0.980 0.008     (0.000,0.070) (0.873,1.000) (0.000,0.044) 
 61      144    (0)    1 :  0.006 0.986 0.007     (0.000,0.033) (0.916,1.000) (0.000,0.039) 
 62      145    (0)    1 :  0.015 0.976 0.009     (0.000,0.077) (0.858,1.000) (0.000,0.042) 
 63      147    (0)    1 :  0.007 0.986 0.007     (0.000,0.035) (0.912,1.000) (0.000,0.039) 
 64      160    (0)    1 :  0.973 0.007 0.020     (0.870,1.000) (0.000,0.036) (0.000,0.072) 
 65     162*    (0)    1 :  0.983 0.009 0.007     (0.896,1.000) (0.000,0.052) (0.000,0.039) 
 66      166    (0)    1 :  0.007 0.986 0.007     (0.000,0.033) (0.921,1.000) (0.000,0.033) 
 67      177    (0)    1 :  0.005 0.989 0.006     (0.000,0.023) (0.933,1.000) (0.000,0.034) 
 68      178    (0)    1 :  0.012 0.977 0.011     (0.000,0.076) (0.850,1.000) (0.000,0.059) 
 69      186    (0)    1 :  0.984 0.007 0.009     (0.902,1.000) (0.000,0.037) (0.000,0.047) 
 70      189    (0)    1 :  0.984 0.007 0.009     (0.907,1.000) (0.000,0.034) (0.000,0.044) 
 71      190    (0)    1 :  0.979 0.009 0.012     (0.870,1.000) (0.000,0.047) (0.000,0.066) 
 72      191    (0)    1 :  0.979 0.014 0.007     (0.868,1.000) (0.000,0.088) (0.000,0.036) 
 73      193    (0)    1 :  0.101 0.889 0.010     (0.000,0.993) (0.000,1.000) (0.000,0.051) 
 74      202    (0)    1 :  0.706 0.020 0.274     (0.000,1.000) (0.000,0.130) (0.000,1.000) 
 75      204    (0)    1 :  0.992 0.004 0.004     (0.951,1.000) (0.000,0.020) (0.000,0.021) 
 76      211    (0)    1 :  0.025 0.939 0.036     (0.000,0.176) (0.602,1.000) (0.000,0.197) 
 77      216    (0)    1 :  0.007 0.987 0.006     (0.000,0.037) (0.921,1.000) (0.000,0.029) 
 78      222    (0)    1 :  0.010 0.924 0.065     (0.000,0.052) (0.478,1.000) (0.000,0.502) 
 79      224    (0)    1 :  0.978 0.010 0.012     (0.863,1.000) (0.000,0.052) (0.000,0.068) 
 80      226    (0)    1 :  0.932 0.012 0.056     (0.581,1.000) (0.000,0.072) (0.000,0.387) 
 81      229    (0)    1 :  0.816 0.040 0.144     (0.000,1.000) (0.000,0.303) (0.000,0.986) 
 82      230    (0)    1 :  0.915 0.036 0.049     (0.559,1.000) (0.000,0.228) (0.000,0.322) 
 83      232    (0)    1 :  0.935 0.048 0.017     (0.571,1.000) (0.000,0.361) (0.000,0.082) 
 84      238    (0)    1 :  0.016 0.173 0.811     (0.000,0.110) (0.000,0.787) (0.182,1.000) 
 85      242    (0)    1 :  0.006 0.005 0.990     (0.000,0.030) (0.000,0.024) (0.937,1.000) 
 86      243    (0)    1 :  0.019 0.056 0.924     (0.000,0.128) (0.000,0.392) (0.555,1.000) 
 87      244    (0)    1 :  0.011 0.035 0.954     (0.000,0.070) (0.000,0.261) (0.700,1.000) 
 88      251    (0)    1 :  0.047 0.030 0.923     (0.000,0.359) (0.000,0.211) (0.530,1.000) 
 89      266    (0)    1 :  0.009 0.641 0.350     (0.000,0.045) (0.000,1.000) (0.000,1.000) 
 90      267    (0)    1 :  0.037 0.945 0.018     (0.000,0.281) (0.656,1.000) (0.000,0.115) 
 91      268    (0)    1 :  0.007 0.983 0.010     (0.000,0.038) (0.895,1.000) (0.000,0.052) 
 92      270    (0)    1 :  0.980 0.008 0.012     (0.878,1.000) (0.000,0.043) (0.000,0.063) 
 93      276    (0)    1 :  0.954 0.033 0.013     (0.687,1.000) (0.000,0.250) (0.000,0.073) 
 94      298    (7)    1 :  0.007 0.984 0.009     (0.000,0.040) (0.900,1.000) (0.000,0.047) 
 95      306    (0)    1 :  0.007 0.965 0.028     (0.000,0.034) (0.807,1.000) (0.000,0.148) 
 96      308    (0)    1 :  0.014 0.966 0.020     (0.000,0.088) (0.785,1.000) (0.000,0.123) 
 97      311    (7)    1 :  0.022 0.778 0.200     (0.000,0.147) (0.000,1.000) (0.000,1.000) 
 98      323    (0)    1 :  0.970 0.012 0.018     (0.810,1.000) (0.000,0.070) (0.000,0.103) 
 99      327    (0)    1 :  0.976 0.009 0.016     (0.855,1.000) (0.000,0.047) (0.000,0.081) 
100      334    (0)    1 :  0.006 0.013 0.981     (0.000,0.029) (0.000,0.081) (0.882,1.000) 
101      338    (0)    1 :  0.041 0.935 0.024     (0.000,0.272) (0.574,1.000) (0.000,0.122) 
102      341    (0)    1 :  0.939 0.029 0.033     (0.624,1.000) (0.000,0.201) (0.000,0.212) 
103      346    (0)    1 :  0.043 0.942 0.015     (0.000,0.320) (0.604,1.000) (0.000,0.069) 
104      348    (0)    1 :  0.006 0.983 0.011     (0.000,0.034) (0.895,1.000) (0.000,0.058) 
105      351    (0)    1 :  0.018 0.030 0.952     (0.000,0.114) (0.000,0.201) (0.693,1.000) 
106      362    (0)    1 :  0.990 0.005 0.005     (0.940,1.000) (0.000,0.027) (0.000,0.024) 
107      364    (0)    1 :  0.008 0.012 0.980     (0.000,0.044) (0.000,0.072) (0.870,1.000) 
108      366    (0)    1 :  0.017 0.020 0.963     (0.000,0.105) (0.000,0.116) (0.767,1.000) 
109      376    (0)    1 :  0.985 0.007 0.008     (0.909,1.000) (0.000,0.035) (0.000,0.042) 
110      377    (7)    1 :  0.889 0.084 0.027     (0.430,1.000) (0.000,0.505) (0.000,0.169) 
111      378    (0)    1 :  0.980 0.013 0.006     (0.887,1.000) (0.000,0.072) (0.000,0.029) 
112      388    (0)    1 :  0.019 0.953 0.028     (0.000,0.132) (0.697,1.000) (0.000,0.187) 
113      391    (0)    1 :  0.774 0.189 0.037     (0.000,1.000) (0.000,1.000) (0.000,0.239) 
114      401    (0)    1 :  0.415 0.075 0.510     (0.000,0.986) (0.000,0.477) (0.000,1.000) 
115      406    (0)    1 :  0.063 0.850 0.086     (0.000,0.484) (0.000,1.000) (0.000,0.825) 
116      412    (7)    1 :  0.069 0.905 0.026     (0.000,0.543) (0.309,1.000) (0.000,0.134) 
117      413    (0)    1 :  0.013 0.921 0.066     (0.000,0.068) (0.543,1.000) (0.000,0.426) 
118      421    (0)    1 :  0.933 0.045 0.022     (0.585,1.000) (0.000,0.347) (0.000,0.149) 
119      423    (0)    1 :  0.843 0.066 0.091     (0.000,1.000) (0.000,0.487) (0.000,0.798) 
120      424    (0)    1 :  0.190 0.768 0.042     (0.000,1.000) (0.000,1.000) (0.000,0.272) 
121      426    (0)    1 :  0.970 0.017 0.013     (0.813,1.000) (0.000,0.097) (0.000,0.072) 
122      430    (7)    1 :  0.018 0.976 0.006     (0.000,0.104) (0.857,1.000) (0.000,0.031) 
123      435    (0)    1 :  0.008 0.988 0.004     (0.000,0.040) (0.929,1.000) (0.000,0.022) 
124      476    (0)    1 :  0.972 0.006 0.021     (0.823,1.000) (0.000,0.032) (0.000,0.151) 
125      478    (0)    1 :  0.986 0.006 0.008     (0.911,1.000) (0.000,0.033) (0.000,0.043) 
126      484    (0)    1 :  0.008 0.985 0.006     (0.000,0.048) (0.908,1.000) (0.000,0.032) 
127      489    (0)    1 :  0.742 0.239 0.018     (0.000,1.000) (0.000,1.000) (0.000,0.081) 
128      492   (14)    1 :  0.006 0.017 0.977     (0.000,0.031) (0.000,0.107) (0.853,1.000) 
129      493    (0)    1 :  0.008 0.008 0.983     (0.000,0.045) (0.000,0.046) (0.896,1.000) 
130      494    (0)    1 :  0.023 0.007 0.970     (0.000,0.159) (0.000,0.038) (0.806,1.000) 
131      500    (0)    1 :  0.984 0.004 0.012     (0.924,1.000) (0.000,0.021) (0.000,0.045) 
132      504    (0)    1 :  0.063 0.831 0.106     (0.000,0.410) (0.287,1.000) (0.000,0.629) 
133      506    (0)    1 :  0.065 0.925 0.009     (0.000,0.427) (0.557,1.000) (0.000,0.046) 


Estimated Allele Frequencies in each cluster
First column gives estimated ancestral frequencies


Locus 1 : Rsu5 
5 alleles
0.0% missing data
 137   (0.673) 0.948 0.698 0.657 
 135   (0.106) 0.025 0.048 0.101 
 139   (0.152) 0.023 0.040 0.202 
 133   (0.028) 0.001 0.002 0.022 
 131   (0.041) 0.002 0.212 0.018 

Locus 2 : Scv1 
5 alleles
0.0% missing data
 181   (0.541) 0.752 0.349 0.610 
 179   (0.202) 0.091 0.214 0.204 
 177   (0.103) 0.051 0.186 0.071 
 185   (0.120) 0.104 0.249 0.080 
 171   (0.033) 0.002 0.002 0.035 

Locus 3 : Rsu4 
9 alleles
0.0% missing data
 267   (0.235) 0.185 0.089 0.287 
 263   (0.290) 0.464 0.427 0.266 
 259   (0.035) 0.186 0.002 0.015 
 287   (0.159) 0.137 0.210 0.137 
 275   (0.056) 0.003 0.007 0.084 
 279   (0.088) 0.007 0.083 0.096 
 283   (0.061) 0.003 0.176 0.047 
 291   (0.042) 0.014 0.003 0.034 
 271   (0.033) 0.002 0.002 0.035 

Locus 4 : Rsu6 
5 alleles
0.0% missing data
 120   (0.247) 0.323 0.219 0.227 
 126   (0.603) 0.516 0.770 0.631 
 124   (0.078) 0.151 0.006 0.067 
 130   (0.045) 0.002 0.003 0.062 
 114   (0.027) 0.009 0.002 0.012 

Locus 5 : Scv23 
3 alleles
0.8% missing data
 158   (0.486) 0.556 0.626 0.473 
 164   (0.242) 0.191 0.118 0.264 
 160   (0.272) 0.253 0.256 0.263 

Locus 6 : Scv13 
5 alleles
0.0% missing data
 182   (0.697) 0.891 0.806 0.697 
 180   (0.093) 0.089 0.006 0.102 
 172   (0.074) 0.004 0.129 0.063 
 184   (0.085) 0.013 0.012 0.102 
 174   (0.050) 0.002 0.046 0.036 

Locus 7 : Scv32 
18 alleles
0.8% missing data
 236   (0.049) 0.002 0.004 0.098 
 238   (0.047) 0.002 0.091 0.039 
 234   (0.096) 0.151 0.381 0.067 
 246   (0.039) 0.179 0.008 0.019 
 248   (0.103) 0.154 0.020 0.140 
 262   (0.095) 0.151 0.066 0.084 
 232   (0.202) 0.121 0.203 0.284 
 250   (0.033) 0.071 0.004 0.018 
 228   (0.028) 0.001 0.002 0.034 
 220   (0.036) 0.113 0.002 0.022 
 264   (0.062) 0.024 0.033 0.053 
 252   (0.038) 0.008 0.061 0.018 
 254   (0.040) 0.002 0.070 0.028 
 242   (0.027) 0.001 0.002 0.034 
 266   (0.027) 0.001 0.028 0.014 
 244   (0.034) 0.008 0.021 0.017 
 226   (0.022) 0.008 0.001 0.011 
 240   (0.022) 0.001 0.001 0.020 

Locus 8 : Scv8 
6 alleles
0.8% missing data
 200   (0.617) 0.769 0.598 0.659 
 202   (0.103) 0.005 0.077 0.129 
 194   (0.084) 0.102 0.073 0.049 
 204   (0.052) 0.047 0.004 0.040 
 198   (0.083) 0.074 0.007 0.084 
 188   (0.060) 0.003 0.241 0.040 

Locus 9 : Scv9 
5 alleles
0.0% missing data
 198   (0.290) 0.317 0.456 0.270 
 200   (0.372) 0.431 0.181 0.439 
 196   (0.256) 0.198 0.312 0.254 
 204   (0.056) 0.052 0.041 0.026 
 202   (0.026) 0.001 0.011 0.012 

Locus 10 : Rsu1 
6 alleles
0.0% missing data
 189   (0.360) 0.185 0.213 0.464 
 185   (0.238) 0.184 0.499 0.212 
 177   (0.082) 0.069 0.034 0.058 
 181   (0.246) 0.301 0.248 0.232 
 193   (0.038) 0.152 0.002 0.018 
 197   (0.036) 0.110 0.002 0.017 

Locus 11 : Scv14 
7 alleles
4.5% missing data
 196   (0.460) 0.849 0.617 0.437 
 198   (0.094) 0.005 0.090 0.110 
 194   (0.158) 0.065 0.090 0.171 
 202   (0.207) 0.072 0.193 0.227 
 204   (0.027) 0.001 0.002 0.022 
 190   (0.027) 0.006 0.002 0.016 
 200   (0.027) 0.001 0.006 0.017 

Locus 12 : Scv16 
7 alleles
0.0% missing data
 182   (0.359) 0.513 0.492 0.337 
 184   (0.437) 0.410 0.390 0.490 
 188   (0.088) 0.070 0.006 0.103 
 200   (0.026) 0.001 0.002 0.022 
 198   (0.033) 0.002 0.069 0.014 
 190   (0.030) 0.002 0.040 0.013 
 186   (0.026) 0.001 0.002 0.021 

Locus 13 : Scv31 
15 alleles
3.0% missing data
 193   (0.131) 0.151 0.143 0.127 
 201   (0.118) 0.053 0.026 0.167 
 187   (0.067) 0.229 0.051 0.038 
 207   (0.030) 0.138 0.002 0.013 
 195   (0.057) 0.066 0.097 0.027 
 185   (0.144) 0.095 0.303 0.140 
 189   (0.091) 0.036 0.006 0.152 
 205   (0.024) 0.001 0.002 0.021 
 191   (0.112) 0.188 0.259 0.084 
 197   (0.039) 0.010 0.061 0.020 
 199   (0.055) 0.003 0.042 0.057 
 203   (0.035) 0.002 0.002 0.047 
 209   (0.030) 0.001 0.002 0.034 
 213   (0.039) 0.002 0.003 0.060 
 181   (0.027) 0.026 0.002 0.012 

Locus 14 : Scv6 
8 alleles
0.0% missing data
 191   (0.140) 0.133 0.015 0.181 
 195   (0.332) 0.537 0.441 0.305 
 197   (0.172) 0.285 0.242 0.133 
 201   (0.101) 0.006 0.056 0.137 
 205   (0.033) 0.002 0.002 0.035 
 193   (0.094) 0.006 0.133 0.099 
 199   (0.096) 0.030 0.108 0.074 
 181   (0.033) 0.002 0.002 0.035 

Values of parameters used in structure:
DATAFILE=M:\STRUCTURE\Squirrel_133_ID_14L_20250816\project_data,	OUTFILE=M:\STRUCTURE\Squirrel_133_ID_14L_20250816\10k_Burnin_100k_MCMC\Results\10k_Burnin_100k_MCMC_run_55,	NUMINDS=133,	NUMLOCI=14,	MISSING=-9,	LABEL=1,	POPDATA=1,	POPFLAG=0,	PHENOTYPE=0,	EXTRACOLS=1,	MAXPOPS=3,	BURNIN=10000,	NUMREPS=100000,	USEPOPINFO=0,	INFERALPHA=1,	INFERLAMBDA=1,	POPSPECIFICLAMBDA=0,	POPALPHAS=0,	COMPUTEPROB=1,	NOADMIX=0,	ADMBURNIN=2500,	UPDATEFREQ=1,	PRINTLIKES=0,	INTERMEDSAVE=0,	PRINTKLD=0,	PRINTNET=0,	PRINTLAMBDA=0,	ANCESTDIST=1,	NUMBOXES=1000,	ANCESTPINT=0.90000,	GENSBACK=2,	MIGRPRIOR=0.05000,	PRINTQHAT=1,	PRINTQSUM=0,	ALPHA=1.0000,	FREQSCORR=1,	FPRIORMEAN=0.0100,	FPRIORSD=0.0500,	ONEFST=0,	LAMBDA=1.0000,	UNIFPRIORALPHA=1,	ALPHAMAX=10.0000,	ALPHAPRIORA=1.0000,	ALPHAPRIORB=2.0000,	ALPHAPROPSD=0.0250,	STARTATPOPINFO=0,	RANDOMIZE=1,	LINKAGE=0,	METROFREQ=10,	REPORTHITRATE=0,	MARKOVPHASE=-1,	PHASED=0,	PLOIDY=2,	PHASEINFO=0	LOCPRIOR=0, 	LOCPRIORINIT=1.000000, 	LOCDATA=0, 	LOCISPOP=0, 	LOCPRIORSTEP=0.100000, 	MAXLOCPRIOR=20.000000, 	SEED=1763712785,	
[STRAT parameters]:    NUMSIMSTATS=1000,	PHENOTYPECOL=-9,	POOLFREQ=10,	LOCUSxONLY=0,	EMERROR=0.00100,	MISSINGPHENO=-9,	