          1*  1 0.0264 0.6158 0.0100 0.0134 0.0096 0.0293 0.0089 0.0740 0.2076 0.0050 
           3  1 0.0041 0.0052 0.0087 0.9469 0.0060 0.0051 0.0070 0.0058 0.0074 0.0039 
           6  1 0.0060 0.0055 0.0101 0.8992 0.0182 0.0074 0.0149 0.0095 0.0191 0.0100 
           8  1 0.0099 0.0136 0.0121 0.0081 0.9112 0.0197 0.0065 0.0108 0.0047 0.0034 
          10  1 0.0118 0.0065 0.0034 0.0091 0.0437 0.9042 0.0042 0.0081 0.0049 0.0042 
          11  1 0.0234 0.1076 0.0087 0.0192 0.0340 0.0127 0.0476 0.6868 0.0338 0.0262 
          12  1 0.0035 0.0044 0.0036 0.0057 0.0054 0.9548 0.0059 0.0049 0.0072 0.0044 
          16  1 0.0048 0.0056 0.0044 0.9393 0.0157 0.0071 0.0070 0.0065 0.0051 0.0045 
          18  1 0.0036 0.9462 0.0060 0.0067 0.0092 0.0057 0.0071 0.0079 0.0040 0.0035 
          19  1 0.0054 0.0633 0.0252 0.0122 0.0226 0.0095 0.0167 0.8108 0.0063 0.0281 
          21  1 0.0061 0.0053 0.0049 0.9222 0.0241 0.0068 0.0101 0.0076 0.0063 0.0064 
          23  1 0.0093 0.0116 0.0098 0.0178 0.0144 0.4324 0.1438 0.0452 0.2845 0.0312 
          24  1 0.2039 0.0346 0.0086 0.0158 0.0956 0.3767 0.0184 0.2051 0.0162 0.0249 
          25  1 0.0168 0.0126 0.0055 0.0543 0.1095 0.4214 0.0383 0.0683 0.2671 0.0062 
         26*  1 0.0421 0.0157 0.0068 0.2317 0.4207 0.2063 0.0076 0.0486 0.0160 0.0044 
          28  1 0.0135 0.0054 0.0054 0.0334 0.8066 0.0991 0.0068 0.0087 0.0154 0.0057 
          29  1 0.0194 0.0127 0.0053 0.0062 0.0277 0.9013 0.0056 0.0113 0.0050 0.0055 
          30  1 0.0162 0.0202 0.3205 0.1637 0.1602 0.1911 0.0133 0.0832 0.0252 0.0064 
          33  1 0.0088 0.7082 0.0164 0.0058 0.0046 0.0054 0.0072 0.1536 0.0221 0.0678 
          37  1 0.0147 0.8723 0.0060 0.0090 0.0090 0.0427 0.0092 0.0165 0.0128 0.0079 
          38  1 0.0119 0.9096 0.0047 0.0090 0.0100 0.0139 0.0061 0.0260 0.0046 0.0043 
          43  1 0.0164 0.0071 0.0078 0.0331 0.1454 0.7467 0.0067 0.0125 0.0176 0.0066 
          44  1 0.0034 0.0068 0.0197 0.2555 0.6737 0.0058 0.0147 0.0105 0.0048 0.0052 
          48  1 0.0042 0.9469 0.0061 0.0094 0.0056 0.0065 0.0067 0.0072 0.0042 0.0032 
          55  1 0.0148 0.0086 0.0134 0.0921 0.7772 0.0073 0.0145 0.0206 0.0443 0.0071 
          59  1 0.0046 0.0069 0.0081 0.9469 0.0071 0.0046 0.0054 0.0065 0.0063 0.0037 
          60  1 0.0044 0.0117 0.0051 0.0090 0.0043 0.0227 0.0085 0.0107 0.9132 0.0102 
          61  1 0.0103 0.0074 0.0508 0.0148 0.0140 0.0076 0.1341 0.0193 0.2281 0.5136 
          62  1 0.0197 0.0211 0.0119 0.0145 0.0147 0.0454 0.6080 0.0622 0.0308 0.1717 
          65  1 0.0187 0.7565 0.0236 0.0052 0.0085 0.0058 0.0087 0.1416 0.0169 0.0145 
          73  1 0.0160 0.0067 0.7265 0.0070 0.0110 0.1434 0.0255 0.0147 0.0442 0.0052 
          75  1 0.0055 0.0103 0.0384 0.0079 0.0049 0.0036 0.0063 0.0116 0.0045 0.9070 
          76  1 0.0032 0.0038 0.0051 0.0052 0.0047 0.0103 0.0159 0.0064 0.0090 0.9361 
          77  1 0.0061 0.0054 0.0048 0.0054 0.0044 0.0096 0.0101 0.0085 0.1398 0.8060 
          78  1 0.0135 0.0093 0.5799 0.0063 0.0114 0.0144 0.0410 0.0259 0.0221 0.2762 
          79  1 0.0133 0.0091 0.0781 0.0044 0.0074 0.0045 0.0428 0.0471 0.0065 0.7868 
          84  1 0.0630 0.0057 0.0093 0.7774 0.0260 0.0186 0.0552 0.0163 0.0193 0.0092 
          85  1 0.0153 0.0075 0.0122 0.0085 0.9057 0.0063 0.0137 0.0170 0.0078 0.0059 
          86  1 0.0257 0.0077 0.0151 0.0045 0.8159 0.0088 0.0167 0.0893 0.0080 0.0082 
          89  1 0.0190 0.0170 0.0071 0.5681 0.0169 0.1629 0.0977 0.0531 0.0377 0.0206 
          94  1 0.0031 0.0142 0.0049 0.0068 0.0079 0.9397 0.0070 0.0070 0.0053 0.0041 
          95  1 0.0040 0.0149 0.0126 0.9066 0.0150 0.0059 0.0082 0.0108 0.0166 0.0053 
          96  1 0.0057 0.0048 0.0057 0.0059 0.9425 0.0095 0.0089 0.0067 0.0048 0.0056 
          98  1 0.1408 0.0056 0.0742 0.0063 0.0070 0.0094 0.1787 0.0274 0.5027 0.0480 
         102  1 0.0129 0.4514 0.0061 0.0261 0.0066 0.0157 0.0189 0.4368 0.0135 0.0120 
         105  1 0.0043 0.0071 0.9564 0.0050 0.0041 0.0047 0.0048 0.0055 0.0042 0.0039 
         106  1 0.0132 0.0176 0.1617 0.0836 0.0181 0.0038 0.1802 0.2565 0.0184 0.2470 
         108  1 0.0092 0.0487 0.8064 0.0071 0.0095 0.0071 0.0078 0.0329 0.0460 0.0251 
         109  1 0.0101 0.0099 0.6540 0.0096 0.0173 0.0060 0.1075 0.0811 0.0641 0.0405 
         112  1 0.0105 0.0175 0.0084 0.0123 0.2236 0.0493 0.1477 0.2773 0.1029 0.1505 
         115  1 0.0201 0.1505 0.0152 0.0119 0.0095 0.0406 0.0226 0.6660 0.0495 0.0141 
         116  1 0.0063 0.0113 0.0208 0.0090 0.8840 0.0070 0.0276 0.0246 0.0045 0.0049 
         117  1 0.0112 0.0152 0.0167 0.6868 0.0701 0.1100 0.0211 0.0239 0.0325 0.0124 
         129  1 0.0063 0.0073 0.0058 0.0562 0.8930 0.0088 0.0050 0.0079 0.0063 0.0033 
         132  1 0.0159 0.0294 0.0062 0.0127 0.0067 0.1017 0.0117 0.0216 0.7856 0.0086 
         133  1 0.1318 0.0047 0.0743 0.0065 0.0043 0.0061 0.1653 0.0152 0.5240 0.0678 
         137  1 0.0090 0.0092 0.0118 0.0104 0.0097 0.0171 0.0481 0.0280 0.4391 0.4177 
         139  1 0.0090 0.0100 0.0097 0.0084 0.0075 0.0063 0.0088 0.0151 0.0050 0.9202 
         140  1 0.0044 0.0148 0.7026 0.0351 0.0137 0.0052 0.0877 0.0372 0.0504 0.0490 
         142  1 0.0038 0.0072 0.0080 0.0370 0.0088 0.0111 0.2054 0.0159 0.0190 0.6839 
         144  1 0.0045 0.0048 0.9536 0.0062 0.0040 0.0038 0.0057 0.0048 0.0076 0.0050 
         145  1 0.0055 0.0059 0.0076 0.0059 0.0050 0.0043 0.8705 0.0102 0.0074 0.0775 
         147  1 0.0124 0.0050 0.9160 0.0037 0.0073 0.0041 0.0133 0.0093 0.0060 0.0229 
         160  1 0.0039 0.0062 0.0043 0.0071 0.0062 0.9538 0.0044 0.0054 0.0049 0.0040 
        162*  1 0.0065 0.0048 0.0056 0.0052 0.9387 0.0114 0.0099 0.0069 0.0050 0.0059 
         166  1 0.0058 0.0044 0.0164 0.0098 0.0056 0.0041 0.0103 0.0059 0.9257 0.0120 
         177  1 0.0030 0.0032 0.0036 0.0038 0.0035 0.0035 0.0051 0.0046 0.0055 0.9642 
         178  1 0.0421 0.0080 0.0113 0.0080 0.0122 0.0244 0.0191 0.0198 0.0247 0.8305 
         186  1 0.0029 0.0044 0.0035 0.9617 0.0055 0.0046 0.0048 0.0041 0.0048 0.0037 
         189  1 0.0045 0.0056 0.0038 0.0058 0.9382 0.0115 0.0127 0.0074 0.0039 0.0066 
         190  1 0.0432 0.0144 0.0072 0.0497 0.7326 0.0627 0.0259 0.0309 0.0229 0.0105 
         191  1 0.0050 0.0077 0.0380 0.3668 0.4256 0.0163 0.0952 0.0237 0.0081 0.0135 
         193  1 0.0045 0.0086 0.0111 0.0192 0.0099 0.0137 0.8462 0.0153 0.0145 0.0570 
         202  1 0.0216 0.0213 0.0072 0.0116 0.1175 0.1980 0.0491 0.5147 0.0519 0.0071 
         204  1 0.0033 0.0045 0.0056 0.2770 0.6809 0.0089 0.0053 0.0054 0.0054 0.0037 
         211  1 0.0168 0.0144 0.0472 0.0151 0.0091 0.0799 0.0227 0.0735 0.6613 0.0599 
         216  1 0.0182 0.0050 0.4882 0.0045 0.0065 0.0162 0.0168 0.0195 0.3936 0.0315 
         222  1 0.0153 0.0325 0.6326 0.0048 0.0106 0.0048 0.2265 0.0483 0.0147 0.0099 
         224  1 0.0042 0.0082 0.0091 0.0073 0.9210 0.0120 0.0210 0.0072 0.0046 0.0055 
         226  1 0.0034 0.0082 0.0049 0.9330 0.0068 0.0049 0.0061 0.0179 0.0105 0.0044 
         229  1 0.1716 0.0133 0.0174 0.0207 0.3961 0.0650 0.0497 0.2280 0.0190 0.0192 
         230  1 0.0071 0.0135 0.0154 0.0337 0.6769 0.0349 0.0138 0.1468 0.0096 0.0483 
         232  1 0.0086 0.0171 0.0157 0.1128 0.0514 0.2706 0.2778 0.1367 0.0572 0.0522 
         238  1 0.0111 0.1078 0.0180 0.0050 0.0165 0.0066 0.0406 0.7306 0.0168 0.0470 
         242  1 0.0377 0.8701 0.0085 0.0056 0.0074 0.0037 0.0053 0.0468 0.0111 0.0039 
         243  1 0.0097 0.4235 0.0135 0.0203 0.0077 0.0074 0.0355 0.3875 0.0743 0.0206 
         244  1 0.0124 0.1487 0.0057 0.0060 0.0108 0.0088 0.0162 0.6552 0.0141 0.1220 
         251  1 0.0157 0.0793 0.0099 0.0082 0.0228 0.0780 0.0395 0.7180 0.0153 0.0135 
         266  1 0.0387 0.0599 0.0098 0.0089 0.0088 0.0052 0.0410 0.3846 0.1147 0.3284 
         267  1 0.0122 0.0180 0.6766 0.0453 0.0151 0.0059 0.0548 0.0423 0.1181 0.0116 
         268  1 0.1197 0.0063 0.0702 0.0062 0.0047 0.0336 0.0217 0.0225 0.3196 0.3954 
         270  1 0.0071 0.0086 0.0119 0.0167 0.9062 0.0170 0.0098 0.0104 0.0072 0.0051 
         276  1 0.0099 0.0155 0.0321 0.3128 0.4171 0.0196 0.0868 0.0408 0.0318 0.0336 
         298  1 0.0301 0.0106 0.6177 0.0202 0.0075 0.0116 0.0182 0.0337 0.0825 0.1679 
         306  1 0.0085 0.0119 0.0099 0.0071 0.0070 0.0050 0.3262 0.0341 0.5753 0.0150 
         308  1 0.0126 0.0311 0.0822 0.0077 0.0119 0.0815 0.0641 0.1144 0.0334 0.5611 
         311  1 0.0152 0.0364 0.0971 0.0067 0.0186 0.0143 0.5411 0.2217 0.0405 0.0083 
         323  1 0.0045 0.0084 0.0069 0.9483 0.0075 0.0046 0.0052 0.0055 0.0051 0.0040 
         327  1 0.0185 0.0160 0.0104 0.0233 0.6215 0.1819 0.0225 0.0623 0.0370 0.0066 
         334  1 0.9574 0.0063 0.0056 0.0030 0.0047 0.0059 0.0036 0.0050 0.0048 0.0036 
         338  1 0.0105 0.0142 0.1512 0.0196 0.0304 0.0289 0.4706 0.1776 0.0821 0.0149 
         341  1 0.0056 0.0129 0.0056 0.9097 0.0081 0.0067 0.0080 0.0096 0.0279 0.0059 
         346  1 0.0046 0.0060 0.0053 0.0122 0.0085 0.0305 0.0138 0.0164 0.4810 0.4217 
         348  1 0.0136 0.0152 0.5419 0.0073 0.0082 0.0065 0.1837 0.0471 0.0113 0.1653 
         351  1 0.1566 0.1008 0.0083 0.0138 0.0096 0.0389 0.0157 0.1869 0.4583 0.0111 
         362  1 0.0047 0.0056 0.0073 0.1161 0.7782 0.0572 0.0088 0.0103 0.0069 0.0048 
         364  1 0.0223 0.8183 0.0079 0.0111 0.0057 0.0125 0.0167 0.0583 0.0348 0.0124 
         366  1 0.0045 0.8273 0.0191 0.0097 0.0175 0.0064 0.0116 0.0630 0.0321 0.0089 
         376  1 0.0041 0.0054 0.0033 0.9008 0.0240 0.0136 0.0159 0.0101 0.0088 0.0140 
         377  1 0.0057 0.0139 0.0430 0.0293 0.3038 0.2567 0.2189 0.1021 0.0159 0.0107 
         378  1 0.0048 0.0042 0.0050 0.0130 0.0066 0.9168 0.0136 0.0066 0.0144 0.0149 
         388  1 0.0441 0.0172 0.4443 0.0116 0.0144 0.0308 0.1251 0.0474 0.2529 0.0123 
         391  1 0.0040 0.0124 0.0134 0.4454 0.0077 0.1344 0.0927 0.0715 0.2093 0.0094 
         401  1 0.0238 0.0480 0.0058 0.0677 0.1920 0.0100 0.1127 0.4680 0.0070 0.0650 
         406  1 0.0090 0.0430 0.0591 0.1113 0.0144 0.0157 0.2292 0.1794 0.3075 0.0313 
         412  1 0.0093 0.0152 0.0316 0.0237 0.0276 0.0283 0.5921 0.0737 0.1790 0.0194 
         413  1 0.1127 0.0225 0.0148 0.0038 0.0155 0.0059 0.7108 0.0334 0.0099 0.0706 
         421  1 0.0100 0.0125 0.0138 0.0184 0.7385 0.0090 0.0821 0.0626 0.0273 0.0257 
         423  1 0.0065 0.0268 0.0365 0.0140 0.6816 0.0095 0.1300 0.0800 0.0071 0.0080 
         424  1 0.0086 0.0249 0.0176 0.2063 0.0100 0.0208 0.3077 0.0537 0.3344 0.0160 
         426  1 0.0116 0.0232 0.0100 0.0991 0.0318 0.6108 0.0525 0.0617 0.0779 0.0215 
         430  1 0.0170 0.0058 0.0190 0.0203 0.0094 0.0102 0.5081 0.0162 0.3589 0.0352 
         435  1 0.0041 0.0043 0.0243 0.0048 0.0068 0.0121 0.3424 0.0104 0.0127 0.5780 
         476  1 0.0054 0.0235 0.0043 0.7586 0.1116 0.0128 0.0188 0.0365 0.0069 0.0215 
         478  1 0.0086 0.0265 0.0086 0.7036 0.1809 0.0130 0.0135 0.0254 0.0139 0.0059 
         484  1 0.0347 0.0058 0.5166 0.0173 0.0069 0.0087 0.0445 0.0160 0.3032 0.0464 
         489  1 0.0055 0.0052 0.1358 0.0063 0.0336 0.4975 0.2526 0.0190 0.0383 0.0059 
         492  1 0.9654 0.0038 0.0038 0.0034 0.0031 0.0035 0.0046 0.0038 0.0050 0.0036 
         493  1 0.0049 0.9063 0.0069 0.0073 0.0083 0.0112 0.0148 0.0238 0.0093 0.0071 
         494  1 0.0084 0.6892 0.0076 0.0091 0.0188 0.0351 0.0095 0.2091 0.0061 0.0070 
         500  1 0.0027 0.0072 0.0043 0.0520 0.8920 0.0087 0.0055 0.0177 0.0057 0.0042 
         504  1 0.0949 0.0223 0.5279 0.0119 0.0488 0.0602 0.0322 0.0905 0.0875 0.0237 
         506  1 0.0034 0.0047 0.9128 0.0132 0.0180 0.0043 0.0213 0.0067 0.0118 0.0038 
