

----------------------------------------------------
STRUCTURE by Pritchard, Stephens and Donnelly (2000)
     and Falush, Stephens and Pritchard (2003)
       Code by Pritchard, Falush and Hubisz
             Version 2.3.4 (Jul 2012)
----------------------------------------------------



Command line arguments:   bin\structure -m M:\STRUCTURE\Squirrel_133_ID_14L_20250816\10k_Burnin_100k_MCMC\mainparams -e M:\STRUCTURE\Squirrel_133_ID_14L_20250816\10k_Burnin_100k_MCMC\extraparams 
Input File:    M:\STRUCTURE\Squirrel_133_ID_14L_20250816\project_data

Run parameters:
   133 individuals
   14 loci
   9 populations assumed
   10000 Burn-in period
   100000 Reps


--------------------------------------------
Proportion of membership of each pre-defined
 population in each of the 9 clusters

Given    Inferred Clusters                                                 Number of
 Pop       1      2      3      4      5      6      7      8      9      Individuals

  1:     0.091  0.111  0.117  0.064  0.136  0.112  0.097  0.167  0.104      133
--------------------------------------------

Allele-freq. divergence among pops (Net nucleotide distance),
computed using point estimates of P.

      1       2       3       4       5       6       7       8       9      
 1      -    0.0397  0.0613  0.0272  0.0673  0.0379  0.0866  0.0389  0.0334  
 2   0.0397     -    0.1186  0.0747  0.1252  0.0976  0.1230  0.0949  0.0739  
 3   0.0613  0.1186     -    0.0766  0.1254  0.0854  0.1839  0.0937  0.0889  
 4   0.0272  0.0747  0.0766     -    0.0994  0.0337  0.1145  0.0609  0.0448  
 5   0.0673  0.1252  0.1254  0.0994     -    0.0742  0.1221  0.0773  0.0887  
 6   0.0379  0.0976  0.0854  0.0337  0.0742     -    0.1218  0.0664  0.0762  
 7   0.0866  0.1230  0.1839  0.1145  0.1221  0.1218     -    0.0944  0.1030  
 8   0.0389  0.0949  0.0937  0.0609  0.0773  0.0664  0.0944     -    0.0862  
 9   0.0334  0.0739  0.0889  0.0448  0.0887  0.0762  0.1030  0.0862     -    

Average distances (expected heterozygosity) between individuals in same cluster:
cluster  1  : 0.6250 
cluster  2  : 0.5872 
cluster  3  : 0.5254 
cluster  4  : 0.6441 
cluster  5  : 0.4575 
cluster  6  : 0.6423 
cluster  7  : 0.3929 
cluster  8  : 0.5435 
cluster  9  : 0.5486 

--------------------------------------------
Estimated Ln Prob of Data   = -5420.3
Mean value of ln likelihood = -3955.5
Variance of ln likelihood   = 2929.7
Mean value of alpha         = 0.0424

Mean value of lambda        = 0.9183

Mean value of Fst_1         = 0.1011
Mean value of Fst_2         = 0.2073
Mean value of Fst_3         = 0.2347
Mean value of Fst_4         = 0.1791
Mean value of Fst_5         = 0.2967
Mean value of Fst_6         = 0.1029
Mean value of Fst_7         = 0.3780
Mean value of Fst_8         = 0.2055
Mean value of Fst_9         = 0.2379


Inferred ancestry of individuals:
        Label (%Miss) Pop:  Inferred clusters (and 90% probability intervals)
  1       1*    (0)    1 :  0.049 0.005 0.014 0.054 0.017 0.660 0.031 0.009 0.160     (0.000,0.368) (0.000,0.026) (0.000,0.089) (0.000,0.394) (0.000,0.108) (0.000,1.000) (0.000,0.228) (0.000,0.054) (0.000,0.596) 
  2        3    (0)    1 :  0.007 0.004 0.008 0.005 0.953 0.005 0.005 0.006 0.007     (0.000,0.036) (0.000,0.022) (0.000,0.050) (0.000,0.027) (0.796,1.000) (0.000,0.026) (0.000,0.026) (0.000,0.031) (0.000,0.040) 
  3        6    (0)    1 :  0.012 0.011 0.011 0.008 0.908 0.005 0.007 0.020 0.019     (0.000,0.071) (0.000,0.064) (0.000,0.066) (0.000,0.046) (0.627,1.000) (0.000,0.028) (0.000,0.038) (0.000,0.140) (0.000,0.129) 
  4        8    (0)    1 :  0.009 0.004 0.011 0.013 0.009 0.015 0.019 0.916 0.005     (0.000,0.049) (0.000,0.018) (0.000,0.066) (0.000,0.075) (0.000,0.047) (0.000,0.098) (0.000,0.132) (0.655,1.000) (0.000,0.026) 
  5       10    (0)    1 :  0.008 0.004 0.004 0.011 0.010 0.008 0.916 0.033 0.005     (0.000,0.040) (0.000,0.023) (0.000,0.018) (0.000,0.073) (0.000,0.066) (0.000,0.044) (0.661,1.000) (0.000,0.234) (0.000,0.027) 
  6       11    (0)    1 :  0.300 0.029 0.010 0.303 0.021 0.226 0.017 0.055 0.040     (0.000,0.999) (0.000,0.204) (0.000,0.055) (0.000,0.999) (0.000,0.148) (0.000,0.979) (0.000,0.117) (0.000,0.412) (0.000,0.293) 
  7       12    (0)    1 :  0.005 0.005 0.004 0.004 0.006 0.004 0.960 0.005 0.006     (0.000,0.028) (0.000,0.024) (0.000,0.020) (0.000,0.023) (0.000,0.033) (0.000,0.021) (0.827,1.000) (0.000,0.026) (0.000,0.033) 
  8       16    (7)    1 :  0.007 0.005 0.005 0.006 0.946 0.005 0.007 0.014 0.005     (0.000,0.036) (0.000,0.028) (0.000,0.024) (0.000,0.031) (0.765,1.000) (0.000,0.027) (0.000,0.039) (0.000,0.089) (0.000,0.029) 
  9       18    (0)    1 :  0.009 0.004 0.007 0.008 0.007 0.944 0.007 0.009 0.004     (0.000,0.050) (0.000,0.024) (0.000,0.038) (0.000,0.041) (0.000,0.038) (0.760,1.000) (0.000,0.038) (0.000,0.054) (0.000,0.022) 
 10       19    (0)    1 :  0.284 0.045 0.027 0.328 0.012 0.256 0.011 0.030 0.008     (0.000,0.999) (0.000,0.328) (0.000,0.191) (0.000,1.000) (0.000,0.069) (0.000,0.995) (0.000,0.065) (0.000,0.215) (0.000,0.041) 
 11       21    (7)    1 :  0.009 0.007 0.005 0.007 0.929 0.006 0.007 0.024 0.007     (0.000,0.048) (0.000,0.037) (0.000,0.026) (0.000,0.041) (0.701,1.000) (0.000,0.029) (0.000,0.036) (0.000,0.177) (0.000,0.040) 
 12       23    (7)    1 :  0.095 0.036 0.010 0.033 0.020 0.012 0.433 0.015 0.346     (0.000,0.591) (0.000,0.266) (0.000,0.053) (0.000,0.205) (0.000,0.138) (0.000,0.072) (0.000,0.967) (0.000,0.098) (0.000,0.993) 
 13       24    (7)    1 :  0.131 0.027 0.008 0.270 0.016 0.069 0.381 0.071 0.028     (0.000,0.886) (0.000,0.187) (0.000,0.045) (0.000,0.963) (0.000,0.111) (0.000,0.452) (0.000,0.895) (0.000,0.456) (0.000,0.194) 
 14       25    (7)    1 :  0.058 0.007 0.006 0.046 0.053 0.016 0.455 0.108 0.251     (0.000,0.404) (0.000,0.041) (0.000,0.032) (0.000,0.353) (0.000,0.324) (0.000,0.102) (0.000,0.927) (0.000,0.431) (0.000,0.841) 
 15      26*    (0)    1 :  0.027 0.005 0.008 0.057 0.257 0.018 0.207 0.403 0.018     (0.000,0.180) (0.000,0.027) (0.000,0.045) (0.000,0.365) (0.000,0.790) (0.000,0.121) (0.000,0.645) (0.000,0.979) (0.000,0.133) 
 16       28    (0)    1 :  0.008 0.006 0.005 0.010 0.031 0.006 0.118 0.801 0.014     (0.000,0.044) (0.000,0.034) (0.000,0.029) (0.000,0.062) (0.000,0.233) (0.000,0.033) (0.000,0.780) (0.000,1.000) (0.000,0.094) 
 17       29    (0)    1 :  0.010 0.005 0.006 0.016 0.006 0.015 0.910 0.025 0.006     (0.000,0.054) (0.000,0.028) (0.000,0.034) (0.000,0.114) (0.000,0.033) (0.000,0.100) (0.645,1.000) (0.000,0.180) (0.000,0.033) 
 18       30    (0)    1 :  0.069 0.006 0.321 0.078 0.172 0.021 0.163 0.143 0.027     (0.000,0.613) (0.000,0.035) (0.000,0.759) (0.000,0.671) (0.000,0.794) (0.000,0.115) (0.000,0.684) (0.000,0.711) (0.000,0.193) 
 19       33    (0)    1 :  0.078 0.049 0.017 0.084 0.006 0.740 0.005 0.004 0.016     (0.000,0.773) (0.000,0.319) (0.000,0.121) (0.000,0.850) (0.000,0.030) (0.000,1.000) (0.000,0.031) (0.000,0.024) (0.000,0.109) 
 20       37    (0)    1 :  0.012 0.009 0.006 0.013 0.009 0.889 0.041 0.009 0.011     (0.000,0.064) (0.000,0.055) (0.000,0.033) (0.000,0.075) (0.000,0.057) (0.577,1.000) (0.000,0.292) (0.000,0.048) (0.000,0.070) 
 21       38    (0)    1 :  0.021 0.005 0.005 0.021 0.009 0.909 0.015 0.010 0.005     (0.000,0.105) (0.000,0.024) (0.000,0.026) (0.000,0.122) (0.000,0.056) (0.622,1.000) (0.000,0.105) (0.000,0.058) (0.000,0.024) 
 22       43    (0)    1 :  0.010 0.007 0.008 0.015 0.032 0.008 0.748 0.156 0.016     (0.000,0.058) (0.000,0.037) (0.000,0.050) (0.000,0.097) (0.000,0.227) (0.000,0.049) (0.408,0.998) (0.000,0.517) (0.000,0.112) 
 23       44    (0)    1 :  0.013 0.005 0.018 0.009 0.215 0.006 0.006 0.723 0.005     (0.000,0.062) (0.000,0.027) (0.000,0.115) (0.000,0.035) (0.000,0.613) (0.000,0.034) (0.000,0.034) (0.254,1.000) (0.000,0.025) 
 24       48    (0)    1 :  0.007 0.004 0.007 0.007 0.010 0.949 0.007 0.006 0.004     (0.000,0.037) (0.000,0.020) (0.000,0.037) (0.000,0.033) (0.000,0.059) (0.776,1.000) (0.000,0.038) (0.000,0.032) (0.000,0.023) 
 25       55    (0)    1 :  0.020 0.007 0.014 0.018 0.083 0.010 0.008 0.802 0.037     (0.000,0.118) (0.000,0.038) (0.000,0.097) (0.000,0.116) (0.000,0.480) (0.000,0.061) (0.000,0.047) (0.366,1.000) (0.000,0.261) 
 26       59    (0)    1 :  0.007 0.004 0.008 0.006 0.951 0.007 0.005 0.007 0.006     (0.000,0.037) (0.000,0.021) (0.000,0.052) (0.000,0.029) (0.786,1.000) (0.000,0.037) (0.000,0.025) (0.000,0.037) (0.000,0.037) 
 27       60    (0)    1 :  0.032 0.012 0.008 0.028 0.009 0.013 0.029 0.004 0.864     (0.000,0.147) (0.000,0.063) (0.000,0.042) (0.000,0.103) (0.000,0.053) (0.000,0.077) (0.000,0.210) (0.000,0.023) (0.110,1.000) 
 28       61    (0)    1 :  0.107 0.513 0.054 0.016 0.013 0.007 0.007 0.013 0.269     (0.000,0.823) (0.000,0.999) (0.000,0.363) (0.000,0.085) (0.000,0.080) (0.000,0.036) (0.000,0.038) (0.000,0.077) (0.000,0.971) 
 29       62    (0)    1 :  0.356 0.382 0.014 0.061 0.014 0.023 0.037 0.018 0.095     (0.000,0.999) (0.000,0.998) (0.000,0.090) (0.000,0.487) (0.000,0.087) (0.000,0.167) (0.000,0.273) (0.000,0.118) (0.000,0.788) 
 30       65    (0)    1 :  0.072 0.013 0.019 0.079 0.006 0.783 0.006 0.008 0.015     (0.000,0.661) (0.000,0.085) (0.000,0.137) (0.000,0.687) (0.000,0.032) (0.000,1.000) (0.000,0.032) (0.000,0.047) (0.000,0.092) 
 31       73    (0)    1 :  0.018 0.006 0.762 0.013 0.008 0.008 0.139 0.012 0.036     (0.000,0.107) (0.000,0.029) (0.403,1.000) (0.000,0.084) (0.000,0.043) (0.000,0.042) (0.000,0.483) (0.000,0.074) (0.000,0.271) 
 32       75    (0)    1 :  0.013 0.905 0.039 0.011 0.008 0.010 0.004 0.005 0.005     (0.000,0.065) (0.620,1.000) (0.000,0.258) (0.000,0.057) (0.000,0.049) (0.000,0.064) (0.000,0.019) (0.000,0.025) (0.000,0.025) 
 33       76    (0)    1 :  0.035 0.922 0.006 0.005 0.005 0.004 0.010 0.005 0.008     (0.000,0.228) (0.639,1.000) (0.000,0.031) (0.000,0.025) (0.000,0.028) (0.000,0.019) (0.000,0.064) (0.000,0.025) (0.000,0.045) 
 34       77    (0)    1 :  0.012 0.801 0.005 0.008 0.005 0.005 0.009 0.004 0.149     (0.000,0.063) (0.125,1.000) (0.000,0.026) (0.000,0.046) (0.000,0.029) (0.000,0.029) (0.000,0.056) (0.000,0.023) (0.000,0.771) 
 35       78    (0)    1 :  0.034 0.238 0.636 0.020 0.006 0.010 0.017 0.011 0.028     (0.000,0.256) (0.000,0.738) (0.122,0.998) (0.000,0.122) (0.000,0.032) (0.000,0.058) (0.000,0.122) (0.000,0.066) (0.000,0.212) 
 36       79    (0)    1 :  0.079 0.789 0.071 0.028 0.004 0.009 0.004 0.007 0.008     (0.000,0.702) (0.009,1.000) (0.000,0.393) (0.000,0.196) (0.000,0.024) (0.000,0.055) (0.000,0.020) (0.000,0.045) (0.000,0.044) 
 37       84    (0)    1 :  0.041 0.014 0.010 0.042 0.804 0.008 0.018 0.024 0.040     (0.000,0.284) (0.000,0.092) (0.000,0.059) (0.000,0.260) (0.431,1.000) (0.000,0.046) (0.000,0.121) (0.000,0.171) (0.000,0.280) 
 38       85    (0)    1 :  0.016 0.007 0.010 0.019 0.008 0.009 0.006 0.916 0.009     (0.000,0.095) (0.000,0.034) (0.000,0.064) (0.000,0.114) (0.000,0.046) (0.000,0.049) (0.000,0.037) (0.655,1.000) (0.000,0.054) 
 39       86    (0)    1 :  0.047 0.009 0.016 0.065 0.005 0.011 0.011 0.826 0.011     (0.000,0.325) (0.000,0.050) (0.000,0.110) (0.000,0.412) (0.000,0.024) (0.000,0.068) (0.000,0.073) (0.376,1.000) (0.000,0.066) 
 40       89    (0)    1 :  0.074 0.031 0.009 0.048 0.592 0.018 0.165 0.014 0.049     (0.000,0.459) (0.000,0.229) (0.000,0.051) (0.000,0.330) (0.133,0.951) (0.000,0.121) (0.000,0.563) (0.000,0.078) (0.000,0.356) 
 41       94    (0)    1 :  0.007 0.004 0.005 0.006 0.006 0.012 0.947 0.008 0.005     (0.000,0.040) (0.000,0.022) (0.000,0.030) (0.000,0.030) (0.000,0.034) (0.000,0.072) (0.776,1.000) (0.000,0.048) (0.000,0.028) 
 42       95    (0)    1 :  0.012 0.006 0.012 0.011 0.909 0.013 0.006 0.016 0.016     (0.000,0.061) (0.000,0.030) (0.000,0.077) (0.000,0.041) (0.618,1.000) (0.000,0.079) (0.000,0.033) (0.000,0.103) (0.000,0.102) 
 43       96    (0)    1 :  0.008 0.006 0.006 0.006 0.006 0.005 0.010 0.949 0.005     (0.000,0.042) (0.000,0.032) (0.000,0.031) (0.000,0.030) (0.000,0.030) (0.000,0.028) (0.000,0.059) (0.776,1.000) (0.000,0.026) 
 44       98    (0)    1 :  0.211 0.047 0.052 0.039 0.006 0.006 0.009 0.006 0.625     (0.000,0.996) (0.000,0.346) (0.000,0.385) (0.000,0.263) (0.000,0.030) (0.000,0.029) (0.000,0.050) (0.000,0.034) (0.000,1.000) 
 45      102    (0)    1 :  0.195 0.011 0.007 0.226 0.026 0.500 0.016 0.007 0.013     (0.000,0.989) (0.000,0.078) (0.000,0.037) (0.000,0.993) (0.000,0.196) (0.000,1.000) (0.000,0.111) (0.000,0.040) (0.000,0.085) 
 46      105    (0)    1 :  0.006 0.004 0.957 0.005 0.006 0.008 0.005 0.005 0.005     (0.000,0.030) (0.000,0.021) (0.814,1.000) (0.000,0.028) (0.000,0.030) (0.000,0.048) (0.000,0.028) (0.000,0.024) (0.000,0.024) 
 47      106    (0)    1 :  0.181 0.313 0.225 0.121 0.095 0.018 0.004 0.022 0.022     (0.000,0.929) (0.000,0.867) (0.000,0.699) (0.000,0.913) (0.000,0.414) (0.000,0.124) (0.000,0.019) (0.000,0.156) (0.000,0.140) 
 48      108    (0)    1 :  0.026 0.021 0.801 0.032 0.008 0.057 0.007 0.009 0.039     (0.000,0.184) (0.000,0.147) (0.413,1.000) (0.000,0.224) (0.000,0.044) (0.000,0.358) (0.000,0.042) (0.000,0.054) (0.000,0.242) 
 49      109    (0)    1 :  0.095 0.036 0.748 0.040 0.009 0.010 0.006 0.015 0.041     (0.000,0.598) (0.000,0.261) (0.024,1.000) (0.000,0.296) (0.000,0.054) (0.000,0.058) (0.000,0.033) (0.000,0.095) (0.000,0.283) 
 50      112    (0)    1 :  0.222 0.157 0.009 0.134 0.012 0.022 0.046 0.238 0.160     (0.000,0.976) (0.000,0.819) (0.000,0.048) (0.000,0.938) (0.000,0.069) (0.000,0.141) (0.000,0.335) (0.000,0.826) (0.000,0.733) 
 51      115    (0)    1 :  0.262 0.013 0.016 0.301 0.012 0.300 0.044 0.011 0.039     (0.000,0.998) (0.000,0.075) (0.000,0.105) (0.000,0.999) (0.000,0.071) (0.000,0.996) (0.000,0.300) (0.000,0.055) (0.000,0.296) 
 52      116    (0)    1 :  0.018 0.006 0.019 0.013 0.008 0.012 0.006 0.913 0.005     (0.000,0.114) (0.000,0.029) (0.000,0.139) (0.000,0.073) (0.000,0.040) (0.000,0.075) (0.000,0.033) (0.643,1.000) (0.000,0.024) 
 53      117    (0)    1 :  0.024 0.014 0.019 0.024 0.698 0.015 0.113 0.057 0.036     (0.000,0.152) (0.000,0.082) (0.000,0.122) (0.000,0.146) (0.000,1.000) (0.000,0.103) (0.000,0.742) (0.000,0.398) (0.000,0.262) 
 54      129    (0)    1 :  0.008 0.003 0.006 0.008 0.068 0.008 0.009 0.884 0.006     (0.000,0.036) (0.000,0.018) (0.000,0.033) (0.000,0.044) (0.000,0.430) (0.000,0.045) (0.000,0.047) (0.506,1.000) (0.000,0.037) 
 55      132    (0)    1 :  0.034 0.010 0.011 0.038 0.015 0.040 0.124 0.006 0.722     (0.000,0.199) (0.000,0.059) (0.000,0.049) (0.000,0.231) (0.000,0.097) (0.000,0.284) (0.000,0.546) (0.000,0.035) (0.000,1.000) 
 56      133    (0)    1 :  0.199 0.064 0.051 0.030 0.007 0.005 0.006 0.004 0.634     (0.000,0.996) (0.000,0.529) (0.000,0.367) (0.000,0.183) (0.000,0.036) (0.000,0.027) (0.000,0.032) (0.000,0.023) (0.000,1.000) 
 57      137    (7)    1 :  0.055 0.443 0.013 0.023 0.011 0.010 0.017 0.010 0.418     (0.000,0.415) (0.000,0.998) (0.000,0.084) (0.000,0.126) (0.000,0.059) (0.000,0.061) (0.000,0.111) (0.000,0.061) (0.000,0.995) 
 58      139    (0)    1 :  0.014 0.919 0.010 0.017 0.009 0.011 0.006 0.007 0.006     (0.000,0.080) (0.668,1.000) (0.000,0.056) (0.000,0.094) (0.000,0.054) (0.000,0.072) (0.000,0.034) (0.000,0.043) (0.000,0.033) 
 59      140    (0)    1 :  0.072 0.040 0.763 0.027 0.033 0.012 0.005 0.014 0.034     (0.000,0.561) (0.000,0.275) (0.149,1.000) (0.000,0.146) (0.000,0.242) (0.000,0.070) (0.000,0.028) (0.000,0.086) (0.000,0.263) 
 60      142    (0)    1 :  0.151 0.746 0.008 0.009 0.027 0.006 0.012 0.007 0.033     (0.000,0.954) (0.000,1.000) (0.000,0.043) (0.000,0.041) (0.000,0.204) (0.000,0.033) (0.000,0.080) (0.000,0.040) (0.000,0.228) 
 61      144    (0)    1 :  0.005 0.005 0.960 0.005 0.007 0.005 0.004 0.004 0.007     (0.000,0.028) (0.000,0.028) (0.824,1.000) (0.000,0.024) (0.000,0.036) (0.000,0.024) (0.000,0.020) (0.000,0.022) (0.000,0.037) 
 62      145    (0)    1 :  0.426 0.433 0.010 0.019 0.008 0.007 0.005 0.008 0.084     (0.000,1.000) (0.000,1.000) (0.000,0.061) (0.000,0.068) (0.000,0.043) (0.000,0.038) (0.000,0.026) (0.000,0.042) (0.000,0.939) 
 63      147    (0)    1 :  0.009 0.018 0.935 0.010 0.004 0.005 0.004 0.007 0.007     (0.000,0.055) (0.000,0.127) (0.723,1.000) (0.000,0.061) (0.000,0.020) (0.000,0.030) (0.000,0.022) (0.000,0.042) (0.000,0.040) 
 64      160    (0)    1 :  0.005 0.004 0.004 0.005 0.007 0.006 0.958 0.007 0.005     (0.000,0.026) (0.000,0.020) (0.000,0.024) (0.000,0.025) (0.000,0.040) (0.000,0.033) (0.818,1.000) (0.000,0.037) (0.000,0.026) 
 65     162*    (0)    1 :  0.008 0.006 0.006 0.006 0.006 0.005 0.012 0.947 0.005     (0.000,0.040) (0.000,0.032) (0.000,0.030) (0.000,0.032) (0.000,0.030) (0.000,0.027) (0.000,0.074) (0.764,1.000) (0.000,0.027) 
 66      166    (0)    1 :  0.011 0.015 0.048 0.008 0.011 0.005 0.004 0.006 0.891     (0.000,0.058) (0.000,0.072) (0.000,0.340) (0.000,0.037) (0.000,0.058) (0.000,0.025) (0.000,0.023) (0.000,0.029) (0.398,1.000) 
 67      177    (0)    1 :  0.006 0.967 0.004 0.004 0.004 0.003 0.004 0.004 0.005     (0.000,0.030) (0.854,1.000) (0.000,0.021) (0.000,0.022) (0.000,0.020) (0.000,0.017) (0.000,0.020) (0.000,0.018) (0.000,0.027) 
 68      178    (0)    1 :  0.031 0.823 0.013 0.035 0.008 0.010 0.025 0.012 0.044     (0.000,0.212) (0.402,1.000) (0.000,0.085) (0.000,0.227) (0.000,0.043) (0.000,0.062) (0.000,0.183) (0.000,0.076) (0.000,0.324) 
 69      186    (0)    1 :  0.004 0.004 0.003 0.004 0.966 0.004 0.005 0.005 0.005     (0.000,0.023) (0.000,0.021) (0.000,0.018) (0.000,0.020) (0.851,1.000) (0.000,0.022) (0.000,0.026) (0.000,0.027) (0.000,0.023) 
 70      189    (0)    1 :  0.008 0.008 0.004 0.006 0.006 0.006 0.012 0.946 0.004     (0.000,0.048) (0.000,0.044) (0.000,0.018) (0.000,0.030) (0.000,0.032) (0.000,0.031) (0.000,0.078) (0.767,1.000) (0.000,0.021) 
 71      190    (0)    1 :  0.036 0.012 0.008 0.039 0.049 0.019 0.057 0.750 0.030     (0.000,0.252) (0.000,0.072) (0.000,0.047) (0.000,0.273) (0.000,0.334) (0.000,0.136) (0.000,0.413) (0.111,1.000) (0.000,0.216) 
 72      191    (0)    1 :  0.043 0.020 0.035 0.019 0.305 0.008 0.015 0.544 0.010     (0.000,0.328) (0.000,0.139) (0.000,0.263) (0.000,0.096) (0.000,0.848) (0.000,0.045) (0.000,0.100) (0.000,0.998) (0.000,0.057) 
 73      193    (0)    1 :  0.431 0.331 0.019 0.028 0.030 0.011 0.018 0.013 0.119     (0.000,1.000) (0.000,0.998) (0.000,0.130) (0.000,0.127) (0.000,0.218) (0.000,0.065) (0.000,0.124) (0.000,0.079) (0.000,0.962) 
 74      202    (0)    1 :  0.271 0.009 0.008 0.234 0.014 0.036 0.233 0.133 0.061     (0.000,0.988) (0.000,0.050) (0.000,0.047) (0.000,0.980) (0.000,0.092) (0.000,0.268) (0.000,0.707) (0.000,0.617) (0.000,0.474) 
 75      204    (0)    1 :  0.006 0.004 0.006 0.005 0.332 0.005 0.009 0.628 0.005     (0.000,0.030) (0.000,0.020) (0.000,0.034) (0.000,0.026) (0.000,1.000) (0.000,0.024) (0.000,0.049) (0.000,1.000) (0.000,0.027) 
 76      211    (0)    1 :  0.062 0.051 0.069 0.060 0.015 0.016 0.106 0.009 0.613     (0.000,0.503) (0.000,0.306) (0.000,0.502) (0.000,0.467) (0.000,0.098) (0.000,0.094) (0.000,0.543) (0.000,0.051) (0.000,1.000) 
 77      216    (0)    1 :  0.019 0.035 0.580 0.017 0.005 0.006 0.019 0.008 0.312     (0.000,0.106) (0.000,0.233) (0.018,0.999) (0.000,0.109) (0.000,0.025) (0.000,0.030) (0.000,0.139) (0.000,0.041) (0.000,0.829) 
 78      222    (0)    1 :  0.100 0.010 0.791 0.035 0.004 0.030 0.005 0.012 0.012     (0.000,0.753) (0.000,0.057) (0.066,1.000) (0.000,0.248) (0.000,0.024) (0.000,0.222) (0.000,0.024) (0.000,0.065) (0.000,0.056) 
 79      224    (0)    1 :  0.009 0.006 0.008 0.007 0.007 0.008 0.011 0.939 0.005     (0.000,0.048) (0.000,0.032) (0.000,0.049) (0.000,0.032) (0.000,0.038) (0.000,0.044) (0.000,0.074) (0.742,1.000) (0.000,0.025) 
 80      226    (0)    1 :  0.012 0.005 0.004 0.012 0.938 0.007 0.005 0.007 0.010     (0.000,0.077) (0.000,0.026) (0.000,0.024) (0.000,0.074) (0.737,1.000) (0.000,0.039) (0.000,0.025) (0.000,0.035) (0.000,0.064) 
 81      229    (0)    1 :  0.165 0.024 0.016 0.274 0.020 0.025 0.050 0.385 0.041     (0.000,0.967) (0.000,0.171) (0.000,0.096) (0.000,0.988) (0.000,0.132) (0.000,0.178) (0.000,0.388) (0.000,0.941) (0.000,0.303) 
 82      230    (0)    1 :  0.095 0.043 0.014 0.090 0.032 0.017 0.035 0.664 0.009     (0.000,0.855) (0.000,0.280) (0.000,0.101) (0.000,0.850) (0.000,0.231) (0.000,0.099) (0.000,0.259) (0.000,1.000) (0.000,0.051) 
 83      232    (0)    1 :  0.233 0.076 0.017 0.087 0.112 0.020 0.288 0.064 0.103     (0.000,0.940) (0.000,0.497) (0.000,0.109) (0.000,0.706) (0.000,0.573) (0.000,0.128) (0.000,0.744) (0.000,0.452) (0.000,0.618) 
 84      238    (0)    1 :  0.326 0.068 0.025 0.281 0.005 0.240 0.007 0.020 0.027     (0.000,0.998) (0.000,0.409) (0.000,0.174) (0.000,0.998) (0.000,0.028) (0.000,0.943) (0.000,0.042) (0.000,0.143) (0.000,0.194) 
 85      242    (0)    1 :  0.020 0.004 0.007 0.032 0.006 0.908 0.004 0.007 0.012     (0.000,0.071) (0.000,0.020) (0.000,0.041) (0.000,0.179) (0.000,0.033) (0.613,1.000) (0.000,0.021) (0.000,0.037) (0.000,0.070) 
 86      243    (0)    1 :  0.205 0.016 0.015 0.195 0.023 0.462 0.007 0.008 0.068     (0.000,0.991) (0.000,0.112) (0.000,0.095) (0.000,0.991) (0.000,0.167) (0.000,0.999) (0.000,0.041) (0.000,0.042) (0.000,0.441) 
 87      244    (0)    1 :  0.242 0.142 0.007 0.257 0.006 0.308 0.009 0.013 0.016     (0.000,0.997) (0.000,0.609) (0.000,0.038) (0.000,0.998) (0.000,0.034) (0.000,0.978) (0.000,0.053) (0.000,0.082) (0.000,0.107) 
 88      251    (0)    1 :  0.276 0.019 0.011 0.314 0.009 0.228 0.097 0.026 0.019     (0.000,0.997) (0.000,0.122) (0.000,0.064) (0.000,0.999) (0.000,0.053) (0.000,0.959) (0.000,0.526) (0.000,0.187) (0.000,0.121) 
 89      266    (0)    1 :  0.211 0.322 0.011 0.204 0.009 0.082 0.005 0.009 0.147     (0.000,0.982) (0.000,0.844) (0.000,0.071) (0.000,0.974) (0.000,0.057) (0.000,0.453) (0.000,0.026) (0.000,0.053) (0.000,0.634) 
 90      267    (0)    1 :  0.041 0.010 0.771 0.023 0.044 0.017 0.006 0.016 0.072     (0.000,0.277) (0.000,0.060) (0.253,1.000) (0.000,0.136) (0.000,0.314) (0.000,0.115) (0.000,0.033) (0.000,0.103) (0.000,0.444) 
 91      268    (0)    1 :  0.046 0.388 0.092 0.059 0.006 0.008 0.034 0.005 0.363     (0.000,0.349) (0.000,0.992) (0.000,0.606) (0.000,0.422) (0.000,0.031) (0.000,0.044) (0.000,0.252) (0.000,0.024) (0.000,0.995) 
 92      270    (0)    1 :  0.010 0.005 0.010 0.009 0.018 0.008 0.018 0.914 0.008     (0.000,0.053) (0.000,0.028) (0.000,0.059) (0.000,0.049) (0.000,0.117) (0.000,0.046) (0.000,0.124) (0.644,1.000) (0.000,0.043) 
 93      276    (0)    1 :  0.064 0.039 0.034 0.033 0.249 0.017 0.019 0.507 0.038     (0.000,0.469) (0.000,0.292) (0.000,0.252) (0.000,0.210) (0.000,0.803) (0.000,0.107) (0.000,0.127) (0.000,0.999) (0.000,0.289) 
 94      298    (7)    1 :  0.033 0.173 0.612 0.036 0.020 0.014 0.012 0.008 0.092     (0.000,0.221) (0.000,0.741) (0.000,0.998) (0.000,0.252) (0.000,0.146) (0.000,0.082) (0.000,0.078) (0.000,0.041) (0.000,0.566) 
 95      306    (0)    1 :  0.198 0.042 0.015 0.051 0.010 0.018 0.005 0.009 0.653     (0.000,0.723) (0.000,0.306) (0.000,0.094) (0.000,0.367) (0.000,0.058) (0.000,0.112) (0.000,0.028) (0.000,0.052) (0.000,1.000) 
 96      308    (0)    1 :  0.105 0.568 0.093 0.067 0.008 0.032 0.078 0.012 0.036     (0.000,0.706) (0.000,0.998) (0.000,0.571) (0.000,0.531) (0.000,0.047) (0.000,0.233) (0.000,0.406) (0.000,0.077) (0.000,0.255) 
 97      311    (7)    1 :  0.488 0.012 0.145 0.196 0.007 0.041 0.017 0.019 0.075     (0.000,1.000) (0.000,0.066) (0.000,0.838) (0.000,0.992) (0.000,0.042) (0.000,0.283) (0.000,0.117) (0.000,0.129) (0.000,0.603) 
 98      323    (0)    1 :  0.006 0.004 0.007 0.005 0.952 0.009 0.005 0.007 0.005     (0.000,0.033) (0.000,0.022) (0.000,0.037) (0.000,0.029) (0.793,1.000) (0.000,0.050) (0.000,0.025) (0.000,0.043) (0.000,0.026) 
 99      327    (0)    1 :  0.036 0.007 0.011 0.043 0.024 0.019 0.206 0.619 0.034     (0.000,0.253) (0.000,0.041) (0.000,0.068) (0.000,0.295) (0.000,0.175) (0.000,0.133) (0.000,0.690) (0.000,0.996) (0.000,0.247) 
100      334    (0)    1 :  0.028 0.006 0.009 0.466 0.003 0.353 0.006 0.006 0.123     (0.000,0.094) (0.000,0.032) (0.000,0.056) (0.000,1.000) (0.000,0.018) (0.000,1.000) (0.000,0.036) (0.000,0.033) (0.000,0.990) 
101      338    (0)    1 :  0.376 0.025 0.240 0.159 0.023 0.016 0.029 0.032 0.100     (0.000,0.998) (0.000,0.177) (0.000,0.953) (0.000,0.975) (0.000,0.167) (0.000,0.092) (0.000,0.209) (0.000,0.231) (0.000,0.637) 
102      341    (0)    1 :  0.009 0.005 0.006 0.009 0.918 0.011 0.007 0.007 0.027     (0.000,0.049) (0.000,0.029) (0.000,0.032) (0.000,0.051) (0.662,1.000) (0.000,0.071) (0.000,0.039) (0.000,0.039) (0.000,0.191) 
103      346    (0)    1 :  0.021 0.376 0.006 0.016 0.013 0.007 0.035 0.008 0.517     (0.000,0.115) (0.000,0.999) (0.000,0.031) (0.000,0.065) (0.000,0.077) (0.000,0.033) (0.000,0.269) (0.000,0.048) (0.000,1.000) 
104      348    (0)    1 :  0.103 0.204 0.601 0.036 0.008 0.017 0.007 0.008 0.016     (0.000,0.579) (0.000,0.737) (0.000,0.999) (0.000,0.245) (0.000,0.045) (0.000,0.111) (0.000,0.039) (0.000,0.046) (0.000,0.099) 
105      351    (0)    1 :  0.101 0.011 0.008 0.164 0.014 0.194 0.041 0.009 0.459     (0.000,0.860) (0.000,0.062) (0.000,0.046) (0.000,0.937) (0.000,0.089) (0.000,0.957) (0.000,0.288) (0.000,0.049) (0.000,0.999) 
106      362    (0)    1 :  0.011 0.005 0.007 0.009 0.131 0.005 0.050 0.774 0.007     (0.000,0.051) (0.000,0.027) (0.000,0.035) (0.000,0.040) (0.000,0.844) (0.000,0.028) (0.000,0.373) (0.000,1.000) (0.000,0.038) 
107      364    (0)    1 :  0.033 0.011 0.007 0.043 0.012 0.839 0.011 0.006 0.038     (0.000,0.199) (0.000,0.067) (0.000,0.041) (0.000,0.280) (0.000,0.075) (0.362,1.000) (0.000,0.071) (0.000,0.030) (0.000,0.269) 
108      366    (0)    1 :  0.066 0.008 0.022 0.062 0.012 0.777 0.007 0.019 0.027     (0.000,0.627) (0.000,0.044) (0.000,0.148) (0.000,0.588) (0.000,0.069) (0.000,1.000) (0.000,0.039) (0.000,0.133) (0.000,0.199) 
109      376    (0)    1 :  0.014 0.016 0.003 0.007 0.905 0.006 0.013 0.024 0.011     (0.000,0.096) (0.000,0.116) (0.000,0.018) (0.000,0.035) (0.646,1.000) (0.000,0.029) (0.000,0.085) (0.000,0.174) (0.000,0.067) 
110      377    (7)    1 :  0.142 0.012 0.056 0.065 0.026 0.015 0.323 0.333 0.026     (0.000,0.861) (0.000,0.067) (0.000,0.336) (0.000,0.511) (0.000,0.186) (0.000,0.090) (0.000,0.880) (0.000,0.941) (0.000,0.175) 
111      378    (0)    1 :  0.009 0.015 0.006 0.005 0.013 0.004 0.928 0.006 0.013     (0.000,0.058) (0.000,0.104) (0.000,0.030) (0.000,0.027) (0.000,0.088) (0.000,0.021) (0.721,1.000) (0.000,0.034) (0.000,0.087) 
112      388    (0)    1 :  0.075 0.014 0.601 0.044 0.011 0.016 0.036 0.013 0.190     (0.000,0.593) (0.000,0.088) (0.000,1.000) (0.000,0.310) (0.000,0.072) (0.000,0.101) (0.000,0.263) (0.000,0.079) (0.000,0.867) 
113      391    (0)    1 :  0.080 0.012 0.015 0.037 0.447 0.011 0.144 0.008 0.246     (0.000,0.551) (0.000,0.072) (0.000,0.095) (0.000,0.235) (0.000,0.882) (0.000,0.060) (0.000,0.511) (0.000,0.046) (0.000,0.865) 
114      401    (0)    1 :  0.293 0.095 0.007 0.238 0.087 0.079 0.010 0.180 0.011     (0.000,0.994) (0.000,0.514) (0.000,0.035) (0.000,0.992) (0.000,0.538) (0.000,0.523) (0.000,0.060) (0.000,0.659) (0.000,0.059) 
115      406    (0)    1 :  0.249 0.034 0.064 0.095 0.105 0.039 0.016 0.015 0.382     (0.000,0.985) (0.000,0.236) (0.000,0.450) (0.000,0.854) (0.000,0.618) (0.000,0.286) (0.000,0.103) (0.000,0.097) (0.000,0.997) 
116      412    (7)    1 :  0.414 0.042 0.039 0.078 0.023 0.015 0.030 0.026 0.333     (0.000,1.000) (0.000,0.312) (0.000,0.286) (0.000,0.774) (0.000,0.161) (0.000,0.085) (0.000,0.214) (0.000,0.186) (0.000,0.999) 
117      413    (0)    1 :  0.404 0.314 0.025 0.127 0.005 0.031 0.007 0.027 0.060     (0.000,0.999) (0.000,0.993) (0.000,0.184) (0.000,0.724) (0.000,0.024) (0.000,0.228) (0.000,0.039) (0.000,0.197) (0.000,0.523) 
118      421    (0)    1 :  0.065 0.034 0.016 0.036 0.017 0.013 0.009 0.777 0.032     (0.000,0.440) (0.000,0.253) (0.000,0.106) (0.000,0.240) (0.000,0.120) (0.000,0.082) (0.000,0.053) (0.317,1.000) (0.000,0.231) 
119      423    (0)    1 :  0.075 0.012 0.044 0.038 0.013 0.024 0.010 0.777 0.007     (0.000,0.610) (0.000,0.069) (0.000,0.334) (0.000,0.226) (0.000,0.086) (0.000,0.166) (0.000,0.057) (0.000,1.000) (0.000,0.038) 
120      424    (0)    1 :  0.191 0.024 0.020 0.039 0.206 0.021 0.023 0.010 0.465     (0.000,0.956) (0.000,0.154) (0.000,0.130) (0.000,0.254) (0.000,0.896) (0.000,0.136) (0.000,0.155) (0.000,0.060) (0.000,1.000) 
121      426    (0)    1 :  0.053 0.024 0.011 0.042 0.106 0.023 0.620 0.031 0.090     (0.000,0.377) (0.000,0.168) (0.000,0.065) (0.000,0.308) (0.000,0.540) (0.000,0.165) (0.000,0.998) (0.000,0.215) (0.000,0.707) 
122      430    (7)    1 :  0.264 0.098 0.025 0.025 0.024 0.006 0.013 0.012 0.533     (0.000,0.984) (0.000,0.682) (0.000,0.167) (0.000,0.134) (0.000,0.158) (0.000,0.034) (0.000,0.076) (0.000,0.068) (0.000,1.000) 
123      435    (0)    1 :  0.200 0.711 0.024 0.007 0.005 0.004 0.013 0.007 0.030     (0.000,0.949) (0.000,1.000) (0.000,0.170) (0.000,0.032) (0.000,0.025) (0.000,0.021) (0.000,0.081) (0.000,0.039) (0.000,0.219) 
124      476    (0)    1 :  0.033 0.021 0.004 0.021 0.754 0.021 0.013 0.126 0.008     (0.000,0.234) (0.000,0.149) (0.000,0.022) (0.000,0.142) (0.312,1.000) (0.000,0.147) (0.000,0.087) (0.000,0.583) (0.000,0.045) 
125      478    (0)    1 :  0.021 0.006 0.009 0.018 0.710 0.026 0.014 0.182 0.014     (0.000,0.152) (0.000,0.033) (0.000,0.052) (0.000,0.116) (0.275,0.997) (0.000,0.186) (0.000,0.093) (0.000,0.637) (0.000,0.092) 
126      484    (0)    1 :  0.041 0.042 0.600 0.014 0.022 0.006 0.010 0.007 0.258     (0.000,0.303) (0.000,0.307) (0.016,0.999) (0.000,0.075) (0.000,0.158) (0.000,0.033) (0.000,0.062) (0.000,0.042) (0.000,0.780) 
127      489    (0)    1 :  0.099 0.007 0.195 0.012 0.006 0.005 0.590 0.039 0.047     (0.000,0.763) (0.000,0.035) (0.000,0.606) (0.000,0.050) (0.000,0.033) (0.000,0.026) (0.000,0.999) (0.000,0.275) (0.000,0.356) 
128      492   (14)    1 :  0.033 0.007 0.007 0.463 0.004 0.341 0.005 0.005 0.135     (0.000,0.117) (0.000,0.036) (0.000,0.035) (0.000,1.000) (0.000,0.022) (0.000,1.000) (0.000,0.024) (0.000,0.023) (0.000,0.994) 
129      493    (0)    1 :  0.031 0.008 0.008 0.030 0.007 0.887 0.011 0.007 0.011     (0.000,0.196) (0.000,0.048) (0.000,0.044) (0.000,0.168) (0.000,0.040) (0.533,1.000) (0.000,0.074) (0.000,0.043) (0.000,0.072) 
130      494    (0)    1 :  0.145 0.007 0.007 0.140 0.011 0.622 0.045 0.019 0.005     (0.000,0.969) (0.000,0.041) (0.000,0.041) (0.000,0.971) (0.000,0.064) (0.000,1.000) (0.000,0.308) (0.000,0.128) (0.000,0.029) 
131      500    (0)    1 :  0.014 0.004 0.004 0.010 0.060 0.008 0.009 0.884 0.007     (0.000,0.059) (0.000,0.022) (0.000,0.024) (0.000,0.042) (0.000,0.430) (0.000,0.041) (0.000,0.053) (0.420,1.000) (0.000,0.032) 
132      504    (0)    1 :  0.056 0.017 0.595 0.095 0.011 0.033 0.058 0.050 0.085     (0.000,0.418) (0.000,0.114) (0.000,0.994) (0.000,0.580) (0.000,0.068) (0.000,0.239) (0.000,0.331) (0.000,0.334) (0.000,0.545) 
133      506    (0)    1 :  0.011 0.004 0.938 0.005 0.013 0.004 0.005 0.015 0.006     (0.000,0.047) (0.000,0.020) (0.718,1.000) (0.000,0.024) (0.000,0.082) (0.000,0.023) (0.000,0.025) (0.000,0.093) (0.000,0.033) 


Estimated Allele Frequencies in each cluster
First column gives estimated ancestral frequencies


Locus 1 : Rsu5 
5 alleles
0.0% missing data
 137   (0.747) 0.797 0.815 0.401 0.546 0.970 0.630 0.925 0.970 0.851 
 135   (0.081) 0.072 0.040 0.015 0.053 0.016 0.125 0.038 0.008 0.087 
 139   (0.106) 0.089 0.059 0.013 0.362 0.010 0.205 0.033 0.017 0.049 
 133   (0.022) 0.011 0.003 0.002 0.012 0.001 0.029 0.002 0.002 0.003 
 131   (0.044) 0.031 0.083 0.569 0.026 0.003 0.012 0.003 0.004 0.010 

Locus 2 : Scv1 
5 alleles
0.0% missing data
 181   (0.538) 0.455 0.358 0.363 0.400 0.957 0.691 0.821 0.600 0.345 
 179   (0.184) 0.154 0.248 0.096 0.397 0.016 0.175 0.061 0.139 0.399 
 177   (0.117) 0.208 0.058 0.215 0.082 0.014 0.057 0.106 0.015 0.213 
 185   (0.133) 0.165 0.332 0.323 0.100 0.011 0.053 0.010 0.243 0.039 
 171   (0.028) 0.018 0.004 0.003 0.021 0.002 0.024 0.003 0.003 0.004 

Locus 3 : Rsu4 
9 alleles
0.0% missing data
 267   (0.200) 0.132 0.088 0.153 0.390 0.139 0.336 0.088 0.271 0.070 
 263   (0.329) 0.482 0.403 0.349 0.257 0.524 0.251 0.818 0.223 0.413 
 259   (0.046) 0.026 0.006 0.005 0.028 0.214 0.012 0.030 0.257 0.009 
 287   (0.179) 0.175 0.075 0.172 0.125 0.105 0.125 0.036 0.208 0.393 
 275   (0.037) 0.023 0.010 0.004 0.026 0.002 0.134 0.003 0.003 0.007 
 279   (0.076) 0.057 0.257 0.010 0.074 0.006 0.052 0.011 0.008 0.020 
 283   (0.075) 0.067 0.153 0.300 0.055 0.005 0.039 0.006 0.007 0.078 
 291   (0.035) 0.024 0.005 0.004 0.032 0.002 0.016 0.006 0.021 0.006 
 271   (0.023) 0.014 0.003 0.002 0.015 0.002 0.034 0.002 0.002 0.003 

Locus 4 : Rsu6 
5 alleles
0.0% missing data
 120   (0.246) 0.219 0.220 0.069 0.190 0.282 0.196 0.548 0.270 0.397 
 126   (0.619) 0.698 0.761 0.914 0.707 0.564 0.632 0.378 0.514 0.585 
 124   (0.091) 0.060 0.014 0.012 0.078 0.152 0.056 0.072 0.196 0.013 
 130   (0.025) 0.013 0.003 0.003 0.014 0.002 0.110 0.002 0.002 0.003 
 114   (0.019) 0.011 0.003 0.002 0.012 0.001 0.005 0.001 0.019 0.002 

Locus 5 : Scv23 
3 alleles
0.8% missing data
 158   (0.529) 0.557 0.572 0.792 0.549 0.373 0.463 0.473 0.748 0.480 
 164   (0.181) 0.135 0.030 0.118 0.244 0.438 0.288 0.065 0.053 0.282 
 160   (0.290) 0.309 0.398 0.089 0.206 0.189 0.249 0.463 0.200 0.238 

Locus 6 : Scv13 
5 alleles
0.0% missing data
 182   (0.723) 0.782 0.556 0.893 0.803 0.807 0.724 0.975 0.910 0.929 
 180   (0.094) 0.069 0.015 0.011 0.070 0.164 0.096 0.011 0.070 0.016 
 172   (0.079) 0.058 0.290 0.082 0.052 0.006 0.046 0.006 0.007 0.037 
 184   (0.065) 0.054 0.013 0.009 0.046 0.020 0.120 0.005 0.010 0.010 
 174   (0.040) 0.037 0.126 0.005 0.029 0.003 0.015 0.003 0.004 0.008 

Locus 7 : Scv32 
18 alleles
0.8% missing data
 236   (0.040) 0.029 0.006 0.004 0.032 0.003 0.139 0.003 0.003 0.007 
 238   (0.041) 0.032 0.007 0.083 0.029 0.003 0.022 0.004 0.004 0.233 
 234   (0.152) 0.272 0.649 0.083 0.131 0.349 0.058 0.074 0.022 0.318 
 246   (0.044) 0.030 0.010 0.008 0.030 0.316 0.012 0.007 0.181 0.007 
 248   (0.088) 0.062 0.012 0.021 0.175 0.007 0.117 0.419 0.154 0.079 
 262   (0.113) 0.142 0.032 0.032 0.151 0.019 0.043 0.177 0.240 0.076 
 232   (0.168) 0.175 0.059 0.481 0.124 0.143 0.413 0.013 0.157 0.062 
 250   (0.031) 0.020 0.004 0.003 0.022 0.005 0.008 0.266 0.003 0.030 
 228   (0.023) 0.016 0.004 0.003 0.019 0.002 0.017 0.002 0.002 0.003 
 220   (0.042) 0.031 0.006 0.005 0.033 0.077 0.012 0.006 0.197 0.007 
 264   (0.050) 0.037 0.021 0.006 0.034 0.041 0.055 0.006 0.006 0.102 
 252   (0.042) 0.026 0.090 0.094 0.027 0.003 0.012 0.004 0.012 0.008 
 254   (0.047) 0.029 0.080 0.081 0.115 0.003 0.023 0.005 0.004 0.049 
 242   (0.025) 0.014 0.003 0.003 0.017 0.002 0.034 0.002 0.002 0.003 
 266   (0.026) 0.039 0.004 0.034 0.019 0.002 0.008 0.002 0.003 0.007 
 244   (0.027) 0.024 0.004 0.054 0.019 0.002 0.009 0.008 0.007 0.004 
 226   (0.019) 0.011 0.003 0.002 0.012 0.023 0.005 0.001 0.002 0.003 
 240   (0.019) 0.010 0.005 0.002 0.012 0.001 0.012 0.001 0.002 0.003 

Locus 8 : Scv8 
6 alleles
0.8% missing data
 200   (0.639) 0.629 0.404 0.615 0.733 0.842 0.643 0.831 0.670 0.834 
 202   (0.093) 0.087 0.044 0.078 0.071 0.007 0.188 0.007 0.008 0.072 
 194   (0.086) 0.144 0.100 0.010 0.058 0.138 0.033 0.014 0.122 0.049 
 204   (0.047) 0.034 0.008 0.005 0.044 0.004 0.018 0.134 0.031 0.009 
 198   (0.067) 0.049 0.013 0.008 0.048 0.005 0.083 0.009 0.163 0.011 
 188   (0.067) 0.057 0.431 0.283 0.046 0.004 0.035 0.005 0.006 0.024 

Locus 9 : Scv9 
5 alleles
0.0% missing data
 198   (0.321) 0.316 0.531 0.288 0.383 0.424 0.195 0.489 0.100 0.707 
 200   (0.335) 0.246 0.109 0.327 0.363 0.374 0.541 0.392 0.530 0.120 
 196   (0.281) 0.398 0.240 0.373 0.214 0.037 0.247 0.115 0.365 0.163 
 204   (0.043) 0.027 0.096 0.008 0.027 0.164 0.011 0.003 0.004 0.008 
 202   (0.020) 0.013 0.025 0.004 0.013 0.001 0.005 0.001 0.002 0.003 

Locus 10 : Rsu1 
6 alleles
0.0% missing data
 189   (0.304) 0.312 0.278 0.090 0.369 0.481 0.546 0.042 0.052 0.240 
 185   (0.281) 0.340 0.135 0.797 0.338 0.156 0.193 0.050 0.253 0.511 
 177   (0.080) 0.055 0.036 0.064 0.064 0.010 0.031 0.010 0.141 0.014 
 181   (0.240) 0.239 0.538 0.039 0.165 0.049 0.204 0.855 0.197 0.215 
 193   (0.056) 0.033 0.008 0.006 0.041 0.076 0.015 0.040 0.266 0.015 
 197   (0.039) 0.022 0.005 0.004 0.023 0.228 0.010 0.003 0.091 0.005 

Locus 11 : Scv14 
7 alleles
4.5% missing data
 196   (0.535) 0.613 0.671 0.624 0.369 0.925 0.477 0.926 0.801 0.419 
 198   (0.077) 0.050 0.044 0.025 0.055 0.006 0.096 0.008 0.007 0.300 
 194   (0.142) 0.135 0.183 0.060 0.102 0.023 0.218 0.039 0.081 0.035 
 202   (0.186) 0.166 0.086 0.284 0.432 0.042 0.178 0.018 0.104 0.232 
 204   (0.021) 0.012 0.003 0.002 0.013 0.002 0.016 0.002 0.002 0.003 
 190   (0.019) 0.013 0.003 0.002 0.015 0.002 0.006 0.006 0.003 0.004 
 200   (0.021) 0.012 0.010 0.002 0.014 0.002 0.008 0.002 0.002 0.006 

Locus 12 : Scv16 
7 alleles
0.0% missing data
 182   (0.425) 0.533 0.575 0.295 0.600 0.217 0.243 0.799 0.560 0.539 
 184   (0.410) 0.369 0.174 0.653 0.299 0.763 0.538 0.188 0.274 0.401 
 188   (0.055) 0.029 0.007 0.006 0.032 0.012 0.165 0.004 0.157 0.007 
 200   (0.019) 0.011 0.003 0.002 0.012 0.001 0.024 0.001 0.002 0.002 
 198   (0.038) 0.026 0.150 0.019 0.025 0.003 0.010 0.004 0.003 0.036 
 190   (0.033) 0.020 0.087 0.022 0.020 0.003 0.009 0.002 0.003 0.012 
 186   (0.020) 0.013 0.004 0.002 0.012 0.001 0.011 0.001 0.002 0.003 

Locus 13 : Scv31 
15 alleles
3.0% missing data
 193   (0.129) 0.098 0.044 0.117 0.129 0.017 0.071 0.632 0.027 0.282 
 201   (0.112) 0.075 0.016 0.068 0.113 0.022 0.231 0.078 0.045 0.022 
 187   (0.084) 0.055 0.012 0.142 0.064 0.294 0.024 0.043 0.294 0.015 
 207   (0.030) 0.018 0.004 0.004 0.019 0.366 0.007 0.002 0.039 0.004 
 195   (0.062) 0.069 0.021 0.246 0.040 0.007 0.017 0.024 0.127 0.011 
 185   (0.172) 0.206 0.306 0.143 0.128 0.222 0.117 0.017 0.028 0.458 
 189   (0.053) 0.033 0.007 0.006 0.035 0.004 0.247 0.161 0.005 0.007 
 205   (0.021) 0.012 0.003 0.003 0.014 0.001 0.011 0.002 0.002 0.003 
 191   (0.155) 0.324 0.490 0.020 0.124 0.052 0.050 0.025 0.355 0.137 
 197   (0.027) 0.019 0.004 0.196 0.019 0.005 0.007 0.004 0.004 0.004 
 199   (0.059) 0.037 0.079 0.046 0.040 0.004 0.064 0.005 0.005 0.009 
 203   (0.023) 0.014 0.003 0.003 0.016 0.002 0.078 0.002 0.002 0.003 
 209   (0.027) 0.017 0.006 0.003 0.024 0.002 0.021 0.003 0.003 0.017 
 213   (0.024) 0.013 0.003 0.003 0.224 0.002 0.050 0.002 0.002 0.026 
 181   (0.020) 0.012 0.003 0.002 0.012 0.003 0.005 0.001 0.062 0.003 

Locus 14 : Scv6 
8 alleles
0.0% missing data
 191   (0.096) 0.055 0.013 0.017 0.188 0.007 0.224 0.256 0.187 0.032 
 195   (0.382) 0.400 0.221 0.623 0.271 0.665 0.272 0.421 0.494 0.490 
 197   (0.211) 0.141 0.355 0.229 0.158 0.278 0.105 0.294 0.287 0.225 
 201   (0.083) 0.065 0.129 0.010 0.075 0.006 0.127 0.008 0.008 0.086 
 205   (0.021) 0.011 0.003 0.002 0.012 0.001 0.058 0.001 0.002 0.003 
 193   (0.095) 0.123 0.185 0.083 0.067 0.007 0.118 0.007 0.009 0.083 
 199   (0.088) 0.191 0.091 0.033 0.213 0.035 0.048 0.010 0.012 0.078 
 181   (0.023) 0.014 0.003 0.003 0.014 0.002 0.048 0.002 0.002 0.003 

Values of parameters used in structure:
DATAFILE=M:\STRUCTURE\Squirrel_133_ID_14L_20250816\project_data,	OUTFILE=M:\STRUCTURE\Squirrel_133_ID_14L_20250816\10k_Burnin_100k_MCMC\Results\10k_Burnin_100k_MCMC_run_207,	NUMINDS=133,	NUMLOCI=14,	MISSING=-9,	LABEL=1,	POPDATA=1,	POPFLAG=0,	PHENOTYPE=0,	EXTRACOLS=1,	MAXPOPS=9,	BURNIN=10000,	NUMREPS=100000,	USEPOPINFO=0,	INFERALPHA=1,	INFERLAMBDA=1,	POPSPECIFICLAMBDA=0,	POPALPHAS=0,	COMPUTEPROB=1,	NOADMIX=0,	ADMBURNIN=2500,	UPDATEFREQ=1,	PRINTLIKES=0,	INTERMEDSAVE=0,	PRINTKLD=0,	PRINTNET=0,	PRINTLAMBDA=0,	ANCESTDIST=1,	NUMBOXES=1000,	ANCESTPINT=0.90000,	GENSBACK=2,	MIGRPRIOR=0.05000,	PRINTQHAT=1,	PRINTQSUM=0,	ALPHA=1.0000,	FREQSCORR=1,	FPRIORMEAN=0.0100,	FPRIORSD=0.0500,	ONEFST=0,	LAMBDA=1.0000,	UNIFPRIORALPHA=1,	ALPHAMAX=10.0000,	ALPHAPRIORA=1.0000,	ALPHAPRIORB=2.0000,	ALPHAPROPSD=0.0250,	STARTATPOPINFO=0,	RANDOMIZE=1,	LINKAGE=0,	METROFREQ=10,	REPORTHITRATE=0,	MARKOVPHASE=-1,	PHASED=0,	PLOIDY=2,	PHASEINFO=0	LOCPRIOR=0, 	LOCPRIORINIT=1.000000, 	LOCDATA=0, 	LOCISPOP=0, 	LOCPRIORSTEP=0.100000, 	MAXLOCPRIOR=20.000000, 	SEED=1763724670,	
[STRAT parameters]:    NUMSIMSTATS=1000,	PHENOTYPECOL=-9,	POOLFREQ=10,	LOCUSxONLY=0,	EMERROR=0.00100,	MISSINGPHENO=-9,	