          1*  1 0.9616 0.0384 
           3  1 0.0130 0.9870 
           6  1 0.0188 0.9812 
           8  1 0.0109 0.9891 
          10  1 0.0089 0.9911 
          11  1 0.5977 0.4023 
          12  1 0.0135 0.9865 
          16  1 0.0087 0.9913 
          18  1 0.9403 0.0597 
          19  1 0.9604 0.0396 
          21  1 0.0119 0.9881 
          23  1 0.1546 0.8454 
          24  1 0.2381 0.7619 
          25  1 0.0346 0.9654 
         26*  1 0.0087 0.9913 
          28  1 0.0070 0.9930 
          29  1 0.0126 0.9874 
          30  1 0.3390 0.6610 
          33  1 0.9924 0.0076 
          37  1 0.9029 0.0971 
          38  1 0.8436 0.1564 
          43  1 0.0113 0.9887 
          44  1 0.0102 0.9898 
          48  1 0.9479 0.0521 
          55  1 0.0164 0.9836 
          59  1 0.0134 0.9866 
          60  1 0.9791 0.0209 
          61  1 0.9843 0.0157 
          62  1 0.8496 0.1504 
          65  1 0.9808 0.0192 
          73  1 0.9518 0.0482 
          75  1 0.9936 0.0064 
          76  1 0.9869 0.0131 
          77  1 0.9870 0.0130 
          78  1 0.9896 0.0104 
          79  1 0.9939 0.0061 
          84  1 0.0199 0.9801 
          85  1 0.0310 0.9690 
          86  1 0.0950 0.9050 
          89  1 0.0240 0.9760 
          94  1 0.0189 0.9811 
          95  1 0.0282 0.9718 
          96  1 0.0103 0.9897 
          98  1 0.9859 0.0141 
         102  1 0.9386 0.0614 
         105  1 0.9910 0.0090 
         106  1 0.9418 0.0582 
         108  1 0.9867 0.0133 
         109  1 0.9708 0.0292 
         112  1 0.2340 0.7660 
         115  1 0.8742 0.1258 
         116  1 0.0425 0.9575 
         117  1 0.0206 0.9794 
         129  1 0.0061 0.9939 
         132  1 0.9355 0.0645 
         133  1 0.9891 0.0109 
         137  1 0.9633 0.0367 
         139  1 0.9878 0.0122 
         140  1 0.9704 0.0296 
         142  1 0.9727 0.0273 
         144  1 0.9913 0.0087 
         145  1 0.9112 0.0888 
         147  1 0.9922 0.0078 
         160  1 0.0108 0.9892 
        162*  1 0.0116 0.9884 
         166  1 0.9875 0.0125 
         177  1 0.9925 0.0075 
         178  1 0.9808 0.0192 
         186  1 0.0091 0.9909 
         189  1 0.0106 0.9894 
         190  1 0.0120 0.9880 
         191  1 0.0133 0.9867 
         193  1 0.5117 0.4883 
         202  1 0.1154 0.8846 
         204  1 0.0052 0.9948 
         211  1 0.9669 0.0331 
         216  1 0.9892 0.0108 
         222  1 0.9878 0.0122 
         224  1 0.0162 0.9838 
         226  1 0.0306 0.9694 
         229  1 0.1367 0.8633 
         230  1 0.0472 0.9528 
         232  1 0.0536 0.9464 
         238  1 0.9809 0.0191 
         242  1 0.9865 0.0135 
         243  1 0.9816 0.0184 
         244  1 0.9847 0.0153 
         251  1 0.9426 0.0574 
         266  1 0.9906 0.0094 
         267  1 0.9607 0.0393 
         268  1 0.9898 0.0102 
         270  1 0.0124 0.9876 
         276  1 0.0271 0.9729 
         298  1 0.9887 0.0113 
         306  1 0.9894 0.0106 
         308  1 0.9846 0.0154 
         311  1 0.9764 0.0236 
         323  1 0.0167 0.9833 
         327  1 0.0123 0.9877 
         334  1 0.9880 0.0120 
         338  1 0.9151 0.0849 
         341  1 0.0325 0.9675 
         346  1 0.8549 0.1451 
         348  1 0.9915 0.0085 
         351  1 0.9677 0.0323 
         362  1 0.0066 0.9934 
         364  1 0.9889 0.0111 
         366  1 0.9694 0.0306 
         376  1 0.0101 0.9899 
         377  1 0.0630 0.9370 
         378  1 0.0109 0.9891 
         388  1 0.9774 0.0226 
         391  1 0.1011 0.8989 
         401  1 0.4458 0.5542 
         406  1 0.8671 0.1329 
         412  1 0.7734 0.2266 
         413  1 0.9780 0.0220 
         421  1 0.0430 0.9570 
         423  1 0.1509 0.8491 
         424  1 0.7126 0.2874 
         426  1 0.0243 0.9757 
         430  1 0.9237 0.0763 
         435  1 0.9751 0.0249 
         476  1 0.0171 0.9829 
         478  1 0.0084 0.9916 
         484  1 0.9872 0.0128 
         489  1 0.1049 0.8951 
         492  1 0.9918 0.0082 
         493  1 0.9499 0.0501 
         494  1 0.8538 0.1462 
         500  1 0.0060 0.9940 
         504  1 0.9726 0.0274 
         506  1 0.8708 0.1292 
