

----------------------------------------------------
STRUCTURE by Pritchard, Stephens and Donnelly (2000)
     and Falush, Stephens and Pritchard (2003)
       Code by Pritchard, Falush and Hubisz
             Version 2.3.4 (Jul 2012)
----------------------------------------------------



Command line arguments:   bin\structure -m M:\STRUCTURE\Squirrel_133_ID_14L_20250816\10k_Burnin_100k_MCMC\mainparams -e M:\STRUCTURE\Squirrel_133_ID_14L_20250816\10k_Burnin_100k_MCMC\extraparams 
Input File:    M:\STRUCTURE\Squirrel_133_ID_14L_20250816\project_data

Run parameters:
   133 individuals
   14 loci
   4 populations assumed
   10000 Burn-in period
   100000 Reps


--------------------------------------------
Proportion of membership of each pre-defined
 population in each of the 4 clusters

Given    Inferred Clusters              Number of
 Pop       1      2      3      4      Individuals

  1:     0.345  0.156  0.308  0.190      133
--------------------------------------------

Allele-freq. divergence among pops (Net nucleotide distance),
computed using point estimates of P.

      1       2       3       4      
 1      -    0.0685  0.0539  0.0428  
 2   0.0685     -    0.0539  0.0667  
 3   0.0539  0.0539     -    0.0407  
 4   0.0428  0.0667  0.0407     -    

Average distances (expected heterozygosity) between individuals in same cluster:
cluster  1  : 0.6071 
cluster  2  : 0.4928 
cluster  3  : 0.5441 
cluster  4  : 0.6673 

--------------------------------------------
Estimated Ln Prob of Data   = -4412.4
Mean value of ln likelihood = -4278.3
Variance of ln likelihood   = 268.1
Mean value of alpha         = 0.0436

Mean value of lambda        = 1.0172

Mean value of Fst_1         = 0.1363
Mean value of Fst_2         = 0.2076
Mean value of Fst_3         = 0.1759
Mean value of Fst_4         = 0.0365


Inferred ancestry of individuals:
        Label (%Miss) Pop:  Inferred clusters (and 90% probability intervals)
  1       1*    (0)    1 :  0.014 0.064 0.012 0.909     (0.000,0.092) (0.000,0.435) (0.000,0.072) (0.513,1.000) 
  2        3    (0)    1 :  0.011 0.011 0.970 0.009     (0.000,0.063) (0.000,0.058) (0.820,1.000) (0.000,0.049) 
  3        6    (0)    1 :  0.019 0.011 0.963 0.007     (0.000,0.125) (0.000,0.053) (0.782,1.000) (0.000,0.037) 
  4        8    (0)    1 :  0.006 0.022 0.952 0.020     (0.000,0.031) (0.000,0.140) (0.727,1.000) (0.000,0.128) 
  5       10    (0)    1 :  0.005 0.936 0.049 0.011     (0.000,0.024) (0.651,1.000) (0.000,0.323) (0.000,0.067) 
  6       11    (0)    1 :  0.032 0.034 0.102 0.831     (0.000,0.225) (0.000,0.245) (0.000,0.790) (0.003,1.000) 
  7       12    (0)    1 :  0.005 0.983 0.007 0.005     (0.000,0.027) (0.904,1.000) (0.000,0.035) (0.000,0.025) 
  8       16    (7)    1 :  0.006 0.008 0.976 0.009     (0.000,0.035) (0.000,0.044) (0.863,1.000) (0.000,0.049) 
  9       18    (0)    1 :  0.006 0.007 0.011 0.976     (0.000,0.033) (0.000,0.041) (0.000,0.060) (0.859,1.000) 
 10       19    (0)    1 :  0.041 0.013 0.039 0.907     (0.000,0.285) (0.000,0.084) (0.000,0.285) (0.504,1.000) 
 11       21    (7)    1 :  0.009 0.010 0.973 0.009     (0.000,0.049) (0.000,0.052) (0.844,1.000) (0.000,0.050) 
 12       23    (7)    1 :  0.063 0.908 0.018 0.011     (0.000,0.422) (0.523,1.000) (0.000,0.123) (0.000,0.063) 
 13       24    (7)    1 :  0.016 0.658 0.038 0.289     (0.000,0.105) (0.000,1.000) (0.000,0.265) (0.000,1.000) 
 14       25    (7)    1 :  0.012 0.911 0.063 0.014     (0.000,0.070) (0.590,1.000) (0.000,0.354) (0.000,0.084) 
 15      26*    (0)    1 :  0.008 0.232 0.734 0.026     (0.000,0.041) (0.000,0.617) (0.362,1.000) (0.000,0.185) 
 16       28    (0)    1 :  0.007 0.261 0.725 0.008     (0.000,0.038) (0.000,1.000) (0.000,1.000) (0.000,0.041) 
 17       29    (0)    1 :  0.006 0.955 0.021 0.018     (0.000,0.032) (0.743,1.000) (0.000,0.142) (0.000,0.125) 
 18       30    (0)    1 :  0.168 0.050 0.731 0.051     (0.000,0.758) (0.000,0.373) (0.000,1.000) (0.000,0.380) 
 19       33    (0)    1 :  0.018 0.008 0.005 0.969     (0.000,0.119) (0.000,0.044) (0.000,0.027) (0.820,1.000) 
 20       37    (0)    1 :  0.008 0.034 0.011 0.947     (0.000,0.047) (0.000,0.257) (0.000,0.061) (0.685,1.000) 
 21       38    (0)    1 :  0.005 0.013 0.012 0.970     (0.000,0.025) (0.000,0.082) (0.000,0.074) (0.822,1.000) 
 22       43    (0)    1 :  0.008 0.911 0.072 0.009     (0.000,0.047) (0.569,1.000) (0.000,0.405) (0.000,0.051) 
 23       44    (0)    1 :  0.009 0.006 0.979 0.006     (0.000,0.048) (0.000,0.031) (0.880,1.000) (0.000,0.032) 
 24       48    (0)    1 :  0.006 0.008 0.009 0.977     (0.000,0.030) (0.000,0.044) (0.000,0.054) (0.867,1.000) 
 25       55    (0)    1 :  0.015 0.010 0.965 0.009     (0.000,0.102) (0.000,0.060) (0.795,1.000) (0.000,0.050) 
 26       59    (0)    1 :  0.008 0.007 0.976 0.009     (0.000,0.048) (0.000,0.039) (0.857,1.000) (0.000,0.051) 
 27       60    (0)    1 :  0.399 0.488 0.008 0.105     (0.000,1.000) (0.000,1.000) (0.000,0.045) (0.000,0.790) 
 28       61    (0)    1 :  0.974 0.009 0.009 0.008     (0.848,1.000) (0.000,0.053) (0.000,0.052) (0.000,0.042) 
 29       62    (0)    1 :  0.889 0.043 0.036 0.031     (0.378,1.000) (0.000,0.319) (0.000,0.208) (0.000,0.193) 
 30       65    (0)    1 :  0.019 0.006 0.007 0.967     (0.000,0.137) (0.000,0.034) (0.000,0.040) (0.810,1.000) 
 31       73    (0)    1 :  0.834 0.127 0.020 0.019     (0.436,1.000) (0.000,0.517) (0.000,0.137) (0.000,0.127) 
 32       75    (0)    1 :  0.973 0.005 0.007 0.015     (0.842,1.000) (0.000,0.026) (0.000,0.037) (0.000,0.100) 
 33       76    (0)    1 :  0.971 0.018 0.006 0.006     (0.824,1.000) (0.000,0.123) (0.000,0.032) (0.000,0.030) 
 34       77    (0)    1 :  0.943 0.039 0.006 0.011     (0.666,1.000) (0.000,0.278) (0.000,0.030) (0.000,0.064) 
 35       78    (0)    1 :  0.977 0.008 0.007 0.008     (0.864,1.000) (0.000,0.047) (0.000,0.041) (0.000,0.041) 
 36       79    (0)    1 :  0.975 0.006 0.005 0.014     (0.854,1.000) (0.000,0.032) (0.000,0.026) (0.000,0.098) 
 37       84    (0)    1 :  0.033 0.025 0.930 0.012     (0.000,0.239) (0.000,0.171) (0.617,1.000) (0.000,0.074) 
 38       85    (0)    1 :  0.013 0.006 0.959 0.021     (0.000,0.081) (0.000,0.031) (0.770,1.000) (0.000,0.115) 
 39       86    (0)    1 :  0.041 0.038 0.781 0.140     (0.000,0.305) (0.000,0.253) (0.124,1.000) (0.000,0.735) 
 40       89    (0)    1 :  0.037 0.431 0.490 0.042     (0.000,0.266) (0.000,1.000) (0.000,1.000) (0.000,0.303) 
 41       94    (0)    1 :  0.004 0.977 0.007 0.011     (0.000,0.024) (0.870,1.000) (0.000,0.040) (0.000,0.063) 
 42       95    (0)    1 :  0.015 0.010 0.963 0.012     (0.000,0.097) (0.000,0.054) (0.780,1.000) (0.000,0.068) 
 43       96    (0)    1 :  0.010 0.036 0.946 0.008     (0.000,0.055) (0.000,0.213) (0.715,1.000) (0.000,0.044) 
 44       98    (0)    1 :  0.963 0.015 0.010 0.013     (0.785,1.000) (0.000,0.097) (0.000,0.054) (0.000,0.069) 
 45      102    (0)    1 :  0.014 0.022 0.014 0.950     (0.000,0.093) (0.000,0.161) (0.000,0.090) (0.724,1.000) 
 46      105    (0)    1 :  0.958 0.007 0.013 0.022     (0.763,1.000) (0.000,0.039) (0.000,0.080) (0.000,0.157) 
 47      106    (0)    1 :  0.886 0.009 0.077 0.028     (0.557,1.000) (0.000,0.052) (0.000,0.359) (0.000,0.175) 
 48      108    (0)    1 :  0.889 0.012 0.018 0.081     (0.454,1.000) (0.000,0.075) (0.000,0.123) (0.000,0.511) 
 49      109    (0)    1 :  0.949 0.010 0.032 0.009     (0.718,1.000) (0.000,0.056) (0.000,0.227) (0.000,0.054) 
 50      112    (0)    1 :  0.207 0.367 0.329 0.097     (0.000,0.996) (0.000,1.000) (0.000,1.000) (0.000,0.693) 
 51      115    (0)    1 :  0.023 0.072 0.012 0.894     (0.000,0.137) (0.000,0.432) (0.000,0.064) (0.483,1.000) 
 52      116    (0)    1 :  0.015 0.012 0.949 0.025     (0.000,0.089) (0.000,0.067) (0.704,1.000) (0.000,0.172) 
 53      117    (0)    1 :  0.025 0.205 0.760 0.011     (0.000,0.172) (0.000,1.000) (0.000,1.000) (0.000,0.062) 
 54      129    (0)    1 :  0.004 0.010 0.979 0.006     (0.000,0.022) (0.000,0.055) (0.885,1.000) (0.000,0.033) 
 55      132    (0)    1 :  0.125 0.675 0.009 0.191     (0.000,0.721) (0.000,1.000) (0.000,0.051) (0.000,0.972) 
 56      133    (0)    1 :  0.974 0.011 0.007 0.008     (0.851,1.000) (0.000,0.064) (0.000,0.036) (0.000,0.043) 
 57      137    (7)    1 :  0.920 0.057 0.012 0.011     (0.532,1.000) (0.000,0.410) (0.000,0.072) (0.000,0.055) 
 58      139    (0)    1 :  0.952 0.008 0.011 0.028     (0.729,1.000) (0.000,0.046) (0.000,0.069) (0.000,0.195) 
 59      140    (0)    1 :  0.946 0.007 0.033 0.014     (0.686,1.000) (0.000,0.037) (0.000,0.210) (0.000,0.071) 
 60      142    (0)    1 :  0.963 0.018 0.011 0.009     (0.784,1.000) (0.000,0.117) (0.000,0.069) (0.000,0.045) 
 61      144    (0)    1 :  0.978 0.005 0.009 0.008     (0.869,1.000) (0.000,0.029) (0.000,0.054) (0.000,0.045) 
 62      145    (0)    1 :  0.966 0.009 0.017 0.008     (0.803,1.000) (0.000,0.050) (0.000,0.099) (0.000,0.044) 
 63      147    (0)    1 :  0.979 0.004 0.009 0.007     (0.880,1.000) (0.000,0.023) (0.000,0.054) (0.000,0.041) 
 64      160    (0)    1 :  0.005 0.981 0.009 0.006     (0.000,0.025) (0.890,1.000) (0.000,0.046) (0.000,0.030) 
 65     162*    (0)    1 :  0.011 0.045 0.935 0.009     (0.000,0.062) (0.000,0.298) (0.637,1.000) (0.000,0.050) 
 66      166    (0)    1 :  0.953 0.029 0.010 0.009     (0.751,1.000) (0.000,0.128) (0.000,0.051) (0.000,0.046) 
 67      177    (0)    1 :  0.982 0.006 0.005 0.007     (0.897,1.000) (0.000,0.034) (0.000,0.028) (0.000,0.036) 
 68      178    (0)    1 :  0.946 0.032 0.010 0.012     (0.690,1.000) (0.000,0.242) (0.000,0.056) (0.000,0.067) 
 69      186    (0)    1 :  0.007 0.010 0.975 0.008     (0.000,0.037) (0.000,0.057) (0.856,1.000) (0.000,0.043) 
 70      189    (0)    1 :  0.008 0.025 0.955 0.012     (0.000,0.044) (0.000,0.165) (0.748,1.000) (0.000,0.064) 
 71      190    (0)    1 :  0.011 0.123 0.849 0.016     (0.000,0.062) (0.000,0.995) (0.000,1.000) (0.000,0.095) 
 72      191    (0)    1 :  0.016 0.012 0.965 0.007     (0.000,0.103) (0.000,0.075) (0.793,1.000) (0.000,0.038) 
 73      193    (0)    1 :  0.915 0.034 0.039 0.012     (0.507,1.000) (0.000,0.237) (0.000,0.263) (0.000,0.072) 
 74      202    (0)    1 :  0.015 0.730 0.103 0.151     (0.000,0.096) (0.152,1.000) (0.000,0.520) (0.000,0.731) 
 75      204    (0)    1 :  0.005 0.008 0.983 0.004     (0.000,0.026) (0.000,0.044) (0.901,1.000) (0.000,0.023) 
 76      211    (0)    1 :  0.532 0.427 0.010 0.031     (0.000,1.000) (0.000,1.000) (0.000,0.059) (0.000,0.189) 
 77      216    (0)    1 :  0.965 0.023 0.006 0.006     (0.789,1.000) (0.000,0.168) (0.000,0.032) (0.000,0.031) 
 78      222    (0)    1 :  0.915 0.014 0.010 0.061     (0.500,1.000) (0.000,0.079) (0.000,0.053) (0.000,0.447) 
 79      224    (0)    1 :  0.011 0.027 0.946 0.015     (0.000,0.066) (0.000,0.179) (0.704,1.000) (0.000,0.086) 
 80      226    (0)    1 :  0.010 0.011 0.952 0.027     (0.000,0.061) (0.000,0.060) (0.722,1.000) (0.000,0.181) 
 81      229    (0)    1 :  0.051 0.038 0.762 0.149     (0.000,0.368) (0.000,0.276) (0.000,1.000) (0.000,0.924) 
 82      230    (0)    1 :  0.043 0.018 0.905 0.033     (0.000,0.260) (0.000,0.122) (0.576,1.000) (0.000,0.181) 
 83      232    (0)    1 :  0.111 0.505 0.343 0.042     (0.000,0.612) (0.000,1.000) (0.000,1.000) (0.000,0.294) 
 84      238    (0)    1 :  0.231 0.014 0.017 0.738     (0.000,0.849) (0.000,0.096) (0.000,0.118) (0.077,1.000) 
 85      242    (0)    1 :  0.005 0.005 0.007 0.983     (0.000,0.030) (0.000,0.025) (0.000,0.039) (0.901,1.000) 
 86      243    (0)    1 :  0.053 0.015 0.023 0.910     (0.000,0.370) (0.000,0.093) (0.000,0.160) (0.542,1.000) 
 87      244    (0)    1 :  0.045 0.011 0.013 0.931     (0.000,0.319) (0.000,0.065) (0.000,0.083) (0.630,1.000) 
 88      251    (0)    1 :  0.030 0.115 0.027 0.828     (0.000,0.209) (0.000,0.593) (0.000,0.197) (0.324,1.000) 
 89      266    (0)    1 :  0.626 0.011 0.010 0.353     (0.000,1.000) (0.000,0.062) (0.000,0.058) (0.000,1.000) 
 90      267    (0)    1 :  0.901 0.016 0.064 0.020     (0.536,1.000) (0.000,0.099) (0.000,0.400) (0.000,0.130) 
 91      268    (0)    1 :  0.956 0.028 0.006 0.010     (0.740,1.000) (0.000,0.210) (0.000,0.031) (0.000,0.052) 
 92      270    (0)    1 :  0.011 0.017 0.961 0.012     (0.000,0.061) (0.000,0.109) (0.773,1.000) (0.000,0.065) 
 93      276    (0)    1 :  0.044 0.020 0.921 0.015     (0.000,0.328) (0.000,0.138) (0.566,1.000) (0.000,0.088) 
 94      298    (7)    1 :  0.973 0.008 0.009 0.010     (0.845,1.000) (0.000,0.050) (0.000,0.050) (0.000,0.053) 
 95      306    (0)    1 :  0.922 0.030 0.007 0.041     (0.531,1.000) (0.000,0.198) (0.000,0.039) (0.000,0.253) 
 96      308    (0)    1 :  0.921 0.047 0.009 0.023     (0.593,1.000) (0.000,0.329) (0.000,0.050) (0.000,0.157) 
 97      311    (7)    1 :  0.741 0.028 0.024 0.208     (0.000,1.000) (0.000,0.202) (0.000,0.162) (0.000,1.000) 
 98      323    (0)    1 :  0.009 0.006 0.973 0.011     (0.000,0.051) (0.000,0.034) (0.846,1.000) (0.000,0.062) 
 99      327    (0)    1 :  0.011 0.654 0.312 0.023     (0.000,0.064) (0.000,1.000) (0.000,0.981) (0.000,0.144) 
100      334    (0)    1 :  0.017 0.008 0.006 0.969     (0.000,0.114) (0.000,0.045) (0.000,0.031) (0.820,1.000) 
101      338    (0)    1 :  0.906 0.034 0.033 0.026     (0.485,1.000) (0.000,0.248) (0.000,0.225) (0.000,0.146) 
102      341    (0)    1 :  0.022 0.082 0.867 0.028     (0.000,0.150) (0.000,0.526) (0.371,1.000) (0.000,0.195) 
103      346    (0)    1 :  0.534 0.438 0.014 0.014     (0.000,1.000) (0.000,1.000) (0.000,0.075) (0.000,0.070) 
104      348    (0)    1 :  0.975 0.005 0.007 0.013     (0.858,1.000) (0.000,0.028) (0.000,0.040) (0.000,0.072) 
105      351    (0)    1 :  0.028 0.106 0.013 0.853     (0.000,0.189) (0.000,0.676) (0.000,0.078) (0.203,1.000) 
106      362    (0)    1 :  0.006 0.033 0.955 0.006     (0.000,0.032) (0.000,0.221) (0.738,1.000) (0.000,0.032) 
107      364    (0)    1 :  0.013 0.012 0.008 0.967     (0.000,0.084) (0.000,0.073) (0.000,0.044) (0.808,1.000) 
108      366    (0)    1 :  0.017 0.015 0.019 0.948     (0.000,0.109) (0.000,0.100) (0.000,0.126) (0.701,1.000) 
109      376    (0)    1 :  0.008 0.020 0.964 0.008     (0.000,0.041) (0.000,0.117) (0.800,1.000) (0.000,0.044) 
110      377    (7)    1 :  0.064 0.671 0.237 0.028     (0.000,0.458) (0.000,1.000) (0.000,0.853) (0.000,0.190) 
111      378    (0)    1 :  0.008 0.979 0.008 0.005     (0.000,0.046) (0.877,1.000) (0.000,0.046) (0.000,0.025) 
112      388    (0)    1 :  0.901 0.055 0.016 0.028     (0.496,1.000) (0.000,0.384) (0.000,0.103) (0.000,0.191) 
113      391    (0)    1 :  0.180 0.657 0.136 0.027     (0.000,0.822) (0.064,1.000) (0.000,0.624) (0.000,0.175) 
114      401    (0)    1 :  0.100 0.012 0.536 0.352     (0.000,0.522) (0.000,0.063) (0.000,1.000) (0.000,1.000) 
115      406    (0)    1 :  0.718 0.110 0.067 0.105     (0.000,1.000) (0.000,0.821) (0.000,0.487) (0.000,0.911) 
116      412    (7)    1 :  0.820 0.098 0.054 0.028     (0.002,1.000) (0.000,0.707) (0.000,0.410) (0.000,0.173) 
117      413    (0)    1 :  0.915 0.013 0.014 0.058     (0.565,1.000) (0.000,0.077) (0.000,0.077) (0.000,0.372) 
118      421    (0)    1 :  0.061 0.037 0.867 0.035     (0.000,0.421) (0.000,0.264) (0.411,1.000) (0.000,0.259) 
119      423    (0)    1 :  0.067 0.024 0.815 0.094     (0.000,0.481) (0.000,0.160) (0.019,1.000) (0.000,0.692) 
120      424    (0)    1 :  0.526 0.378 0.050 0.046     (0.000,1.000) (0.000,1.000) (0.000,0.378) (0.000,0.326) 
121      426    (0)    1 :  0.016 0.914 0.051 0.019     (0.000,0.103) (0.556,1.000) (0.000,0.364) (0.000,0.128) 
122      430    (7)    1 :  0.948 0.027 0.017 0.008     (0.705,1.000) (0.000,0.165) (0.000,0.103) (0.000,0.043) 
123      435    (0)    1 :  0.969 0.020 0.007 0.004     (0.817,1.000) (0.000,0.135) (0.000,0.035) (0.000,0.023) 
124      476    (0)    1 :  0.007 0.011 0.962 0.020     (0.000,0.040) (0.000,0.065) (0.785,1.000) (0.000,0.141) 
125      478    (0)    1 :  0.007 0.013 0.972 0.008     (0.000,0.039) (0.000,0.075) (0.839,1.000) (0.000,0.045) 
126      484    (0)    1 :  0.971 0.011 0.011 0.008     (0.831,1.000) (0.000,0.063) (0.000,0.064) (0.000,0.043) 
127      489    (0)    1 :  0.071 0.900 0.023 0.007     (0.000,0.461) (0.483,1.000) (0.000,0.160) (0.000,0.034) 
128      492   (14)    1 :  0.024 0.009 0.006 0.961     (0.000,0.162) (0.000,0.049) (0.000,0.033) (0.774,1.000) 
129      493    (0)    1 :  0.010 0.011 0.007 0.971     (0.000,0.059) (0.000,0.071) (0.000,0.042) (0.832,1.000) 
130      494    (0)    1 :  0.008 0.033 0.019 0.941     (0.000,0.046) (0.000,0.246) (0.000,0.129) (0.669,1.000) 
131      500    (0)    1 :  0.005 0.012 0.976 0.008     (0.000,0.025) (0.000,0.068) (0.862,1.000) (0.000,0.038) 
132      504    (0)    1 :  0.815 0.041 0.050 0.094     (0.346,1.000) (0.000,0.274) (0.000,0.356) (0.000,0.548) 
133      506    (0)    1 :  0.860 0.015 0.116 0.009     (0.426,1.000) (0.000,0.091) (0.000,0.550) (0.000,0.049) 


Estimated Allele Frequencies in each cluster
First column gives estimated ancestral frequencies


Locus 1 : Rsu5 
5 alleles
0.0% missing data
 137   (0.698) 0.687 0.852 0.976 0.661 
 135   (0.099) 0.043 0.079 0.007 0.100 
 139   (0.136) 0.041 0.063 0.013 0.201 
 133   (0.027) 0.002 0.003 0.002 0.022 
 131   (0.040) 0.227 0.004 0.002 0.016 

Locus 2 : Scv1 
5 alleles
0.0% missing data
 181   (0.558) 0.339 0.660 0.768 0.627 
 179   (0.205) 0.215 0.147 0.079 0.204 
 177   (0.095) 0.178 0.177 0.007 0.062 
 185   (0.110) 0.265 0.013 0.144 0.071 
 171   (0.032) 0.002 0.004 0.002 0.036 

Locus 3 : Rsu4 
9 alleles
0.0% missing data
 267   (0.218) 0.091 0.072 0.232 0.295 
 263   (0.303) 0.421 0.677 0.356 0.256 
 259   (0.046) 0.003 0.050 0.232 0.018 
 287   (0.170) 0.196 0.148 0.154 0.135 
 275   (0.049) 0.007 0.005 0.003 0.088 
 279   (0.083) 0.089 0.020 0.007 0.093 
 283   (0.058) 0.188 0.006 0.003 0.046 
 291   (0.043) 0.003 0.020 0.011 0.033 
 271   (0.031) 0.002 0.003 0.002 0.036 

Locus 4 : Rsu6 
5 alleles
0.0% missing data
 120   (0.254) 0.199 0.473 0.266 0.214 
 126   (0.597) 0.790 0.475 0.526 0.646 
 124   (0.082) 0.007 0.046 0.194 0.064 
 130   (0.041) 0.003 0.004 0.002 0.066 
 114   (0.026) 0.002 0.003 0.012 0.011 

Locus 5 : Scv23 
3 alleles
0.8% missing data
 158   (0.486) 0.633 0.510 0.575 0.469 
 164   (0.237) 0.108 0.160 0.212 0.269 
 160   (0.276) 0.259 0.330 0.213 0.263 

Locus 6 : Scv13 
5 alleles
0.0% missing data
 182   (0.711) 0.798 0.956 0.857 0.691 
 180   (0.089) 0.007 0.017 0.116 0.106 
 172   (0.076) 0.133 0.015 0.005 0.066 
 184   (0.077) 0.012 0.008 0.019 0.104 
 174   (0.047) 0.050 0.004 0.003 0.033 

Locus 7 : Scv32 
18 alleles
0.8% missing data
 236   (0.041) 0.003 0.004 0.002 0.105 
 238   (0.049) 0.086 0.036 0.003 0.035 
 234   (0.118) 0.395 0.117 0.162 0.074 
 246   (0.043) 0.009 0.026 0.233 0.018 
 248   (0.103) 0.013 0.325 0.078 0.131 
 262   (0.108) 0.065 0.128 0.160 0.083 
 232   (0.172) 0.210 0.020 0.165 0.293 
 250   (0.025) 0.002 0.205 0.002 0.011 
 228   (0.029) 0.002 0.003 0.002 0.036 
 220   (0.041) 0.003 0.027 0.144 0.021 
 264   (0.059) 0.021 0.065 0.015 0.053 
 252   (0.036) 0.065 0.004 0.010 0.015 
 254   (0.043) 0.071 0.009 0.002 0.029 
 242   (0.026) 0.002 0.003 0.001 0.035 
 266   (0.029) 0.030 0.003 0.002 0.014 
 244   (0.034) 0.021 0.019 0.004 0.016 
 226   (0.024) 0.002 0.003 0.012 0.010 
 240   (0.021) 0.002 0.002 0.001 0.020 

Locus 8 : Scv8 
6 alleles
0.8% missing data
 200   (0.614) 0.576 0.802 0.764 0.652 
 202   (0.097) 0.077 0.018 0.006 0.135 
 194   (0.093) 0.078 0.044 0.121 0.050 
 204   (0.055) 0.004 0.104 0.015 0.038 
 198   (0.083) 0.007 0.026 0.090 0.088 
 188   (0.057) 0.257 0.005 0.003 0.037 

Locus 9 : Scv9 
5 alleles
0.0% missing data
 198   (0.297) 0.442 0.508 0.253 0.255 
 200   (0.362) 0.176 0.316 0.469 0.451 
 196   (0.258) 0.327 0.159 0.210 0.260 
 204   (0.058) 0.044 0.014 0.066 0.023 
 202   (0.025) 0.011 0.003 0.001 0.010 

Locus 10 : Rsu1 
6 alleles
0.0% missing data
 189   (0.339) 0.211 0.122 0.229 0.474 
 185   (0.246) 0.520 0.098 0.223 0.218 
 177   (0.081) 0.036 0.015 0.089 0.057 
 181   (0.248) 0.226 0.690 0.136 0.216 
 193   (0.053) 0.004 0.071 0.173 0.022 
 197   (0.033) 0.002 0.004 0.150 0.013 

Locus 11 : Scv14 
7 alleles
4.5% missing data
 196   (0.491) 0.612 0.827 0.838 0.436 
 198   (0.095) 0.078 0.059 0.006 0.109 
 194   (0.157) 0.095 0.064 0.058 0.181 
 202   (0.180) 0.204 0.025 0.092 0.224 
 204   (0.026) 0.002 0.003 0.002 0.022 
 190   (0.026) 0.002 0.019 0.002 0.012 
 200   (0.026) 0.006 0.003 0.002 0.016 

Locus 12 : Scv16 
7 alleles
0.0% missing data
 182   (0.378) 0.489 0.688 0.420 0.337 
 184   (0.428) 0.388 0.289 0.478 0.492 
 188   (0.077) 0.005 0.008 0.096 0.105 
 200   (0.026) 0.002 0.002 0.001 0.022 
 198   (0.035) 0.071 0.008 0.002 0.014 
 190   (0.029) 0.042 0.003 0.002 0.011 
 186   (0.026) 0.003 0.003 0.002 0.020 

Locus 13 : Scv31 
15 alleles
3.0% missing data
 193   (0.109) 0.116 0.504 0.016 0.096 
 201   (0.120) 0.027 0.065 0.043 0.183 
 187   (0.076) 0.049 0.095 0.276 0.034 
 207   (0.028) 0.002 0.003 0.188 0.011 
 195   (0.069) 0.102 0.045 0.073 0.029 
 185   (0.153) 0.305 0.086 0.110 0.146 
 189   (0.078) 0.005 0.101 0.005 0.157 
 205   (0.025) 0.002 0.003 0.002 0.022 
 191   (0.125) 0.275 0.073 0.227 0.085 
 197   (0.039) 0.062 0.006 0.016 0.016 
 199   (0.054) 0.045 0.006 0.003 0.060 
 203   (0.033) 0.002 0.003 0.002 0.051 
 209   (0.028) 0.002 0.004 0.002 0.035 
 213   (0.038) 0.003 0.004 0.002 0.066 
 181   (0.026) 0.002 0.003 0.036 0.010 

Locus 14 : Scv6 
8 alleles
0.0% missing data
 191   (0.141) 0.015 0.197 0.095 0.187 
 195   (0.342) 0.430 0.504 0.550 0.301 
 197   (0.186) 0.236 0.242 0.305 0.132 
 201   (0.095) 0.057 0.023 0.006 0.138 
 205   (0.031) 0.002 0.003 0.002 0.036 
 193   (0.084) 0.142 0.009 0.007 0.097 
 199   (0.091) 0.116 0.018 0.035 0.072 
 181   (0.030) 0.002 0.003 0.002 0.036 

Values of parameters used in structure:
DATAFILE=M:\STRUCTURE\Squirrel_133_ID_14L_20250816\project_data,	OUTFILE=M:\STRUCTURE\Squirrel_133_ID_14L_20250816\10k_Burnin_100k_MCMC\Results\10k_Burnin_100k_MCMC_run_83,	NUMINDS=133,	NUMLOCI=14,	MISSING=-9,	LABEL=1,	POPDATA=1,	POPFLAG=0,	PHENOTYPE=0,	EXTRACOLS=1,	MAXPOPS=4,	BURNIN=10000,	NUMREPS=100000,	USEPOPINFO=0,	INFERALPHA=1,	INFERLAMBDA=1,	POPSPECIFICLAMBDA=0,	POPALPHAS=0,	COMPUTEPROB=1,	NOADMIX=0,	ADMBURNIN=2500,	UPDATEFREQ=1,	PRINTLIKES=0,	INTERMEDSAVE=0,	PRINTKLD=0,	PRINTNET=0,	PRINTLAMBDA=0,	ANCESTDIST=1,	NUMBOXES=1000,	ANCESTPINT=0.90000,	GENSBACK=2,	MIGRPRIOR=0.05000,	PRINTQHAT=1,	PRINTQSUM=0,	ALPHA=1.0000,	FREQSCORR=1,	FPRIORMEAN=0.0100,	FPRIORSD=0.0500,	ONEFST=0,	LAMBDA=1.0000,	UNIFPRIORALPHA=1,	ALPHAMAX=10.0000,	ALPHAPRIORA=1.0000,	ALPHAPRIORB=2.0000,	ALPHAPROPSD=0.0250,	STARTATPOPINFO=0,	RANDOMIZE=1,	LINKAGE=0,	METROFREQ=10,	REPORTHITRATE=0,	MARKOVPHASE=-1,	PHASED=0,	PLOIDY=2,	PHASEINFO=0	LOCPRIOR=0, 	LOCPRIORINIT=1.000000, 	LOCDATA=0, 	LOCISPOP=0, 	LOCPRIORSTEP=0.100000, 	MAXLOCPRIOR=20.000000, 	SEED=1763714276,	
[STRAT parameters]:    NUMSIMSTATS=1000,	PHENOTYPECOL=-9,	POOLFREQ=10,	LOCUSxONLY=0,	EMERROR=0.00100,	MISSINGPHENO=-9,	