          1*  1 0.0145 0.0146 0.0162 0.9547 
           3  1 0.0062 0.9819 0.0064 0.0055 
           6  1 0.0120 0.9675 0.0139 0.0065 
           8  1 0.9687 0.0133 0.0059 0.0121 
          10  1 0.9814 0.0067 0.0053 0.0066 
          11  1 0.0908 0.0256 0.0389 0.8447 
          12  1 0.9674 0.0143 0.0087 0.0096 
          16  1 0.0111 0.9776 0.0052 0.0060 
          18  1 0.0101 0.0089 0.0054 0.9755 
          19  1 0.0384 0.0165 0.0479 0.8971 
          21  1 0.0117 0.9759 0.0065 0.0059 
          23  1 0.6933 0.0647 0.2144 0.0276 
          24  1 0.6629 0.0110 0.0184 0.3077 
          25  1 0.9119 0.0238 0.0271 0.0371 
         26*  1 0.7690 0.2034 0.0056 0.0220 
          28  1 0.9601 0.0278 0.0061 0.0059 
          29  1 0.9768 0.0068 0.0059 0.0106 
          30  1 0.3165 0.3831 0.2327 0.0676 
          33  1 0.0051 0.0064 0.0200 0.9685 
          37  1 0.0177 0.0097 0.0081 0.9644 
          38  1 0.0126 0.0103 0.0046 0.9725 
          43  1 0.9749 0.0095 0.0066 0.0091 
          44  1 0.5906 0.3758 0.0208 0.0127 
          48  1 0.0080 0.0116 0.0053 0.9750 
          55  1 0.7553 0.2034 0.0262 0.0151 
          59  1 0.0062 0.9810 0.0057 0.0071 
          60  1 0.0153 0.0248 0.7683 0.1916 
          61  1 0.0084 0.0100 0.9737 0.0079 
          62  1 0.0467 0.0158 0.9076 0.0299 
          65  1 0.0077 0.0060 0.0185 0.9678 
          73  1 0.0943 0.0114 0.8668 0.0275 
          75  1 0.0050 0.0097 0.9674 0.0179 
          76  1 0.0089 0.0056 0.9801 0.0054 
          77  1 0.0075 0.0060 0.9764 0.0101 
          78  1 0.0093 0.0057 0.9770 0.0081 
          79  1 0.0071 0.0040 0.9751 0.0138 
          84  1 0.0358 0.9144 0.0345 0.0153 
          85  1 0.9581 0.0115 0.0125 0.0180 
          86  1 0.9491 0.0070 0.0233 0.0206 
          89  1 0.1850 0.6774 0.0757 0.0619 
          94  1 0.9597 0.0088 0.0053 0.0262 
          95  1 0.0101 0.9689 0.0103 0.0107 
          96  1 0.9762 0.0109 0.0069 0.0060 
          98  1 0.0103 0.0079 0.9719 0.0099 
         102  1 0.0112 0.0316 0.0140 0.9433 
         105  1 0.0099 0.0130 0.9518 0.0253 
         106  1 0.0119 0.1276 0.8437 0.0169 
         108  1 0.0173 0.0151 0.8909 0.0767 
         109  1 0.0242 0.0338 0.9325 0.0096 
         112  1 0.6852 0.0288 0.2158 0.0702 
         115  1 0.0356 0.0109 0.0246 0.9289 
         116  1 0.9327 0.0216 0.0167 0.0290 
         117  1 0.1299 0.8302 0.0236 0.0163 
         129  1 0.8384 0.1478 0.0054 0.0084 
         132  1 0.0570 0.0253 0.3070 0.6108 
         133  1 0.0068 0.0084 0.9767 0.0081 
         137  1 0.0147 0.0124 0.9635 0.0094 
         139  1 0.0094 0.0119 0.9458 0.0329 
         140  1 0.0106 0.0271 0.9499 0.0124 
         142  1 0.0094 0.0215 0.9611 0.0080 
         144  1 0.0059 0.0123 0.9724 0.0095 
         145  1 0.0119 0.0160 0.9624 0.0097 
         147  1 0.0096 0.0052 0.9778 0.0074 
         160  1 0.9743 0.0100 0.0062 0.0094 
        162*  1 0.9777 0.0088 0.0078 0.0058 
         166  1 0.0060 0.0126 0.9714 0.0100 
         177  1 0.0051 0.0049 0.9833 0.0067 
         178  1 0.0187 0.0077 0.9616 0.0120 
         186  1 0.0053 0.9860 0.0044 0.0043 
         189  1 0.9800 0.0078 0.0059 0.0063 
         190  1 0.9275 0.0420 0.0121 0.0183 
         191  1 0.4113 0.5139 0.0630 0.0118 
         193  1 0.0402 0.0543 0.8941 0.0114 
         202  1 0.8829 0.0160 0.0136 0.0876 
         204  1 0.2653 0.7250 0.0049 0.0049 
         211  1 0.0283 0.0184 0.9080 0.0453 
         216  1 0.0092 0.0050 0.9789 0.0069 
         222  1 0.0262 0.0053 0.9193 0.0492 
         224  1 0.9702 0.0103 0.0093 0.0101 
         226  1 0.0062 0.9792 0.0054 0.0092 
         229  1 0.7723 0.0376 0.0777 0.1123 
         230  1 0.8680 0.0657 0.0324 0.0339 
         232  1 0.6129 0.2092 0.1334 0.0445 
         238  1 0.0350 0.0085 0.2527 0.7038 
         242  1 0.0056 0.0065 0.0052 0.9827 
         243  1 0.0102 0.0336 0.0611 0.8951 
         244  1 0.0167 0.0083 0.0469 0.9281 
         251  1 0.1059 0.0137 0.0367 0.8437 
         266  1 0.0095 0.0100 0.6770 0.3035 
         267  1 0.0228 0.0945 0.8638 0.0189 
         268  1 0.0083 0.0065 0.9761 0.0092 
         270  1 0.9498 0.0317 0.0085 0.0100 
         276  1 0.3987 0.4250 0.1478 0.0285 
         298  1 0.0075 0.0125 0.9690 0.0110 
         306  1 0.0071 0.0082 0.9470 0.0377 
         308  1 0.0221 0.0080 0.9462 0.0237 
         311  1 0.0308 0.0124 0.7955 0.1613 
         323  1 0.0062 0.9811 0.0057 0.0070 
         327  1 0.9556 0.0186 0.0099 0.0160 
         334  1 0.0082 0.0042 0.0173 0.9703 
         338  1 0.0332 0.0220 0.9253 0.0195 
         341  1 0.0081 0.9746 0.0081 0.0093 
         346  1 0.0343 0.0403 0.9057 0.0197 
         348  1 0.0076 0.0061 0.9740 0.0123 
         351  1 0.0183 0.0158 0.0295 0.9364 
         362  1 0.7232 0.2635 0.0066 0.0067 
         364  1 0.0074 0.0108 0.0141 0.9677 
         366  1 0.0146 0.0167 0.0202 0.9485 
         376  1 0.0248 0.9594 0.0092 0.0066 
         377  1 0.9392 0.0159 0.0326 0.0123 
         378  1 0.9470 0.0241 0.0222 0.0066 
         388  1 0.0305 0.0115 0.9321 0.0258 
         391  1 0.1701 0.6683 0.1292 0.0325 
         401  1 0.2415 0.1741 0.1193 0.4651 
         406  1 0.0242 0.1679 0.7256 0.0823 
         412  1 0.0654 0.0344 0.8766 0.0235 
         413  1 0.0354 0.0056 0.8950 0.0640 
         421  1 0.8563 0.0445 0.0727 0.0265 
         423  1 0.8768 0.0246 0.0441 0.0545 
         424  1 0.0254 0.5045 0.4347 0.0355 
         426  1 0.7966 0.1317 0.0429 0.0288 
         430  1 0.0139 0.0247 0.9519 0.0095 
         435  1 0.0140 0.0052 0.9764 0.0044 
         476  1 0.0598 0.9004 0.0108 0.0289 
         478  1 0.1559 0.8021 0.0121 0.0300 
         484  1 0.0086 0.0142 0.9695 0.0078 
         489  1 0.9224 0.0105 0.0591 0.0079 
         492  1 0.0085 0.0054 0.0201 0.9659 
         493  1 0.0109 0.0075 0.0103 0.9713 
         494  1 0.0394 0.0106 0.0075 0.9424 
         500  1 0.7474 0.2330 0.0049 0.0147 
         504  1 0.0903 0.0126 0.7984 0.0987 
         506  1 0.0443 0.1254 0.8205 0.0099 
