

----------------------------------------------------
STRUCTURE by Pritchard, Stephens and Donnelly (2000)
     and Falush, Stephens and Pritchard (2003)
       Code by Pritchard, Falush and Hubisz
             Version 2.3.4 (Jul 2012)
----------------------------------------------------



Command line arguments:   bin\structure -m M:\STRUCTURE\Squirrel_133_ID_14L_20250816\10k_Burnin_100k_MCMC\mainparams -e M:\STRUCTURE\Squirrel_133_ID_14L_20250816\10k_Burnin_100k_MCMC\extraparams 
Input File:    M:\STRUCTURE\Squirrel_133_ID_14L_20250816\project_data

Run parameters:
   133 individuals
   14 loci
   10 populations assumed
   10000 Burn-in period
   100000 Reps


--------------------------------------------
Proportion of membership of each pre-defined
 population in each of the 10 clusters

Given    Inferred Clusters                                                        Number of
 Pop       1      2      3      4      5      6      7      8      9     10      Individuals

  1:     0.164  0.032  0.109  0.096  0.093  0.135  0.086  0.092  0.094  0.100      133
--------------------------------------------

Allele-freq. divergence among pops (Net nucleotide distance),
computed using point estimates of P.

      1       2       3       4       5       6       7       8       9      10      
 1      -    0.1950  0.1034  0.0943  0.1081  0.0776  0.0343  0.0686  0.0973  0.0708  
 2   0.1950     -    0.1994  0.2562  0.2175  0.2581  0.1384  0.1912  0.1690  0.1674  
 3   0.1034  0.1994     -    0.1972  0.1421  0.1342  0.0700  0.0959  0.1094  0.0975  
 4   0.0943  0.2562  0.1972     -    0.1327  0.1228  0.0842  0.1149  0.1096  0.1254  
 5   0.1081  0.2175  0.1421  0.1327     -    0.1370  0.0586  0.0697  0.0950  0.1144  
 6   0.0776  0.2581  0.1342  0.1228  0.1370     -    0.0585  0.1061  0.0960  0.0738  
 7   0.0343  0.1384  0.0700  0.0842  0.0586  0.0585     -    0.0411  0.0449  0.0250  
 8   0.0686  0.1912  0.0959  0.1149  0.0697  0.1061  0.0411     -    0.0763  0.0933  
 9   0.0973  0.1690  0.1094  0.1096  0.0950  0.0960  0.0449  0.0763     -    0.0953  
10   0.0708  0.1674  0.0975  0.1254  0.1144  0.0738  0.0250  0.0933  0.0953     -    

Average distances (expected heterozygosity) between individuals in same cluster:
cluster  1  : 0.5426 
cluster  2  : 0.4334 
cluster  3  : 0.5109 
cluster  4  : 0.3926 
cluster  5  : 0.5790 
cluster  6  : 0.4554 
cluster  7  : 0.6668 
cluster  8  : 0.5201 
cluster  9  : 0.5300 
cluster 10  : 0.6332 

--------------------------------------------
Estimated Ln Prob of Data   = -4191.5
Mean value of ln likelihood = -3884.1
Variance of ln likelihood   = 614.8
Mean value of alpha         = 0.0421

Mean value of lambda        = 0.9485

Mean value of Fst_1         = 0.2071
Mean value of Fst_2         = 0.5005
Mean value of Fst_3         = 0.2647
Mean value of Fst_4         = 0.3820
Mean value of Fst_5         = 0.2377
Mean value of Fst_6         = 0.3039
Mean value of Fst_7         = 0.0126
Mean value of Fst_8         = 0.2547
Mean value of Fst_9         = 0.2667
Mean value of Fst_10         = 0.1158


Inferred ancestry of individuals:
        Label (%Miss) Pop:  Inferred clusters (and 90% probability intervals)
  1       1*    (0)    1 :  0.010 0.022 0.010 0.034 0.005 0.014 0.067 0.006 0.213 0.620     (0.000,0.056) (0.000,0.154) (0.000,0.053) (0.000,0.244) (0.000,0.026) (0.000,0.088) (0.000,0.592) (0.000,0.035) (0.000,0.613) (0.000,0.995) 
  2        3    (0)    1 :  0.007 0.004 0.009 0.005 0.004 0.947 0.006 0.007 0.007 0.005     (0.000,0.035) (0.000,0.022) (0.000,0.050) (0.000,0.027) (0.000,0.021) (0.777,1.000) (0.000,0.029) (0.000,0.039) (0.000,0.037) (0.000,0.027) 
  3        6    (0)    1 :  0.019 0.006 0.010 0.006 0.011 0.900 0.008 0.014 0.019 0.005     (0.000,0.134) (0.000,0.035) (0.000,0.059) (0.000,0.036) (0.000,0.064) (0.620,1.000) (0.000,0.045) (0.000,0.094) (0.000,0.137) (0.000,0.028) 
  4        8    (0)    1 :  0.904 0.011 0.012 0.023 0.004 0.008 0.013 0.005 0.005 0.016     (0.624,1.000) (0.000,0.067) (0.000,0.076) (0.000,0.159) (0.000,0.018) (0.000,0.047) (0.000,0.075) (0.000,0.028) (0.000,0.024) (0.000,0.106) 
  5       10    (0)    1 :  0.034 0.012 0.003 0.913 0.004 0.009 0.008 0.004 0.005 0.007     (0.000,0.235) (0.000,0.082) (0.000,0.018) (0.659,1.000) (0.000,0.022) (0.000,0.057) (0.000,0.048) (0.000,0.021) (0.000,0.028) (0.000,0.039) 
  6       11    (0)    1 :  0.045 0.016 0.009 0.014 0.028 0.018 0.660 0.044 0.036 0.130     (0.000,0.347) (0.000,0.077) (0.000,0.052) (0.000,0.096) (0.000,0.189) (0.000,0.122) (0.000,1.000) (0.000,0.325) (0.000,0.257) (0.000,0.833) 
  7       12    (0)    1 :  0.005 0.003 0.004 0.955 0.005 0.006 0.005 0.006 0.007 0.004     (0.000,0.028) (0.000,0.017) (0.000,0.019) (0.810,1.000) (0.000,0.023) (0.000,0.032) (0.000,0.026) (0.000,0.032) (0.000,0.039) (0.000,0.022) 
  8       16    (7)    1 :  0.014 0.005 0.004 0.007 0.005 0.941 0.007 0.007 0.005 0.005     (0.000,0.091) (0.000,0.026) (0.000,0.023) (0.000,0.040) (0.000,0.024) (0.756,1.000) (0.000,0.034) (0.000,0.038) (0.000,0.028) (0.000,0.028) 
  9       18    (0)    1 :  0.009 0.003 0.007 0.006 0.004 0.006 0.008 0.007 0.004 0.946     (0.000,0.052) (0.000,0.018) (0.000,0.037) (0.000,0.032) (0.000,0.019) (0.000,0.035) (0.000,0.043) (0.000,0.042) (0.000,0.019) (0.776,1.000) 
 10       19    (0)    1 :  0.029 0.006 0.028 0.010 0.039 0.012 0.768 0.013 0.007 0.088     (0.000,0.211) (0.000,0.029) (0.000,0.187) (0.000,0.058) (0.000,0.279) (0.000,0.076) (0.000,1.000) (0.000,0.077) (0.000,0.036) (0.000,0.724) 
 11       21    (7)    1 :  0.024 0.006 0.005 0.007 0.006 0.922 0.008 0.010 0.007 0.005     (0.000,0.173) (0.000,0.035) (0.000,0.027) (0.000,0.039) (0.000,0.035) (0.688,1.000) (0.000,0.043) (0.000,0.056) (0.000,0.036) (0.000,0.028) 
 12       23    (7)    1 :  0.017 0.008 0.009 0.437 0.032 0.018 0.042 0.141 0.284 0.012     (0.000,0.114) (0.000,0.045) (0.000,0.052) (0.000,0.950) (0.000,0.231) (0.000,0.127) (0.000,0.307) (0.000,0.635) (0.000,0.985) (0.000,0.069) 
 13       24    (7)    1 :  0.084 0.203 0.008 0.391 0.025 0.017 0.210 0.011 0.015 0.037     (0.000,0.496) (0.000,0.591) (0.000,0.049) (0.000,0.857) (0.000,0.171) (0.000,0.118) (0.000,0.951) (0.000,0.061) (0.000,0.092) (0.000,0.274) 
 14       25    (7)    1 :  0.108 0.014 0.005 0.442 0.005 0.050 0.073 0.033 0.256 0.013     (0.000,0.433) (0.000,0.096) (0.000,0.028) (0.000,0.901) (0.000,0.029) (0.000,0.316) (0.000,0.522) (0.000,0.237) (0.000,0.829) (0.000,0.081) 
 15      26*    (0)    1 :  0.388 0.045 0.006 0.212 0.005 0.261 0.046 0.006 0.016 0.015     (0.000,0.968) (0.000,0.268) (0.000,0.034) (0.000,0.657) (0.000,0.026) (0.000,0.800) (0.000,0.329) (0.000,0.031) (0.000,0.111) (0.000,0.106) 
 16       28    (0)    1 :  0.779 0.014 0.005 0.120 0.005 0.038 0.010 0.007 0.016 0.006     (0.000,1.000) (0.000,0.093) (0.000,0.027) (0.000,0.774) (0.000,0.030) (0.000,0.296) (0.000,0.052) (0.000,0.039) (0.000,0.106) (0.000,0.030) 
 17       29    (0)    1 :  0.026 0.017 0.006 0.905 0.005 0.005 0.012 0.005 0.005 0.012     (0.000,0.186) (0.000,0.122) (0.000,0.033) (0.637,1.000) (0.000,0.028) (0.000,0.030) (0.000,0.070) (0.000,0.027) (0.000,0.027) (0.000,0.084) 
 18       30    (0)    1 :  0.132 0.015 0.314 0.206 0.007 0.183 0.090 0.013 0.024 0.018     (0.000,0.693) (0.000,0.091) (0.000,0.711) (0.000,0.724) (0.000,0.036) (0.000,0.797) (0.000,0.778) (0.000,0.070) (0.000,0.158) (0.000,0.106) 
 19       33    (0)    1 :  0.005 0.007 0.016 0.005 0.078 0.006 0.137 0.006 0.022 0.719     (0.000,0.025) (0.000,0.035) (0.000,0.108) (0.000,0.031) (0.000,0.387) (0.000,0.034) (0.000,0.971) (0.000,0.031) (0.000,0.155) (0.000,1.000) 
 20       37    (0)    1 :  0.009 0.013 0.006 0.039 0.008 0.009 0.020 0.009 0.012 0.874     (0.000,0.052) (0.000,0.094) (0.000,0.035) (0.000,0.282) (0.000,0.051) (0.000,0.054) (0.000,0.092) (0.000,0.052) (0.000,0.080) (0.546,1.000) 
 21       38    (0)    1 :  0.009 0.011 0.005 0.014 0.004 0.008 0.027 0.006 0.004 0.911     (0.000,0.052) (0.000,0.073) (0.000,0.027) (0.000,0.103) (0.000,0.022) (0.000,0.050) (0.000,0.148) (0.000,0.030) (0.000,0.022) (0.643,1.000) 
 22       43    (0)    1 :  0.139 0.015 0.008 0.755 0.007 0.034 0.012 0.007 0.018 0.008     (0.000,0.502) (0.000,0.104) (0.000,0.046) (0.415,0.998) (0.000,0.038) (0.000,0.225) (0.000,0.074) (0.000,0.036) (0.000,0.125) (0.000,0.042) 
 23       44    (0)    1 :  0.732 0.003 0.017 0.006 0.004 0.208 0.010 0.010 0.005 0.006     (0.281,1.000) (0.000,0.016) (0.000,0.111) (0.000,0.030) (0.000,0.022) (0.000,0.609) (0.000,0.046) (0.000,0.055) (0.000,0.023) (0.000,0.031) 
 24       48    (0)    1 :  0.006 0.004 0.006 0.007 0.003 0.009 0.008 0.006 0.004 0.947     (0.000,0.031) (0.000,0.022) (0.000,0.033) (0.000,0.038) (0.000,0.016) (0.000,0.051) (0.000,0.040) (0.000,0.036) (0.000,0.022) (0.776,1.000) 
 25       55    (0)    1 :  0.786 0.014 0.014 0.008 0.007 0.084 0.021 0.012 0.046 0.009     (0.352,1.000) (0.000,0.096) (0.000,0.091) (0.000,0.046) (0.000,0.037) (0.000,0.482) (0.000,0.120) (0.000,0.074) (0.000,0.301) (0.000,0.054) 
 26       59    (0)    1 :  0.007 0.004 0.008 0.005 0.004 0.946 0.007 0.006 0.007 0.007     (0.000,0.037) (0.000,0.023) (0.000,0.053) (0.000,0.025) (0.000,0.020) (0.777,1.000) (0.000,0.037) (0.000,0.031) (0.000,0.038) (0.000,0.039) 
 27       60    (0)    1 :  0.004 0.004 0.005 0.021 0.011 0.008 0.011 0.008 0.919 0.010     (0.000,0.023) (0.000,0.020) (0.000,0.026) (0.000,0.156) (0.000,0.065) (0.000,0.044) (0.000,0.061) (0.000,0.044) (0.678,1.000) (0.000,0.062) 
 28       61    (0)    1 :  0.014 0.008 0.056 0.007 0.456 0.014 0.020 0.209 0.208 0.007     (0.000,0.088) (0.000,0.045) (0.000,0.365) (0.000,0.037) (0.000,0.988) (0.000,0.089) (0.000,0.118) (0.000,0.962) (0.000,0.817) (0.000,0.040) 
 29       62    (0)    1 :  0.015 0.016 0.011 0.041 0.109 0.013 0.053 0.689 0.027 0.025     (0.000,0.098) (0.000,0.084) (0.000,0.071) (0.000,0.301) (0.000,0.650) (0.000,0.075) (0.000,0.414) (0.000,1.000) (0.000,0.180) (0.000,0.181) 
 30       65    (0)    1 :  0.008 0.017 0.022 0.005 0.014 0.005 0.162 0.009 0.015 0.743     (0.000,0.047) (0.000,0.120) (0.000,0.156) (0.000,0.030) (0.000,0.093) (0.000,0.028) (0.000,0.977) (0.000,0.047) (0.000,0.102) (0.000,1.000) 
 31       73    (0)    1 :  0.012 0.016 0.730 0.143 0.005 0.007 0.013 0.023 0.045 0.007     (0.000,0.075) (0.000,0.111) (0.372,0.998) (0.000,0.487) (0.000,0.028) (0.000,0.039) (0.000,0.075) (0.000,0.156) (0.000,0.334) (0.000,0.034) 
 32       75    (0)    1 :  0.005 0.005 0.044 0.004 0.899 0.009 0.013 0.009 0.004 0.009     (0.000,0.026) (0.000,0.032) (0.000,0.273) (0.000,0.020) (0.624,1.000) (0.000,0.055) (0.000,0.075) (0.000,0.046) (0.000,0.024) (0.000,0.054) 
 33       76    (0)    1 :  0.005 0.003 0.006 0.010 0.893 0.005 0.006 0.060 0.008 0.004     (0.000,0.028) (0.000,0.014) (0.000,0.031) (0.000,0.066) (0.456,1.000) (0.000,0.029) (0.000,0.032) (0.000,0.496) (0.000,0.044) (0.000,0.020) 
 34       77    (0)    1 :  0.004 0.005 0.005 0.009 0.812 0.005 0.009 0.011 0.133 0.006     (0.000,0.024) (0.000,0.030) (0.000,0.026) (0.000,0.055) (0.229,1.000) (0.000,0.029) (0.000,0.045) (0.000,0.064) (0.000,0.712) (0.000,0.030) 
 35       78    (0)    1 :  0.012 0.011 0.606 0.016 0.254 0.006 0.025 0.039 0.022 0.009     (0.000,0.072) (0.000,0.071) (0.152,0.991) (0.000,0.116) (0.000,0.706) (0.000,0.033) (0.000,0.161) (0.000,0.290) (0.000,0.151) (0.000,0.052) 
 36       79    (0)    1 :  0.008 0.012 0.081 0.004 0.715 0.005 0.039 0.122 0.006 0.009     (0.000,0.050) (0.000,0.082) (0.000,0.421) (0.000,0.020) (0.000,1.000) (0.000,0.025) (0.000,0.276) (0.000,0.936) (0.000,0.032) (0.000,0.058) 
 37       84    (0)    1 :  0.025 0.062 0.009 0.018 0.008 0.781 0.018 0.052 0.021 0.006     (0.000,0.173) (0.000,0.292) (0.000,0.058) (0.000,0.115) (0.000,0.043) (0.419,0.999) (0.000,0.121) (0.000,0.334) (0.000,0.143) (0.000,0.030) 
 38       85    (0)    1 :  0.901 0.015 0.011 0.007 0.005 0.008 0.023 0.014 0.007 0.008     (0.616,1.000) (0.000,0.106) (0.000,0.073) (0.000,0.039) (0.000,0.027) (0.000,0.046) (0.000,0.129) (0.000,0.093) (0.000,0.039) (0.000,0.043) 
 39       86    (0)    1 :  0.808 0.027 0.015 0.011 0.007 0.005 0.097 0.015 0.008 0.008     (0.273,1.000) (0.000,0.193) (0.000,0.101) (0.000,0.073) (0.000,0.041) (0.000,0.025) (0.000,0.632) (0.000,0.091) (0.000,0.041) (0.000,0.045) 
 40       89    (0)    1 :  0.017 0.018 0.007 0.171 0.018 0.566 0.048 0.096 0.044 0.016     (0.000,0.100) (0.000,0.124) (0.000,0.037) (0.000,0.577) (0.000,0.123) (0.056,0.925) (0.000,0.340) (0.000,0.480) (0.000,0.322) (0.000,0.105) 
 41       94    (0)    1 :  0.008 0.003 0.005 0.941 0.004 0.006 0.007 0.007 0.005 0.013     (0.000,0.050) (0.000,0.016) (0.000,0.030) (0.763,1.000) (0.000,0.020) (0.000,0.037) (0.000,0.041) (0.000,0.039) (0.000,0.028) (0.000,0.089) 
 42       95    (0)    1 :  0.016 0.004 0.013 0.006 0.005 0.904 0.011 0.008 0.018 0.015     (0.000,0.103) (0.000,0.019) (0.000,0.084) (0.000,0.033) (0.000,0.028) (0.624,1.000) (0.000,0.064) (0.000,0.042) (0.000,0.123) (0.000,0.095) 
 43       96    (0)    1 :  0.945 0.006 0.005 0.009 0.005 0.006 0.007 0.008 0.005 0.005     (0.768,1.000) (0.000,0.030) (0.000,0.028) (0.000,0.055) (0.000,0.030) (0.000,0.029) (0.000,0.034) (0.000,0.042) (0.000,0.026) (0.000,0.026) 
 44       98    (0)    1 :  0.007 0.073 0.044 0.008 0.023 0.006 0.022 0.319 0.492 0.005     (0.000,0.040) (0.000,0.515) (0.000,0.312) (0.000,0.048) (0.000,0.138) (0.000,0.031) (0.000,0.112) (0.000,0.998) (0.000,1.000) (0.000,0.026) 
 45      102    (0)    1 :  0.007 0.014 0.006 0.015 0.011 0.028 0.414 0.015 0.014 0.476     (0.000,0.039) (0.000,0.088) (0.000,0.033) (0.000,0.109) (0.000,0.075) (0.000,0.209) (0.000,0.999) (0.000,0.100) (0.000,0.096) (0.000,0.997) 
 46      105    (0)    1 :  0.004 0.004 0.957 0.005 0.004 0.005 0.005 0.004 0.004 0.007     (0.000,0.024) (0.000,0.025) (0.821,1.000) (0.000,0.025) (0.000,0.020) (0.000,0.028) (0.000,0.027) (0.000,0.022) (0.000,0.022) (0.000,0.043) 
 47      106    (0)    1 :  0.018 0.017 0.180 0.004 0.241 0.087 0.271 0.147 0.020 0.015     (0.000,0.124) (0.000,0.110) (0.000,0.655) (0.000,0.019) (0.000,0.722) (0.000,0.401) (0.000,0.990) (0.000,0.693) (0.000,0.140) (0.000,0.095) 
 48      108    (0)    1 :  0.008 0.008 0.806 0.008 0.025 0.007 0.041 0.007 0.044 0.046     (0.000,0.050) (0.000,0.052) (0.453,1.000) (0.000,0.046) (0.000,0.185) (0.000,0.039) (0.000,0.295) (0.000,0.038) (0.000,0.253) (0.000,0.310) 
 49      109    (0)    1 :  0.017 0.009 0.689 0.006 0.040 0.011 0.075 0.071 0.074 0.009     (0.000,0.117) (0.000,0.051) (0.000,1.000) (0.000,0.032) (0.000,0.276) (0.000,0.068) (0.000,0.563) (0.000,0.457) (0.000,0.478) (0.000,0.054) 
 50      112    (0)    1 :  0.246 0.008 0.009 0.054 0.146 0.012 0.226 0.182 0.102 0.015     (0.000,0.813) (0.000,0.046) (0.000,0.052) (0.000,0.380) (0.000,0.751) (0.000,0.076) (0.000,0.981) (0.000,0.839) (0.000,0.536) (0.000,0.095) 
 51      115    (0)    1 :  0.010 0.017 0.015 0.037 0.013 0.011 0.605 0.013 0.064 0.216     (0.000,0.054) (0.000,0.095) (0.000,0.095) (0.000,0.264) (0.000,0.078) (0.000,0.062) (0.000,1.000) (0.000,0.066) (0.000,0.449) (0.000,0.970) 
 52      116    (0)    1 :  0.892 0.006 0.020 0.006 0.005 0.008 0.022 0.025 0.004 0.012     (0.564,1.000) (0.000,0.033) (0.000,0.142) (0.000,0.034) (0.000,0.024) (0.000,0.045) (0.000,0.143) (0.000,0.163) (0.000,0.022) (0.000,0.075) 
 53      117    (0)    1 :  0.059 0.012 0.018 0.114 0.013 0.699 0.023 0.019 0.029 0.015     (0.000,0.411) (0.000,0.072) (0.000,0.122) (0.000,0.716) (0.000,0.081) (0.000,1.000) (0.000,0.143) (0.000,0.119) (0.000,0.197) (0.000,0.098) 
 54      129    (0)    1 :  0.876 0.006 0.006 0.012 0.003 0.069 0.008 0.004 0.007 0.008     (0.477,1.000) (0.000,0.035) (0.000,0.032) (0.000,0.059) (0.000,0.018) (0.000,0.449) (0.000,0.047) (0.000,0.023) (0.000,0.040) (0.000,0.048) 
 55      132    (0)    1 :  0.007 0.016 0.006 0.099 0.009 0.014 0.025 0.008 0.793 0.024     (0.000,0.036) (0.000,0.104) (0.000,0.031) (0.000,0.486) (0.000,0.057) (0.000,0.091) (0.000,0.154) (0.000,0.046) (0.337,1.000) (0.000,0.166) 
 56      133    (0)    1 :  0.004 0.065 0.046 0.006 0.033 0.007 0.012 0.312 0.510 0.005     (0.000,0.023) (0.000,0.474) (0.000,0.324) (0.000,0.032) (0.000,0.228) (0.000,0.037) (0.000,0.056) (0.000,0.998) (0.000,1.000) (0.000,0.025) 
 57      137    (7)    1 :  0.010 0.006 0.011 0.017 0.380 0.009 0.025 0.066 0.467 0.009     (0.000,0.057) (0.000,0.029) (0.000,0.065) (0.000,0.112) (0.000,0.988) (0.000,0.050) (0.000,0.160) (0.000,0.507) (0.000,0.995) (0.000,0.055) 
 58      139    (0)    1 :  0.008 0.009 0.009 0.006 0.921 0.008 0.016 0.008 0.006 0.009     (0.000,0.047) (0.000,0.061) (0.000,0.051) (0.000,0.032) (0.690,1.000) (0.000,0.050) (0.000,0.085) (0.000,0.041) (0.000,0.028) (0.000,0.052) 
 59      140    (0)    1 :  0.014 0.004 0.718 0.005 0.051 0.034 0.044 0.064 0.053 0.013     (0.000,0.081) (0.000,0.020) (0.164,1.000) (0.000,0.028) (0.000,0.329) (0.000,0.244) (0.000,0.311) (0.000,0.459) (0.000,0.380) (0.000,0.076) 
 60      142    (0)    1 :  0.009 0.003 0.008 0.012 0.585 0.033 0.015 0.309 0.018 0.007     (0.000,0.056) (0.000,0.016) (0.000,0.047) (0.000,0.080) (0.000,0.999) (0.000,0.241) (0.000,0.088) (0.000,0.992) (0.000,0.119) (0.000,0.040) 
 61      144    (0)    1 :  0.004 0.004 0.955 0.004 0.005 0.007 0.005 0.005 0.007 0.004     (0.000,0.023) (0.000,0.022) (0.812,1.000) (0.000,0.020) (0.000,0.026) (0.000,0.037) (0.000,0.026) (0.000,0.029) (0.000,0.041) (0.000,0.023) 
 62      145    (0)    1 :  0.005 0.005 0.006 0.004 0.017 0.006 0.008 0.937 0.006 0.006     (0.000,0.027) (0.000,0.026) (0.000,0.037) (0.000,0.021) (0.000,0.092) (0.000,0.030) (0.000,0.037) (0.736,1.000) (0.000,0.030) (0.000,0.032) 
 63      147    (0)    1 :  0.007 0.014 0.920 0.004 0.020 0.004 0.010 0.011 0.006 0.005     (0.000,0.042) (0.000,0.096) (0.691,1.000) (0.000,0.022) (0.000,0.143) (0.000,0.019) (0.000,0.057) (0.000,0.064) (0.000,0.034) (0.000,0.027) 
 64      160    (0)    1 :  0.006 0.004 0.004 0.955 0.004 0.007 0.005 0.004 0.005 0.006     (0.000,0.034) (0.000,0.020) (0.000,0.024) (0.812,1.000) (0.000,0.020) (0.000,0.040) (0.000,0.027) (0.000,0.020) (0.000,0.026) (0.000,0.031) 
 65     162*    (0)    1 :  0.938 0.006 0.006 0.011 0.006 0.006 0.008 0.009 0.005 0.005     (0.744,1.000) (0.000,0.034) (0.000,0.032) (0.000,0.067) (0.000,0.034) (0.000,0.030) (0.000,0.037) (0.000,0.049) (0.000,0.027) (0.000,0.024) 
 66      166    (0)    1 :  0.006 0.006 0.018 0.004 0.012 0.010 0.007 0.011 0.923 0.004     (0.000,0.030) (0.000,0.029) (0.000,0.099) (0.000,0.022) (0.000,0.064) (0.000,0.059) (0.000,0.035) (0.000,0.059) (0.687,1.000) (0.000,0.021) 
 67      177    (0)    1 :  0.003 0.003 0.004 0.003 0.965 0.004 0.005 0.005 0.005 0.003     (0.000,0.017) (0.000,0.016) (0.000,0.019) (0.000,0.018) (0.850,1.000) (0.000,0.020) (0.000,0.024) (0.000,0.027) (0.000,0.025) (0.000,0.018) 
 68      178    (0)    1 :  0.012 0.040 0.013 0.026 0.796 0.007 0.023 0.044 0.030 0.008     (0.000,0.081) (0.000,0.248) (0.000,0.088) (0.000,0.196) (0.354,1.000) (0.000,0.041) (0.000,0.152) (0.000,0.353) (0.000,0.217) (0.000,0.049) 
 69      186    (0)    1 :  0.005 0.003 0.003 0.005 0.004 0.963 0.004 0.005 0.005 0.004     (0.000,0.029) (0.000,0.015) (0.000,0.018) (0.000,0.024) (0.000,0.018) (0.840,1.000) (0.000,0.021) (0.000,0.024) (0.000,0.024) (0.000,0.020) 
 70      189    (0)    1 :  0.936 0.004 0.004 0.012 0.006 0.006 0.007 0.016 0.004 0.005     (0.732,1.000) (0.000,0.023) (0.000,0.020) (0.000,0.077) (0.000,0.033) (0.000,0.034) (0.000,0.033) (0.000,0.084) (0.000,0.022) (0.000,0.028) 
 71      190    (0)    1 :  0.735 0.040 0.008 0.062 0.010 0.047 0.033 0.026 0.022 0.016     (0.016,1.000) (0.000,0.268) (0.000,0.045) (0.000,0.462) (0.000,0.062) (0.000,0.328) (0.000,0.213) (0.000,0.184) (0.000,0.161) (0.000,0.111) 
 72      191    (0)    1 :  0.503 0.005 0.031 0.016 0.014 0.308 0.026 0.082 0.009 0.007     (0.000,0.996) (0.000,0.025) (0.000,0.230) (0.000,0.107) (0.000,0.095) (0.000,0.831) (0.000,0.166) (0.000,0.481) (0.000,0.053) (0.000,0.039) 
 73      193    (0)    1 :  0.008 0.004 0.010 0.013 0.012 0.016 0.013 0.902 0.013 0.008     (0.000,0.044) (0.000,0.022) (0.000,0.062) (0.000,0.087) (0.000,0.067) (0.000,0.107) (0.000,0.060) (0.619,1.000) (0.000,0.064) (0.000,0.048) 
 74      202    (0)    1 :  0.124 0.023 0.007 0.213 0.007 0.012 0.502 0.035 0.054 0.023     (0.000,0.592) (0.000,0.160) (0.000,0.037) (0.000,0.671) (0.000,0.039) (0.000,0.073) (0.000,0.998) (0.000,0.253) (0.000,0.415) (0.000,0.160) 
 75      204    (0)    1 :  0.637 0.003 0.006 0.009 0.004 0.320 0.006 0.005 0.006 0.004     (0.000,1.000) (0.000,0.017) (0.000,0.033) (0.000,0.050) (0.000,0.019) (0.000,0.999) (0.000,0.030) (0.000,0.026) (0.000,0.030) (0.000,0.022) 
 76      211    (0)    1 :  0.009 0.017 0.046 0.088 0.058 0.016 0.070 0.022 0.659 0.014     (0.000,0.050) (0.000,0.119) (0.000,0.332) (0.000,0.505) (0.000,0.325) (0.000,0.109) (0.000,0.518) (0.000,0.150) (0.000,0.998) (0.000,0.092) 
 77      216    (0)    1 :  0.006 0.015 0.479 0.015 0.029 0.004 0.016 0.011 0.420 0.004     (0.000,0.035) (0.000,0.087) (0.000,0.985) (0.000,0.097) (0.000,0.197) (0.000,0.024) (0.000,0.097) (0.000,0.057) (0.000,0.884) (0.000,0.024) 
 78      222    (0)    1 :  0.014 0.015 0.684 0.005 0.008 0.005 0.055 0.172 0.012 0.032     (0.000,0.074) (0.000,0.086) (0.000,1.000) (0.000,0.023) (0.000,0.042) (0.000,0.026) (0.000,0.437) (0.000,0.877) (0.000,0.062) (0.000,0.233) 
 79      224    (0)    1 :  0.922 0.004 0.009 0.011 0.005 0.007 0.008 0.021 0.005 0.008     (0.682,1.000) (0.000,0.022) (0.000,0.057) (0.000,0.073) (0.000,0.026) (0.000,0.036) (0.000,0.039) (0.000,0.113) (0.000,0.026) (0.000,0.044) 
 80      226    (0)    1 :  0.007 0.003 0.004 0.005 0.005 0.935 0.016 0.006 0.011 0.008     (0.000,0.040) (0.000,0.016) (0.000,0.023) (0.000,0.025) (0.000,0.024) (0.731,1.000) (0.000,0.110) (0.000,0.031) (0.000,0.070) (0.000,0.047) 
 81      229    (0)    1 :  0.375 0.163 0.015 0.070 0.017 0.021 0.257 0.050 0.018 0.013     (0.000,0.904) (0.000,0.609) (0.000,0.090) (0.000,0.510) (0.000,0.121) (0.000,0.148) (0.000,0.990) (0.000,0.328) (0.000,0.122) (0.000,0.078) 
 82      230    (0)    1 :  0.683 0.007 0.014 0.038 0.050 0.035 0.139 0.013 0.009 0.014     (0.000,1.000) (0.000,0.038) (0.000,0.097) (0.000,0.278) (0.000,0.305) (0.000,0.250) (0.000,0.948) (0.000,0.075) (0.000,0.056) (0.000,0.075) 
 83      232    (0)    1 :  0.057 0.006 0.013 0.264 0.042 0.095 0.138 0.316 0.051 0.017     (0.000,0.419) (0.000,0.034) (0.000,0.083) (0.000,0.713) (0.000,0.315) (0.000,0.532) (0.000,0.855) (0.000,0.915) (0.000,0.369) (0.000,0.107) 
 84      238    (0)    1 :  0.018 0.010 0.023 0.006 0.042 0.005 0.668 0.068 0.017 0.143     (0.000,0.119) (0.000,0.059) (0.000,0.168) (0.000,0.036) (0.000,0.302) (0.000,0.027) (0.000,1.000) (0.000,0.476) (0.000,0.110) (0.000,0.775) 
 85      242    (0)    1 :  0.007 0.035 0.008 0.004 0.004 0.006 0.042 0.005 0.010 0.879     (0.000,0.037) (0.000,0.233) (0.000,0.049) (0.000,0.021) (0.000,0.020) (0.000,0.033) (0.000,0.239) (0.000,0.027) (0.000,0.067) (0.512,1.000) 
 86      243    (0)    1 :  0.008 0.008 0.015 0.007 0.020 0.022 0.286 0.040 0.082 0.512     (0.000,0.048) (0.000,0.043) (0.000,0.091) (0.000,0.039) (0.000,0.147) (0.000,0.157) (0.000,0.996) (0.000,0.303) (0.000,0.469) (0.000,0.997) 
 87      244    (0)    1 :  0.011 0.011 0.006 0.008 0.167 0.006 0.553 0.009 0.013 0.216     (0.000,0.069) (0.000,0.060) (0.000,0.031) (0.000,0.051) (0.000,0.629) (0.000,0.033) (0.000,1.000) (0.000,0.054) (0.000,0.082) (0.000,0.809) 
 88      251    (0)    1 :  0.019 0.017 0.010 0.081 0.013 0.009 0.723 0.035 0.013 0.082     (0.000,0.127) (0.000,0.102) (0.000,0.057) (0.000,0.481) (0.000,0.075) (0.000,0.049) (0.000,1.000) (0.000,0.257) (0.000,0.074) (0.000,0.613) 
 89      266    (0)    1 :  0.008 0.037 0.009 0.005 0.308 0.009 0.370 0.075 0.117 0.062     (0.000,0.049) (0.000,0.251) (0.000,0.055) (0.000,0.028) (0.000,0.802) (0.000,0.054) (0.000,0.994) (0.000,0.555) (0.000,0.547) (0.000,0.371) 
 90      267    (0)    1 :  0.017 0.012 0.695 0.006 0.011 0.045 0.045 0.022 0.131 0.016     (0.000,0.114) (0.000,0.082) (0.021,1.000) (0.000,0.033) (0.000,0.060) (0.000,0.314) (0.000,0.323) (0.000,0.145) (0.000,0.637) (0.000,0.110) 
 91      268    (0)    1 :  0.005 0.097 0.065 0.038 0.373 0.006 0.023 0.060 0.327 0.006     (0.000,0.027) (0.000,0.523) (0.000,0.464) (0.000,0.268) (0.000,0.968) (0.000,0.034) (0.000,0.121) (0.000,0.531) (0.000,0.980) (0.000,0.032) 
 92      270    (0)    1 :  0.903 0.007 0.011 0.020 0.005 0.019 0.010 0.010 0.008 0.008     (0.616,1.000) (0.000,0.037) (0.000,0.071) (0.000,0.135) (0.000,0.025) (0.000,0.125) (0.000,0.052) (0.000,0.062) (0.000,0.046) (0.000,0.045) 
 93      276    (0)    1 :  0.497 0.009 0.030 0.019 0.030 0.250 0.041 0.081 0.028 0.015     (0.000,0.998) (0.000,0.056) (0.000,0.226) (0.000,0.132) (0.000,0.228) (0.000,0.792) (0.000,0.291) (0.000,0.508) (0.000,0.205) (0.000,0.099) 
 94      298    (7)    1 :  0.007 0.030 0.605 0.013 0.165 0.022 0.029 0.040 0.079 0.011     (0.000,0.040) (0.000,0.217) (0.000,0.994) (0.000,0.084) (0.000,0.651) (0.000,0.159) (0.000,0.200) (0.000,0.269) (0.000,0.502) (0.000,0.063) 
 95      306    (0)    1 :  0.008 0.008 0.011 0.005 0.009 0.007 0.029 0.343 0.569 0.012     (0.000,0.045) (0.000,0.044) (0.000,0.065) (0.000,0.027) (0.000,0.050) (0.000,0.038) (0.000,0.185) (0.000,0.714) (0.200,0.966) (0.000,0.075) 
 96      308    (0)    1 :  0.013 0.014 0.096 0.086 0.504 0.008 0.111 0.097 0.034 0.036     (0.000,0.084) (0.000,0.089) (0.000,0.562) (0.000,0.426) (0.000,0.992) (0.000,0.043) (0.000,0.788) (0.000,0.597) (0.000,0.245) (0.000,0.262) 
 97      311    (7)    1 :  0.020 0.013 0.104 0.013 0.008 0.007 0.250 0.495 0.051 0.039     (0.000,0.132) (0.000,0.087) (0.000,0.703) (0.000,0.086) (0.000,0.041) (0.000,0.041) (0.000,0.989) (0.000,0.999) (0.000,0.376) (0.000,0.265) 
 98      323    (0)    1 :  0.007 0.004 0.007 0.004 0.004 0.949 0.006 0.006 0.005 0.008     (0.000,0.038) (0.000,0.024) (0.000,0.040) (0.000,0.023) (0.000,0.020) (0.785,1.000) (0.000,0.032) (0.000,0.030) (0.000,0.025) (0.000,0.047) 
 99      327    (0)    1 :  0.618 0.016 0.009 0.204 0.006 0.021 0.051 0.019 0.038 0.017     (0.000,0.994) (0.000,0.113) (0.000,0.052) (0.000,0.681) (0.000,0.033) (0.000,0.152) (0.000,0.368) (0.000,0.131) (0.000,0.268) (0.000,0.117) 
100      334    (0)    1 :  0.005 0.959 0.005 0.006 0.004 0.003 0.005 0.003 0.004 0.006     (0.000,0.026) (0.830,1.000) (0.000,0.030) (0.000,0.032) (0.000,0.021) (0.000,0.016) (0.000,0.027) (0.000,0.017) (0.000,0.023) (0.000,0.029) 
101      338    (0)    1 :  0.037 0.010 0.170 0.029 0.013 0.019 0.200 0.414 0.093 0.016     (0.000,0.273) (0.000,0.059) (0.000,0.856) (0.000,0.210) (0.000,0.081) (0.000,0.126) (0.000,0.979) (0.000,0.993) (0.000,0.558) (0.000,0.096) 
102      341    (0)    1 :  0.008 0.006 0.006 0.007 0.006 0.909 0.009 0.008 0.028 0.013     (0.000,0.042) (0.000,0.034) (0.000,0.031) (0.000,0.037) (0.000,0.032) (0.648,1.000) (0.000,0.051) (0.000,0.045) (0.000,0.196) (0.000,0.081) 
103      346    (0)    1 :  0.009 0.004 0.005 0.029 0.431 0.012 0.015 0.014 0.474 0.006     (0.000,0.051) (0.000,0.022) (0.000,0.028) (0.000,0.223) (0.000,0.998) (0.000,0.069) (0.000,0.083) (0.000,0.071) (0.000,0.999) (0.000,0.029) 
104      348    (0)    1 :  0.009 0.012 0.572 0.007 0.147 0.008 0.056 0.160 0.014 0.016     (0.000,0.048) (0.000,0.075) (0.000,0.993) (0.000,0.039) (0.000,0.574) (0.000,0.044) (0.000,0.420) (0.000,0.621) (0.000,0.085) (0.000,0.103) 
105      351    (0)    1 :  0.009 0.139 0.009 0.038 0.013 0.015 0.191 0.014 0.474 0.098     (0.000,0.053) (0.000,0.649) (0.000,0.046) (0.000,0.276) (0.000,0.069) (0.000,0.094) (0.000,0.969) (0.000,0.085) (0.000,0.997) (0.000,0.687) 
106      362    (0)    1 :  0.747 0.005 0.007 0.068 0.005 0.137 0.011 0.008 0.007 0.005     (0.000,1.000) (0.000,0.023) (0.000,0.036) (0.000,0.479) (0.000,0.026) (0.000,0.814) (0.000,0.057) (0.000,0.041) (0.000,0.041) (0.000,0.028) 
107      364    (0)    1 :  0.006 0.020 0.008 0.012 0.011 0.010 0.047 0.018 0.038 0.832     (0.000,0.032) (0.000,0.144) (0.000,0.041) (0.000,0.081) (0.000,0.067) (0.000,0.063) (0.000,0.328) (0.000,0.125) (0.000,0.261) (0.430,1.000) 
108      366    (0)    1 :  0.017 0.005 0.019 0.007 0.009 0.011 0.063 0.010 0.034 0.824     (0.000,0.114) (0.000,0.024) (0.000,0.132) (0.000,0.041) (0.000,0.055) (0.000,0.068) (0.000,0.545) (0.000,0.053) (0.000,0.246) (0.237,1.000) 
109      376    (0)    1 :  0.023 0.004 0.003 0.014 0.016 0.898 0.010 0.018 0.009 0.005     (0.000,0.164) (0.000,0.020) (0.000,0.018) (0.000,0.094) (0.000,0.112) (0.635,1.000) (0.000,0.054) (0.000,0.126) (0.000,0.048) (0.000,0.027) 
110      377    (7)    1 :  0.337 0.005 0.042 0.262 0.008 0.024 0.084 0.209 0.017 0.012     (0.000,0.933) (0.000,0.026) (0.000,0.282) (0.000,0.847) (0.000,0.043) (0.000,0.173) (0.000,0.603) (0.000,0.914) (0.000,0.095) (0.000,0.072) 
111      378    (0)    1 :  0.006 0.004 0.005 0.918 0.015 0.013 0.006 0.014 0.014 0.004     (0.000,0.035) (0.000,0.022) (0.000,0.024) (0.698,1.000) (0.000,0.109) (0.000,0.092) (0.000,0.033) (0.000,0.098) (0.000,0.087) (0.000,0.021) 
112      388    (0)    1 :  0.015 0.031 0.475 0.038 0.012 0.009 0.050 0.068 0.285 0.016     (0.000,0.101) (0.000,0.216) (0.000,0.998) (0.000,0.276) (0.000,0.074) (0.000,0.055) (0.000,0.378) (0.000,0.489) (0.000,0.954) (0.000,0.103) 
113      391    (0)    1 :  0.008 0.004 0.013 0.138 0.007 0.441 0.060 0.102 0.215 0.012     (0.000,0.043) (0.000,0.019) (0.000,0.084) (0.000,0.503) (0.000,0.042) (0.000,0.861) (0.000,0.469) (0.000,0.586) (0.000,0.840) (0.000,0.070) 
114      401    (0)    1 :  0.166 0.022 0.006 0.011 0.057 0.067 0.515 0.095 0.007 0.055     (0.000,0.647) (0.000,0.163) (0.000,0.031) (0.000,0.063) (0.000,0.381) (0.000,0.464) (0.000,0.999) (0.000,0.547) (0.000,0.037) (0.000,0.394) 
115      406    (0)    1 :  0.015 0.007 0.065 0.016 0.029 0.108 0.162 0.259 0.306 0.034     (0.000,0.099) (0.000,0.038) (0.000,0.449) (0.000,0.103) (0.000,0.199) (0.000,0.617) (0.000,0.958) (0.000,0.975) (0.000,0.974) (0.000,0.236) 
116      412    (7)    1 :  0.027 0.006 0.026 0.026 0.013 0.023 0.049 0.644 0.170 0.015     (0.000,0.198) (0.000,0.030) (0.000,0.169) (0.000,0.191) (0.000,0.070) (0.000,0.170) (0.000,0.381) (0.000,1.000) (0.000,0.969) (0.000,0.087) 
117      413    (0)    1 :  0.017 0.108 0.016 0.006 0.029 0.004 0.036 0.750 0.009 0.025     (0.000,0.099) (0.000,0.419) (0.000,0.104) (0.000,0.030) (0.000,0.201) (0.000,0.019) (0.000,0.247) (0.274,1.000) (0.000,0.050) (0.000,0.187) 
118      421    (0)    1 :  0.734 0.008 0.015 0.008 0.023 0.016 0.067 0.090 0.027 0.012     (0.135,1.000) (0.000,0.047) (0.000,0.100) (0.000,0.047) (0.000,0.170) (0.000,0.109) (0.000,0.538) (0.000,0.533) (0.000,0.191) (0.000,0.073) 
119      423    (0)    1 :  0.711 0.006 0.041 0.009 0.008 0.013 0.059 0.119 0.007 0.026     (0.000,1.000) (0.000,0.030) (0.000,0.310) (0.000,0.055) (0.000,0.043) (0.000,0.093) (0.000,0.513) (0.000,0.814) (0.000,0.039) (0.000,0.187) 
120      424    (0)    1 :  0.010 0.007 0.018 0.019 0.013 0.198 0.047 0.350 0.311 0.026     (0.000,0.062) (0.000,0.040) (0.000,0.119) (0.000,0.122) (0.000,0.081) (0.000,0.842) (0.000,0.350) (0.000,0.988) (0.000,0.993) (0.000,0.183) 
121      426    (0)    1 :  0.031 0.011 0.009 0.625 0.021 0.093 0.056 0.051 0.079 0.025     (0.000,0.212) (0.000,0.062) (0.000,0.048) (0.000,0.996) (0.000,0.150) (0.000,0.507) (0.000,0.392) (0.000,0.358) (0.000,0.615) (0.000,0.177) 
122      430    (7)    1 :  0.010 0.014 0.021 0.011 0.017 0.018 0.014 0.562 0.327 0.006     (0.000,0.053) (0.000,0.088) (0.000,0.140) (0.000,0.065) (0.000,0.105) (0.000,0.107) (0.000,0.072) (0.000,0.997) (0.000,0.971) (0.000,0.029) 
123      435    (0)    1 :  0.007 0.004 0.025 0.012 0.483 0.005 0.008 0.441 0.012 0.004     (0.000,0.039) (0.000,0.018) (0.000,0.171) (0.000,0.078) (0.000,0.993) (0.000,0.025) (0.000,0.042) (0.000,0.992) (0.000,0.069) (0.000,0.019) 
124      476    (0)    1 :  0.127 0.004 0.004 0.012 0.024 0.741 0.040 0.016 0.007 0.024     (0.000,0.591) (0.000,0.024) (0.000,0.022) (0.000,0.079) (0.000,0.175) (0.298,0.999) (0.000,0.282) (0.000,0.114) (0.000,0.036) (0.000,0.167) 
125      478    (0)    1 :  0.191 0.008 0.009 0.016 0.005 0.691 0.025 0.013 0.013 0.028     (0.000,0.674) (0.000,0.050) (0.000,0.057) (0.000,0.109) (0.000,0.028) (0.225,0.992) (0.000,0.186) (0.000,0.086) (0.000,0.083) (0.000,0.193) 
126      484    (0)    1 :  0.007 0.018 0.521 0.009 0.040 0.020 0.017 0.064 0.298 0.006     (0.000,0.038) (0.000,0.099) (0.000,0.992) (0.000,0.055) (0.000,0.291) (0.000,0.143) (0.000,0.086) (0.000,0.494) (0.000,0.856) (0.000,0.032) 
127      489    (0)    1 :  0.043 0.005 0.147 0.505 0.006 0.007 0.013 0.223 0.046 0.005     (0.000,0.328) (0.000,0.024) (0.000,0.566) (0.000,0.995) (0.000,0.030) (0.000,0.036) (0.000,0.065) (0.000,0.979) (0.000,0.345) (0.000,0.027) 
128      492   (14)    1 :  0.003 0.966 0.004 0.003 0.003 0.003 0.004 0.004 0.005 0.004     (0.000,0.018) (0.855,1.000) (0.000,0.019) (0.000,0.018) (0.000,0.018) (0.000,0.018) (0.000,0.020) (0.000,0.023) (0.000,0.027) (0.000,0.019) 
129      493    (0)    1 :  0.008 0.004 0.007 0.011 0.006 0.007 0.028 0.017 0.009 0.903     (0.000,0.047) (0.000,0.021) (0.000,0.042) (0.000,0.067) (0.000,0.034) (0.000,0.045) (0.000,0.183) (0.000,0.119) (0.000,0.057) (0.631,1.000) 
130      494    (0)    1 :  0.020 0.009 0.008 0.033 0.007 0.010 0.161 0.010 0.006 0.738     (0.000,0.140) (0.000,0.054) (0.000,0.044) (0.000,0.238) (0.000,0.040) (0.000,0.063) (0.000,0.977) (0.000,0.059) (0.000,0.033) (0.000,1.000) 
131      500    (0)    1 :  0.885 0.003 0.004 0.008 0.004 0.055 0.021 0.006 0.006 0.008     (0.451,1.000) (0.000,0.014) (0.000,0.022) (0.000,0.049) (0.000,0.022) (0.000,0.389) (0.000,0.095) (0.000,0.028) (0.000,0.031) (0.000,0.043) 
132      504    (0)    1 :  0.052 0.075 0.545 0.059 0.021 0.011 0.082 0.027 0.103 0.024     (0.000,0.341) (0.000,0.406) (0.000,0.977) (0.000,0.345) (0.000,0.150) (0.000,0.075) (0.000,0.611) (0.000,0.181) (0.000,0.604) (0.000,0.169) 
133      506    (0)    1 :  0.019 0.003 0.927 0.005 0.004 0.013 0.006 0.008 0.012 0.004     (0.000,0.134) (0.000,0.017) (0.673,1.000) (0.000,0.026) (0.000,0.019) (0.000,0.078) (0.000,0.029) (0.000,0.043) (0.000,0.056) (0.000,0.022) 


Estimated Allele Frequencies in each cluster
First column gives estimated ancestral frequencies


Locus 1 : Rsu5 
5 alleles
0.0% missing data
 137   (0.747) 0.971 0.206 0.357 0.929 0.831 0.971 0.759 0.852 0.885 0.642 
 135   (0.084) 0.008 0.015 0.014 0.039 0.036 0.015 0.082 0.067 0.082 0.139 
 139   (0.099) 0.015 0.768 0.012 0.027 0.042 0.009 0.099 0.056 0.015 0.175 
 133   (0.022) 0.002 0.003 0.002 0.002 0.003 0.001 0.019 0.003 0.002 0.032 
 131   (0.047) 0.004 0.007 0.616 0.003 0.088 0.003 0.041 0.022 0.016 0.012 

Locus 2 : Scv1 
5 alleles
0.0% missing data
 181   (0.538) 0.605 0.144 0.369 0.836 0.376 0.959 0.549 0.334 0.358 0.743 
 179   (0.179) 0.136 0.779 0.085 0.057 0.269 0.016 0.169 0.109 0.406 0.121 
 177   (0.111) 0.014 0.028 0.200 0.093 0.025 0.012 0.108 0.323 0.196 0.056 
 185   (0.142) 0.242 0.044 0.343 0.011 0.326 0.011 0.139 0.230 0.036 0.058 
 171   (0.030) 0.003 0.005 0.003 0.003 0.004 0.002 0.034 0.004 0.004 0.022 

Locus 3 : Rsu4 
9 alleles
0.0% missing data
 267   (0.200) 0.271 0.734 0.139 0.090 0.101 0.139 0.201 0.041 0.050 0.303 
 263   (0.322) 0.221 0.129 0.367 0.813 0.308 0.519 0.316 0.734 0.359 0.255 
 259   (0.049) 0.255 0.009 0.005 0.033 0.007 0.220 0.043 0.009 0.010 0.012 
 287   (0.177) 0.211 0.035 0.154 0.035 0.083 0.104 0.174 0.134 0.467 0.135 
 275   (0.040) 0.003 0.008 0.004 0.003 0.010 0.003 0.038 0.006 0.007 0.150 
 279   (0.078) 0.009 0.040 0.010 0.013 0.308 0.006 0.093 0.016 0.023 0.045 
 283   (0.074) 0.006 0.028 0.315 0.006 0.175 0.005 0.070 0.051 0.074 0.038 
 291   (0.037) 0.021 0.013 0.004 0.006 0.005 0.002 0.042 0.006 0.007 0.015 
 271   (0.024) 0.002 0.004 0.002 0.002 0.003 0.002 0.024 0.003 0.003 0.047 

Locus 4 : Rsu6 
5 alleles
0.0% missing data
 120   (0.242) 0.270 0.093 0.058 0.548 0.220 0.285 0.236 0.181 0.446 0.207 
 126   (0.622) 0.511 0.861 0.925 0.369 0.761 0.558 0.634 0.799 0.538 0.610 
 124   (0.090) 0.198 0.039 0.012 0.080 0.013 0.155 0.093 0.014 0.011 0.056 
 130   (0.025) 0.002 0.003 0.002 0.002 0.003 0.002 0.021 0.003 0.003 0.122 
 114   (0.020) 0.019 0.003 0.002 0.002 0.003 0.001 0.017 0.003 0.002 0.005 

Locus 5 : Scv23 
3 alleles
0.8% missing data
 158   (0.530) 0.744 0.553 0.815 0.461 0.551 0.369 0.531 0.624 0.482 0.449 
 164   (0.182) 0.052 0.385 0.104 0.070 0.029 0.442 0.173 0.081 0.290 0.284 
 160   (0.288) 0.203 0.062 0.081 0.470 0.419 0.188 0.296 0.295 0.228 0.267 

Locus 6 : Scv13 
5 alleles
0.0% missing data
 182   (0.717) 0.908 0.952 0.894 0.975 0.475 0.806 0.701 0.898 0.933 0.706 
 180   (0.097) 0.071 0.016 0.010 0.012 0.015 0.166 0.105 0.024 0.015 0.105 
 172   (0.077) 0.007 0.012 0.083 0.006 0.360 0.006 0.079 0.023 0.036 0.040 
 184   (0.066) 0.010 0.012 0.008 0.005 0.014 0.019 0.071 0.028 0.009 0.136 
 174   (0.043) 0.004 0.008 0.005 0.003 0.135 0.003 0.044 0.026 0.007 0.013 

Locus 7 : Scv32 
18 alleles
0.8% missing data
 236   (0.043) 0.004 0.011 0.005 0.003 0.007 0.003 0.049 0.006 0.007 0.151 
 238   (0.040) 0.004 0.013 0.067 0.004 0.006 0.003 0.035 0.021 0.297 0.018 
 234   (0.140) 0.020 0.090 0.065 0.071 0.660 0.348 0.134 0.452 0.289 0.054 
 246   (0.051) 0.184 0.014 0.007 0.007 0.011 0.316 0.046 0.017 0.007 0.013 
 248   (0.096) 0.153 0.346 0.020 0.412 0.013 0.007 0.094 0.033 0.080 0.107 
 262   (0.113) 0.241 0.144 0.028 0.186 0.024 0.019 0.130 0.132 0.056 0.037 
 232   (0.152) 0.151 0.042 0.530 0.012 0.027 0.142 0.158 0.190 0.047 0.431 
 250   (0.030) 0.003 0.006 0.003 0.270 0.004 0.004 0.028 0.009 0.030 0.008 
 228   (0.027) 0.002 0.006 0.003 0.002 0.004 0.002 0.036 0.004 0.003 0.011 
 220   (0.048) 0.200 0.013 0.005 0.006 0.007 0.077 0.050 0.008 0.007 0.013 
 264   (0.054) 0.006 0.013 0.006 0.006 0.027 0.042 0.050 0.026 0.110 0.061 
 252   (0.041) 0.013 0.011 0.098 0.004 0.104 0.003 0.038 0.008 0.011 0.011 
 254   (0.048) 0.004 0.258 0.081 0.005 0.088 0.003 0.041 0.012 0.036 0.012 
 242   (0.022) 0.002 0.005 0.002 0.002 0.003 0.001 0.022 0.003 0.003 0.043 
 266   (0.031) 0.003 0.008 0.030 0.002 0.005 0.002 0.030 0.045 0.009 0.008 
 244   (0.028) 0.007 0.012 0.046 0.007 0.004 0.002 0.024 0.030 0.004 0.008 
 226   (0.019) 0.002 0.004 0.002 0.001 0.003 0.024 0.016 0.003 0.003 0.005 
 240   (0.018) 0.002 0.004 0.002 0.001 0.006 0.001 0.019 0.002 0.002 0.010 

Locus 8 : Scv8 
6 alleles
0.8% missing data
 200   (0.643) 0.670 0.879 0.607 0.831 0.424 0.843 0.659 0.559 0.840 0.613 
 202   (0.088) 0.008 0.036 0.066 0.007 0.032 0.006 0.083 0.089 0.089 0.210 
 194   (0.084) 0.118 0.022 0.009 0.014 0.035 0.138 0.075 0.270 0.030 0.031 
 204   (0.051) 0.032 0.029 0.005 0.136 0.008 0.004 0.053 0.014 0.008 0.016 
 198   (0.066) 0.165 0.014 0.007 0.008 0.013 0.005 0.069 0.021 0.009 0.096 
 188   (0.068) 0.006 0.020 0.306 0.005 0.488 0.004 0.061 0.048 0.023 0.034 

Locus 9 : Scv9 
5 alleles
0.0% missing data
 198   (0.319) 0.098 0.488 0.287 0.489 0.575 0.420 0.312 0.323 0.750 0.166 
 200   (0.333) 0.534 0.424 0.348 0.397 0.099 0.377 0.330 0.136 0.103 0.567 
 196   (0.282) 0.362 0.077 0.354 0.109 0.190 0.035 0.298 0.525 0.136 0.250 
 204   (0.045) 0.004 0.007 0.007 0.003 0.110 0.166 0.040 0.010 0.008 0.011 
 202   (0.021) 0.002 0.004 0.004 0.001 0.026 0.001 0.018 0.006 0.002 0.006 

Locus 10 : Rsu1 
6 alleles
0.0% missing data
 189   (0.311) 0.052 0.452 0.081 0.041 0.262 0.481 0.328 0.301 0.221 0.557 
 185   (0.271) 0.246 0.453 0.807 0.049 0.095 0.154 0.259 0.419 0.522 0.171 
 177   (0.081) 0.142 0.027 0.069 0.012 0.038 0.011 0.087 0.019 0.013 0.026 
 181   (0.241) 0.198 0.044 0.034 0.849 0.593 0.046 0.240 0.243 0.226 0.221 
 193   (0.057) 0.270 0.018 0.006 0.044 0.008 0.077 0.053 0.011 0.014 0.015 
 197   (0.039) 0.092 0.006 0.004 0.004 0.005 0.231 0.033 0.007 0.005 0.010 

Locus 11 : Scv14 
7 alleles
4.5% missing data
 196   (0.546) 0.811 0.104 0.624 0.927 0.656 0.931 0.534 0.743 0.403 0.519 
 198   (0.073) 0.007 0.017 0.023 0.007 0.053 0.005 0.072 0.014 0.367 0.093 
 194   (0.136) 0.076 0.028 0.052 0.040 0.192 0.021 0.140 0.130 0.028 0.235 
 202   (0.181) 0.099 0.838 0.295 0.018 0.081 0.038 0.191 0.102 0.189 0.122 
 204   (0.021) 0.002 0.003 0.002 0.002 0.003 0.002 0.020 0.003 0.003 0.018 
 190   (0.022) 0.004 0.005 0.002 0.005 0.003 0.002 0.023 0.004 0.004 0.006 
 200   (0.020) 0.002 0.005 0.002 0.002 0.011 0.002 0.020 0.004 0.006 0.007 

Locus 12 : Scv16 
7 alleles
0.0% missing data
 182   (0.421) 0.554 0.871 0.260 0.801 0.555 0.211 0.433 0.670 0.495 0.178 
 184   (0.410) 0.276 0.095 0.691 0.186 0.163 0.770 0.415 0.288 0.442 0.586 
 188   (0.053) 0.159 0.008 0.006 0.004 0.007 0.012 0.046 0.007 0.007 0.182 
 200   (0.022) 0.002 0.004 0.003 0.001 0.003 0.001 0.019 0.003 0.003 0.026 
 198   (0.039) 0.003 0.013 0.019 0.004 0.169 0.003 0.033 0.021 0.034 0.010 
 190   (0.035) 0.003 0.006 0.020 0.002 0.100 0.003 0.031 0.007 0.016 0.009 
 186   (0.021) 0.002 0.003 0.002 0.001 0.003 0.001 0.022 0.004 0.003 0.009 

Locus 13 : Scv31 
15 alleles
3.0% missing data
 193   (0.119) 0.026 0.102 0.090 0.629 0.041 0.016 0.126 0.041 0.358 0.063 
 201   (0.106) 0.044 0.073 0.074 0.082 0.016 0.020 0.115 0.019 0.018 0.254 
 187   (0.085) 0.297 0.034 0.150 0.049 0.012 0.297 0.080 0.017 0.017 0.023 
 207   (0.033) 0.042 0.006 0.004 0.002 0.004 0.368 0.027 0.005 0.004 0.008 
 195   (0.065) 0.124 0.016 0.238 0.020 0.018 0.007 0.061 0.095 0.011 0.017 
 185   (0.178) 0.028 0.067 0.136 0.017 0.337 0.223 0.180 0.214 0.474 0.118 
 189   (0.049) 0.004 0.008 0.005 0.160 0.006 0.003 0.046 0.006 0.006 0.276 
 205   (0.022) 0.002 0.004 0.003 0.001 0.003 0.001 0.024 0.003 0.002 0.007 
 191   (0.154) 0.353 0.044 0.019 0.024 0.445 0.048 0.162 0.567 0.070 0.046 
 197   (0.030) 0.004 0.006 0.221 0.004 0.004 0.005 0.027 0.006 0.004 0.008 
 199   (0.058) 0.005 0.012 0.050 0.005 0.096 0.004 0.058 0.011 0.008 0.066 
 203   (0.025) 0.002 0.006 0.003 0.002 0.003 0.002 0.023 0.003 0.003 0.086 
 209   (0.029) 0.003 0.024 0.003 0.003 0.007 0.002 0.032 0.004 0.018 0.017 
 213   (0.023) 0.002 0.593 0.002 0.002 0.003 0.001 0.019 0.003 0.003 0.005 
 181   (0.024) 0.063 0.004 0.003 0.002 0.003 0.003 0.021 0.004 0.003 0.006 

Locus 14 : Scv6 
8 alleles
0.0% missing data
 191   (0.102) 0.186 0.357 0.016 0.257 0.014 0.007 0.096 0.013 0.018 0.221 
 195   (0.386) 0.495 0.082 0.631 0.404 0.201 0.666 0.395 0.407 0.528 0.291 
 197   (0.203) 0.287 0.063 0.229 0.311 0.435 0.284 0.198 0.049 0.257 0.099 
 201   (0.089) 0.008 0.060 0.010 0.009 0.145 0.006 0.098 0.040 0.097 0.123 
 205   (0.023) 0.002 0.003 0.002 0.002 0.003 0.002 0.019 0.003 0.003 0.064 
 193   (0.098) 0.009 0.033 0.083 0.008 0.175 0.007 0.096 0.150 0.068 0.130 
 199   (0.076) 0.010 0.396 0.026 0.009 0.024 0.027 0.078 0.335 0.026 0.021 
 181   (0.023) 0.002 0.005 0.003 0.002 0.003 0.001 0.021 0.003 0.003 0.051 

Values of parameters used in structure:
DATAFILE=M:\STRUCTURE\Squirrel_133_ID_14L_20250816\project_data,	OUTFILE=M:\STRUCTURE\Squirrel_133_ID_14L_20250816\10k_Burnin_100k_MCMC\Results\10k_Burnin_100k_MCMC_run_232,	NUMINDS=133,	NUMLOCI=14,	MISSING=-9,	LABEL=1,	POPDATA=1,	POPFLAG=0,	PHENOTYPE=0,	EXTRACOLS=1,	MAXPOPS=10,	BURNIN=10000,	NUMREPS=100000,	USEPOPINFO=0,	INFERALPHA=1,	INFERLAMBDA=1,	POPSPECIFICLAMBDA=0,	POPALPHAS=0,	COMPUTEPROB=1,	NOADMIX=0,	ADMBURNIN=2500,	UPDATEFREQ=1,	PRINTLIKES=0,	INTERMEDSAVE=0,	PRINTKLD=0,	PRINTNET=0,	PRINTLAMBDA=0,	ANCESTDIST=1,	NUMBOXES=1000,	ANCESTPINT=0.90000,	GENSBACK=2,	MIGRPRIOR=0.05000,	PRINTQHAT=1,	PRINTQSUM=0,	ALPHA=1.0000,	FREQSCORR=1,	FPRIORMEAN=0.0100,	FPRIORSD=0.0500,	ONEFST=0,	LAMBDA=1.0000,	UNIFPRIORALPHA=1,	ALPHAMAX=10.0000,	ALPHAPRIORA=1.0000,	ALPHAPRIORB=2.0000,	ALPHAPROPSD=0.0250,	STARTATPOPINFO=0,	RANDOMIZE=1,	LINKAGE=0,	METROFREQ=10,	REPORTHITRATE=0,	MARKOVPHASE=-1,	PHASED=0,	PLOIDY=2,	PHASEINFO=0	LOCPRIOR=0, 	LOCPRIORINIT=1.000000, 	LOCDATA=0, 	LOCISPOP=0, 	LOCPRIORSTEP=0.100000, 	MAXLOCPRIOR=20.000000, 	SEED=1763727441,	
[STRAT parameters]:    NUMSIMSTATS=1000,	PHENOTYPECOL=-9,	POOLFREQ=10,	LOCUSxONLY=0,	EMERROR=0.00100,	MISSINGPHENO=-9,	