

----------------------------------------------------
STRUCTURE by Pritchard, Stephens and Donnelly (2000)
     and Falush, Stephens and Pritchard (2003)
       Code by Pritchard, Falush and Hubisz
             Version 2.3.4 (Jul 2012)
----------------------------------------------------



Command line arguments:   bin\structure -m M:\STRUCTURE\Squirrel_133_ID_14L_20250816\10k_Burnin_100k_MCMC\mainparams -e M:\STRUCTURE\Squirrel_133_ID_14L_20250816\10k_Burnin_100k_MCMC\extraparams 
Input File:    M:\STRUCTURE\Squirrel_133_ID_14L_20250816\project_data

Run parameters:
   133 individuals
   14 loci
   3 populations assumed
   10000 Burn-in period
   100000 Reps


--------------------------------------------
Proportion of membership of each pre-defined
 population in each of the 3 clusters

Given    Inferred Clusters       Number of
 Pop       1      2      3      Individuals

  1:     0.428  0.203  0.369      133
--------------------------------------------

Allele-freq. divergence among pops (Net nucleotide distance),
computed using point estimates of P.

      1       2       3      
 1      -    0.0382  0.0454  
 2   0.0382     -    0.0398  
 3   0.0454  0.0398     -    

Average distances (expected heterozygosity) between individuals in same cluster:
cluster  1  : 0.5452 
cluster  2  : 0.6697 
cluster  3  : 0.6067 

--------------------------------------------
Estimated Ln Prob of Data   = -4495.4
Mean value of ln likelihood = -4389.9
Variance of ln likelihood   = 210.9
Mean value of alpha         = 0.0395

Mean value of lambda        = 1.0365

Mean value of Fst_1         = 0.1522
Mean value of Fst_2         = 0.0307
Mean value of Fst_3         = 0.1357


Inferred ancestry of individuals:
        Label (%Miss) Pop:  Inferred clusters (and 90% probability intervals)
  1       1*    (0)    1 :  0.016 0.968 0.016     (0.000,0.102) (0.787,1.000) (0.000,0.104) 
  2        3    (0)    1 :  0.982 0.009 0.009     (0.890,1.000) (0.000,0.047) (0.000,0.048) 
  3        6    (0)    1 :  0.971 0.007 0.022     (0.811,1.000) (0.000,0.036) (0.000,0.153) 
  4        8    (0)    1 :  0.979 0.015 0.006     (0.875,1.000) (0.000,0.085) (0.000,0.030) 
  5       10    (0)    1 :  0.984 0.011 0.006     (0.911,1.000) (0.000,0.047) (0.000,0.028) 
  6       11    (0)    1 :  0.116 0.854 0.030     (0.000,0.846) (0.003,1.000) (0.000,0.220) 
  7       12    (0)    1 :  0.976 0.014 0.010     (0.862,1.000) (0.000,0.071) (0.000,0.051) 
  8       16    (7)    1 :  0.984 0.009 0.006     (0.905,1.000) (0.000,0.050) (0.000,0.033) 
  9       18    (0)    1 :  0.009 0.986 0.005     (0.000,0.051) (0.914,1.000) (0.000,0.024) 
 10       19    (0)    1 :  0.028 0.931 0.042     (0.000,0.204) (0.561,1.000) (0.000,0.308) 
 11       21    (7)    1 :  0.982 0.009 0.009     (0.886,1.000) (0.000,0.048) (0.000,0.052) 
 12       23    (7)    1 :  0.733 0.032 0.235     (0.000,1.000) (0.000,0.192) (0.000,1.000) 
 13       24    (7)    1 :  0.372 0.609 0.019     (0.000,1.000) (0.000,1.000) (0.000,0.125) 
 14       25    (7)    1 :  0.920 0.047 0.032     (0.534,1.000) (0.000,0.333) (0.000,0.243) 
 15      26*    (0)    1 :  0.979 0.016 0.005     (0.869,1.000) (0.000,0.108) (0.000,0.025) 
 16       28    (0)    1 :  0.989 0.006 0.005     (0.930,1.000) (0.000,0.032) (0.000,0.028) 
 17       29    (0)    1 :  0.965 0.029 0.006     (0.820,1.000) (0.000,0.143) (0.000,0.032) 
 18       30    (0)    1 :  0.679 0.093 0.228     (0.000,1.000) (0.000,0.945) (0.000,0.914) 
 19       33    (0)    1 :  0.005 0.977 0.017     (0.000,0.027) (0.855,1.000) (0.000,0.118) 
 20       37    (0)    1 :  0.016 0.977 0.008     (0.000,0.097) (0.851,1.000) (0.000,0.041) 
 21       38    (0)    1 :  0.013 0.983 0.004     (0.000,0.078) (0.894,1.000) (0.000,0.021) 
 22       43    (0)    1 :  0.977 0.017 0.007     (0.854,1.000) (0.000,0.100) (0.000,0.037) 
 23       44    (0)    1 :  0.985 0.007 0.009     (0.903,1.000) (0.000,0.036) (0.000,0.046) 
 24       48    (0)    1 :  0.009 0.986 0.005     (0.000,0.049) (0.914,1.000) (0.000,0.026) 
 25       55    (0)    1 :  0.976 0.008 0.015     (0.847,1.000) (0.000,0.042) (0.000,0.103) 
 26       59    (0)    1 :  0.979 0.012 0.009     (0.875,1.000) (0.000,0.056) (0.000,0.052) 
 27       60    (0)    1 :  0.017 0.174 0.808     (0.000,0.112) (0.000,1.000) (0.000,1.000) 
 28       61    (0)    1 :  0.009 0.007 0.984     (0.000,0.049) (0.000,0.039) (0.898,1.000) 
 29       62    (0)    1 :  0.053 0.031 0.917     (0.000,0.383) (0.000,0.185) (0.387,1.000) 
 30       65    (0)    1 :  0.006 0.979 0.015     (0.000,0.031) (0.866,1.000) (0.000,0.102) 
 31       73    (0)    1 :  0.054 0.025 0.921     (0.000,0.360) (0.000,0.168) (0.570,1.000) 
 32       75    (0)    1 :  0.006 0.014 0.981     (0.000,0.029) (0.000,0.087) (0.877,1.000) 
 33       76    (0)    1 :  0.007 0.005 0.988     (0.000,0.038) (0.000,0.023) (0.929,1.000) 
 34       77    (0)    1 :  0.007 0.009 0.985     (0.000,0.035) (0.000,0.046) (0.907,1.000) 
 35       78    (0)    1 :  0.008 0.008 0.985     (0.000,0.040) (0.000,0.040) (0.905,1.000) 
 36       79    (0)    1 :  0.005 0.016 0.980     (0.000,0.023) (0.000,0.110) (0.868,1.000) 
 37       84    (0)    1 :  0.962 0.011 0.027     (0.752,1.000) (0.000,0.065) (0.000,0.202) 
 38       85    (0)    1 :  0.950 0.035 0.015     (0.687,1.000) (0.000,0.226) (0.000,0.099) 
 39       86    (0)    1 :  0.870 0.094 0.036     (0.309,1.000) (0.000,0.646) (0.000,0.282) 
 40       89    (0)    1 :  0.955 0.021 0.024     (0.719,1.000) (0.000,0.142) (0.000,0.158) 
 41       94    (0)    1 :  0.904 0.091 0.005     (0.139,1.000) (0.000,0.823) (0.000,0.026) 
 42       95    (0)    1 :  0.953 0.026 0.021     (0.706,1.000) (0.000,0.141) (0.000,0.146) 
 43       96    (0)    1 :  0.985 0.007 0.008     (0.908,1.000) (0.000,0.033) (0.000,0.045) 
 44       98    (0)    1 :  0.010 0.010 0.980     (0.000,0.054) (0.000,0.052) (0.876,1.000) 
 45      102    (0)    1 :  0.017 0.971 0.012     (0.000,0.116) (0.810,1.000) (0.000,0.077) 
 46      105    (0)    1 :  0.010 0.023 0.968     (0.000,0.056) (0.000,0.164) (0.786,1.000) 
 47      106    (0)    1 :  0.060 0.027 0.913     (0.000,0.312) (0.000,0.155) (0.608,1.000) 
 48      108    (0)    1 :  0.016 0.074 0.910     (0.000,0.105) (0.000,0.479) (0.493,1.000) 
 49      109    (0)    1 :  0.021 0.009 0.969     (0.000,0.161) (0.000,0.050) (0.796,1.000) 
 50      112    (0)    1 :  0.704 0.070 0.226     (0.000,1.000) (0.000,0.534) (0.000,1.000) 
 51      115    (0)    1 :  0.026 0.954 0.021     (0.000,0.163) (0.700,1.000) (0.000,0.124) 
 52      116    (0)    1 :  0.949 0.032 0.019     (0.675,1.000) (0.000,0.231) (0.000,0.117) 
 53      117    (0)    1 :  0.973 0.009 0.018     (0.829,1.000) (0.000,0.047) (0.000,0.108) 
 54      129    (0)    1 :  0.990 0.006 0.004     (0.939,1.000) (0.000,0.029) (0.000,0.022) 
 55      132    (0)    1 :  0.061 0.586 0.353     (0.000,0.456) (0.000,1.000) (0.000,1.000) 
 56      133    (0)    1 :  0.007 0.007 0.986     (0.000,0.035) (0.000,0.036) (0.916,1.000) 
 57      137    (7)    1 :  0.014 0.009 0.977     (0.000,0.076) (0.000,0.045) (0.859,1.000) 
 58      139    (0)    1 :  0.011 0.029 0.960     (0.000,0.061) (0.000,0.200) (0.747,1.000) 
 59      140    (0)    1 :  0.012 0.012 0.976     (0.000,0.065) (0.000,0.054) (0.862,1.000) 
 60      142    (0)    1 :  0.012 0.007 0.981     (0.000,0.071) (0.000,0.036) (0.881,1.000) 
 61      144    (0)    1 :  0.007 0.008 0.986     (0.000,0.036) (0.000,0.041) (0.910,1.000) 
 62      145    (0)    1 :  0.014 0.008 0.977     (0.000,0.073) (0.000,0.043) (0.864,1.000) 
 63      147    (0)    1 :  0.007 0.007 0.986     (0.000,0.038) (0.000,0.038) (0.914,1.000) 
 64      160    (0)    1 :  0.972 0.021 0.007     (0.867,1.000) (0.000,0.083) (0.000,0.033) 
 65     162*    (0)    1 :  0.983 0.007 0.010     (0.895,1.000) (0.000,0.036) (0.000,0.054) 
 66      166    (0)    1 :  0.007 0.007 0.986     (0.000,0.035) (0.000,0.036) (0.912,1.000) 
 67      177    (0)    1 :  0.005 0.006 0.989     (0.000,0.025) (0.000,0.032) (0.933,1.000) 
 68      178    (0)    1 :  0.012 0.011 0.977     (0.000,0.073) (0.000,0.054) (0.854,1.000) 
 69      186    (0)    1 :  0.985 0.008 0.007     (0.907,1.000) (0.000,0.045) (0.000,0.035) 
 70      189    (0)    1 :  0.984 0.009 0.007     (0.905,1.000) (0.000,0.047) (0.000,0.034) 
 71      190    (0)    1 :  0.979 0.012 0.009     (0.867,1.000) (0.000,0.069) (0.000,0.048) 
 72      191    (0)    1 :  0.979 0.006 0.015     (0.864,1.000) (0.000,0.030) (0.000,0.098) 
 73      193    (0)    1 :  0.096 0.011 0.893     (0.000,0.983) (0.000,0.054) (0.000,1.000) 
 74      202    (0)    1 :  0.743 0.237 0.020     (0.000,1.000) (0.000,1.000) (0.000,0.133) 
 75      204    (0)    1 :  0.992 0.004 0.004     (0.950,1.000) (0.000,0.020) (0.000,0.021) 
 76      211    (0)    1 :  0.025 0.046 0.929     (0.000,0.182) (0.000,0.286) (0.542,1.000) 
 77      216    (0)    1 :  0.007 0.006 0.987     (0.000,0.035) (0.000,0.031) (0.922,1.000) 
 78      222    (0)    1 :  0.012 0.056 0.932     (0.000,0.058) (0.000,0.420) (0.540,1.000) 
 79      224    (0)    1 :  0.978 0.011 0.011     (0.860,1.000) (0.000,0.058) (0.000,0.063) 
 80      226    (0)    1 :  0.936 0.052 0.012     (0.605,1.000) (0.000,0.352) (0.000,0.072) 
 81      229    (0)    1 :  0.817 0.141 0.042     (0.000,1.000) (0.000,0.969) (0.000,0.314) 
 82      230    (0)    1 :  0.912 0.049 0.039     (0.551,1.000) (0.000,0.321) (0.000,0.243) 
 83      232    (0)    1 :  0.934 0.017 0.049     (0.570,1.000) (0.000,0.074) (0.000,0.367) 
 84      238    (0)    1 :  0.017 0.787 0.196     (0.000,0.110) (0.152,1.000) (0.000,0.816) 
 85      242    (0)    1 :  0.005 0.990 0.005     (0.000,0.029) (0.936,1.000) (0.000,0.025) 
 86      243    (0)    1 :  0.020 0.924 0.056     (0.000,0.139) (0.561,1.000) (0.000,0.392) 
 87      244    (0)    1 :  0.012 0.949 0.039     (0.000,0.075) (0.676,1.000) (0.000,0.290) 
 88      251    (0)    1 :  0.051 0.917 0.032     (0.000,0.386) (0.509,1.000) (0.000,0.220) 
 89      266    (0)    1 :  0.010 0.350 0.641     (0.000,0.053) (0.000,1.000) (0.000,1.000) 
 90      267    (0)    1 :  0.042 0.018 0.940     (0.000,0.302) (0.000,0.115) (0.641,1.000) 
 91      268    (0)    1 :  0.007 0.009 0.984     (0.000,0.038) (0.000,0.048) (0.898,1.000) 
 92      270    (0)    1 :  0.980 0.010 0.009     (0.874,1.000) (0.000,0.057) (0.000,0.053) 
 93      276    (0)    1 :  0.948 0.014 0.038     (0.658,1.000) (0.000,0.079) (0.000,0.288) 
 94      298    (7)    1 :  0.008 0.009 0.983     (0.000,0.042) (0.000,0.048) (0.893,1.000) 
 95      306    (0)    1 :  0.007 0.033 0.960     (0.000,0.036) (0.000,0.175) (0.785,1.000) 
 96      308    (0)    1 :  0.015 0.022 0.963     (0.000,0.094) (0.000,0.147) (0.760,1.000) 
 97      311    (7)    1 :  0.021 0.209 0.770     (0.000,0.136) (0.000,1.000) (0.000,1.000) 
 98      323    (0)    1 :  0.973 0.016 0.011     (0.836,1.000) (0.000,0.089) (0.000,0.063) 
 99      327    (0)    1 :  0.976 0.015 0.009     (0.857,1.000) (0.000,0.076) (0.000,0.050) 
100      334    (0)    1 :  0.006 0.979 0.015     (0.000,0.030) (0.868,1.000) (0.000,0.100) 
101      338    (0)    1 :  0.038 0.022 0.940     (0.000,0.255) (0.000,0.121) (0.609,1.000) 
102      341    (0)    1 :  0.951 0.025 0.024     (0.685,1.000) (0.000,0.153) (0.000,0.162) 
103      346    (0)    1 :  0.045 0.014 0.941     (0.000,0.311) (0.000,0.066) (0.611,1.000) 
104      348    (0)    1 :  0.006 0.010 0.984     (0.000,0.034) (0.000,0.058) (0.898,1.000) 
105      351    (0)    1 :  0.019 0.950 0.031     (0.000,0.126) (0.681,1.000) (0.000,0.197) 
106      362    (0)    1 :  0.989 0.005 0.005     (0.938,1.000) (0.000,0.025) (0.000,0.026) 
107      364    (0)    1 :  0.008 0.979 0.013     (0.000,0.043) (0.868,1.000) (0.000,0.077) 
108      366    (0)    1 :  0.016 0.964 0.020     (0.000,0.102) (0.763,1.000) (0.000,0.122) 
109      376    (0)    1 :  0.985 0.008 0.007     (0.904,1.000) (0.000,0.043) (0.000,0.039) 
110      377    (7)    1 :  0.891 0.024 0.085     (0.418,1.000) (0.000,0.148) (0.000,0.521) 
111      378    (0)    1 :  0.981 0.006 0.013     (0.892,1.000) (0.000,0.029) (0.000,0.065) 
112      388    (0)    1 :  0.021 0.025 0.954     (0.000,0.139) (0.000,0.167) (0.700,1.000) 
113      391    (0)    1 :  0.802 0.031 0.167     (0.000,1.000) (0.000,0.200) (0.000,0.999) 
114      401    (0)    1 :  0.431 0.476 0.093     (0.000,0.987) (0.000,1.000) (0.000,0.529) 
115      406    (0)    1 :  0.073 0.082 0.845     (0.000,0.552) (0.000,0.810) (0.000,1.000) 
116      412    (7)    1 :  0.075 0.024 0.901     (0.000,0.594) (0.000,0.124) (0.284,1.000) 
117      413    (0)    1 :  0.014 0.059 0.927     (0.000,0.075) (0.000,0.384) (0.571,1.000) 
118      421    (0)    1 :  0.930 0.021 0.048     (0.575,1.000) (0.000,0.145) (0.000,0.364) 
119      423    (0)    1 :  0.848 0.085 0.067     (0.007,1.000) (0.000,0.701) (0.000,0.494) 
120      424    (0)    1 :  0.194 0.045 0.761     (0.000,1.000) (0.000,0.316) (0.000,1.000) 
121      426    (0)    1 :  0.966 0.015 0.019     (0.782,1.000) (0.000,0.087) (0.000,0.123) 
122      430    (7)    1 :  0.019 0.006 0.975     (0.000,0.111) (0.000,0.029) (0.851,1.000) 
123      435    (0)    1 :  0.009 0.004 0.987     (0.000,0.046) (0.000,0.021) (0.922,1.000) 
124      476    (0)    1 :  0.972 0.021 0.006     (0.824,1.000) (0.000,0.148) (0.000,0.033) 
125      478    (0)    1 :  0.985 0.009 0.006     (0.907,1.000) (0.000,0.049) (0.000,0.032) 
126      484    (0)    1 :  0.008 0.006 0.985     (0.000,0.047) (0.000,0.032) (0.909,1.000) 
127      489    (0)    1 :  0.751 0.016 0.233     (0.000,1.000) (0.000,0.072) (0.000,1.000) 
128      492   (14)    1 :  0.007 0.975 0.018     (0.000,0.035) (0.844,1.000) (0.000,0.113) 
129      493    (0)    1 :  0.008 0.983 0.009     (0.000,0.043) (0.895,1.000) (0.000,0.049) 
130      494    (0)    1 :  0.028 0.965 0.007     (0.000,0.207) (0.769,1.000) (0.000,0.039) 
131      500    (0)    1 :  0.989 0.007 0.004     (0.935,1.000) (0.000,0.035) (0.000,0.021) 
132      504    (0)    1 :  0.066 0.110 0.824     (0.000,0.420) (0.000,0.648) (0.276,1.000) 
133      506    (0)    1 :  0.074 0.009 0.917     (0.000,0.447) (0.000,0.046) (0.540,1.000) 


Estimated Allele Frequencies in each cluster
First column gives estimated ancestral frequencies


Locus 1 : Rsu5 
5 alleles
0.0% missing data
 137   (0.672) 0.947 0.657 0.698 
 135   (0.107) 0.026 0.101 0.048 
 139   (0.151) 0.023 0.203 0.040 
 133   (0.028) 0.001 0.022 0.002 
 131   (0.041) 0.002 0.017 0.213 

Locus 2 : Scv1 
5 alleles
0.0% missing data
 181   (0.538) 0.751 0.612 0.349 
 179   (0.201) 0.091 0.204 0.214 
 177   (0.104) 0.052 0.069 0.185 
 185   (0.123) 0.104 0.079 0.250 
 171   (0.034) 0.002 0.036 0.002 

Locus 3 : Rsu4 
9 alleles
0.0% missing data
 267   (0.229) 0.184 0.287 0.089 
 263   (0.290) 0.464 0.265 0.426 
 259   (0.036) 0.186 0.015 0.002 
 287   (0.162) 0.137 0.137 0.210 
 275   (0.056) 0.003 0.085 0.007 
 279   (0.088) 0.007 0.096 0.084 
 283   (0.063) 0.003 0.047 0.176 
 291   (0.043) 0.014 0.033 0.003 
 271   (0.033) 0.002 0.035 0.002 

Locus 4 : Rsu6 
5 alleles
0.0% missing data
 120   (0.250) 0.323 0.228 0.219 
 126   (0.597) 0.515 0.630 0.770 
 124   (0.079) 0.151 0.067 0.006 
 130   (0.046) 0.002 0.063 0.003 
 114   (0.028) 0.009 0.012 0.002 

Locus 5 : Scv23 
3 alleles
0.8% missing data
 158   (0.487) 0.556 0.473 0.626 
 164   (0.242) 0.191 0.266 0.117 
 160   (0.272) 0.253 0.261 0.257 

Locus 6 : Scv13 
5 alleles
0.0% missing data
 182   (0.694) 0.891 0.695 0.806 
 180   (0.093) 0.089 0.103 0.006 
 172   (0.076) 0.004 0.064 0.129 
 184   (0.086) 0.014 0.103 0.012 
 174   (0.051) 0.002 0.035 0.047 

Locus 7 : Scv32 
18 alleles
0.8% missing data
 236   (0.046) 0.002 0.099 0.003 
 238   (0.048) 0.002 0.040 0.091 
 234   (0.098) 0.151 0.066 0.381 
 246   (0.040) 0.178 0.018 0.009 
 248   (0.104) 0.154 0.143 0.020 
 262   (0.094) 0.152 0.083 0.066 
 232   (0.195) 0.120 0.285 0.204 
 250   (0.034) 0.072 0.017 0.004 
 228   (0.027) 0.001 0.034 0.002 
 220   (0.035) 0.113 0.020 0.002 
 264   (0.063) 0.024 0.054 0.032 
 252   (0.037) 0.008 0.017 0.061 
 254   (0.040) 0.002 0.028 0.069 
 242   (0.029) 0.001 0.035 0.002 
 266   (0.028) 0.002 0.014 0.028 
 244   (0.034) 0.008 0.016 0.021 
 226   (0.022) 0.008 0.010 0.002 
 240   (0.023) 0.001 0.021 0.002 

Locus 8 : Scv8 
6 alleles
0.8% missing data
 200   (0.616) 0.769 0.660 0.598 
 202   (0.103) 0.005 0.130 0.077 
 194   (0.085) 0.102 0.047 0.073 
 204   (0.053) 0.047 0.039 0.004 
 198   (0.083) 0.074 0.084 0.007 
 188   (0.061) 0.003 0.039 0.241 

Locus 9 : Scv9 
5 alleles
0.0% missing data
 198   (0.292) 0.317 0.270 0.456 
 200   (0.368) 0.432 0.440 0.180 
 196   (0.256) 0.198 0.254 0.313 
 204   (0.057) 0.052 0.024 0.041 
 202   (0.027) 0.001 0.011 0.011 

Locus 10 : Rsu1 
6 alleles
0.0% missing data
 189   (0.357) 0.185 0.467 0.213 
 185   (0.241) 0.184 0.213 0.499 
 177   (0.083) 0.068 0.057 0.035 
 181   (0.244) 0.301 0.230 0.248 
 193   (0.038) 0.151 0.017 0.003 
 197   (0.036) 0.110 0.015 0.002 

Locus 11 : Scv14 
7 alleles
4.5% missing data
 196   (0.462) 0.849 0.436 0.617 
 198   (0.095) 0.005 0.112 0.089 
 194   (0.157) 0.064 0.172 0.090 
 202   (0.204) 0.073 0.227 0.193 
 204   (0.027) 0.001 0.022 0.002 
 190   (0.027) 0.007 0.015 0.002 
 200   (0.028) 0.001 0.017 0.006 

Locus 12 : Scv16 
7 alleles
0.0% missing data
 182   (0.358) 0.513 0.335 0.493 
 184   (0.435) 0.411 0.493 0.388 
 188   (0.088) 0.070 0.104 0.006 
 200   (0.027) 0.001 0.022 0.002 
 198   (0.034) 0.002 0.014 0.069 
 190   (0.032) 0.002 0.013 0.040 
 186   (0.027) 0.001 0.021 0.003 

Locus 13 : Scv31 
15 alleles
3.0% missing data
 193   (0.135) 0.151 0.129 0.142 
 201   (0.116) 0.053 0.169 0.026 
 187   (0.067) 0.230 0.037 0.050 
 207   (0.033) 0.138 0.013 0.002 
 195   (0.057) 0.065 0.025 0.097 
 185   (0.145) 0.095 0.140 0.303 
 189   (0.088) 0.035 0.154 0.006 
 205   (0.025) 0.001 0.021 0.002 
 191   (0.112) 0.187 0.081 0.259 
 197   (0.038) 0.010 0.018 0.061 
 199   (0.055) 0.003 0.057 0.042 
 203   (0.035) 0.002 0.048 0.002 
 209   (0.030) 0.002 0.035 0.002 
 213   (0.038) 0.002 0.061 0.003 
 181   (0.027) 0.027 0.011 0.002 

Locus 14 : Scv6 
8 alleles
0.0% missing data
 191   (0.138) 0.133 0.183 0.014 
 195   (0.330) 0.538 0.303 0.440 
 197   (0.175) 0.285 0.132 0.242 
 201   (0.100) 0.005 0.139 0.056 
 205   (0.033) 0.002 0.036 0.002 
 193   (0.093) 0.006 0.099 0.134 
 199   (0.097) 0.030 0.073 0.109 
 181   (0.033) 0.002 0.036 0.002 

Values of parameters used in structure:
DATAFILE=M:\STRUCTURE\Squirrel_133_ID_14L_20250816\project_data,	OUTFILE=M:\STRUCTURE\Squirrel_133_ID_14L_20250816\10k_Burnin_100k_MCMC\Results\10k_Burnin_100k_MCMC_run_75,	NUMINDS=133,	NUMLOCI=14,	MISSING=-9,	LABEL=1,	POPDATA=1,	POPFLAG=0,	PHENOTYPE=0,	EXTRACOLS=1,	MAXPOPS=3,	BURNIN=10000,	NUMREPS=100000,	USEPOPINFO=0,	INFERALPHA=1,	INFERLAMBDA=1,	POPSPECIFICLAMBDA=0,	POPALPHAS=0,	COMPUTEPROB=1,	NOADMIX=0,	ADMBURNIN=2500,	UPDATEFREQ=1,	PRINTLIKES=0,	INTERMEDSAVE=0,	PRINTKLD=0,	PRINTNET=0,	PRINTLAMBDA=0,	ANCESTDIST=1,	NUMBOXES=1000,	ANCESTPINT=0.90000,	GENSBACK=2,	MIGRPRIOR=0.05000,	PRINTQHAT=1,	PRINTQSUM=0,	ALPHA=1.0000,	FREQSCORR=1,	FPRIORMEAN=0.0100,	FPRIORSD=0.0500,	ONEFST=0,	LAMBDA=1.0000,	UNIFPRIORALPHA=1,	ALPHAMAX=10.0000,	ALPHAPRIORA=1.0000,	ALPHAPRIORB=2.0000,	ALPHAPROPSD=0.0250,	STARTATPOPINFO=0,	RANDOMIZE=1,	LINKAGE=0,	METROFREQ=10,	REPORTHITRATE=0,	MARKOVPHASE=-1,	PHASED=0,	PLOIDY=2,	PHASEINFO=0	LOCPRIOR=0, 	LOCPRIORINIT=1.000000, 	LOCDATA=0, 	LOCISPOP=0, 	LOCPRIORSTEP=0.100000, 	MAXLOCPRIOR=20.000000, 	SEED=1763713790,	
[STRAT parameters]:    NUMSIMSTATS=1000,	PHENOTYPECOL=-9,	POOLFREQ=10,	LOCUSxONLY=0,	EMERROR=0.00100,	MISSINGPHENO=-9,	