

----------------------------------------------------
STRUCTURE by Pritchard, Stephens and Donnelly (2000)
     and Falush, Stephens and Pritchard (2003)
       Code by Pritchard, Falush and Hubisz
             Version 2.3.4 (Jul 2012)
----------------------------------------------------



Command line arguments:   bin\structure -m M:\STRUCTURE\Squirrel_133_ID_14L_20250816\10k_Burnin_100k_MCMC\mainparams -e M:\STRUCTURE\Squirrel_133_ID_14L_20250816\10k_Burnin_100k_MCMC\extraparams 
Input File:    M:\STRUCTURE\Squirrel_133_ID_14L_20250816\project_data

Run parameters:
   133 individuals
   14 loci
   4 populations assumed
   10000 Burn-in period
   100000 Reps


--------------------------------------------
Proportion of membership of each pre-defined
 population in each of the 4 clusters

Given    Inferred Clusters              Number of
 Pop       1      2      3      4      Individuals

  1:     0.195  0.170  0.360  0.276      133
--------------------------------------------

Allele-freq. divergence among pops (Net nucleotide distance),
computed using point estimates of P.

      1       2       3       4      
 1      -    0.0576  0.0425  0.0469  
 2   0.0576     -    0.0747  0.0583  
 3   0.0425  0.0747     -    0.0507  
 4   0.0469  0.0583  0.0507     -    

Average distances (expected heterozygosity) between individuals in same cluster:
cluster  1  : 0.6648 
cluster  2  : 0.4795 
cluster  3  : 0.6074 
cluster  4  : 0.5464 

--------------------------------------------
Estimated Ln Prob of Data   = -4398.1
Mean value of ln likelihood = -4268.5
Variance of ln likelihood   = 259.3
Mean value of alpha         = 0.0439

Mean value of lambda        = 1.0283

Mean value of Fst_1         = 0.0400
Mean value of Fst_2         = 0.2580
Mean value of Fst_3         = 0.1348
Mean value of Fst_4         = 0.1602


Inferred ancestry of individuals:
        Label (%Miss) Pop:  Inferred clusters (and 90% probability intervals)
  1       1*    (0)    1 :  0.953 0.015 0.016 0.016     (0.730,1.000) (0.000,0.098) (0.000,0.105) (0.000,0.103) 
  2        3    (0)    1 :  0.006 0.981 0.007 0.006     (0.000,0.030) (0.893,1.000) (0.000,0.038) (0.000,0.030) 
  3        6    (0)    1 :  0.006 0.968 0.015 0.011     (0.000,0.032) (0.811,1.000) (0.000,0.095) (0.000,0.066) 
  4        8    (0)    1 :  0.011 0.054 0.006 0.929     (0.000,0.063) (0.000,0.359) (0.000,0.031) (0.506,1.000) 
  5       10    (0)    1 :  0.007 0.009 0.005 0.979     (0.000,0.035) (0.000,0.048) (0.000,0.028) (0.881,1.000) 
  6       11    (0)    1 :  0.841 0.030 0.039 0.091     (0.161,1.000) (0.000,0.213) (0.000,0.289) (0.000,0.546) 
  7       12    (0)    1 :  0.011 0.014 0.009 0.967     (0.000,0.057) (0.000,0.081) (0.000,0.047) (0.810,1.000) 
  8       16    (7)    1 :  0.006 0.978 0.005 0.010     (0.000,0.034) (0.874,1.000) (0.000,0.027) (0.000,0.061) 
  9       18    (0)    1 :  0.976 0.009 0.005 0.010     (0.857,1.000) (0.000,0.051) (0.000,0.029) (0.000,0.059) 
 10       19    (0)    1 :  0.910 0.016 0.040 0.034     (0.520,1.000) (0.000,0.100) (0.000,0.289) (0.000,0.254) 
 11       21    (7)    1 :  0.006 0.976 0.007 0.011     (0.000,0.036) (0.860,1.000) (0.000,0.037) (0.000,0.063) 
 12       23    (7)    1 :  0.028 0.060 0.236 0.676     (0.000,0.180) (0.000,0.404) (0.000,0.998) (0.000,1.000) 
 13       24    (7)    1 :  0.313 0.013 0.020 0.654     (0.000,1.000) (0.000,0.080) (0.000,0.138) (0.000,1.000) 
 14       25    (7)    1 :  0.040 0.027 0.029 0.905     (0.000,0.283) (0.000,0.192) (0.000,0.217) (0.548,1.000) 
 15      26*    (0)    1 :  0.018 0.187 0.006 0.789     (0.000,0.121) (0.000,0.852) (0.000,0.030) (0.019,1.000) 
 16       28    (0)    1 :  0.006 0.051 0.006 0.937     (0.000,0.034) (0.000,0.340) (0.000,0.031) (0.635,1.000) 
 17       29    (0)    1 :  0.009 0.007 0.005 0.978     (0.000,0.051) (0.000,0.039) (0.000,0.030) (0.872,1.000) 
 18       30    (0)    1 :  0.085 0.346 0.229 0.340     (0.000,0.743) (0.000,1.000) (0.000,0.870) (0.000,1.000) 
 19       33    (0)    1 :  0.969 0.006 0.020 0.005     (0.816,1.000) (0.000,0.035) (0.000,0.140) (0.000,0.029) 
 20       37    (0)    1 :  0.964 0.011 0.008 0.017     (0.791,1.000) (0.000,0.064) (0.000,0.046) (0.000,0.109) 
 21       38    (0)    1 :  0.973 0.010 0.005 0.013     (0.841,1.000) (0.000,0.061) (0.000,0.026) (0.000,0.077) 
 22       43    (0)    1 :  0.009 0.012 0.007 0.973     (0.000,0.050) (0.000,0.067) (0.000,0.037) (0.840,1.000) 
 23       44    (0)    1 :  0.014 0.398 0.021 0.567     (0.000,0.076) (0.000,0.976) (0.000,0.136) (0.000,1.000) 
 24       48    (0)    1 :  0.976 0.011 0.005 0.008     (0.859,1.000) (0.000,0.066) (0.000,0.029) (0.000,0.044) 
 25       55    (0)    1 :  0.016 0.239 0.026 0.718     (0.000,0.105) (0.000,0.999) (0.000,0.194) (0.000,1.000) 
 26       59    (0)    1 :  0.007 0.980 0.006 0.006     (0.000,0.038) (0.888,1.000) (0.000,0.034) (0.000,0.034) 
 27       60    (0)    1 :  0.199 0.025 0.755 0.021     (0.000,1.000) (0.000,0.184) (0.000,1.000) (0.000,0.122) 
 28       61    (0)    1 :  0.009 0.010 0.973 0.008     (0.000,0.050) (0.000,0.057) (0.843,1.000) (0.000,0.046) 
 29       62    (0)    1 :  0.027 0.015 0.918 0.040     (0.000,0.166) (0.000,0.084) (0.543,1.000) (0.000,0.288) 
 30       65    (0)    1 :  0.967 0.006 0.019 0.007     (0.813,1.000) (0.000,0.033) (0.000,0.137) (0.000,0.042) 
 31       73    (0)    1 :  0.027 0.012 0.869 0.091     (0.000,0.186) (0.000,0.074) (0.460,1.000) (0.000,0.482) 
 32       75    (0)    1 :  0.017 0.009 0.969 0.005     (0.000,0.115) (0.000,0.058) (0.819,1.000) (0.000,0.027) 
 33       76    (0)    1 :  0.005 0.006 0.980 0.009     (0.000,0.027) (0.000,0.033) (0.885,1.000) (0.000,0.051) 
 34       77    (0)    1 :  0.010 0.006 0.976 0.008     (0.000,0.054) (0.000,0.031) (0.861,1.000) (0.000,0.043) 
 35       78    (0)    1 :  0.008 0.006 0.977 0.009     (0.000,0.042) (0.000,0.034) (0.866,1.000) (0.000,0.052) 
 36       79    (0)    1 :  0.015 0.004 0.975 0.006     (0.000,0.103) (0.000,0.021) (0.853,1.000) (0.000,0.036) 
 37       84    (0)    1 :  0.016 0.913 0.034 0.037     (0.000,0.109) (0.582,1.000) (0.000,0.244) (0.000,0.264) 
 38       85    (0)    1 :  0.020 0.052 0.014 0.914     (0.000,0.123) (0.000,0.278) (0.000,0.086) (0.386,1.000) 
 39       86    (0)    1 :  0.025 0.038 0.026 0.911     (0.000,0.169) (0.000,0.147) (0.000,0.197) (0.453,1.000) 
 40       89    (0)    1 :  0.058 0.665 0.076 0.201     (0.000,0.374) (0.000,1.000) (0.000,0.452) (0.000,0.981) 
 41       94    (0)    1 :  0.028 0.009 0.005 0.959     (0.000,0.161) (0.000,0.046) (0.000,0.026) (0.776,1.000) 
 42       95    (0)    1 :  0.012 0.966 0.012 0.011     (0.000,0.066) (0.799,1.000) (0.000,0.071) (0.000,0.059) 
 43       96    (0)    1 :  0.006 0.047 0.007 0.939     (0.000,0.032) (0.000,0.215) (0.000,0.042) (0.701,1.000) 
 44       98    (0)    1 :  0.011 0.008 0.969 0.011     (0.000,0.055) (0.000,0.048) (0.824,1.000) (0.000,0.062) 
 45      102    (0)    1 :  0.949 0.028 0.012 0.011     (0.718,1.000) (0.000,0.207) (0.000,0.079) (0.000,0.065) 
 46      105    (0)    1 :  0.026 0.013 0.952 0.010     (0.000,0.182) (0.000,0.081) (0.735,1.000) (0.000,0.057) 
 47      106    (0)    1 :  0.015 0.126 0.846 0.013     (0.000,0.091) (0.000,0.438) (0.529,1.000) (0.000,0.084) 
 48      108    (0)    1 :  0.083 0.014 0.886 0.016     (0.000,0.507) (0.000,0.091) (0.453,1.000) (0.000,0.111) 
 49      109    (0)    1 :  0.010 0.035 0.930 0.025     (0.000,0.057) (0.000,0.234) (0.672,1.000) (0.000,0.186) 
 50      112    (0)    1 :  0.069 0.041 0.223 0.667     (0.000,0.463) (0.000,0.268) (0.000,0.991) (0.000,1.000) 
 51      115    (0)    1 :  0.932 0.011 0.023 0.034     (0.617,1.000) (0.000,0.065) (0.000,0.141) (0.000,0.251) 
 52      116    (0)    1 :  0.029 0.063 0.017 0.891     (0.000,0.199) (0.000,0.580) (0.000,0.113) (0.070,1.000) 
 53      117    (0)    1 :  0.016 0.821 0.025 0.138     (0.000,0.110) (0.000,1.000) (0.000,0.173) (0.000,0.916) 
 54      129    (0)    1 :  0.008 0.149 0.005 0.838     (0.000,0.042) (0.000,0.941) (0.000,0.027) (0.004,1.000) 
 55      132    (0)    1 :  0.596 0.025 0.299 0.079     (0.000,1.000) (0.000,0.181) (0.000,1.000) (0.000,0.516) 
 56      133    (0)    1 :  0.008 0.008 0.977 0.007     (0.000,0.043) (0.000,0.046) (0.867,1.000) (0.000,0.037) 
 57      137    (7)    1 :  0.012 0.013 0.959 0.015     (0.000,0.060) (0.000,0.078) (0.767,1.000) (0.000,0.097) 
 58      139    (0)    1 :  0.029 0.013 0.950 0.009     (0.000,0.196) (0.000,0.086) (0.722,1.000) (0.000,0.051) 
 59      140    (0)    1 :  0.014 0.025 0.952 0.009     (0.000,0.075) (0.000,0.161) (0.725,1.000) (0.000,0.053) 
 60      142    (0)    1 :  0.008 0.021 0.962 0.009     (0.000,0.043) (0.000,0.143) (0.773,1.000) (0.000,0.054) 
 61      144    (0)    1 :  0.009 0.012 0.974 0.006     (0.000,0.049) (0.000,0.073) (0.848,1.000) (0.000,0.032) 
 62      145    (0)    1 :  0.008 0.016 0.962 0.013     (0.000,0.046) (0.000,0.104) (0.775,1.000) (0.000,0.074) 
 63      147    (0)    1 :  0.008 0.005 0.978 0.009     (0.000,0.044) (0.000,0.027) (0.874,1.000) (0.000,0.052) 
 64      160    (0)    1 :  0.011 0.009 0.006 0.974     (0.000,0.051) (0.000,0.054) (0.000,0.031) (0.855,1.000) 
 65     162*    (0)    1 :  0.006 0.044 0.008 0.942     (0.000,0.033) (0.000,0.177) (0.000,0.041) (0.727,1.000) 
 66      166    (0)    1 :  0.009 0.011 0.973 0.006     (0.000,0.046) (0.000,0.064) (0.848,1.000) (0.000,0.033) 
 67      177    (0)    1 :  0.006 0.005 0.984 0.005     (0.000,0.034) (0.000,0.026) (0.908,1.000) (0.000,0.027) 
 68      178    (0)    1 :  0.012 0.007 0.960 0.020     (0.000,0.064) (0.000,0.044) (0.770,1.000) (0.000,0.142) 
 69      186    (0)    1 :  0.005 0.985 0.004 0.006     (0.000,0.025) (0.915,1.000) (0.000,0.022) (0.000,0.030) 
 70      189    (0)    1 :  0.007 0.048 0.006 0.939     (0.000,0.037) (0.000,0.210) (0.000,0.031) (0.707,1.000) 
 71      190    (0)    1 :  0.019 0.074 0.012 0.895     (0.000,0.122) (0.000,0.533) (0.000,0.074) (0.390,1.000) 
 72      191    (0)    1 :  0.012 0.526 0.060 0.401     (0.000,0.071) (0.000,1.000) (0.000,0.398) (0.000,1.000) 
 73      193    (0)    1 :  0.013 0.061 0.888 0.039     (0.000,0.068) (0.000,0.442) (0.246,1.000) (0.000,0.259) 
 74      202    (0)    1 :  0.087 0.023 0.013 0.877     (0.000,0.491) (0.000,0.147) (0.000,0.079) (0.433,1.000) 
 75      204    (0)    1 :  0.005 0.687 0.005 0.303     (0.000,0.029) (0.000,1.000) (0.000,0.028) (0.000,1.000) 
 76      211    (0)    1 :  0.040 0.018 0.898 0.044     (0.000,0.255) (0.000,0.122) (0.441,1.000) (0.000,0.320) 
 77      216    (0)    1 :  0.007 0.005 0.978 0.010     (0.000,0.036) (0.000,0.028) (0.876,1.000) (0.000,0.054) 
 78      222    (0)    1 :  0.041 0.006 0.925 0.028     (0.000,0.294) (0.000,0.032) (0.555,1.000) (0.000,0.202) 
 79      224    (0)    1 :  0.011 0.052 0.009 0.927     (0.000,0.063) (0.000,0.331) (0.000,0.053) (0.545,1.000) 
 80      226    (0)    1 :  0.010 0.978 0.006 0.006     (0.000,0.055) (0.876,1.000) (0.000,0.033) (0.000,0.032) 
 81      229    (0)    1 :  0.129 0.058 0.078 0.735     (0.000,0.829) (0.000,0.422) (0.000,0.439) (0.000,1.000) 
 82      230    (0)    1 :  0.039 0.091 0.034 0.836     (0.000,0.246) (0.000,0.764) (0.000,0.228) (0.000,1.000) 
 83      232    (0)    1 :  0.043 0.221 0.143 0.594     (0.000,0.302) (0.000,0.780) (0.000,0.685) (0.000,1.000) 
 84      238    (0)    1 :  0.711 0.010 0.248 0.030     (0.013,1.000) (0.000,0.060) (0.000,0.886) (0.000,0.222) 
 85      242    (0)    1 :  0.982 0.007 0.005 0.006     (0.896,1.000) (0.000,0.036) (0.000,0.029) (0.000,0.031) 
 86      243    (0)    1 :  0.899 0.032 0.059 0.010     (0.517,1.000) (0.000,0.240) (0.000,0.401) (0.000,0.060) 
 87      244    (0)    1 :  0.933 0.008 0.044 0.015     (0.642,1.000) (0.000,0.042) (0.000,0.311) (0.000,0.101) 
 88      251    (0)    1 :  0.845 0.014 0.033 0.107     (0.350,1.000) (0.000,0.089) (0.000,0.232) (0.000,0.582) 
 89      266    (0)    1 :  0.313 0.010 0.667 0.010     (0.000,0.999) (0.000,0.061) (0.000,1.000) (0.000,0.057) 
 90      267    (0)    1 :  0.019 0.093 0.868 0.020     (0.000,0.126) (0.000,0.475) (0.480,1.000) (0.000,0.141) 
 91      268    (0)    1 :  0.011 0.006 0.974 0.009     (0.000,0.056) (0.000,0.034) (0.851,1.000) (0.000,0.055) 
 92      270    (0)    1 :  0.009 0.068 0.008 0.914     (0.000,0.050) (0.000,0.697) (0.000,0.048) (0.207,1.000) 
 93      276    (0)    1 :  0.028 0.446 0.145 0.381     (0.000,0.196) (0.000,1.000) (0.000,0.657) (0.000,1.000) 
 94      298    (7)    1 :  0.010 0.012 0.971 0.007     (0.000,0.056) (0.000,0.074) (0.828,1.000) (0.000,0.039) 
 95      306    (0)    1 :  0.038 0.008 0.947 0.007     (0.000,0.241) (0.000,0.048) (0.701,1.000) (0.000,0.037) 
 96      308    (0)    1 :  0.022 0.009 0.945 0.024     (0.000,0.145) (0.000,0.054) (0.695,1.000) (0.000,0.175) 
 97      311    (7)    1 :  0.184 0.012 0.772 0.031     (0.000,1.000) (0.000,0.078) (0.000,1.000) (0.000,0.220) 
 98      323    (0)    1 :  0.008 0.981 0.006 0.006     (0.000,0.042) (0.887,1.000) (0.000,0.030) (0.000,0.033) 
 99      327    (0)    1 :  0.016 0.032 0.010 0.942     (0.000,0.106) (0.000,0.201) (0.000,0.059) (0.691,1.000) 
100      334    (0)    1 :  0.971 0.004 0.016 0.009     (0.829,1.000) (0.000,0.022) (0.000,0.109) (0.000,0.047) 
101      338    (0)    1 :  0.024 0.024 0.919 0.033     (0.000,0.136) (0.000,0.163) (0.553,1.000) (0.000,0.232) 
102      341    (0)    1 :  0.010 0.972 0.009 0.009     (0.000,0.056) (0.840,1.000) (0.000,0.047) (0.000,0.045) 
103      346    (0)    1 :  0.021 0.038 0.901 0.040     (0.000,0.108) (0.000,0.271) (0.455,1.000) (0.000,0.290) 
104      348    (0)    1 :  0.013 0.006 0.974 0.007     (0.000,0.071) (0.000,0.033) (0.852,1.000) (0.000,0.041) 
105      351    (0)    1 :  0.937 0.016 0.029 0.018     (0.656,1.000) (0.000,0.105) (0.000,0.197) (0.000,0.121) 
106      362    (0)    1 :  0.007 0.248 0.007 0.738     (0.000,0.035) (0.000,1.000) (0.000,0.036) (0.000,1.000) 
107      364    (0)    1 :  0.969 0.010 0.014 0.007     (0.821,1.000) (0.000,0.062) (0.000,0.081) (0.000,0.041) 
108      366    (0)    1 :  0.949 0.018 0.019 0.015     (0.705,1.000) (0.000,0.114) (0.000,0.122) (0.000,0.091) 
109      376    (0)    1 :  0.007 0.962 0.009 0.022     (0.000,0.036) (0.782,1.000) (0.000,0.058) (0.000,0.155) 
110      377    (7)    1 :  0.012 0.025 0.034 0.929     (0.000,0.065) (0.000,0.159) (0.000,0.240) (0.613,1.000) 
111      378    (0)    1 :  0.007 0.024 0.021 0.948     (0.000,0.036) (0.000,0.163) (0.000,0.142) (0.716,1.000) 
112      388    (0)    1 :  0.030 0.012 0.926 0.032     (0.000,0.210) (0.000,0.075) (0.605,1.000) (0.000,0.241) 
113      391    (0)    1 :  0.030 0.670 0.130 0.170     (0.000,0.218) (0.000,1.000) (0.000,0.765) (0.000,0.636) 
114      401    (0)    1 :  0.473 0.173 0.121 0.234     (0.000,1.000) (0.000,0.730) (0.000,0.600) (0.000,0.747) 
115      406    (0)    1 :  0.087 0.160 0.728 0.025     (0.000,0.741) (0.000,0.800) (0.000,1.000) (0.000,0.175) 
116      412    (7)    1 :  0.028 0.032 0.880 0.060     (0.000,0.166) (0.000,0.226) (0.340,1.000) (0.000,0.452) 
117      413    (0)    1 :  0.061 0.006 0.898 0.035     (0.000,0.382) (0.000,0.030) (0.484,1.000) (0.000,0.256) 
118      421    (0)    1 :  0.028 0.076 0.069 0.827     (0.000,0.195) (0.000,0.512) (0.000,0.424) (0.043,1.000) 
119      423    (0)    1 :  0.060 0.055 0.052 0.833     (0.000,0.437) (0.000,0.332) (0.000,0.386) (0.000,1.000) 
120      424    (0)    1 :  0.036 0.502 0.437 0.026     (0.000,0.239) (0.000,1.000) (0.000,1.000) (0.000,0.157) 
121      426    (0)    1 :  0.029 0.144 0.041 0.786     (0.000,0.187) (0.000,0.780) (0.000,0.288) (0.021,1.000) 
122      430    (7)    1 :  0.008 0.029 0.950 0.014     (0.000,0.040) (0.000,0.197) (0.702,1.000) (0.000,0.077) 
123      435    (0)    1 :  0.005 0.005 0.977 0.013     (0.000,0.024) (0.000,0.029) (0.865,1.000) (0.000,0.078) 
124      476    (0)    1 :  0.030 0.904 0.012 0.054     (0.000,0.207) (0.563,1.000) (0.000,0.074) (0.000,0.363) 
125      478    (0)    1 :  0.030 0.804 0.012 0.154     (0.000,0.213) (0.318,1.000) (0.000,0.076) (0.000,0.660) 
126      484    (0)    1 :  0.008 0.013 0.971 0.008     (0.000,0.042) (0.000,0.088) (0.829,1.000) (0.000,0.045) 
127      489    (0)    1 :  0.008 0.010 0.063 0.920     (0.000,0.039) (0.000,0.056) (0.000,0.460) (0.505,1.000) 
128      492   (14)    1 :  0.966 0.005 0.021 0.008     (0.797,1.000) (0.000,0.029) (0.000,0.142) (0.000,0.043) 
129      493    (0)    1 :  0.973 0.006 0.009 0.011     (0.842,1.000) (0.000,0.036) (0.000,0.056) (0.000,0.067) 
130      494    (0)    1 :  0.939 0.013 0.008 0.040     (0.655,1.000) (0.000,0.081) (0.000,0.046) (0.000,0.295) 
131      500    (0)    1 :  0.012 0.231 0.005 0.751     (0.000,0.067) (0.000,1.000) (0.000,0.025) (0.000,1.000) 
132      504    (0)    1 :  0.105 0.012 0.800 0.083     (0.000,0.577) (0.000,0.074) (0.308,1.000) (0.000,0.447) 
133      506    (0)    1 :  0.010 0.127 0.822 0.041     (0.000,0.054) (0.000,0.552) (0.398,1.000) (0.000,0.313) 


Estimated Allele Frequencies in each cluster
First column gives estimated ancestral frequencies


Locus 1 : Rsu5 
5 alleles
0.0% missing data
 137   (0.697) 0.664 0.952 0.697 0.921 
 135   (0.105) 0.101 0.033 0.045 0.030 
 139   (0.130) 0.198 0.011 0.039 0.044 
 133   (0.028) 0.022 0.002 0.002 0.002 
 131   (0.040) 0.014 0.003 0.218 0.003 

Locus 2 : Scv1 
5 alleles
0.0% missing data
 181   (0.556) 0.629 0.926 0.343 0.635 
 179   (0.186) 0.201 0.022 0.219 0.130 
 177   (0.109) 0.064 0.031 0.180 0.083 
 185   (0.117) 0.069 0.019 0.255 0.149 
 171   (0.032) 0.036 0.002 0.002 0.003 

Locus 3 : Rsu4 
9 alleles
0.0% missing data
 267   (0.224) 0.297 0.142 0.088 0.204 
 263   (0.300) 0.262 0.513 0.420 0.443 
 259   (0.054) 0.019 0.206 0.004 0.155 
 287   (0.167) 0.134 0.121 0.211 0.150 
 275   (0.047) 0.088 0.003 0.006 0.003 
 279   (0.080) 0.093 0.006 0.086 0.012 
 283   (0.057) 0.044 0.004 0.181 0.004 
 291   (0.040) 0.028 0.003 0.003 0.026 
 271   (0.031) 0.036 0.002 0.002 0.002 

Locus 4 : Rsu6 
5 alleles
0.0% missing data
 120   (0.259) 0.223 0.267 0.215 0.363 
 126   (0.584) 0.637 0.582 0.773 0.474 
 124   (0.090) 0.064 0.146 0.008 0.147 
 130   (0.040) 0.066 0.003 0.003 0.003 
 114   (0.027) 0.010 0.003 0.002 0.013 

Locus 5 : Scv23 
3 alleles
0.8% missing data
 158   (0.491) 0.465 0.419 0.627 0.639 
 164   (0.228) 0.270 0.389 0.109 0.079 
 160   (0.281) 0.265 0.192 0.264 0.282 

Locus 6 : Scv13 
5 alleles
0.0% missing data
 182   (0.706) 0.693 0.813 0.800 0.939 
 180   (0.100) 0.109 0.152 0.007 0.045 
 172   (0.071) 0.062 0.006 0.131 0.005 
 184   (0.077) 0.105 0.025 0.012 0.007 
 174   (0.046) 0.031 0.003 0.050 0.003 

Locus 7 : Scv32 
18 alleles
0.8% missing data
 236   (0.039) 0.106 0.003 0.003 0.003 
 238   (0.048) 0.041 0.003 0.092 0.004 
 234   (0.109) 0.066 0.314 0.388 0.051 
 246   (0.050) 0.018 0.273 0.007 0.111 
 248   (0.087) 0.136 0.010 0.014 0.246 
 262   (0.090) 0.074 0.031 0.066 0.218 
 232   (0.195) 0.303 0.158 0.206 0.093 
 250   (0.036) 0.014 0.013 0.004 0.109 
 228   (0.027) 0.035 0.002 0.002 0.002 
 220   (0.047) 0.021 0.099 0.003 0.114 
 264   (0.063) 0.054 0.057 0.028 0.013 
 252   (0.036) 0.014 0.004 0.062 0.011 
 254   (0.041) 0.028 0.003 0.071 0.003 
 242   (0.027) 0.036 0.002 0.002 0.002 
 266   (0.028) 0.012 0.002 0.029 0.002 
 244   (0.034) 0.014 0.003 0.020 0.014 
 226   (0.022) 0.008 0.022 0.002 0.002 
 240   (0.023) 0.021 0.001 0.002 0.002 

Locus 8 : Scv8 
6 alleles
0.8% missing data
 200   (0.626) 0.670 0.846 0.591 0.721 
 202   (0.089) 0.132 0.006 0.078 0.007 
 194   (0.104) 0.050 0.128 0.074 0.084 
 204   (0.048) 0.031 0.005 0.004 0.076 
 198   (0.075) 0.081 0.011 0.006 0.108 
 188   (0.058) 0.036 0.004 0.248 0.004 

Locus 9 : Scv9 
5 alleles
0.0% missing data
 198   (0.309) 0.277 0.409 0.461 0.265 
 200   (0.372) 0.450 0.391 0.174 0.450 
 196   (0.243) 0.247 0.055 0.319 0.279 
 204   (0.050) 0.018 0.144 0.036 0.004 
 202   (0.027) 0.009 0.002 0.011 0.002 

Locus 10 : Rsu1 
6 alleles
0.0% missing data
 189   (0.312) 0.470 0.421 0.202 0.066 
 185   (0.258) 0.217 0.188 0.505 0.181 
 177   (0.081) 0.054 0.014 0.035 0.096 
 181   (0.245) 0.222 0.084 0.250 0.434 
 193   (0.055) 0.020 0.083 0.004 0.179 
 197   (0.048) 0.017 0.210 0.003 0.045 

Locus 11 : Scv14 
7 alleles
4.5% missing data
 196   (0.493) 0.439 0.911 0.607 0.807 
 198   (0.085) 0.114 0.006 0.089 0.008 
 194   (0.147) 0.174 0.025 0.094 0.082 
 202   (0.195) 0.225 0.052 0.200 0.086 
 204   (0.027) 0.022 0.002 0.002 0.002 
 190   (0.027) 0.011 0.002 0.002 0.013 
 200   (0.027) 0.015 0.002 0.007 0.002 

Locus 12 : Scv16 
7 alleles
0.0% missing data
 182   (0.370) 0.329 0.260 0.498 0.655 
 184   (0.425) 0.498 0.704 0.380 0.249 
 188   (0.089) 0.110 0.028 0.006 0.088 
 200   (0.027) 0.022 0.002 0.002 0.002 
 198   (0.033) 0.011 0.002 0.070 0.003 
 190   (0.030) 0.010 0.002 0.041 0.002 
 186   (0.026) 0.020 0.002 0.003 0.002 

Locus 13 : Scv31 
15 alleles
3.0% missing data
 193   (0.129) 0.123 0.021 0.142 0.243 
 201   (0.116) 0.180 0.026 0.026 0.069 
 187   (0.082) 0.034 0.287 0.042 0.191 
 207   (0.032) 0.011 0.324 0.002 0.011 
 195   (0.058) 0.022 0.014 0.097 0.097 
 185   (0.137) 0.137 0.209 0.304 0.031 
 189   (0.076) 0.158 0.005 0.005 0.058 
 205   (0.023) 0.021 0.002 0.002 0.002 
 191   (0.132) 0.080 0.080 0.267 0.245 
 197   (0.040) 0.016 0.013 0.061 0.009 
 199   (0.054) 0.059 0.004 0.043 0.004 
 203   (0.032) 0.050 0.002 0.002 0.002 
 209   (0.029) 0.036 0.002 0.002 0.002 
 213   (0.034) 0.064 0.002 0.002 0.002 
 181   (0.027) 0.010 0.010 0.002 0.034 

Locus 14 : Scv6 
8 alleles
0.0% missing data
 191   (0.117) 0.178 0.012 0.012 0.208 
 195   (0.355) 0.304 0.653 0.429 0.477 
 197   (0.196) 0.132 0.276 0.247 0.278 
 201   (0.089) 0.144 0.006 0.056 0.007 
 205   (0.032) 0.037 0.002 0.002 0.002 
 193   (0.083) 0.097 0.006 0.137 0.007 
 199   (0.096) 0.074 0.042 0.114 0.018 
 181   (0.032) 0.036 0.002 0.002 0.002 

Values of parameters used in structure:
DATAFILE=M:\STRUCTURE\Squirrel_133_ID_14L_20250816\project_data,	OUTFILE=M:\STRUCTURE\Squirrel_133_ID_14L_20250816\10k_Burnin_100k_MCMC\Results\10k_Burnin_100k_MCMC_run_82,	NUMINDS=133,	NUMLOCI=14,	MISSING=-9,	LABEL=1,	POPDATA=1,	POPFLAG=0,	PHENOTYPE=0,	EXTRACOLS=1,	MAXPOPS=4,	BURNIN=10000,	NUMREPS=100000,	USEPOPINFO=0,	INFERALPHA=1,	INFERLAMBDA=1,	POPSPECIFICLAMBDA=0,	POPALPHAS=0,	COMPUTEPROB=1,	NOADMIX=0,	ADMBURNIN=2500,	UPDATEFREQ=1,	PRINTLIKES=0,	INTERMEDSAVE=0,	PRINTKLD=0,	PRINTNET=0,	PRINTLAMBDA=0,	ANCESTDIST=1,	NUMBOXES=1000,	ANCESTPINT=0.90000,	GENSBACK=2,	MIGRPRIOR=0.05000,	PRINTQHAT=1,	PRINTQSUM=0,	ALPHA=1.0000,	FREQSCORR=1,	FPRIORMEAN=0.0100,	FPRIORSD=0.0500,	ONEFST=0,	LAMBDA=1.0000,	UNIFPRIORALPHA=1,	ALPHAMAX=10.0000,	ALPHAPRIORA=1.0000,	ALPHAPRIORB=2.0000,	ALPHAPROPSD=0.0250,	STARTATPOPINFO=0,	RANDOMIZE=1,	LINKAGE=0,	METROFREQ=10,	REPORTHITRATE=0,	MARKOVPHASE=-1,	PHASED=0,	PLOIDY=2,	PHASEINFO=0	LOCPRIOR=0, 	LOCPRIORINIT=1.000000, 	LOCDATA=0, 	LOCISPOP=0, 	LOCPRIORSTEP=0.100000, 	MAXLOCPRIOR=20.000000, 	SEED=1763714211,	
[STRAT parameters]:    NUMSIMSTATS=1000,	PHENOTYPECOL=-9,	POOLFREQ=10,	LOCUSxONLY=0,	EMERROR=0.00100,	MISSINGPHENO=-9,	