          1*  1 0.9678 0.0153 0.0169 
           3  1 0.0089 0.0112 0.9800 
           6  1 0.0071 0.0240 0.9690 
           8  1 0.0141 0.0060 0.9799 
          10  1 0.0109 0.0057 0.9834 
          11  1 0.8534 0.0316 0.1150 
          12  1 0.0150 0.0104 0.9746 
          16  1 0.0090 0.0061 0.9849 
          18  1 0.9845 0.0051 0.0104 
          19  1 0.9369 0.0385 0.0246 
          21  1 0.0090 0.0089 0.9821 
          23  1 0.0282 0.2362 0.7357 
          24  1 0.6089 0.0174 0.3736 
          25  1 0.0449 0.0363 0.9188 
         26*  1 0.0158 0.0048 0.9794 
          28  1 0.0062 0.0054 0.9884 
          29  1 0.0268 0.0063 0.9669 
          30  1 0.1028 0.2093 0.6879 
          33  1 0.9780 0.0167 0.0054 
          37  1 0.9755 0.0077 0.0168 
          38  1 0.9821 0.0045 0.0134 
          43  1 0.0161 0.0072 0.9766 
          44  1 0.0069 0.0090 0.9842 
          48  1 0.9862 0.0049 0.0089 
          55  1 0.0090 0.0155 0.9755 
          59  1 0.0117 0.0084 0.9799 
          60  1 0.1538 0.8272 0.0191 
          61  1 0.0069 0.9847 0.0084 
          62  1 0.0349 0.9095 0.0556 
          65  1 0.9798 0.0140 0.0062 
          73  1 0.0253 0.9234 0.0512 
          75  1 0.0158 0.9788 0.0054 
          76  1 0.0056 0.9877 0.0067 
          77  1 0.0087 0.9844 0.0068 
          78  1 0.0076 0.9852 0.0072 
          79  1 0.0173 0.9783 0.0043 
          84  1 0.0118 0.0263 0.9619 
          85  1 0.0423 0.0162 0.9415 
          86  1 0.1030 0.0430 0.8539 
          89  1 0.0206 0.0230 0.9564 
          94  1 0.0869 0.0051 0.9080 
          95  1 0.0256 0.0218 0.9526 
          96  1 0.0069 0.0094 0.9838 
          98  1 0.0101 0.9808 0.0091 
         102  1 0.9701 0.0117 0.0182 
         105  1 0.0243 0.9662 0.0095 
         106  1 0.0315 0.9007 0.0678 
         108  1 0.0779 0.9068 0.0153 
         109  1 0.0106 0.9680 0.0214 
         112  1 0.0723 0.2244 0.7032 
         115  1 0.9585 0.0185 0.0231 
         116  1 0.0383 0.0182 0.9434 
         117  1 0.0088 0.0206 0.9707 
         129  1 0.0057 0.0043 0.9901 
         132  1 0.5579 0.3806 0.0615 
         133  1 0.0076 0.9859 0.0065 
         137  1 0.0085 0.9777 0.0138 
         139  1 0.0294 0.9614 0.0093 
         140  1 0.0119 0.9756 0.0125 
         142  1 0.0074 0.9808 0.0117 
         144  1 0.0078 0.9857 0.0065 
         145  1 0.0100 0.9740 0.0160 
         147  1 0.0076 0.9861 0.0063 
         160  1 0.0190 0.0062 0.9748 
        162*  1 0.0074 0.0091 0.9835 
         166  1 0.0074 0.9866 0.0060 
         177  1 0.0064 0.9890 0.0046 
         178  1 0.0106 0.9769 0.0125 
         186  1 0.0082 0.0075 0.9843 
         189  1 0.0089 0.0068 0.9843 
         190  1 0.0114 0.0088 0.9798 
         191  1 0.0067 0.0134 0.9799 
         193  1 0.0118 0.8893 0.0990 
         202  1 0.2392 0.0213 0.7394 
         204  1 0.0043 0.0040 0.9917 
         211  1 0.0380 0.9372 0.0248 
         216  1 0.0061 0.9876 0.0063 
         222  1 0.0623 0.9262 0.0115 
         224  1 0.0129 0.0109 0.9762 
         226  1 0.0572 0.0121 0.9307 
         229  1 0.1485 0.0408 0.8107 
         230  1 0.0439 0.0360 0.9201 
         232  1 0.0218 0.0516 0.9266 
         238  1 0.8055 0.1784 0.0161 
         242  1 0.9902 0.0044 0.0054 
         243  1 0.9239 0.0566 0.0194 
         244  1 0.9509 0.0376 0.0114 
         251  1 0.9213 0.0287 0.0500 
         266  1 0.3475 0.6435 0.0090 
         267  1 0.0198 0.9427 0.0375 
         268  1 0.0082 0.9846 0.0072 
         270  1 0.0112 0.0085 0.9803 
         276  1 0.0122 0.0321 0.9557 
         298  1 0.0089 0.9835 0.0076 
         306  1 0.0275 0.9658 0.0066 
         308  1 0.0206 0.9650 0.0145 
         311  1 0.2103 0.7683 0.0214 
         323  1 0.0163 0.0123 0.9714 
         327  1 0.0136 0.0088 0.9775 
         334  1 0.9807 0.0140 0.0054 
         338  1 0.0208 0.9419 0.0374 
         341  1 0.0327 0.0273 0.9401 
         346  1 0.0141 0.9391 0.0468 
         348  1 0.0109 0.9828 0.0062 
         351  1 0.9488 0.0337 0.0175 
         362  1 0.0053 0.0055 0.9892 
         364  1 0.9797 0.0130 0.0073 
         366  1 0.9665 0.0178 0.0157 
         376  1 0.0077 0.0068 0.9855 
         377  1 0.0258 0.0878 0.8863 
         378  1 0.0068 0.0128 0.9804 
         388  1 0.0239 0.9550 0.0211 
         391  1 0.0332 0.1976 0.7693 
         401  1 0.4818 0.0817 0.4365 
         406  1 0.0835 0.8460 0.0705 
         412  1 0.0276 0.8945 0.0779 
         413  1 0.0672 0.9191 0.0137 
         421  1 0.0230 0.0476 0.9295 
         423  1 0.0937 0.0690 0.8373 
         424  1 0.0420 0.7843 0.1737 
         426  1 0.0162 0.0198 0.9640 
         430  1 0.0073 0.9744 0.0184 
         435  1 0.0044 0.9874 0.0082 
         476  1 0.0203 0.0061 0.9735 
         478  1 0.0082 0.0065 0.9853 
         484  1 0.0077 0.9834 0.0088 
         489  1 0.0152 0.2485 0.7363 
         492  1 0.9769 0.0168 0.0063 
         493  1 0.9833 0.0083 0.0083 
         494  1 0.9701 0.0072 0.0227 
         500  1 0.0077 0.0043 0.9881 
         504  1 0.1135 0.8240 0.0625 
         506  1 0.0088 0.9271 0.0641 
