

----------------------------------------------------
STRUCTURE by Pritchard, Stephens and Donnelly (2000)
     and Falush, Stephens and Pritchard (2003)
       Code by Pritchard, Falush and Hubisz
             Version 2.3.4 (Jul 2012)
----------------------------------------------------



Command line arguments:   bin\structure -m M:\STRUCTURE\Squirrel_133_ID_14L_20250816\10k_Burnin_100k_MCMC\mainparams -e M:\STRUCTURE\Squirrel_133_ID_14L_20250816\10k_Burnin_100k_MCMC\extraparams 
Input File:    M:\STRUCTURE\Squirrel_133_ID_14L_20250816\project_data

Run parameters:
   133 individuals
   14 loci
   2 populations assumed
   10000 Burn-in period
   100000 Reps


--------------------------------------------
Proportion of membership of each pre-defined
 population in each of the 2 clusters

Given    Inferred Clusters       Number of
 Pop       1      2             Individuals

  1:     0.525  0.475             133
--------------------------------------------

Allele-freq. divergence among pops (Net nucleotide distance),
computed using point estimates of P.

      1       2      
 1      -    0.0306  
 2   0.0306     -    

Average distances (expected heterozygosity) between individuals in same cluster:
cluster  1  : 0.6466 
cluster  2  : 0.5588 

--------------------------------------------
Estimated Ln Prob of Data   = -4638.0
Mean value of ln likelihood = -4571.8
Variance of ln likelihood   = 132.6
Mean value of alpha         = 0.0483

Mean value of lambda        = 0.9713

Mean value of Fst_1         = 0.0360
Mean value of Fst_2         = 0.1191


Inferred ancestry of individuals:
        Label (%Miss) Pop:  Inferred clusters (and 90% probability intervals)
  1       1*    (0)    1 :  0.943 0.057     (0.571,1.000) (0.000,0.429) 
  2        3    (0)    1 :  0.013 0.987     (0.000,0.078) (0.922,1.000) 
  3        6    (0)    1 :  0.023 0.977     (0.000,0.141) (0.859,1.000) 
  4        8    (0)    1 :  0.011 0.989     (0.000,0.062) (0.938,1.000) 
  5       10    (0)    1 :  0.008 0.992     (0.000,0.046) (0.954,1.000) 
  6       11    (0)    1 :  0.476 0.524     (0.000,1.000) (0.000,1.000) 
  7       12    (0)    1 :  0.014 0.986     (0.000,0.072) (0.928,1.000) 
  8       16    (7)    1 :  0.009 0.991     (0.000,0.049) (0.951,1.000) 
  9       18    (0)    1 :  0.684 0.316     (0.000,1.000) (0.000,1.000) 
 10       19    (0)    1 :  0.921 0.079     (0.345,1.000) (0.000,0.655) 
 11       21    (7)    1 :  0.011 0.989     (0.000,0.064) (0.936,1.000) 
 12       23    (7)    1 :  0.217 0.783     (0.000,1.000) (0.000,1.000) 
 13       24    (7)    1 :  0.175 0.825     (0.000,1.000) (0.000,1.000) 
 14       25    (7)    1 :  0.040 0.960     (0.000,0.292) (0.708,1.000) 
 15      26*    (0)    1 :  0.008 0.992     (0.000,0.045) (0.955,1.000) 
 16       28    (0)    1 :  0.007 0.993     (0.000,0.042) (0.958,1.000) 
 17       29    (0)    1 :  0.011 0.989     (0.000,0.060) (0.940,1.000) 
 18       30    (0)    1 :  0.329 0.671     (0.000,1.000) (0.000,1.000) 
 19       33    (0)    1 :  0.990 0.010     (0.946,1.000) (0.000,0.054) 
 20       37    (0)    1 :  0.662 0.338     (0.000,1.000) (0.000,1.000) 
 21       38    (0)    1 :  0.619 0.381     (0.000,1.000) (0.000,1.000) 
 22       43    (0)    1 :  0.011 0.989     (0.000,0.069) (0.931,1.000) 
 23       44    (0)    1 :  0.010 0.990     (0.000,0.056) (0.944,1.000) 
 24       48    (0)    1 :  0.689 0.311     (0.000,1.000) (0.000,1.000) 
 25       55    (0)    1 :  0.016 0.984     (0.000,0.107) (0.893,1.000) 
 26       59    (0)    1 :  0.012 0.988     (0.000,0.071) (0.929,1.000) 
 27       60    (0)    1 :  0.983 0.017     (0.890,1.000) (0.000,0.110) 
 28       61    (0)    1 :  0.986 0.014     (0.918,1.000) (0.000,0.082) 
 29       62    (0)    1 :  0.866 0.134     (0.000,1.000) (0.000,1.000) 
 30       65    (0)    1 :  0.893 0.107     (0.255,1.000) (0.000,0.745) 
 31       73    (0)    1 :  0.952 0.048     (0.657,1.000) (0.000,0.343) 
 32       75    (0)    1 :  0.994 0.006     (0.963,1.000) (0.000,0.037) 
 33       76    (0)    1 :  0.989 0.011     (0.938,1.000) (0.000,0.062) 
 34       77    (0)    1 :  0.989 0.011     (0.938,1.000) (0.000,0.062) 
 35       78    (0)    1 :  0.990 0.010     (0.944,1.000) (0.000,0.056) 
 36       79    (0)    1 :  0.994 0.006     (0.967,1.000) (0.000,0.033) 
 37       84    (0)    1 :  0.022 0.978     (0.000,0.157) (0.843,1.000) 
 38       85    (0)    1 :  0.031 0.969     (0.000,0.210) (0.790,1.000) 
 39       86    (0)    1 :  0.077 0.923     (0.000,0.498) (0.502,1.000) 
 40       89    (0)    1 :  0.024 0.976     (0.000,0.157) (0.843,1.000) 
 41       94    (0)    1 :  0.017 0.983     (0.000,0.081) (0.919,1.000) 
 42       95    (0)    1 :  0.026 0.974     (0.000,0.174) (0.826,1.000) 
 43       96    (0)    1 :  0.011 0.989     (0.000,0.066) (0.934,1.000) 
 44       98    (0)    1 :  0.986 0.014     (0.915,1.000) (0.000,0.085) 
 45      102    (0)    1 :  0.688 0.312     (0.000,1.000) (0.000,1.000) 
 46      105    (0)    1 :  0.990 0.010     (0.944,1.000) (0.000,0.056) 
 47      106    (0)    1 :  0.942 0.058     (0.654,1.000) (0.000,0.346) 
 48      108    (0)    1 :  0.987 0.013     (0.918,1.000) (0.000,0.082) 
 49      109    (0)    1 :  0.974 0.026     (0.813,1.000) (0.000,0.187) 
 50      112    (0)    1 :  0.277 0.723     (0.000,1.000) (0.000,1.000) 
 51      115    (0)    1 :  0.692 0.308     (0.000,1.000) (0.000,1.000) 
 52      116    (0)    1 :  0.036 0.964     (0.000,0.257) (0.743,1.000) 
 53      117    (0)    1 :  0.024 0.976     (0.000,0.151) (0.849,1.000) 
 54      129    (0)    1 :  0.006 0.994     (0.000,0.032) (0.968,1.000) 
 55      132    (0)    1 :  0.931 0.069     (0.509,1.000) (0.000,0.491) 
 56      133    (0)    1 :  0.990 0.010     (0.941,1.000) (0.000,0.059) 
 57      137    (7)    1 :  0.967 0.033     (0.788,1.000) (0.000,0.212) 
 58      139    (0)    1 :  0.988 0.012     (0.929,1.000) (0.000,0.071) 
 59      140    (0)    1 :  0.972 0.028     (0.848,1.000) (0.000,0.152) 
 60      142    (0)    1 :  0.977 0.023     (0.847,1.000) (0.000,0.153) 
 61      144    (0)    1 :  0.991 0.009     (0.951,1.000) (0.000,0.049) 
 62      145    (0)    1 :  0.917 0.083     (0.260,1.000) (0.000,0.740) 
 63      147    (0)    1 :  0.992 0.008     (0.955,1.000) (0.000,0.045) 
 64      160    (0)    1 :  0.010 0.990     (0.000,0.052) (0.948,1.000) 
 65     162*    (0)    1 :  0.011 0.989     (0.000,0.065) (0.935,1.000) 
 66      166    (0)    1 :  0.989 0.011     (0.935,1.000) (0.000,0.065) 
 67      177    (0)    1 :  0.993 0.007     (0.959,1.000) (0.000,0.041) 
 68      178    (0)    1 :  0.983 0.017     (0.888,1.000) (0.000,0.112) 
 69      186    (0)    1 :  0.010 0.990     (0.000,0.055) (0.945,1.000) 
 70      189    (0)    1 :  0.011 0.989     (0.000,0.066) (0.934,1.000) 
 71      190    (0)    1 :  0.012 0.988     (0.000,0.070) (0.930,1.000) 
 72      191    (0)    1 :  0.015 0.985     (0.000,0.092) (0.908,1.000) 
 73      193    (0)    1 :  0.586 0.414     (0.000,1.000) (0.000,1.000) 
 74      202    (0)    1 :  0.085 0.915     (0.000,0.587) (0.413,1.000) 
 75      204    (0)    1 :  0.005 0.995     (0.000,0.030) (0.970,1.000) 
 76      211    (0)    1 :  0.969 0.031     (0.784,1.000) (0.000,0.216) 
 77      216    (0)    1 :  0.990 0.010     (0.940,1.000) (0.000,0.060) 
 78      222    (0)    1 :  0.988 0.012     (0.934,1.000) (0.000,0.066) 
 79      224    (0)    1 :  0.015 0.985     (0.000,0.085) (0.915,1.000) 
 80      226    (0)    1 :  0.026 0.974     (0.000,0.180) (0.820,1.000) 
 81      229    (0)    1 :  0.131 0.869     (0.000,0.800) (0.200,1.000) 
 82      230    (0)    1 :  0.043 0.957     (0.000,0.268) (0.732,1.000) 
 83      232    (0)    1 :  0.053 0.947     (0.000,0.362) (0.638,1.000) 
 84      238    (0)    1 :  0.977 0.023     (0.837,1.000) (0.000,0.163) 
 85      242    (0)    1 :  0.970 0.030     (0.830,1.000) (0.000,0.170) 
 86      243    (0)    1 :  0.962 0.038     (0.738,1.000) (0.000,0.262) 
 87      244    (0)    1 :  0.979 0.021     (0.859,1.000) (0.000,0.141) 
 88      251    (0)    1 :  0.873 0.127     (0.005,1.000) (0.000,0.995) 
 89      266    (0)    1 :  0.988 0.012     (0.924,1.000) (0.000,0.076) 
 90      267    (0)    1 :  0.966 0.034     (0.750,1.000) (0.000,0.250) 
 91      268    (0)    1 :  0.990 0.010     (0.943,1.000) (0.000,0.057) 
 92      270    (0)    1 :  0.011 0.989     (0.000,0.068) (0.932,1.000) 
 93      276    (0)    1 :  0.028 0.972     (0.000,0.198) (0.802,1.000) 
 94      298    (7)    1 :  0.989 0.011     (0.934,1.000) (0.000,0.066) 
 95      306    (0)    1 :  0.990 0.010     (0.942,1.000) (0.000,0.058) 
 96      308    (0)    1 :  0.985 0.015     (0.904,1.000) (0.000,0.096) 
 97      311    (7)    1 :  0.977 0.023     (0.849,1.000) (0.000,0.151) 
 98      323    (0)    1 :  0.015 0.985     (0.000,0.095) (0.905,1.000) 
 99      327    (0)    1 :  0.012 0.988     (0.000,0.070) (0.930,1.000) 
100      334    (0)    1 :  0.982 0.018     (0.893,1.000) (0.000,0.107) 
101      338    (0)    1 :  0.920 0.080     (0.302,1.000) (0.000,0.698) 
102      341    (0)    1 :  0.038 0.962     (0.000,0.262) (0.738,1.000) 
103      346    (0)    1 :  0.888 0.112     (0.031,1.000) (0.000,0.969) 
104      348    (0)    1 :  0.992 0.008     (0.955,1.000) (0.000,0.045) 
105      351    (0)    1 :  0.951 0.049     (0.646,1.000) (0.000,0.354) 
106      362    (0)    1 :  0.006 0.994     (0.000,0.036) (0.964,1.000) 
107      364    (0)    1 :  0.974 0.026     (0.838,1.000) (0.000,0.162) 
108      366    (0)    1 :  0.927 0.073     (0.458,1.000) (0.000,0.542) 
109      376    (0)    1 :  0.010 0.990     (0.000,0.056) (0.944,1.000) 
110      377    (7)    1 :  0.066 0.934     (0.000,0.441) (0.559,1.000) 
111      378    (0)    1 :  0.013 0.987     (0.000,0.073) (0.927,1.000) 
112      388    (0)    1 :  0.979 0.021     (0.864,1.000) (0.000,0.136) 
113      391    (0)    1 :  0.139 0.861     (0.000,1.000) (0.000,1.000) 
114      401    (0)    1 :  0.351 0.649     (0.000,1.000) (0.000,1.000) 
115      406    (0)    1 :  0.869 0.131     (0.005,1.000) (0.000,0.995) 
116      412    (7)    1 :  0.781 0.219     (0.000,1.000) (0.000,1.000) 
117      413    (0)    1 :  0.977 0.023     (0.851,1.000) (0.000,0.149) 
118      421    (0)    1 :  0.038 0.962     (0.000,0.275) (0.725,1.000) 
119      423    (0)    1 :  0.122 0.878     (0.000,0.999) (0.001,1.000) 
120      424    (0)    1 :  0.751 0.249     (0.000,1.000) (0.000,1.000) 
121      426    (0)    1 :  0.022 0.978     (0.000,0.136) (0.864,1.000) 
122      430    (7)    1 :  0.938 0.062     (0.533,1.000) (0.000,0.467) 
123      435    (0)    1 :  0.980 0.020     (0.865,1.000) (0.000,0.135) 
124      476    (0)    1 :  0.015 0.985     (0.000,0.099) (0.901,1.000) 
125      478    (0)    1 :  0.009 0.991     (0.000,0.050) (0.950,1.000) 
126      484    (0)    1 :  0.989 0.011     (0.936,1.000) (0.000,0.064) 
127      489    (0)    1 :  0.139 0.861     (0.000,1.000) (0.000,1.000) 
128      492   (14)    1 :  0.989 0.011     (0.950,1.000) (0.000,0.050) 
129      493    (0)    1 :  0.722 0.278     (0.000,1.000) (0.000,1.000) 
130      494    (0)    1 :  0.626 0.374     (0.000,1.000) (0.000,1.000) 
131      500    (0)    1 :  0.006 0.994     (0.000,0.032) (0.968,1.000) 
132      504    (0)    1 :  0.972 0.028     (0.801,1.000) (0.000,0.199) 
133      506    (0)    1 :  0.891 0.109     (0.397,1.000) (0.000,0.603) 


Estimated Allele Frequencies in each cluster
First column gives estimated ancestral frequencies


Locus 1 : Rsu5 
5 alleles
0.0% missing data
 137   (0.684) 0.681 0.922 
 135   (0.085) 0.068 0.028 
 139   (0.110) 0.096 0.041 
 133   (0.025) 0.008 0.004 
 131   (0.096) 0.147 0.006 

Locus 2 : Scv1 
5 alleles
0.0% missing data
 181   (0.457) 0.437 0.730 
 179   (0.193) 0.215 0.097 
 177   (0.136) 0.140 0.064 
 185   (0.183) 0.194 0.106 
 171   (0.031) 0.014 0.005 

Locus 3 : Rsu4 
9 alleles
0.0% missing data
 267   (0.175) 0.169 0.179 
 263   (0.340) 0.361 0.462 
 259   (0.035) 0.006 0.167 
 287   (0.175) 0.187 0.135 
 275   (0.047) 0.033 0.013 
 279   (0.082) 0.086 0.017 
 283   (0.082) 0.132 0.005 
 291   (0.034) 0.011 0.018 
 271   (0.031) 0.015 0.004 

Locus 4 : Rsu6 
5 alleles
0.0% missing data
 120   (0.243) 0.217 0.316 
 126   (0.627) 0.729 0.523 
 124   (0.064) 0.024 0.144 
 130   (0.042) 0.024 0.009 
 114   (0.025) 0.005 0.008 

Locus 5 : Scv23 
3 alleles
0.8% missing data
 158   (0.539) 0.571 0.559 
 164   (0.196) 0.174 0.187 
 160   (0.265) 0.256 0.254 

Locus 6 : Scv13 
5 alleles
0.0% missing data
 182   (0.741) 0.770 0.877 
 180   (0.065) 0.031 0.097 
 172   (0.080) 0.108 0.006 
 184   (0.068) 0.048 0.017 
 174   (0.046) 0.043 0.003 

Locus 7 : Scv32 
18 alleles
0.8% missing data
 236   (0.039) 0.048 0.003 
 238   (0.049) 0.074 0.003 
 234   (0.185) 0.274 0.153 
 246   (0.040) 0.012 0.161 
 248   (0.080) 0.059 0.156 
 262   (0.083) 0.068 0.148 
 232   (0.167) 0.227 0.140 
 250   (0.030) 0.007 0.067 
 228   (0.026) 0.016 0.002 
 220   (0.030) 0.007 0.105 
 264   (0.052) 0.040 0.025 
 252   (0.049) 0.045 0.010 
 254   (0.041) 0.055 0.002 
 242   (0.024) 0.012 0.006 
 266   (0.029) 0.023 0.002 
 244   (0.035) 0.019 0.008 
 226   (0.021) 0.004 0.008 
 240   (0.020) 0.010 0.001 

Locus 8 : Scv8 
6 alleles
0.8% missing data
 200   (0.605) 0.620 0.760 
 202   (0.084) 0.100 0.010 
 194   (0.095) 0.060 0.101 
 204   (0.039) 0.010 0.050 
 198   (0.071) 0.034 0.073 
 188   (0.107) 0.175 0.006 

Locus 9 : Scv9 
5 alleles
0.0% missing data
 198   (0.353) 0.397 0.316 
 200   (0.292) 0.269 0.424 
 196   (0.266) 0.288 0.209 
 204   (0.065) 0.035 0.049 
 202   (0.024) 0.010 0.001 

Locus 10 : Rsu1 
6 alleles
0.0% missing data
 189   (0.276) 0.299 0.210 
 185   (0.330) 0.411 0.186 
 177   (0.072) 0.040 0.066 
 181   (0.249) 0.236 0.302 
 193   (0.037) 0.007 0.137 
 197   (0.035) 0.007 0.099 

Locus 11 : Scv14 
7 alleles
4.5% missing data
 196   (0.542) 0.547 0.829 
 198   (0.074) 0.103 0.005 
 194   (0.127) 0.111 0.079 
 202   (0.182) 0.215 0.073 
 204   (0.025) 0.008 0.004 
 190   (0.025) 0.005 0.008 
 200   (0.025) 0.010 0.002 

Locus 12 : Scv16 
7 alleles
0.0% missing data
 182   (0.410) 0.445 0.496 
 184   (0.386) 0.416 0.422 
 188   (0.072) 0.039 0.074 
 200   (0.024) 0.010 0.002 
 198   (0.047) 0.050 0.003 
 190   (0.037) 0.030 0.002 
 186   (0.024) 0.010 0.002 

Locus 13 : Scv31 
15 alleles
3.0% missing data
 193   (0.124) 0.133 0.150 
 201   (0.085) 0.079 0.060 
 187   (0.071) 0.042 0.212 
 207   (0.029) 0.006 0.124 
 195   (0.077) 0.071 0.063 
 185   (0.167) 0.243 0.103 
 189   (0.067) 0.053 0.055 
 205   (0.022) 0.010 0.002 
 191   (0.157) 0.194 0.186 
 197   (0.047) 0.044 0.012 
 199   (0.041) 0.049 0.003 
 203   (0.030) 0.024 0.002 
 209   (0.026) 0.017 0.002 
 213   (0.032) 0.030 0.002 
 181   (0.024) 0.005 0.024 

Locus 14 : Scv6 
8 alleles
0.0% missing data
 191   (0.104) 0.073 0.137 
 195   (0.363) 0.388 0.524 
 197   (0.211) 0.209 0.268 
 201   (0.077) 0.088 0.012 
 205   (0.028) 0.013 0.006 
 193   (0.092) 0.121 0.013 
 199   (0.095) 0.093 0.036 
 181   (0.029) 0.016 0.003 

Values of parameters used in structure:
DATAFILE=M:\STRUCTURE\Squirrel_133_ID_14L_20250816\project_data,	OUTFILE=M:\STRUCTURE\Squirrel_133_ID_14L_20250816\10k_Burnin_100k_MCMC\Results\10k_Burnin_100k_MCMC_run_42,	NUMINDS=133,	NUMLOCI=14,	MISSING=-9,	LABEL=1,	POPDATA=1,	POPFLAG=0,	PHENOTYPE=0,	EXTRACOLS=1,	MAXPOPS=2,	BURNIN=10000,	NUMREPS=100000,	USEPOPINFO=0,	INFERALPHA=1,	INFERLAMBDA=1,	POPSPECIFICLAMBDA=0,	POPALPHAS=0,	COMPUTEPROB=1,	NOADMIX=0,	ADMBURNIN=2500,	UPDATEFREQ=1,	PRINTLIKES=0,	INTERMEDSAVE=0,	PRINTKLD=0,	PRINTNET=0,	PRINTLAMBDA=0,	ANCESTDIST=1,	NUMBOXES=1000,	ANCESTPINT=0.90000,	GENSBACK=2,	MIGRPRIOR=0.05000,	PRINTQHAT=1,	PRINTQSUM=0,	ALPHA=1.0000,	FREQSCORR=1,	FPRIORMEAN=0.0100,	FPRIORSD=0.0500,	ONEFST=0,	LAMBDA=1.0000,	UNIFPRIORALPHA=1,	ALPHAMAX=10.0000,	ALPHAPRIORA=1.0000,	ALPHAPRIORB=2.0000,	ALPHAPROPSD=0.0250,	STARTATPOPINFO=0,	RANDOMIZE=1,	LINKAGE=0,	METROFREQ=10,	REPORTHITRATE=0,	MARKOVPHASE=-1,	PHASED=0,	PLOIDY=2,	PHASEINFO=0	LOCPRIOR=0, 	LOCPRIORINIT=1.000000, 	LOCDATA=0, 	LOCISPOP=0, 	LOCPRIORSTEP=0.100000, 	MAXLOCPRIOR=20.000000, 	SEED=1763712215,	
[STRAT parameters]:    NUMSIMSTATS=1000,	PHENOTYPECOL=-9,	POOLFREQ=10,	LOCUSxONLY=0,	EMERROR=0.00100,	MISSINGPHENO=-9,	