          1*  1 0.0160 0.7893 0.0149 0.0056 0.0099 0.1206 0.0437 
           3  1 0.9613 0.0055 0.0088 0.0049 0.0065 0.0071 0.0059 
           6  1 0.9237 0.0061 0.0116 0.0127 0.0197 0.0183 0.0079 
           8  1 0.0085 0.0116 0.0108 0.0038 0.9407 0.0065 0.0180 
          10  1 0.0124 0.0083 0.0046 0.0048 0.0499 0.0074 0.9127 
          11  1 0.0301 0.5364 0.0125 0.0599 0.0969 0.2412 0.0230 
          12  1 0.0062 0.0044 0.0043 0.0056 0.0055 0.0071 0.9668 
          16  1 0.9535 0.0059 0.0049 0.0056 0.0166 0.0058 0.0077 
          18  1 0.0078 0.9556 0.0072 0.0047 0.0110 0.0065 0.0073 
          19  1 0.0162 0.6139 0.0380 0.0493 0.0535 0.2157 0.0135 
          21  1 0.9365 0.0060 0.0057 0.0080 0.0286 0.0077 0.0075 
          23  1 0.0298 0.0149 0.0137 0.0715 0.0179 0.2608 0.5914 
          24  1 0.0161 0.2147 0.0086 0.0448 0.1132 0.1384 0.4642 
          25  1 0.0736 0.0186 0.0078 0.0125 0.1031 0.1738 0.6105 
         26*  1 0.2160 0.0289 0.0089 0.0058 0.4673 0.0272 0.2458 
          28  1 0.0429 0.0070 0.0061 0.0071 0.7836 0.0125 0.1409 
          29  1 0.0068 0.0155 0.0067 0.0054 0.0307 0.0077 0.9272 
          30  1 0.2027 0.0261 0.4006 0.0082 0.1724 0.0504 0.1396 
          33  1 0.0062 0.8701 0.0149 0.0251 0.0054 0.0729 0.0054 
          37  1 0.0107 0.9113 0.0068 0.0086 0.0092 0.0134 0.0400 
          38  1 0.0102 0.9431 0.0054 0.0049 0.0109 0.0101 0.0153 
          43  1 0.0366 0.0099 0.0098 0.0077 0.1412 0.0168 0.7781 
          44  1 0.2303 0.0066 0.0158 0.0063 0.7288 0.0059 0.0063 
          48  1 0.0130 0.9543 0.0070 0.0046 0.0066 0.0065 0.0081 
          55  1 0.0956 0.0126 0.0174 0.0086 0.8155 0.0402 0.0101 
          59  1 0.9600 0.0073 0.0085 0.0043 0.0079 0.0067 0.0053 
          60  1 0.0157 0.0397 0.0371 0.0691 0.0056 0.7556 0.0771 
          61  1 0.0152 0.0096 0.0584 0.6543 0.0110 0.2426 0.0089 
          62  1 0.0181 0.0293 0.0203 0.7760 0.0197 0.1032 0.0335 
          65  1 0.0057 0.8853 0.0210 0.0119 0.0089 0.0612 0.0060 
          73  1 0.0083 0.0107 0.7866 0.0078 0.0145 0.0321 0.1401 
          75  1 0.0095 0.0140 0.0476 0.8884 0.0058 0.0306 0.0041 
          76  1 0.0056 0.0042 0.0069 0.9585 0.0049 0.0100 0.0100 
          77  1 0.0055 0.0073 0.0062 0.8464 0.0047 0.1191 0.0108 
          78  1 0.0063 0.0133 0.7127 0.2067 0.0123 0.0329 0.0159 
          79  1 0.0046 0.0103 0.0671 0.8894 0.0077 0.0164 0.0045 
          84  1 0.8416 0.0119 0.0163 0.0276 0.0338 0.0475 0.0212 
          85  1 0.0088 0.0091 0.0117 0.0075 0.9458 0.0108 0.0064 
          86  1 0.0048 0.0172 0.0164 0.0100 0.9072 0.0309 0.0135 
          89  1 0.6198 0.0264 0.0121 0.0532 0.0193 0.0621 0.2070 
          94  1 0.0069 0.0111 0.0051 0.0050 0.0083 0.0060 0.9576 
          95  1 0.9260 0.0124 0.0140 0.0065 0.0188 0.0159 0.0064 
          96  1 0.0063 0.0054 0.0065 0.0072 0.9585 0.0059 0.0102 
          98  1 0.0070 0.0084 0.2955 0.1079 0.0076 0.5618 0.0117 
         102  1 0.0356 0.7738 0.0078 0.0155 0.0073 0.1411 0.0189 
         105  1 0.0069 0.0089 0.9629 0.0047 0.0056 0.0056 0.0054 
         106  1 0.1254 0.0245 0.3053 0.4209 0.0281 0.0906 0.0052 
         108  1 0.0102 0.0744 0.8324 0.0226 0.0119 0.0399 0.0086 
         109  1 0.0096 0.0101 0.8473 0.0283 0.0140 0.0847 0.0059 
         112  1 0.0177 0.0343 0.0114 0.3001 0.3387 0.2384 0.0594 
         115  1 0.0145 0.6577 0.0219 0.0155 0.0135 0.2169 0.0599 
         116  1 0.0096 0.0148 0.0197 0.0072 0.9304 0.0119 0.0064 
         117  1 0.7465 0.0165 0.0204 0.0153 0.0661 0.0277 0.1075 
         129  1 0.0714 0.0080 0.0072 0.0037 0.8920 0.0074 0.0103 
         132  1 0.0174 0.0934 0.0213 0.0220 0.0072 0.6048 0.2339 
         133  1 0.0087 0.0074 0.2873 0.1262 0.0048 0.5580 0.0076 
         137  1 0.0136 0.0113 0.0194 0.6091 0.0119 0.3102 0.0244 
         139  1 0.0092 0.0146 0.0170 0.9048 0.0090 0.0385 0.0068 
         140  1 0.0288 0.0128 0.8515 0.0345 0.0125 0.0540 0.0058 
         142  1 0.0222 0.0071 0.0090 0.9143 0.0070 0.0279 0.0124 
         144  1 0.0078 0.0052 0.9647 0.0062 0.0046 0.0072 0.0044 
         145  1 0.0110 0.0088 0.0158 0.8654 0.0101 0.0818 0.0070 
         147  1 0.0043 0.0062 0.9537 0.0157 0.0084 0.0075 0.0043 
         160  1 0.0081 0.0064 0.0044 0.0044 0.0075 0.0054 0.9637 
        162*  1 0.0068 0.0053 0.0066 0.0069 0.9543 0.0066 0.0134 
         166  1 0.0139 0.0060 0.1893 0.0780 0.0067 0.6986 0.0075 
         177  1 0.0043 0.0041 0.0046 0.9722 0.0039 0.0065 0.0044 
         178  1 0.0082 0.0128 0.0194 0.8763 0.0142 0.0448 0.0244 
         186  1 0.9719 0.0044 0.0037 0.0044 0.0056 0.0049 0.0051 
         189  1 0.0069 0.0060 0.0042 0.0088 0.9568 0.0049 0.0125 
         190  1 0.0525 0.0228 0.0105 0.0161 0.7726 0.0345 0.0909 
         191  1 0.3460 0.0102 0.0409 0.0283 0.5381 0.0159 0.0206 
         193  1 0.0433 0.0156 0.0318 0.7066 0.0203 0.1579 0.0245 
         202  1 0.0190 0.0922 0.0115 0.0210 0.2479 0.1907 0.4176 
         204  1 0.3305 0.0049 0.0060 0.0041 0.6394 0.0059 0.0093 
         211  1 0.0164 0.0278 0.1471 0.0704 0.0097 0.5389 0.1897 
         216  1 0.0055 0.0077 0.6996 0.0336 0.0077 0.2237 0.0221 
         222  1 0.0052 0.0365 0.8809 0.0135 0.0208 0.0362 0.0068 
         224  1 0.0081 0.0078 0.0092 0.0072 0.9488 0.0060 0.0128 
         226  1 0.9519 0.0091 0.0059 0.0050 0.0080 0.0148 0.0054 
         229  1 0.0292 0.0782 0.0408 0.0614 0.5687 0.1629 0.0588 
         230  1 0.0354 0.0218 0.0181 0.0470 0.8101 0.0378 0.0298 
         232  1 0.1679 0.0334 0.0216 0.1517 0.1009 0.1782 0.3462 
         238  1 0.0073 0.4994 0.0398 0.1546 0.0394 0.2499 0.0097 
         242  1 0.0067 0.9564 0.0071 0.0040 0.0065 0.0147 0.0044 
         243  1 0.0291 0.6982 0.0269 0.0277 0.0102 0.1989 0.0090 
         244  1 0.0072 0.6396 0.0084 0.1233 0.0169 0.1945 0.0101 
         251  1 0.0109 0.5412 0.0148 0.0298 0.0434 0.2171 0.1427 
         266  1 0.0119 0.1689 0.0145 0.4969 0.0106 0.2906 0.0065 
         267  1 0.0404 0.0147 0.8278 0.0106 0.0137 0.0858 0.0070 
         268  1 0.0074 0.0106 0.2473 0.3675 0.0052 0.3220 0.0401 
         270  1 0.0191 0.0084 0.0113 0.0067 0.9274 0.0082 0.0189 
         276  1 0.2882 0.0197 0.0429 0.0706 0.5025 0.0523 0.0237 
         298  1 0.0201 0.0169 0.6587 0.1979 0.0086 0.0848 0.0130 
         306  1 0.0131 0.0268 0.0411 0.2042 0.0119 0.6937 0.0092 
         308  1 0.0090 0.0353 0.1152 0.6497 0.0135 0.0835 0.0939 
         311  1 0.0104 0.1128 0.4069 0.0443 0.0349 0.3612 0.0296 
         323  1 0.9619 0.0073 0.0071 0.0048 0.0080 0.0056 0.0052 
         327  1 0.0233 0.0229 0.0160 0.0088 0.6144 0.0484 0.2662 
         334  1 0.0045 0.6957 0.0137 0.0094 0.0092 0.2597 0.0079 
         338  1 0.0331 0.0245 0.5413 0.0668 0.0396 0.2629 0.0318 
         341  1 0.9352 0.0102 0.0068 0.0060 0.0085 0.0253 0.0080 
         346  1 0.0153 0.0083 0.0094 0.4452 0.0104 0.4606 0.0508 
         348  1 0.0078 0.0181 0.7056 0.2252 0.0099 0.0267 0.0067 
         351  1 0.0152 0.4659 0.0116 0.0157 0.0095 0.4271 0.0551 
         362  1 0.1140 0.0061 0.0075 0.0057 0.8136 0.0082 0.0448 
         364  1 0.0115 0.9145 0.0097 0.0144 0.0062 0.0316 0.0122 
         366  1 0.0139 0.8591 0.0247 0.0085 0.0197 0.0662 0.0080 
         376  1 0.9185 0.0067 0.0040 0.0186 0.0253 0.0127 0.0142 
         377  1 0.0240 0.0178 0.0713 0.0187 0.3936 0.0501 0.4246 
         378  1 0.0139 0.0047 0.0067 0.0168 0.0069 0.0108 0.9402 
         388  1 0.0109 0.0181 0.7239 0.0142 0.0129 0.1882 0.0317 
         391  1 0.5343 0.0117 0.0163 0.0171 0.0073 0.1945 0.2187 
         401  1 0.1208 0.2014 0.0098 0.2228 0.2997 0.1332 0.0123 
         406  1 0.1277 0.0540 0.1997 0.0812 0.0166 0.4964 0.0243 
         412  1 0.0302 0.0272 0.2328 0.1363 0.0385 0.4821 0.0528 
         413  1 0.0055 0.0451 0.0372 0.7776 0.0441 0.0789 0.0115 
         421  1 0.0200 0.0174 0.0224 0.0486 0.8379 0.0423 0.0113 
         423  1 0.0121 0.0259 0.0414 0.0135 0.8794 0.0160 0.0117 
         424  1 0.3473 0.0283 0.0339 0.0871 0.0135 0.4478 0.0421 
         426  1 0.1089 0.0246 0.0132 0.0272 0.0363 0.0564 0.7333 
         430  1 0.0359 0.0080 0.0648 0.3148 0.0145 0.5429 0.0191 
         435  1 0.0049 0.0047 0.0244 0.9188 0.0069 0.0270 0.0135 
         476  1 0.7711 0.0277 0.0050 0.0210 0.1435 0.0168 0.0148 
         478  1 0.7213 0.0274 0.0101 0.0074 0.1993 0.0175 0.0170 
         484  1 0.0233 0.0077 0.7048 0.0414 0.0077 0.2046 0.0104 
         489  1 0.0071 0.0063 0.1738 0.0110 0.0545 0.0456 0.7017 
         492  1 0.0052 0.6681 0.0132 0.0158 0.0070 0.2832 0.0074 
         493  1 0.0076 0.9327 0.0093 0.0093 0.0078 0.0213 0.0119 
         494  1 0.0120 0.8351 0.0087 0.0094 0.0257 0.0632 0.0459 
         500  1 0.0498 0.0079 0.0049 0.0046 0.9151 0.0091 0.0086 
         504  1 0.0111 0.0484 0.7113 0.0206 0.0522 0.1029 0.0534 
         506  1 0.0169 0.0053 0.9401 0.0042 0.0188 0.0086 0.0059 
