

----------------------------------------------------
STRUCTURE by Pritchard, Stephens and Donnelly (2000)
     and Falush, Stephens and Pritchard (2003)
       Code by Pritchard, Falush and Hubisz
             Version 2.3.4 (Jul 2012)
----------------------------------------------------



Command line arguments:   bin\structure -m M:\STRUCTURE\Squirrel_133_ID_14L_20250816\10k_Burnin_100k_MCMC\mainparams -e M:\STRUCTURE\Squirrel_133_ID_14L_20250816\10k_Burnin_100k_MCMC\extraparams 
Input File:    M:\STRUCTURE\Squirrel_133_ID_14L_20250816\project_data

Run parameters:
   133 individuals
   14 loci
   2 populations assumed
   10000 Burn-in period
   100000 Reps


--------------------------------------------
Proportion of membership of each pre-defined
 population in each of the 2 clusters

Given    Inferred Clusters       Number of
 Pop       1      2             Individuals

  1:     0.468  0.532             133
--------------------------------------------

Allele-freq. divergence among pops (Net nucleotide distance),
computed using point estimates of P.

      1       2      
 1      -    0.0307  
 2   0.0307     -    

Average distances (expected heterozygosity) between individuals in same cluster:
cluster  1  : 0.5556 
cluster  2  : 0.6482 

--------------------------------------------
Estimated Ln Prob of Data   = -4638.2
Mean value of ln likelihood = -4572.8
Variance of ln likelihood   = 130.8
Mean value of alpha         = 0.0485

Mean value of lambda        = 0.9492

Mean value of Fst_1         = 0.1241
Mean value of Fst_2         = 0.0310


Inferred ancestry of individuals:
        Label (%Miss) Pop:  Inferred clusters (and 90% probability intervals)
  1       1*    (0)    1 :  0.053 0.947     (0.000,0.389) (0.611,1.000) 
  2        3    (0)    1 :  0.987 0.013     (0.924,1.000) (0.000,0.076) 
  3        6    (0)    1 :  0.979 0.021     (0.860,1.000) (0.000,0.140) 
  4        8    (0)    1 :  0.989 0.011     (0.940,1.000) (0.000,0.060) 
  5       10    (0)    1 :  0.992 0.008     (0.955,1.000) (0.000,0.045) 
  6       11    (0)    1 :  0.468 0.532     (0.000,1.000) (0.000,1.000) 
  7       12    (0)    1 :  0.986 0.014     (0.926,1.000) (0.000,0.074) 
  8       16    (7)    1 :  0.992 0.008     (0.954,1.000) (0.000,0.046) 
  9       18    (0)    1 :  0.202 0.798     (0.000,1.000) (0.000,1.000) 
 10       19    (0)    1 :  0.072 0.928     (0.000,0.559) (0.441,1.000) 
 11       21    (7)    1 :  0.989 0.011     (0.936,1.000) (0.000,0.064) 
 12       23    (7)    1 :  0.812 0.188     (0.000,1.000) (0.000,1.000) 
 13       24    (7)    1 :  0.787 0.213     (0.000,1.000) (0.000,1.000) 
 14       25    (7)    1 :  0.960 0.040     (0.706,1.000) (0.000,0.294) 
 15      26*    (0)    1 :  0.992 0.008     (0.955,1.000) (0.000,0.045) 
 16       28    (0)    1 :  0.993 0.007     (0.959,1.000) (0.000,0.041) 
 17       29    (0)    1 :  0.988 0.012     (0.937,1.000) (0.000,0.063) 
 18       30    (0)    1 :  0.664 0.336     (0.000,1.000) (0.000,1.000) 
 19       33    (0)    1 :  0.009 0.991     (0.000,0.053) (0.947,1.000) 
 20       37    (0)    1 :  0.227 0.773     (0.000,1.000) (0.000,1.000) 
 21       38    (0)    1 :  0.267 0.733     (0.000,1.000) (0.000,1.000) 
 22       43    (0)    1 :  0.989 0.011     (0.935,1.000) (0.000,0.065) 
 23       44    (0)    1 :  0.990 0.010     (0.942,1.000) (0.000,0.058) 
 24       48    (0)    1 :  0.196 0.804     (0.000,1.000) (0.000,1.000) 
 25       55    (0)    1 :  0.982 0.018     (0.886,1.000) (0.000,0.114) 
 26       59    (0)    1 :  0.988 0.012     (0.925,1.000) (0.000,0.075) 
 27       60    (0)    1 :  0.021 0.979     (0.000,0.141) (0.859,1.000) 
 28       61    (0)    1 :  0.015 0.985     (0.000,0.090) (0.910,1.000) 
 29       62    (0)    1 :  0.150 0.850     (0.000,1.000) (0.000,1.000) 
 30       65    (0)    1 :  0.077 0.923     (0.000,0.614) (0.386,1.000) 
 31       73    (0)    1 :  0.051 0.949     (0.000,0.362) (0.638,1.000) 
 32       75    (0)    1 :  0.007 0.993     (0.000,0.040) (0.960,1.000) 
 33       76    (0)    1 :  0.012 0.988     (0.000,0.072) (0.928,1.000) 
 34       77    (0)    1 :  0.012 0.988     (0.000,0.070) (0.930,1.000) 
 35       78    (0)    1 :  0.011 0.989     (0.000,0.063) (0.937,1.000) 
 36       79    (0)    1 :  0.006 0.994     (0.000,0.035) (0.965,1.000) 
 37       84    (0)    1 :  0.978 0.022     (0.850,1.000) (0.000,0.150) 
 38       85    (0)    1 :  0.971 0.029     (0.803,1.000) (0.000,0.197) 
 39       86    (0)    1 :  0.922 0.078     (0.491,1.000) (0.000,0.509) 
 40       89    (0)    1 :  0.977 0.023     (0.850,1.000) (0.000,0.150) 
 41       94    (0)    1 :  0.985 0.015     (0.921,1.000) (0.000,0.079) 
 42       95    (0)    1 :  0.974 0.026     (0.834,1.000) (0.000,0.166) 
 43       96    (0)    1 :  0.989 0.011     (0.940,1.000) (0.000,0.060) 
 44       98    (0)    1 :  0.014 0.986     (0.000,0.087) (0.913,1.000) 
 45      102    (0)    1 :  0.202 0.798     (0.000,1.000) (0.000,1.000) 
 46      105    (0)    1 :  0.009 0.991     (0.000,0.054) (0.946,1.000) 
 47      106    (0)    1 :  0.060 0.940     (0.000,0.350) (0.650,1.000) 
 48      108    (0)    1 :  0.014 0.986     (0.000,0.085) (0.915,1.000) 
 49      109    (0)    1 :  0.026 0.974     (0.000,0.189) (0.811,1.000) 
 50      112    (0)    1 :  0.729 0.271     (0.000,1.000) (0.000,1.000) 
 51      115    (0)    1 :  0.228 0.772     (0.000,1.000) (0.000,1.000) 
 52      116    (0)    1 :  0.966 0.034     (0.753,1.000) (0.000,0.247) 
 53      117    (0)    1 :  0.976 0.024     (0.853,1.000) (0.000,0.147) 
 54      129    (0)    1 :  0.994 0.006     (0.968,1.000) (0.000,0.032) 
 55      132    (0)    1 :  0.069 0.931     (0.000,0.490) (0.510,1.000) 
 56      133    (0)    1 :  0.010 0.990     (0.000,0.054) (0.946,1.000) 
 57      137    (7)    1 :  0.036 0.964     (0.000,0.243) (0.757,1.000) 
 58      139    (0)    1 :  0.012 0.988     (0.000,0.072) (0.928,1.000) 
 59      140    (0)    1 :  0.028 0.972     (0.000,0.159) (0.841,1.000) 
 60      142    (0)    1 :  0.026 0.974     (0.000,0.178) (0.822,1.000) 
 61      144    (0)    1 :  0.009 0.991     (0.000,0.053) (0.947,1.000) 
 62      145    (0)    1 :  0.091 0.909     (0.000,0.868) (0.132,1.000) 
 63      147    (0)    1 :  0.008 0.992     (0.000,0.049) (0.951,1.000) 
 64      160    (0)    1 :  0.990 0.010     (0.951,1.000) (0.000,0.049) 
 65     162*    (0)    1 :  0.988 0.012     (0.928,1.000) (0.000,0.072) 
 66      166    (0)    1 :  0.012 0.988     (0.000,0.068) (0.932,1.000) 
 67      177    (0)    1 :  0.008 0.992     (0.000,0.044) (0.956,1.000) 
 68      178    (0)    1 :  0.019 0.981     (0.000,0.121) (0.879,1.000) 
 69      186    (0)    1 :  0.990 0.010     (0.944,1.000) (0.000,0.056) 
 70      189    (0)    1 :  0.990 0.010     (0.943,1.000) (0.000,0.057) 
 71      190    (0)    1 :  0.987 0.013     (0.928,1.000) (0.000,0.072) 
 72      191    (0)    1 :  0.987 0.013     (0.918,1.000) (0.000,0.082) 
 73      193    (0)    1 :  0.440 0.560     (0.000,1.000) (0.000,1.000) 
 74      202    (0)    1 :  0.915 0.085     (0.441,1.000) (0.000,0.559) 
 75      204    (0)    1 :  0.995 0.005     (0.970,1.000) (0.000,0.030) 
 76      211    (0)    1 :  0.030 0.970     (0.000,0.220) (0.780,1.000) 
 77      216    (0)    1 :  0.011 0.989     (0.000,0.062) (0.938,1.000) 
 78      222    (0)    1 :  0.012 0.988     (0.000,0.067) (0.933,1.000) 
 79      224    (0)    1 :  0.983 0.017     (0.906,1.000) (0.000,0.094) 
 80      226    (0)    1 :  0.975 0.025     (0.827,1.000) (0.000,0.173) 
 81      229    (0)    1 :  0.876 0.124     (0.199,1.000) (0.000,0.801) 
 82      230    (0)    1 :  0.953 0.047     (0.714,1.000) (0.000,0.286) 
 83      232    (0)    1 :  0.948 0.052     (0.647,1.000) (0.000,0.353) 
 84      238    (0)    1 :  0.022 0.978     (0.000,0.150) (0.850,1.000) 
 85      242    (0)    1 :  0.026 0.974     (0.000,0.147) (0.853,1.000) 
 86      243    (0)    1 :  0.031 0.969     (0.000,0.196) (0.804,1.000) 
 87      244    (0)    1 :  0.020 0.980     (0.000,0.128) (0.872,1.000) 
 88      251    (0)    1 :  0.107 0.893     (0.000,0.906) (0.094,1.000) 
 89      266    (0)    1 :  0.011 0.989     (0.000,0.066) (0.934,1.000) 
 90      267    (0)    1 :  0.034 0.966     (0.000,0.246) (0.754,1.000) 
 91      268    (0)    1 :  0.010 0.990     (0.000,0.059) (0.941,1.000) 
 92      270    (0)    1 :  0.987 0.013     (0.922,1.000) (0.000,0.078) 
 93      276    (0)    1 :  0.973 0.027     (0.812,1.000) (0.000,0.188) 
 94      298    (7)    1 :  0.012 0.988     (0.000,0.068) (0.932,1.000) 
 95      306    (0)    1 :  0.010 0.990     (0.000,0.061) (0.939,1.000) 
 96      308    (0)    1 :  0.016 0.984     (0.000,0.102) (0.898,1.000) 
 97      311    (7)    1 :  0.025 0.975     (0.000,0.166) (0.834,1.000) 
 98      323    (0)    1 :  0.984 0.016     (0.904,1.000) (0.000,0.096) 
 99      327    (0)    1 :  0.989 0.011     (0.933,1.000) (0.000,0.067) 
100      334    (0)    1 :  0.015 0.985     (0.000,0.095) (0.905,1.000) 
101      338    (0)    1 :  0.082 0.918     (0.000,0.679) (0.321,1.000) 
102      341    (0)    1 :  0.966 0.034     (0.774,1.000) (0.000,0.226) 
103      346    (0)    1 :  0.129 0.871     (0.000,1.000) (0.000,1.000) 
104      348    (0)    1 :  0.009 0.991     (0.000,0.051) (0.949,1.000) 
105      351    (0)    1 :  0.040 0.960     (0.000,0.286) (0.714,1.000) 
106      362    (0)    1 :  0.993 0.007     (0.964,1.000) (0.000,0.036) 
107      364    (0)    1 :  0.022 0.978     (0.000,0.122) (0.878,1.000) 
108      366    (0)    1 :  0.060 0.940     (0.000,0.441) (0.559,1.000) 
109      376    (0)    1 :  0.991 0.009     (0.950,1.000) (0.000,0.050) 
110      377    (7)    1 :  0.935 0.065     (0.575,1.000) (0.000,0.425) 
111      378    (0)    1 :  0.989 0.011     (0.938,1.000) (0.000,0.062) 
112      388    (0)    1 :  0.021 0.979     (0.000,0.138) (0.862,1.000) 
113      391    (0)    1 :  0.866 0.134     (0.010,1.000) (0.000,0.990) 
114      401    (0)    1 :  0.608 0.392     (0.000,1.000) (0.000,1.000) 
115      406    (0)    1 :  0.125 0.875     (0.000,0.995) (0.005,1.000) 
116      412    (7)    1 :  0.211 0.789     (0.000,1.000) (0.000,1.000) 
117      413    (0)    1 :  0.021 0.979     (0.000,0.135) (0.865,1.000) 
118      421    (0)    1 :  0.959 0.041     (0.695,1.000) (0.000,0.305) 
119      423    (0)    1 :  0.872 0.128     (0.001,1.000) (0.000,0.999) 
120      424    (0)    1 :  0.269 0.731     (0.000,1.000) (0.000,1.000) 
121      426    (0)    1 :  0.979 0.021     (0.874,1.000) (0.000,0.126) 
122      430    (7)    1 :  0.070 0.930     (0.000,0.557) (0.443,1.000) 
123      435    (0)    1 :  0.020 0.980     (0.000,0.133) (0.867,1.000) 
124      476    (0)    1 :  0.985 0.015     (0.899,1.000) (0.000,0.101) 
125      478    (0)    1 :  0.992 0.008     (0.957,1.000) (0.000,0.043) 
126      484    (0)    1 :  0.012 0.988     (0.000,0.069) (0.931,1.000) 
127      489    (0)    1 :  0.863 0.137     (0.000,1.000) (0.000,1.000) 
128      492   (14)    1 :  0.009 0.991     (0.000,0.050) (0.950,1.000) 
129      493    (0)    1 :  0.177 0.823     (0.000,1.000) (0.000,1.000) 
130      494    (0)    1 :  0.261 0.739     (0.000,1.000) (0.000,1.000) 
131      500    (0)    1 :  0.994 0.006     (0.968,1.000) (0.000,0.032) 
132      504    (0)    1 :  0.026 0.974     (0.000,0.178) (0.822,1.000) 
133      506    (0)    1 :  0.109 0.891     (0.000,0.601) (0.399,1.000) 


Estimated Allele Frequencies in each cluster
First column gives estimated ancestral frequencies


Locus 1 : Rsu5 
5 alleles
0.0% missing data
 137   (0.684) 0.927 0.680 
 135   (0.083) 0.027 0.068 
 139   (0.109) 0.037 0.099 
 133   (0.024) 0.003 0.009 
 131   (0.100) 0.006 0.145 

Locus 2 : Scv1 
5 alleles
0.0% missing data
 181   (0.456) 0.730 0.441 
 179   (0.194) 0.096 0.213 
 177   (0.137) 0.064 0.139 
 185   (0.184) 0.106 0.192 
 171   (0.030) 0.004 0.015 

Locus 3 : Rsu4 
9 alleles
0.0% missing data
 267   (0.177) 0.179 0.170 
 263   (0.341) 0.466 0.359 
 259   (0.032) 0.170 0.007 
 287   (0.177) 0.137 0.184 
 275   (0.044) 0.009 0.036 
 279   (0.081) 0.015 0.087 
 283   (0.085) 0.005 0.130 
 291   (0.034) 0.017 0.012 
 271   (0.029) 0.003 0.015 

Locus 4 : Rsu6 
5 alleles
0.0% missing data
 120   (0.238) 0.318 0.216 
 126   (0.638) 0.524 0.727 
 124   (0.061) 0.144 0.025 
 130   (0.039) 0.006 0.026 
 114   (0.024) 0.008 0.005 

Locus 5 : Scv23 
3 alleles
0.8% missing data
 158   (0.542) 0.561 0.568 
 164   (0.194) 0.186 0.176 
 160   (0.264) 0.253 0.256 

Locus 6 : Scv13 
5 alleles
0.0% missing data
 182   (0.741) 0.881 0.767 
 180   (0.067) 0.095 0.035 
 172   (0.081) 0.006 0.106 
 184   (0.066) 0.016 0.049 
 174   (0.045) 0.003 0.043 

Locus 7 : Scv32 
18 alleles
0.8% missing data
 236   (0.041) 0.003 0.048 
 238   (0.050) 0.003 0.073 
 234   (0.191) 0.156 0.268 
 246   (0.036) 0.163 0.012 
 248   (0.080) 0.155 0.062 
 262   (0.082) 0.149 0.068 
 232   (0.170) 0.134 0.230 
 250   (0.028) 0.068 0.007 
 228   (0.024) 0.002 0.016 
 220   (0.028) 0.106 0.007 
 264   (0.052) 0.025 0.040 
 252   (0.048) 0.009 0.045 
 254   (0.042) 0.002 0.054 
 242   (0.024) 0.004 0.014 
 266   (0.028) 0.002 0.022 
 244   (0.034) 0.008 0.019 
 226   (0.020) 0.008 0.005 
 240   (0.020) 0.001 0.010 

Locus 8 : Scv8 
6 alleles
0.8% missing data
 200   (0.609) 0.762 0.621 
 202   (0.083) 0.008 0.099 
 194   (0.092) 0.102 0.060 
 204   (0.037) 0.050 0.011 
 198   (0.068) 0.072 0.036 
 188   (0.112) 0.006 0.172 

Locus 9 : Scv9 
5 alleles
0.0% missing data
 198   (0.357) 0.320 0.393 
 200   (0.290) 0.422 0.274 
 196   (0.268) 0.208 0.288 
 204   (0.062) 0.049 0.035 
 202   (0.023) 0.001 0.010 

Locus 10 : Rsu1 
6 alleles
0.0% missing data
 189   (0.281) 0.204 0.303 
 185   (0.338) 0.187 0.407 
 177   (0.070) 0.067 0.041 
 181   (0.245) 0.303 0.235 
 193   (0.034) 0.139 0.007 
 197   (0.032) 0.101 0.007 

Locus 11 : Scv14 
7 alleles
4.5% missing data
 196   (0.542) 0.833 0.547 
 198   (0.076) 0.005 0.102 
 194   (0.126) 0.075 0.114 
 202   (0.186) 0.074 0.213 
 204   (0.024) 0.003 0.009 
 190   (0.023) 0.008 0.006 
 200   (0.023) 0.001 0.010 

Locus 12 : Scv16 
7 alleles
0.0% missing data
 182   (0.408) 0.503 0.439 
 184   (0.392) 0.417 0.421 
 188   (0.071) 0.072 0.042 
 200   (0.023) 0.002 0.010 
 198   (0.047) 0.003 0.049 
 190   (0.036) 0.002 0.030 
 186   (0.023) 0.001 0.010 

Locus 13 : Scv31 
15 alleles
3.0% missing data
 193   (0.123) 0.151 0.133 
 201   (0.084) 0.057 0.082 
 187   (0.067) 0.215 0.042 
 207   (0.028) 0.126 0.006 
 195   (0.078) 0.064 0.070 
 185   (0.172) 0.103 0.240 
 189   (0.069) 0.048 0.060 
 205   (0.021) 0.002 0.010 
 191   (0.160) 0.190 0.190 
 197   (0.047) 0.012 0.044 
 199   (0.042) 0.003 0.049 
 203   (0.028) 0.002 0.023 
 209   (0.025) 0.002 0.017 
 213   (0.032) 0.002 0.030 
 181   (0.023) 0.024 0.005 

Locus 14 : Scv6 
8 alleles
0.0% missing data
 191   (0.104) 0.135 0.077 
 195   (0.367) 0.529 0.386 
 197   (0.210) 0.272 0.206 
 201   (0.076) 0.010 0.089 
 205   (0.027) 0.004 0.014 
 193   (0.092) 0.011 0.120 
 199   (0.095) 0.037 0.092 
 181   (0.028) 0.002 0.016 

Values of parameters used in structure:
DATAFILE=M:\STRUCTURE\Squirrel_133_ID_14L_20250816\project_data,	OUTFILE=M:\STRUCTURE\Squirrel_133_ID_14L_20250816\10k_Burnin_100k_MCMC\Results\10k_Burnin_100k_MCMC_run_49,	NUMINDS=133,	NUMLOCI=14,	MISSING=-9,	LABEL=1,	POPDATA=1,	POPFLAG=0,	PHENOTYPE=0,	EXTRACOLS=1,	MAXPOPS=2,	BURNIN=10000,	NUMREPS=100000,	USEPOPINFO=0,	INFERALPHA=1,	INFERLAMBDA=1,	POPSPECIFICLAMBDA=0,	POPALPHAS=0,	COMPUTEPROB=1,	NOADMIX=0,	ADMBURNIN=2500,	UPDATEFREQ=1,	PRINTLIKES=0,	INTERMEDSAVE=0,	PRINTKLD=0,	PRINTNET=0,	PRINTLAMBDA=0,	ANCESTDIST=1,	NUMBOXES=1000,	ANCESTPINT=0.90000,	GENSBACK=2,	MIGRPRIOR=0.05000,	PRINTQHAT=1,	PRINTQSUM=0,	ALPHA=1.0000,	FREQSCORR=1,	FPRIORMEAN=0.0100,	FPRIORSD=0.0500,	ONEFST=0,	LAMBDA=1.0000,	UNIFPRIORALPHA=1,	ALPHAMAX=10.0000,	ALPHAPRIORA=1.0000,	ALPHAPRIORB=2.0000,	ALPHAPROPSD=0.0250,	STARTATPOPINFO=0,	RANDOMIZE=1,	LINKAGE=0,	METROFREQ=10,	REPORTHITRATE=0,	MARKOVPHASE=-1,	PHASED=0,	PLOIDY=2,	PHASEINFO=0	LOCPRIOR=0, 	LOCPRIORINIT=1.000000, 	LOCDATA=0, 	LOCISPOP=0, 	LOCPRIORSTEP=0.100000, 	MAXLOCPRIOR=20.000000, 	SEED=1763712500,	
[STRAT parameters]:    NUMSIMSTATS=1000,	PHENOTYPECOL=-9,	POOLFREQ=10,	LOCUSxONLY=0,	EMERROR=0.00100,	MISSINGPHENO=-9,	