          1*  1 0.0529 0.9471 
           3  1 0.9872 0.0128 
           6  1 0.9791 0.0209 
           8  1 0.9890 0.0110 
          10  1 0.9916 0.0084 
          11  1 0.4680 0.5320 
          12  1 0.9861 0.0139 
          16  1 0.9917 0.0083 
          18  1 0.2023 0.7977 
          19  1 0.0718 0.9282 
          21  1 0.9893 0.0107 
          23  1 0.8118 0.1882 
          24  1 0.7872 0.2128 
          25  1 0.9601 0.0399 
         26*  1 0.9922 0.0078 
          28  1 0.9929 0.0071 
          29  1 0.9883 0.0117 
          30  1 0.6643 0.3357 
          33  1 0.0091 0.9909 
          37  1 0.2266 0.7734 
          38  1 0.2674 0.7326 
          43  1 0.9888 0.0112 
          44  1 0.9901 0.0099 
          48  1 0.1960 0.8040 
          55  1 0.9819 0.0181 
          59  1 0.9877 0.0123 
          60  1 0.0209 0.9791 
          61  1 0.0152 0.9848 
          62  1 0.1503 0.8497 
          65  1 0.0765 0.9235 
          73  1 0.0513 0.9487 
          75  1 0.0069 0.9931 
          76  1 0.0117 0.9883 
          77  1 0.0118 0.9882 
          78  1 0.0105 0.9895 
          79  1 0.0062 0.9938 
          84  1 0.9782 0.0218 
          85  1 0.9706 0.0294 
          86  1 0.9215 0.0785 
          89  1 0.9772 0.0228 
          94  1 0.9850 0.0150 
          95  1 0.9744 0.0256 
          96  1 0.9894 0.0106 
          98  1 0.0143 0.9857 
         102  1 0.2015 0.7985 
         105  1 0.0090 0.9910 
         106  1 0.0597 0.9403 
         108  1 0.0136 0.9864 
         109  1 0.0263 0.9737 
         112  1 0.7289 0.2711 
         115  1 0.2281 0.7719 
         116  1 0.9656 0.0344 
         117  1 0.9756 0.0244 
         129  1 0.9944 0.0056 
         132  1 0.0694 0.9306 
         133  1 0.0098 0.9902 
         137  1 0.0365 0.9635 
         139  1 0.0119 0.9881 
         140  1 0.0280 0.9720 
         142  1 0.0258 0.9742 
         144  1 0.0092 0.9908 
         145  1 0.0912 0.9088 
         147  1 0.0083 0.9917 
         160  1 0.9903 0.0097 
        162*  1 0.9879 0.0121 
         166  1 0.0117 0.9883 
         177  1 0.0077 0.9923 
         178  1 0.0189 0.9811 
         186  1 0.9901 0.0099 
         189  1 0.9895 0.0105 
         190  1 0.9874 0.0126 
         191  1 0.9865 0.0135 
         193  1 0.4404 0.5596 
         202  1 0.9150 0.0850 
         204  1 0.9946 0.0054 
         211  1 0.0302 0.9698 
         216  1 0.0108 0.9892 
         222  1 0.0121 0.9879 
         224  1 0.9835 0.0165 
         226  1 0.9751 0.0249 
         229  1 0.8756 0.1244 
         230  1 0.9533 0.0467 
         232  1 0.9482 0.0518 
         238  1 0.0219 0.9781 
         242  1 0.0259 0.9741 
         243  1 0.0306 0.9694 
         244  1 0.0195 0.9805 
         251  1 0.1070 0.8930 
         266  1 0.0115 0.9885 
         267  1 0.0337 0.9663 
         268  1 0.0099 0.9901 
         270  1 0.9872 0.0128 
         276  1 0.9731 0.0269 
         298  1 0.0116 0.9884 
         306  1 0.0104 0.9896 
         308  1 0.0157 0.9843 
         311  1 0.0251 0.9749 
         323  1 0.9841 0.0159 
         327  1 0.9885 0.0115 
         334  1 0.0155 0.9845 
         338  1 0.0816 0.9184 
         341  1 0.9659 0.0341 
         346  1 0.1291 0.8709 
         348  1 0.0086 0.9914 
         351  1 0.0400 0.9600 
         362  1 0.9933 0.0067 
         364  1 0.0223 0.9777 
         366  1 0.0596 0.9404 
         376  1 0.9912 0.0088 
         377  1 0.9345 0.0655 
         378  1 0.9886 0.0114 
         388  1 0.0210 0.9790 
         391  1 0.8663 0.1337 
         401  1 0.6081 0.3919 
         406  1 0.1245 0.8755 
         412  1 0.2109 0.7891 
         413  1 0.0214 0.9786 
         421  1 0.9591 0.0409 
         423  1 0.8718 0.1282 
         424  1 0.2688 0.7312 
         426  1 0.9792 0.0208 
         430  1 0.0700 0.9300 
         435  1 0.0203 0.9797 
         476  1 0.9850 0.0150 
         478  1 0.9920 0.0080 
         484  1 0.0118 0.9882 
         489  1 0.8627 0.1373 
         492  1 0.0092 0.9908 
         493  1 0.1768 0.8232 
         494  1 0.2608 0.7392 
         500  1 0.9942 0.0058 
         504  1 0.0257 0.9743 
         506  1 0.1087 0.8913 
