

----------------------------------------------------
STRUCTURE by Pritchard, Stephens and Donnelly (2000)
     and Falush, Stephens and Pritchard (2003)
       Code by Pritchard, Falush and Hubisz
             Version 2.3.4 (Jul 2012)
----------------------------------------------------



Command line arguments:   bin\structure -m M:\STRUCTURE\Squirrel_133_ID_14L_20250816\10k_Burnin_100k_MCMC\mainparams -e M:\STRUCTURE\Squirrel_133_ID_14L_20250816\10k_Burnin_100k_MCMC\extraparams 
Input File:    M:\STRUCTURE\Squirrel_133_ID_14L_20250816\project_data

Run parameters:
   133 individuals
   14 loci
   8 populations assumed
   10000 Burn-in period
   100000 Reps


--------------------------------------------
Proportion of membership of each pre-defined
 population in each of the 8 clusters

Given    Inferred Clusters                                          Number of
 Pop       1      2      3      4      5      6      7      8      Individuals

  1:     0.129  0.104  0.131  0.061  0.136  0.174  0.139  0.126      133
--------------------------------------------

Allele-freq. divergence among pops (Net nucleotide distance),
computed using point estimates of P.

      1       2       3       4       5       6       7       8      
 1      -    0.1681  0.1041  0.0997  0.0747  0.0848  0.1189  0.0795  
 2   0.1681     -    0.1173  0.1473  0.1103  0.0896  0.1185  0.0968  
 3   0.1041  0.1173     -    0.1056  0.0838  0.0861  0.1219  0.0664  
 4   0.0997  0.1473  0.1056     -    0.0638  0.0951  0.1460  0.0782  
 5   0.0747  0.1103  0.0838  0.0638     -    0.0593  0.0683  0.0697  
 6   0.0848  0.0896  0.0861  0.0951  0.0593     -    0.0767  0.0807  
 7   0.1189  0.1185  0.1219  0.1460  0.0683  0.0767     -    0.0837  
 8   0.0795  0.0968  0.0664  0.0782  0.0697  0.0807  0.0837     -    

Average distances (expected heterozygosity) between individuals in same cluster:
cluster  1  : 0.5375 
cluster  2  : 0.4034 
cluster  3  : 0.5877 
cluster  4  : 0.5928 
cluster  5  : 0.6531 
cluster  6  : 0.5472 
cluster  7  : 0.4584 
cluster  8  : 0.5424 

--------------------------------------------
Estimated Ln Prob of Data   = -4360.2
Mean value of ln likelihood = -3958.8
Variance of ln likelihood   = 802.8
Mean value of alpha         = 0.0442

Mean value of lambda        = 0.9735

Mean value of Fst_1         = 0.2166
Mean value of Fst_2         = 0.3619
Mean value of Fst_3         = 0.1881
Mean value of Fst_4         = 0.2855
Mean value of Fst_5         = 0.0736
Mean value of Fst_6         = 0.2015
Mean value of Fst_7         = 0.3030
Mean value of Fst_8         = 0.2178


Inferred ancestry of individuals:
        Label (%Miss) Pop:  Inferred clusters (and 90% probability intervals)
  1       1*    (0)    1 :  0.015 0.037 0.005 0.050 0.757 0.009 0.016 0.111     (0.000,0.097) (0.000,0.257) (0.000,0.027) (0.000,0.337) (0.241,1.000) (0.000,0.054) (0.000,0.107) (0.000,0.495) 
  2        3    (0)    1 :  0.009 0.005 0.005 0.005 0.005 0.006 0.958 0.008     (0.000,0.054) (0.000,0.029) (0.000,0.025) (0.000,0.025) (0.000,0.027) (0.000,0.033) (0.810,1.000) (0.000,0.043) 
  3        6    (0)    1 :  0.011 0.007 0.010 0.008 0.006 0.023 0.911 0.023     (0.000,0.071) (0.000,0.041) (0.000,0.062) (0.000,0.047) (0.000,0.030) (0.000,0.156) (0.630,1.000) (0.000,0.164) 
  4        8    (0)    1 :  0.013 0.024 0.004 0.015 0.014 0.916 0.010 0.005     (0.000,0.083) (0.000,0.166) (0.000,0.019) (0.000,0.097) (0.000,0.093) (0.644,1.000) (0.000,0.052) (0.000,0.024) 
  5       10    (0)    1 :  0.004 0.914 0.004 0.015 0.007 0.039 0.011 0.005     (0.000,0.022) (0.644,1.000) (0.000,0.022) (0.000,0.104) (0.000,0.040) (0.000,0.268) (0.000,0.071) (0.000,0.026) 
  6       11    (0)    1 :  0.012 0.022 0.048 0.257 0.486 0.084 0.028 0.062     (0.000,0.074) (0.000,0.160) (0.000,0.362) (0.000,0.998) (0.000,1.000) (0.000,0.556) (0.000,0.206) (0.000,0.423) 
  7       12    (0)    1 :  0.004 0.963 0.005 0.004 0.004 0.005 0.006 0.008     (0.000,0.021) (0.835,1.000) (0.000,0.028) (0.000,0.022) (0.000,0.023) (0.000,0.028) (0.000,0.033) (0.000,0.041) 
  8       16    (7)    1 :  0.005 0.008 0.005 0.006 0.006 0.014 0.951 0.006     (0.000,0.024) (0.000,0.044) (0.000,0.029) (0.000,0.031) (0.000,0.033) (0.000,0.092) (0.778,1.000) (0.000,0.030) 
  9       18    (0)    1 :  0.007 0.007 0.005 0.006 0.954 0.009 0.008 0.004     (0.000,0.041) (0.000,0.039) (0.000,0.025) (0.000,0.030) (0.791,1.000) (0.000,0.054) (0.000,0.043) (0.000,0.024) 
 10       19    (0)    1 :  0.050 0.014 0.054 0.256 0.557 0.042 0.016 0.012     (0.000,0.371) (0.000,0.085) (0.000,0.373) (0.000,0.999) (0.000,1.000) (0.000,0.311) (0.000,0.101) (0.000,0.067) 
 11       21    (7)    1 :  0.006 0.007 0.008 0.007 0.007 0.029 0.930 0.007     (0.000,0.031) (0.000,0.043) (0.000,0.042) (0.000,0.037) (0.000,0.036) (0.000,0.202) (0.697,1.000) (0.000,0.038) 
 12       23    (7)    1 :  0.010 0.459 0.039 0.018 0.012 0.015 0.021 0.426     (0.000,0.057) (0.000,0.987) (0.000,0.273) (0.000,0.098) (0.000,0.074) (0.000,0.101) (0.000,0.144) (0.000,0.998) 
 13       24    (7)    1 :  0.009 0.413 0.034 0.350 0.075 0.085 0.019 0.016     (0.000,0.051) (0.000,0.938) (0.000,0.236) (0.000,0.983) (0.000,0.473) (0.000,0.504) (0.000,0.134) (0.000,0.092) 
 14       25    (7)    1 :  0.007 0.508 0.009 0.036 0.017 0.107 0.057 0.258     (0.000,0.040) (0.000,0.960) (0.000,0.055) (0.000,0.251) (0.000,0.106) (0.000,0.438) (0.000,0.341) (0.000,0.807) 
 15      26*    (0)    1 :  0.008 0.214 0.005 0.084 0.019 0.353 0.304 0.012     (0.000,0.043) (0.000,0.649) (0.000,0.030) (0.000,0.438) (0.000,0.134) (0.000,0.977) (0.000,0.830) (0.000,0.073) 
 16       28    (0)    1 :  0.006 0.139 0.006 0.016 0.006 0.773 0.043 0.011     (0.000,0.034) (0.000,0.868) (0.000,0.034) (0.000,0.101) (0.000,0.034) (0.000,1.000) (0.000,0.328) (0.000,0.070) 
 17       29    (0)    1 :  0.006 0.914 0.005 0.024 0.015 0.024 0.006 0.006     (0.000,0.036) (0.641,1.000) (0.000,0.028) (0.000,0.172) (0.000,0.099) (0.000,0.165) (0.000,0.036) (0.000,0.030) 
 18       30    (0)    1 :  0.379 0.171 0.007 0.045 0.026 0.131 0.210 0.032     (0.000,0.837) (0.000,0.690) (0.000,0.036) (0.000,0.312) (0.000,0.163) (0.000,0.689) (0.000,0.813) (0.000,0.231) 
 19       33    (0)    1 :  0.015 0.005 0.024 0.043 0.886 0.005 0.006 0.016     (0.000,0.103) (0.000,0.031) (0.000,0.175) (0.000,0.243) (0.511,1.000) (0.000,0.029) (0.000,0.034) (0.000,0.112) 
 20       37    (0)    1 :  0.007 0.044 0.009 0.013 0.898 0.009 0.009 0.011     (0.000,0.040) (0.000,0.304) (0.000,0.051) (0.000,0.082) (0.594,1.000) (0.000,0.054) (0.000,0.056) (0.000,0.070) 
 21       38    (0)    1 :  0.006 0.015 0.005 0.015 0.936 0.010 0.008 0.005     (0.000,0.031) (0.000,0.103) (0.000,0.026) (0.000,0.087) (0.724,1.000) (0.000,0.061) (0.000,0.048) (0.000,0.026) 
 22       43    (0)    1 :  0.008 0.766 0.006 0.015 0.009 0.143 0.036 0.017     (0.000,0.053) (0.418,1.000) (0.000,0.036) (0.000,0.105) (0.000,0.048) (0.000,0.516) (0.000,0.247) (0.000,0.120) 
 23       44    (0)    1 :  0.016 0.006 0.006 0.006 0.007 0.747 0.208 0.005     (0.000,0.100) (0.000,0.036) (0.000,0.031) (0.000,0.026) (0.000,0.036) (0.310,1.000) (0.000,0.614) (0.000,0.027) 
 24       48    (0)    1 :  0.007 0.007 0.004 0.006 0.954 0.006 0.010 0.005     (0.000,0.036) (0.000,0.041) (0.000,0.023) (0.000,0.032) (0.791,1.000) (0.000,0.033) (0.000,0.066) (0.000,0.027) 
 25       55    (0)    1 :  0.018 0.009 0.007 0.016 0.012 0.805 0.092 0.042     (0.000,0.131) (0.000,0.050) (0.000,0.038) (0.000,0.105) (0.000,0.073) (0.378,1.000) (0.000,0.500) (0.000,0.291) 
 26       59    (0)    1 :  0.009 0.005 0.004 0.005 0.007 0.007 0.955 0.007     (0.000,0.055) (0.000,0.026) (0.000,0.024) (0.000,0.027) (0.000,0.042) (0.000,0.041) (0.796,1.000) (0.000,0.041) 
 27       60    (0)    1 :  0.007 0.024 0.007 0.006 0.010 0.005 0.007 0.933     (0.000,0.040) (0.000,0.172) (0.000,0.038) (0.000,0.033) (0.000,0.063) (0.000,0.024) (0.000,0.041) (0.707,1.000) 
 28       61    (0)    1 :  0.056 0.007 0.521 0.013 0.009 0.012 0.015 0.368     (0.000,0.373) (0.000,0.039) (0.000,1.000) (0.000,0.068) (0.000,0.050) (0.000,0.072) (0.000,0.096) (0.000,0.995) 
 29       62    (0)    1 :  0.020 0.033 0.715 0.049 0.026 0.025 0.015 0.118     (0.000,0.134) (0.000,0.240) (0.000,1.000) (0.000,0.354) (0.000,0.186) (0.000,0.174) (0.000,0.097) (0.000,0.839) 
 30       65    (0)    1 :  0.023 0.006 0.012 0.051 0.882 0.009 0.005 0.014     (0.000,0.162) (0.000,0.032) (0.000,0.079) (0.000,0.354) (0.500,1.000) (0.000,0.050) (0.000,0.031) (0.000,0.089) 
 31       73    (0)    1 :  0.780 0.141 0.006 0.016 0.008 0.011 0.008 0.030     (0.424,1.000) (0.000,0.492) (0.000,0.032) (0.000,0.106) (0.000,0.048) (0.000,0.071) (0.000,0.045) (0.000,0.219) 
 32       75    (0)    1 :  0.030 0.004 0.931 0.007 0.010 0.005 0.008 0.004     (0.000,0.215) (0.000,0.021) (0.699,1.000) (0.000,0.043) (0.000,0.065) (0.000,0.029) (0.000,0.047) (0.000,0.023) 
 33       76    (0)    1 :  0.006 0.011 0.953 0.004 0.004 0.005 0.005 0.012     (0.000,0.036) (0.000,0.072) (0.786,1.000) (0.000,0.022) (0.000,0.021) (0.000,0.025) (0.000,0.030) (0.000,0.072) 
 34       77    (0)    1 :  0.005 0.011 0.752 0.010 0.007 0.005 0.005 0.204     (0.000,0.030) (0.000,0.069) (0.000,1.000) (0.000,0.050) (0.000,0.040) (0.000,0.027) (0.000,0.028) (0.000,0.940) 
 35       78    (0)    1 :  0.653 0.017 0.246 0.018 0.012 0.012 0.006 0.036     (0.006,1.000) (0.000,0.124) (0.000,0.838) (0.000,0.108) (0.000,0.074) (0.000,0.078) (0.000,0.035) (0.000,0.265) 
 36       79    (0)    1 :  0.058 0.004 0.889 0.019 0.010 0.008 0.004 0.008     (0.000,0.345) (0.000,0.024) (0.575,1.000) (0.000,0.126) (0.000,0.063) (0.000,0.048) (0.000,0.025) (0.000,0.046) 
 37       84    (0)    1 :  0.014 0.021 0.020 0.062 0.008 0.027 0.807 0.039     (0.000,0.091) (0.000,0.152) (0.000,0.147) (0.000,0.315) (0.000,0.047) (0.000,0.195) (0.445,1.000) (0.000,0.293) 
 38       85    (0)    1 :  0.012 0.006 0.008 0.023 0.010 0.922 0.009 0.009     (0.000,0.076) (0.000,0.036) (0.000,0.041) (0.000,0.147) (0.000,0.059) (0.676,1.000) (0.000,0.053) (0.000,0.054) 
 39       86    (0)    1 :  0.017 0.011 0.010 0.071 0.016 0.860 0.005 0.010     (0.000,0.120) (0.000,0.076) (0.000,0.056) (0.000,0.416) (0.000,0.103) (0.474,1.000) (0.000,0.026) (0.000,0.055) 
 40       89    (0)    1 :  0.012 0.205 0.048 0.033 0.024 0.019 0.598 0.061     (0.000,0.070) (0.000,0.606) (0.000,0.311) (0.000,0.220) (0.000,0.171) (0.000,0.124) (0.182,0.948) (0.000,0.436) 
 41       94    (0)    1 :  0.005 0.953 0.005 0.004 0.012 0.008 0.006 0.006     (0.000,0.032) (0.792,1.000) (0.000,0.025) (0.000,0.023) (0.000,0.075) (0.000,0.049) (0.000,0.036) (0.000,0.031) 
 42       95    (0)    1 :  0.014 0.006 0.006 0.007 0.014 0.016 0.918 0.019     (0.000,0.090) (0.000,0.035) (0.000,0.030) (0.000,0.032) (0.000,0.095) (0.000,0.101) (0.647,1.000) (0.000,0.132) 
 43       96    (0)    1 :  0.006 0.010 0.006 0.006 0.006 0.955 0.006 0.005     (0.000,0.033) (0.000,0.061) (0.000,0.032) (0.000,0.031) (0.000,0.031) (0.798,1.000) (0.000,0.034) (0.000,0.028) 
 44       98    (0)    1 :  0.094 0.008 0.044 0.065 0.008 0.007 0.006 0.769     (0.000,0.849) (0.000,0.046) (0.000,0.293) (0.000,0.532) (0.000,0.037) (0.000,0.037) (0.000,0.031) (0.000,1.000) 
 45      102    (0)    1 :  0.007 0.016 0.016 0.135 0.773 0.007 0.031 0.014     (0.000,0.043) (0.000,0.109) (0.000,0.114) (0.000,0.959) (0.000,1.000) (0.000,0.042) (0.000,0.224) (0.000,0.097) 
 46      105    (0)    1 :  0.961 0.005 0.005 0.006 0.008 0.005 0.006 0.005     (0.825,1.000) (0.000,0.027) (0.000,0.025) (0.000,0.033) (0.000,0.048) (0.000,0.025) (0.000,0.034) (0.000,0.025) 
 47      106    (0)    1 :  0.294 0.005 0.424 0.097 0.021 0.029 0.106 0.024     (0.000,0.761) (0.000,0.025) (0.000,0.975) (0.000,0.837) (0.000,0.142) (0.000,0.218) (0.000,0.427) (0.000,0.164) 
 48      108    (0)    1 :  0.822 0.009 0.023 0.024 0.069 0.009 0.009 0.034     (0.436,1.000) (0.000,0.053) (0.000,0.165) (0.000,0.170) (0.000,0.413) (0.000,0.054) (0.000,0.051) (0.000,0.226) 
 49      109    (0)    1 :  0.821 0.006 0.031 0.034 0.010 0.014 0.009 0.074     (0.227,1.000) (0.000,0.033) (0.000,0.226) (0.000,0.211) (0.000,0.053) (0.000,0.092) (0.000,0.056) (0.000,0.511) 
 50      112    (0)    1 :  0.009 0.056 0.183 0.080 0.035 0.342 0.013 0.282     (0.000,0.052) (0.000,0.395) (0.000,0.888) (0.000,0.712) (0.000,0.244) (0.000,0.891) (0.000,0.085) (0.000,0.881) 
 51      115    (0)    1 :  0.020 0.057 0.013 0.212 0.629 0.013 0.012 0.043     (0.000,0.138) (0.000,0.346) (0.000,0.074) (0.000,0.995) (0.000,1.000) (0.000,0.070) (0.000,0.078) (0.000,0.315) 
 52      116    (0)    1 :  0.020 0.007 0.007 0.012 0.011 0.929 0.008 0.005     (0.000,0.141) (0.000,0.035) (0.000,0.039) (0.000,0.071) (0.000,0.066) (0.684,1.000) (0.000,0.046) (0.000,0.025) 
 53      117    (0)    1 :  0.019 0.121 0.014 0.023 0.016 0.056 0.714 0.037     (0.000,0.129) (0.000,0.812) (0.000,0.091) (0.000,0.152) (0.000,0.111) (0.000,0.386) (0.000,1.000) (0.000,0.274) 
 54      129    (0)    1 :  0.007 0.013 0.004 0.009 0.009 0.855 0.098 0.007     (0.000,0.039) (0.000,0.069) (0.000,0.018) (0.000,0.052) (0.000,0.053) (0.367,1.000) (0.000,0.566) (0.000,0.038) 
 55      132    (0)    1 :  0.009 0.148 0.009 0.033 0.044 0.007 0.013 0.737     (0.000,0.048) (0.000,0.577) (0.000,0.053) (0.000,0.206) (0.000,0.308) (0.000,0.036) (0.000,0.086) (0.145,1.000) 
 56      133    (0)    1 :  0.089 0.007 0.059 0.054 0.006 0.004 0.006 0.776     (0.000,0.791) (0.000,0.036) (0.000,0.475) (0.000,0.365) (0.000,0.029) (0.000,0.023) (0.000,0.030) (0.000,1.000) 
 57      137    (7)    1 :  0.016 0.019 0.379 0.014 0.012 0.011 0.011 0.537     (0.000,0.101) (0.000,0.127) (0.000,0.996) (0.000,0.077) (0.000,0.077) (0.000,0.064) (0.000,0.064) (0.000,1.000) 
 58      139    (0)    1 :  0.010 0.006 0.937 0.012 0.012 0.008 0.009 0.006     (0.000,0.058) (0.000,0.032) (0.732,1.000) (0.000,0.076) (0.000,0.075) (0.000,0.045) (0.000,0.055) (0.000,0.034) 
 59      140    (0)    1 :  0.824 0.006 0.033 0.014 0.014 0.012 0.030 0.067     (0.376,1.000) (0.000,0.032) (0.000,0.228) (0.000,0.054) (0.000,0.084) (0.000,0.067) (0.000,0.222) (0.000,0.455) 
 60      142    (0)    1 :  0.008 0.011 0.908 0.005 0.007 0.006 0.023 0.031     (0.000,0.046) (0.000,0.069) (0.599,1.000) (0.000,0.026) (0.000,0.038) (0.000,0.036) (0.000,0.164) (0.000,0.227) 
 61      144    (0)    1 :  0.961 0.004 0.005 0.005 0.005 0.004 0.007 0.008     (0.827,1.000) (0.000,0.023) (0.000,0.031) (0.000,0.024) (0.000,0.028) (0.000,0.023) (0.000,0.041) (0.000,0.047) 
 62      145    (0)    1 :  0.016 0.006 0.874 0.016 0.008 0.010 0.010 0.059     (0.000,0.107) (0.000,0.035) (0.190,1.000) (0.000,0.066) (0.000,0.048) (0.000,0.055) (0.000,0.057) (0.000,0.531) 
 63      147    (0)    1 :  0.941 0.004 0.018 0.012 0.006 0.008 0.004 0.006     (0.746,1.000) (0.000,0.024) (0.000,0.124) (0.000,0.076) (0.000,0.032) (0.000,0.051) (0.000,0.022) (0.000,0.034) 
 64      160    (0)    1 :  0.005 0.961 0.004 0.005 0.006 0.007 0.008 0.005     (0.000,0.025) (0.826,1.000) (0.000,0.022) (0.000,0.023) (0.000,0.034) (0.000,0.036) (0.000,0.044) (0.000,0.026) 
 65     162*    (0)    1 :  0.006 0.011 0.006 0.007 0.005 0.953 0.006 0.006     (0.000,0.034) (0.000,0.068) (0.000,0.035) (0.000,0.036) (0.000,0.027) (0.789,1.000) (0.000,0.031) (0.000,0.030) 
 66      166    (0)    1 :  0.018 0.004 0.008 0.007 0.005 0.006 0.009 0.944     (0.000,0.096) (0.000,0.024) (0.000,0.040) (0.000,0.037) (0.000,0.025) (0.000,0.030) (0.000,0.048) (0.756,1.000) 
 67      177    (0)    1 :  0.005 0.004 0.968 0.004 0.004 0.003 0.004 0.007     (0.000,0.025) (0.000,0.023) (0.857,1.000) (0.000,0.021) (0.000,0.021) (0.000,0.018) (0.000,0.025) (0.000,0.037) 
 68      178    (0)    1 :  0.012 0.027 0.849 0.035 0.011 0.012 0.008 0.047     (0.000,0.077) (0.000,0.198) (0.472,1.000) (0.000,0.235) (0.000,0.063) (0.000,0.073) (0.000,0.047) (0.000,0.339) 
 69      186    (0)    1 :  0.004 0.005 0.004 0.004 0.004 0.005 0.969 0.005     (0.000,0.020) (0.000,0.026) (0.000,0.023) (0.000,0.021) (0.000,0.021) (0.000,0.027) (0.859,1.000) (0.000,0.028) 
 70      189    (0)    1 :  0.004 0.012 0.008 0.005 0.006 0.954 0.006 0.005     (0.000,0.022) (0.000,0.076) (0.000,0.047) (0.000,0.028) (0.000,0.030) (0.791,1.000) (0.000,0.035) (0.000,0.024) 
 71      190    (0)    1 :  0.009 0.076 0.014 0.060 0.017 0.742 0.057 0.026     (0.000,0.053) (0.000,0.530) (0.000,0.090) (0.000,0.388) (0.000,0.115) (0.000,1.000) (0.000,0.374) (0.000,0.188) 
 72      191    (0)    1 :  0.042 0.018 0.026 0.010 0.010 0.583 0.298 0.012     (0.000,0.302) (0.000,0.123) (0.000,0.186) (0.000,0.052) (0.000,0.059) (0.000,0.999) (0.000,0.833) (0.000,0.077) 
 73      193    (0)    1 :  0.033 0.021 0.668 0.019 0.015 0.022 0.042 0.179     (0.000,0.243) (0.000,0.154) (0.000,1.000) (0.000,0.087) (0.000,0.095) (0.000,0.147) (0.000,0.300) (0.000,0.990) 
 74      202    (0)    1 :  0.011 0.342 0.015 0.202 0.087 0.234 0.017 0.091     (0.000,0.062) (0.000,0.817) (0.000,0.101) (0.000,0.918) (0.000,0.520) (0.000,0.722) (0.000,0.116) (0.000,0.629) 
 75      204    (0)    1 :  0.006 0.009 0.004 0.005 0.005 0.584 0.381 0.005     (0.000,0.035) (0.000,0.054) (0.000,0.020) (0.000,0.024) (0.000,0.027) (0.000,1.000) (0.000,1.000) (0.000,0.030) 
 76      211    (0)    1 :  0.085 0.134 0.063 0.035 0.021 0.009 0.014 0.639     (0.000,0.585) (0.000,0.611) (0.000,0.344) (0.000,0.220) (0.000,0.125) (0.000,0.052) (0.000,0.093) (0.000,1.000) 
 77      216    (0)    1 :  0.628 0.024 0.029 0.021 0.006 0.008 0.005 0.279     (0.006,1.000) (0.000,0.173) (0.000,0.202) (0.000,0.139) (0.000,0.033) (0.000,0.043) (0.000,0.029) (0.000,0.855) 
 78      222    (0)    1 :  0.870 0.006 0.015 0.038 0.033 0.016 0.004 0.017     (0.401,1.000) (0.000,0.028) (0.000,0.085) (0.000,0.249) (0.000,0.236) (0.000,0.090) (0.000,0.024) (0.000,0.068) 
 79      224    (0)    1 :  0.009 0.013 0.006 0.005 0.008 0.947 0.007 0.005     (0.000,0.054) (0.000,0.082) (0.000,0.034) (0.000,0.026) (0.000,0.042) (0.764,1.000) (0.000,0.037) (0.000,0.028) 
 80      226    (0)    1 :  0.005 0.005 0.004 0.008 0.009 0.007 0.948 0.013     (0.000,0.026) (0.000,0.028) (0.000,0.023) (0.000,0.043) (0.000,0.057) (0.000,0.036) (0.767,1.000) (0.000,0.087) 
 81      229    (0)    1 :  0.023 0.067 0.038 0.382 0.031 0.392 0.030 0.037     (0.000,0.153) (0.000,0.479) (0.000,0.256) (0.000,0.997) (0.000,0.219) (0.000,0.941) (0.000,0.217) (0.000,0.274) 
 82      230    (0)    1 :  0.017 0.035 0.045 0.059 0.030 0.755 0.045 0.013     (0.000,0.117) (0.000,0.258) (0.000,0.288) (0.000,0.521) (0.000,0.193) (0.000,1.000) (0.000,0.331) (0.000,0.079) 
 83      232    (0)    1 :  0.020 0.313 0.126 0.058 0.033 0.100 0.149 0.201     (0.000,0.138) (0.000,0.776) (0.000,0.624) (0.000,0.460) (0.000,0.233) (0.000,0.596) (0.000,0.633) (0.000,0.850) 
 84      238    (0)    1 :  0.039 0.008 0.138 0.224 0.496 0.034 0.006 0.055     (0.000,0.286) (0.000,0.052) (0.000,0.576) (0.000,0.998) (0.000,0.999) (0.000,0.247) (0.000,0.036) (0.000,0.385) 
 85      242    (0)    1 :  0.008 0.004 0.004 0.025 0.938 0.007 0.006 0.008     (0.000,0.046) (0.000,0.020) (0.000,0.020) (0.000,0.161) (0.732,1.000) (0.000,0.038) (0.000,0.034) (0.000,0.047) 
 86      243    (0)    1 :  0.019 0.008 0.018 0.123 0.686 0.009 0.022 0.115     (0.000,0.123) (0.000,0.050) (0.000,0.123) (0.000,0.978) (0.000,1.000) (0.000,0.053) (0.000,0.161) (0.000,0.553) 
 87      244    (0)    1 :  0.008 0.010 0.122 0.209 0.602 0.015 0.007 0.027     (0.000,0.047) (0.000,0.062) (0.000,0.549) (0.000,0.998) (0.000,1.000) (0.000,0.102) (0.000,0.037) (0.000,0.198) 
 88      251    (0)    1 :  0.014 0.133 0.028 0.271 0.490 0.032 0.010 0.022     (0.000,0.085) (0.000,0.588) (0.000,0.184) (0.000,0.998) (0.000,1.000) (0.000,0.241) (0.000,0.056) (0.000,0.150) 
 89      266    (0)    1 :  0.012 0.006 0.409 0.171 0.137 0.009 0.011 0.246     (0.000,0.074) (0.000,0.035) (0.000,0.881) (0.000,0.927) (0.000,0.593) (0.000,0.051) (0.000,0.068) (0.000,0.808) 
 90      267    (0)    1 :  0.802 0.006 0.010 0.019 0.015 0.015 0.042 0.092     (0.289,1.000) (0.000,0.033) (0.000,0.062) (0.000,0.101) (0.000,0.096) (0.000,0.093) (0.000,0.298) (0.000,0.548) 
 91      268    (0)    1 :  0.107 0.045 0.391 0.098 0.009 0.005 0.007 0.338     (0.000,0.729) (0.000,0.297) (0.000,0.992) (0.000,0.553) (0.000,0.049) (0.000,0.028) (0.000,0.039) (0.000,0.998) 
 92      270    (0)    1 :  0.011 0.020 0.006 0.010 0.008 0.918 0.019 0.008     (0.000,0.066) (0.000,0.134) (0.000,0.033) (0.000,0.057) (0.000,0.046) (0.646,1.000) (0.000,0.129) (0.000,0.045) 
 93      276    (0)    1 :  0.035 0.020 0.046 0.018 0.019 0.562 0.245 0.056     (0.000,0.254) (0.000,0.139) (0.000,0.341) (0.000,0.101) (0.000,0.127) (0.000,1.000) (0.000,0.798) (0.000,0.397) 
 94      298    (7)    1 :  0.613 0.013 0.209 0.040 0.014 0.008 0.021 0.083     (0.000,1.000) (0.000,0.083) (0.000,0.875) (0.000,0.297) (0.000,0.085) (0.000,0.044) (0.000,0.143) (0.000,0.543) 
 95      306    (0)    1 :  0.019 0.006 0.079 0.024 0.021 0.012 0.010 0.830     (0.000,0.132) (0.000,0.031) (0.000,0.446) (0.000,0.139) (0.000,0.146) (0.000,0.081) (0.000,0.062) (0.414,1.000) 
 96      308    (0)    1 :  0.074 0.089 0.710 0.028 0.032 0.012 0.008 0.047     (0.000,0.496) (0.000,0.421) (0.049,1.000) (0.000,0.172) (0.000,0.227) (0.000,0.072) (0.000,0.046) (0.000,0.330) 
 97      311    (7)    1 :  0.411 0.030 0.030 0.199 0.085 0.034 0.009 0.201     (0.000,0.996) (0.000,0.216) (0.000,0.217) (0.000,0.994) (0.000,0.527) (0.000,0.250) (0.000,0.055) (0.000,0.982) 
 98      323    (0)    1 :  0.007 0.004 0.005 0.005 0.008 0.007 0.958 0.005     (0.000,0.044) (0.000,0.024) (0.000,0.025) (0.000,0.029) (0.000,0.044) (0.000,0.039) (0.812,1.000) (0.000,0.029) 
 99      327    (0)    1 :  0.014 0.236 0.008 0.039 0.018 0.627 0.025 0.033     (0.000,0.092) (0.000,0.749) (0.000,0.049) (0.000,0.266) (0.000,0.120) (0.000,0.998) (0.000,0.180) (0.000,0.238) 
100      334    (0)    1 :  0.008 0.006 0.005 0.785 0.161 0.006 0.004 0.026     (0.000,0.045) (0.000,0.037) (0.000,0.026) (0.000,1.000) (0.000,0.997) (0.000,0.032) (0.000,0.019) (0.000,0.065) 
101      338    (0)    1 :  0.493 0.028 0.047 0.125 0.024 0.036 0.030 0.218     (0.000,0.999) (0.000,0.203) (0.000,0.329) (0.000,0.954) (0.000,0.154) (0.000,0.273) (0.000,0.225) (0.000,0.875) 
102      341    (0)    1 :  0.006 0.008 0.006 0.007 0.012 0.008 0.913 0.040     (0.000,0.032) (0.000,0.041) (0.000,0.031) (0.000,0.040) (0.000,0.076) (0.000,0.044) (0.640,1.000) (0.000,0.259) 
103      346    (0)    1 :  0.006 0.039 0.162 0.009 0.007 0.009 0.011 0.756     (0.000,0.034) (0.000,0.292) (0.000,0.943) (0.000,0.040) (0.000,0.039) (0.000,0.045) (0.000,0.057) (0.000,1.000) 
104      348    (0)    1 :  0.674 0.006 0.252 0.019 0.017 0.009 0.007 0.015     (0.000,1.000) (0.000,0.036) (0.000,0.888) (0.000,0.112) (0.000,0.109) (0.000,0.049) (0.000,0.043) (0.000,0.095) 
105      351    (0)    1 :  0.009 0.044 0.012 0.221 0.302 0.009 0.014 0.389     (0.000,0.056) (0.000,0.302) (0.000,0.071) (0.000,0.982) (0.000,0.995) (0.000,0.053) (0.000,0.087) (0.000,0.997) 
106      362    (0)    1 :  0.007 0.073 0.005 0.008 0.006 0.733 0.159 0.008     (0.000,0.038) (0.000,0.500) (0.000,0.027) (0.000,0.038) (0.000,0.034) (0.000,1.000) (0.000,0.897) (0.000,0.044) 
107      364    (0)    1 :  0.008 0.012 0.011 0.031 0.892 0.006 0.011 0.029     (0.000,0.044) (0.000,0.078) (0.000,0.071) (0.000,0.202) (0.582,1.000) (0.000,0.034) (0.000,0.070) (0.000,0.217) 
108      366    (0)    1 :  0.025 0.007 0.007 0.032 0.877 0.017 0.010 0.025     (0.000,0.176) (0.000,0.038) (0.000,0.037) (0.000,0.132) (0.479,1.000) (0.000,0.111) (0.000,0.063) (0.000,0.188) 
109      376    (0)    1 :  0.004 0.014 0.018 0.006 0.006 0.025 0.912 0.015     (0.000,0.021) (0.000,0.087) (0.000,0.124) (0.000,0.033) (0.000,0.032) (0.000,0.173) (0.657,1.000) (0.000,0.103) 
110      377    (7)    1 :  0.071 0.383 0.019 0.030 0.018 0.420 0.025 0.034     (0.000,0.384) (0.000,0.935) (0.000,0.114) (0.000,0.166) (0.000,0.111) (0.000,0.988) (0.000,0.178) (0.000,0.244) 
111      378    (0)    1 :  0.006 0.929 0.016 0.006 0.005 0.007 0.016 0.016     (0.000,0.033) (0.718,1.000) (0.000,0.110) (0.000,0.034) (0.000,0.025) (0.000,0.035) (0.000,0.109) (0.000,0.103) 
112      388    (0)    1 :  0.682 0.033 0.012 0.043 0.016 0.012 0.011 0.192     (0.000,1.000) (0.000,0.239) (0.000,0.074) (0.000,0.283) (0.000,0.100) (0.000,0.067) (0.000,0.068) (0.000,0.912) 
113      391    (0)    1 :  0.015 0.176 0.014 0.020 0.012 0.008 0.444 0.311     (0.000,0.099) (0.000,0.540) (0.000,0.087) (0.000,0.077) (0.000,0.063) (0.000,0.046) (0.000,0.863) (0.000,0.907) 
114      401    (0)    1 :  0.010 0.012 0.204 0.211 0.169 0.255 0.123 0.016     (0.000,0.057) (0.000,0.069) (0.000,0.652) (0.000,0.989) (0.000,0.746) (0.000,0.714) (0.000,0.623) (0.000,0.094) 
115      406    (0)    1 :  0.101 0.016 0.034 0.048 0.051 0.016 0.088 0.647     (0.000,0.694) (0.000,0.099) (0.000,0.240) (0.000,0.352) (0.000,0.366) (0.000,0.102) (0.000,0.560) (0.000,1.000) 
116      412    (7)    1 :  0.115 0.039 0.062 0.049 0.024 0.034 0.027 0.651     (0.000,0.845) (0.000,0.291) (0.000,0.458) (0.000,0.374) (0.000,0.139) (0.000,0.251) (0.000,0.192) (0.000,1.000) 
117      413    (0)    1 :  0.038 0.009 0.643 0.207 0.024 0.037 0.005 0.038     (0.000,0.275) (0.000,0.052) (0.000,1.000) (0.000,0.899) (0.000,0.169) (0.000,0.268) (0.000,0.028) (0.000,0.255) 
118      421    (0)    1 :  0.018 0.010 0.041 0.021 0.015 0.836 0.018 0.040     (0.000,0.122) (0.000,0.061) (0.000,0.290) (0.000,0.124) (0.000,0.102) (0.473,1.000) (0.000,0.127) (0.000,0.260) 
119      423    (0)    1 :  0.046 0.010 0.014 0.018 0.026 0.867 0.011 0.008     (0.000,0.340) (0.000,0.064) (0.000,0.088) (0.000,0.070) (0.000,0.170) (0.433,1.000) (0.000,0.071) (0.000,0.047) 
120      424    (0)    1 :  0.021 0.028 0.034 0.015 0.022 0.011 0.182 0.686     (0.000,0.142) (0.000,0.197) (0.000,0.250) (0.000,0.075) (0.000,0.137) (0.000,0.069) (0.000,0.896) (0.000,1.000) 
121      426    (0)    1 :  0.013 0.665 0.025 0.031 0.030 0.033 0.104 0.099     (0.000,0.075) (0.000,1.000) (0.000,0.174) (0.000,0.224) (0.000,0.212) (0.000,0.228) (0.000,0.529) (0.000,0.777) 
122      430    (7)    1 :  0.025 0.013 0.132 0.018 0.006 0.013 0.024 0.769     (0.000,0.159) (0.000,0.078) (0.000,0.748) (0.000,0.110) (0.000,0.032) (0.000,0.072) (0.000,0.158) (0.000,1.000) 
123      435    (0)    1 :  0.020 0.014 0.921 0.005 0.004 0.008 0.004 0.023     (0.000,0.139) (0.000,0.096) (0.659,1.000) (0.000,0.026) (0.000,0.023) (0.000,0.046) (0.000,0.024) (0.000,0.152) 
124      476    (0)    1 :  0.005 0.013 0.021 0.018 0.028 0.154 0.751 0.010     (0.000,0.027) (0.000,0.093) (0.000,0.151) (0.000,0.106) (0.000,0.189) (0.000,0.630) (0.291,1.000) (0.000,0.063) 
125      478    (0)    1 :  0.010 0.016 0.007 0.014 0.031 0.202 0.701 0.018     (0.000,0.065) (0.000,0.102) (0.000,0.042) (0.000,0.094) (0.000,0.216) (0.000,0.692) (0.230,0.998) (0.000,0.123) 
126      484    (0)    1 :  0.602 0.009 0.032 0.016 0.007 0.007 0.018 0.309     (0.008,1.000) (0.000,0.051) (0.000,0.235) (0.000,0.086) (0.000,0.037) (0.000,0.041) (0.000,0.122) (0.000,0.849) 
127      489    (0)    1 :  0.202 0.648 0.012 0.011 0.006 0.055 0.007 0.060     (0.000,0.611) (0.000,1.000) (0.000,0.055) (0.000,0.042) (0.000,0.029) (0.000,0.406) (0.000,0.037) (0.000,0.500) 
128      492   (14)    1 :  0.006 0.004 0.006 0.794 0.148 0.004 0.004 0.033     (0.000,0.031) (0.000,0.022) (0.000,0.031) (0.000,1.000) (0.000,0.995) (0.000,0.022) (0.000,0.021) (0.000,0.139) 
129      493    (0)    1 :  0.007 0.010 0.008 0.012 0.938 0.008 0.007 0.011     (0.000,0.040) (0.000,0.059) (0.000,0.046) (0.000,0.052) (0.731,1.000) (0.000,0.045) (0.000,0.040) (0.000,0.073) 
130      494    (0)    1 :  0.008 0.040 0.009 0.065 0.840 0.022 0.010 0.006     (0.000,0.048) (0.000,0.284) (0.000,0.052) (0.000,0.585) (0.222,1.000) (0.000,0.157) (0.000,0.058) (0.000,0.031) 
131      500    (0)    1 :  0.004 0.009 0.004 0.009 0.008 0.903 0.055 0.006     (0.000,0.024) (0.000,0.053) (0.000,0.023) (0.000,0.028) (0.000,0.047) (0.515,1.000) (0.000,0.407) (0.000,0.035) 
132      504    (0)    1 :  0.660 0.049 0.020 0.097 0.034 0.048 0.011 0.080     (0.000,0.999) (0.000,0.303) (0.000,0.131) (0.000,0.531) (0.000,0.240) (0.000,0.322) (0.000,0.071) (0.000,0.529) 
133      506    (0)    1 :  0.941 0.005 0.004 0.005 0.005 0.014 0.015 0.010     (0.722,1.000) (0.000,0.028) (0.000,0.022) (0.000,0.024) (0.000,0.026) (0.000,0.093) (0.000,0.101) (0.000,0.042) 


Estimated Allele Frequencies in each cluster
First column gives estimated ancestral frequencies


Locus 1 : Rsu5 
5 alleles
0.0% missing data
 137   (0.736) 0.449 0.918 0.797 0.423 0.670 0.969 0.970 0.871 
 135   (0.089) 0.017 0.043 0.047 0.037 0.119 0.009 0.016 0.096 
 139   (0.102) 0.012 0.034 0.072 0.515 0.170 0.016 0.009 0.019 
 133   (0.024) 0.003 0.002 0.003 0.008 0.026 0.002 0.001 0.002 
 131   (0.050) 0.520 0.003 0.082 0.018 0.015 0.004 0.003 0.011 

Locus 2 : Scv1 
5 alleles
0.0% missing data
 181   (0.536) 0.367 0.795 0.343 0.308 0.691 0.595 0.959 0.365 
 179   (0.190) 0.099 0.064 0.216 0.529 0.148 0.140 0.016 0.350 
 177   (0.119) 0.218 0.128 0.089 0.062 0.065 0.018 0.013 0.246 
 185   (0.127) 0.313 0.010 0.348 0.086 0.062 0.245 0.010 0.036 
 171   (0.029) 0.003 0.003 0.004 0.016 0.035 0.002 0.002 0.003 

Locus 3 : Rsu4 
9 alleles
0.0% missing data
 267   (0.205) 0.158 0.084 0.078 0.499 0.292 0.271 0.141 0.038 
 263   (0.327) 0.343 0.810 0.494 0.233 0.252 0.231 0.522 0.433 
 259   (0.051) 0.006 0.035 0.006 0.020 0.015 0.248 0.213 0.008 
 287   (0.162) 0.188 0.040 0.049 0.081 0.130 0.204 0.106 0.405 
 275   (0.039) 0.004 0.003 0.011 0.020 0.117 0.003 0.002 0.008 
 279   (0.072) 0.011 0.012 0.218 0.067 0.077 0.008 0.006 0.020 
 283   (0.079) 0.282 0.006 0.136 0.042 0.049 0.007 0.005 0.078 
 291   (0.038) 0.005 0.009 0.005 0.028 0.026 0.026 0.003 0.006 
 271   (0.026) 0.003 0.002 0.003 0.011 0.042 0.002 0.002 0.003 

Locus 4 : Rsu6 
5 alleles
0.0% missing data
 120   (0.248) 0.075 0.539 0.209 0.164 0.207 0.268 0.278 0.377 
 126   (0.607) 0.906 0.387 0.770 0.741 0.634 0.520 0.558 0.606 
 124   (0.091) 0.013 0.070 0.014 0.077 0.061 0.190 0.160 0.011 
 130   (0.031) 0.003 0.002 0.004 0.010 0.091 0.003 0.002 0.003 
 114   (0.023) 0.003 0.002 0.003 0.008 0.007 0.020 0.002 0.002 

Locus 5 : Scv23 
3 alleles
0.8% missing data
 158   (0.527) 0.767 0.492 0.592 0.578 0.460 0.743 0.373 0.466 
 164   (0.189) 0.122 0.069 0.029 0.279 0.262 0.049 0.435 0.261 
 160   (0.284) 0.111 0.440 0.379 0.143 0.278 0.208 0.192 0.272 

Locus 6 : Scv13 
5 alleles
0.0% missing data
 182   (0.720) 0.885 0.974 0.616 0.863 0.679 0.904 0.805 0.908 
 180   (0.090) 0.010 0.012 0.014 0.047 0.116 0.073 0.165 0.016 
 172   (0.085) 0.086 0.006 0.230 0.035 0.063 0.008 0.006 0.053 
 184   (0.066) 0.015 0.005 0.014 0.034 0.121 0.012 0.022 0.013 
 174   (0.039) 0.005 0.003 0.126 0.021 0.021 0.003 0.003 0.010 

Locus 7 : Scv32 
18 alleles
0.8% missing data
 236   (0.037) 0.004 0.003 0.005 0.021 0.134 0.003 0.002 0.005 
 238   (0.043) 0.083 0.005 0.007 0.021 0.024 0.004 0.003 0.197 
 234   (0.139) 0.095 0.074 0.629 0.116 0.065 0.021 0.349 0.357 
 246   (0.049) 0.009 0.008 0.012 0.022 0.015 0.177 0.317 0.006 
 248   (0.091) 0.022 0.411 0.012 0.219 0.111 0.152 0.007 0.049 
 262   (0.113) 0.044 0.176 0.042 0.203 0.057 0.235 0.022 0.097 
 232   (0.174) 0.449 0.014 0.093 0.089 0.371 0.161 0.143 0.072 
 250   (0.027) 0.003 0.267 0.003 0.013 0.008 0.003 0.004 0.026 
 228   (0.027) 0.004 0.003 0.004 0.018 0.030 0.003 0.002 0.003 
 220   (0.044) 0.005 0.007 0.006 0.026 0.016 0.200 0.076 0.006 
 264   (0.050) 0.006 0.006 0.012 0.021 0.053 0.007 0.038 0.114 
 252   (0.043) 0.085 0.004 0.082 0.018 0.014 0.014 0.004 0.009 
 254   (0.050) 0.074 0.006 0.075 0.154 0.019 0.004 0.003 0.033 
 242   (0.022) 0.002 0.002 0.003 0.010 0.041 0.002 0.001 0.002 
 266   (0.023) 0.053 0.002 0.004 0.015 0.008 0.002 0.002 0.013 
 244   (0.029) 0.057 0.011 0.004 0.016 0.010 0.009 0.002 0.004 
 226   (0.020) 0.002 0.001 0.002 0.008 0.006 0.002 0.024 0.003 
 240   (0.019) 0.002 0.001 0.004 0.009 0.018 0.002 0.001 0.002 

Locus 8 : Scv8 
6 alleles
0.8% missing data
 200   (0.624) 0.622 0.831 0.373 0.781 0.637 0.661 0.842 0.836 
 202   (0.095) 0.093 0.007 0.052 0.060 0.170 0.009 0.006 0.066 
 194   (0.095) 0.011 0.017 0.162 0.047 0.042 0.121 0.138 0.052 
 204   (0.052) 0.006 0.130 0.009 0.048 0.025 0.035 0.004 0.010 
 198   (0.063) 0.008 0.010 0.011 0.031 0.089 0.169 0.005 0.011 
 188   (0.071) 0.260 0.005 0.393 0.034 0.038 0.006 0.005 0.025 

Locus 9 : Scv9 
5 alleles
0.0% missing data
 198   (0.313) 0.274 0.484 0.477 0.424 0.204 0.102 0.419 0.677 
 200   (0.346) 0.314 0.389 0.123 0.382 0.509 0.516 0.380 0.102 
 196   (0.272) 0.399 0.122 0.289 0.168 0.267 0.376 0.035 0.211 
 204   (0.046) 0.009 0.004 0.085 0.018 0.014 0.004 0.165 0.008 
 202   (0.023) 0.004 0.002 0.025 0.009 0.007 0.002 0.001 0.003 

Locus 10 : Rsu1 
6 alleles
0.0% missing data
 189   (0.303) 0.101 0.048 0.305 0.395 0.511 0.055 0.478 0.237 
 185   (0.280) 0.785 0.053 0.155 0.380 0.194 0.255 0.157 0.506 
 177   (0.084) 0.060 0.012 0.037 0.063 0.045 0.140 0.012 0.014 
 181   (0.232) 0.043 0.837 0.490 0.110 0.219 0.206 0.046 0.226 
 193   (0.059) 0.006 0.046 0.008 0.038 0.018 0.256 0.079 0.013 
 197   (0.042) 0.005 0.004 0.005 0.014 0.012 0.088 0.228 0.005 

Locus 11 : Scv14 
7 alleles
4.5% missing data
 196   (0.528) 0.626 0.914 0.684 0.254 0.478 0.788 0.927 0.496 
 198   (0.080) 0.025 0.008 0.035 0.042 0.101 0.007 0.006 0.262 
 194   (0.140) 0.062 0.044 0.184 0.073 0.208 0.094 0.022 0.036 
 202   (0.182) 0.278 0.019 0.079 0.594 0.171 0.101 0.039 0.190 
 204   (0.023) 0.002 0.002 0.003 0.009 0.022 0.002 0.002 0.003 
 190   (0.023) 0.003 0.010 0.003 0.014 0.009 0.006 0.002 0.005 
 200   (0.024) 0.003 0.002 0.012 0.013 0.010 0.002 0.002 0.009 

Locus 12 : Scv16 
7 alleles
0.0% missing data
 182   (0.410) 0.311 0.791 0.585 0.712 0.252 0.561 0.217 0.548 
 184   (0.405) 0.632 0.194 0.187 0.216 0.541 0.275 0.762 0.400 
 188   (0.062) 0.007 0.005 0.007 0.020 0.141 0.153 0.013 0.007 
 200   (0.023) 0.003 0.002 0.003 0.008 0.025 0.002 0.001 0.003 
 198   (0.041) 0.020 0.005 0.138 0.021 0.013 0.004 0.003 0.029 
 190   (0.038) 0.025 0.003 0.075 0.014 0.011 0.003 0.003 0.010 
 186   (0.022) 0.003 0.002 0.005 0.010 0.017 0.002 0.001 0.003 

Locus 13 : Scv31 
15 alleles
3.0% missing data
 193   (0.122) 0.130 0.626 0.039 0.135 0.088 0.025 0.016 0.220 
 201   (0.110) 0.065 0.080 0.015 0.118 0.221 0.043 0.022 0.018 
 187   (0.087) 0.136 0.051 0.012 0.054 0.028 0.278 0.303 0.016 
 207   (0.033) 0.004 0.002 0.004 0.012 0.010 0.042 0.360 0.004 
 195   (0.064) 0.251 0.027 0.024 0.031 0.020 0.129 0.007 0.012 
 185   (0.169) 0.139 0.017 0.263 0.108 0.133 0.031 0.219 0.503 
 189   (0.059) 0.006 0.151 0.007 0.021 0.216 0.005 0.004 0.007 
 205   (0.024) 0.003 0.002 0.004 0.011 0.018 0.002 0.002 0.003 
 191   (0.137) 0.018 0.027 0.548 0.091 0.061 0.365 0.053 0.182 
 197   (0.027) 0.190 0.004 0.003 0.012 0.008 0.004 0.004 0.004 
 199   (0.059) 0.045 0.005 0.067 0.028 0.070 0.005 0.004 0.007 
 203   (0.029) 0.003 0.002 0.003 0.012 0.068 0.003 0.002 0.003 
 209   (0.026) 0.003 0.003 0.005 0.024 0.028 0.002 0.002 0.012 
 213   (0.027) 0.003 0.002 0.003 0.332 0.024 0.002 0.002 0.006 
 181   (0.026) 0.003 0.002 0.003 0.009 0.008 0.062 0.003 0.003 

Locus 14 : Scv6 
8 alleles
0.0% missing data
 191   (0.108) 0.020 0.247 0.013 0.245 0.192 0.179 0.008 0.017 
 195   (0.353) 0.603 0.436 0.227 0.182 0.299 0.504 0.656 0.513 
 197   (0.221) 0.227 0.285 0.279 0.133 0.125 0.282 0.286 0.225 
 201   (0.079) 0.009 0.009 0.118 0.070 0.135 0.007 0.005 0.067 
 205   (0.026) 0.003 0.002 0.003 0.008 0.048 0.002 0.002 0.003 
 193   (0.096) 0.084 0.008 0.200 0.052 0.116 0.010 0.007 0.091 
 199   (0.092) 0.051 0.012 0.156 0.300 0.041 0.013 0.036 0.083 
 181   (0.025) 0.003 0.002 0.003 0.010 0.045 0.002 0.002 0.003 

Values of parameters used in structure:
DATAFILE=M:\STRUCTURE\Squirrel_133_ID_14L_20250816\project_data,	OUTFILE=M:\STRUCTURE\Squirrel_133_ID_14L_20250816\10k_Burnin_100k_MCMC\Results\10k_Burnin_100k_MCMC_run_179,	NUMINDS=133,	NUMLOCI=14,	MISSING=-9,	LABEL=1,	POPDATA=1,	POPFLAG=0,	PHENOTYPE=0,	EXTRACOLS=1,	MAXPOPS=8,	BURNIN=10000,	NUMREPS=100000,	USEPOPINFO=0,	INFERALPHA=1,	INFERLAMBDA=1,	POPSPECIFICLAMBDA=0,	POPALPHAS=0,	COMPUTEPROB=1,	NOADMIX=0,	ADMBURNIN=2500,	UPDATEFREQ=1,	PRINTLIKES=0,	INTERMEDSAVE=0,	PRINTKLD=0,	PRINTNET=0,	PRINTLAMBDA=0,	ANCESTDIST=1,	NUMBOXES=1000,	ANCESTPINT=0.90000,	GENSBACK=2,	MIGRPRIOR=0.05000,	PRINTQHAT=1,	PRINTQSUM=0,	ALPHA=1.0000,	FREQSCORR=1,	FPRIORMEAN=0.0100,	FPRIORSD=0.0500,	ONEFST=0,	LAMBDA=1.0000,	UNIFPRIORALPHA=1,	ALPHAMAX=10.0000,	ALPHAPRIORA=1.0000,	ALPHAPRIORB=2.0000,	ALPHAPROPSD=0.0250,	STARTATPOPINFO=0,	RANDOMIZE=1,	LINKAGE=0,	METROFREQ=10,	REPORTHITRATE=0,	MARKOVPHASE=-1,	PHASED=0,	PLOIDY=2,	PHASEINFO=0	LOCPRIOR=0, 	LOCPRIORINIT=1.000000, 	LOCDATA=0, 	LOCISPOP=0, 	LOCPRIORSTEP=0.100000, 	MAXLOCPRIOR=20.000000, 	SEED=1763721775,	
[STRAT parameters]:    NUMSIMSTATS=1000,	PHENOTYPECOL=-9,	POOLFREQ=10,	LOCUSxONLY=0,	EMERROR=0.00100,	MISSINGPHENO=-9,	