

----------------------------------------------------
STRUCTURE by Pritchard, Stephens and Donnelly (2000)
     and Falush, Stephens and Pritchard (2003)
       Code by Pritchard, Falush and Hubisz
             Version 2.3.4 (Jul 2012)
----------------------------------------------------



Command line arguments:   bin\structure -m M:\STRUCTURE\Squirrel_133_ID_14L_20250816\10k_Burnin_100k_MCMC\mainparams -e M:\STRUCTURE\Squirrel_133_ID_14L_20250816\10k_Burnin_100k_MCMC\extraparams 
Input File:    M:\STRUCTURE\Squirrel_133_ID_14L_20250816\project_data

Run parameters:
   133 individuals
   14 loci
   3 populations assumed
   10000 Burn-in period
   100000 Reps


--------------------------------------------
Proportion of membership of each pre-defined
 population in each of the 3 clusters

Given    Inferred Clusters       Number of
 Pop       1      2      3      Individuals

  1:     0.207  0.424  0.369      133
--------------------------------------------

Allele-freq. divergence among pops (Net nucleotide distance),
computed using point estimates of P.

      1       2       3      
 1      -    0.0369  0.0381  
 2   0.0369     -    0.0455  
 3   0.0381  0.0455     -    

Average distances (expected heterozygosity) between individuals in same cluster:
cluster  1  : 0.6708 
cluster  2  : 0.5444 
cluster  3  : 0.6063 

--------------------------------------------
Estimated Ln Prob of Data   = -4524.0
Mean value of ln likelihood = -4394.1
Variance of ln likelihood   = 259.8
Mean value of alpha         = 0.0394

Mean value of lambda        = 1.0179

Mean value of Fst_1         = 0.0243
Mean value of Fst_2         = 0.1520
Mean value of Fst_3         = 0.1362


Inferred ancestry of individuals:
        Label (%Miss) Pop:  Inferred clusters (and 90% probability intervals)
  1       1*    (0)    1 :  0.970 0.014 0.016     (0.804,1.000) (0.000,0.086) (0.000,0.099) 
  2        3    (0)    1 :  0.009 0.981 0.010     (0.000,0.047) (0.880,1.000) (0.000,0.058) 
  3        6    (0)    1 :  0.007 0.971 0.022     (0.000,0.035) (0.808,1.000) (0.000,0.154) 
  4        8    (0)    1 :  0.015 0.980 0.006     (0.000,0.084) (0.877,1.000) (0.000,0.030) 
  5       10    (0)    1 :  0.011 0.983 0.006     (0.000,0.047) (0.905,1.000) (0.000,0.029) 
  6       11    (0)    1 :  0.868 0.104 0.028     (0.021,1.000) (0.000,0.788) (0.000,0.199) 
  7       12    (0)    1 :  0.019 0.970 0.011     (0.000,0.084) (0.835,1.000) (0.000,0.057) 
  8       16    (7)    1 :  0.010 0.984 0.006     (0.000,0.052) (0.903,1.000) (0.000,0.033) 
  9       18    (0)    1 :  0.986 0.009 0.005     (0.911,1.000) (0.000,0.054) (0.000,0.026) 
 10       19    (0)    1 :  0.937 0.028 0.036     (0.603,1.000) (0.000,0.202) (0.000,0.254) 
 11       21    (7)    1 :  0.009 0.982 0.009     (0.000,0.050) (0.884,1.000) (0.000,0.049) 
 12       23    (7)    1 :  0.033 0.716 0.251     (0.000,0.200) (0.000,1.000) (0.000,1.000) 
 13       24    (7)    1 :  0.633 0.350 0.018     (0.000,1.000) (0.000,1.000) (0.000,0.117) 
 14       25    (7)    1 :  0.065 0.900 0.035     (0.000,0.480) (0.424,1.000) (0.000,0.270) 
 15      26*    (0)    1 :  0.015 0.981 0.005     (0.000,0.099) (0.876,1.000) (0.000,0.025) 
 16       28    (0)    1 :  0.006 0.989 0.005     (0.000,0.029) (0.932,1.000) (0.000,0.028) 
 17       29    (0)    1 :  0.034 0.960 0.006     (0.000,0.172) (0.795,1.000) (0.000,0.031) 
 18       30    (0)    1 :  0.117 0.655 0.228     (0.000,1.000) (0.000,1.000) (0.000,0.948) 
 19       33    (0)    1 :  0.979 0.005 0.017     (0.862,1.000) (0.000,0.024) (0.000,0.110) 
 20       37    (0)    1 :  0.978 0.015 0.007     (0.861,1.000) (0.000,0.087) (0.000,0.037) 
 21       38    (0)    1 :  0.983 0.013 0.004     (0.897,1.000) (0.000,0.074) (0.000,0.022) 
 22       43    (0)    1 :  0.017 0.977 0.007     (0.000,0.095) (0.861,1.000) (0.000,0.037) 
 23       44    (0)    1 :  0.008 0.984 0.009     (0.000,0.040) (0.897,1.000) (0.000,0.049) 
 24       48    (0)    1 :  0.985 0.010 0.005     (0.907,1.000) (0.000,0.054) (0.000,0.026) 
 25       55    (0)    1 :  0.008 0.978 0.014     (0.000,0.043) (0.855,1.000) (0.000,0.092) 
 26       59    (0)    1 :  0.016 0.975 0.009     (0.000,0.075) (0.856,1.000) (0.000,0.049) 
 27       60    (0)    1 :  0.164 0.018 0.818     (0.000,1.000) (0.000,0.115) (0.000,1.000) 
 28       61    (0)    1 :  0.007 0.008 0.985     (0.000,0.037) (0.000,0.044) (0.906,1.000) 
 29       62    (0)    1 :  0.035 0.051 0.914     (0.000,0.213) (0.000,0.351) (0.339,1.000) 
 30       65    (0)    1 :  0.979 0.006 0.015     (0.864,1.000) (0.000,0.030) (0.000,0.104) 
 31       73    (0)    1 :  0.026 0.046 0.928     (0.000,0.164) (0.000,0.319) (0.600,1.000) 
 32       75    (0)    1 :  0.016 0.005 0.978     (0.000,0.107) (0.000,0.028) (0.863,1.000) 
 33       76    (0)    1 :  0.005 0.007 0.987     (0.000,0.027) (0.000,0.040) (0.923,1.000) 
 34       77    (0)    1 :  0.011 0.007 0.982     (0.000,0.057) (0.000,0.034) (0.891,1.000) 
 35       78    (0)    1 :  0.008 0.008 0.984     (0.000,0.041) (0.000,0.042) (0.906,1.000) 
 36       79    (0)    1 :  0.020 0.004 0.976     (0.000,0.143) (0.000,0.022) (0.839,1.000) 
 37       84    (0)    1 :  0.013 0.960 0.026     (0.000,0.078) (0.740,1.000) (0.000,0.198) 
 38       85    (0)    1 :  0.055 0.929 0.016     (0.000,0.391) (0.549,1.000) (0.000,0.102) 
 39       86    (0)    1 :  0.133 0.825 0.042     (0.000,0.971) (0.000,1.000) (0.000,0.313) 
 40       89    (0)    1 :  0.025 0.951 0.024     (0.000,0.171) (0.685,1.000) (0.000,0.174) 
 41       94    (0)    1 :  0.091 0.904 0.006     (0.000,0.945) (0.015,1.000) (0.000,0.026) 
 42       95    (0)    1 :  0.033 0.944 0.023     (0.000,0.176) (0.657,1.000) (0.000,0.162) 
 43       96    (0)    1 :  0.007 0.984 0.009     (0.000,0.037) (0.900,1.000) (0.000,0.048) 
 44       98    (0)    1 :  0.011 0.009 0.980     (0.000,0.054) (0.000,0.052) (0.879,1.000) 
 45      102    (0)    1 :  0.971 0.017 0.012     (0.811,1.000) (0.000,0.115) (0.000,0.075) 
 46      105    (0)    1 :  0.022 0.010 0.968     (0.000,0.153) (0.000,0.055) (0.797,1.000) 
 47      106    (0)    1 :  0.043 0.065 0.892     (0.000,0.268) (0.000,0.331) (0.534,1.000) 
 48      108    (0)    1 :  0.079 0.016 0.906     (0.000,0.511) (0.000,0.101) (0.460,1.000) 
 49      109    (0)    1 :  0.010 0.018 0.972     (0.000,0.051) (0.000,0.135) (0.814,1.000) 
 50      112    (0)    1 :  0.079 0.685 0.236     (0.000,0.640) (0.000,1.000) (0.000,1.000) 
 51      115    (0)    1 :  0.957 0.024 0.019     (0.720,1.000) (0.000,0.156) (0.000,0.110) 
 52      116    (0)    1 :  0.047 0.936 0.017     (0.000,0.317) (0.619,1.000) (0.000,0.111) 
 53      117    (0)    1 :  0.008 0.971 0.020     (0.000,0.043) (0.819,1.000) (0.000,0.132) 
 54      129    (0)    1 :  0.006 0.989 0.005     (0.000,0.031) (0.937,1.000) (0.000,0.023) 
 55      132    (0)    1 :  0.567 0.062 0.372     (0.000,1.000) (0.000,0.456) (0.000,1.000) 
 56      133    (0)    1 :  0.008 0.006 0.986     (0.000,0.041) (0.000,0.031) (0.916,1.000) 
 57      137    (7)    1 :  0.010 0.013 0.978     (0.000,0.049) (0.000,0.068) (0.864,1.000) 
 58      139    (0)    1 :  0.035 0.010 0.955     (0.000,0.235) (0.000,0.057) (0.718,1.000) 
 59      140    (0)    1 :  0.015 0.014 0.971     (0.000,0.071) (0.000,0.076) (0.829,1.000) 
 60      142    (0)    1 :  0.008 0.013 0.979     (0.000,0.043) (0.000,0.076) (0.868,1.000) 
 61      144    (0)    1 :  0.008 0.007 0.986     (0.000,0.041) (0.000,0.035) (0.912,1.000) 
 62      145    (0)    1 :  0.011 0.015 0.974     (0.000,0.049) (0.000,0.083) (0.849,1.000) 
 63      147    (0)    1 :  0.007 0.006 0.986     (0.000,0.037) (0.000,0.036) (0.916,1.000) 
 64      160    (0)    1 :  0.027 0.966 0.007     (0.000,0.096) (0.850,1.000) (0.000,0.032) 
 65     162*    (0)    1 :  0.008 0.982 0.010     (0.000,0.039) (0.888,1.000) (0.000,0.058) 
 66      166    (0)    1 :  0.009 0.007 0.984     (0.000,0.038) (0.000,0.036) (0.910,1.000) 
 67      177    (0)    1 :  0.007 0.005 0.988     (0.000,0.033) (0.000,0.024) (0.932,1.000) 
 68      178    (0)    1 :  0.012 0.013 0.975     (0.000,0.063) (0.000,0.078) (0.845,1.000) 
 69      186    (0)    1 :  0.008 0.985 0.007     (0.000,0.045) (0.906,1.000) (0.000,0.035) 
 70      189    (0)    1 :  0.011 0.983 0.007     (0.000,0.048) (0.901,1.000) (0.000,0.036) 
 71      190    (0)    1 :  0.014 0.977 0.009     (0.000,0.076) (0.862,1.000) (0.000,0.045) 
 72      191    (0)    1 :  0.007 0.979 0.014     (0.000,0.037) (0.861,1.000) (0.000,0.094) 
 73      193    (0)    1 :  0.012 0.099 0.889     (0.000,0.061) (0.000,0.993) (0.000,1.000) 
 74      202    (0)    1 :  0.289 0.690 0.020     (0.000,1.000) (0.000,1.000) (0.000,0.136) 
 75      204    (0)    1 :  0.004 0.992 0.004     (0.000,0.021) (0.950,1.000) (0.000,0.021) 
 76      211    (0)    1 :  0.043 0.024 0.933     (0.000,0.244) (0.000,0.174) (0.578,1.000) 
 77      216    (0)    1 :  0.007 0.007 0.987     (0.000,0.031) (0.000,0.034) (0.922,1.000) 
 78      222    (0)    1 :  0.068 0.010 0.922     (0.000,0.529) (0.000,0.048) (0.453,1.000) 
 79      224    (0)    1 :  0.014 0.976 0.010     (0.000,0.072) (0.850,1.000) (0.000,0.060) 
 80      226    (0)    1 :  0.074 0.914 0.012     (0.000,0.542) (0.439,1.000) (0.000,0.071) 
 81      229    (0)    1 :  0.177 0.783 0.040     (0.000,1.000) (0.000,1.000) (0.000,0.305) 
 82      230    (0)    1 :  0.057 0.905 0.038     (0.000,0.394) (0.513,1.000) (0.000,0.237) 
 83      232    (0)    1 :  0.019 0.929 0.053     (0.000,0.088) (0.540,1.000) (0.000,0.391) 
 84      238    (0)    1 :  0.809 0.015 0.176     (0.135,1.000) (0.000,0.102) (0.000,0.828) 
 85      242    (0)    1 :  0.989 0.005 0.005     (0.934,1.000) (0.000,0.028) (0.000,0.027) 
 86      243    (0)    1 :  0.922 0.018 0.060     (0.555,1.000) (0.000,0.113) (0.000,0.404) 
 87      244    (0)    1 :  0.955 0.012 0.033     (0.709,1.000) (0.000,0.073) (0.000,0.252) 
 88      251    (0)    1 :  0.921 0.048 0.031     (0.524,1.000) (0.000,0.363) (0.000,0.223) 
 89      266    (0)    1 :  0.386 0.008 0.605     (0.000,1.000) (0.000,0.046) (0.000,1.000) 
 90      267    (0)    1 :  0.020 0.035 0.945     (0.000,0.128) (0.000,0.267) (0.658,1.000) 
 91      268    (0)    1 :  0.009 0.007 0.985     (0.000,0.044) (0.000,0.035) (0.908,1.000) 
 92      270    (0)    1 :  0.011 0.981 0.008     (0.000,0.056) (0.880,1.000) (0.000,0.046) 
 93      276    (0)    1 :  0.012 0.951 0.036     (0.000,0.069) (0.668,1.000) (0.000,0.278) 
 94      298    (7)    1 :  0.010 0.008 0.983     (0.000,0.048) (0.000,0.042) (0.895,1.000) 
 95      306    (0)    1 :  0.033 0.007 0.960     (0.000,0.183) (0.000,0.039) (0.777,1.000) 
 96      308    (0)    1 :  0.021 0.015 0.964     (0.000,0.147) (0.000,0.096) (0.763,1.000) 
 97      311    (7)    1 :  0.235 0.021 0.744     (0.000,1.000) (0.000,0.137) (0.000,1.000) 
 98      323    (0)    1 :  0.019 0.970 0.011     (0.000,0.095) (0.821,1.000) (0.000,0.063) 
 99      327    (0)    1 :  0.016 0.975 0.009     (0.000,0.086) (0.851,1.000) (0.000,0.047) 
100      334    (0)    1 :  0.981 0.006 0.013     (0.880,1.000) (0.000,0.031) (0.000,0.081) 
101      338    (0)    1 :  0.025 0.037 0.938     (0.000,0.131) (0.000,0.242) (0.605,1.000) 
102      341    (0)    1 :  0.031 0.944 0.026     (0.000,0.196) (0.649,1.000) (0.000,0.181) 
103      346    (0)    1 :  0.017 0.045 0.938     (0.000,0.077) (0.000,0.325) (0.584,1.000) 
104      348    (0)    1 :  0.012 0.006 0.982     (0.000,0.062) (0.000,0.033) (0.893,1.000) 
105      351    (0)    1 :  0.943 0.019 0.038     (0.643,1.000) (0.000,0.120) (0.000,0.257) 
106      362    (0)    1 :  0.005 0.989 0.005     (0.000,0.026) (0.937,1.000) (0.000,0.028) 
107      364    (0)    1 :  0.979 0.008 0.013     (0.869,1.000) (0.000,0.041) (0.000,0.076) 
108      366    (0)    1 :  0.965 0.016 0.018     (0.777,1.000) (0.000,0.100) (0.000,0.110) 
109      376    (0)    1 :  0.009 0.984 0.007     (0.000,0.047) (0.902,1.000) (0.000,0.038) 
110      377    (7)    1 :  0.034 0.874 0.092     (0.000,0.217) (0.367,1.000) (0.000,0.537) 
111      378    (0)    1 :  0.006 0.981 0.012     (0.000,0.030) (0.890,1.000) (0.000,0.067) 
112      388    (0)    1 :  0.024 0.023 0.954     (0.000,0.156) (0.000,0.161) (0.702,1.000) 
113      391    (0)    1 :  0.043 0.764 0.193     (0.000,0.284) (0.000,1.000) (0.000,1.000) 
114      401    (0)    1 :  0.504 0.414 0.082     (0.000,1.000) (0.000,0.992) (0.000,0.501) 
115      406    (0)    1 :  0.100 0.064 0.836     (0.000,0.992) (0.000,0.497) (0.000,1.000) 
116      412    (7)    1 :  0.030 0.082 0.887     (0.000,0.162) (0.000,0.636) (0.143,1.000) 
117      413    (0)    1 :  0.068 0.014 0.918     (0.000,0.441) (0.000,0.074) (0.516,1.000) 
118      421    (0)    1 :  0.026 0.927 0.047     (0.000,0.169) (0.558,1.000) (0.000,0.350) 
119      423    (0)    1 :  0.115 0.812 0.073     (0.000,0.992) (0.000,1.000) (0.000,0.515) 
120      424    (0)    1 :  0.042 0.191 0.767     (0.000,0.285) (0.000,1.000) (0.000,1.000) 
121      426    (0)    1 :  0.019 0.963 0.018     (0.000,0.100) (0.774,1.000) (0.000,0.109) 
122      430    (7)    1 :  0.007 0.019 0.974     (0.000,0.036) (0.000,0.115) (0.841,1.000) 
123      435    (0)    1 :  0.004 0.008 0.987     (0.000,0.023) (0.000,0.043) (0.924,1.000) 
124      476    (0)    1 :  0.021 0.973 0.007     (0.000,0.146) (0.825,1.000) (0.000,0.034) 
125      478    (0)    1 :  0.008 0.986 0.006     (0.000,0.047) (0.911,1.000) (0.000,0.032) 
126      484    (0)    1 :  0.006 0.008 0.985     (0.000,0.033) (0.000,0.047) (0.907,1.000) 
127      489    (0)    1 :  0.017 0.708 0.275     (0.000,0.073) (0.000,1.000) (0.000,1.000) 
128      492   (14)    1 :  0.978 0.007 0.016     (0.856,1.000) (0.000,0.034) (0.000,0.098) 
129      493    (0)    1 :  0.985 0.008 0.008     (0.902,1.000) (0.000,0.041) (0.000,0.045) 
130      494    (0)    1 :  0.972 0.021 0.007     (0.815,1.000) (0.000,0.154) (0.000,0.036) 
131      500    (0)    1 :  0.009 0.987 0.004     (0.000,0.039) (0.929,1.000) (0.000,0.021) 
132      504    (0)    1 :  0.115 0.064 0.821     (0.000,0.695) (0.000,0.425) (0.234,1.000) 
133      506    (0)    1 :  0.011 0.067 0.922     (0.000,0.057) (0.000,0.437) (0.541,1.000) 


Estimated Allele Frequencies in each cluster
First column gives estimated ancestral frequencies


Locus 1 : Rsu5 
5 alleles
0.0% missing data
 137   (0.673) 0.660 0.948 0.698 
 135   (0.105) 0.100 0.025 0.048 
 139   (0.156) 0.198 0.023 0.040 
 133   (0.027) 0.022 0.001 0.002 
 131   (0.040) 0.020 0.002 0.213 

Locus 2 : Scv1 
5 alleles
0.0% missing data
 181   (0.549) 0.608 0.754 0.349 
 179   (0.200) 0.202 0.091 0.214 
 177   (0.100) 0.072 0.049 0.186 
 185   (0.119) 0.084 0.103 0.249 
 171   (0.033) 0.034 0.002 0.002 

Locus 3 : Rsu4 
9 alleles
0.0% missing data
 267   (0.239) 0.285 0.185 0.089 
 263   (0.289) 0.269 0.463 0.428 
 259   (0.034) 0.017 0.187 0.002 
 287   (0.158) 0.138 0.137 0.209 
 275   (0.058) 0.082 0.003 0.007 
 279   (0.089) 0.095 0.007 0.084 
 283   (0.060) 0.048 0.003 0.176 
 291   (0.041) 0.033 0.013 0.003 
 271   (0.032) 0.034 0.002 0.002 

Locus 4 : Rsu6 
5 alleles
0.0% missing data
 120   (0.247) 0.229 0.323 0.220 
 126   (0.603) 0.629 0.516 0.769 
 124   (0.078) 0.068 0.151 0.006 
 130   (0.045) 0.060 0.002 0.003 
 114   (0.027) 0.014 0.008 0.002 

Locus 5 : Scv23 
3 alleles
0.8% missing data
 158   (0.487) 0.476 0.556 0.626 
 164   (0.244) 0.262 0.192 0.117 
 160   (0.270) 0.261 0.253 0.256 

Locus 6 : Scv13 
5 alleles
0.0% missing data
 182   (0.698) 0.698 0.891 0.808 
 180   (0.093) 0.101 0.089 0.006 
 172   (0.074) 0.064 0.004 0.129 
 184   (0.086) 0.100 0.014 0.012 
 174   (0.050) 0.037 0.002 0.045 

Locus 7 : Scv32 
18 alleles
0.8% missing data
 236   (0.053) 0.094 0.003 0.004 
 238   (0.044) 0.038 0.002 0.091 
 234   (0.098) 0.070 0.152 0.381 
 246   (0.039) 0.021 0.179 0.008 
 248   (0.108) 0.139 0.154 0.022 
 262   (0.095) 0.087 0.151 0.065 
 232   (0.206) 0.279 0.121 0.204 
 250   (0.033) 0.020 0.071 0.005 
 228   (0.028) 0.033 0.001 0.002 
 220   (0.033) 0.021 0.113 0.002 
 264   (0.059) 0.053 0.024 0.032 
 252   (0.034) 0.018 0.008 0.061 
 254   (0.039) 0.029 0.002 0.069 
 242   (0.027) 0.033 0.001 0.002 
 266   (0.027) 0.015 0.001 0.028 
 244   (0.032) 0.018 0.007 0.021 
 226   (0.023) 0.012 0.008 0.002 
 240   (0.023) 0.020 0.001 0.002 

Locus 8 : Scv8 
6 alleles
0.8% missing data
 200   (0.624) 0.659 0.770 0.599 
 202   (0.103) 0.126 0.005 0.077 
 194   (0.081) 0.051 0.102 0.072 
 204   (0.052) 0.040 0.047 0.004 
 198   (0.082) 0.084 0.073 0.007 
 188   (0.058) 0.040 0.003 0.241 

Locus 9 : Scv9 
5 alleles
0.0% missing data
 198   (0.289) 0.271 0.317 0.456 
 200   (0.376) 0.434 0.433 0.181 
 196   (0.255) 0.253 0.198 0.312 
 204   (0.054) 0.028 0.052 0.040 
 202   (0.026) 0.013 0.001 0.010 

Locus 10 : Rsu1 
6 alleles
0.0% missing data
 189   (0.370) 0.459 0.186 0.213 
 185   (0.235) 0.212 0.184 0.498 
 177   (0.080) 0.059 0.068 0.034 
 181   (0.243) 0.231 0.300 0.249 
 193   (0.037) 0.020 0.152 0.002 
 197   (0.035) 0.018 0.110 0.002 

Locus 11 : Scv14 
7 alleles
4.5% missing data
 196   (0.460) 0.440 0.851 0.617 
 198   (0.095) 0.108 0.005 0.089 
 194   (0.159) 0.171 0.063 0.091 
 202   (0.208) 0.226 0.071 0.193 
 204   (0.025) 0.022 0.001 0.002 
 190   (0.026) 0.016 0.006 0.002 
 200   (0.026) 0.017 0.001 0.006 

Locus 12 : Scv16 
7 alleles
0.0% missing data
 182   (0.359) 0.340 0.512 0.492 
 184   (0.442) 0.489 0.411 0.390 
 188   (0.087) 0.100 0.071 0.006 
 200   (0.025) 0.021 0.001 0.002 
 198   (0.031) 0.015 0.002 0.068 
 190   (0.030) 0.014 0.001 0.040 
 186   (0.026) 0.020 0.001 0.002 

Locus 13 : Scv31 
15 alleles
3.0% missing data
 193   (0.132) 0.128 0.151 0.143 
 201   (0.123) 0.165 0.053 0.026 
 187   (0.065) 0.040 0.230 0.051 
 207   (0.030) 0.015 0.139 0.002 
 195   (0.054) 0.028 0.065 0.098 
 185   (0.143) 0.140 0.094 0.303 
 189   (0.095) 0.148 0.036 0.006 
 205   (0.024) 0.021 0.001 0.002 
 191   (0.114) 0.088 0.187 0.258 
 197   (0.037) 0.021 0.009 0.061 
 199   (0.054) 0.056 0.003 0.042 
 203   (0.035) 0.046 0.002 0.002 
 209   (0.029) 0.033 0.001 0.002 
 213   (0.040) 0.059 0.002 0.003 
 181   (0.026) 0.013 0.027 0.002 

Locus 14 : Scv6 
8 alleles
0.0% missing data
 191   (0.143) 0.180 0.134 0.015 
 195   (0.331) 0.309 0.537 0.441 
 197   (0.170) 0.136 0.285 0.242 
 201   (0.104) 0.134 0.006 0.057 
 205   (0.033) 0.035 0.002 0.002 
 193   (0.093) 0.097 0.006 0.133 
 199   (0.094) 0.076 0.030 0.108 
 181   (0.032) 0.034 0.002 0.002 

Values of parameters used in structure:
DATAFILE=M:\STRUCTURE\Squirrel_133_ID_14L_20250816\project_data,	OUTFILE=M:\STRUCTURE\Squirrel_133_ID_14L_20250816\10k_Burnin_100k_MCMC\Results\10k_Burnin_100k_MCMC_run_67,	NUMINDS=133,	NUMLOCI=14,	MISSING=-9,	LABEL=1,	POPDATA=1,	POPFLAG=0,	PHENOTYPE=0,	EXTRACOLS=1,	MAXPOPS=3,	BURNIN=10000,	NUMREPS=100000,	USEPOPINFO=0,	INFERALPHA=1,	INFERLAMBDA=1,	POPSPECIFICLAMBDA=0,	POPALPHAS=0,	COMPUTEPROB=1,	NOADMIX=0,	ADMBURNIN=2500,	UPDATEFREQ=1,	PRINTLIKES=0,	INTERMEDSAVE=0,	PRINTKLD=0,	PRINTNET=0,	PRINTLAMBDA=0,	ANCESTDIST=1,	NUMBOXES=1000,	ANCESTPINT=0.90000,	GENSBACK=2,	MIGRPRIOR=0.05000,	PRINTQHAT=1,	PRINTQSUM=0,	ALPHA=1.0000,	FREQSCORR=1,	FPRIORMEAN=0.0100,	FPRIORSD=0.0500,	ONEFST=0,	LAMBDA=1.0000,	UNIFPRIORALPHA=1,	ALPHAMAX=10.0000,	ALPHAPRIORA=1.0000,	ALPHAPRIORB=2.0000,	ALPHAPROPSD=0.0250,	STARTATPOPINFO=0,	RANDOMIZE=1,	LINKAGE=0,	METROFREQ=10,	REPORTHITRATE=0,	MARKOVPHASE=-1,	PHASED=0,	PLOIDY=2,	PHASEINFO=0	LOCPRIOR=0, 	LOCPRIORINIT=1.000000, 	LOCDATA=0, 	LOCISPOP=0, 	LOCPRIORSTEP=0.100000, 	MAXLOCPRIOR=20.000000, 	SEED=1763713385,	
[STRAT parameters]:    NUMSIMSTATS=1000,	PHENOTYPECOL=-9,	POOLFREQ=10,	LOCUSxONLY=0,	EMERROR=0.00100,	MISSINGPHENO=-9,	