          1*  1 0.8944 0.0656 0.0088 0.0164 0.0148 
           3  1 0.0056 0.0062 0.0061 0.9754 0.0067 
           6  1 0.0072 0.0093 0.0195 0.9480 0.0160 
           8  1 0.0127 0.0154 0.9577 0.0087 0.0055 
          10  1 0.0115 0.8999 0.0704 0.0132 0.0050 
          11  1 0.8155 0.0318 0.0873 0.0263 0.0391 
          12  1 0.0048 0.9768 0.0063 0.0069 0.0051 
          16  1 0.0064 0.0074 0.0147 0.9662 0.0052 
          18  1 0.9663 0.0072 0.0116 0.0090 0.0059 
          19  1 0.8668 0.0131 0.0595 0.0143 0.0462 
          21  1 0.0072 0.0082 0.0280 0.9497 0.0068 
          23  1 0.0146 0.8629 0.0181 0.0273 0.0771 
          24  1 0.3640 0.4885 0.1137 0.0154 0.0184 
          25  1 0.0184 0.8222 0.0778 0.0688 0.0128 
         26*  1 0.0385 0.2382 0.5271 0.1882 0.0080 
          28  1 0.0079 0.1186 0.8304 0.0364 0.0067 
          29  1 0.0184 0.9227 0.0461 0.0071 0.0057 
          30  1 0.0862 0.0811 0.3197 0.3047 0.2083 
          33  1 0.9626 0.0071 0.0049 0.0060 0.0194 
          37  1 0.9369 0.0359 0.0097 0.0098 0.0076 
          38  1 0.9606 0.0147 0.0111 0.0091 0.0046 
          43  1 0.0107 0.8111 0.1348 0.0351 0.0083 
          44  1 0.0072 0.0064 0.7897 0.1881 0.0086 
          48  1 0.9660 0.0075 0.0073 0.0133 0.0060 
          55  1 0.0129 0.0132 0.8665 0.0894 0.0180 
          59  1 0.0073 0.0049 0.0077 0.9739 0.0062 
          60  1 0.1570 0.3424 0.0066 0.0271 0.4669 
          61  1 0.0075 0.0087 0.0079 0.0109 0.9650 
          62  1 0.0322 0.0490 0.0263 0.0140 0.8784 
          65  1 0.9590 0.0063 0.0086 0.0053 0.0207 
          73  1 0.0201 0.1529 0.0224 0.0106 0.7939 
          75  1 0.0174 0.0047 0.0059 0.0111 0.9610 
          76  1 0.0057 0.0176 0.0056 0.0060 0.9650 
          77  1 0.0114 0.0336 0.0053 0.0061 0.9435 
          78  1 0.0085 0.0089 0.0100 0.0056 0.9671 
          79  1 0.0146 0.0058 0.0067 0.0041 0.9688 
          84  1 0.0177 0.0235 0.0364 0.8858 0.0366 
          85  1 0.0116 0.0062 0.9631 0.0092 0.0100 
          86  1 0.0277 0.0159 0.9373 0.0053 0.0138 
          89  1 0.0341 0.2708 0.0204 0.6348 0.0399 
          94  1 0.0114 0.9690 0.0082 0.0066 0.0048 
          95  1 0.0127 0.0068 0.0188 0.9518 0.0099 
          96  1 0.0060 0.0108 0.9702 0.0061 0.0069 
          98  1 0.0135 0.0149 0.0088 0.0093 0.9534 
         102  1 0.9261 0.0217 0.0072 0.0324 0.0126 
         105  1 0.0247 0.0074 0.0117 0.0122 0.9440 
         106  1 0.0168 0.0056 0.0179 0.1343 0.8255 
         108  1 0.0821 0.0122 0.0199 0.0125 0.8734 
         109  1 0.0113 0.0074 0.0436 0.0305 0.9072 
         112  1 0.0821 0.2245 0.4534 0.0303 0.2096 
         115  1 0.8793 0.0705 0.0125 0.0127 0.0250 
         116  1 0.0139 0.0069 0.9613 0.0089 0.0090 
         117  1 0.0177 0.1352 0.0670 0.7592 0.0208 
         129  1 0.0077 0.0086 0.9259 0.0529 0.0047 
         132  1 0.2771 0.5540 0.0073 0.0220 0.1397 
         133  1 0.0088 0.0104 0.0054 0.0106 0.9649 
         137  1 0.0101 0.0523 0.0094 0.0130 0.9152 
         139  1 0.0297 0.0086 0.0100 0.0145 0.9372 
         140  1 0.0146 0.0069 0.0208 0.0239 0.9338 
         142  1 0.0087 0.0162 0.0072 0.0253 0.9427 
         144  1 0.0089 0.0052 0.0077 0.0114 0.9668 
         145  1 0.0093 0.0078 0.0135 0.0183 0.9511 
         147  1 0.0079 0.0047 0.0137 0.0049 0.9688 
         160  1 0.0067 0.9710 0.0095 0.0082 0.0046 
        162*  1 0.0060 0.0137 0.9675 0.0059 0.0070 
         166  1 0.0088 0.0211 0.0073 0.0137 0.9491 
         177  1 0.0067 0.0063 0.0051 0.0048 0.9771 
         178  1 0.0117 0.0337 0.0117 0.0074 0.9355 
         186  1 0.0045 0.0055 0.0057 0.9801 0.0042 
         189  1 0.0064 0.0112 0.9701 0.0066 0.0058 
         190  1 0.0273 0.1001 0.8014 0.0552 0.0161 
         191  1 0.0107 0.0198 0.6360 0.2908 0.0426 
         193  1 0.0139 0.0343 0.0211 0.0519 0.8789 
         202  1 0.1402 0.6007 0.2249 0.0194 0.0148 
         204  1 0.0049 0.0094 0.6690 0.3118 0.0049 
         211  1 0.0335 0.3761 0.0075 0.0162 0.5667 
         216  1 0.0069 0.0297 0.0069 0.0053 0.9513 
         222  1 0.0475 0.0140 0.0383 0.0065 0.8937 
         224  1 0.0077 0.0124 0.9655 0.0067 0.0076 
         226  1 0.0097 0.0058 0.0075 0.9715 0.0055 
         229  1 0.1533 0.0505 0.6495 0.0381 0.1086 
         230  1 0.0398 0.0231 0.8647 0.0348 0.0375 
         232  1 0.0414 0.4811 0.1085 0.2200 0.1490 
         238  1 0.6696 0.0132 0.0382 0.0068 0.2723 
         242  1 0.9762 0.0045 0.0070 0.0066 0.0056 
         243  1 0.8854 0.0137 0.0108 0.0337 0.0564 
         244  1 0.9202 0.0116 0.0158 0.0075 0.0448 
         251  1 0.8004 0.1220 0.0408 0.0110 0.0258 
         266  1 0.3168 0.0086 0.0092 0.0104 0.6550 
         267  1 0.0219 0.0121 0.0387 0.0930 0.8343 
         268  1 0.0097 0.0357 0.0049 0.0066 0.9430 
         270  1 0.0091 0.0154 0.9492 0.0179 0.0085 
         276  1 0.0242 0.0275 0.6200 0.2319 0.0964 
         298  1 0.0096 0.0085 0.0074 0.0142 0.9603 
         306  1 0.0400 0.0270 0.0070 0.0090 0.9169 
         308  1 0.0228 0.0563 0.0114 0.0082 0.9013 
         311  1 0.1896 0.0285 0.0317 0.0107 0.7395 
         323  1 0.0072 0.0051 0.0085 0.9742 0.0051 
         327  1 0.0297 0.3591 0.5729 0.0245 0.0137 
         334  1 0.9610 0.0078 0.0086 0.0043 0.0183 
         338  1 0.0208 0.0337 0.0233 0.0211 0.9012 
         341  1 0.0096 0.0139 0.0077 0.9621 0.0067 
         346  1 0.0174 0.2925 0.0116 0.0348 0.6437 
         348  1 0.0123 0.0052 0.0082 0.0060 0.9684 
         351  1 0.8504 0.0925 0.0106 0.0168 0.0297 
         362  1 0.0070 0.0481 0.8335 0.1047 0.0067 
         364  1 0.9563 0.0122 0.0061 0.0115 0.0139 
         366  1 0.9369 0.0126 0.0196 0.0148 0.0160 
         376  1 0.0075 0.0159 0.0250 0.9407 0.0109 
         377  1 0.0238 0.5235 0.3773 0.0306 0.0448 
         378  1 0.0050 0.9669 0.0075 0.0117 0.0089 
         388  1 0.0317 0.0595 0.0182 0.0118 0.8789 
         391  1 0.0118 0.3694 0.0078 0.5817 0.0294 
         401  1 0.4632 0.0108 0.3279 0.0992 0.0989 
         406  1 0.1026 0.0628 0.0184 0.1766 0.6397 
         412  1 0.0317 0.0882 0.0380 0.0337 0.8082 
         413  1 0.0637 0.0111 0.0488 0.0058 0.8706 
         421  1 0.0198 0.0168 0.8923 0.0212 0.0500 
         423  1 0.0242 0.0125 0.9301 0.0111 0.0221 
         424  1 0.0374 0.1814 0.0118 0.4699 0.2996 
         426  1 0.0211 0.8559 0.0283 0.0770 0.0177 
         430  1 0.0079 0.0226 0.0114 0.0318 0.9262 
         435  1 0.0049 0.0204 0.0088 0.0054 0.9605 
         476  1 0.0338 0.0174 0.1573 0.7804 0.0111 
         478  1 0.0314 0.0162 0.2112 0.7298 0.0112 
         484  1 0.0079 0.0105 0.0079 0.0160 0.9578 
         489  1 0.0068 0.8562 0.0621 0.0076 0.0674 
         492  1 0.9576 0.0077 0.0072 0.0057 0.0219 
         493  1 0.9622 0.0124 0.0080 0.0071 0.0103 
         494  1 0.9180 0.0339 0.0269 0.0128 0.0085 
         500  1 0.0095 0.0109 0.9338 0.0414 0.0043 
         504  1 0.0807 0.0430 0.0731 0.0112 0.7920 
         506  1 0.0097 0.0108 0.1069 0.0937 0.7788 
