          1*  1 0.0159 0.2059 0.1263 0.0142 0.0245 0.0358 0.0054 0.5628 0.0093 
           3  1 0.9548 0.0052 0.0071 0.0080 0.0039 0.0053 0.0042 0.0053 0.0062 
           6  1 0.9123 0.0080 0.0228 0.0103 0.0060 0.0066 0.0103 0.0055 0.0183 
           8  1 0.0087 0.0128 0.0045 0.0109 0.0113 0.0197 0.0034 0.0139 0.9148 
          10  1 0.0108 0.0087 0.0046 0.0035 0.0137 0.9078 0.0042 0.0076 0.0391 
          11  1 0.0191 0.5976 0.0413 0.0089 0.0166 0.0143 0.0313 0.2224 0.0483 
          12  1 0.0058 0.0042 0.0071 0.0037 0.0036 0.9624 0.0040 0.0041 0.0051 
          16  1 0.9464 0.0065 0.0052 0.0045 0.0045 0.0065 0.0052 0.0057 0.0154 
          18  1 0.0066 0.1407 0.0044 0.0060 0.0036 0.0057 0.0043 0.8201 0.0087 
          19  1 0.0119 0.7220 0.0087 0.0212 0.0068 0.0098 0.0231 0.1738 0.0228 
          21  1 0.9302 0.0076 0.0070 0.0048 0.0055 0.0065 0.0070 0.0055 0.0259 
          23  1 0.0195 0.0397 0.3961 0.0099 0.0077 0.4638 0.0363 0.0143 0.0127 
          24  1 0.0168 0.1746 0.0122 0.0079 0.2364 0.3769 0.0246 0.0553 0.0953 
          25  1 0.0579 0.0690 0.2211 0.0063 0.0183 0.4889 0.0080 0.0242 0.1062 
         26*  1 0.2430 0.0413 0.0104 0.0072 0.0578 0.1897 0.0046 0.0192 0.4267 
          28  1 0.0436 0.0090 0.0128 0.0054 0.0155 0.1205 0.0060 0.0061 0.7811 
          29  1 0.0060 0.0099 0.0046 0.0056 0.0210 0.9084 0.0049 0.0136 0.0259 
          30  1 0.1694 0.0945 0.0346 0.3324 0.0188 0.1577 0.0067 0.0339 0.1519 
          33  1 0.0057 0.2904 0.0167 0.0149 0.0056 0.0055 0.0314 0.6252 0.0047 
          37  1 0.0099 0.1529 0.0112 0.0061 0.0141 0.0424 0.0092 0.7451 0.0091 
          38  1 0.0086 0.1740 0.0044 0.0048 0.0115 0.0138 0.0047 0.7687 0.0095 
          43  1 0.0374 0.0132 0.0153 0.0078 0.0150 0.7563 0.0062 0.0081 0.1406 
          44  1 0.2105 0.0089 0.0051 0.0157 0.0034 0.0054 0.0059 0.0069 0.7383 
          48  1 0.0089 0.1396 0.0048 0.0057 0.0038 0.0064 0.0038 0.8212 0.0057 
          55  1 0.0929 0.0184 0.0395 0.0143 0.0128 0.0084 0.0066 0.0104 0.7967 
          59  1 0.9527 0.0065 0.0069 0.0074 0.0042 0.0045 0.0041 0.0068 0.0069 
          60  1 0.0079 0.0260 0.9029 0.0067 0.0047 0.0287 0.0074 0.0115 0.0042 
          61  1 0.0132 0.0144 0.4019 0.0569 0.0078 0.0061 0.4786 0.0083 0.0129 
          62  1 0.0147 0.0600 0.1530 0.0185 0.0235 0.0355 0.6415 0.0338 0.0195 
          65  1 0.0055 0.2409 0.0151 0.0223 0.0160 0.0053 0.0120 0.6749 0.0080 
          73  1 0.0069 0.0125 0.0319 0.7716 0.0164 0.1353 0.0058 0.0080 0.0115 
          75  1 0.0079 0.0141 0.0045 0.0325 0.0052 0.0037 0.9165 0.0106 0.0050 
          76  1 0.0047 0.0058 0.0114 0.0052 0.0028 0.0092 0.9529 0.0039 0.0042 
          77  1 0.0053 0.0097 0.1685 0.0051 0.0062 0.0102 0.7841 0.0064 0.0045 
          78  1 0.0062 0.0253 0.0322 0.6307 0.0102 0.0154 0.2564 0.0119 0.0117 
          79  1 0.0043 0.0304 0.0079 0.0600 0.0116 0.0039 0.8644 0.0104 0.0073 
          84  1 0.8122 0.0183 0.0319 0.0097 0.0632 0.0194 0.0157 0.0073 0.0223 
          85  1 0.0078 0.0137 0.0084 0.0111 0.0146 0.0060 0.0067 0.0097 0.9219 
          86  1 0.0047 0.0691 0.0090 0.0161 0.0263 0.0095 0.0093 0.0248 0.8312 
          89  1 0.6002 0.0449 0.0568 0.0081 0.0205 0.1848 0.0483 0.0226 0.0138 
          94  1 0.0059 0.0071 0.0056 0.0048 0.0029 0.9491 0.0046 0.0120 0.0080 
          95  1 0.9093 0.0152 0.0164 0.0132 0.0037 0.0061 0.0050 0.0148 0.0163 
          96  1 0.0055 0.0062 0.0053 0.0053 0.0052 0.0092 0.0060 0.0052 0.9521 
          98  1 0.0051 0.0142 0.7574 0.0972 0.0687 0.0075 0.0370 0.0072 0.0057 
         102  1 0.0267 0.4601 0.0120 0.0065 0.0158 0.0146 0.0129 0.4449 0.0064 
         105  1 0.0055 0.0063 0.0044 0.9577 0.0045 0.0049 0.0043 0.0078 0.0045 
         106  1 0.0921 0.2315 0.0252 0.2374 0.0144 0.0041 0.3280 0.0421 0.0250 
         108  1 0.0084 0.0547 0.0293 0.7991 0.0097 0.0075 0.0219 0.0603 0.0091 
         109  1 0.0093 0.0486 0.1073 0.7556 0.0085 0.0058 0.0350 0.0149 0.0149 
         112  1 0.0123 0.1928 0.2425 0.0084 0.0108 0.0513 0.1689 0.0462 0.2667 
         115  1 0.0114 0.5789 0.0319 0.0170 0.0169 0.0409 0.0110 0.2826 0.0094 
         116  1 0.0083 0.0207 0.0055 0.0165 0.0061 0.0063 0.0059 0.0129 0.9178 
         117  1 0.7171 0.0207 0.0366 0.0179 0.0112 0.1136 0.0116 0.0156 0.0556 
         129  1 0.0734 0.0081 0.0069 0.0059 0.0066 0.0088 0.0032 0.0074 0.8798 
         132  1 0.0142 0.0594 0.6928 0.0088 0.0225 0.1507 0.0089 0.0362 0.0066 
         133  1 0.0062 0.0096 0.7686 0.0858 0.0584 0.0052 0.0566 0.0056 0.0041 
         137  1 0.0106 0.0214 0.5161 0.0135 0.0071 0.0180 0.3896 0.0127 0.0110 
         139  1 0.0085 0.0211 0.0053 0.0086 0.0085 0.0056 0.9242 0.0111 0.0071 
         140  1 0.0318 0.0385 0.0820 0.7688 0.0044 0.0049 0.0392 0.0180 0.0125 
         142  1 0.0228 0.0102 0.0438 0.0069 0.0031 0.0102 0.8902 0.0066 0.0063 
         144  1 0.0070 0.0046 0.0072 0.9587 0.0038 0.0040 0.0058 0.0049 0.0041 
         145  1 0.0087 0.0144 0.1421 0.0124 0.0075 0.0056 0.7904 0.0091 0.0097 
         147  1 0.0039 0.0074 0.0061 0.9365 0.0116 0.0037 0.0175 0.0053 0.0080 
         160  1 0.0074 0.0050 0.0045 0.0040 0.0038 0.9583 0.0042 0.0058 0.0069 
        162*  1 0.0053 0.0065 0.0057 0.0055 0.0062 0.0109 0.0061 0.0047 0.9491 
         166  1 0.0083 0.0071 0.9381 0.0205 0.0055 0.0043 0.0071 0.0044 0.0046 
         177  1 0.0041 0.0045 0.0059 0.0038 0.0030 0.0039 0.9678 0.0034 0.0035 
         178  1 0.0078 0.0207 0.0394 0.0110 0.0404 0.0257 0.8345 0.0091 0.0113 
         186  1 0.9673 0.0040 0.0047 0.0034 0.0029 0.0045 0.0038 0.0041 0.0051 
         189  1 0.0062 0.0066 0.0047 0.0037 0.0041 0.0121 0.0081 0.0054 0.9490 
         190  1 0.0599 0.0257 0.0254 0.0081 0.0481 0.0642 0.0119 0.0179 0.7389 
         191  1 0.3233 0.0243 0.0133 0.0421 0.0047 0.0168 0.0235 0.0107 0.5413 
         193  1 0.0355 0.0249 0.2401 0.0274 0.0064 0.0194 0.6122 0.0168 0.0172 
         202  1 0.0120 0.4657 0.0446 0.0074 0.0255 0.2295 0.0095 0.1026 0.1032 
         204  1 0.2932 0.0056 0.0052 0.0059 0.0035 0.0082 0.0038 0.0047 0.6698 
         211  1 0.0147 0.1075 0.5724 0.0832 0.0195 0.1166 0.0523 0.0254 0.0084 
         216  1 0.0051 0.0191 0.2700 0.6237 0.0195 0.0207 0.0279 0.0070 0.0070 
         222  1 0.0046 0.0670 0.0154 0.8270 0.0120 0.0051 0.0131 0.0409 0.0149 
         224  1 0.0060 0.0070 0.0050 0.0081 0.0041 0.0124 0.0058 0.0075 0.9441 
         226  1 0.9390 0.0168 0.0119 0.0046 0.0031 0.0045 0.0039 0.0093 0.0068 
         229  1 0.0245 0.1911 0.0296 0.0191 0.1967 0.0661 0.0306 0.0498 0.3924 
         230  1 0.0339 0.1249 0.0098 0.0152 0.0079 0.0338 0.0390 0.0463 0.6892 
         232  1 0.1373 0.1310 0.1843 0.0171 0.0072 0.3094 0.0986 0.0435 0.0717 
         238  1 0.0050 0.6430 0.0265 0.0229 0.0101 0.0068 0.0563 0.2111 0.0183 
         242  1 0.0060 0.1982 0.0088 0.0079 0.0283 0.0036 0.0038 0.7363 0.0071 
         243  1 0.0215 0.3529 0.1112 0.0166 0.0077 0.0077 0.0190 0.4549 0.0085 
         244  1 0.0060 0.6573 0.0150 0.0057 0.0087 0.0074 0.0736 0.2151 0.0112 
         251  1 0.0090 0.6410 0.0186 0.0109 0.0216 0.0886 0.0183 0.1700 0.0221 
         266  1 0.0086 0.3938 0.1536 0.0100 0.0421 0.0048 0.2727 0.1063 0.0081 
         267  1 0.0426 0.0277 0.1144 0.7603 0.0096 0.0058 0.0101 0.0164 0.0131 
         268  1 0.0062 0.0305 0.2929 0.1113 0.1155 0.0386 0.3911 0.0095 0.0044 
         270  1 0.0157 0.0091 0.0078 0.0102 0.0064 0.0184 0.0058 0.0076 0.9190 
         276  1 0.2554 0.0408 0.0637 0.0327 0.0093 0.0184 0.0436 0.0171 0.5190 
         298  1 0.0207 0.0290 0.0637 0.6298 0.0370 0.0132 0.1868 0.0126 0.0072 
         306  1 0.0099 0.0500 0.8096 0.0140 0.0085 0.0051 0.0728 0.0208 0.0093 
         308  1 0.0079 0.0833 0.0329 0.0741 0.0113 0.0783 0.6590 0.0412 0.0120 
         311  1 0.0076 0.3619 0.2469 0.2145 0.0210 0.0190 0.0204 0.0871 0.0216 
         323  1 0.9550 0.0062 0.0054 0.0064 0.0044 0.0041 0.0041 0.0074 0.0069 
         327  1 0.0242 0.0579 0.0293 0.0120 0.0222 0.2079 0.0078 0.0200 0.6187 
         334  1 0.0030 0.0052 0.0039 0.0051 0.9633 0.0053 0.0034 0.0061 0.0046 
         338  1 0.0254 0.1856 0.2649 0.3439 0.0128 0.0243 0.0476 0.0539 0.0415 
         341  1 0.9134 0.0107 0.0341 0.0051 0.0052 0.0069 0.0052 0.0122 0.0072 
         346  1 0.0100 0.0161 0.6944 0.0056 0.0044 0.0416 0.2125 0.0073 0.0080 
         348  1 0.0069 0.0415 0.0227 0.6113 0.0118 0.0065 0.2733 0.0180 0.0081 
         351  1 0.0148 0.2555 0.3808 0.0081 0.1444 0.0440 0.0112 0.1320 0.0093 
         362  1 0.1064 0.0080 0.0069 0.0064 0.0044 0.0494 0.0049 0.0059 0.8077 
         364  1 0.0113 0.1635 0.0367 0.0073 0.0247 0.0106 0.0124 0.7280 0.0056 
         366  1 0.0097 0.2178 0.0246 0.0184 0.0045 0.0070 0.0062 0.6972 0.0147 
         376  1 0.9147 0.0083 0.0125 0.0034 0.0039 0.0121 0.0160 0.0060 0.0231 
         377  1 0.0251 0.0979 0.0311 0.0553 0.0054 0.3703 0.0183 0.0250 0.3716 
         378  1 0.0137 0.0062 0.0135 0.0051 0.0046 0.9300 0.0158 0.0046 0.0064 
         388  1 0.0105 0.0410 0.2516 0.6004 0.0248 0.0303 0.0126 0.0171 0.0116 
         391  1 0.4509 0.0502 0.2785 0.0134 0.0039 0.1669 0.0117 0.0168 0.0078 
         401  1 0.0738 0.4453 0.0159 0.0069 0.0256 0.0094 0.1205 0.1246 0.1780 
         406  1 0.0842 0.0985 0.6420 0.0649 0.0082 0.0138 0.0296 0.0452 0.0137 
         412  1 0.0227 0.0622 0.6781 0.0860 0.0112 0.0327 0.0477 0.0301 0.0293 
         413  1 0.0048 0.0566 0.0768 0.0350 0.1836 0.0075 0.5730 0.0235 0.0391 
         421  1 0.0179 0.0542 0.0364 0.0154 0.0086 0.0080 0.0389 0.0273 0.7933 
         423  1 0.0115 0.0547 0.0084 0.0418 0.0049 0.0096 0.0134 0.0331 0.8228 
         424  1 0.1763 0.0385 0.6662 0.0188 0.0070 0.0251 0.0321 0.0248 0.0112 
         426  1 0.1117 0.0501 0.0745 0.0109 0.0118 0.6534 0.0237 0.0307 0.0333 
         430  1 0.0217 0.0161 0.7924 0.0175 0.0140 0.0106 0.1099 0.0058 0.0120 
         435  1 0.0046 0.0070 0.0405 0.0206 0.0035 0.0129 0.9001 0.0041 0.0066 
         476  1 0.7628 0.0384 0.0101 0.0042 0.0046 0.0123 0.0187 0.0269 0.1219 
         478  1 0.7076 0.0242 0.0157 0.0096 0.0075 0.0149 0.0067 0.0268 0.1869 
         484  1 0.0188 0.0129 0.3201 0.5761 0.0183 0.0092 0.0318 0.0065 0.0063 
         489  1 0.0062 0.0156 0.0646 0.2087 0.0044 0.6361 0.0081 0.0102 0.0460 
         492  1 0.0033 0.0037 0.0047 0.0036 0.9709 0.0033 0.0037 0.0038 0.0030 
         493  1 0.0073 0.1497 0.0120 0.0069 0.0044 0.0115 0.0080 0.7923 0.0078 
         494  1 0.0099 0.2995 0.0055 0.0069 0.0105 0.0391 0.0081 0.6013 0.0191 
         500  1 0.0477 0.0144 0.0053 0.0041 0.0027 0.0080 0.0042 0.0110 0.9027 
         504  1 0.0108 0.0778 0.0874 0.6008 0.0857 0.0445 0.0212 0.0270 0.0449 
         506  1 0.0134 0.0054 0.0072 0.9430 0.0034 0.0047 0.0036 0.0045 0.0149 
