

----------------------------------------------------
STRUCTURE by Pritchard, Stephens and Donnelly (2000)
     and Falush, Stephens and Pritchard (2003)
       Code by Pritchard, Falush and Hubisz
             Version 2.3.4 (Jul 2012)
----------------------------------------------------



Command line arguments:   bin\structure -m M:\STRUCTURE\Squirrel_133_ID_14L_20250816\10k_Burnin_100k_MCMC\mainparams -e M:\STRUCTURE\Squirrel_133_ID_14L_20250816\10k_Burnin_100k_MCMC\extraparams 
Input File:    M:\STRUCTURE\Squirrel_133_ID_14L_20250816\project_data

Run parameters:
   133 individuals
   14 loci
   7 populations assumed
   10000 Burn-in period
   100000 Reps


--------------------------------------------
Proportion of membership of each pre-defined
 population in each of the 7 clusters

Given    Inferred Clusters                                   Number of
 Pop       1      2      3      4      5      6      7      Individuals

  1:     0.144  0.143  0.110  0.182  0.159  0.124  0.137      133
--------------------------------------------

Allele-freq. divergence among pops (Net nucleotide distance),
computed using point estimates of P.

      1       2       3       4       5       6       7      
 1      -    0.1153  0.1093  0.0824  0.0750  0.0585  0.0958  
 2   0.1153     -    0.1153  0.0760  0.0679  0.0831  0.1131  
 3   0.1093  0.1153     -    0.0868  0.1041  0.0929  0.1571  
 4   0.0824  0.0760  0.0868     -    0.0556  0.0745  0.0815  
 5   0.0750  0.0679  0.1041  0.0556     -    0.0522  0.0675  
 6   0.0585  0.0831  0.0929  0.0745  0.0522     -    0.0681  
 7   0.0958  0.1131  0.1571  0.0815  0.0675  0.0681     -    

Average distances (expected heterozygosity) between individuals in same cluster:
cluster  1  : 0.5923 
cluster  2  : 0.4615 
cluster  3  : 0.4158 
cluster  4  : 0.5510 
cluster  5  : 0.6615 
cluster  6  : 0.5712 
cluster  7  : 0.5446 

--------------------------------------------
Estimated Ln Prob of Data   = -4235.8
Mean value of ln likelihood = -4005.0
Variance of ln likelihood   = 461.5
Mean value of alpha         = 0.0464

Mean value of lambda        = 0.9893

Mean value of Fst_1         = 0.1784
Mean value of Fst_2         = 0.2954
Mean value of Fst_3         = 0.3391
Mean value of Fst_4         = 0.1969
Mean value of Fst_5         = 0.0572
Mean value of Fst_6         = 0.2074
Mean value of Fst_7         = 0.2064


Inferred ancestry of individuals:
        Label (%Miss) Pop:  Inferred clusters (and 90% probability intervals)
  1       1*    (0)    1 :  0.006 0.019 0.036 0.009 0.757 0.157 0.017     (0.000,0.032) (0.000,0.127) (0.000,0.254) (0.000,0.055) (0.171,1.000) (0.000,0.718) (0.000,0.108) 
  2        3    (0)    1 :  0.005 0.962 0.006 0.007 0.005 0.007 0.008     (0.000,0.029) (0.822,1.000) (0.000,0.032) (0.000,0.037) (0.000,0.028) (0.000,0.040) (0.000,0.051) 
  3        6    (0)    1 :  0.013 0.923 0.008 0.019 0.006 0.019 0.012     (0.000,0.080) (0.658,1.000) (0.000,0.047) (0.000,0.127) (0.000,0.034) (0.000,0.128) (0.000,0.075) 
  4        8    (0)    1 :  0.004 0.009 0.020 0.937 0.013 0.006 0.011     (0.000,0.021) (0.000,0.051) (0.000,0.131) (0.709,1.000) (0.000,0.083) (0.000,0.031) (0.000,0.068) 
  5       10    (0)    1 :  0.005 0.012 0.918 0.046 0.009 0.006 0.004     (0.000,0.025) (0.000,0.077) (0.647,1.000) (0.000,0.300) (0.000,0.052) (0.000,0.034) (0.000,0.024) 
  6       11    (0)    1 :  0.076 0.028 0.028 0.115 0.621 0.115 0.016     (0.000,0.566) (0.000,0.208) (0.000,0.202) (0.000,0.648) (0.000,1.000) (0.000,0.684) (0.000,0.096) 
  7       12    (0)    1 :  0.006 0.007 0.967 0.005 0.005 0.007 0.004     (0.000,0.030) (0.000,0.036) (0.842,1.000) (0.000,0.030) (0.000,0.025) (0.000,0.040) (0.000,0.022) 
  8       16    (7)    1 :  0.006 0.953 0.008 0.016 0.007 0.006 0.005     (0.000,0.033) (0.780,1.000) (0.000,0.047) (0.000,0.099) (0.000,0.037) (0.000,0.032) (0.000,0.025) 
  9       18    (0)    1 :  0.005 0.009 0.007 0.010 0.956 0.005 0.007     (0.000,0.028) (0.000,0.053) (0.000,0.043) (0.000,0.060) (0.794,1.000) (0.000,0.028) (0.000,0.041) 
 10       19    (0)    1 :  0.066 0.015 0.013 0.057 0.769 0.029 0.052     (0.000,0.441) (0.000,0.098) (0.000,0.080) (0.000,0.406) (0.000,1.000) (0.000,0.118) (0.000,0.381) 
 11       21    (7)    1 :  0.008 0.936 0.007 0.029 0.006 0.008 0.005     (0.000,0.048) (0.710,1.000) (0.000,0.040) (0.000,0.200) (0.000,0.035) (0.000,0.048) (0.000,0.029) 
 12       23    (7)    1 :  0.064 0.029 0.583 0.016 0.014 0.283 0.011     (0.000,0.385) (0.000,0.215) (0.000,0.999) (0.000,0.114) (0.000,0.084) (0.000,0.981) (0.000,0.067) 
 13       24    (7)    1 :  0.048 0.017 0.481 0.120 0.248 0.077 0.009     (0.000,0.310) (0.000,0.119) (0.000,0.985) (0.000,0.602) (0.000,0.849) (0.000,0.586) (0.000,0.055) 
 14       25    (7)    1 :  0.011 0.071 0.582 0.117 0.020 0.191 0.008     (0.000,0.072) (0.000,0.376) (0.001,0.989) (0.000,0.455) (0.000,0.137) (0.000,0.760) (0.000,0.043) 
 15      26*    (0)    1 :  0.006 0.225 0.252 0.456 0.027 0.025 0.009     (0.000,0.033) (0.000,0.766) (0.000,0.670) (0.000,0.993) (0.000,0.192) (0.000,0.181) (0.000,0.050) 
 16       28    (0)    1 :  0.007 0.038 0.105 0.822 0.007 0.014 0.006     (0.000,0.038) (0.000,0.288) (0.000,0.655) (0.002,1.000) (0.000,0.041) (0.000,0.099) (0.000,0.034) 
 17       29    (0)    1 :  0.006 0.007 0.929 0.029 0.015 0.008 0.006     (0.000,0.033) (0.000,0.037) (0.678,1.000) (0.000,0.208) (0.000,0.106) (0.000,0.041) (0.000,0.037) 
 18       30    (0)    1 :  0.008 0.207 0.145 0.177 0.028 0.036 0.399     (0.000,0.043) (0.000,0.812) (0.000,0.653) (0.000,0.776) (0.000,0.172) (0.000,0.255) (0.000,0.855) 
 19       33    (0)    1 :  0.023 0.006 0.006 0.005 0.930 0.016 0.015     (0.000,0.164) (0.000,0.034) (0.000,0.031) (0.000,0.027) (0.695,1.000) (0.000,0.100) (0.000,0.104) 
 20       37    (0)    1 :  0.009 0.011 0.044 0.010 0.907 0.012 0.007     (0.000,0.056) (0.000,0.068) (0.000,0.304) (0.000,0.060) (0.604,1.000) (0.000,0.073) (0.000,0.038) 
 21       38    (0)    1 :  0.005 0.010 0.015 0.012 0.948 0.006 0.006     (0.000,0.027) (0.000,0.059) (0.000,0.102) (0.000,0.068) (0.757,1.000) (0.000,0.029) (0.000,0.033) 
 22       43    (0)    1 :  0.007 0.036 0.760 0.159 0.010 0.017 0.010     (0.000,0.043) (0.000,0.246) (0.404,1.000) (0.000,0.540) (0.000,0.059) (0.000,0.118) (0.000,0.065) 
 23       44    (0)    1 :  0.006 0.215 0.007 0.743 0.007 0.005 0.017     (0.000,0.036) (0.000,0.615) (0.000,0.036) (0.313,1.000) (0.000,0.036) (0.000,0.029) (0.000,0.108) 
 24       48    (0)    1 :  0.004 0.013 0.008 0.007 0.955 0.006 0.008     (0.000,0.025) (0.000,0.080) (0.000,0.044) (0.000,0.040) (0.789,1.000) (0.000,0.031) (0.000,0.043) 
 25       55    (0)    1 :  0.008 0.088 0.009 0.825 0.012 0.040 0.017     (0.000,0.045) (0.000,0.492) (0.000,0.056) (0.406,1.000) (0.000,0.076) (0.000,0.274) (0.000,0.119) 
 26       59    (0)    1 :  0.004 0.960 0.005 0.008 0.007 0.007 0.009     (0.000,0.024) (0.814,1.000) (0.000,0.027) (0.000,0.047) (0.000,0.039) (0.000,0.041) (0.000,0.054) 
 27       60    (0)    1 :  0.039 0.012 0.041 0.005 0.028 0.861 0.013     (0.000,0.212) (0.000,0.073) (0.000,0.285) (0.000,0.030) (0.000,0.153) (0.017,1.000) (0.000,0.061) 
 28       61    (0)    1 :  0.607 0.016 0.007 0.013 0.009 0.290 0.058     (0.000,1.000) (0.000,0.102) (0.000,0.042) (0.000,0.080) (0.000,0.051) (0.000,0.994) (0.000,0.375) 
 29       62    (0)    1 :  0.755 0.017 0.030 0.023 0.028 0.127 0.020     (0.000,1.000) (0.000,0.107) (0.000,0.222) (0.000,0.161) (0.000,0.196) (0.000,0.933) (0.000,0.140) 
 30       65    (0)    1 :  0.012 0.006 0.006 0.009 0.928 0.019 0.020     (0.000,0.079) (0.000,0.034) (0.000,0.034) (0.000,0.053) (0.695,1.000) (0.000,0.113) (0.000,0.146) 
 31       73    (0)    1 :  0.007 0.008 0.146 0.013 0.010 0.035 0.781     (0.000,0.035) (0.000,0.047) (0.000,0.504) (0.000,0.080) (0.000,0.053) (0.000,0.255) (0.414,1.000) 
 32       75    (0)    1 :  0.927 0.009 0.004 0.005 0.012 0.006 0.036     (0.678,1.000) (0.000,0.054) (0.000,0.024) (0.000,0.031) (0.000,0.080) (0.000,0.031) (0.000,0.247) 
 33       76    (0)    1 :  0.958 0.006 0.010 0.005 0.004 0.010 0.006     (0.804,1.000) (0.000,0.034) (0.000,0.063) (0.000,0.029) (0.000,0.024) (0.000,0.056) (0.000,0.035) 
 34       77    (0)    1 :  0.833 0.006 0.010 0.005 0.007 0.133 0.005     (0.210,1.000) (0.000,0.031) (0.000,0.060) (0.000,0.029) (0.000,0.042) (0.000,0.744) (0.000,0.028) 
 35       78    (0)    1 :  0.231 0.007 0.018 0.012 0.015 0.033 0.685     (0.000,0.824) (0.000,0.039) (0.000,0.129) (0.000,0.073) (0.000,0.090) (0.000,0.237) (0.052,1.000) 
 36       79    (0)    1 :  0.901 0.005 0.004 0.009 0.011 0.010 0.061     (0.592,1.000) (0.000,0.025) (0.000,0.025) (0.000,0.055) (0.000,0.067) (0.000,0.063) (0.000,0.357) 
 37       84    (0)    1 :  0.025 0.832 0.020 0.029 0.012 0.066 0.016     (0.000,0.178) (0.467,1.000) (0.000,0.137) (0.000,0.206) (0.000,0.075) (0.000,0.386) (0.000,0.106) 
 38       85    (0)    1 :  0.007 0.009 0.007 0.948 0.010 0.009 0.010     (0.000,0.043) (0.000,0.051) (0.000,0.038) (0.762,1.000) (0.000,0.056) (0.000,0.057) (0.000,0.063) 
 39       86    (0)    1 :  0.010 0.005 0.015 0.919 0.020 0.015 0.017     (0.000,0.056) (0.000,0.027) (0.000,0.102) (0.658,1.000) (0.000,0.140) (0.000,0.095) (0.000,0.116) 
 40       89    (0)    1 :  0.055 0.630 0.202 0.016 0.025 0.061 0.011     (0.000,0.341) (0.245,0.971) (0.000,0.607) (0.000,0.096) (0.000,0.176) (0.000,0.410) (0.000,0.065) 
 41       94    (0)    1 :  0.005 0.007 0.959 0.008 0.010 0.006 0.005     (0.000,0.027) (0.000,0.039) (0.809,1.000) (0.000,0.049) (0.000,0.061) (0.000,0.032) (0.000,0.032) 
 42       95    (0)    1 :  0.006 0.926 0.006 0.020 0.013 0.015 0.014     (0.000,0.035) (0.667,1.000) (0.000,0.036) (0.000,0.126) (0.000,0.075) (0.000,0.095) (0.000,0.091) 
 43       96    (0)    1 :  0.007 0.007 0.011 0.957 0.005 0.006 0.006     (0.000,0.039) (0.000,0.038) (0.000,0.065) (0.799,1.000) (0.000,0.029) (0.000,0.032) (0.000,0.034) 
 44       98    (0)    1 :  0.086 0.006 0.010 0.007 0.007 0.736 0.148     (0.000,0.805) (0.000,0.034) (0.000,0.059) (0.000,0.042) (0.000,0.037) (0.000,1.000) (0.000,0.988) 
 45      102    (0)    1 :  0.017 0.034 0.019 0.007 0.888 0.026 0.008     (0.000,0.119) (0.000,0.244) (0.000,0.133) (0.000,0.042) (0.583,1.000) (0.000,0.144) (0.000,0.047) 
 46      105    (0)    1 :  0.005 0.006 0.006 0.006 0.009 0.006 0.963     (0.000,0.026) (0.000,0.035) (0.000,0.033) (0.000,0.031) (0.000,0.051) (0.000,0.030) (0.832,1.000) 
 47      106    (0)    1 :  0.460 0.129 0.005 0.027 0.025 0.025 0.329     (0.000,0.984) (0.000,0.464) (0.000,0.027) (0.000,0.200) (0.000,0.167) (0.000,0.157) (0.000,0.792) 
 48      108    (0)    1 :  0.025 0.010 0.009 0.011 0.074 0.038 0.834     (0.000,0.173) (0.000,0.058) (0.000,0.053) (0.000,0.072) (0.000,0.430) (0.000,0.240) (0.446,1.000) 
 49      109    (0)    1 :  0.031 0.010 0.006 0.014 0.012 0.074 0.854     (0.000,0.225) (0.000,0.058) (0.000,0.036) (0.000,0.093) (0.000,0.069) (0.000,0.491) (0.386,1.000) 
 50      112    (0)    1 :  0.287 0.016 0.054 0.345 0.041 0.247 0.011     (0.000,0.991) (0.000,0.105) (0.000,0.387) (0.000,0.911) (0.000,0.285) (0.000,0.920) (0.000,0.060) 
 51      115    (0)    1 :  0.015 0.013 0.063 0.016 0.781 0.089 0.023     (0.000,0.086) (0.000,0.079) (0.000,0.371) (0.000,0.103) (0.016,1.000) (0.000,0.623) (0.000,0.159) 
 52      116    (0)    1 :  0.007 0.009 0.007 0.939 0.013 0.006 0.020     (0.000,0.038) (0.000,0.053) (0.000,0.039) (0.716,1.000) (0.000,0.078) (0.000,0.033) (0.000,0.136) 
 53      117    (0)    1 :  0.016 0.738 0.109 0.068 0.018 0.028 0.024     (0.000,0.099) (0.000,1.000) (0.000,0.696) (0.000,0.434) (0.000,0.119) (0.000,0.194) (0.000,0.159) 
 54      129    (0)    1 :  0.004 0.076 0.009 0.888 0.008 0.007 0.007     (0.000,0.022) (0.000,0.468) (0.000,0.053) (0.488,1.000) (0.000,0.047) (0.000,0.044) (0.000,0.039) 
 55      132    (0)    1 :  0.020 0.016 0.173 0.007 0.061 0.711 0.012     (0.000,0.114) (0.000,0.107) (0.000,0.631) (0.000,0.041) (0.000,0.431) (0.000,1.000) (0.000,0.056) 
 56      133    (0)    1 :  0.105 0.008 0.007 0.005 0.007 0.734 0.134     (0.000,0.914) (0.000,0.042) (0.000,0.040) (0.000,0.027) (0.000,0.038) (0.000,1.000) (0.000,0.982) 
 57      137    (7)    1 :  0.556 0.012 0.020 0.012 0.012 0.374 0.015     (0.000,1.000) (0.000,0.067) (0.000,0.138) (0.000,0.071) (0.000,0.076) (0.000,0.996) (0.000,0.093) 
 58      139    (0)    1 :  0.942 0.009 0.007 0.008 0.015 0.008 0.012     (0.737,1.000) (0.000,0.061) (0.000,0.039) (0.000,0.049) (0.000,0.096) (0.000,0.042) (0.000,0.068) 
 59      140    (0)    1 :  0.039 0.031 0.006 0.013 0.014 0.049 0.848     (0.000,0.275) (0.000,0.226) (0.000,0.032) (0.000,0.077) (0.000,0.081) (0.000,0.364) (0.422,1.000) 
 60      142    (0)    1 :  0.908 0.021 0.014 0.007 0.008 0.034 0.009     (0.591,1.000) (0.000,0.149) (0.000,0.089) (0.000,0.042) (0.000,0.042) (0.000,0.230) (0.000,0.051) 
 61      144    (0)    1 :  0.006 0.007 0.004 0.004 0.006 0.008 0.964     (0.000,0.036) (0.000,0.042) (0.000,0.024) (0.000,0.024) (0.000,0.030) (0.000,0.047) (0.833,1.000) 
 62      145    (0)    1 :  0.859 0.010 0.007 0.010 0.010 0.090 0.015     (0.000,1.000) (0.000,0.057) (0.000,0.038) (0.000,0.059) (0.000,0.055) (0.000,0.938) (0.000,0.103) 
 63      147    (0)    1 :  0.019 0.004 0.004 0.008 0.007 0.009 0.948     (0.000,0.129) (0.000,0.024) (0.000,0.024) (0.000,0.051) (0.000,0.039) (0.000,0.050) (0.762,1.000) 
 64      160    (0)    1 :  0.005 0.008 0.964 0.007 0.006 0.005 0.005     (0.000,0.025) (0.000,0.046) (0.833,1.000) (0.000,0.042) (0.000,0.035) (0.000,0.030) (0.000,0.025) 
 65     162*    (0)    1 :  0.007 0.006 0.013 0.956 0.006 0.006 0.007     (0.000,0.038) (0.000,0.033) (0.000,0.081) (0.792,1.000) (0.000,0.031) (0.000,0.035) (0.000,0.037) 
 66      166    (0)    1 :  0.040 0.013 0.005 0.006 0.007 0.861 0.067     (0.000,0.194) (0.000,0.077) (0.000,0.030) (0.000,0.035) (0.000,0.035) (0.000,1.000) (0.000,0.597) 
 67      177    (0)    1 :  0.973 0.004 0.004 0.004 0.004 0.006 0.005     (0.874,1.000) (0.000,0.025) (0.000,0.023) (0.000,0.022) (0.000,0.022) (0.000,0.031) (0.000,0.026) 
 68      178    (0)    1 :  0.874 0.008 0.025 0.014 0.013 0.053 0.013     (0.519,1.000) (0.000,0.048) (0.000,0.179) (0.000,0.090) (0.000,0.085) (0.000,0.346) (0.000,0.085) 
 69      186    (0)    1 :  0.004 0.972 0.005 0.006 0.004 0.005 0.004     (0.000,0.023) (0.868,1.000) (0.000,0.027) (0.000,0.030) (0.000,0.024) (0.000,0.027) (0.000,0.021) 
 70      189    (0)    1 :  0.009 0.007 0.012 0.958 0.006 0.005 0.004     (0.000,0.050) (0.000,0.037) (0.000,0.077) (0.801,1.000) (0.000,0.032) (0.000,0.027) (0.000,0.022) 
 71      190    (0)    1 :  0.016 0.056 0.058 0.803 0.022 0.034 0.010     (0.000,0.110) (0.000,0.361) (0.000,0.424) (0.316,1.000) (0.000,0.146) (0.000,0.242) (0.000,0.061) 
 72      191    (0)    1 :  0.030 0.323 0.021 0.554 0.011 0.013 0.048     (0.000,0.206) (0.000,0.865) (0.000,0.145) (0.000,1.000) (0.000,0.067) (0.000,0.081) (0.000,0.326) 
 73      193    (0)    1 :  0.687 0.047 0.023 0.021 0.015 0.172 0.034     (0.000,1.000) (0.000,0.330) (0.000,0.164) (0.000,0.143) (0.000,0.096) (0.000,0.994) (0.000,0.252) 
 74      202    (0)    1 :  0.020 0.018 0.462 0.294 0.112 0.084 0.011     (0.000,0.136) (0.000,0.124) (0.000,0.910) (0.000,0.749) (0.000,0.570) (0.000,0.562) (0.000,0.063) 
 75      204    (0)    1 :  0.004 0.324 0.010 0.644 0.005 0.006 0.007     (0.000,0.024) (0.000,1.000) (0.000,0.059) (0.000,1.000) (0.000,0.027) (0.000,0.033) (0.000,0.037) 
 76      211    (0)    1 :  0.066 0.017 0.166 0.010 0.024 0.614 0.104     (0.000,0.386) (0.000,0.118) (0.000,0.661) (0.000,0.060) (0.000,0.155) (0.000,1.000) (0.000,0.672) 
 77      216    (0)    1 :  0.030 0.005 0.025 0.008 0.007 0.270 0.655     (0.000,0.207) (0.000,0.030) (0.000,0.184) (0.000,0.044) (0.000,0.035) (0.000,0.860) (0.018,1.000) 
 78      222    (0)    1 :  0.016 0.005 0.008 0.018 0.027 0.013 0.913     (0.000,0.096) (0.000,0.029) (0.000,0.040) (0.000,0.104) (0.000,0.198) (0.000,0.073) (0.592,1.000) 
 79      224    (0)    1 :  0.007 0.008 0.012 0.948 0.009 0.006 0.009     (0.000,0.044) (0.000,0.049) (0.000,0.081) (0.763,1.000) (0.000,0.045) (0.000,0.030) (0.000,0.058) 
 80      226    (0)    1 :  0.005 0.956 0.005 0.007 0.010 0.011 0.006     (0.000,0.030) (0.793,1.000) (0.000,0.029) (0.000,0.040) (0.000,0.056) (0.000,0.067) (0.000,0.031) 
 81      229    (0)    1 :  0.066 0.034 0.059 0.625 0.074 0.102 0.040     (0.000,0.360) (0.000,0.239) (0.000,0.431) (0.000,0.996) (0.000,0.491) (0.000,0.530) (0.000,0.303) 
 82      230    (0)    1 :  0.046 0.037 0.033 0.826 0.029 0.013 0.017     (0.000,0.289) (0.000,0.267) (0.000,0.231) (0.359,1.000) (0.000,0.193) (0.000,0.082) (0.000,0.117) 
 83      232    (0)    1 :  0.142 0.174 0.341 0.106 0.033 0.181 0.023     (0.000,0.666) (0.000,0.672) (0.000,0.797) (0.000,0.608) (0.000,0.229) (0.000,0.829) (0.000,0.156) 
 84      238    (0)    1 :  0.183 0.008 0.010 0.043 0.648 0.068 0.039     (0.000,0.621) (0.000,0.047) (0.000,0.066) (0.000,0.300) (0.000,1.000) (0.000,0.460) (0.000,0.288) 
 85      242    (0)    1 :  0.004 0.007 0.004 0.007 0.959 0.011 0.007     (0.000,0.022) (0.000,0.038) (0.000,0.024) (0.000,0.042) (0.811,1.000) (0.000,0.062) (0.000,0.042) 
 86      243    (0)    1 :  0.027 0.028 0.009 0.010 0.801 0.104 0.021     (0.000,0.191) (0.000,0.205) (0.000,0.056) (0.000,0.056) (0.360,1.000) (0.000,0.550) (0.000,0.142) 
 87      244    (0)    1 :  0.138 0.007 0.011 0.016 0.775 0.045 0.009     (0.000,0.563) (0.000,0.043) (0.000,0.065) (0.000,0.107) (0.317,1.000) (0.000,0.294) (0.000,0.050) 
 88      251    (0)    1 :  0.039 0.010 0.169 0.042 0.675 0.050 0.016     (0.000,0.278) (0.000,0.060) (0.000,0.627) (0.000,0.311) (0.089,1.000) (0.000,0.367) (0.000,0.097) 
 89      266    (0)    1 :  0.505 0.011 0.006 0.010 0.185 0.271 0.012     (0.000,0.979) (0.000,0.071) (0.000,0.034) (0.000,0.059) (0.000,0.659) (0.000,0.883) (0.000,0.075) 
 90      267    (0)    1 :  0.012 0.043 0.007 0.014 0.016 0.083 0.826     (0.000,0.070) (0.000,0.299) (0.000,0.037) (0.000,0.089) (0.000,0.097) (0.000,0.507) (0.360,1.000) 
 91      268    (0)    1 :  0.356 0.008 0.039 0.005 0.012 0.443 0.138     (0.000,0.997) (0.000,0.043) (0.000,0.274) (0.000,0.028) (0.000,0.064) (0.000,1.000) (0.000,0.890) 
 92      270    (0)    1 :  0.007 0.021 0.017 0.926 0.009 0.008 0.011     (0.000,0.040) (0.000,0.143) (0.000,0.118) (0.661,1.000) (0.000,0.049) (0.000,0.049) (0.000,0.065) 
 93      276    (0)    1 :  0.057 0.263 0.021 0.555 0.019 0.048 0.038     (0.000,0.388) (0.000,0.832) (0.000,0.147) (0.000,1.000) (0.000,0.119) (0.000,0.357) (0.000,0.281) 
 94      298    (7)    1 :  0.198 0.021 0.014 0.008 0.014 0.126 0.619     (0.000,0.913) (0.000,0.150) (0.000,0.090) (0.000,0.048) (0.000,0.084) (0.000,0.658) (0.000,1.000) 
 95      306    (0)    1 :  0.151 0.013 0.007 0.013 0.027 0.765 0.024     (0.000,0.853) (0.000,0.086) (0.000,0.039) (0.000,0.084) (0.000,0.193) (0.000,1.000) (0.000,0.165) 
 96      308    (0)    1 :  0.710 0.008 0.105 0.014 0.033 0.041 0.090     (0.068,1.000) (0.000,0.049) (0.000,0.452) (0.000,0.091) (0.000,0.233) (0.000,0.288) (0.000,0.564) 
 97      311    (7)    1 :  0.049 0.010 0.037 0.038 0.136 0.266 0.463     (0.000,0.352) (0.000,0.061) (0.000,0.256) (0.000,0.285) (0.000,0.786) (0.000,0.996) (0.000,0.999) 
 98      323    (0)    1 :  0.005 0.962 0.005 0.008 0.007 0.006 0.008     (0.000,0.026) (0.823,1.000) (0.000,0.028) (0.000,0.043) (0.000,0.041) (0.000,0.031) (0.000,0.043) 
 99      327    (0)    1 :  0.010 0.026 0.244 0.642 0.026 0.038 0.015     (0.000,0.057) (0.000,0.187) (0.000,0.784) (0.000,1.000) (0.000,0.179) (0.000,0.269) (0.000,0.092) 
100      334    (0)    1 :  0.010 0.004 0.008 0.010 0.603 0.333 0.032     (0.000,0.057) (0.000,0.023) (0.000,0.050) (0.000,0.055) (0.000,1.000) (0.000,1.000) (0.000,0.145) 
101      338    (0)    1 :  0.063 0.033 0.033 0.041 0.032 0.236 0.563     (0.000,0.412) (0.000,0.244) (0.000,0.242) (0.000,0.304) (0.000,0.215) (0.000,0.913) (0.000,1.000) 
102      341    (0)    1 :  0.006 0.930 0.008 0.008 0.010 0.030 0.007     (0.000,0.034) (0.692,1.000) (0.000,0.046) (0.000,0.045) (0.000,0.063) (0.000,0.207) (0.000,0.037) 
103      346    (0)    1 :  0.380 0.016 0.046 0.010 0.009 0.531 0.008     (0.000,1.000) (0.000,0.103) (0.000,0.328) (0.000,0.054) (0.000,0.049) (0.000,1.000) (0.000,0.041) 
104      348    (0)    1 :  0.255 0.008 0.006 0.009 0.016 0.018 0.688     (0.000,0.931) (0.000,0.047) (0.000,0.037) (0.000,0.056) (0.000,0.101) (0.000,0.115) (0.000,1.000) 
105      351    (0)    1 :  0.014 0.013 0.047 0.010 0.378 0.530 0.009     (0.000,0.075) (0.000,0.085) (0.000,0.315) (0.000,0.056) (0.000,1.000) (0.000,1.000) (0.000,0.050) 
106      362    (0)    1 :  0.005 0.123 0.056 0.792 0.006 0.008 0.008     (0.000,0.030) (0.000,0.790) (0.000,0.411) (0.000,1.000) (0.000,0.035) (0.000,0.045) (0.000,0.045) 
107      364    (0)    1 :  0.013 0.011 0.011 0.006 0.916 0.034 0.009     (0.000,0.082) (0.000,0.066) (0.000,0.072) (0.000,0.033) (0.637,1.000) (0.000,0.241) (0.000,0.050) 
108      366    (0)    1 :  0.008 0.013 0.008 0.017 0.904 0.023 0.028     (0.000,0.045) (0.000,0.081) (0.000,0.044) (0.000,0.113) (0.590,1.000) (0.000,0.166) (0.000,0.190) 
109      376    (0)    1 :  0.018 0.916 0.014 0.028 0.007 0.013 0.004     (0.000,0.128) (0.659,1.000) (0.000,0.091) (0.000,0.196) (0.000,0.035) (0.000,0.082) (0.000,0.021) 
110      377    (7)    1 :  0.019 0.029 0.474 0.370 0.020 0.024 0.065     (0.000,0.106) (0.000,0.197) (0.000,0.974) (0.000,0.969) (0.000,0.137) (0.000,0.155) (0.000,0.369) 
111      378    (0)    1 :  0.015 0.014 0.941 0.007 0.005 0.012 0.006     (0.000,0.100) (0.000,0.098) (0.749,1.000) (0.000,0.039) (0.000,0.026) (0.000,0.077) (0.000,0.034) 
112      388    (0)    1 :  0.014 0.011 0.035 0.012 0.016 0.207 0.704     (0.000,0.087) (0.000,0.070) (0.000,0.258) (0.000,0.077) (0.000,0.102) (0.000,0.948) (0.000,1.000) 
113      391    (0)    1 :  0.016 0.531 0.223 0.008 0.013 0.195 0.014     (0.000,0.102) (0.000,0.914) (0.000,0.580) (0.000,0.044) (0.000,0.071) (0.000,0.787) (0.000,0.091) 
114      401    (0)    1 :  0.237 0.136 0.011 0.321 0.250 0.035 0.011     (0.000,0.675) (0.000,0.639) (0.000,0.065) (0.000,0.747) (0.000,0.832) (0.000,0.236) (0.000,0.060) 
115      406    (0)    1 :  0.073 0.129 0.023 0.017 0.066 0.537 0.155     (0.000,0.511) (0.000,0.686) (0.000,0.162) (0.000,0.111) (0.000,0.494) (0.000,1.000) (0.000,0.936) 
116      412    (7)    1 :  0.119 0.029 0.056 0.038 0.030 0.549 0.178     (0.000,0.881) (0.000,0.211) (0.000,0.415) (0.000,0.286) (0.000,0.190) (0.000,1.000) (0.000,0.981) 
117      413    (0)    1 :  0.768 0.006 0.011 0.043 0.039 0.089 0.046     (0.000,1.000) (0.000,0.031) (0.000,0.070) (0.000,0.302) (0.000,0.280) (0.000,0.664) (0.000,0.314) 
118      421    (0)    1 :  0.052 0.022 0.010 0.837 0.017 0.040 0.022     (0.000,0.346) (0.000,0.156) (0.000,0.058) (0.461,1.000) (0.000,0.116) (0.000,0.269) (0.000,0.153) 
119      423    (0)    1 :  0.016 0.013 0.011 0.872 0.027 0.010 0.051     (0.000,0.100) (0.000,0.082) (0.000,0.068) (0.450,1.000) (0.000,0.172) (0.000,0.049) (0.000,0.364) 
120      424    (0)    1 :  0.071 0.313 0.041 0.013 0.026 0.507 0.029     (0.000,0.486) (0.000,0.994) (0.000,0.296) (0.000,0.082) (0.000,0.171) (0.000,1.000) (0.000,0.208) 
121      426    (0)    1 :  0.027 0.109 0.714 0.039 0.027 0.073 0.011     (0.000,0.188) (0.000,0.544) (0.106,1.000) (0.000,0.256) (0.000,0.191) (0.000,0.558) (0.000,0.066) 
122      430    (7)    1 :  0.227 0.038 0.015 0.013 0.008 0.666 0.034     (0.000,0.975) (0.000,0.273) (0.000,0.089) (0.000,0.083) (0.000,0.041) (0.000,1.000) (0.000,0.244) 
123      435    (0)    1 :  0.917 0.005 0.016 0.007 0.005 0.028 0.022     (0.626,1.000) (0.000,0.027) (0.000,0.108) (0.000,0.042) (0.000,0.025) (0.000,0.184) (0.000,0.156) 
124      476    (0)    1 :  0.022 0.775 0.014 0.143 0.028 0.012 0.005     (0.000,0.153) (0.325,1.000) (0.000,0.096) (0.000,0.612) (0.000,0.188) (0.000,0.079) (0.000,0.028) 
125      478    (0)    1 :  0.008 0.718 0.016 0.199 0.030 0.018 0.011     (0.000,0.048) (0.261,1.000) (0.000,0.109) (0.000,0.674) (0.000,0.212) (0.000,0.124) (0.000,0.071) 
126      484    (0)    1 :  0.051 0.022 0.011 0.007 0.008 0.267 0.634     (0.000,0.350) (0.000,0.161) (0.000,0.065) (0.000,0.040) (0.000,0.042) (0.000,0.858) (0.000,1.000) 
127      489    (0)    1 :  0.010 0.007 0.713 0.044 0.006 0.031 0.189     (0.000,0.052) (0.000,0.039) (0.232,1.000) (0.000,0.320) (0.000,0.032) (0.000,0.170) (0.000,0.595) 
128      492   (14)    1 :  0.015 0.005 0.007 0.007 0.578 0.358 0.031     (0.000,0.081) (0.000,0.028) (0.000,0.038) (0.000,0.039) (0.000,1.000) (0.000,1.000) (0.000,0.119) 
129      493    (0)    1 :  0.008 0.007 0.011 0.008 0.948 0.010 0.008     (0.000,0.048) (0.000,0.038) (0.000,0.071) (0.000,0.047) (0.764,1.000) (0.000,0.062) (0.000,0.046) 
130      494    (0)    1 :  0.010 0.011 0.045 0.025 0.892 0.008 0.009     (0.000,0.062) (0.000,0.072) (0.000,0.309) (0.000,0.180) (0.570,1.000) (0.000,0.041) (0.000,0.053) 
131      500    (0)    1 :  0.004 0.054 0.010 0.911 0.008 0.006 0.005     (0.000,0.025) (0.000,0.365) (0.000,0.064) (0.568,1.000) (0.000,0.046) (0.000,0.032) (0.000,0.027) 
132      504    (0)    1 :  0.022 0.012 0.051 0.054 0.042 0.130 0.690     (0.000,0.142) (0.000,0.075) (0.000,0.307) (0.000,0.345) (0.000,0.297) (0.000,0.714) (0.000,1.000) 
133      506    (0)    1 :  0.005 0.015 0.006 0.017 0.005 0.008 0.945     (0.000,0.025) (0.000,0.098) (0.000,0.030) (0.000,0.109) (0.000,0.028) (0.000,0.036) (0.737,1.000) 


Estimated Allele Frequencies in each cluster
First column gives estimated ancestral frequencies


Locus 1 : Rsu5 
5 alleles
0.0% missing data
 137   (0.719) 0.784 0.962 0.884 0.963 0.652 0.813 0.467 
 135   (0.093) 0.050 0.023 0.055 0.009 0.111 0.075 0.018 
 139   (0.109) 0.088 0.009 0.055 0.022 0.197 0.095 0.015 
 133   (0.025) 0.003 0.002 0.002 0.002 0.024 0.003 0.003 
 131   (0.053) 0.074 0.003 0.004 0.004 0.016 0.013 0.497 

Locus 2 : Scv1 
5 alleles
0.0% missing data
 181   (0.536) 0.344 0.953 0.758 0.598 0.655 0.352 0.365 
 179   (0.193) 0.229 0.018 0.070 0.142 0.176 0.395 0.110 
 177   (0.120) 0.090 0.018 0.160 0.016 0.067 0.207 0.218 
 185   (0.121) 0.333 0.009 0.010 0.242 0.063 0.040 0.304 
 171   (0.029) 0.004 0.002 0.003 0.003 0.039 0.005 0.003 

Locus 3 : Rsu4 
9 alleles
0.0% missing data
 267   (0.209) 0.077 0.141 0.082 0.279 0.299 0.113 0.164 
 263   (0.318) 0.479 0.528 0.798 0.229 0.242 0.408 0.335 
 259   (0.052) 0.006 0.208 0.030 0.240 0.016 0.009 0.006 
 287   (0.172) 0.078 0.106 0.054 0.202 0.133 0.346 0.198 
 275   (0.041) 0.012 0.003 0.003 0.004 0.103 0.011 0.005 
 279   (0.065) 0.211 0.006 0.012 0.008 0.089 0.021 0.011 
 283   (0.077) 0.129 0.005 0.006 0.007 0.049 0.078 0.274 
 291   (0.037) 0.005 0.003 0.012 0.029 0.028 0.009 0.005 
 271   (0.026) 0.003 0.002 0.002 0.002 0.040 0.004 0.003 

Locus 4 : Rsu6 
5 alleles
0.0% missing data
 120   (0.255) 0.216 0.279 0.526 0.267 0.204 0.350 0.082 
 126   (0.602) 0.764 0.570 0.405 0.506 0.647 0.626 0.899 
 124   (0.086) 0.014 0.148 0.065 0.205 0.064 0.017 0.013 
 130   (0.032) 0.004 0.002 0.002 0.003 0.077 0.004 0.003 
 114   (0.024) 0.003 0.002 0.002 0.019 0.008 0.003 0.003 

Locus 5 : Scv23 
3 alleles
0.8% missing data
 158   (0.519) 0.588 0.372 0.507 0.738 0.467 0.480 0.752 
 164   (0.194) 0.034 0.435 0.082 0.054 0.256 0.272 0.130 
 160   (0.287) 0.378 0.193 0.411 0.208 0.277 0.247 0.119 

Locus 6 : Scv13 
5 alleles
0.0% missing data
 182   (0.723) 0.629 0.806 0.973 0.903 0.680 0.909 0.882 
 180   (0.088) 0.015 0.162 0.012 0.074 0.115 0.021 0.010 
 172   (0.085) 0.219 0.007 0.006 0.007 0.067 0.042 0.088 
 184   (0.064) 0.015 0.023 0.006 0.012 0.116 0.016 0.016 
 174   (0.039) 0.122 0.003 0.003 0.003 0.023 0.012 0.005 

Locus 7 : Scv32 
18 alleles
0.8% missing data
 236   (0.033) 0.005 0.002 0.002 0.003 0.125 0.008 0.004 
 238   (0.044) 0.010 0.003 0.005 0.004 0.025 0.190 0.084 
 234   (0.127) 0.617 0.350 0.079 0.021 0.066 0.301 0.103 
 246   (0.047) 0.012 0.307 0.009 0.172 0.015 0.008 0.009 
 248   (0.093) 0.012 0.007 0.396 0.149 0.117 0.087 0.022 
 262   (0.102) 0.053 0.019 0.171 0.250 0.065 0.109 0.050 
 232   (0.180) 0.091 0.144 0.015 0.155 0.340 0.077 0.431 
 250   (0.027) 0.003 0.004 0.270 0.003 0.009 0.016 0.003 
 228   (0.025) 0.004 0.002 0.003 0.003 0.037 0.004 0.003 
 220   (0.041) 0.006 0.075 0.008 0.198 0.016 0.008 0.005 
 264   (0.056) 0.022 0.048 0.009 0.007 0.052 0.087 0.007 
 252   (0.048) 0.077 0.004 0.004 0.015 0.016 0.011 0.083 
 254   (0.052) 0.069 0.003 0.006 0.004 0.027 0.061 0.076 
 242   (0.025) 0.003 0.002 0.002 0.002 0.041 0.004 0.003 
 266   (0.027) 0.004 0.002 0.002 0.003 0.010 0.017 0.056 
 244   (0.032) 0.004 0.002 0.014 0.009 0.011 0.005 0.057 
 226   (0.020) 0.002 0.024 0.001 0.002 0.006 0.003 0.002 
 240   (0.020) 0.004 0.001 0.001 0.002 0.021 0.004 0.002 

Locus 8 : Scv8 
6 alleles
0.8% missing data
 200   (0.612) 0.406 0.839 0.829 0.669 0.646 0.822 0.628 
 202   (0.098) 0.060 0.007 0.008 0.009 0.153 0.068 0.096 
 194   (0.097) 0.151 0.140 0.018 0.116 0.045 0.052 0.011 
 204   (0.053) 0.009 0.004 0.128 0.037 0.030 0.014 0.006 
 198   (0.065) 0.013 0.005 0.011 0.163 0.087 0.013 0.008 
 188   (0.075) 0.362 0.005 0.006 0.006 0.039 0.031 0.250 

Locus 9 : Scv9 
5 alleles
0.0% missing data
 198   (0.313) 0.492 0.428 0.482 0.110 0.225 0.638 0.275 
 200   (0.348) 0.124 0.369 0.383 0.523 0.484 0.143 0.307 
 196   (0.269) 0.280 0.037 0.129 0.360 0.269 0.208 0.405 
 204   (0.046) 0.080 0.165 0.004 0.004 0.014 0.008 0.009 
 202   (0.024) 0.024 0.002 0.002 0.002 0.008 0.003 0.004 

Locus 10 : Rsu1 
6 alleles
0.0% missing data
 189   (0.298) 0.290 0.478 0.057 0.059 0.495 0.280 0.109 
 185   (0.281) 0.183 0.168 0.051 0.252 0.207 0.501 0.776 
 177   (0.082) 0.038 0.011 0.011 0.146 0.050 0.018 0.059 
 181   (0.235) 0.476 0.050 0.833 0.197 0.215 0.181 0.045 
 193   (0.059) 0.008 0.077 0.044 0.257 0.019 0.014 0.007 
 197   (0.046) 0.005 0.216 0.004 0.090 0.014 0.006 0.005 

Locus 11 : Scv14 
7 alleles
4.5% missing data
 196   (0.525) 0.675 0.921 0.903 0.772 0.458 0.414 0.623 
 198   (0.080) 0.043 0.006 0.010 0.007 0.098 0.242 0.027 
 194   (0.143) 0.178 0.024 0.047 0.091 0.191 0.041 0.065 
 202   (0.179) 0.083 0.043 0.021 0.119 0.208 0.283 0.277 
 204   (0.024) 0.003 0.002 0.002 0.002 0.023 0.004 0.003 
 190   (0.024) 0.003 0.002 0.015 0.007 0.010 0.006 0.003 
 200   (0.025) 0.014 0.002 0.002 0.002 0.012 0.010 0.003 

Locus 12 : Scv16 
7 alleles
0.0% missing data
 182   (0.394) 0.600 0.220 0.788 0.565 0.292 0.557 0.322 
 184   (0.408) 0.190 0.757 0.195 0.277 0.516 0.378 0.617 
 188   (0.067) 0.008 0.014 0.005 0.147 0.123 0.009 0.008 
 200   (0.024) 0.003 0.002 0.002 0.002 0.023 0.003 0.003 
 198   (0.044) 0.123 0.003 0.005 0.004 0.014 0.037 0.021 
 190   (0.039) 0.070 0.003 0.003 0.003 0.012 0.011 0.026 
 186   (0.024) 0.006 0.002 0.002 0.002 0.020 0.004 0.003 

Locus 13 : Scv31 
15 alleles
3.0% missing data
 193   (0.114) 0.036 0.015 0.627 0.026 0.091 0.233 0.131 
 201   (0.114) 0.016 0.023 0.081 0.056 0.208 0.030 0.065 
 187   (0.089) 0.012 0.292 0.046 0.281 0.033 0.019 0.133 
 207   (0.035) 0.004 0.354 0.003 0.038 0.011 0.005 0.004 
 195   (0.061) 0.024 0.007 0.030 0.122 0.019 0.012 0.249 
 185   (0.169) 0.286 0.228 0.019 0.031 0.136 0.429 0.150 
 189   (0.066) 0.008 0.004 0.144 0.006 0.188 0.009 0.007 
 205   (0.024) 0.004 0.002 0.002 0.003 0.021 0.004 0.004 
 191   (0.127) 0.530 0.058 0.032 0.360 0.064 0.158 0.017 
 197   (0.028) 0.003 0.004 0.003 0.004 0.009 0.005 0.181 
 199   (0.059) 0.062 0.004 0.005 0.005 0.069 0.010 0.045 
 203   (0.024) 0.003 0.002 0.002 0.002 0.058 0.003 0.003 
 209   (0.032) 0.005 0.002 0.003 0.003 0.032 0.019 0.004 
 213   (0.032) 0.004 0.002 0.002 0.003 0.051 0.060 0.006 
 181   (0.027) 0.003 0.003 0.002 0.060 0.008 0.004 0.003 

Locus 14 : Scv6 
8 alleles
0.0% missing data
 191   (0.107) 0.013 0.008 0.235 0.180 0.188 0.055 0.022 
 195   (0.355) 0.235 0.662 0.461 0.489 0.299 0.442 0.594 
 197   (0.221) 0.283 0.273 0.270 0.292 0.131 0.199 0.225 
 201   (0.077) 0.115 0.005 0.009 0.007 0.132 0.080 0.009 
 205   (0.027) 0.003 0.002 0.002 0.002 0.041 0.003 0.003 
 193   (0.097) 0.186 0.007 0.008 0.010 0.110 0.091 0.087 
 199   (0.090) 0.162 0.042 0.012 0.017 0.058 0.126 0.057 
 181   (0.026) 0.003 0.002 0.002 0.002 0.041 0.004 0.003 

Values of parameters used in structure:
DATAFILE=M:\STRUCTURE\Squirrel_133_ID_14L_20250816\project_data,	OUTFILE=M:\STRUCTURE\Squirrel_133_ID_14L_20250816\10k_Burnin_100k_MCMC\Results\10k_Burnin_100k_MCMC_run_156,	NUMINDS=133,	NUMLOCI=14,	MISSING=-9,	LABEL=1,	POPDATA=1,	POPFLAG=0,	PHENOTYPE=0,	EXTRACOLS=1,	MAXPOPS=7,	BURNIN=10000,	NUMREPS=100000,	USEPOPINFO=0,	INFERALPHA=1,	INFERLAMBDA=1,	POPSPECIFICLAMBDA=0,	POPALPHAS=0,	COMPUTEPROB=1,	NOADMIX=0,	ADMBURNIN=2500,	UPDATEFREQ=1,	PRINTLIKES=0,	INTERMEDSAVE=0,	PRINTKLD=0,	PRINTNET=0,	PRINTLAMBDA=0,	ANCESTDIST=1,	NUMBOXES=1000,	ANCESTPINT=0.90000,	GENSBACK=2,	MIGRPRIOR=0.05000,	PRINTQHAT=1,	PRINTQSUM=0,	ALPHA=1.0000,	FREQSCORR=1,	FPRIORMEAN=0.0100,	FPRIORSD=0.0500,	ONEFST=0,	LAMBDA=1.0000,	UNIFPRIORALPHA=1,	ALPHAMAX=10.0000,	ALPHAPRIORA=1.0000,	ALPHAPRIORB=2.0000,	ALPHAPROPSD=0.0250,	STARTATPOPINFO=0,	RANDOMIZE=1,	LINKAGE=0,	METROFREQ=10,	REPORTHITRATE=0,	MARKOVPHASE=-1,	PHASED=0,	PLOIDY=2,	PHASEINFO=0	LOCPRIOR=0, 	LOCPRIORINIT=1.000000, 	LOCDATA=0, 	LOCISPOP=0, 	LOCPRIORSTEP=0.100000, 	MAXLOCPRIOR=20.000000, 	SEED=1763719653,	
[STRAT parameters]:    NUMSIMSTATS=1000,	PHENOTYPECOL=-9,	POOLFREQ=10,	LOCUSxONLY=0,	EMERROR=0.00100,	MISSINGPHENO=-9,	