

----------------------------------------------------
STRUCTURE by Pritchard, Stephens and Donnelly (2000)
     and Falush, Stephens and Pritchard (2003)
       Code by Pritchard, Falush and Hubisz
             Version 2.3.4 (Jul 2012)
----------------------------------------------------



Command line arguments:   bin\structure -m M:\STRUCTURE\Squirrel_133_ID_14L_20250816\10k_Burnin_100k_MCMC\mainparams -e M:\STRUCTURE\Squirrel_133_ID_14L_20250816\10k_Burnin_100k_MCMC\extraparams 
Input File:    M:\STRUCTURE\Squirrel_133_ID_14L_20250816\project_data

Run parameters:
   133 individuals
   14 loci
   9 populations assumed
   10000 Burn-in period
   100000 Reps


--------------------------------------------
Proportion of membership of each pre-defined
 population in each of the 9 clusters

Given    Inferred Clusters                                                 Number of
 Pop       1      2      3      4      5      6      7      8      9      Individuals

  1:     0.118  0.103  0.115  0.167  0.094  0.099  0.052  0.116  0.137      133
--------------------------------------------

Allele-freq. divergence among pops (Net nucleotide distance),
computed using point estimates of P.

      1       2       3       4       5       6       7       8       9      
 1      -    0.0897  0.1204  0.0939  0.0623  0.1836  0.1325  0.0772  0.1264  
 2   0.0897     -    0.1031  0.0686  0.0231  0.1232  0.1077  0.0752  0.0732  
 3   0.1204  0.1031     -    0.0941  0.0505  0.1215  0.1433  0.0500  0.1257  
 4   0.0939  0.0686  0.0941     -    0.0336  0.0932  0.1339  0.0667  0.0767  
 5   0.0623  0.0231  0.0505  0.0336     -    0.0837  0.0794  0.0264  0.0585  
 6   0.1836  0.1232  0.1215  0.0932  0.0837     -    0.1820  0.0937  0.1208  
 7   0.1325  0.1077  0.1433  0.1339  0.0794  0.1820     -    0.0910  0.1803  
 8   0.0772  0.0752  0.0500  0.0667  0.0264  0.0937  0.0910     -    0.0792  
 9   0.1264  0.0732  0.1257  0.0767  0.0585  0.1208  0.1803  0.0792     -    

Average distances (expected heterozygosity) between individuals in same cluster:
cluster  1  : 0.5231 
cluster  2  : 0.6369 
cluster  3  : 0.5834 
cluster  4  : 0.5440 
cluster  5  : 0.6669 
cluster  6  : 0.3951 
cluster  7  : 0.5274 
cluster  8  : 0.5533 
cluster  9  : 0.4573 

--------------------------------------------
Estimated Ln Prob of Data   = -4222.4
Mean value of ln likelihood = -3936.0
Variance of ln likelihood   = 572.8
Mean value of alpha         = 0.0428

Mean value of lambda        = 0.9411

Mean value of Fst_1         = 0.2424
Mean value of Fst_2         = 0.1092
Mean value of Fst_3         = 0.2119
Mean value of Fst_4         = 0.2043
Mean value of Fst_5         = 0.0100
Mean value of Fst_6         = 0.3760
Mean value of Fst_7         = 0.4065
Mean value of Fst_8         = 0.2298
Mean value of Fst_9         = 0.2989


Inferred ancestry of individuals:
        Label (%Miss) Pop:  Inferred clusters (and 90% probability intervals)
  1       1*    (0)    1 :  0.014 0.635 0.005 0.009 0.080 0.031 0.117 0.094 0.016     (0.000,0.082) (0.000,0.999) (0.000,0.026) (0.000,0.052) (0.000,0.725) (0.000,0.231) (0.000,0.609) (0.000,0.478) (0.000,0.105) 
  2        3    (0)    1 :  0.009 0.005 0.004 0.007 0.006 0.005 0.005 0.007 0.952     (0.000,0.052) (0.000,0.029) (0.000,0.022) (0.000,0.035) (0.000,0.029) (0.000,0.028) (0.000,0.024) (0.000,0.040) (0.793,1.000) 
  3        6    (0)    1 :  0.011 0.005 0.011 0.020 0.009 0.007 0.009 0.020 0.907     (0.000,0.069) (0.000,0.029) (0.000,0.067) (0.000,0.143) (0.000,0.049) (0.000,0.039) (0.000,0.053) (0.000,0.141) (0.627,1.000) 
  4        8    (0)    1 :  0.011 0.015 0.004 0.913 0.013 0.021 0.009 0.005 0.009     (0.000,0.072) (0.000,0.099) (0.000,0.019) (0.645,1.000) (0.000,0.072) (0.000,0.138) (0.000,0.051) (0.000,0.027) (0.000,0.045) 
  5       10    (0)    1 :  0.004 0.007 0.004 0.038 0.010 0.912 0.010 0.005 0.011     (0.000,0.019) (0.000,0.043) (0.000,0.022) (0.000,0.258) (0.000,0.056) (0.647,1.000) (0.000,0.064) (0.000,0.024) (0.000,0.071) 
  6       11    (0)    1 :  0.009 0.130 0.024 0.045 0.688 0.013 0.024 0.046 0.020     (0.000,0.052) (0.000,0.864) (0.000,0.152) (0.000,0.355) (0.000,1.000) (0.000,0.089) (0.000,0.140) (0.000,0.340) (0.000,0.136) 
  7       12    (0)    1 :  0.004 0.004 0.005 0.005 0.005 0.961 0.004 0.007 0.006     (0.000,0.020) (0.000,0.022) (0.000,0.025) (0.000,0.028) (0.000,0.026) (0.832,1.000) (0.000,0.021) (0.000,0.035) (0.000,0.030) 
  8       16    (7)    1 :  0.004 0.006 0.005 0.015 0.006 0.007 0.005 0.006 0.946     (0.000,0.024) (0.000,0.031) (0.000,0.027) (0.000,0.094) (0.000,0.033) (0.000,0.039) (0.000,0.024) (0.000,0.033) (0.765,1.000) 
  9       18    (0)    1 :  0.007 0.949 0.004 0.010 0.009 0.006 0.004 0.005 0.007     (0.000,0.036) (0.779,1.000) (0.000,0.021) (0.000,0.056) (0.000,0.045) (0.000,0.034) (0.000,0.019) (0.000,0.029) (0.000,0.038) 
 10       19    (0)    1 :  0.024 0.081 0.032 0.024 0.800 0.010 0.006 0.009 0.014     (0.000,0.161) (0.000,0.665) (0.000,0.223) (0.000,0.170) (0.000,1.000) (0.000,0.058) (0.000,0.035) (0.000,0.047) (0.000,0.083) 
 11       21    (7)    1 :  0.005 0.005 0.007 0.021 0.008 0.007 0.006 0.008 0.932     (0.000,0.029) (0.000,0.029) (0.000,0.038) (0.000,0.150) (0.000,0.043) (0.000,0.037) (0.000,0.035) (0.000,0.046) (0.715,1.000) 
 12       23    (7)    1 :  0.010 0.013 0.038 0.016 0.038 0.468 0.048 0.349 0.020     (0.000,0.054) (0.000,0.078) (0.000,0.275) (0.000,0.105) (0.000,0.278) (0.000,0.972) (0.000,0.355) (0.000,0.993) (0.000,0.141) 
 13       24    (7)    1 :  0.008 0.049 0.026 0.077 0.241 0.390 0.179 0.012 0.017     (0.000,0.049) (0.000,0.366) (0.000,0.182) (0.000,0.473) (0.000,0.979) (0.000,0.885) (0.000,0.606) (0.000,0.066) (0.000,0.123) 
 14       25    (7)    1 :  0.006 0.014 0.008 0.105 0.069 0.485 0.064 0.191 0.058     (0.000,0.033) (0.000,0.088) (0.000,0.049) (0.000,0.436) (0.000,0.503) (0.000,0.931) (0.000,0.460) (0.000,0.751) (0.000,0.344) 
 15      26*    (0)    1 :  0.008 0.019 0.005 0.380 0.048 0.211 0.051 0.009 0.270     (0.000,0.041) (0.000,0.129) (0.000,0.026) (0.000,0.958) (0.000,0.337) (0.000,0.643) (0.000,0.294) (0.000,0.054) (0.000,0.821) 
 16       28    (0)    1 :  0.006 0.006 0.006 0.780 0.010 0.130 0.016 0.011 0.037     (0.000,0.031) (0.000,0.029) (0.000,0.033) (0.000,1.000) (0.000,0.053) (0.000,0.828) (0.000,0.109) (0.000,0.068) (0.000,0.283) 
 17       29    (0)    1 :  0.006 0.014 0.006 0.026 0.011 0.908 0.018 0.005 0.006     (0.000,0.031) (0.000,0.096) (0.000,0.030) (0.000,0.189) (0.000,0.068) (0.643,1.000) (0.000,0.127) (0.000,0.026) (0.000,0.034) 
 18       30    (0)    1 :  0.331 0.021 0.007 0.143 0.087 0.190 0.020 0.023 0.178     (0.000,0.754) (0.000,0.128) (0.000,0.035) (0.000,0.713) (0.000,0.727) (0.000,0.707) (0.000,0.130) (0.000,0.152) (0.000,0.785) 
 19       33    (0)    1 :  0.018 0.738 0.055 0.005 0.148 0.005 0.009 0.016 0.005     (0.000,0.128) (0.000,1.000) (0.000,0.328) (0.000,0.029) (0.000,0.982) (0.000,0.030) (0.000,0.052) (0.000,0.104) (0.000,0.029) 
 20       37    (0)    1 :  0.006 0.884 0.008 0.009 0.016 0.042 0.014 0.011 0.010     (0.000,0.036) (0.571,1.000) (0.000,0.050) (0.000,0.052) (0.000,0.071) (0.000,0.293) (0.000,0.098) (0.000,0.066) (0.000,0.061) 
 21       38    (0)    1 :  0.005 0.919 0.005 0.009 0.024 0.014 0.009 0.005 0.010     (0.000,0.028) (0.669,1.000) (0.000,0.025) (0.000,0.055) (0.000,0.138) (0.000,0.099) (0.000,0.055) (0.000,0.027) (0.000,0.059) 
 22       43    (0)    1 :  0.008 0.007 0.007 0.152 0.014 0.753 0.016 0.012 0.031     (0.000,0.051) (0.000,0.038) (0.000,0.037) (0.000,0.518) (0.000,0.082) (0.412,0.999) (0.000,0.113) (0.000,0.077) (0.000,0.219) 
 23       44    (0)    1 :  0.017 0.007 0.005 0.759 0.011 0.006 0.004 0.007 0.186     (0.000,0.107) (0.000,0.036) (0.000,0.025) (0.314,1.000) (0.000,0.052) (0.000,0.033) (0.000,0.018) (0.000,0.034) (0.000,0.592) 
 24       48    (0)    1 :  0.006 0.951 0.004 0.006 0.008 0.007 0.004 0.005 0.009     (0.000,0.034) (0.786,1.000) (0.000,0.019) (0.000,0.031) (0.000,0.041) (0.000,0.038) (0.000,0.023) (0.000,0.026) (0.000,0.053) 
 25       55    (0)    1 :  0.016 0.010 0.007 0.794 0.023 0.008 0.023 0.031 0.089     (0.000,0.103) (0.000,0.058) (0.000,0.037) (0.346,1.000) (0.000,0.129) (0.000,0.049) (0.000,0.170) (0.000,0.231) (0.000,0.494) 
 26       59    (0)    1 :  0.009 0.007 0.004 0.007 0.007 0.005 0.005 0.007 0.949     (0.000,0.053) (0.000,0.042) (0.000,0.021) (0.000,0.040) (0.000,0.039) (0.000,0.026) (0.000,0.025) (0.000,0.037) (0.783,1.000) 
 27       60    (0)    1 :  0.007 0.015 0.015 0.005 0.021 0.030 0.276 0.621 0.011     (0.000,0.034) (0.000,0.100) (0.000,0.095) (0.000,0.024) (0.000,0.102) (0.000,0.222) (0.000,0.996) (0.000,1.000) (0.000,0.061) 
 28       61    (0)    1 :  0.057 0.007 0.506 0.014 0.021 0.007 0.042 0.331 0.014     (0.000,0.369) (0.000,0.040) (0.000,0.998) (0.000,0.087) (0.000,0.133) (0.000,0.040) (0.000,0.335) (0.000,0.989) (0.000,0.091) 
 29       62    (0)    1 :  0.017 0.023 0.458 0.021 0.068 0.035 0.027 0.337 0.013     (0.000,0.114) (0.000,0.161) (0.000,0.999) (0.000,0.142) (0.000,0.575) (0.000,0.259) (0.000,0.170) (0.000,0.997) (0.000,0.079) 
 30       65    (0)    1 :  0.022 0.794 0.014 0.010 0.119 0.006 0.018 0.012 0.005     (0.000,0.159) (0.000,1.000) (0.000,0.096) (0.000,0.056) (0.000,0.891) (0.000,0.031) (0.000,0.121) (0.000,0.073) (0.000,0.029) 
 31       73    (0)    1 :  0.756 0.007 0.006 0.011 0.013 0.150 0.024 0.026 0.007     (0.402,1.000) (0.000,0.038) (0.000,0.029) (0.000,0.065) (0.000,0.077) (0.000,0.499) (0.000,0.169) (0.000,0.191) (0.000,0.038) 
 32       75    (0)    1 :  0.037 0.011 0.911 0.005 0.013 0.004 0.006 0.006 0.008     (0.000,0.247) (0.000,0.072) (0.649,1.000) (0.000,0.027) (0.000,0.070) (0.000,0.021) (0.000,0.033) (0.000,0.030) (0.000,0.051) 
 33       76    (0)    1 :  0.006 0.004 0.930 0.005 0.007 0.011 0.004 0.029 0.005     (0.000,0.033) (0.000,0.020) (0.674,1.000) (0.000,0.026) (0.000,0.034) (0.000,0.067) (0.000,0.019) (0.000,0.201) (0.000,0.028) 
 34       77    (0)    1 :  0.005 0.006 0.826 0.005 0.009 0.009 0.025 0.109 0.005     (0.000,0.028) (0.000,0.035) (0.235,1.000) (0.000,0.024) (0.000,0.049) (0.000,0.056) (0.000,0.166) (0.000,0.681) (0.000,0.026) 
 35       78    (0)    1 :  0.616 0.011 0.266 0.013 0.028 0.016 0.013 0.032 0.006     (0.001,0.998) (0.000,0.065) (0.000,0.817) (0.000,0.078) (0.000,0.178) (0.000,0.115) (0.000,0.080) (0.000,0.237) (0.000,0.033) 
 36       79    (0)    1 :  0.074 0.010 0.800 0.007 0.038 0.004 0.011 0.053 0.004     (0.000,0.395) (0.000,0.061) (0.142,1.000) (0.000,0.040) (0.000,0.263) (0.000,0.022) (0.000,0.074) (0.000,0.428) (0.000,0.023) 
 37       84    (0)    1 :  0.011 0.006 0.015 0.024 0.022 0.017 0.056 0.046 0.803     (0.000,0.071) (0.000,0.033) (0.000,0.096) (0.000,0.171) (0.000,0.145) (0.000,0.116) (0.000,0.296) (0.000,0.315) (0.447,1.000) 
 38       85    (0)    1 :  0.013 0.008 0.006 0.916 0.019 0.006 0.013 0.011 0.008     (0.000,0.083) (0.000,0.041) (0.000,0.034) (0.661,1.000) (0.000,0.103) (0.000,0.033) (0.000,0.092) (0.000,0.061) (0.000,0.048) 
 39       86    (0)    1 :  0.015 0.009 0.008 0.813 0.105 0.010 0.023 0.011 0.005     (0.000,0.099) (0.000,0.052) (0.000,0.046) (0.253,1.000) (0.000,0.667) (0.000,0.072) (0.000,0.167) (0.000,0.065) (0.000,0.027) 
 40       89    (0)    1 :  0.009 0.018 0.036 0.019 0.057 0.175 0.027 0.075 0.585     (0.000,0.051) (0.000,0.120) (0.000,0.263) (0.000,0.112) (0.000,0.397) (0.000,0.589) (0.000,0.185) (0.000,0.458) (0.036,0.950) 
 41       94    (0)    1 :  0.005 0.012 0.004 0.009 0.007 0.947 0.003 0.007 0.006     (0.000,0.030) (0.000,0.077) (0.000,0.024) (0.000,0.051) (0.000,0.036) (0.775,1.000) (0.000,0.017) (0.000,0.038) (0.000,0.033) 
 42       95    (0)    1 :  0.014 0.014 0.006 0.017 0.012 0.006 0.007 0.014 0.910     (0.000,0.092) (0.000,0.089) (0.000,0.031) (0.000,0.106) (0.000,0.066) (0.000,0.032) (0.000,0.033) (0.000,0.087) (0.628,1.000) 
 43       96    (0)    1 :  0.006 0.005 0.006 0.949 0.008 0.010 0.005 0.006 0.006     (0.000,0.033) (0.000,0.026) (0.000,0.033) (0.779,1.000) (0.000,0.036) (0.000,0.057) (0.000,0.027) (0.000,0.034) (0.000,0.032) 
 44       98    (0)    1 :  0.093 0.006 0.045 0.006 0.024 0.008 0.194 0.617 0.006     (0.000,0.808) (0.000,0.029) (0.000,0.321) (0.000,0.035) (0.000,0.116) (0.000,0.049) (0.000,0.993) (0.000,1.000) (0.000,0.031) 
 45      102    (0)    1 :  0.007 0.480 0.015 0.007 0.418 0.016 0.014 0.015 0.029     (0.000,0.038) (0.000,0.999) (0.000,0.103) (0.000,0.037) (0.000,0.999) (0.000,0.110) (0.000,0.094) (0.000,0.103) (0.000,0.217) 
 46      105    (0)    1 :  0.957 0.009 0.004 0.005 0.006 0.005 0.005 0.004 0.006     (0.814,1.000) (0.000,0.055) (0.000,0.023) (0.000,0.025) (0.000,0.031) (0.000,0.028) (0.000,0.025) (0.000,0.024) (0.000,0.029) 
 47      106    (0)    1 :  0.221 0.016 0.321 0.026 0.259 0.004 0.015 0.052 0.087     (0.000,0.684) (0.000,0.105) (0.000,0.909) (0.000,0.188) (0.000,0.993) (0.000,0.023) (0.000,0.093) (0.000,0.389) (0.000,0.396) 
 48      108    (0)    1 :  0.804 0.061 0.023 0.009 0.044 0.008 0.020 0.024 0.008     (0.427,1.000) (0.000,0.382) (0.000,0.168) (0.000,0.049) (0.000,0.312) (0.000,0.045) (0.000,0.143) (0.000,0.170) (0.000,0.044) 
 49      109    (0)    1 :  0.737 0.011 0.037 0.016 0.065 0.007 0.022 0.096 0.011     (0.001,1.000) (0.000,0.059) (0.000,0.261) (0.000,0.107) (0.000,0.478) (0.000,0.037) (0.000,0.149) (0.000,0.558) (0.000,0.068) 
 50      112    (0)    1 :  0.008 0.020 0.155 0.264 0.241 0.050 0.024 0.225 0.014     (0.000,0.043) (0.000,0.129) (0.000,0.785) (0.000,0.843) (0.000,0.989) (0.000,0.360) (0.000,0.162) (0.000,0.845) (0.000,0.088) 
 51      115    (0)    1 :  0.016 0.202 0.012 0.010 0.636 0.042 0.037 0.033 0.012     (0.000,0.103) (0.000,0.976) (0.000,0.070) (0.000,0.054) (0.000,1.000) (0.000,0.291) (0.000,0.266) (0.000,0.235) (0.000,0.069) 
 52      116    (0)    1 :  0.018 0.012 0.006 0.910 0.024 0.007 0.006 0.009 0.009     (0.000,0.124) (0.000,0.077) (0.000,0.031) (0.625,1.000) (0.000,0.159) (0.000,0.035) (0.000,0.032) (0.000,0.046) (0.000,0.048) 
 53      117    (0)    1 :  0.018 0.015 0.012 0.058 0.025 0.111 0.014 0.034 0.713     (0.000,0.120) (0.000,0.101) (0.000,0.069) (0.000,0.403) (0.000,0.161) (0.000,0.754) (0.000,0.090) (0.000,0.242) (0.000,1.000) 
 54      129    (0)    1 :  0.006 0.008 0.003 0.876 0.009 0.010 0.007 0.007 0.073     (0.000,0.035) (0.000,0.050) (0.000,0.018) (0.462,1.000) (0.000,0.051) (0.000,0.055) (0.000,0.042) (0.000,0.038) (0.000,0.477) 
 55      132    (0)    1 :  0.007 0.032 0.009 0.007 0.035 0.133 0.271 0.490 0.015     (0.000,0.037) (0.000,0.233) (0.000,0.051) (0.000,0.038) (0.000,0.224) (0.000,0.550) (0.000,0.994) (0.000,1.000) (0.000,0.096) 
 56      133    (0)    1 :  0.088 0.005 0.065 0.005 0.015 0.006 0.189 0.620 0.007     (0.000,0.764) (0.000,0.026) (0.000,0.532) (0.000,0.024) (0.000,0.069) (0.000,0.033) (0.000,0.993) (0.000,1.000) (0.000,0.035) 
 57      137    (7)    1 :  0.014 0.010 0.459 0.011 0.030 0.020 0.072 0.373 0.011     (0.000,0.087) (0.000,0.057) (0.000,0.998) (0.000,0.069) (0.000,0.201) (0.000,0.144) (0.000,0.610) (0.000,0.996) (0.000,0.058) 
 58      139    (0)    1 :  0.010 0.011 0.925 0.008 0.017 0.006 0.009 0.007 0.008     (0.000,0.055) (0.000,0.068) (0.694,1.000) (0.000,0.045) (0.000,0.106) (0.000,0.031) (0.000,0.055) (0.000,0.035) (0.000,0.050) 
 59      140    (0)    1 :  0.766 0.015 0.042 0.013 0.048 0.006 0.009 0.067 0.035     (0.244,1.000) (0.000,0.088) (0.000,0.289) (0.000,0.076) (0.000,0.347) (0.000,0.030) (0.000,0.041) (0.000,0.467) (0.000,0.254) 
 60      142    (0)    1 :  0.009 0.007 0.766 0.007 0.013 0.011 0.006 0.157 0.024     (0.000,0.050) (0.000,0.036) (0.000,1.000) (0.000,0.040) (0.000,0.070) (0.000,0.072) (0.000,0.029) (0.000,0.908) (0.000,0.172) 
 61      144    (0)    1 :  0.958 0.005 0.005 0.004 0.005 0.004 0.005 0.007 0.007     (0.819,1.000) (0.000,0.025) (0.000,0.030) (0.000,0.020) (0.000,0.028) (0.000,0.022) (0.000,0.025) (0.000,0.040) (0.000,0.039) 
 62      145    (0)    1 :  0.012 0.007 0.532 0.009 0.013 0.005 0.007 0.406 0.008     (0.000,0.074) (0.000,0.039) (0.000,1.000) (0.000,0.050) (0.000,0.062) (0.000,0.029) (0.000,0.035) (0.000,1.000) (0.000,0.041) 
 63      147    (0)    1 :  0.933 0.005 0.019 0.008 0.009 0.004 0.011 0.007 0.004     (0.723,1.000) (0.000,0.029) (0.000,0.138) (0.000,0.045) (0.000,0.053) (0.000,0.021) (0.000,0.072) (0.000,0.037) (0.000,0.021) 
 64      160    (0)    1 :  0.004 0.006 0.004 0.007 0.005 0.958 0.004 0.005 0.007     (0.000,0.024) (0.000,0.032) (0.000,0.022) (0.000,0.035) (0.000,0.027) (0.817,1.000) (0.000,0.023) (0.000,0.025) (0.000,0.038) 
 65     162*    (0)    1 :  0.006 0.005 0.006 0.944 0.007 0.012 0.006 0.007 0.006     (0.000,0.034) (0.000,0.028) (0.000,0.034) (0.759,1.000) (0.000,0.036) (0.000,0.072) (0.000,0.034) (0.000,0.036) (0.000,0.032) 
 66      166    (0)    1 :  0.031 0.005 0.015 0.006 0.008 0.005 0.276 0.639 0.015     (0.000,0.179) (0.000,0.025) (0.000,0.082) (0.000,0.033) (0.000,0.039) (0.000,0.024) (0.000,0.998) (0.000,1.000) (0.000,0.093) 
 67      177    (0)    1 :  0.004 0.003 0.968 0.003 0.005 0.004 0.003 0.005 0.004     (0.000,0.021) (0.000,0.017) (0.862,1.000) (0.000,0.017) (0.000,0.024) (0.000,0.019) (0.000,0.017) (0.000,0.029) (0.000,0.020) 
 68      178    (0)    1 :  0.013 0.010 0.833 0.012 0.022 0.025 0.039 0.038 0.008     (0.000,0.090) (0.000,0.058) (0.452,1.000) (0.000,0.075) (0.000,0.152) (0.000,0.189) (0.000,0.252) (0.000,0.281) (0.000,0.045) 
 69      186    (0)    1 :  0.003 0.004 0.004 0.005 0.004 0.005 0.003 0.005 0.966     (0.000,0.018) (0.000,0.021) (0.000,0.021) (0.000,0.026) (0.000,0.023) (0.000,0.025) (0.000,0.018) (0.000,0.025) (0.849,1.000) 
 70      189    (0)    1 :  0.004 0.006 0.007 0.949 0.006 0.011 0.004 0.007 0.006     (0.000,0.022) (0.000,0.030) (0.000,0.039) (0.778,1.000) (0.000,0.034) (0.000,0.071) (0.000,0.022) (0.000,0.035) (0.000,0.030) 
 71      190    (0)    1 :  0.009 0.016 0.012 0.722 0.032 0.075 0.046 0.028 0.060     (0.000,0.051) (0.000,0.106) (0.000,0.077) (0.000,1.000) (0.000,0.209) (0.000,0.541) (0.000,0.313) (0.000,0.208) (0.000,0.403) 
 72      191    (0)    1 :  0.038 0.008 0.021 0.588 0.025 0.014 0.005 0.025 0.275     (0.000,0.276) (0.000,0.045) (0.000,0.149) (0.000,0.999) (0.000,0.163) (0.000,0.091) (0.000,0.030) (0.000,0.176) (0.000,0.830) 
 73      193    (0)    1 :  0.024 0.012 0.404 0.016 0.031 0.015 0.007 0.461 0.031     (0.000,0.175) (0.000,0.071) (0.000,0.999) (0.000,0.098) (0.000,0.162) (0.000,0.097) (0.000,0.037) (0.000,1.000) (0.000,0.226) 
 74      202    (0)    1 :  0.008 0.027 0.009 0.097 0.549 0.224 0.029 0.045 0.012     (0.000,0.047) (0.000,0.187) (0.000,0.051) (0.000,0.533) (0.000,0.999) (0.000,0.714) (0.000,0.202) (0.000,0.325) (0.000,0.069) 
 75      204    (0)    1 :  0.006 0.005 0.004 0.589 0.006 0.009 0.004 0.005 0.372     (0.000,0.034) (0.000,0.024) (0.000,0.020) (0.000,1.000) (0.000,0.033) (0.000,0.049) (0.000,0.021) (0.000,0.027) (0.000,1.000) 
 76      211    (0)    1 :  0.057 0.020 0.054 0.009 0.094 0.115 0.220 0.416 0.015     (0.000,0.406) (0.000,0.125) (0.000,0.318) (0.000,0.052) (0.000,0.755) (0.000,0.563) (0.000,0.949) (0.000,0.998) (0.000,0.104) 
 77      216    (0)    1 :  0.572 0.005 0.035 0.007 0.020 0.020 0.139 0.197 0.005     (0.000,0.999) (0.000,0.027) (0.000,0.231) (0.000,0.038) (0.000,0.136) (0.000,0.145) (0.000,0.710) (0.000,0.805) (0.000,0.026) 
 78      222    (0)    1 :  0.800 0.041 0.010 0.018 0.068 0.005 0.012 0.040 0.005     (0.214,1.000) (0.000,0.293) (0.000,0.060) (0.000,0.105) (0.000,0.537) (0.000,0.023) (0.000,0.070) (0.000,0.300) (0.000,0.026) 
 79      224    (0)    1 :  0.009 0.008 0.005 0.941 0.006 0.012 0.004 0.007 0.006     (0.000,0.055) (0.000,0.045) (0.000,0.029) (0.747,1.000) (0.000,0.033) (0.000,0.078) (0.000,0.022) (0.000,0.035) (0.000,0.034) 
 80      226    (0)    1 :  0.005 0.008 0.005 0.008 0.016 0.005 0.005 0.010 0.939     (0.000,0.027) (0.000,0.044) (0.000,0.025) (0.000,0.044) (0.000,0.114) (0.000,0.025) (0.000,0.023) (0.000,0.059) (0.742,1.000) 
 81      229    (0)    1 :  0.016 0.018 0.025 0.359 0.317 0.057 0.146 0.039 0.023     (0.000,0.090) (0.000,0.117) (0.000,0.181) (0.000,0.919) (0.000,0.998) (0.000,0.434) (0.000,0.625) (0.000,0.273) (0.000,0.162) 
 82      230    (0)    1 :  0.015 0.015 0.043 0.696 0.154 0.030 0.007 0.011 0.030     (0.000,0.108) (0.000,0.079) (0.000,0.276) (0.000,1.000) (0.000,0.973) (0.000,0.217) (0.000,0.039) (0.000,0.066) (0.000,0.214) 
 83      232    (0)    1 :  0.017 0.018 0.079 0.073 0.150 0.295 0.015 0.232 0.121     (0.000,0.115) (0.000,0.104) (0.000,0.485) (0.000,0.517) (0.000,0.889) (0.000,0.750) (0.000,0.078) (0.000,0.852) (0.000,0.588) 
 84      238    (0)    1 :  0.022 0.125 0.053 0.017 0.723 0.006 0.010 0.038 0.005     (0.000,0.153) (0.000,0.770) (0.000,0.365) (0.000,0.111) (0.000,1.000) (0.000,0.037) (0.000,0.063) (0.000,0.284) (0.000,0.029) 
 85      242    (0)    1 :  0.008 0.900 0.004 0.007 0.039 0.004 0.024 0.007 0.006     (0.000,0.050) (0.594,1.000) (0.000,0.022) (0.000,0.040) (0.000,0.197) (0.000,0.020) (0.000,0.178) (0.000,0.038) (0.000,0.033) 
 86      243    (0)    1 :  0.016 0.478 0.021 0.008 0.339 0.007 0.021 0.085 0.025     (0.000,0.106) (0.000,0.999) (0.000,0.151) (0.000,0.047) (0.000,0.999) (0.000,0.042) (0.000,0.136) (0.000,0.503) (0.000,0.184) 
 87      244    (0)    1 :  0.006 0.182 0.109 0.011 0.652 0.009 0.011 0.012 0.007     (0.000,0.035) (0.000,0.845) (0.000,0.547) (0.000,0.069) (0.000,1.000) (0.000,0.053) (0.000,0.069) (0.000,0.068) (0.000,0.035) 
 88      251    (0)    1 :  0.009 0.093 0.017 0.022 0.733 0.074 0.018 0.024 0.008     (0.000,0.051) (0.000,0.695) (0.000,0.107) (0.000,0.152) (0.000,1.000) (0.000,0.469) (0.000,0.114) (0.000,0.161) (0.000,0.047) 
 89      266    (0)    1 :  0.010 0.071 0.296 0.009 0.387 0.005 0.079 0.132 0.010     (0.000,0.060) (0.000,0.406) (0.000,0.807) (0.000,0.055) (0.000,0.998) (0.000,0.027) (0.000,0.459) (0.000,0.667) (0.000,0.063) 
 90      267    (0)    1 :  0.745 0.018 0.011 0.014 0.032 0.006 0.037 0.093 0.043     (0.161,1.000) (0.000,0.121) (0.000,0.062) (0.000,0.090) (0.000,0.210) (0.000,0.034) (0.000,0.282) (0.000,0.571) (0.000,0.302) 
 91      268    (0)    1 :  0.087 0.006 0.393 0.005 0.034 0.036 0.212 0.219 0.007     (0.000,0.603) (0.000,0.033) (0.000,0.986) (0.000,0.024) (0.000,0.199) (0.000,0.263) (0.000,0.857) (0.000,0.972) (0.000,0.036) 
 92      270    (0)    1 :  0.011 0.009 0.005 0.909 0.009 0.019 0.007 0.009 0.021     (0.000,0.069) (0.000,0.053) (0.000,0.029) (0.634,1.000) (0.000,0.050) (0.000,0.129) (0.000,0.043) (0.000,0.052) (0.000,0.147) 
 93      276    (0)    1 :  0.032 0.014 0.038 0.569 0.042 0.020 0.011 0.056 0.219     (0.000,0.235) (0.000,0.084) (0.000,0.289) (0.000,1.000) (0.000,0.307) (0.000,0.132) (0.000,0.070) (0.000,0.405) (0.000,0.780) 
 94      298    (7)    1 :  0.584 0.012 0.212 0.007 0.032 0.013 0.062 0.059 0.019     (0.000,0.997) (0.000,0.075) (0.000,0.856) (0.000,0.039) (0.000,0.220) (0.000,0.086) (0.000,0.437) (0.000,0.432) (0.000,0.135) 
 95      306    (0)    1 :  0.013 0.017 0.043 0.010 0.041 0.006 0.167 0.692 0.010     (0.000,0.084) (0.000,0.115) (0.000,0.314) (0.000,0.064) (0.000,0.289) (0.000,0.029) (0.000,0.745) (0.052,1.000) (0.000,0.063) 
 96      308    (0)    1 :  0.082 0.032 0.596 0.012 0.108 0.084 0.016 0.061 0.008     (0.000,0.517) (0.000,0.235) (0.000,0.998) (0.000,0.080) (0.000,0.784) (0.000,0.419) (0.000,0.106) (0.000,0.428) (0.000,0.051) 
 97      311    (7)    1 :  0.164 0.043 0.015 0.019 0.391 0.017 0.027 0.317 0.007     (0.000,0.885) (0.000,0.296) (0.000,0.088) (0.000,0.115) (0.000,1.000) (0.000,0.120) (0.000,0.170) (0.000,0.995) (0.000,0.040) 
 98      323    (0)    1 :  0.007 0.008 0.004 0.008 0.006 0.004 0.004 0.006 0.952     (0.000,0.043) (0.000,0.046) (0.000,0.022) (0.000,0.042) (0.000,0.034) (0.000,0.023) (0.000,0.024) (0.000,0.029) (0.792,1.000) 
 99      327    (0)    1 :  0.011 0.017 0.007 0.596 0.064 0.225 0.025 0.030 0.024     (0.000,0.065) (0.000,0.119) (0.000,0.039) (0.000,0.995) (0.000,0.479) (0.000,0.731) (0.000,0.178) (0.000,0.223) (0.000,0.174) 
100      334    (0)    1 :  0.006 0.103 0.004 0.006 0.020 0.006 0.846 0.005 0.003     (0.000,0.034) (0.000,0.968) (0.000,0.022) (0.000,0.031) (0.000,0.054) (0.000,0.035) (0.000,1.000) (0.000,0.029) (0.000,0.018) 
101      338    (0)    1 :  0.273 0.016 0.031 0.035 0.263 0.029 0.029 0.302 0.022     (0.000,0.978) (0.000,0.092) (0.000,0.229) (0.000,0.258) (0.000,0.995) (0.000,0.210) (0.000,0.190) (0.000,0.965) (0.000,0.159) 
102      341    (0)    1 :  0.006 0.013 0.006 0.008 0.010 0.007 0.009 0.025 0.918     (0.000,0.030) (0.000,0.080) (0.000,0.030) (0.000,0.043) (0.000,0.056) (0.000,0.037) (0.000,0.047) (0.000,0.175) (0.665,1.000) 
103      346    (0)    1 :  0.006 0.006 0.362 0.010 0.018 0.034 0.069 0.483 0.012     (0.000,0.028) (0.000,0.033) (0.000,0.998) (0.000,0.053) (0.000,0.106) (0.000,0.256) (0.000,0.639) (0.000,1.000) (0.000,0.068) 
104      348    (0)    1 :  0.607 0.016 0.234 0.010 0.049 0.006 0.013 0.057 0.007     (0.000,0.999) (0.000,0.107) (0.000,0.819) (0.000,0.059) (0.000,0.361) (0.000,0.038) (0.000,0.079) (0.000,0.394) (0.000,0.043) 
105      351    (0)    1 :  0.008 0.132 0.013 0.009 0.212 0.039 0.318 0.256 0.014     (0.000,0.045) (0.000,0.866) (0.000,0.070) (0.000,0.050) (0.000,0.987) (0.000,0.276) (0.000,0.997) (0.000,0.982) (0.000,0.090) 
106      362    (0)    1 :  0.007 0.006 0.005 0.745 0.011 0.068 0.005 0.008 0.145     (0.000,0.036) (0.000,0.030) (0.000,0.027) (0.000,1.000) (0.000,0.052) (0.000,0.475) (0.000,0.027) (0.000,0.045) (0.000,0.850) 
107      364    (0)    1 :  0.008 0.850 0.012 0.006 0.037 0.012 0.034 0.030 0.011     (0.000,0.048) (0.472,1.000) (0.000,0.076) (0.000,0.033) (0.000,0.244) (0.000,0.077) (0.000,0.235) (0.000,0.221) (0.000,0.072) 
108      366    (0)    1 :  0.021 0.825 0.008 0.016 0.081 0.007 0.010 0.021 0.011     (0.000,0.147) (0.007,1.000) (0.000,0.048) (0.000,0.104) (0.000,0.820) (0.000,0.037) (0.000,0.052) (0.000,0.151) (0.000,0.068) 
109      376    (0)    1 :  0.004 0.006 0.015 0.025 0.009 0.013 0.005 0.014 0.909     (0.000,0.019) (0.000,0.029) (0.000,0.106) (0.000,0.176) (0.000,0.054) (0.000,0.086) (0.000,0.025) (0.000,0.099) (0.658,1.000) 
110      377    (7)    1 :  0.063 0.015 0.015 0.375 0.102 0.330 0.008 0.066 0.026     (0.000,0.356) (0.000,0.086) (0.000,0.084) (0.000,0.967) (0.000,0.706) (0.000,0.897) (0.000,0.034) (0.000,0.490) (0.000,0.180) 
111      378    (0)    1 :  0.006 0.004 0.017 0.006 0.007 0.925 0.006 0.015 0.014     (0.000,0.031) (0.000,0.021) (0.000,0.117) (0.000,0.034) (0.000,0.038) (0.710,1.000) (0.000,0.034) (0.000,0.104) (0.000,0.097) 
112      388    (0)    1 :  0.584 0.014 0.014 0.013 0.032 0.032 0.109 0.190 0.010     (0.000,1.000) (0.000,0.091) (0.000,0.094) (0.000,0.083) (0.000,0.190) (0.000,0.242) (0.000,0.696) (0.000,0.935) (0.000,0.065) 
113      391    (0)    1 :  0.016 0.014 0.012 0.008 0.059 0.160 0.030 0.240 0.462     (0.000,0.106) (0.000,0.084) (0.000,0.073) (0.000,0.045) (0.000,0.451) (0.000,0.523) (0.000,0.195) (0.000,0.857) (0.000,0.888) 
114      401    (0)    1 :  0.007 0.054 0.098 0.156 0.530 0.010 0.017 0.045 0.083     (0.000,0.037) (0.000,0.398) (0.000,0.517) (0.000,0.633) (0.000,1.000) (0.000,0.057) (0.000,0.110) (0.000,0.360) (0.000,0.527) 
115      406    (0)    1 :  0.072 0.034 0.032 0.014 0.140 0.016 0.060 0.532 0.099     (0.000,0.510) (0.000,0.249) (0.000,0.222) (0.000,0.092) (0.000,0.930) (0.000,0.102) (0.000,0.549) (0.000,1.000) (0.000,0.601) 
116      412    (7)    1 :  0.066 0.016 0.043 0.027 0.083 0.032 0.036 0.675 0.022     (0.000,0.559) (0.000,0.089) (0.000,0.314) (0.000,0.192) (0.000,0.756) (0.000,0.237) (0.000,0.190) (0.000,1.000) (0.000,0.159) 
117      413    (0)    1 :  0.028 0.029 0.392 0.031 0.058 0.007 0.138 0.313 0.004     (0.000,0.202) (0.000,0.218) (0.000,0.986) (0.000,0.229) (0.000,0.433) (0.000,0.042) (0.000,0.530) (0.000,0.996) (0.000,0.023) 
118      421    (0)    1 :  0.018 0.011 0.038 0.779 0.066 0.009 0.013 0.048 0.017     (0.000,0.123) (0.000,0.067) (0.000,0.276) (0.260,1.000) (0.000,0.518) (0.000,0.053) (0.000,0.082) (0.000,0.333) (0.000,0.121) 
119      423    (0)    1 :  0.042 0.024 0.011 0.802 0.063 0.010 0.006 0.030 0.012     (0.000,0.314) (0.000,0.164) (0.000,0.063) (0.003,1.000) (0.000,0.563) (0.000,0.058) (0.000,0.032) (0.000,0.204) (0.000,0.080) 
120      424    (0)    1 :  0.018 0.022 0.021 0.010 0.041 0.022 0.050 0.611 0.206     (0.000,0.114) (0.000,0.149) (0.000,0.139) (0.000,0.063) (0.000,0.285) (0.000,0.154) (0.000,0.393) (0.000,1.000) (0.000,0.899) 
121      426    (0)    1 :  0.012 0.025 0.023 0.030 0.064 0.637 0.019 0.086 0.104     (0.000,0.069) (0.000,0.182) (0.000,0.165) (0.000,0.214) (0.000,0.430) (0.000,0.998) (0.000,0.114) (0.000,0.647) (0.000,0.532) 
122      430    (7)    1 :  0.021 0.006 0.078 0.010 0.013 0.012 0.094 0.742 0.023     (0.000,0.138) (0.000,0.032) (0.000,0.560) (0.000,0.056) (0.000,0.066) (0.000,0.072) (0.000,0.574) (0.000,1.000) (0.000,0.151) 
123      435    (0)    1 :  0.023 0.004 0.747 0.007 0.009 0.012 0.005 0.189 0.004     (0.000,0.160) (0.000,0.022) (0.000,1.000) (0.000,0.036) (0.000,0.043) (0.000,0.076) (0.000,0.027) (0.000,0.909) (0.000,0.023) 
124      476    (0)    1 :  0.004 0.026 0.022 0.107 0.046 0.013 0.005 0.012 0.765     (0.000,0.024) (0.000,0.180) (0.000,0.155) (0.000,0.547) (0.000,0.310) (0.000,0.087) (0.000,0.028) (0.000,0.082) (0.335,1.000) 
125      478    (0)    1 :  0.009 0.028 0.006 0.191 0.026 0.016 0.009 0.014 0.700     (0.000,0.059) (0.000,0.194) (0.000,0.033) (0.000,0.668) (0.000,0.193) (0.000,0.106) (0.000,0.057) (0.000,0.097) (0.243,0.996) 
126      484    (0)    1 :  0.597 0.006 0.040 0.007 0.015 0.010 0.074 0.229 0.022     (0.000,0.999) (0.000,0.031) (0.000,0.289) (0.000,0.041) (0.000,0.086) (0.000,0.063) (0.000,0.558) (0.000,0.813) (0.000,0.159) 
127      489    (0)    1 :  0.191 0.006 0.008 0.052 0.022 0.613 0.010 0.091 0.007     (0.000,0.598) (0.000,0.028) (0.000,0.038) (0.000,0.373) (0.000,0.110) (0.000,0.999) (0.000,0.035) (0.000,0.683) (0.000,0.036) 
128      492   (14)    1 :  0.005 0.094 0.004 0.004 0.019 0.004 0.858 0.008 0.003     (0.000,0.026) (0.000,0.953) (0.000,0.022) (0.000,0.019) (0.000,0.042) (0.000,0.021) (0.000,1.000) (0.000,0.042) (0.000,0.019) 
129      493    (0)    1 :  0.007 0.903 0.008 0.008 0.037 0.011 0.005 0.014 0.007     (0.000,0.041) (0.608,1.000) (0.000,0.044) (0.000,0.046) (0.000,0.232) (0.000,0.072) (0.000,0.027) (0.000,0.092) (0.000,0.044) 
130      494    (0)    1 :  0.008 0.721 0.008 0.021 0.177 0.038 0.010 0.007 0.010     (0.000,0.050) (0.000,1.000) (0.000,0.048) (0.000,0.149) (0.000,0.983) (0.000,0.273) (0.000,0.059) (0.000,0.039) (0.000,0.063) 
131      500    (0)    1 :  0.004 0.009 0.004 0.881 0.028 0.008 0.003 0.006 0.056     (0.000,0.024) (0.000,0.046) (0.000,0.023) (0.371,1.000) (0.000,0.134) (0.000,0.047) (0.000,0.018) (0.000,0.030) (0.000,0.401) 
132      504    (0)    1 :  0.590 0.026 0.020 0.047 0.079 0.055 0.103 0.069 0.012     (0.000,0.995) (0.000,0.182) (0.000,0.133) (0.000,0.324) (0.000,0.617) (0.000,0.323) (0.000,0.524) (0.000,0.494) (0.000,0.074) 
133      506    (0)    1 :  0.934 0.005 0.004 0.017 0.007 0.005 0.004 0.009 0.014     (0.700,1.000) (0.000,0.026) (0.000,0.021) (0.000,0.118) (0.000,0.036) (0.000,0.028) (0.000,0.021) (0.000,0.045) (0.000,0.091) 


Estimated Allele Frequencies in each cluster
First column gives estimated ancestral frequencies


Locus 1 : Rsu5 
5 alleles
0.0% missing data
 137   (0.751) 0.401 0.638 0.823 0.971 0.762 0.925 0.395 0.859 0.970 
 135   (0.084) 0.014 0.134 0.038 0.008 0.081 0.042 0.027 0.089 0.017 
 139   (0.098) 0.012 0.185 0.052 0.015 0.099 0.028 0.566 0.034 0.009 
 133   (0.022) 0.002 0.031 0.003 0.002 0.019 0.002 0.003 0.002 0.001 
 131   (0.045) 0.571 0.012 0.084 0.004 0.039 0.003 0.009 0.015 0.003 

Locus 2 : Scv1 
5 alleles
0.0% missing data
 181   (0.543) 0.362 0.725 0.353 0.601 0.551 0.813 0.205 0.355 0.958 
 179   (0.175) 0.092 0.138 0.240 0.138 0.167 0.060 0.682 0.262 0.015 
 177   (0.118) 0.215 0.059 0.063 0.015 0.116 0.114 0.064 0.281 0.014 
 185   (0.135) 0.327 0.056 0.340 0.243 0.134 0.011 0.044 0.098 0.010 
 171   (0.030) 0.003 0.022 0.004 0.003 0.033 0.003 0.005 0.004 0.002 

Locus 3 : Rsu4 
9 alleles
0.0% missing data
 267   (0.201) 0.147 0.310 0.082 0.270 0.202 0.085 0.543 0.038 0.139 
 263   (0.319) 0.352 0.256 0.420 0.226 0.315 0.816 0.206 0.540 0.525 
 259   (0.048) 0.005 0.012 0.006 0.260 0.042 0.033 0.009 0.008 0.210 
 287   (0.182) 0.171 0.137 0.077 0.204 0.179 0.039 0.145 0.316 0.108 
 275   (0.036) 0.004 0.143 0.008 0.003 0.035 0.003 0.008 0.006 0.002 
 279   (0.078) 0.010 0.044 0.249 0.009 0.091 0.012 0.035 0.018 0.006 
 283   (0.073) 0.304 0.038 0.149 0.006 0.069 0.005 0.039 0.066 0.005 
 291   (0.037) 0.004 0.015 0.005 0.020 0.042 0.006 0.011 0.006 0.003 
 271   (0.026) 0.003 0.044 0.003 0.002 0.025 0.002 0.004 0.003 0.002 

Locus 4 : Rsu6 
5 alleles
0.0% missing data
 120   (0.241) 0.069 0.207 0.223 0.269 0.234 0.544 0.192 0.308 0.281 
 126   (0.624) 0.914 0.613 0.759 0.517 0.633 0.381 0.767 0.676 0.561 
 124   (0.092) 0.012 0.055 0.013 0.193 0.095 0.072 0.034 0.011 0.155 
 130   (0.024) 0.002 0.118 0.003 0.002 0.020 0.002 0.003 0.003 0.002 
 114   (0.020) 0.002 0.006 0.003 0.019 0.017 0.001 0.003 0.002 0.001 

Locus 5 : Scv23 
3 alleles
0.8% missing data
 158   (0.535) 0.793 0.455 0.575 0.746 0.538 0.475 0.549 0.517 0.374 
 164   (0.176) 0.114 0.286 0.027 0.051 0.167 0.067 0.353 0.202 0.438 
 160   (0.288) 0.093 0.260 0.398 0.203 0.295 0.458 0.098 0.281 0.188 

Locus 6 : Scv13 
5 alleles
0.0% missing data
 182   (0.713) 0.893 0.715 0.569 0.908 0.699 0.975 0.949 0.907 0.807 
 180   (0.098) 0.011 0.101 0.014 0.072 0.105 0.012 0.016 0.019 0.164 
 172   (0.079) 0.082 0.042 0.285 0.007 0.080 0.006 0.015 0.041 0.006 
 184   (0.067) 0.010 0.129 0.012 0.009 0.072 0.005 0.011 0.018 0.020 
 174   (0.043) 0.005 0.014 0.119 0.004 0.046 0.003 0.009 0.015 0.003 

Locus 7 : Scv32 
18 alleles
0.8% missing data
 236   (0.041) 0.005 0.144 0.006 0.004 0.046 0.003 0.009 0.005 0.003 
 238   (0.039) 0.075 0.020 0.006 0.003 0.035 0.004 0.111 0.146 0.003 
 234   (0.132) 0.083 0.053 0.653 0.021 0.129 0.071 0.123 0.395 0.349 
 246   (0.046) 0.008 0.012 0.010 0.182 0.043 0.008 0.011 0.008 0.314 
 248   (0.091) 0.021 0.109 0.011 0.153 0.089 0.418 0.261 0.039 0.007 
 262   (0.114) 0.033 0.038 0.030 0.237 0.128 0.177 0.158 0.111 0.020 
 232   (0.167) 0.489 0.427 0.065 0.162 0.169 0.013 0.046 0.110 0.138 
 250   (0.033) 0.004 0.009 0.004 0.003 0.031 0.269 0.009 0.021 0.005 
 228   (0.029) 0.003 0.011 0.004 0.003 0.035 0.002 0.005 0.003 0.002 
 220   (0.051) 0.006 0.014 0.007 0.191 0.052 0.007 0.012 0.007 0.080 
 264   (0.053) 0.006 0.061 0.022 0.006 0.049 0.006 0.030 0.083 0.043 
 252   (0.043) 0.094 0.012 0.088 0.013 0.039 0.003 0.010 0.009 0.003 
 254   (0.050) 0.077 0.016 0.079 0.004 0.044 0.005 0.190 0.022 0.003 
 242   (0.022) 0.002 0.041 0.003 0.002 0.022 0.002 0.004 0.003 0.002 
 266   (0.028) 0.036 0.008 0.004 0.003 0.029 0.002 0.007 0.025 0.002 
 244   (0.025) 0.055 0.009 0.003 0.008 0.023 0.008 0.008 0.008 0.002 
 226   (0.017) 0.002 0.005 0.002 0.002 0.015 0.001 0.003 0.002 0.023 
 240   (0.019) 0.002 0.009 0.004 0.002 0.020 0.001 0.003 0.002 0.001 

Locus 8 : Scv8 
6 alleles
0.8% missing data
 200   (0.647) 0.618 0.621 0.401 0.667 0.661 0.832 0.859 0.742 0.843 
 202   (0.087) 0.077 0.206 0.047 0.008 0.082 0.007 0.057 0.071 0.006 
 194   (0.083) 0.009 0.032 0.112 0.122 0.076 0.014 0.027 0.131 0.137 
 204   (0.050) 0.005 0.016 0.007 0.031 0.052 0.133 0.022 0.010 0.004 
 198   (0.067) 0.008 0.090 0.012 0.166 0.069 0.009 0.013 0.013 0.005 
 188   (0.066) 0.283 0.035 0.421 0.006 0.060 0.005 0.021 0.033 0.004 

Locus 9 : Scv9 
5 alleles
0.0% missing data
 198   (0.311) 0.285 0.174 0.529 0.099 0.305 0.493 0.556 0.556 0.423 
 200   (0.337) 0.328 0.560 0.107 0.523 0.333 0.385 0.340 0.111 0.376 
 196   (0.287) 0.375 0.249 0.247 0.371 0.302 0.117 0.093 0.320 0.036 
 204   (0.045) 0.007 0.012 0.092 0.004 0.041 0.003 0.007 0.008 0.164 
 202   (0.020) 0.004 0.005 0.024 0.002 0.018 0.001 0.004 0.004 0.001 

Locus 10 : Rsu1 
6 alleles
0.0% missing data
 189   (0.311) 0.088 0.549 0.278 0.051 0.324 0.042 0.390 0.262 0.479 
 185   (0.272) 0.801 0.181 0.134 0.255 0.262 0.050 0.486 0.483 0.155 
 177   (0.082) 0.064 0.027 0.034 0.140 0.087 0.011 0.025 0.015 0.011 
 181   (0.239) 0.037 0.218 0.542 0.202 0.239 0.850 0.077 0.222 0.048 
 193   (0.057) 0.006 0.015 0.008 0.261 0.054 0.044 0.017 0.012 0.080 
 197   (0.039) 0.004 0.010 0.005 0.091 0.034 0.003 0.006 0.005 0.228 

Locus 11 : Scv14 
7 alleles
4.5% missing data
 196   (0.528) 0.623 0.504 0.677 0.800 0.516 0.927 0.163 0.598 0.926 
 198   (0.078) 0.024 0.098 0.043 0.007 0.077 0.007 0.131 0.175 0.006 
 194   (0.143) 0.058 0.229 0.185 0.085 0.148 0.040 0.030 0.062 0.023 
 202   (0.188) 0.288 0.139 0.081 0.101 0.197 0.018 0.662 0.153 0.041 
 204   (0.021) 0.002 0.017 0.003 0.002 0.020 0.002 0.003 0.003 0.002 
 190   (0.021) 0.002 0.006 0.003 0.003 0.021 0.005 0.004 0.003 0.002 
 200   (0.021) 0.002 0.008 0.009 0.002 0.021 0.002 0.006 0.005 0.002 

Locus 12 : Scv16 
7 alleles
0.0% missing data
 182   (0.425) 0.292 0.197 0.583 0.558 0.436 0.795 0.756 0.589 0.216 
 184   (0.415) 0.659 0.573 0.171 0.275 0.418 0.193 0.198 0.368 0.765 
 188   (0.052) 0.006 0.178 0.006 0.157 0.046 0.004 0.008 0.006 0.012 
 200   (0.020) 0.002 0.027 0.002 0.002 0.017 0.001 0.003 0.002 0.001 
 198   (0.036) 0.018 0.010 0.150 0.003 0.032 0.004 0.023 0.024 0.003 
 190   (0.032) 0.021 0.008 0.084 0.003 0.029 0.002 0.009 0.008 0.002 
 186   (0.021) 0.002 0.008 0.003 0.002 0.022 0.001 0.003 0.003 0.001 

Locus 13 : Scv31 
15 alleles
3.0% missing data
 193   (0.122) 0.110 0.066 0.039 0.024 0.127 0.631 0.199 0.169 0.016 
 201   (0.113) 0.067 0.247 0.015 0.044 0.119 0.078 0.063 0.018 0.022 
 187   (0.079) 0.141 0.022 0.011 0.286 0.075 0.047 0.027 0.016 0.300 
 207   (0.034) 0.004 0.009 0.004 0.046 0.029 0.002 0.006 0.004 0.358 
 195   (0.064) 0.251 0.017 0.021 0.130 0.061 0.025 0.013 0.028 0.006 
 185   (0.175) 0.142 0.118 0.311 0.029 0.178 0.017 0.160 0.404 0.224 
 189   (0.049) 0.005 0.269 0.006 0.005 0.045 0.156 0.008 0.006 0.003 
 205   (0.020) 0.002 0.007 0.003 0.002 0.023 0.001 0.003 0.002 0.001 
 191   (0.157) 0.019 0.048 0.495 0.355 0.165 0.026 0.055 0.322 0.053 
 197   (0.026) 0.202 0.007 0.003 0.004 0.024 0.004 0.005 0.004 0.004 
 199   (0.055) 0.044 0.066 0.078 0.005 0.055 0.004 0.011 0.008 0.004 
 203   (0.025) 0.003 0.084 0.003 0.002 0.023 0.002 0.005 0.003 0.002 
 209   (0.031) 0.003 0.017 0.005 0.003 0.032 0.003 0.022 0.010 0.002 
 213   (0.023) 0.002 0.017 0.003 0.002 0.020 0.001 0.418 0.003 0.001 
 181   (0.027) 0.003 0.007 0.003 0.062 0.024 0.002 0.004 0.003 0.003 

Locus 14 : Scv6 
8 alleles
0.0% missing data
 191   (0.099) 0.017 0.216 0.012 0.182 0.094 0.251 0.265 0.014 0.007 
 195   (0.381) 0.626 0.285 0.215 0.499 0.388 0.425 0.191 0.479 0.663 
 197   (0.212) 0.225 0.105 0.351 0.287 0.207 0.296 0.115 0.160 0.282 
 201   (0.086) 0.010 0.124 0.131 0.008 0.093 0.009 0.072 0.058 0.006 
 205   (0.021) 0.002 0.062 0.002 0.002 0.018 0.001 0.003 0.002 0.001 
 193   (0.093) 0.084 0.125 0.185 0.009 0.092 0.007 0.039 0.113 0.007 
 199   (0.085) 0.033 0.031 0.100 0.012 0.087 0.010 0.312 0.171 0.032 
 181   (0.022) 0.002 0.053 0.003 0.002 0.020 0.001 0.004 0.003 0.001 

Values of parameters used in structure:
DATAFILE=M:\STRUCTURE\Squirrel_133_ID_14L_20250816\project_data,	OUTFILE=M:\STRUCTURE\Squirrel_133_ID_14L_20250816\10k_Burnin_100k_MCMC\Results\10k_Burnin_100k_MCMC_run_203,	NUMINDS=133,	NUMLOCI=14,	MISSING=-9,	LABEL=1,	POPDATA=1,	POPFLAG=0,	PHENOTYPE=0,	EXTRACOLS=1,	MAXPOPS=9,	BURNIN=10000,	NUMREPS=100000,	USEPOPINFO=0,	INFERALPHA=1,	INFERLAMBDA=1,	POPSPECIFICLAMBDA=0,	POPALPHAS=0,	COMPUTEPROB=1,	NOADMIX=0,	ADMBURNIN=2500,	UPDATEFREQ=1,	PRINTLIKES=0,	INTERMEDSAVE=0,	PRINTKLD=0,	PRINTNET=0,	PRINTLAMBDA=0,	ANCESTDIST=1,	NUMBOXES=1000,	ANCESTPINT=0.90000,	GENSBACK=2,	MIGRPRIOR=0.05000,	PRINTQHAT=1,	PRINTQSUM=0,	ALPHA=1.0000,	FREQSCORR=1,	FPRIORMEAN=0.0100,	FPRIORSD=0.0500,	ONEFST=0,	LAMBDA=1.0000,	UNIFPRIORALPHA=1,	ALPHAMAX=10.0000,	ALPHAPRIORA=1.0000,	ALPHAPRIORB=2.0000,	ALPHAPROPSD=0.0250,	STARTATPOPINFO=0,	RANDOMIZE=1,	LINKAGE=0,	METROFREQ=10,	REPORTHITRATE=0,	MARKOVPHASE=-1,	PHASED=0,	PLOIDY=2,	PHASEINFO=0	LOCPRIOR=0, 	LOCPRIORINIT=1.000000, 	LOCDATA=0, 	LOCISPOP=0, 	LOCPRIORSTEP=0.100000, 	MAXLOCPRIOR=20.000000, 	SEED=1763724235,	
[STRAT parameters]:    NUMSIMSTATS=1000,	PHENOTYPECOL=-9,	POOLFREQ=10,	LOCUSxONLY=0,	EMERROR=0.00100,	MISSINGPHENO=-9,	