          1*  1 0.0679 0.0119 0.0262 0.0093 0.8847 
           3  1 0.0111 0.9572 0.0140 0.0090 0.0087 
           6  1 0.0093 0.9496 0.0135 0.0209 0.0067 
           8  1 0.0241 0.9388 0.0128 0.0042 0.0200 
          10  1 0.9379 0.0419 0.0052 0.0049 0.0101 
          11  1 0.0310 0.1043 0.0184 0.0663 0.7800 
          12  1 0.9779 0.0070 0.0047 0.0056 0.0049 
          16  1 0.0095 0.9703 0.0053 0.0070 0.0079 
          18  1 0.0071 0.0092 0.0067 0.0048 0.9722 
          19  1 0.0145 0.0352 0.0513 0.0452 0.8538 
          21  1 0.0100 0.9631 0.0066 0.0120 0.0083 
          23  1 0.8417 0.0201 0.0134 0.1146 0.0102 
          24  1 0.6958 0.0382 0.0089 0.0346 0.2225 
          25  1 0.8900 0.0683 0.0076 0.0200 0.0140 
         26*  1 0.2478 0.7137 0.0100 0.0060 0.0225 
          28  1 0.3152 0.6638 0.0066 0.0066 0.0078 
          29  1 0.9531 0.0183 0.0066 0.0059 0.0162 
          30  1 0.0747 0.4513 0.4391 0.0082 0.0267 
          33  1 0.0067 0.0056 0.0124 0.0207 0.9546 
          37  1 0.0343 0.0105 0.0070 0.0080 0.9401 
          38  1 0.0124 0.0117 0.0052 0.0047 0.9660 
          43  1 0.9074 0.0675 0.0087 0.0076 0.0088 
          44  1 0.0059 0.9712 0.0110 0.0060 0.0058 
          48  1 0.0075 0.0089 0.0073 0.0046 0.9716 
          55  1 0.0086 0.9538 0.0185 0.0101 0.0090 
          59  1 0.0062 0.9673 0.0107 0.0066 0.0092 
          60  1 0.3434 0.0088 0.1734 0.3554 0.1189 
          61  1 0.0098 0.0107 0.0527 0.9189 0.0079 
          62  1 0.0238 0.0176 0.0179 0.9187 0.0221 
          65  1 0.0063 0.0071 0.0197 0.0109 0.9560 
          73  1 0.0971 0.0133 0.8714 0.0069 0.0113 
          75  1 0.0042 0.0072 0.0641 0.9066 0.0179 
          76  1 0.0076 0.0047 0.0076 0.9761 0.0040 
          77  1 0.0109 0.0047 0.0067 0.9711 0.0066 
          78  1 0.0169 0.0092 0.8298 0.1326 0.0116 
          79  1 0.0045 0.0055 0.0604 0.9198 0.0098 
          84  1 0.0232 0.9071 0.0177 0.0404 0.0116 
          85  1 0.0072 0.9526 0.0130 0.0102 0.0170 
          86  1 0.0518 0.7903 0.0362 0.0316 0.0902 
          89  1 0.4156 0.4797 0.0218 0.0477 0.0351 
          94  1 0.9735 0.0070 0.0046 0.0048 0.0101 
          95  1 0.0079 0.9462 0.0206 0.0120 0.0134 
          96  1 0.0520 0.9216 0.0087 0.0107 0.0069 
          98  1 0.0149 0.0094 0.6763 0.2881 0.0113 
         102  1 0.0247 0.0152 0.0083 0.0162 0.9355 
         105  1 0.0056 0.0066 0.9735 0.0049 0.0093 
         106  1 0.0089 0.1229 0.2497 0.5769 0.0416 
         108  1 0.0106 0.0121 0.8765 0.0267 0.0741 
         109  1 0.0069 0.0102 0.9612 0.0148 0.0069 
         112  1 0.1197 0.1694 0.0136 0.6495 0.0477 
         115  1 0.0750 0.0124 0.0267 0.0133 0.8726 
         116  1 0.0157 0.9279 0.0240 0.0100 0.0223 
         117  1 0.2190 0.7270 0.0211 0.0217 0.0112 
         129  1 0.0116 0.9730 0.0059 0.0038 0.0057 
         132  1 0.6044 0.0099 0.0737 0.0870 0.2250 
         133  1 0.0112 0.0071 0.6519 0.3201 0.0096 
         137  1 0.0294 0.0109 0.0267 0.9234 0.0095 
         139  1 0.0071 0.0100 0.0266 0.9302 0.0260 
         140  1 0.0063 0.0149 0.9513 0.0187 0.0087 
         142  1 0.0101 0.0087 0.0101 0.9652 0.0060 
         144  1 0.0046 0.0058 0.9788 0.0054 0.0053 
         145  1 0.0076 0.0099 0.0137 0.9603 0.0084 
         147  1 0.0042 0.0065 0.9736 0.0095 0.0062 
         160  1 0.9762 0.0085 0.0046 0.0048 0.0059 
        162*  1 0.0571 0.9113 0.0105 0.0124 0.0087 
         166  1 0.0154 0.0088 0.6402 0.3253 0.0103 
         177  1 0.0041 0.0038 0.0051 0.9825 0.0045 
         178  1 0.0205 0.0113 0.0340 0.9152 0.0191 
         186  1 0.0101 0.9687 0.0056 0.0075 0.0081 
         189  1 0.0260 0.9460 0.0049 0.0128 0.0103 
         190  1 0.1575 0.8075 0.0093 0.0126 0.0131 
         191  1 0.0138 0.9484 0.0166 0.0143 0.0070 
         193  1 0.0270 0.0326 0.0297 0.8964 0.0141 
         202  1 0.7151 0.1354 0.0104 0.0230 0.1161 
         204  1 0.0093 0.9769 0.0056 0.0038 0.0044 
         211  1 0.4134 0.0105 0.3909 0.1523 0.0329 
         216  1 0.0238 0.0057 0.9101 0.0536 0.0068 
         222  1 0.0089 0.0072 0.9400 0.0164 0.0274 
         224  1 0.0278 0.9379 0.0109 0.0091 0.0143 
         226  1 0.0080 0.9452 0.0113 0.0114 0.0241 
         229  1 0.0441 0.7498 0.0560 0.0334 0.1167 
         230  1 0.0199 0.8961 0.0156 0.0479 0.0205 
         232  1 0.4200 0.3295 0.0260 0.1857 0.0388 
         238  1 0.0131 0.0203 0.0444 0.2255 0.6966 
         242  1 0.0047 0.0069 0.0068 0.0040 0.9776 
         243  1 0.0109 0.0186 0.0479 0.0404 0.8821 
         244  1 0.0105 0.0130 0.0095 0.1312 0.8359 
         251  1 0.1211 0.0251 0.0209 0.0372 0.7958 
         266  1 0.0111 0.0107 0.0181 0.7808 0.1792 
         267  1 0.0088 0.0206 0.9480 0.0113 0.0113 
         268  1 0.0399 0.0062 0.5951 0.3450 0.0137 
         270  1 0.0188 0.9494 0.0120 0.0081 0.0117 
         276  1 0.0212 0.8997 0.0291 0.0369 0.0131 
         298  1 0.0120 0.0093 0.8093 0.1566 0.0128 
         306  1 0.0337 0.0090 0.1461 0.7502 0.0611 
         308  1 0.0899 0.0108 0.1791 0.6800 0.0402 
         311  1 0.0374 0.0224 0.7112 0.0872 0.1418 
         323  1 0.0060 0.9654 0.0103 0.0083 0.0100 
         327  1 0.6428 0.3131 0.0177 0.0084 0.0181 
         334  1 0.0080 0.0055 0.0208 0.0094 0.9564 
         338  1 0.0328 0.0377 0.8301 0.0747 0.0248 
         341  1 0.0489 0.8612 0.0198 0.0348 0.0353 
         346  1 0.1192 0.0117 0.0187 0.8422 0.0082 
         348  1 0.0055 0.0083 0.8100 0.1581 0.0181 
         351  1 0.0892 0.0108 0.0209 0.0310 0.8480 
         362  1 0.0393 0.9424 0.0067 0.0061 0.0056 
         364  1 0.0114 0.0076 0.0112 0.0152 0.9546 
         366  1 0.0126 0.0189 0.0253 0.0133 0.9300 
         376  1 0.0220 0.9524 0.0050 0.0128 0.0079 
         377  1 0.6047 0.2741 0.0653 0.0326 0.0233 
         378  1 0.9690 0.0090 0.0060 0.0112 0.0047 
         388  1 0.0275 0.0109 0.9364 0.0118 0.0135 
         391  1 0.5748 0.1397 0.0486 0.2082 0.0286 
         401  1 0.0153 0.5649 0.0124 0.2085 0.1988 
         406  1 0.0488 0.0667 0.5586 0.2501 0.0758 
         412  1 0.0879 0.0533 0.5300 0.3027 0.0261 
         413  1 0.0112 0.0121 0.0229 0.9200 0.0338 
         421  1 0.0384 0.8128 0.0341 0.0873 0.0275 
         423  1 0.0240 0.7816 0.0797 0.0314 0.0834 
         424  1 0.2341 0.0693 0.1054 0.5310 0.0603 
         426  1 0.8887 0.0521 0.0125 0.0274 0.0193 
         430  1 0.0379 0.0248 0.1289 0.7990 0.0093 
         435  1 0.0113 0.0050 0.0240 0.9552 0.0044 
         476  1 0.0106 0.9557 0.0056 0.0099 0.0182 
         478  1 0.0148 0.9626 0.0080 0.0062 0.0084 
         484  1 0.0111 0.0093 0.8940 0.0785 0.0071 
         489  1 0.8407 0.0178 0.1249 0.0103 0.0062 
         492  1 0.0089 0.0063 0.0175 0.0205 0.9469 
         493  1 0.0117 0.0073 0.0093 0.0095 0.9622 
         494  1 0.0344 0.0204 0.0076 0.0088 0.9289 
         500  1 0.0139 0.9694 0.0049 0.0050 0.0068 
         504  1 0.0333 0.0336 0.8710 0.0226 0.0394 
         506  1 0.0075 0.0194 0.9628 0.0045 0.0057 
