

----------------------------------------------------
STRUCTURE by Pritchard, Stephens and Donnelly (2000)
     and Falush, Stephens and Pritchard (2003)
       Code by Pritchard, Falush and Hubisz
             Version 2.3.4 (Jul 2012)
----------------------------------------------------



Command line arguments:   bin\structure -m M:\STRUCTURE\Squirrel_133_ID_14L_20250816\10k_Burnin_100k_MCMC\mainparams -e M:\STRUCTURE\Squirrel_133_ID_14L_20250816\10k_Burnin_100k_MCMC\extraparams 
Input File:    M:\STRUCTURE\Squirrel_133_ID_14L_20250816\project_data

Run parameters:
   133 individuals
   14 loci
   10 populations assumed
   10000 Burn-in period
   100000 Reps


--------------------------------------------
Proportion of membership of each pre-defined
 population in each of the 10 clusters

Given    Inferred Clusters                                                        Number of
 Pop       1      2      3      4      5      6      7      8      9     10      Individuals

  1:     0.087  0.163  0.031  0.135  0.112  0.098  0.102  0.089  0.094  0.091      133
--------------------------------------------

Allele-freq. divergence among pops (Net nucleotide distance),
computed using point estimates of P.

      1       2       3       4       5       6       7       8       9      10      
 1      -    0.1250  0.2189  0.1491  0.1487  0.1118  0.1234  0.0864  0.2174  0.0850  
 2   0.1250     -    0.2017  0.0776  0.0968  0.0710  0.0922  0.0349  0.0953  0.0532  
 3   0.2189  0.2017     -    0.2672  0.2187  0.1744  0.1763  0.1454  0.2674  0.1790  
 4   0.1491  0.0776  0.2672     -    0.1285  0.0738  0.0913  0.0588  0.1236  0.0923  
 5   0.1487  0.0968  0.2187  0.1285     -    0.1063  0.0830  0.0516  0.1261  0.0601  
 6   0.1118  0.0710  0.1744  0.0738  0.1063     -    0.0919  0.0243  0.1262  0.0730  
 7   0.1234  0.0922  0.1763  0.0913  0.0830  0.0919     -    0.0413  0.1058  0.0525  
 8   0.0864  0.0349  0.1454  0.0588  0.0516  0.0243  0.0413     -    0.0859  0.0269  
 9   0.2174  0.0953  0.2674  0.1236  0.1261  0.1262  0.1058  0.0859     -    0.1187  
10   0.0850  0.0532  0.1790  0.0923  0.0601  0.0730  0.0525  0.0269  0.1187     -    

Average distances (expected heterozygosity) between individuals in same cluster:
cluster  1  : 0.4770 
cluster  2  : 0.5429 
cluster  3  : 0.4204 
cluster  4  : 0.4555 
cluster  5  : 0.5827 
cluster  6  : 0.6317 
cluster  7  : 0.5343 
cluster  8  : 0.6687 
cluster  9  : 0.3882 
cluster 10  : 0.5601 

--------------------------------------------
Estimated Ln Prob of Data   = -4187.1
Mean value of ln likelihood = -3886.9
Variance of ln likelihood   = 600.4
Mean value of alpha         = 0.0414

Mean value of lambda        = 0.9263

Mean value of Fst_1         = 0.3319
Mean value of Fst_2         = 0.2088
Mean value of Fst_3         = 0.5151
Mean value of Fst_4         = 0.3049
Mean value of Fst_5         = 0.2113
Mean value of Fst_6         = 0.1161
Mean value of Fst_7         = 0.2483
Mean value of Fst_8         = 0.0073
Mean value of Fst_9         = 0.3893
Mean value of Fst_10         = 0.2180


Inferred ancestry of individuals:
        Label (%Miss) Pop:  Inferred clusters (and 90% probability intervals)
  1       1*    (0)    1 :  0.007 0.009 0.022 0.014 0.005 0.643 0.178 0.072 0.034 0.017     (0.000,0.037) (0.000,0.051) (0.000,0.156) (0.000,0.087) (0.000,0.025) (0.000,0.997) (0.000,0.574) (0.000,0.656) (0.000,0.250) (0.000,0.112) 
  2        3    (0)    1 :  0.008 0.006 0.004 0.948 0.004 0.005 0.007 0.005 0.005 0.007     (0.000,0.051) (0.000,0.034) (0.000,0.022) (0.786,1.000) (0.000,0.021) (0.000,0.025) (0.000,0.037) (0.000,0.027) (0.000,0.025) (0.000,0.040) 
  3        6    (0)    1 :  0.009 0.016 0.005 0.905 0.010 0.005 0.020 0.008 0.007 0.015     (0.000,0.051) (0.000,0.103) (0.000,0.031) (0.630,1.000) (0.000,0.059) (0.000,0.027) (0.000,0.141) (0.000,0.045) (0.000,0.036) (0.000,0.096) 
  4        8    (0)    1 :  0.011 0.902 0.009 0.008 0.003 0.015 0.004 0.012 0.025 0.011     (0.000,0.069) (0.608,1.000) (0.000,0.055) (0.000,0.040) (0.000,0.018) (0.000,0.102) (0.000,0.022) (0.000,0.063) (0.000,0.175) (0.000,0.057) 
  5       10    (0)    1 :  0.003 0.034 0.012 0.009 0.004 0.007 0.005 0.008 0.914 0.004     (0.000,0.018) (0.000,0.242) (0.000,0.079) (0.000,0.061) (0.000,0.021) (0.000,0.036) (0.000,0.024) (0.000,0.046) (0.656,1.000) (0.000,0.021) 
  6       11    (0)    1 :  0.008 0.040 0.011 0.018 0.027 0.127 0.030 0.697 0.014 0.028     (0.000,0.044) (0.000,0.298) (0.000,0.065) (0.000,0.118) (0.000,0.187) (0.000,0.854) (0.000,0.215) (0.000,1.000) (0.000,0.089) (0.000,0.169) 
  7       12    (0)    1 :  0.004 0.005 0.003 0.006 0.005 0.004 0.007 0.005 0.955 0.005     (0.000,0.019) (0.000,0.026) (0.000,0.018) (0.000,0.033) (0.000,0.026) (0.000,0.021) (0.000,0.038) (0.000,0.023) (0.811,1.000) (0.000,0.027) 
  8       16    (7)    1 :  0.004 0.014 0.005 0.943 0.005 0.005 0.005 0.006 0.007 0.005     (0.000,0.023) (0.000,0.086) (0.000,0.025) (0.761,1.000) (0.000,0.027) (0.000,0.027) (0.000,0.028) (0.000,0.031) (0.000,0.040) (0.000,0.029) 
  9       18    (0)    1 :  0.006 0.009 0.003 0.006 0.004 0.947 0.004 0.007 0.006 0.007     (0.000,0.035) (0.000,0.052) (0.000,0.018) (0.000,0.035) (0.000,0.022) (0.779,1.000) (0.000,0.020) (0.000,0.038) (0.000,0.033) (0.000,0.035) 
 10       19    (0)    1 :  0.017 0.026 0.005 0.011 0.029 0.075 0.006 0.800 0.009 0.022     (0.000,0.111) (0.000,0.176) (0.000,0.028) (0.000,0.064) (0.000,0.210) (0.000,0.621) (0.000,0.030) (0.000,1.000) (0.000,0.053) (0.000,0.128) 
 11       21    (7)    1 :  0.005 0.023 0.006 0.927 0.006 0.006 0.007 0.008 0.006 0.007     (0.000,0.026) (0.000,0.165) (0.000,0.031) (0.706,1.000) (0.000,0.034) (0.000,0.029) (0.000,0.036) (0.000,0.040) (0.000,0.035) (0.000,0.039) 
 12       23    (7)    1 :  0.007 0.014 0.007 0.016 0.030 0.009 0.426 0.035 0.356 0.099     (0.000,0.040) (0.000,0.092) (0.000,0.041) (0.000,0.104) (0.000,0.219) (0.000,0.053) (0.000,0.998) (0.000,0.236) (0.000,0.914) (0.000,0.567) 
 13       24    (7)    1 :  0.007 0.080 0.207 0.016 0.024 0.033 0.013 0.198 0.409 0.013     (0.000,0.039) (0.000,0.485) (0.000,0.583) (0.000,0.114) (0.000,0.170) (0.000,0.252) (0.000,0.084) (0.000,0.915) (0.000,0.865) (0.000,0.078) 
 14       25    (7)    1 :  0.005 0.114 0.015 0.044 0.007 0.012 0.335 0.065 0.378 0.026     (0.000,0.024) (0.000,0.438) (0.000,0.103) (0.000,0.290) (0.000,0.036) (0.000,0.072) (0.000,0.882) (0.000,0.481) (0.000,0.858) (0.000,0.192) 
 15      26*    (0)    1 :  0.007 0.380 0.041 0.265 0.005 0.016 0.013 0.043 0.222 0.008     (0.000,0.038) (0.000,0.966) (0.000,0.239) (0.000,0.793) (0.000,0.025) (0.000,0.107) (0.000,0.085) (0.000,0.324) (0.000,0.670) (0.000,0.043) 
 16       28    (0)    1 :  0.005 0.759 0.015 0.048 0.005 0.006 0.015 0.009 0.130 0.007     (0.000,0.030) (0.000,1.000) (0.000,0.104) (0.000,0.378) (0.000,0.029) (0.000,0.031) (0.000,0.099) (0.000,0.050) (0.000,0.822) (0.000,0.034) 
 17       29    (0)    1 :  0.006 0.022 0.016 0.006 0.005 0.014 0.005 0.011 0.908 0.006     (0.000,0.034) (0.000,0.159) (0.000,0.115) (0.000,0.034) (0.000,0.027) (0.000,0.096) (0.000,0.025) (0.000,0.068) (0.647,1.000) (0.000,0.031) 
 18       30    (0)    1 :  0.289 0.138 0.014 0.171 0.007 0.019 0.027 0.085 0.216 0.035     (0.000,0.655) (0.000,0.712) (0.000,0.087) (0.000,0.758) (0.000,0.034) (0.000,0.120) (0.000,0.183) (0.000,0.706) (0.000,0.729) (0.000,0.250) 
 19       33    (0)    1 :  0.015 0.005 0.006 0.006 0.045 0.734 0.026 0.150 0.006 0.010     (0.000,0.102) (0.000,0.025) (0.000,0.032) (0.000,0.032) (0.000,0.288) (0.000,1.000) (0.000,0.189) (0.000,0.981) (0.000,0.031) (0.000,0.055) 
 20       37    (0)    1 :  0.007 0.008 0.013 0.009 0.008 0.878 0.012 0.017 0.041 0.007     (0.000,0.036) (0.000,0.044) (0.000,0.091) (0.000,0.056) (0.000,0.051) (0.562,1.000) (0.000,0.082) (0.000,0.088) (0.000,0.288) (0.000,0.038) 
 21       38    (0)    1 :  0.005 0.009 0.010 0.009 0.005 0.913 0.005 0.025 0.014 0.005     (0.000,0.028) (0.000,0.053) (0.000,0.066) (0.000,0.051) (0.000,0.025) (0.658,1.000) (0.000,0.023) (0.000,0.135) (0.000,0.096) (0.000,0.029) 
 22       43    (0)    1 :  0.007 0.139 0.016 0.033 0.006 0.007 0.018 0.013 0.755 0.007     (0.000,0.040) (0.000,0.496) (0.000,0.110) (0.000,0.225) (0.000,0.031) (0.000,0.037) (0.000,0.129) (0.000,0.082) (0.420,0.998) (0.000,0.041) 
 23       44    (0)    1 :  0.019 0.717 0.003 0.219 0.005 0.006 0.004 0.009 0.005 0.012     (0.000,0.130) (0.264,1.000) (0.000,0.015) (0.000,0.619) (0.000,0.024) (0.000,0.033) (0.000,0.022) (0.000,0.042) (0.000,0.029) (0.000,0.059) 
 24       48    (0)    1 :  0.006 0.005 0.004 0.009 0.004 0.948 0.004 0.007 0.007 0.006     (0.000,0.033) (0.000,0.028) (0.000,0.019) (0.000,0.051) (0.000,0.019) (0.778,1.000) (0.000,0.023) (0.000,0.039) (0.000,0.035) (0.000,0.035) 
 25       55    (0)    1 :  0.012 0.782 0.014 0.090 0.006 0.008 0.041 0.020 0.008 0.019     (0.000,0.076) (0.327,1.000) (0.000,0.102) (0.000,0.502) (0.000,0.034) (0.000,0.048) (0.000,0.285) (0.000,0.128) (0.000,0.044) (0.000,0.128) 
 26       59    (0)    1 :  0.008 0.007 0.004 0.947 0.004 0.007 0.007 0.006 0.005 0.006     (0.000,0.049) (0.000,0.035) (0.000,0.025) (0.782,1.000) (0.000,0.020) (0.000,0.040) (0.000,0.038) (0.000,0.031) (0.000,0.026) (0.000,0.034) 
 27       60    (0)    1 :  0.004 0.004 0.004 0.007 0.008 0.011 0.926 0.008 0.019 0.009     (0.000,0.022) (0.000,0.021) (0.000,0.020) (0.000,0.041) (0.000,0.041) (0.000,0.069) (0.697,1.000) (0.000,0.044) (0.000,0.139) (0.000,0.051) 
 28       61    (0)    1 :  0.052 0.013 0.007 0.014 0.523 0.007 0.255 0.020 0.006 0.102     (0.000,0.346) (0.000,0.080) (0.000,0.040) (0.000,0.083) (0.000,0.995) (0.000,0.039) (0.000,0.918) (0.000,0.116) (0.000,0.035) (0.000,0.652) 
 29       62    (0)    1 :  0.014 0.016 0.016 0.013 0.437 0.022 0.050 0.053 0.041 0.337     (0.000,0.100) (0.000,0.103) (0.000,0.110) (0.000,0.082) (0.000,0.998) (0.000,0.154) (0.000,0.356) (0.000,0.412) (0.000,0.305) (0.000,0.996) 
 30       65    (0)    1 :  0.018 0.009 0.018 0.006 0.012 0.714 0.015 0.189 0.005 0.015     (0.000,0.131) (0.000,0.049) (0.000,0.115) (0.000,0.030) (0.000,0.085) (0.000,1.000) (0.000,0.096) (0.000,0.988) (0.000,0.028) (0.000,0.092) 
 31       73    (0)    1 :  0.658 0.013 0.015 0.008 0.007 0.007 0.052 0.019 0.156 0.067     (0.270,0.992) (0.000,0.085) (0.000,0.100) (0.000,0.042) (0.000,0.034) (0.000,0.036) (0.000,0.375) (0.000,0.117) (0.000,0.513) (0.000,0.450) 
 32       75    (0)    1 :  0.029 0.005 0.005 0.007 0.912 0.010 0.005 0.012 0.004 0.011     (0.000,0.200) (0.000,0.027) (0.000,0.030) (0.000,0.043) (0.661,1.000) (0.000,0.065) (0.000,0.026) (0.000,0.068) (0.000,0.019) (0.000,0.060) 
 33       76    (0)    1 :  0.005 0.005 0.003 0.005 0.946 0.004 0.010 0.006 0.010 0.007     (0.000,0.029) (0.000,0.024) (0.000,0.014) (0.000,0.026) (0.770,1.000) (0.000,0.019) (0.000,0.055) (0.000,0.034) (0.000,0.060) (0.000,0.038) 
 34       77    (0)    1 :  0.005 0.004 0.006 0.005 0.786 0.006 0.162 0.010 0.010 0.007     (0.000,0.026) (0.000,0.022) (0.000,0.030) (0.000,0.024) (0.111,1.000) (0.000,0.030) (0.000,0.792) (0.000,0.052) (0.000,0.056) (0.000,0.038) 
 35       78    (0)    1 :  0.484 0.014 0.010 0.006 0.295 0.009 0.024 0.039 0.015 0.104     (0.000,0.948) (0.000,0.087) (0.000,0.059) (0.000,0.033) (0.000,0.770) (0.000,0.053) (0.000,0.177) (0.000,0.287) (0.000,0.108) (0.000,0.673) 
 36       79    (0)    1 :  0.078 0.007 0.011 0.004 0.827 0.009 0.007 0.036 0.004 0.016     (0.000,0.391) (0.000,0.045) (0.000,0.074) (0.000,0.022) (0.472,1.000) (0.000,0.058) (0.000,0.034) (0.000,0.259) (0.000,0.020) (0.000,0.103) 
 37       84    (0)    1 :  0.010 0.021 0.062 0.793 0.012 0.006 0.025 0.018 0.017 0.035     (0.000,0.064) (0.000,0.152) (0.000,0.288) (0.447,0.999) (0.000,0.076) (0.000,0.033) (0.000,0.181) (0.000,0.118) (0.000,0.111) (0.000,0.254) 
 38       85    (0)    1 :  0.014 0.911 0.014 0.008 0.006 0.008 0.007 0.015 0.007 0.011     (0.000,0.101) (0.661,1.000) (0.000,0.098) (0.000,0.045) (0.000,0.031) (0.000,0.045) (0.000,0.037) (0.000,0.093) (0.000,0.037) (0.000,0.065) 
 39       86    (0)    1 :  0.016 0.819 0.023 0.005 0.008 0.008 0.008 0.087 0.010 0.015     (0.000,0.114) (0.346,1.000) (0.000,0.166) (0.000,0.025) (0.000,0.046) (0.000,0.044) (0.000,0.042) (0.000,0.554) (0.000,0.069) (0.000,0.096) 
 40       89    (0)    1 :  0.006 0.016 0.018 0.574 0.037 0.015 0.047 0.048 0.167 0.073     (0.000,0.033) (0.000,0.092) (0.000,0.124) (0.051,0.931) (0.000,0.261) (0.000,0.098) (0.000,0.348) (0.000,0.352) (0.000,0.561) (0.000,0.437) 
 41       94    (0)    1 :  0.005 0.008 0.003 0.006 0.004 0.014 0.005 0.007 0.941 0.007     (0.000,0.026) (0.000,0.046) (0.000,0.015) (0.000,0.036) (0.000,0.022) (0.000,0.091) (0.000,0.027) (0.000,0.037) (0.761,1.000) (0.000,0.043) 
 42       95    (0)    1 :  0.012 0.017 0.004 0.905 0.005 0.014 0.017 0.011 0.006 0.009     (0.000,0.082) (0.000,0.103) (0.000,0.019) (0.618,1.000) (0.000,0.027) (0.000,0.091) (0.000,0.120) (0.000,0.059) (0.000,0.033) (0.000,0.045) 
 43       96    (0)    1 :  0.005 0.945 0.005 0.006 0.006 0.005 0.005 0.006 0.010 0.007     (0.000,0.025) (0.771,1.000) (0.000,0.028) (0.000,0.029) (0.000,0.032) (0.000,0.024) (0.000,0.027) (0.000,0.031) (0.000,0.057) (0.000,0.039) 
 44       98    (0)    1 :  0.036 0.007 0.053 0.005 0.035 0.005 0.495 0.021 0.009 0.334     (0.000,0.235) (0.000,0.035) (0.000,0.351) (0.000,0.028) (0.000,0.237) (0.000,0.024) (0.000,1.000) (0.000,0.109) (0.000,0.051) (0.000,0.999) 
 45      102    (0)    1 :  0.005 0.007 0.014 0.023 0.013 0.410 0.014 0.487 0.015 0.012     (0.000,0.028) (0.000,0.037) (0.000,0.097) (0.000,0.176) (0.000,0.093) (0.000,0.996) (0.000,0.085) (0.000,1.000) (0.000,0.102) (0.000,0.077) 
 46      105    (0)    1 :  0.961 0.004 0.004 0.005 0.003 0.006 0.004 0.005 0.004 0.004     (0.834,1.000) (0.000,0.021) (0.000,0.021) (0.000,0.025) (0.000,0.017) (0.000,0.033) (0.000,0.021) (0.000,0.025) (0.000,0.023) (0.000,0.023) 
 47      106    (0)    1 :  0.111 0.019 0.012 0.080 0.291 0.013 0.018 0.206 0.003 0.245     (0.000,0.550) (0.000,0.135) (0.000,0.079) (0.000,0.387) (0.000,0.820) (0.000,0.087) (0.000,0.115) (0.000,0.977) (0.000,0.017) (0.000,0.854) 
 48      108    (0)    1 :  0.823 0.007 0.009 0.007 0.021 0.046 0.039 0.035 0.006 0.007     (0.482,1.000) (0.000,0.042) (0.000,0.054) (0.000,0.035) (0.000,0.150) (0.000,0.313) (0.000,0.238) (0.000,0.249) (0.000,0.034) (0.000,0.035) 
 49      109    (0)    1 :  0.343 0.015 0.007 0.010 0.043 0.009 0.045 0.054 0.006 0.469     (0.000,0.989) (0.000,0.096) (0.000,0.041) (0.000,0.062) (0.000,0.291) (0.000,0.044) (0.000,0.319) (0.000,0.416) (0.000,0.030) (0.000,0.999) 
 50      112    (0)    1 :  0.008 0.259 0.008 0.012 0.154 0.019 0.160 0.238 0.052 0.090     (0.000,0.046) (0.000,0.832) (0.000,0.042) (0.000,0.071) (0.000,0.813) (0.000,0.129) (0.000,0.669) (0.000,0.987) (0.000,0.369) (0.000,0.640) 
 51      115    (0)    1 :  0.013 0.009 0.013 0.013 0.011 0.173 0.041 0.670 0.035 0.021     (0.000,0.082) (0.000,0.046) (0.000,0.082) (0.000,0.077) (0.000,0.068) (0.000,0.964) (0.000,0.312) (0.000,1.000) (0.000,0.252) (0.000,0.131) 
 52      116    (0)    1 :  0.018 0.882 0.006 0.008 0.005 0.013 0.004 0.022 0.007 0.034     (0.000,0.125) (0.514,1.000) (0.000,0.036) (0.000,0.041) (0.000,0.028) (0.000,0.079) (0.000,0.023) (0.000,0.143) (0.000,0.038) (0.000,0.229) 
 53      117    (0)    1 :  0.018 0.058 0.011 0.696 0.012 0.016 0.031 0.024 0.117 0.017     (0.000,0.124) (0.000,0.396) (0.000,0.062) (0.000,1.000) (0.000,0.075) (0.000,0.106) (0.000,0.214) (0.000,0.154) (0.000,0.792) (0.000,0.100) 
 54      129    (0)    1 :  0.005 0.879 0.006 0.069 0.003 0.008 0.006 0.008 0.010 0.007     (0.000,0.025) (0.498,1.000) (0.000,0.034) (0.000,0.442) (0.000,0.016) (0.000,0.047) (0.000,0.037) (0.000,0.044) (0.000,0.051) (0.000,0.037) 
 55      132    (0)    1 :  0.006 0.006 0.013 0.013 0.008 0.026 0.798 0.024 0.098 0.008     (0.000,0.031) (0.000,0.033) (0.000,0.079) (0.000,0.082) (0.000,0.044) (0.000,0.181) (0.320,1.000) (0.000,0.135) (0.000,0.486) (0.000,0.044) 
 56      133    (0)    1 :  0.034 0.004 0.045 0.007 0.048 0.005 0.515 0.012 0.006 0.324     (0.000,0.207) (0.000,0.022) (0.000,0.279) (0.000,0.036) (0.000,0.356) (0.000,0.025) (0.000,1.000) (0.000,0.055) (0.000,0.032) (0.000,0.999) 
 57      137    (7)    1 :  0.010 0.010 0.006 0.010 0.389 0.008 0.475 0.027 0.018 0.048     (0.000,0.059) (0.000,0.058) (0.000,0.026) (0.000,0.055) (0.000,0.991) (0.000,0.048) (0.000,0.996) (0.000,0.169) (0.000,0.120) (0.000,0.345) 
 58      139    (0)    1 :  0.007 0.007 0.009 0.008 0.921 0.010 0.005 0.016 0.006 0.011     (0.000,0.039) (0.000,0.038) (0.000,0.055) (0.000,0.044) (0.684,1.000) (0.000,0.062) (0.000,0.030) (0.000,0.094) (0.000,0.032) (0.000,0.057) 
 59      140    (0)    1 :  0.514 0.018 0.004 0.032 0.053 0.014 0.053 0.042 0.005 0.266     (0.000,0.994) (0.000,0.116) (0.000,0.017) (0.000,0.237) (0.000,0.353) (0.000,0.084) (0.000,0.396) (0.000,0.309) (0.000,0.027) (0.000,0.968) 
 60      142    (0)    1 :  0.008 0.007 0.003 0.029 0.822 0.007 0.024 0.013 0.011 0.076     (0.000,0.047) (0.000,0.042) (0.000,0.015) (0.000,0.221) (0.307,1.000) (0.000,0.039) (0.000,0.157) (0.000,0.069) (0.000,0.069) (0.000,0.550) 
 61      144    (0)    1 :  0.956 0.004 0.004 0.006 0.005 0.004 0.007 0.005 0.004 0.006     (0.817,1.000) (0.000,0.018) (0.000,0.020) (0.000,0.038) (0.000,0.028) (0.000,0.023) (0.000,0.038) (0.000,0.024) (0.000,0.018) (0.000,0.035) 
 62      145    (0)    1 :  0.008 0.006 0.005 0.008 0.477 0.007 0.017 0.010 0.005 0.458     (0.000,0.046) (0.000,0.033) (0.000,0.028) (0.000,0.039) (0.000,1.000) (0.000,0.037) (0.000,0.062) (0.000,0.046) (0.000,0.024) (0.000,1.000) 
 63      147    (0)    1 :  0.897 0.007 0.012 0.004 0.021 0.005 0.006 0.010 0.004 0.035     (0.598,1.000) (0.000,0.036) (0.000,0.083) (0.000,0.019) (0.000,0.152) (0.000,0.029) (0.000,0.029) (0.000,0.059) (0.000,0.023) (0.000,0.252) 
 64      160    (0)    1 :  0.004 0.006 0.004 0.007 0.004 0.006 0.005 0.005 0.954 0.004     (0.000,0.025) (0.000,0.031) (0.000,0.019) (0.000,0.039) (0.000,0.020) (0.000,0.033) (0.000,0.025) (0.000,0.027) (0.809,1.000) (0.000,0.023) 
 65     162*    (0)    1 :  0.005 0.943 0.006 0.006 0.006 0.004 0.005 0.006 0.010 0.009     (0.000,0.025) (0.758,1.000) (0.000,0.032) (0.000,0.030) (0.000,0.030) (0.000,0.024) (0.000,0.027) (0.000,0.031) (0.000,0.062) (0.000,0.046) 
 66      166    (0)    1 :  0.015 0.005 0.006 0.010 0.008 0.004 0.929 0.006 0.004 0.014     (0.000,0.086) (0.000,0.027) (0.000,0.029) (0.000,0.053) (0.000,0.044) (0.000,0.022) (0.703,1.000) (0.000,0.027) (0.000,0.021) (0.000,0.076) 
 67      177    (0)    1 :  0.004 0.003 0.003 0.004 0.964 0.003 0.005 0.005 0.004 0.005     (0.000,0.020) (0.000,0.018) (0.000,0.015) (0.000,0.020) (0.848,1.000) (0.000,0.017) (0.000,0.025) (0.000,0.025) (0.000,0.022) (0.000,0.024) 
 68      178    (0)    1 :  0.015 0.011 0.039 0.007 0.834 0.008 0.027 0.022 0.026 0.010     (0.000,0.108) (0.000,0.074) (0.000,0.236) (0.000,0.043) (0.493,1.000) (0.000,0.043) (0.000,0.197) (0.000,0.144) (0.000,0.193) (0.000,0.053) 
 69      186    (0)    1 :  0.004 0.005 0.003 0.963 0.004 0.004 0.004 0.004 0.005 0.004     (0.000,0.019) (0.000,0.026) (0.000,0.014) (0.844,1.000) (0.000,0.020) (0.000,0.021) (0.000,0.023) (0.000,0.021) (0.000,0.024) (0.000,0.022) 
 70      189    (0)    1 :  0.003 0.931 0.004 0.006 0.007 0.006 0.004 0.006 0.011 0.021     (0.000,0.018) (0.723,1.000) (0.000,0.022) (0.000,0.031) (0.000,0.038) (0.000,0.030) (0.000,0.021) (0.000,0.033) (0.000,0.070) (0.000,0.074) 
 71      190    (0)    1 :  0.007 0.731 0.042 0.053 0.012 0.015 0.024 0.031 0.065 0.019     (0.000,0.041) (0.002,1.000) (0.000,0.283) (0.000,0.364) (0.000,0.081) (0.000,0.100) (0.000,0.174) (0.000,0.198) (0.000,0.463) (0.000,0.131) 
 72      191    (0)    1 :  0.018 0.495 0.005 0.318 0.020 0.008 0.009 0.024 0.015 0.089     (0.000,0.129) (0.000,0.996) (0.000,0.023) (0.000,0.845) (0.000,0.139) (0.000,0.045) (0.000,0.052) (0.000,0.154) (0.000,0.097) (0.000,0.505) 
 73      193    (0)    1 :  0.016 0.014 0.005 0.024 0.383 0.012 0.053 0.019 0.014 0.459     (0.000,0.108) (0.000,0.086) (0.000,0.026) (0.000,0.178) (0.000,0.998) (0.000,0.071) (0.000,0.412) (0.000,0.098) (0.000,0.089) (0.000,1.000) 
 74      202    (0)    1 :  0.006 0.113 0.023 0.012 0.009 0.019 0.072 0.543 0.173 0.030     (0.000,0.035) (0.000,0.577) (0.000,0.162) (0.000,0.076) (0.000,0.050) (0.000,0.121) (0.000,0.532) (0.000,0.999) (0.000,0.635) (0.000,0.217) 
 75      204    (0)    1 :  0.005 0.602 0.003 0.357 0.003 0.005 0.005 0.006 0.008 0.005     (0.000,0.030) (0.000,1.000) (0.000,0.018) (0.000,1.000) (0.000,0.018) (0.000,0.024) (0.000,0.028) (0.000,0.031) (0.000,0.045) (0.000,0.026) 
 76      211    (0)    1 :  0.050 0.008 0.013 0.014 0.058 0.013 0.679 0.069 0.075 0.022     (0.000,0.345) (0.000,0.049) (0.000,0.087) (0.000,0.091) (0.000,0.323) (0.000,0.078) (0.000,0.999) (0.000,0.540) (0.000,0.466) (0.000,0.136) 
 77      216    (0)    1 :  0.417 0.007 0.013 0.005 0.026 0.005 0.409 0.019 0.013 0.088     (0.000,0.941) (0.000,0.036) (0.000,0.075) (0.000,0.024) (0.000,0.182) (0.000,0.024) (0.000,0.849) (0.000,0.113) (0.000,0.081) (0.000,0.778) 
 78      222    (0)    1 :  0.319 0.009 0.008 0.004 0.008 0.022 0.009 0.037 0.004 0.579     (0.000,0.996) (0.000,0.046) (0.000,0.045) (0.000,0.021) (0.000,0.045) (0.000,0.165) (0.000,0.045) (0.000,0.258) (0.000,0.018) (0.000,1.000) 
 79      224    (0)    1 :  0.008 0.907 0.004 0.007 0.006 0.009 0.005 0.007 0.012 0.035     (0.000,0.048) (0.616,1.000) (0.000,0.021) (0.000,0.034) (0.000,0.030) (0.000,0.049) (0.000,0.025) (0.000,0.036) (0.000,0.078) (0.000,0.176) 
 80      226    (0)    1 :  0.004 0.007 0.003 0.935 0.005 0.008 0.011 0.016 0.005 0.007     (0.000,0.023) (0.000,0.036) (0.000,0.015) (0.727,1.000) (0.000,0.023) (0.000,0.043) (0.000,0.063) (0.000,0.107) (0.000,0.026) (0.000,0.039) 
 81      229    (0)    1 :  0.021 0.391 0.173 0.022 0.026 0.015 0.020 0.229 0.073 0.029     (0.000,0.144) (0.000,0.909) (0.000,0.625) (0.000,0.151) (0.000,0.188) (0.000,0.095) (0.000,0.145) (0.000,0.989) (0.000,0.533) (0.000,0.211) 
 82      230    (0)    1 :  0.011 0.682 0.007 0.029 0.043 0.014 0.009 0.143 0.047 0.015     (0.000,0.078) (0.000,1.000) (0.000,0.037) (0.000,0.207) (0.000,0.277) (0.000,0.079) (0.000,0.052) (0.000,0.951) (0.000,0.352) (0.000,0.101) 
 83      232    (0)    1 :  0.014 0.067 0.006 0.110 0.083 0.019 0.092 0.157 0.280 0.173     (0.000,0.088) (0.000,0.483) (0.000,0.032) (0.000,0.570) (0.000,0.505) (0.000,0.123) (0.000,0.597) (0.000,0.891) (0.000,0.740) (0.000,0.819) 
 84      238    (0)    1 :  0.016 0.016 0.008 0.005 0.044 0.090 0.019 0.770 0.006 0.025     (0.000,0.107) (0.000,0.107) (0.000,0.048) (0.000,0.027) (0.000,0.312) (0.000,0.664) (0.000,0.133) (0.000,1.000) (0.000,0.033) (0.000,0.182) 
 85      242    (0)    1 :  0.008 0.007 0.031 0.006 0.004 0.877 0.010 0.049 0.004 0.006     (0.000,0.048) (0.000,0.039) (0.000,0.213) (0.000,0.033) (0.000,0.019) (0.468,1.000) (0.000,0.060) (0.000,0.330) (0.000,0.018) (0.000,0.031) 
 86      243    (0)    1 :  0.014 0.008 0.008 0.020 0.019 0.478 0.076 0.312 0.008 0.058     (0.000,0.091) (0.000,0.044) (0.000,0.043) (0.000,0.144) (0.000,0.140) (0.000,0.996) (0.000,0.462) (0.000,0.998) (0.000,0.042) (0.000,0.421) 
 87      244    (0)    1 :  0.005 0.011 0.009 0.006 0.093 0.158 0.014 0.687 0.009 0.008     (0.000,0.030) (0.000,0.072) (0.000,0.050) (0.000,0.031) (0.000,0.512) (0.000,0.797) (0.000,0.088) (0.000,1.000) (0.000,0.053) (0.000,0.047) 
 88      251    (0)    1 :  0.009 0.020 0.016 0.008 0.016 0.081 0.015 0.722 0.088 0.026     (0.000,0.055) (0.000,0.134) (0.000,0.102) (0.000,0.043) (0.000,0.093) (0.000,0.618) (0.000,0.086) (0.000,1.000) (0.000,0.505) (0.000,0.169) 
 89      266    (0)    1 :  0.008 0.008 0.037 0.009 0.283 0.061 0.131 0.440 0.005 0.017     (0.000,0.051) (0.000,0.041) (0.000,0.248) (0.000,0.055) (0.000,0.789) (0.000,0.374) (0.000,0.612) (0.000,0.998) (0.000,0.024) (0.000,0.108) 
 90      267    (0)    1 :  0.380 0.014 0.010 0.038 0.011 0.016 0.089 0.034 0.005 0.403     (0.000,0.992) (0.000,0.087) (0.000,0.061) (0.000,0.278) (0.000,0.066) (0.000,0.107) (0.000,0.512) (0.000,0.220) (0.000,0.030) (0.000,0.999) 
 91      268    (0)    1 :  0.094 0.005 0.084 0.006 0.385 0.006 0.297 0.031 0.043 0.049     (0.000,0.566) (0.000,0.023) (0.000,0.482) (0.000,0.033) (0.000,0.972) (0.000,0.034) (0.000,0.982) (0.000,0.181) (0.000,0.296) (0.000,0.399) 
 92      270    (0)    1 :  0.014 0.898 0.006 0.021 0.006 0.009 0.008 0.009 0.021 0.008     (0.000,0.095) (0.599,1.000) (0.000,0.037) (0.000,0.139) (0.000,0.033) (0.000,0.049) (0.000,0.044) (0.000,0.048) (0.000,0.147) (0.000,0.045) 
 93      276    (0)    1 :  0.030 0.486 0.008 0.265 0.044 0.014 0.035 0.040 0.019 0.059     (0.000,0.222) (0.000,0.999) (0.000,0.053) (0.000,0.809) (0.000,0.322) (0.000,0.087) (0.000,0.261) (0.000,0.295) (0.000,0.128) (0.000,0.439) 
 94      298    (7)    1 :  0.675 0.008 0.024 0.019 0.141 0.011 0.071 0.028 0.013 0.012     (0.190,0.998) (0.000,0.043) (0.000,0.172) (0.000,0.134) (0.000,0.593) (0.000,0.066) (0.000,0.462) (0.000,0.194) (0.000,0.088) (0.000,0.066) 
 95      306    (0)    1 :  0.010 0.009 0.009 0.008 0.053 0.014 0.679 0.038 0.005 0.176     (0.000,0.066) (0.000,0.054) (0.000,0.052) (0.000,0.046) (0.000,0.372) (0.000,0.090) (0.266,0.998) (0.000,0.282) (0.000,0.028) (0.000,0.613) 
 96      308    (0)    1 :  0.058 0.012 0.011 0.007 0.608 0.031 0.035 0.120 0.072 0.048     (0.000,0.393) (0.000,0.071) (0.000,0.062) (0.000,0.042) (0.000,0.997) (0.000,0.227) (0.000,0.252) (0.000,0.839) (0.000,0.385) (0.000,0.354) 
 97      311    (7)    1 :  0.044 0.017 0.014 0.007 0.012 0.029 0.045 0.132 0.016 0.684     (0.000,0.319) (0.000,0.110) (0.000,0.093) (0.000,0.041) (0.000,0.071) (0.000,0.209) (0.000,0.318) (0.000,0.909) (0.000,0.117) (0.000,1.000) 
 98      323    (0)    1 :  0.007 0.007 0.004 0.950 0.004 0.007 0.005 0.006 0.004 0.005     (0.000,0.043) (0.000,0.038) (0.000,0.023) (0.792,1.000) (0.000,0.022) (0.000,0.041) (0.000,0.024) (0.000,0.029) (0.000,0.023) (0.000,0.028) 
 99      327    (0)    1 :  0.008 0.623 0.017 0.022 0.007 0.015 0.033 0.054 0.193 0.028     (0.000,0.042) (0.000,0.995) (0.000,0.116) (0.000,0.156) (0.000,0.041) (0.000,0.099) (0.000,0.242) (0.000,0.403) (0.000,0.639) (0.000,0.211) 
100      334    (0)    1 :  0.006 0.005 0.960 0.003 0.003 0.005 0.004 0.005 0.005 0.003     (0.000,0.038) (0.000,0.024) (0.832,1.000) (0.000,0.015) (0.000,0.018) (0.000,0.027) (0.000,0.021) (0.000,0.026) (0.000,0.029) (0.000,0.018) 
101      338    (0)    1 :  0.063 0.023 0.008 0.017 0.017 0.013 0.067 0.101 0.023 0.669     (0.000,0.484) (0.000,0.158) (0.000,0.047) (0.000,0.113) (0.000,0.112) (0.000,0.075) (0.000,0.493) (0.000,0.857) (0.000,0.167) (0.000,1.000) 
102      341    (0)    1 :  0.006 0.007 0.006 0.902 0.006 0.013 0.037 0.010 0.006 0.007     (0.000,0.030) (0.000,0.037) (0.000,0.032) (0.628,1.000) (0.000,0.030) (0.000,0.084) (0.000,0.249) (0.000,0.054) (0.000,0.033) (0.000,0.039) 
103      346    (0)    1 :  0.005 0.008 0.004 0.011 0.264 0.006 0.635 0.016 0.036 0.016     (0.000,0.024) (0.000,0.043) (0.000,0.022) (0.000,0.061) (0.000,0.981) (0.000,0.032) (0.000,1.000) (0.000,0.083) (0.000,0.268) (0.000,0.082) 
104      348    (0)    1 :  0.398 0.009 0.010 0.007 0.234 0.018 0.012 0.043 0.006 0.262     (0.000,0.930) (0.000,0.050) (0.000,0.065) (0.000,0.038) (0.000,0.744) (0.000,0.125) (0.000,0.062) (0.000,0.321) (0.000,0.031) (0.000,0.887) 
105      351    (0)    1 :  0.009 0.009 0.121 0.014 0.011 0.108 0.453 0.223 0.040 0.011     (0.000,0.053) (0.000,0.054) (0.000,0.587) (0.000,0.090) (0.000,0.061) (0.000,0.731) (0.000,0.996) (0.000,0.982) (0.000,0.285) (0.000,0.060) 
106      362    (0)    1 :  0.006 0.744 0.004 0.143 0.005 0.006 0.007 0.011 0.065 0.009     (0.000,0.035) (0.000,1.000) (0.000,0.022) (0.000,0.852) (0.000,0.025) (0.000,0.030) (0.000,0.037) (0.000,0.051) (0.000,0.470) (0.000,0.048) 
107      364    (0)    1 :  0.008 0.005 0.020 0.011 0.013 0.842 0.034 0.042 0.011 0.014     (0.000,0.042) (0.000,0.029) (0.000,0.144) (0.000,0.070) (0.000,0.081) (0.455,1.000) (0.000,0.245) (0.000,0.273) (0.000,0.073) (0.000,0.091) 
108      366    (0)    1 :  0.017 0.015 0.004 0.009 0.007 0.816 0.036 0.074 0.007 0.015     (0.000,0.119) (0.000,0.095) (0.000,0.023) (0.000,0.048) (0.000,0.037) (0.024,1.000) (0.000,0.263) (0.000,0.744) (0.000,0.038) (0.000,0.092) 
109      376    (0)    1 :  0.003 0.023 0.004 0.903 0.016 0.005 0.011 0.010 0.015 0.011     (0.000,0.017) (0.000,0.164) (0.000,0.020) (0.641,1.000) (0.000,0.112) (0.000,0.028) (0.000,0.070) (0.000,0.056) (0.000,0.096) (0.000,0.069) 
110      377    (7)    1 :  0.022 0.333 0.004 0.025 0.013 0.010 0.022 0.077 0.247 0.246     (0.000,0.161) (0.000,0.926) (0.000,0.023) (0.000,0.182) (0.000,0.067) (0.000,0.056) (0.000,0.130) (0.000,0.571) (0.000,0.811) (0.000,0.917) 
111      378    (0)    1 :  0.005 0.007 0.004 0.013 0.017 0.004 0.016 0.008 0.916 0.011     (0.000,0.027) (0.000,0.035) (0.000,0.022) (0.000,0.091) (0.000,0.115) (0.000,0.023) (0.000,0.102) (0.000,0.041) (0.686,1.000) (0.000,0.071) 
112      388    (0)    1 :  0.204 0.011 0.018 0.009 0.010 0.011 0.175 0.031 0.026 0.505     (0.000,0.970) (0.000,0.064) (0.000,0.129) (0.000,0.051) (0.000,0.055) (0.000,0.056) (0.000,0.891) (0.000,0.174) (0.000,0.199) (0.000,1.000) 
113      391    (0)    1 :  0.011 0.007 0.003 0.410 0.010 0.011 0.317 0.049 0.113 0.068     (0.000,0.064) (0.000,0.041) (0.000,0.018) (0.000,0.847) (0.000,0.060) (0.000,0.062) (0.000,0.917) (0.000,0.365) (0.000,0.471) (0.000,0.483) 
114      401    (0)    1 :  0.005 0.171 0.021 0.077 0.099 0.044 0.008 0.502 0.011 0.064     (0.000,0.027) (0.000,0.650) (0.000,0.148) (0.000,0.499) (0.000,0.513) (0.000,0.328) (0.000,0.040) (0.000,1.000) (0.000,0.066) (0.000,0.461) 
115      406    (0)    1 :  0.035 0.013 0.007 0.107 0.031 0.039 0.329 0.127 0.015 0.297     (0.000,0.238) (0.000,0.080) (0.000,0.035) (0.000,0.612) (0.000,0.219) (0.000,0.284) (0.000,0.991) (0.000,0.895) (0.000,0.101) (0.000,0.989) 
116      412    (7)    1 :  0.014 0.024 0.006 0.022 0.024 0.015 0.187 0.046 0.028 0.635     (0.000,0.067) (0.000,0.167) (0.000,0.027) (0.000,0.155) (0.000,0.161) (0.000,0.085) (0.000,0.978) (0.000,0.331) (0.000,0.203) (0.000,1.000) 
117      413    (0)    1 :  0.014 0.023 0.133 0.004 0.336 0.018 0.011 0.043 0.007 0.410     (0.000,0.091) (0.000,0.163) (0.000,0.478) (0.000,0.021) (0.000,0.979) (0.000,0.130) (0.000,0.058) (0.000,0.308) (0.000,0.035) (0.000,0.997) 
118      421    (0)    1 :  0.012 0.744 0.008 0.020 0.036 0.012 0.030 0.052 0.009 0.078     (0.000,0.072) (0.066,1.000) (0.000,0.043) (0.000,0.141) (0.000,0.264) (0.000,0.074) (0.000,0.212) (0.000,0.379) (0.000,0.050) (0.000,0.529) 
119      423    (0)    1 :  0.027 0.714 0.005 0.014 0.011 0.022 0.007 0.060 0.009 0.130     (0.000,0.193) (0.000,1.000) (0.000,0.028) (0.000,0.096) (0.000,0.065) (0.000,0.159) (0.000,0.038) (0.000,0.512) (0.000,0.053) (0.000,0.856) 
120      424    (0)    1 :  0.017 0.010 0.007 0.181 0.021 0.022 0.507 0.042 0.016 0.177     (0.000,0.107) (0.000,0.059) (0.000,0.039) (0.000,0.829) (0.000,0.140) (0.000,0.147) (0.000,1.000) (0.000,0.294) (0.000,0.101) (0.000,0.911) 
121      426    (0)    1 :  0.009 0.031 0.011 0.102 0.022 0.026 0.113 0.056 0.587 0.044     (0.000,0.049) (0.000,0.219) (0.000,0.063) (0.000,0.525) (0.000,0.154) (0.000,0.192) (0.000,0.816) (0.000,0.392) (0.000,0.995) (0.000,0.307) 
122      430    (7)    1 :  0.017 0.012 0.013 0.019 0.089 0.006 0.525 0.015 0.012 0.292     (0.000,0.109) (0.000,0.066) (0.000,0.088) (0.000,0.124) (0.000,0.607) (0.000,0.029) (0.000,1.000) (0.000,0.078) (0.000,0.069) (0.000,0.983) 
123      435    (0)    1 :  0.017 0.007 0.003 0.004 0.765 0.004 0.014 0.009 0.011 0.165     (0.000,0.118) (0.000,0.040) (0.000,0.017) (0.000,0.023) (0.180,1.000) (0.000,0.020) (0.000,0.087) (0.000,0.046) (0.000,0.065) (0.000,0.729) 
124      476    (0)    1 :  0.004 0.117 0.004 0.760 0.020 0.024 0.009 0.037 0.012 0.012     (0.000,0.021) (0.000,0.542) (0.000,0.024) (0.346,0.999) (0.000,0.143) (0.000,0.170) (0.000,0.050) (0.000,0.261) (0.000,0.086) (0.000,0.082) 
125      478    (0)    1 :  0.008 0.183 0.008 0.702 0.006 0.027 0.014 0.025 0.014 0.013     (0.000,0.052) (0.000,0.624) (0.000,0.050) (0.281,0.993) (0.000,0.032) (0.000,0.190) (0.000,0.092) (0.000,0.187) (0.000,0.089) (0.000,0.081) 
126      484    (0)    1 :  0.342 0.006 0.017 0.015 0.039 0.005 0.276 0.015 0.008 0.275     (0.000,0.949) (0.000,0.033) (0.000,0.082) (0.000,0.093) (0.000,0.288) (0.000,0.027) (0.000,0.818) (0.000,0.075) (0.000,0.046) (0.000,0.997) 
127      489    (0)    1 :  0.079 0.041 0.005 0.007 0.008 0.005 0.044 0.014 0.475 0.321     (0.000,0.477) (0.000,0.309) (0.000,0.023) (0.000,0.038) (0.000,0.038) (0.000,0.025) (0.000,0.337) (0.000,0.066) (0.000,0.983) (0.000,0.975) 
128      492   (14)    1 :  0.004 0.003 0.966 0.004 0.003 0.004 0.005 0.004 0.003 0.004     (0.000,0.021) (0.000,0.017) (0.857,1.000) (0.000,0.019) (0.000,0.017) (0.000,0.018) (0.000,0.027) (0.000,0.019) (0.000,0.017) (0.000,0.020) 
129      493    (0)    1 :  0.006 0.008 0.004 0.007 0.008 0.906 0.010 0.025 0.011 0.016     (0.000,0.031) (0.000,0.046) (0.000,0.021) (0.000,0.043) (0.000,0.046) (0.642,1.000) (0.000,0.065) (0.000,0.156) (0.000,0.068) (0.000,0.108) 
130      494    (0)    1 :  0.009 0.020 0.008 0.010 0.008 0.678 0.006 0.215 0.037 0.009     (0.000,0.054) (0.000,0.144) (0.000,0.054) (0.000,0.061) (0.000,0.047) (0.000,1.000) (0.000,0.031) (0.000,0.991) (0.000,0.269) (0.000,0.051) 
131      500    (0)    1 :  0.004 0.874 0.003 0.060 0.004 0.008 0.007 0.026 0.008 0.006     (0.000,0.022) (0.367,1.000) (0.000,0.013) (0.000,0.425) (0.000,0.020) (0.000,0.039) (0.000,0.035) (0.000,0.117) (0.000,0.046) (0.000,0.031) 
132      504    (0)    1 :  0.400 0.052 0.079 0.011 0.024 0.026 0.077 0.108 0.054 0.167     (0.000,0.923) (0.000,0.354) (0.000,0.417) (0.000,0.072) (0.000,0.171) (0.000,0.185) (0.000,0.520) (0.000,0.759) (0.000,0.334) (0.000,0.892) 
133      506    (0)    1 :  0.740 0.022 0.004 0.018 0.005 0.005 0.009 0.009 0.005 0.184     (0.000,1.000) (0.000,0.165) (0.000,0.018) (0.000,0.130) (0.000,0.025) (0.000,0.026) (0.000,0.049) (0.000,0.043) (0.000,0.024) (0.000,0.962) 


Estimated Allele Frequencies in each cluster
First column gives estimated ancestral frequencies


Locus 1 : Rsu5 
5 alleles
0.0% missing data
 137   (0.747) 0.279 0.971 0.184 0.973 0.821 0.647 0.866 0.753 0.938 0.810 
 135   (0.081) 0.012 0.008 0.013 0.013 0.037 0.136 0.106 0.080 0.031 0.048 
 139   (0.098) 0.011 0.015 0.792 0.009 0.052 0.171 0.014 0.101 0.026 0.036 
 133   (0.021) 0.002 0.002 0.003 0.001 0.003 0.032 0.002 0.019 0.002 0.003 
 131   (0.052) 0.696 0.004 0.007 0.003 0.087 0.013 0.012 0.047 0.004 0.103 

Locus 2 : Scv1 
5 alleles
0.0% missing data
 181   (0.541) 0.405 0.602 0.136 0.960 0.354 0.745 0.357 0.549 0.855 0.340 
 179   (0.179) 0.084 0.136 0.793 0.016 0.246 0.125 0.387 0.172 0.056 0.101 
 177   (0.114) 0.127 0.014 0.024 0.012 0.060 0.056 0.219 0.111 0.075 0.360 
 185   (0.136) 0.381 0.245 0.042 0.010 0.337 0.054 0.033 0.134 0.011 0.195 
 171   (0.030) 0.003 0.003 0.005 0.002 0.004 0.020 0.004 0.034 0.003 0.005 

Locus 3 : Rsu4 
9 alleles
0.0% missing data
 267   (0.200) 0.081 0.271 0.750 0.138 0.084 0.305 0.039 0.201 0.093 0.145 
 263   (0.326) 0.438 0.224 0.122 0.519 0.432 0.262 0.400 0.318 0.817 0.483 
 259   (0.046) 0.005 0.253 0.009 0.222 0.006 0.012 0.010 0.042 0.032 0.013 
 287   (0.170) 0.107 0.209 0.032 0.103 0.058 0.131 0.445 0.168 0.028 0.231 
 275   (0.037) 0.003 0.003 0.008 0.002 0.008 0.150 0.006 0.037 0.003 0.006 
 279   (0.081) 0.009 0.009 0.041 0.006 0.248 0.042 0.022 0.093 0.014 0.020 
 283   (0.077) 0.351 0.007 0.023 0.005 0.156 0.039 0.069 0.075 0.006 0.091 
 291   (0.037) 0.004 0.021 0.012 0.002 0.005 0.014 0.006 0.041 0.005 0.007 
 271   (0.024) 0.002 0.002 0.004 0.002 0.003 0.045 0.003 0.024 0.002 0.004 

Locus 4 : Rsu6 
5 alleles
0.0% missing data
 120   (0.244) 0.062 0.270 0.086 0.284 0.221 0.209 0.420 0.239 0.553 0.155 
 126   (0.624) 0.922 0.511 0.870 0.559 0.762 0.607 0.564 0.632 0.359 0.822 
 124   (0.088) 0.011 0.199 0.037 0.155 0.012 0.053 0.011 0.090 0.085 0.016 
 130   (0.024) 0.002 0.002 0.003 0.002 0.003 0.125 0.003 0.021 0.002 0.004 
 114   (0.020) 0.003 0.019 0.004 0.001 0.002 0.006 0.002 0.018 0.001 0.004 

Locus 5 : Scv23 
3 alleles
0.8% missing data
 158   (0.530) 0.876 0.745 0.565 0.373 0.568 0.454 0.482 0.529 0.457 0.598 
 164   (0.179) 0.064 0.051 0.378 0.437 0.027 0.282 0.281 0.174 0.062 0.149 
 160   (0.291) 0.060 0.204 0.056 0.190 0.406 0.263 0.237 0.297 0.481 0.253 

Locus 6 : Scv13 
5 alleles
0.0% missing data
 182   (0.709) 0.924 0.908 0.953 0.804 0.558 0.709 0.926 0.693 0.974 0.870 
 180   (0.099) 0.010 0.070 0.015 0.167 0.015 0.102 0.015 0.106 0.012 0.023 
 172   (0.082) 0.055 0.007 0.012 0.006 0.288 0.044 0.041 0.083 0.006 0.063 
 184   (0.066) 0.007 0.010 0.012 0.020 0.012 0.132 0.009 0.070 0.005 0.036 
 174   (0.044) 0.005 0.004 0.009 0.003 0.127 0.013 0.008 0.047 0.003 0.008 

Locus 7 : Scv32 
18 alleles
0.8% missing data
 236   (0.044) 0.004 0.004 0.011 0.003 0.006 0.147 0.007 0.050 0.003 0.007 
 238   (0.039) 0.034 0.003 0.011 0.003 0.006 0.020 0.260 0.036 0.004 0.073 
 234   (0.137) 0.042 0.020 0.085 0.348 0.658 0.053 0.306 0.133 0.070 0.324 
 246   (0.045) 0.006 0.183 0.012 0.318 0.009 0.011 0.006 0.042 0.006 0.023 
 248   (0.094) 0.019 0.152 0.349 0.007 0.012 0.106 0.072 0.093 0.422 0.038 
 262   (0.117) 0.023 0.243 0.159 0.019 0.030 0.038 0.056 0.125 0.193 0.128 
 232   (0.170) 0.637 0.151 0.045 0.145 0.063 0.442 0.055 0.174 0.013 0.147 
 250   (0.036) 0.003 0.004 0.008 0.005 0.004 0.009 0.043 0.034 0.259 0.009 
 228   (0.028) 0.003 0.003 0.006 0.002 0.004 0.011 0.003 0.034 0.002 0.005 
 220   (0.046) 0.004 0.201 0.012 0.079 0.006 0.012 0.007 0.047 0.005 0.009 
 264   (0.047) 0.005 0.006 0.011 0.036 0.015 0.061 0.126 0.045 0.005 0.017 
 252   (0.044) 0.074 0.013 0.011 0.003 0.091 0.012 0.010 0.041 0.004 0.044 
 254   (0.049) 0.107 0.004 0.257 0.003 0.080 0.013 0.033 0.044 0.005 0.012 
 242   (0.024) 0.002 0.002 0.005 0.002 0.003 0.039 0.003 0.025 0.002 0.004 
 266   (0.023) 0.012 0.002 0.005 0.002 0.003 0.006 0.006 0.022 0.002 0.084 
 244   (0.024) 0.022 0.005 0.007 0.002 0.003 0.007 0.004 0.022 0.005 0.070 
 226   (0.018) 0.002 0.002 0.004 0.023 0.002 0.005 0.003 0.016 0.001 0.003 
 240   (0.018) 0.002 0.002 0.003 0.001 0.003 0.008 0.002 0.019 0.001 0.003 

Locus 8 : Scv8 
6 alleles
0.8% missing data
 200   (0.646) 0.609 0.669 0.881 0.844 0.384 0.617 0.844 0.656 0.828 0.629 
 202   (0.083) 0.034 0.007 0.034 0.006 0.041 0.209 0.072 0.079 0.006 0.134 
 194   (0.085) 0.009 0.118 0.024 0.137 0.112 0.031 0.045 0.079 0.013 0.138 
 204   (0.048) 0.005 0.033 0.026 0.004 0.007 0.016 0.008 0.050 0.140 0.012 
 198   (0.067) 0.007 0.166 0.013 0.005 0.012 0.092 0.010 0.069 0.008 0.025 
 188   (0.071) 0.337 0.006 0.022 0.005 0.445 0.035 0.022 0.067 0.005 0.062 

Locus 9 : Scv9 
5 alleles
0.0% missing data
 198   (0.312) 0.382 0.097 0.486 0.420 0.509 0.168 0.747 0.308 0.486 0.218 
 200   (0.341) 0.390 0.532 0.432 0.379 0.109 0.565 0.108 0.341 0.398 0.164 
 196   (0.283) 0.218 0.365 0.072 0.036 0.263 0.251 0.134 0.293 0.111 0.599 
 204   (0.043) 0.006 0.004 0.007 0.164 0.092 0.011 0.008 0.040 0.003 0.016 
 202   (0.020) 0.004 0.002 0.003 0.001 0.027 0.005 0.002 0.018 0.001 0.003 

Locus 10 : Rsu1 
6 alleles
0.0% missing data
 189   (0.313) 0.070 0.052 0.452 0.480 0.280 0.561 0.215 0.325 0.041 0.245 
 185   (0.273) 0.802 0.245 0.457 0.151 0.124 0.168 0.499 0.264 0.052 0.549 
 177   (0.080) 0.089 0.143 0.024 0.011 0.036 0.026 0.012 0.083 0.012 0.017 
 181   (0.242) 0.030 0.200 0.042 0.047 0.548 0.221 0.254 0.243 0.852 0.168 
 193   (0.054) 0.005 0.270 0.019 0.078 0.007 0.015 0.015 0.050 0.040 0.013 
 197   (0.039) 0.003 0.089 0.005 0.233 0.005 0.010 0.005 0.035 0.003 0.008 

Locus 11 : Scv14 
7 alleles
4.5% missing data
 196   (0.536) 0.566 0.807 0.100 0.930 0.689 0.518 0.446 0.525 0.930 0.715 
 198   (0.077) 0.029 0.007 0.017 0.006 0.038 0.098 0.339 0.077 0.007 0.014 
 194   (0.138) 0.030 0.077 0.025 0.021 0.184 0.236 0.031 0.142 0.038 0.129 
 202   (0.188) 0.369 0.102 0.846 0.038 0.075 0.121 0.171 0.193 0.018 0.131 
 204   (0.021) 0.002 0.002 0.003 0.002 0.003 0.016 0.003 0.022 0.002 0.003 
 190   (0.020) 0.002 0.003 0.004 0.002 0.003 0.005 0.004 0.021 0.004 0.004 
 200   (0.021) 0.002 0.002 0.005 0.002 0.009 0.007 0.006 0.021 0.002 0.004 

Locus 12 : Scv16 
7 alleles
0.0% missing data
 182   (0.422) 0.200 0.556 0.879 0.215 0.571 0.182 0.513 0.427 0.802 0.591 
 184   (0.416) 0.742 0.275 0.090 0.766 0.176 0.582 0.428 0.421 0.185 0.372 
 188   (0.051) 0.005 0.159 0.008 0.012 0.006 0.185 0.006 0.047 0.004 0.010 
 200   (0.019) 0.002 0.002 0.003 0.001 0.003 0.025 0.002 0.018 0.001 0.003 
 198   (0.036) 0.030 0.003 0.011 0.003 0.157 0.009 0.032 0.033 0.003 0.008 
 190   (0.034) 0.019 0.003 0.006 0.003 0.084 0.009 0.016 0.031 0.002 0.013 
 186   (0.021) 0.002 0.002 0.003 0.001 0.003 0.007 0.002 0.023 0.001 0.003 

Locus 13 : Scv31 
15 alleles
3.0% missing data
 193   (0.129) 0.075 0.027 0.091 0.016 0.041 0.065 0.315 0.133 0.627 0.118 
 201   (0.112) 0.102 0.045 0.078 0.021 0.015 0.255 0.018 0.115 0.082 0.024 
 187   (0.083) 0.107 0.296 0.034 0.298 0.011 0.022 0.015 0.078 0.050 0.093 
 207   (0.029) 0.003 0.038 0.005 0.370 0.004 0.007 0.003 0.026 0.002 0.006 
 195   (0.062) 0.209 0.121 0.013 0.006 0.018 0.016 0.009 0.058 0.016 0.206 
 185   (0.173) 0.128 0.028 0.057 0.218 0.303 0.119 0.470 0.175 0.017 0.201 
 189   (0.053) 0.005 0.005 0.010 0.003 0.006 0.276 0.006 0.052 0.166 0.009 
 205   (0.019) 0.002 0.002 0.003 0.001 0.003 0.006 0.002 0.022 0.001 0.003 
 191   (0.156) 0.018 0.359 0.046 0.050 0.503 0.046 0.125 0.163 0.024 0.288 
 197   (0.027) 0.283 0.004 0.005 0.004 0.003 0.007 0.004 0.025 0.004 0.017 
 199   (0.055) 0.057 0.005 0.011 0.004 0.078 0.068 0.008 0.056 0.004 0.016 
 203   (0.026) 0.003 0.002 0.006 0.002 0.003 0.087 0.003 0.024 0.002 0.004 
 209   (0.030) 0.003 0.003 0.020 0.002 0.005 0.016 0.016 0.032 0.003 0.005 
 213   (0.021) 0.002 0.002 0.618 0.001 0.002 0.005 0.002 0.018 0.001 0.003 
 181   (0.026) 0.002 0.063 0.004 0.003 0.003 0.006 0.003 0.023 0.002 0.005 

Locus 14 : Scv6 
8 alleles
0.0% missing data
 191   (0.098) 0.014 0.187 0.366 0.007 0.013 0.218 0.017 0.095 0.260 0.019 
 195   (0.384) 0.643 0.494 0.073 0.665 0.219 0.285 0.528 0.389 0.390 0.495 
 197   (0.212) 0.236 0.287 0.060 0.285 0.339 0.105 0.252 0.208 0.321 0.105 
 201   (0.088) 0.009 0.008 0.048 0.006 0.130 0.126 0.088 0.095 0.009 0.029 
 205   (0.021) 0.002 0.002 0.003 0.001 0.003 0.065 0.002 0.019 0.001 0.003 
 193   (0.097) 0.077 0.009 0.026 0.007 0.200 0.129 0.064 0.096 0.007 0.119 
 199   (0.077) 0.017 0.011 0.420 0.027 0.094 0.022 0.045 0.076 0.009 0.227 
 181   (0.023) 0.002 0.002 0.005 0.001 0.003 0.051 0.003 0.022 0.002 0.004 

Values of parameters used in structure:
DATAFILE=M:\STRUCTURE\Squirrel_133_ID_14L_20250816\project_data,	OUTFILE=M:\STRUCTURE\Squirrel_133_ID_14L_20250816\10k_Burnin_100k_MCMC\Results\10k_Burnin_100k_MCMC_run_233,	NUMINDS=133,	NUMLOCI=14,	MISSING=-9,	LABEL=1,	POPDATA=1,	POPFLAG=0,	PHENOTYPE=0,	EXTRACOLS=1,	MAXPOPS=10,	BURNIN=10000,	NUMREPS=100000,	USEPOPINFO=0,	INFERALPHA=1,	INFERLAMBDA=1,	POPSPECIFICLAMBDA=0,	POPALPHAS=0,	COMPUTEPROB=1,	NOADMIX=0,	ADMBURNIN=2500,	UPDATEFREQ=1,	PRINTLIKES=0,	INTERMEDSAVE=0,	PRINTKLD=0,	PRINTNET=0,	PRINTLAMBDA=0,	ANCESTDIST=1,	NUMBOXES=1000,	ANCESTPINT=0.90000,	GENSBACK=2,	MIGRPRIOR=0.05000,	PRINTQHAT=1,	PRINTQSUM=0,	ALPHA=1.0000,	FREQSCORR=1,	FPRIORMEAN=0.0100,	FPRIORSD=0.0500,	ONEFST=0,	LAMBDA=1.0000,	UNIFPRIORALPHA=1,	ALPHAMAX=10.0000,	ALPHAPRIORA=1.0000,	ALPHAPRIORB=2.0000,	ALPHAPROPSD=0.0250,	STARTATPOPINFO=0,	RANDOMIZE=1,	LINKAGE=0,	METROFREQ=10,	REPORTHITRATE=0,	MARKOVPHASE=-1,	PHASED=0,	PLOIDY=2,	PHASEINFO=0	LOCPRIOR=0, 	LOCPRIORINIT=1.000000, 	LOCDATA=0, 	LOCISPOP=0, 	LOCPRIORSTEP=0.100000, 	MAXLOCPRIOR=20.000000, 	SEED=1763727561,	
[STRAT parameters]:    NUMSIMSTATS=1000,	PHENOTYPECOL=-9,	POOLFREQ=10,	LOCUSxONLY=0,	EMERROR=0.00100,	MISSINGPHENO=-9,	