          1*  1 0.1029 0.0163 0.0367 0.0492 0.0053 0.0080 0.7658 0.0158 
           3  1 0.0076 0.9583 0.0054 0.0042 0.0044 0.0067 0.0053 0.0082 
           6  1 0.0218 0.9150 0.0075 0.0072 0.0105 0.0208 0.0059 0.0113 
           8  1 0.0050 0.0087 0.0224 0.0133 0.0035 0.9227 0.0141 0.0103 
          10  1 0.0048 0.0111 0.9139 0.0130 0.0044 0.0408 0.0080 0.0040 
          11  1 0.0848 0.0255 0.0223 0.1480 0.0505 0.0899 0.5674 0.0116 
          12  1 0.0083 0.0060 0.9638 0.0038 0.0048 0.0052 0.0042 0.0039 
          16  1 0.0060 0.9505 0.0071 0.0053 0.0052 0.0151 0.0060 0.0047 
          18  1 0.0047 0.0076 0.0067 0.0051 0.0046 0.0091 0.9558 0.0064 
          19  1 0.0120 0.0138 0.0116 0.1317 0.0365 0.0463 0.7127 0.0354 
          21  1 0.0083 0.9301 0.0069 0.0067 0.0071 0.0297 0.0061 0.0051 
          23  1 0.4033 0.0210 0.4839 0.0120 0.0423 0.0150 0.0126 0.0100 
          24  1 0.0133 0.0189 0.4394 0.2890 0.0333 0.0991 0.0976 0.0094 
          25  1 0.2521 0.0555 0.5309 0.0253 0.0083 0.1055 0.0160 0.0065 
         26*  1 0.0107 0.2703 0.2307 0.0636 0.0053 0.3900 0.0215 0.0078 
          28  1 0.0116 0.0407 0.1648 0.0143 0.0064 0.7505 0.0060 0.0057 
          29  1 0.0054 0.0065 0.9147 0.0228 0.0050 0.0268 0.0128 0.0061 
          30  1 0.0335 0.2153 0.1617 0.0300 0.0068 0.1625 0.0302 0.3600 
          33  1 0.0160 0.0057 0.0053 0.0412 0.0214 0.0047 0.8923 0.0133 
          37  1 0.0112 0.0093 0.0390 0.0121 0.0082 0.0092 0.9047 0.0063 
          38  1 0.0046 0.0084 0.0139 0.0148 0.0044 0.0094 0.9391 0.0053 
          43  1 0.0166 0.0360 0.7739 0.0152 0.0066 0.1351 0.0081 0.0084 
          44  1 0.0055 0.2104 0.0059 0.0043 0.0056 0.7471 0.0071 0.0142 
          48  1 0.0056 0.0113 0.0073 0.0054 0.0043 0.0060 0.9538 0.0064 
          55  1 0.0451 0.0931 0.0086 0.0158 0.0071 0.8016 0.0118 0.0169 
          59  1 0.0076 0.9568 0.0049 0.0049 0.0040 0.0073 0.0068 0.0077 
          60  1 0.9017 0.0080 0.0325 0.0219 0.0093 0.0046 0.0139 0.0082 
          61  1 0.3643 0.0146 0.0067 0.0105 0.5203 0.0136 0.0090 0.0610 
          62  1 0.1821 0.0148 0.0358 0.0392 0.6589 0.0209 0.0266 0.0218 
          65  1 0.0135 0.0054 0.0059 0.0387 0.0117 0.0088 0.8949 0.0211 
          73  1 0.0305 0.0074 0.1325 0.0173 0.0059 0.0123 0.0088 0.7853 
          75  1 0.0047 0.0080 0.0038 0.0065 0.9284 0.0052 0.0114 0.0320 
          76  1 0.0113 0.0057 0.0100 0.0035 0.9546 0.0047 0.0042 0.0060 
          77  1 0.1849 0.0052 0.0111 0.0085 0.7737 0.0046 0.0071 0.0050 
          78  1 0.0328 0.0062 0.0177 0.0122 0.2248 0.0118 0.0124 0.6821 
          79  1 0.0088 0.0046 0.0043 0.0155 0.8845 0.0083 0.0124 0.0617 
          84  1 0.0374 0.8101 0.0196 0.0666 0.0194 0.0278 0.0078 0.0114 
          85  1 0.0087 0.0085 0.0068 0.0186 0.0066 0.9298 0.0099 0.0110 
          86  1 0.0102 0.0047 0.0121 0.0495 0.0085 0.8831 0.0152 0.0168 
          89  1 0.0622 0.6094 0.2003 0.0265 0.0544 0.0168 0.0200 0.0104 
          94  1 0.0059 0.0065 0.9532 0.0035 0.0045 0.0091 0.0123 0.0050 
          95  1 0.0173 0.9236 0.0059 0.0056 0.0058 0.0163 0.0133 0.0122 
          96  1 0.0063 0.0066 0.0093 0.0056 0.0063 0.9542 0.0054 0.0063 
          98  1 0.6961 0.0058 0.0090 0.0500 0.0506 0.0068 0.0070 0.1746 
         102  1 0.0156 0.0312 0.0159 0.0813 0.0148 0.0066 0.8272 0.0074 
         105  1 0.0049 0.0057 0.0054 0.0055 0.0046 0.0050 0.0081 0.9607 
         106  1 0.0277 0.1230 0.0044 0.0412 0.4311 0.0288 0.0230 0.3207 
         108  1 0.0356 0.0082 0.0086 0.0188 0.0212 0.0104 0.0782 0.8191 
         109  1 0.0765 0.0100 0.0062 0.0143 0.0288 0.0144 0.0111 0.8388 
         112  1 0.3130 0.0139 0.0504 0.0544 0.1663 0.3552 0.0371 0.0097 
         115  1 0.0536 0.0120 0.0538 0.1450 0.0118 0.0141 0.6877 0.0220 
         116  1 0.0057 0.0088 0.0070 0.0081 0.0066 0.9326 0.0110 0.0202 
         117  1 0.0388 0.7139 0.1262 0.0168 0.0116 0.0595 0.0159 0.0173 
         129  1 0.0070 0.0761 0.0110 0.0078 0.0033 0.8801 0.0076 0.0072 
         132  1 0.7226 0.0132 0.1494 0.0455 0.0083 0.0063 0.0463 0.0085 
         133  1 0.6954 0.0078 0.0061 0.0409 0.0753 0.0045 0.0062 0.1640 
         137  1 0.5005 0.0106 0.0191 0.0130 0.4180 0.0118 0.0117 0.0152 
         139  1 0.0063 0.0089 0.0061 0.0097 0.9375 0.0084 0.0125 0.0107 
         140  1 0.0653 0.0310 0.0059 0.0072 0.0346 0.0141 0.0174 0.8244 
         142  1 0.0534 0.0227 0.0111 0.0048 0.8864 0.0069 0.0068 0.0080 
         144  1 0.0073 0.0071 0.0041 0.0043 0.0056 0.0044 0.0050 0.9622 
         145  1 0.1585 0.0079 0.0060 0.0174 0.7787 0.0093 0.0082 0.0140 
         147  1 0.0060 0.0040 0.0039 0.0101 0.0152 0.0073 0.0058 0.9477 
         160  1 0.0055 0.0077 0.9608 0.0043 0.0042 0.0071 0.0059 0.0046 
        162*  1 0.0056 0.0059 0.0129 0.0062 0.0061 0.9520 0.0051 0.0061 
         166  1 0.9272 0.0091 0.0046 0.0170 0.0088 0.0055 0.0049 0.0229 
         177  1 0.0064 0.0041 0.0039 0.0037 0.9700 0.0038 0.0039 0.0042 
         178  1 0.0402 0.0079 0.0254 0.0385 0.8500 0.0130 0.0116 0.0135 
         186  1 0.0051 0.9694 0.0050 0.0032 0.0041 0.0054 0.0044 0.0035 
         189  1 0.0049 0.0065 0.0122 0.0049 0.0076 0.9535 0.0061 0.0043 
         190  1 0.0313 0.0613 0.0888 0.0572 0.0141 0.7229 0.0157 0.0086 
         191  1 0.0143 0.3109 0.0200 0.0085 0.0252 0.5698 0.0110 0.0403 
         193  1 0.2625 0.0397 0.0206 0.0165 0.5957 0.0204 0.0146 0.0300 
         202  1 0.1089 0.0162 0.3542 0.1318 0.0148 0.2697 0.0944 0.0099 
         204  1 0.0058 0.3673 0.0104 0.0040 0.0037 0.5980 0.0048 0.0061 
         211  1 0.6175 0.0137 0.1373 0.0459 0.0523 0.0090 0.0258 0.0984 
         216  1 0.2343 0.0054 0.0216 0.0262 0.0305 0.0071 0.0063 0.6685 
         222  1 0.0118 0.0044 0.0073 0.0150 0.0125 0.0184 0.0311 0.8995 
         224  1 0.0055 0.0070 0.0132 0.0049 0.0059 0.9471 0.0075 0.0089 
         226  1 0.0118 0.9511 0.0050 0.0054 0.0046 0.0075 0.0096 0.0050 
         229  1 0.0357 0.0295 0.0741 0.3020 0.0381 0.4619 0.0317 0.0270 
         230  1 0.0119 0.0436 0.0390 0.0341 0.0498 0.7790 0.0250 0.0177 
         232  1 0.2438 0.1430 0.3122 0.0287 0.1049 0.1110 0.0352 0.0212 
         238  1 0.0587 0.0070 0.0085 0.1358 0.1476 0.0347 0.5713 0.0364 
         242  1 0.0079 0.0067 0.0041 0.0335 0.0040 0.0074 0.9293 0.0070 
         243  1 0.1051 0.0219 0.0076 0.0715 0.0214 0.0088 0.7438 0.0198 
         244  1 0.0276 0.0062 0.0107 0.1198 0.1291 0.0158 0.6836 0.0072 
         251  1 0.0302 0.0105 0.1361 0.1511 0.0262 0.0370 0.5947 0.0141 
         266  1 0.2633 0.0101 0.0061 0.1236 0.4141 0.0091 0.1614 0.0124 
         267  1 0.0767 0.0423 0.0065 0.0143 0.0103 0.0138 0.0145 0.8216 
         268  1 0.3004 0.0072 0.0395 0.0994 0.3744 0.0050 0.0089 0.1652 
         270  1 0.0084 0.0188 0.0197 0.0076 0.0061 0.9202 0.0083 0.0109 
         276  1 0.0665 0.2575 0.0197 0.0140 0.0462 0.5406 0.0193 0.0363 
         298  1 0.0744 0.0196 0.0131 0.0401 0.1745 0.0075 0.0120 0.6588 
         306  1 0.8376 0.0099 0.0064 0.0229 0.0755 0.0111 0.0195 0.0172 
         308  1 0.0391 0.0082 0.0938 0.0248 0.6956 0.0133 0.0349 0.0903 
         311  1 0.3019 0.0090 0.0284 0.0996 0.0306 0.0336 0.1016 0.3952 
         323  1 0.0058 0.9584 0.0049 0.0048 0.0046 0.0069 0.0075 0.0071 
         327  1 0.0330 0.0227 0.2406 0.0342 0.0078 0.6253 0.0224 0.0140 
         334  1 0.0059 0.0035 0.0061 0.8718 0.0044 0.0058 0.0958 0.0067 
         338  1 0.2735 0.0319 0.0288 0.0571 0.0502 0.0399 0.0240 0.4945 
         341  1 0.0379 0.9184 0.0075 0.0063 0.0053 0.0075 0.0114 0.0057 
         346  1 0.7120 0.0114 0.0367 0.0066 0.2103 0.0092 0.0076 0.0062 
         348  1 0.0220 0.0075 0.0059 0.0144 0.2291 0.0086 0.0192 0.6931 
         351  1 0.4031 0.0132 0.0449 0.1987 0.0127 0.0095 0.3076 0.0102 
         362  1 0.0088 0.1478 0.0682 0.0078 0.0054 0.7481 0.0063 0.0075 
         364  1 0.0279 0.0103 0.0107 0.0344 0.0116 0.0056 0.8913 0.0082 
         366  1 0.0310 0.0099 0.0075 0.0291 0.0065 0.0159 0.8788 0.0213 
         376  1 0.0155 0.9115 0.0155 0.0053 0.0172 0.0249 0.0066 0.0036 
         377  1 0.0387 0.0237 0.3745 0.0137 0.0190 0.4384 0.0191 0.0730 
         378  1 0.0130 0.0142 0.9349 0.0051 0.0153 0.0068 0.0048 0.0059 
         388  1 0.1812 0.0105 0.0329 0.0341 0.0120 0.0126 0.0161 0.7006 
         391  1 0.3070 0.4549 0.1811 0.0106 0.0134 0.0080 0.0120 0.0130 
         401  1 0.0266 0.1453 0.0116 0.1234 0.2297 0.2881 0.1658 0.0095 
         406  1 0.6473 0.0832 0.0150 0.0354 0.0337 0.0143 0.0663 0.1047 
         412  1 0.6426 0.0238 0.0407 0.0309 0.0616 0.0310 0.0262 0.1432 
         413  1 0.1047 0.0051 0.0080 0.2005 0.5788 0.0406 0.0236 0.0387 
         421  1 0.0397 0.0186 0.0089 0.0173 0.0393 0.8413 0.0155 0.0194 
         423  1 0.0098 0.0109 0.0105 0.0146 0.0121 0.8742 0.0244 0.0435 
         424  1 0.6878 0.1851 0.0268 0.0146 0.0329 0.0122 0.0220 0.0186 
         426  1 0.1024 0.1031 0.6779 0.0207 0.0241 0.0323 0.0266 0.0129 
         430  1 0.7952 0.0230 0.0111 0.0200 0.1116 0.0118 0.0059 0.0213 
         435  1 0.0548 0.0046 0.0137 0.0041 0.8878 0.0076 0.0045 0.0228 
         476  1 0.0121 0.7695 0.0142 0.0107 0.0237 0.1400 0.0251 0.0046 
         478  1 0.0181 0.7022 0.0165 0.0115 0.0070 0.2047 0.0296 0.0104 
         484  1 0.2618 0.0182 0.0101 0.0128 0.0331 0.0071 0.0068 0.6501 
         489  1 0.0667 0.0065 0.6513 0.0072 0.0104 0.0503 0.0059 0.2017 
         492  1 0.0102 0.0038 0.0039 0.8787 0.0047 0.0037 0.0888 0.0061 
         493  1 0.0101 0.0069 0.0102 0.0099 0.0079 0.0077 0.9395 0.0078 
         494  1 0.0064 0.0094 0.0373 0.0550 0.0084 0.0211 0.8547 0.0076 
         500  1 0.0060 0.0497 0.0081 0.0044 0.0041 0.9149 0.0083 0.0044 
         504  1 0.0754 0.0111 0.0526 0.0850 0.0188 0.0430 0.0368 0.6773 
         506  1 0.0066 0.0160 0.0052 0.0041 0.0041 0.0151 0.0049 0.9440 
