          1*  1 0.0250 0.0158 0.8866 0.0555 0.0088 0.0084 
           3  1 0.0075 0.9699 0.0055 0.0057 0.0053 0.0062 
           6  1 0.0142 0.9360 0.0061 0.0086 0.0147 0.0204 
           8  1 0.0087 0.0085 0.0118 0.0134 0.0040 0.9536 
          10  1 0.0046 0.0117 0.0102 0.9080 0.0054 0.0601 
          11  1 0.0225 0.0290 0.7523 0.0268 0.0802 0.0891 
          12  1 0.0047 0.0062 0.0045 0.9731 0.0054 0.0061 
          16  1 0.0049 0.9597 0.0065 0.0069 0.0060 0.0160 
          18  1 0.0066 0.0088 0.9623 0.0074 0.0047 0.0101 
          19  1 0.0602 0.0156 0.8002 0.0143 0.0513 0.0584 
          21  1 0.0058 0.9399 0.0064 0.0080 0.0077 0.0323 
          23  1 0.0175 0.0362 0.0130 0.7918 0.1247 0.0167 
          24  1 0.0092 0.0142 0.2993 0.5270 0.0411 0.1093 
          25  1 0.0104 0.0693 0.0224 0.7856 0.0197 0.0926 
         26*  1 0.0111 0.1811 0.0315 0.2612 0.0062 0.5090 
          28  1 0.0063 0.0312 0.0081 0.1250 0.0082 0.8213 
          29  1 0.0065 0.0074 0.0159 0.9247 0.0054 0.0400 
          30  1 0.4551 0.2240 0.0370 0.0896 0.0104 0.1840 
          33  1 0.0146 0.0064 0.9436 0.0060 0.0244 0.0050 
          37  1 0.0075 0.0113 0.9260 0.0381 0.0081 0.0090 
          38  1 0.0047 0.0093 0.9566 0.0137 0.0046 0.0111 
          43  1 0.0101 0.0320 0.0098 0.8022 0.0086 0.1373 
          44  1 0.0134 0.1812 0.0062 0.0061 0.0054 0.7877 
          48  1 0.0070 0.0143 0.9585 0.0088 0.0048 0.0067 
          55  1 0.0227 0.0923 0.0124 0.0131 0.0107 0.8487 
          59  1 0.0075 0.9698 0.0064 0.0044 0.0047 0.0072 
          60  1 0.2076 0.0293 0.1624 0.2313 0.3631 0.0063 
          61  1 0.0584 0.0131 0.0081 0.0080 0.9026 0.0098 
          62  1 0.0174 0.0139 0.0213 0.0246 0.9053 0.0175 
          65  1 0.0221 0.0054 0.9461 0.0062 0.0121 0.0081 
          73  1 0.8447 0.0085 0.0117 0.1124 0.0075 0.0151 
          75  1 0.0800 0.0100 0.0160 0.0041 0.8844 0.0055 
          76  1 0.0078 0.0051 0.0040 0.0080 0.9703 0.0048 
          77  1 0.0069 0.0050 0.0060 0.0094 0.9683 0.0045 
          78  1 0.8273 0.0059 0.0109 0.0177 0.1254 0.0128 
          79  1 0.0787 0.0040 0.0105 0.0041 0.8952 0.0075 
          84  1 0.0222 0.8719 0.0148 0.0224 0.0282 0.0404 
          85  1 0.0108 0.0081 0.0099 0.0068 0.0073 0.9570 
          86  1 0.0163 0.0048 0.0227 0.0161 0.0094 0.9307 
          89  1 0.0153 0.6314 0.0298 0.2522 0.0547 0.0167 
          94  1 0.0051 0.0067 0.0106 0.9646 0.0050 0.0080 
          95  1 0.0172 0.9373 0.0125 0.0069 0.0075 0.0186 
          96  1 0.0066 0.0064 0.0056 0.0109 0.0063 0.9641 
          98  1 0.7148 0.0094 0.0093 0.0147 0.2442 0.0076 
         102  1 0.0095 0.0345 0.9104 0.0224 0.0158 0.0074 
         105  1 0.9664 0.0069 0.0097 0.0054 0.0051 0.0065 
         106  1 0.3190 0.1496 0.0283 0.0058 0.4645 0.0327 
         108  1 0.8723 0.0101 0.0678 0.0100 0.0275 0.0124 
         109  1 0.9491 0.0096 0.0077 0.0056 0.0159 0.0121 
         112  1 0.0151 0.0190 0.0379 0.0718 0.5653 0.2909 
         115  1 0.0264 0.0124 0.8642 0.0708 0.0124 0.0138 
         116  1 0.0136 0.0084 0.0108 0.0070 0.0073 0.9530 
         117  1 0.0259 0.7441 0.0176 0.1244 0.0201 0.0678 
         129  1 0.0073 0.0532 0.0081 0.0096 0.0040 0.9177 
         132  1 0.0859 0.0222 0.2890 0.5092 0.0866 0.0070 
         133  1 0.6750 0.0117 0.0085 0.0100 0.2893 0.0055 
         137  1 0.0317 0.0136 0.0092 0.0223 0.9144 0.0089 
         139  1 0.0411 0.0122 0.0250 0.0065 0.9058 0.0094 
         140  1 0.9352 0.0170 0.0091 0.0055 0.0223 0.0109 
         142  1 0.0101 0.0170 0.0070 0.0102 0.9493 0.0065 
         144  1 0.9726 0.0070 0.0055 0.0043 0.0058 0.0049 
         145  1 0.0140 0.0101 0.0080 0.0065 0.9514 0.0098 
         147  1 0.9677 0.0041 0.0064 0.0043 0.0086 0.0089 
         160  1 0.0043 0.0082 0.0061 0.9686 0.0047 0.0082 
        162*  1 0.0068 0.0061 0.0052 0.0131 0.0072 0.9615 
         166  1 0.6439 0.0151 0.0104 0.0089 0.3145 0.0073 
         177  1 0.0055 0.0039 0.0042 0.0039 0.9787 0.0038 
         178  1 0.0339 0.0077 0.0187 0.0234 0.9027 0.0137 
         186  1 0.0039 0.9766 0.0041 0.0049 0.0043 0.0062 
         189  1 0.0039 0.0064 0.0058 0.0103 0.0081 0.9655 
         190  1 0.0129 0.0503 0.0224 0.1010 0.0192 0.7942 
         191  1 0.0343 0.2915 0.0099 0.0197 0.0294 0.6152 
         193  1 0.0317 0.0454 0.0134 0.0247 0.8658 0.0190 
         202  1 0.0098 0.0212 0.1030 0.5836 0.0204 0.2620 
         204  1 0.0060 0.2567 0.0048 0.0082 0.0043 0.7201 
         211  1 0.4071 0.0150 0.0385 0.3733 0.1584 0.0078 
         216  1 0.9046 0.0053 0.0071 0.0247 0.0515 0.0067 
         222  1 0.9190 0.0045 0.0276 0.0076 0.0124 0.0290 
         224  1 0.0077 0.0067 0.0073 0.0122 0.0065 0.9596 
         226  1 0.0062 0.9657 0.0091 0.0058 0.0055 0.0078 
         229  1 0.0786 0.0325 0.1230 0.0472 0.0787 0.6400 
         230  1 0.0186 0.0311 0.0230 0.0224 0.0423 0.8625 
         232  1 0.0316 0.2065 0.0407 0.3867 0.2239 0.1105 
         238  1 0.0491 0.0071 0.6558 0.0128 0.2319 0.0432 
         242  1 0.0067 0.0063 0.9720 0.0043 0.0042 0.0065 
         243  1 0.0463 0.0319 0.8577 0.0100 0.0439 0.0101 
         244  1 0.0103 0.0072 0.8197 0.0102 0.1361 0.0164 
         251  1 0.0224 0.0109 0.7514 0.1402 0.0308 0.0443 
         266  1 0.0203 0.0132 0.1924 0.0090 0.7566 0.0084 
         267  1 0.9238 0.0318 0.0124 0.0081 0.0103 0.0137 
         268  1 0.5988 0.0075 0.0127 0.0444 0.3317 0.0050 
         270  1 0.0105 0.0166 0.0082 0.0149 0.0067 0.9431 
         276  1 0.0393 0.2369 0.0202 0.0225 0.0765 0.6045 
         298  1 0.8057 0.0158 0.0115 0.0107 0.1491 0.0070 
         306  1 0.1562 0.0107 0.0645 0.0183 0.7419 0.0084 
         308  1 0.1945 0.0087 0.0372 0.1027 0.6418 0.0151 
         311  1 0.7136 0.0103 0.1316 0.0372 0.0731 0.0343 
         323  1 0.0066 0.9687 0.0070 0.0047 0.0047 0.0081 
         327  1 0.0204 0.0215 0.0260 0.3489 0.0094 0.5738 
         334  1 0.0219 0.0041 0.9487 0.0075 0.0097 0.0081 
         338  1 0.8203 0.0316 0.0236 0.0288 0.0734 0.0223 
         341  1 0.0068 0.9635 0.0075 0.0083 0.0069 0.0070 
         346  1 0.0179 0.0181 0.0089 0.0683 0.8761 0.0108 
         348  1 0.8095 0.0068 0.0173 0.0057 0.1514 0.0093 
         351  1 0.0218 0.0173 0.8393 0.0774 0.0355 0.0087 
         362  1 0.0073 0.0708 0.0062 0.0381 0.0062 0.8715 
         364  1 0.0110 0.0111 0.9473 0.0106 0.0141 0.0057 
         366  1 0.0256 0.0150 0.9188 0.0099 0.0115 0.0192 
         376  1 0.0046 0.9304 0.0065 0.0135 0.0193 0.0257 
         377  1 0.0607 0.0263 0.0182 0.4794 0.0195 0.3959 
         378  1 0.0067 0.0134 0.0048 0.9537 0.0144 0.0070 
         388  1 0.9268 0.0097 0.0127 0.0282 0.0115 0.0110 
         391  1 0.0175 0.6197 0.0104 0.3131 0.0330 0.0063 
         401  1 0.0134 0.1239 0.2761 0.0102 0.2354 0.3410 
         406  1 0.5093 0.1699 0.0646 0.0340 0.2057 0.0165 
         412  1 0.5484 0.0336 0.0287 0.0708 0.2853 0.0332 
         413  1 0.0282 0.0049 0.0340 0.0104 0.8874 0.0351 
         421  1 0.0278 0.0202 0.0197 0.0125 0.0656 0.8541 
         423  1 0.0304 0.0103 0.0235 0.0119 0.0143 0.9096 
         424  1 0.0664 0.5393 0.0366 0.0858 0.2600 0.0119 
         426  1 0.0132 0.0929 0.0217 0.8168 0.0271 0.0284 
         430  1 0.1315 0.0419 0.0107 0.0223 0.7781 0.0155 
         435  1 0.0301 0.0047 0.0044 0.0119 0.9430 0.0059 
         476  1 0.0057 0.7615 0.0250 0.0146 0.0187 0.1744 
         478  1 0.0124 0.7223 0.0275 0.0170 0.0083 0.2124 
         484  1 0.8970 0.0166 0.0075 0.0110 0.0614 0.0066 
         489  1 0.1379 0.0071 0.0059 0.7936 0.0087 0.0468 
         492  1 0.0201 0.0055 0.9398 0.0075 0.0199 0.0072 
         493  1 0.0098 0.0073 0.9531 0.0128 0.0093 0.0077 
         494  1 0.0075 0.0113 0.9119 0.0382 0.0081 0.0230 
         500  1 0.0047 0.0326 0.0067 0.0089 0.0046 0.9426 
         504  1 0.8632 0.0093 0.0326 0.0350 0.0179 0.0420 
         506  1 0.9400 0.0192 0.0055 0.0060 0.0050 0.0243 
