

----------------------------------------------------
STRUCTURE by Pritchard, Stephens and Donnelly (2000)
     and Falush, Stephens and Pritchard (2003)
       Code by Pritchard, Falush and Hubisz
             Version 2.3.4 (Jul 2012)
----------------------------------------------------



Command line arguments:   bin\structure -m M:\STRUCTURE\Squirrel_133_ID_14L_20250816\10k_Burnin_100k_MCMC\mainparams -e M:\STRUCTURE\Squirrel_133_ID_14L_20250816\10k_Burnin_100k_MCMC\extraparams 
Input File:    M:\STRUCTURE\Squirrel_133_ID_14L_20250816\project_data

Run parameters:
   133 individuals
   14 loci
   4 populations assumed
   10000 Burn-in period
   100000 Reps


--------------------------------------------
Proportion of membership of each pre-defined
 population in each of the 4 clusters

Given    Inferred Clusters              Number of
 Pop       1      2      3      4      Individuals

  1:     0.186  0.208  0.193  0.413      133
--------------------------------------------

Allele-freq. divergence among pops (Net nucleotide distance),
computed using point estimates of P.

      1       2       3       4      
 1      -    0.0557  0.0475  0.0621  
 2   0.0557     -    0.0558  0.0555  
 3   0.0475  0.0558     -    0.0406  
 4   0.0621  0.0555  0.0406     -    

Average distances (expected heterozygosity) between individuals in same cluster:
cluster  1  : 0.5721 
cluster  2  : 0.5941 
cluster  3  : 0.6649 
cluster  4  : 0.5435 

--------------------------------------------
Estimated Ln Prob of Data   = -4415.4
Mean value of ln likelihood = -4286.1
Variance of ln likelihood   = 258.7
Mean value of alpha         = 0.0415

Mean value of lambda        = 1.0143

Mean value of Fst_1         = 0.1612
Mean value of Fst_2         = 0.1524
Mean value of Fst_3         = 0.0412
Mean value of Fst_4         = 0.1563


Inferred ancestry of individuals:
        Label (%Miss) Pop:  Inferred clusters (and 90% probability intervals)
  1       1*    (0)    1 :  0.025 0.010 0.949 0.016     (0.000,0.166) (0.000,0.062) (0.706,1.000) (0.000,0.102) 
  2        3    (0)    1 :  0.015 0.009 0.010 0.967     (0.000,0.092) (0.000,0.051) (0.000,0.053) (0.804,1.000) 
  3        6    (0)    1 :  0.014 0.027 0.007 0.952     (0.000,0.087) (0.000,0.197) (0.000,0.039) (0.714,1.000) 
  4        8    (0)    1 :  0.014 0.004 0.014 0.969     (0.000,0.087) (0.000,0.021) (0.000,0.077) (0.814,1.000) 
  5       10    (0)    1 :  0.005 0.007 0.009 0.979     (0.000,0.028) (0.000,0.036) (0.000,0.042) (0.878,1.000) 
  6       11    (0)    1 :  0.018 0.057 0.818 0.107     (0.000,0.107) (0.000,0.415) (0.000,1.000) (0.000,0.709) 
  7       12    (0)    1 :  0.007 0.043 0.019 0.931     (0.000,0.035) (0.000,0.259) (0.000,0.093) (0.594,1.000) 
  8       16    (7)    1 :  0.006 0.007 0.009 0.978     (0.000,0.030) (0.000,0.040) (0.000,0.047) (0.871,1.000) 
  9       18    (0)    1 :  0.007 0.004 0.979 0.009     (0.000,0.038) (0.000,0.024) (0.876,1.000) (0.000,0.052) 
 10       19    (0)    1 :  0.052 0.033 0.888 0.027     (0.000,0.376) (0.000,0.240) (0.408,1.000) (0.000,0.190) 
 11       21    (7)    1 :  0.007 0.013 0.009 0.971     (0.000,0.041) (0.000,0.079) (0.000,0.050) (0.828,1.000) 
 12       23    (7)    1 :  0.027 0.366 0.023 0.584     (0.000,0.185) (0.000,1.000) (0.000,0.136) (0.000,1.000) 
 13       24    (7)    1 :  0.010 0.039 0.520 0.430     (0.000,0.058) (0.000,0.289) (0.000,1.000) (0.000,1.000) 
 14       25    (7)    1 :  0.018 0.064 0.044 0.875     (0.000,0.117) (0.000,0.428) (0.000,0.313) (0.444,1.000) 
 15      26*    (0)    1 :  0.006 0.005 0.017 0.972     (0.000,0.029) (0.000,0.030) (0.000,0.116) (0.840,1.000) 
 16       28    (0)    1 :  0.006 0.006 0.006 0.982     (0.000,0.031) (0.000,0.031) (0.000,0.033) (0.896,1.000) 
 17       29    (0)    1 :  0.006 0.007 0.025 0.961     (0.000,0.032) (0.000,0.036) (0.000,0.128) (0.797,1.000) 
 18       30    (0)    1 :  0.453 0.010 0.036 0.501     (0.000,1.000) (0.000,0.048) (0.000,0.228) (0.000,1.000) 
 19       33    (0)    1 :  0.014 0.021 0.960 0.005     (0.000,0.091) (0.000,0.149) (0.765,1.000) (0.000,0.027) 
 20       37    (0)    1 :  0.007 0.009 0.970 0.014     (0.000,0.037) (0.000,0.048) (0.823,1.000) (0.000,0.087) 
 21       38    (0)    1 :  0.005 0.004 0.978 0.012     (0.000,0.027) (0.000,0.023) (0.874,1.000) (0.000,0.073) 
 22       43    (0)    1 :  0.006 0.010 0.019 0.965     (0.000,0.032) (0.000,0.061) (0.000,0.124) (0.798,1.000) 
 23       44    (0)    1 :  0.016 0.006 0.008 0.970     (0.000,0.107) (0.000,0.033) (0.000,0.042) (0.823,1.000) 
 24       48    (0)    1 :  0.008 0.004 0.980 0.009     (0.000,0.040) (0.000,0.022) (0.881,1.000) (0.000,0.049) 
 25       55    (0)    1 :  0.019 0.010 0.009 0.961     (0.000,0.140) (0.000,0.062) (0.000,0.050) (0.771,1.000) 
 26       59    (0)    1 :  0.015 0.007 0.013 0.965     (0.000,0.097) (0.000,0.040) (0.000,0.071) (0.799,1.000) 
 27       60    (0)    1 :  0.200 0.608 0.172 0.019     (0.000,1.000) (0.000,1.000) (0.000,1.000) (0.000,0.133) 
 28       61    (0)    1 :  0.042 0.942 0.008 0.009     (0.000,0.308) (0.654,1.000) (0.000,0.043) (0.000,0.049) 
 29       62    (0)    1 :  0.017 0.939 0.022 0.023     (0.000,0.103) (0.658,1.000) (0.000,0.143) (0.000,0.145) 
 30       65    (0)    1 :  0.018 0.011 0.965 0.006     (0.000,0.126) (0.000,0.070) (0.797,1.000) (0.000,0.035) 
 31       73    (0)    1 :  0.943 0.010 0.016 0.032     (0.688,1.000) (0.000,0.050) (0.000,0.104) (0.000,0.226) 
 32       75    (0)    1 :  0.127 0.846 0.021 0.006     (0.000,0.728) (0.213,1.000) (0.000,0.142) (0.000,0.032) 
 33       76    (0)    1 :  0.007 0.984 0.004 0.005     (0.000,0.037) (0.906,1.000) (0.000,0.023) (0.000,0.025) 
 34       77    (0)    1 :  0.006 0.983 0.006 0.005     (0.000,0.030) (0.905,1.000) (0.000,0.031) (0.000,0.025) 
 35       78    (0)    1 :  0.852 0.125 0.012 0.011     (0.278,1.000) (0.000,0.698) (0.000,0.069) (0.000,0.064) 
 36       79    (0)    1 :  0.077 0.908 0.011 0.005     (0.000,0.441) (0.541,1.000) (0.000,0.068) (0.000,0.025) 
 37       84    (0)    1 :  0.016 0.035 0.012 0.937     (0.000,0.106) (0.000,0.256) (0.000,0.071) (0.661,1.000) 
 38       85    (0)    1 :  0.016 0.014 0.031 0.940     (0.000,0.110) (0.000,0.084) (0.000,0.207) (0.668,1.000) 
 39       86    (0)    1 :  0.042 0.027 0.063 0.868     (0.000,0.296) (0.000,0.199) (0.000,0.435) (0.424,1.000) 
 40       89    (0)    1 :  0.015 0.043 0.025 0.917     (0.000,0.088) (0.000,0.307) (0.000,0.171) (0.572,1.000) 
 41       94    (0)    1 :  0.005 0.008 0.103 0.884     (0.000,0.026) (0.000,0.040) (0.000,0.895) (0.019,1.000) 
 42       95    (0)    1 :  0.030 0.015 0.024 0.931     (0.000,0.223) (0.000,0.095) (0.000,0.135) (0.619,1.000) 
 43       96    (0)    1 :  0.009 0.009 0.007 0.975     (0.000,0.053) (0.000,0.053) (0.000,0.035) (0.851,1.000) 
 44       98    (0)    1 :  0.531 0.449 0.010 0.009     (0.000,1.000) (0.000,1.000) (0.000,0.054) (0.000,0.048) 
 45      102    (0)    1 :  0.008 0.017 0.955 0.019     (0.000,0.047) (0.000,0.124) (0.748,1.000) (0.000,0.132) 
 46      105    (0)    1 :  0.980 0.005 0.009 0.006     (0.886,1.000) (0.000,0.026) (0.000,0.051) (0.000,0.032) 
 47      106    (0)    1 :  0.365 0.505 0.047 0.082     (0.000,1.000) (0.000,1.000) (0.000,0.351) (0.000,0.413) 
 48      108    (0)    1 :  0.907 0.024 0.059 0.010     (0.523,1.000) (0.000,0.165) (0.000,0.395) (0.000,0.058) 
 49      109    (0)    1 :  0.969 0.014 0.008 0.010     (0.812,1.000) (0.000,0.087) (0.000,0.041) (0.000,0.057) 
 50      112    (0)    1 :  0.014 0.640 0.040 0.307     (0.000,0.081) (0.000,1.000) (0.000,0.270) (0.000,1.000) 
 51      115    (0)    1 :  0.025 0.013 0.938 0.024     (0.000,0.176) (0.000,0.073) (0.639,1.000) (0.000,0.150) 
 52      116    (0)    1 :  0.037 0.011 0.025 0.927     (0.000,0.279) (0.000,0.061) (0.000,0.175) (0.611,1.000) 
 53      117    (0)    1 :  0.018 0.020 0.009 0.954     (0.000,0.102) (0.000,0.132) (0.000,0.049) (0.724,1.000) 
 54      129    (0)    1 :  0.006 0.004 0.006 0.984     (0.000,0.032) (0.000,0.020) (0.000,0.030) (0.910,1.000) 
 55      132    (0)    1 :  0.153 0.193 0.586 0.068     (0.000,0.964) (0.000,0.999) (0.000,1.000) (0.000,0.484) 
 56      133    (0)    1 :  0.504 0.480 0.009 0.007     (0.000,1.000) (0.000,1.000) (0.000,0.045) (0.000,0.033) 
 57      137    (7)    1 :  0.024 0.956 0.008 0.012     (0.000,0.147) (0.745,1.000) (0.000,0.042) (0.000,0.067) 
 58      139    (0)    1 :  0.074 0.885 0.032 0.010     (0.000,0.565) (0.316,1.000) (0.000,0.221) (0.000,0.061) 
 59      140    (0)    1 :  0.960 0.020 0.009 0.011     (0.767,1.000) (0.000,0.134) (0.000,0.049) (0.000,0.061) 
 60      142    (0)    1 :  0.009 0.976 0.006 0.009     (0.000,0.051) (0.856,1.000) (0.000,0.031) (0.000,0.051) 
 61      144    (0)    1 :  0.984 0.006 0.005 0.005     (0.906,1.000) (0.000,0.031) (0.000,0.028) (0.000,0.025) 
 62      145    (0)    1 :  0.014 0.968 0.008 0.010     (0.000,0.088) (0.813,1.000) (0.000,0.043) (0.000,0.054) 
 63      147    (0)    1 :  0.981 0.008 0.006 0.005     (0.886,1.000) (0.000,0.045) (0.000,0.031) (0.000,0.026) 
 64      160    (0)    1 :  0.007 0.007 0.024 0.962     (0.000,0.033) (0.000,0.036) (0.000,0.096) (0.815,1.000) 
 65     162*    (0)    1 :  0.010 0.010 0.007 0.973     (0.000,0.059) (0.000,0.056) (0.000,0.038) (0.843,1.000) 
 66      166    (0)    1 :  0.505 0.477 0.009 0.008     (0.000,1.000) (0.000,1.000) (0.000,0.045) (0.000,0.044) 
 67      177    (0)    1 :  0.007 0.985 0.005 0.004     (0.000,0.033) (0.916,1.000) (0.000,0.024) (0.000,0.019) 
 68      178    (0)    1 :  0.026 0.947 0.015 0.012     (0.000,0.193) (0.703,1.000) (0.000,0.097) (0.000,0.071) 
 69      186    (0)    1 :  0.006 0.008 0.009 0.977     (0.000,0.032) (0.000,0.047) (0.000,0.048) (0.862,1.000) 
 70      189    (0)    1 :  0.005 0.011 0.008 0.976     (0.000,0.027) (0.000,0.065) (0.000,0.040) (0.861,1.000) 
 71      190    (0)    1 :  0.008 0.011 0.012 0.969     (0.000,0.042) (0.000,0.062) (0.000,0.064) (0.823,1.000) 
 72      191    (0)    1 :  0.019 0.011 0.007 0.964     (0.000,0.135) (0.000,0.066) (0.000,0.035) (0.783,1.000) 
 73      193    (0)    1 :  0.026 0.909 0.013 0.052     (0.000,0.189) (0.486,1.000) (0.000,0.076) (0.000,0.372) 
 74      202    (0)    1 :  0.018 0.043 0.174 0.765     (0.000,0.126) (0.000,0.304) (0.000,0.884) (0.000,1.000) 
 75      204    (0)    1 :  0.005 0.004 0.004 0.986     (0.000,0.028) (0.000,0.020) (0.000,0.022) (0.922,1.000) 
 76      211    (0)    1 :  0.533 0.370 0.066 0.031     (0.000,1.000) (0.000,1.000) (0.000,0.539) (0.000,0.233) 
 77      216    (0)    1 :  0.904 0.079 0.009 0.007     (0.425,1.000) (0.000,0.554) (0.000,0.047) (0.000,0.041) 
 78      222    (0)    1 :  0.949 0.013 0.031 0.007     (0.706,1.000) (0.000,0.074) (0.000,0.214) (0.000,0.031) 
 79      224    (0)    1 :  0.014 0.009 0.013 0.963     (0.000,0.094) (0.000,0.051) (0.000,0.072) (0.784,1.000) 
 80      226    (0)    1 :  0.012 0.015 0.046 0.927     (0.000,0.071) (0.000,0.095) (0.000,0.324) (0.600,1.000) 
 81      229    (0)    1 :  0.055 0.031 0.116 0.797     (0.000,0.397) (0.000,0.224) (0.000,0.778) (0.013,1.000) 
 82      230    (0)    1 :  0.019 0.036 0.023 0.922     (0.000,0.129) (0.000,0.246) (0.000,0.134) (0.648,1.000) 
 83      232    (0)    1 :  0.018 0.089 0.018 0.874     (0.000,0.118) (0.000,0.577) (0.000,0.088) (0.322,1.000) 
 84      238    (0)    1 :  0.041 0.220 0.719 0.019     (0.000,0.303) (0.000,0.731) (0.141,1.000) (0.000,0.132) 
 85      242    (0)    1 :  0.007 0.004 0.984 0.006     (0.000,0.036) (0.000,0.021) (0.905,1.000) (0.000,0.031) 
 86      243    (0)    1 :  0.041 0.048 0.893 0.018     (0.000,0.304) (0.000,0.341) (0.499,1.000) (0.000,0.115) 
 87      244    (0)    1 :  0.010 0.112 0.865 0.013     (0.000,0.057) (0.000,0.534) (0.448,1.000) (0.000,0.083) 
 88      251    (0)    1 :  0.023 0.035 0.894 0.049     (0.000,0.147) (0.000,0.257) (0.463,1.000) (0.000,0.367) 
 89      266    (0)    1 :  0.015 0.813 0.164 0.008     (0.000,0.092) (0.314,1.000) (0.000,0.658) (0.000,0.047) 
 90      267    (0)    1 :  0.958 0.013 0.012 0.017     (0.750,1.000) (0.000,0.068) (0.000,0.073) (0.000,0.114) 
 91      268    (0)    1 :  0.481 0.498 0.013 0.008     (0.000,1.000) (0.000,1.000) (0.000,0.073) (0.000,0.044) 
 92      270    (0)    1 :  0.014 0.007 0.011 0.968     (0.000,0.087) (0.000,0.041) (0.000,0.059) (0.812,1.000) 
 93      276    (0)    1 :  0.034 0.027 0.013 0.926     (0.000,0.251) (0.000,0.199) (0.000,0.074) (0.598,1.000) 
 94      298    (7)    1 :  0.781 0.197 0.013 0.009     (0.000,1.000) (0.000,1.000) (0.000,0.070) (0.000,0.049) 
 95      306    (0)    1 :  0.104 0.839 0.050 0.007     (0.000,0.661) (0.158,1.000) (0.000,0.376) (0.000,0.036) 
 96      308    (0)    1 :  0.191 0.748 0.039 0.022     (0.000,0.911) (0.000,1.000) (0.000,0.284) (0.000,0.160) 
 97      311    (7)    1 :  0.729 0.085 0.155 0.031     (0.000,1.000) (0.000,0.611) (0.000,0.962) (0.000,0.229) 
 98      323    (0)    1 :  0.015 0.011 0.017 0.957     (0.000,0.098) (0.000,0.065) (0.000,0.096) (0.750,1.000) 
 99      327    (0)    1 :  0.013 0.008 0.015 0.964     (0.000,0.080) (0.000,0.046) (0.000,0.085) (0.790,1.000) 
100      334    (0)    1 :  0.021 0.010 0.963 0.006     (0.000,0.134) (0.000,0.063) (0.788,1.000) (0.000,0.031) 
101      338    (0)    1 :  0.834 0.090 0.027 0.048     (0.173,1.000) (0.000,0.587) (0.000,0.162) (0.000,0.368) 
102      341    (0)    1 :  0.019 0.044 0.032 0.904     (0.000,0.108) (0.000,0.301) (0.000,0.222) (0.536,1.000) 
103      346    (0)    1 :  0.014 0.959 0.008 0.019     (0.000,0.065) (0.778,1.000) (0.000,0.039) (0.000,0.100) 
104      348    (0)    1 :  0.842 0.135 0.015 0.007     (0.003,1.000) (0.000,0.916) (0.000,0.093) (0.000,0.039) 
105      351    (0)    1 :  0.018 0.034 0.931 0.018     (0.000,0.111) (0.000,0.240) (0.608,1.000) (0.000,0.112) 
106      362    (0)    1 :  0.007 0.005 0.005 0.983     (0.000,0.034) (0.000,0.026) (0.000,0.028) (0.900,1.000) 
107      364    (0)    1 :  0.009 0.014 0.969 0.008     (0.000,0.053) (0.000,0.089) (0.815,1.000) (0.000,0.043) 
108      366    (0)    1 :  0.029 0.014 0.942 0.015     (0.000,0.207) (0.000,0.083) (0.666,1.000) (0.000,0.088) 
109      376    (0)    1 :  0.005 0.011 0.008 0.975     (0.000,0.025) (0.000,0.068) (0.000,0.048) (0.855,1.000) 
110      377    (7)    1 :  0.101 0.031 0.023 0.845     (0.000,0.500) (0.000,0.194) (0.000,0.137) (0.358,1.000) 
111      378    (0)    1 :  0.008 0.023 0.007 0.962     (0.000,0.042) (0.000,0.130) (0.000,0.033) (0.795,1.000) 
112      388    (0)    1 :  0.950 0.021 0.014 0.015     (0.716,1.000) (0.000,0.109) (0.000,0.086) (0.000,0.092) 
113      391    (0)    1 :  0.042 0.240 0.030 0.688     (0.000,0.303) (0.000,0.948) (0.000,0.197) (0.000,1.000) 
114      401    (0)    1 :  0.015 0.174 0.294 0.517     (0.000,0.089) (0.000,0.630) (0.000,0.997) (0.000,0.967) 
115      406    (0)    1 :  0.486 0.366 0.085 0.062     (0.000,1.000) (0.000,1.000) (0.000,0.729) (0.000,0.475) 
116      412    (7)    1 :  0.457 0.443 0.028 0.072     (0.000,1.000) (0.000,1.000) (0.000,0.165) (0.000,0.565) 
117      413    (0)    1 :  0.026 0.923 0.039 0.011     (0.000,0.185) (0.588,1.000) (0.000,0.280) (0.000,0.067) 
118      421    (0)    1 :  0.037 0.068 0.023 0.873     (0.000,0.273) (0.000,0.441) (0.000,0.153) (0.457,1.000) 
119      423    (0)    1 :  0.121 0.030 0.082 0.766     (0.000,0.659) (0.000,0.217) (0.000,0.617) (0.000,1.000) 
120      424    (0)    1 :  0.108 0.675 0.058 0.159     (0.000,0.729) (0.000,1.000) (0.000,0.425) (0.000,0.999) 
121      426    (0)    1 :  0.014 0.032 0.018 0.936     (0.000,0.081) (0.000,0.221) (0.000,0.112) (0.636,1.000) 
122      430    (7)    1 :  0.101 0.869 0.010 0.020     (0.000,0.619) (0.318,1.000) (0.000,0.048) (0.000,0.127) 
123      435    (0)    1 :  0.024 0.965 0.004 0.006     (0.000,0.171) (0.795,1.000) (0.000,0.021) (0.000,0.033) 
124      476    (0)    1 :  0.006 0.008 0.019 0.966     (0.000,0.037) (0.000,0.048) (0.000,0.134) (0.810,1.000) 
125      478    (0)    1 :  0.007 0.006 0.009 0.978     (0.000,0.041) (0.000,0.031) (0.000,0.052) (0.870,1.000) 
126      484    (0)    1 :  0.834 0.149 0.007 0.010     (0.000,1.000) (0.000,0.992) (0.000,0.036) (0.000,0.059) 
127      489    (0)    1 :  0.294 0.051 0.018 0.637     (0.000,1.000) (0.000,0.370) (0.000,0.089) (0.000,1.000) 
128      492   (14)    1 :  0.019 0.019 0.956 0.007     (0.000,0.112) (0.000,0.121) (0.745,1.000) (0.000,0.033) 
129      493    (0)    1 :  0.008 0.009 0.974 0.008     (0.000,0.047) (0.000,0.054) (0.847,1.000) (0.000,0.049) 
130      494    (0)    1 :  0.007 0.008 0.960 0.024     (0.000,0.042) (0.000,0.042) (0.765,1.000) (0.000,0.179) 
131      500    (0)    1 :  0.005 0.004 0.007 0.983     (0.000,0.026) (0.000,0.023) (0.000,0.035) (0.905,1.000) 
132      504    (0)    1 :  0.858 0.033 0.059 0.049     (0.358,1.000) (0.000,0.212) (0.000,0.388) (0.000,0.345) 
133      506    (0)    1 :  0.976 0.005 0.005 0.014     (0.859,1.000) (0.000,0.024) (0.000,0.025) (0.000,0.087) 


Estimated Allele Frequencies in each cluster
First column gives estimated ancestral frequencies


Locus 1 : Rsu5 
5 alleles
0.0% missing data
 137   (0.690) 0.591 0.795 0.658 0.952 
 135   (0.099) 0.021 0.078 0.100 0.021 
 139   (0.126) 0.015 0.074 0.201 0.023 
 133   (0.028) 0.003 0.003 0.022 0.001 
 131   (0.058) 0.370 0.051 0.020 0.003 

Locus 2 : Scv1 
5 alleles
0.0% missing data
 181   (0.504) 0.368 0.351 0.613 0.762 
 179   (0.205) 0.151 0.263 0.207 0.088 
 177   (0.118) 0.228 0.141 0.068 0.044 
 185   (0.142) 0.251 0.242 0.076 0.105 
 171   (0.031) 0.003 0.003 0.036 0.002 

Locus 3 : Rsu4 
9 alleles
0.0% missing data
 267   (0.205) 0.150 0.052 0.288 0.186 
 263   (0.315) 0.353 0.495 0.273 0.455 
 259   (0.033) 0.003 0.003 0.011 0.192 
 287   (0.172) 0.233 0.175 0.135 0.139 
 275   (0.050) 0.005 0.014 0.087 0.002 
 279   (0.077) 0.015 0.147 0.091 0.007 
 283   (0.078) 0.231 0.105 0.049 0.004 
 291   (0.040) 0.005 0.005 0.030 0.015 
 271   (0.031) 0.003 0.003 0.036 0.001 

Locus 4 : Rsu6 
5 alleles
0.0% missing data
 120   (0.253) 0.150 0.267 0.230 0.327 
 126   (0.614) 0.831 0.718 0.637 0.505 
 124   (0.069) 0.011 0.009 0.058 0.157 
 130   (0.039) 0.004 0.004 0.065 0.002 
 114   (0.026) 0.004 0.003 0.009 0.009 

Locus 5 : Scv23 
3 alleles
0.8% missing data
 158   (0.505) 0.689 0.560 0.476 0.557 
 164   (0.225) 0.156 0.088 0.267 0.190 
 160   (0.270) 0.156 0.352 0.257 0.253 

Locus 6 : Scv13 
5 alleles
0.0% missing data
 182   (0.713) 0.877 0.732 0.707 0.888 
 180   (0.080) 0.009 0.009 0.103 0.091 
 172   (0.090) 0.090 0.156 0.066 0.004 
 184   (0.076) 0.020 0.012 0.101 0.014 
 174   (0.041) 0.005 0.091 0.023 0.002 

Locus 7 : Scv32 
18 alleles
0.8% missing data
 236   (0.037) 0.004 0.005 0.106 0.002 
 238   (0.057) 0.112 0.058 0.043 0.003 
 234   (0.115) 0.158 0.548 0.066 0.149 
 246   (0.038) 0.010 0.010 0.015 0.184 
 248   (0.093) 0.037 0.013 0.147 0.156 
 262   (0.099) 0.071 0.075 0.076 0.153 
 232   (0.193) 0.331 0.094 0.300 0.115 
 250   (0.031) 0.004 0.010 0.014 0.072 
 228   (0.028) 0.003 0.003 0.035 0.001 
 220   (0.030) 0.003 0.003 0.014 0.119 
 264   (0.059) 0.010 0.065 0.052 0.017 
 252   (0.046) 0.070 0.050 0.017 0.008 
 254   (0.048) 0.079 0.050 0.031 0.002 
 242   (0.027) 0.003 0.003 0.036 0.001 
 266   (0.026) 0.054 0.004 0.011 0.001 
 244   (0.031) 0.045 0.004 0.012 0.007 
 226   (0.022) 0.003 0.002 0.009 0.008 
 240   (0.021) 0.002 0.003 0.020 0.001 

Locus 8 : Scv8 
6 alleles
0.8% missing data
 200   (0.606) 0.675 0.532 0.662 0.768 
 202   (0.107) 0.090 0.065 0.137 0.005 
 194   (0.078) 0.009 0.133 0.040 0.102 
 204   (0.049) 0.005 0.006 0.035 0.049 
 198   (0.079) 0.010 0.018 0.084 0.072 
 188   (0.082) 0.210 0.245 0.042 0.004 

Locus 9 : Scv9 
5 alleles
0.0% missing data
 198   (0.311) 0.327 0.556 0.267 0.312 
 200   (0.337) 0.260 0.120 0.445 0.441 
 196   (0.269) 0.387 0.247 0.257 0.193 
 204   (0.057) 0.021 0.059 0.022 0.053 
 202   (0.026) 0.004 0.017 0.009 0.001 

Locus 10 : Rsu1 
6 alleles
0.0% missing data
 189   (0.335) 0.159 0.262 0.478 0.188 
 185   (0.269) 0.706 0.285 0.215 0.177 
 177   (0.090) 0.050 0.034 0.056 0.067 
 181   (0.236) 0.077 0.412 0.226 0.297 
 193   (0.035) 0.004 0.004 0.013 0.157 
 197   (0.034) 0.004 0.003 0.013 0.113 

Locus 11 : Scv14 
7 alleles
4.5% missing data
 196   (0.483) 0.598 0.633 0.437 0.858 
 198   (0.095) 0.054 0.112 0.115 0.005 
 194   (0.153) 0.064 0.136 0.176 0.056 
 202   (0.192) 0.276 0.098 0.227 0.072 
 204   (0.025) 0.003 0.003 0.021 0.001 
 190   (0.025) 0.003 0.003 0.012 0.007 
 200   (0.026) 0.003 0.015 0.012 0.001 

Locus 12 : Scv16 
7 alleles
0.0% missing data
 182   (0.371) 0.378 0.602 0.327 0.509 
 184   (0.419) 0.547 0.246 0.498 0.412 
 188   (0.075) 0.008 0.007 0.105 0.072 
 200   (0.025) 0.003 0.002 0.021 0.001 
 198   (0.044) 0.036 0.087 0.015 0.002 
 190   (0.041) 0.026 0.051 0.014 0.002 
 186   (0.025) 0.003 0.004 0.019 0.001 

Locus 13 : Scv31 
15 alleles
3.0% missing data
 193   (0.143) 0.206 0.075 0.132 0.155 
 201   (0.108) 0.053 0.012 0.176 0.053 
 187   (0.064) 0.107 0.008 0.029 0.236 
 207   (0.030) 0.003 0.003 0.010 0.143 
 195   (0.063) 0.187 0.020 0.024 0.064 
 185   (0.170) 0.216 0.355 0.148 0.088 
 189   (0.077) 0.009 0.008 0.165 0.035 
 205   (0.025) 0.003 0.003 0.021 0.001 
 191   (0.098) 0.018 0.462 0.059 0.186 
 197   (0.031) 0.136 0.003 0.011 0.004 
 199   (0.064) 0.048 0.038 0.063 0.003 
 203   (0.031) 0.003 0.003 0.051 0.002 
 209   (0.029) 0.003 0.003 0.036 0.001 
 213   (0.036) 0.004 0.004 0.065 0.002 
 181   (0.029) 0.003 0.003 0.010 0.027 

Locus 14 : Scv6 
8 alleles
0.0% missing data
 191   (0.115) 0.025 0.012 0.184 0.137 
 195   (0.345) 0.564 0.323 0.305 0.537 
 197   (0.189) 0.222 0.269 0.125 0.284 
 201   (0.084) 0.013 0.093 0.141 0.004 
 205   (0.030) 0.003 0.003 0.036 0.001 
 193   (0.103) 0.103 0.148 0.101 0.006 
 199   (0.103) 0.066 0.149 0.071 0.029 
 181   (0.030) 0.003 0.003 0.036 0.001 

Values of parameters used in structure:
DATAFILE=M:\STRUCTURE\Squirrel_133_ID_14L_20250816\project_data,	OUTFILE=M:\STRUCTURE\Squirrel_133_ID_14L_20250816\10k_Burnin_100k_MCMC\Results\10k_Burnin_100k_MCMC_run_91,	NUMINDS=133,	NUMLOCI=14,	MISSING=-9,	LABEL=1,	POPDATA=1,	POPFLAG=0,	PHENOTYPE=0,	EXTRACOLS=1,	MAXPOPS=4,	BURNIN=10000,	NUMREPS=100000,	USEPOPINFO=0,	INFERALPHA=1,	INFERLAMBDA=1,	POPSPECIFICLAMBDA=0,	POPALPHAS=0,	COMPUTEPROB=1,	NOADMIX=0,	ADMBURNIN=2500,	UPDATEFREQ=1,	PRINTLIKES=0,	INTERMEDSAVE=0,	PRINTKLD=0,	PRINTNET=0,	PRINTLAMBDA=0,	ANCESTDIST=1,	NUMBOXES=1000,	ANCESTPINT=0.90000,	GENSBACK=2,	MIGRPRIOR=0.05000,	PRINTQHAT=1,	PRINTQSUM=0,	ALPHA=1.0000,	FREQSCORR=1,	FPRIORMEAN=0.0100,	FPRIORSD=0.0500,	ONEFST=0,	LAMBDA=1.0000,	UNIFPRIORALPHA=1,	ALPHAMAX=10.0000,	ALPHAPRIORA=1.0000,	ALPHAPRIORB=2.0000,	ALPHAPROPSD=0.0250,	STARTATPOPINFO=0,	RANDOMIZE=1,	LINKAGE=0,	METROFREQ=10,	REPORTHITRATE=0,	MARKOVPHASE=-1,	PHASED=0,	PLOIDY=2,	PHASEINFO=0	LOCPRIOR=0, 	LOCPRIORINIT=1.000000, 	LOCDATA=0, 	LOCISPOP=0, 	LOCPRIORSTEP=0.100000, 	MAXLOCPRIOR=20.000000, 	SEED=1763714766,	
[STRAT parameters]:    NUMSIMSTATS=1000,	PHENOTYPECOL=-9,	POOLFREQ=10,	LOCUSxONLY=0,	EMERROR=0.00100,	MISSINGPHENO=-9,	