          1*  1 0.0370 0.0160 0.0053 0.0930 0.0452 0.0097 0.0159 0.7781 
           3  1 0.0054 0.0079 0.0045 0.0079 0.0044 0.0065 0.9581 0.0052 
           6  1 0.0082 0.0115 0.0109 0.0216 0.0064 0.0196 0.9161 0.0058 
           8  1 0.0238 0.0115 0.0036 0.0049 0.0149 0.9178 0.0096 0.0139 
          10  1 0.9106 0.0040 0.0045 0.0047 0.0174 0.0400 0.0112 0.0076 
          11  1 0.0239 0.0130 0.0500 0.0963 0.1183 0.1043 0.0266 0.5677 
          12  1 0.9632 0.0040 0.0048 0.0077 0.0041 0.0057 0.0062 0.0043 
          16  1 0.0074 0.0047 0.0054 0.0055 0.0048 0.0143 0.9517 0.0062 
          18  1 0.0067 0.0065 0.0044 0.0044 0.0047 0.0097 0.0077 0.9559 
          19  1 0.0134 0.0473 0.0472 0.0114 0.1135 0.0450 0.0142 0.7079 
          21  1 0.0069 0.0054 0.0077 0.0075 0.0068 0.0264 0.9334 0.0058 
          23  1 0.5259 0.0096 0.0403 0.3664 0.0113 0.0145 0.0201 0.0119 
          24  1 0.4167 0.0103 0.0311 0.0139 0.3273 0.0982 0.0207 0.0818 
          25  1 0.5527 0.0069 0.0087 0.2279 0.0218 0.1053 0.0615 0.0152 
         26*  1 0.2152 0.0079 0.0054 0.0113 0.0768 0.3820 0.2834 0.0180 
          28  1 0.1303 0.0061 0.0061 0.0127 0.0144 0.7822 0.0422 0.0060 
          29  1 0.9125 0.0059 0.0054 0.0048 0.0279 0.0251 0.0064 0.0121 
          30  1 0.1705 0.3810 0.0065 0.0311 0.0303 0.1439 0.2122 0.0245 
          33  1 0.0052 0.0128 0.0215 0.0150 0.0279 0.0048 0.0054 0.9073 
          37  1 0.0379 0.0065 0.0087 0.0113 0.0123 0.0090 0.0094 0.9050 
          38  1 0.0145 0.0055 0.0045 0.0049 0.0124 0.0100 0.0088 0.9394 
          43  1 0.7704 0.0090 0.0061 0.0159 0.0154 0.1410 0.0346 0.0075 
          44  1 0.0061 0.0156 0.0059 0.0052 0.0043 0.7602 0.1957 0.0071 
          48  1 0.0072 0.0064 0.0041 0.0050 0.0053 0.0058 0.0095 0.9568 
          55  1 0.0092 0.0164 0.0063 0.0395 0.0151 0.8222 0.0806 0.0106 
          59  1 0.0050 0.0078 0.0044 0.0074 0.0044 0.0079 0.9557 0.0074 
          60  1 0.0339 0.0086 0.0075 0.9226 0.0049 0.0045 0.0074 0.0105 
          61  1 0.0073 0.0564 0.4704 0.4223 0.0091 0.0126 0.0132 0.0087 
          62  1 0.0346 0.0190 0.6737 0.1785 0.0334 0.0215 0.0143 0.0251 
          65  1 0.0058 0.0235 0.0123 0.0139 0.0311 0.0084 0.0059 0.8990 
          73  1 0.1312 0.7895 0.0061 0.0309 0.0158 0.0113 0.0073 0.0079 
          75  1 0.0041 0.0318 0.9288 0.0047 0.0064 0.0051 0.0079 0.0111 
          76  1 0.0095 0.0061 0.9543 0.0124 0.0032 0.0047 0.0053 0.0044 
          77  1 0.0107 0.0052 0.7556 0.2041 0.0068 0.0047 0.0055 0.0074 
          78  1 0.0167 0.6788 0.2285 0.0336 0.0120 0.0115 0.0063 0.0126 
          79  1 0.0043 0.0583 0.8903 0.0100 0.0138 0.0084 0.0044 0.0105 
          84  1 0.0197 0.0111 0.0175 0.0374 0.0703 0.0251 0.8113 0.0075 
          85  1 0.0066 0.0113 0.0067 0.0084 0.0173 0.9311 0.0083 0.0102 
          86  1 0.0113 0.0149 0.0094 0.0100 0.0547 0.8788 0.0049 0.0160 
          89  1 0.2032 0.0119 0.0550 0.0576 0.0247 0.0174 0.6062 0.0240 
          94  1 0.9535 0.0054 0.0045 0.0060 0.0035 0.0084 0.0065 0.0122 
          95  1 0.0063 0.0129 0.0054 0.0184 0.0050 0.0178 0.9196 0.0147 
          96  1 0.0098 0.0061 0.0061 0.0054 0.0087 0.9523 0.0060 0.0056 
          98  1 0.0075 0.0751 0.0345 0.8218 0.0429 0.0066 0.0052 0.0064 
         102  1 0.0162 0.0073 0.0144 0.0151 0.0745 0.0074 0.0325 0.8326 
         105  1 0.0052 0.9606 0.0044 0.0047 0.0056 0.0046 0.0062 0.0086 
         106  1 0.0045 0.3422 0.4187 0.0278 0.0360 0.0282 0.1197 0.0228 
         108  1 0.0088 0.8239 0.0185 0.0344 0.0184 0.0096 0.0080 0.0785 
         109  1 0.0057 0.8535 0.0273 0.0689 0.0112 0.0140 0.0098 0.0096 
         112  1 0.0493 0.0103 0.1783 0.3152 0.0374 0.3557 0.0152 0.0384 
         115  1 0.0571 0.0214 0.0133 0.0473 0.1095 0.0139 0.0115 0.7260 
         116  1 0.0073 0.0189 0.0062 0.0056 0.0076 0.9325 0.0087 0.0131 
         117  1 0.1458 0.0193 0.0113 0.0341 0.0180 0.0541 0.7020 0.0154 
         129  1 0.0101 0.0072 0.0034 0.0070 0.0080 0.8825 0.0735 0.0083 
         132  1 0.1729 0.0099 0.0094 0.7158 0.0189 0.0062 0.0132 0.0536 
         133  1 0.0056 0.0713 0.0495 0.8235 0.0343 0.0044 0.0057 0.0057 
         137  1 0.0186 0.0162 0.3817 0.5389 0.0097 0.0117 0.0115 0.0118 
         139  1 0.0063 0.0109 0.9377 0.0062 0.0107 0.0080 0.0082 0.0119 
         140  1 0.0057 0.8437 0.0314 0.0547 0.0068 0.0120 0.0312 0.0145 
         142  1 0.0130 0.0083 0.8867 0.0496 0.0040 0.0072 0.0238 0.0074 
         144  1 0.0042 0.9607 0.0055 0.0083 0.0045 0.0042 0.0075 0.0051 
         145  1 0.0065 0.0148 0.7969 0.1376 0.0171 0.0099 0.0086 0.0086 
         147  1 0.0041 0.9436 0.0162 0.0061 0.0121 0.0077 0.0039 0.0064 
         160  1 0.9630 0.0042 0.0042 0.0051 0.0041 0.0066 0.0069 0.0059 
        162*  1 0.0118 0.0062 0.0063 0.0065 0.0093 0.9491 0.0057 0.0051 
         166  1 0.0044 0.0142 0.0063 0.9502 0.0059 0.0058 0.0085 0.0046 
         177  1 0.0043 0.0045 0.9694 0.0065 0.0035 0.0036 0.0043 0.0039 
         178  1 0.0270 0.0118 0.8490 0.0426 0.0398 0.0121 0.0078 0.0098 
         186  1 0.0053 0.0036 0.0039 0.0051 0.0033 0.0054 0.9693 0.0041 
         189  1 0.0110 0.0040 0.0084 0.0048 0.0048 0.9553 0.0060 0.0057 
         190  1 0.0651 0.0092 0.0130 0.0291 0.0656 0.7402 0.0621 0.0158 
         191  1 0.0200 0.0466 0.0257 0.0152 0.0064 0.5901 0.2862 0.0098 
         193  1 0.0225 0.0331 0.6211 0.2395 0.0153 0.0215 0.0319 0.0149 
         202  1 0.3915 0.0105 0.0161 0.0767 0.1222 0.2629 0.0167 0.1034 
         204  1 0.0092 0.0063 0.0040 0.0053 0.0040 0.5860 0.3805 0.0046 
         211  1 0.1477 0.1036 0.0596 0.6132 0.0247 0.0093 0.0143 0.0276 
         216  1 0.0245 0.6469 0.0323 0.2561 0.0211 0.0071 0.0052 0.0067 
         222  1 0.0063 0.9025 0.0120 0.0105 0.0134 0.0210 0.0045 0.0297 
         224  1 0.0115 0.0084 0.0062 0.0056 0.0047 0.9495 0.0065 0.0076 
         226  1 0.0051 0.0052 0.0048 0.0122 0.0046 0.0067 0.9514 0.0101 
         229  1 0.0819 0.0250 0.0387 0.0351 0.3267 0.4333 0.0312 0.0281 
         230  1 0.0361 0.0154 0.0490 0.0117 0.0246 0.7922 0.0413 0.0299 
         232  1 0.3324 0.0210 0.1058 0.2425 0.0203 0.1029 0.1392 0.0359 
         238  1 0.0095 0.0358 0.1550 0.0618 0.0773 0.0376 0.0071 0.6159 
         242  1 0.0042 0.0072 0.0038 0.0085 0.0348 0.0080 0.0066 0.9271 
         243  1 0.0076 0.0204 0.0202 0.1108 0.0310 0.0088 0.0248 0.7764 
         244  1 0.0104 0.0084 0.1346 0.0295 0.0925 0.0146 0.0069 0.7031 
         251  1 0.1549 0.0150 0.0269 0.0321 0.1304 0.0341 0.0094 0.5972 
         266  1 0.0055 0.0115 0.4148 0.2832 0.1186 0.0091 0.0111 0.1461 
         267  1 0.0066 0.8196 0.0097 0.0797 0.0107 0.0122 0.0458 0.0156 
         268  1 0.0426 0.1231 0.3813 0.3299 0.1025 0.0047 0.0066 0.0091 
         270  1 0.0178 0.0104 0.0058 0.0078 0.0079 0.9235 0.0184 0.0083 
         276  1 0.0211 0.0340 0.0433 0.0614 0.0109 0.5820 0.2303 0.0170 
         298  1 0.0144 0.6025 0.2060 0.0947 0.0398 0.0086 0.0204 0.0135 
         306  1 0.0062 0.0164 0.0739 0.8453 0.0161 0.0111 0.0106 0.0203 
         308  1 0.0973 0.0812 0.7017 0.0431 0.0200 0.0125 0.0078 0.0364 
         311  1 0.0314 0.4395 0.0337 0.2748 0.0803 0.0335 0.0094 0.0974 
         323  1 0.0047 0.0067 0.0043 0.0053 0.0047 0.0072 0.9595 0.0076 
         327  1 0.2246 0.0132 0.0087 0.0319 0.0318 0.6460 0.0212 0.0225 
         334  1 0.0058 0.0062 0.0041 0.0049 0.9632 0.0054 0.0035 0.0070 
         338  1 0.0324 0.5263 0.0494 0.2612 0.0349 0.0363 0.0310 0.0283 
         341  1 0.0073 0.0060 0.0053 0.0306 0.0059 0.0078 0.9259 0.0113 
         346  1 0.0398 0.0058 0.1896 0.7328 0.0059 0.0082 0.0104 0.0075 
         348  1 0.0064 0.7012 0.2224 0.0228 0.0144 0.0086 0.0077 0.0163 
         351  1 0.0490 0.0093 0.0134 0.4222 0.1625 0.0094 0.0142 0.3200 
         362  1 0.0611 0.0075 0.0050 0.0084 0.0066 0.7646 0.1412 0.0057 
         364  1 0.0112 0.0076 0.0113 0.0290 0.0293 0.0060 0.0109 0.8946 
         366  1 0.0069 0.0225 0.0063 0.0259 0.0122 0.0174 0.0109 0.8979 
         376  1 0.0135 0.0036 0.0183 0.0145 0.0050 0.0265 0.9122 0.0064 
         377  1 0.4103 0.0655 0.0189 0.0344 0.0119 0.4141 0.0246 0.0202 
         378  1 0.9384 0.0055 0.0142 0.0127 0.0053 0.0068 0.0124 0.0046 
         388  1 0.0343 0.7111 0.0124 0.1731 0.0305 0.0122 0.0117 0.0148 
         391  1 0.2071 0.0140 0.0131 0.2576 0.0064 0.0080 0.4798 0.0141 
         401  1 0.0118 0.0090 0.2295 0.0266 0.1117 0.2764 0.1532 0.1820 
         406  1 0.0166 0.0748 0.0317 0.7037 0.0155 0.0140 0.0875 0.0562 
         412  1 0.0416 0.0954 0.0518 0.7107 0.0187 0.0335 0.0226 0.0257 
         413  1 0.0079 0.0409 0.5892 0.0845 0.2131 0.0390 0.0049 0.0205 
         421  1 0.0099 0.0194 0.0389 0.0409 0.0134 0.8426 0.0182 0.0167 
         423  1 0.0105 0.0453 0.0124 0.0095 0.0067 0.8835 0.0108 0.0214 
         424  1 0.0307 0.0199 0.0320 0.6829 0.0111 0.0129 0.1867 0.0238 
         426  1 0.7120 0.0115 0.0222 0.0692 0.0219 0.0318 0.1034 0.0281 
         430  1 0.0123 0.0232 0.1233 0.7869 0.0150 0.0110 0.0226 0.0056 
         435  1 0.0153 0.0207 0.9002 0.0432 0.0039 0.0073 0.0048 0.0046 
         476  1 0.0137 0.0052 0.0248 0.0110 0.0094 0.1395 0.7657 0.0307 
         478  1 0.0192 0.0110 0.0077 0.0195 0.0114 0.2004 0.6977 0.0331 
         484  1 0.0100 0.5902 0.0321 0.3233 0.0125 0.0069 0.0178 0.0072 
         489  1 0.6516 0.1938 0.0084 0.0683 0.0059 0.0597 0.0063 0.0060 
         492  1 0.0041 0.0047 0.0044 0.0067 0.9668 0.0037 0.0038 0.0057 
         493  1 0.0094 0.0073 0.0076 0.0105 0.0055 0.0070 0.0066 0.9462 
         494  1 0.0356 0.0074 0.0088 0.0060 0.0377 0.0197 0.0099 0.8748 
         500  1 0.0091 0.0044 0.0039 0.0063 0.0054 0.9130 0.0495 0.0083 
         504  1 0.0445 0.6800 0.0202 0.0766 0.0949 0.0385 0.0122 0.0331 
         506  1 0.0050 0.9450 0.0040 0.0065 0.0041 0.0153 0.0153 0.0048 
