

----------------------------------------------------
STRUCTURE by Pritchard, Stephens and Donnelly (2000)
     and Falush, Stephens and Pritchard (2003)
       Code by Pritchard, Falush and Hubisz
             Version 2.3.4 (Jul 2012)
----------------------------------------------------



Command line arguments:   bin\structure -m M:\STRUCTURE\Squirrel_133_ID_14L_20250816\10k_Burnin_100k_MCMC\mainparams -e M:\STRUCTURE\Squirrel_133_ID_14L_20250816\10k_Burnin_100k_MCMC\extraparams 
Input File:    M:\STRUCTURE\Squirrel_133_ID_14L_20250816\project_data

Run parameters:
   133 individuals
   14 loci
   2 populations assumed
   10000 Burn-in period
   100000 Reps


--------------------------------------------
Proportion of membership of each pre-defined
 population in each of the 2 clusters

Given    Inferred Clusters       Number of
 Pop       1      2             Individuals

  1:     0.540  0.460             133
--------------------------------------------

Allele-freq. divergence among pops (Net nucleotide distance),
computed using point estimates of P.

      1       2      
 1      -    0.0312  
 2   0.0312     -    

Average distances (expected heterozygosity) between individuals in same cluster:
cluster  1  : 0.6502 
cluster  2  : 0.5516 

--------------------------------------------
Estimated Ln Prob of Data   = -4637.0
Mean value of ln likelihood = -4573.7
Variance of ln likelihood   = 126.6
Mean value of alpha         = 0.0491

Mean value of lambda        = 0.9247

Mean value of Fst_1         = 0.0245
Mean value of Fst_2         = 0.1303


Inferred ancestry of individuals:
        Label (%Miss) Pop:  Inferred clusters (and 90% probability intervals)
  1       1*    (0)    1 :  0.964 0.036     (0.736,1.000) (0.000,0.264) 
  2        3    (0)    1 :  0.013 0.987     (0.000,0.079) (0.921,1.000) 
  3        6    (0)    1 :  0.016 0.984     (0.000,0.100) (0.900,1.000) 
  4        8    (0)    1 :  0.011 0.989     (0.000,0.063) (0.937,1.000) 
  5       10    (0)    1 :  0.008 0.992     (0.000,0.046) (0.954,1.000) 
  6       11    (0)    1 :  0.608 0.392     (0.000,1.000) (0.000,1.000) 
  7       12    (0)    1 :  0.016 0.984     (0.000,0.084) (0.916,1.000) 
  8       16    (7)    1 :  0.009 0.991     (0.000,0.053) (0.947,1.000) 
  9       18    (0)    1 :  0.920 0.080     (0.085,1.000) (0.000,0.915) 
 10       19    (0)    1 :  0.956 0.044     (0.691,1.000) (0.000,0.309) 
 11       21    (7)    1 :  0.012 0.988     (0.000,0.070) (0.930,1.000) 
 12       23    (7)    1 :  0.144 0.856     (0.000,1.000) (0.000,1.000) 
 13       24    (7)    1 :  0.245 0.755     (0.000,1.000) (0.000,1.000) 
 14       25    (7)    1 :  0.033 0.967     (0.000,0.239) (0.761,1.000) 
 15      26*    (0)    1 :  0.008 0.992     (0.000,0.046) (0.954,1.000) 
 16       28    (0)    1 :  0.007 0.993     (0.000,0.044) (0.956,1.000) 
 17       29    (0)    1 :  0.012 0.988     (0.000,0.064) (0.936,1.000) 
 18       30    (0)    1 :  0.346 0.654     (0.000,1.000) (0.000,1.000) 
 19       33    (0)    1 :  0.992 0.008     (0.952,1.000) (0.000,0.048) 
 20       37    (0)    1 :  0.883 0.117     (0.014,1.000) (0.000,0.986) 
 21       38    (0)    1 :  0.826 0.174     (0.000,1.000) (0.000,1.000) 
 22       43    (0)    1 :  0.013 0.987     (0.000,0.076) (0.924,1.000) 
 23       44    (0)    1 :  0.011 0.989     (0.000,0.063) (0.937,1.000) 
 24       48    (0)    1 :  0.925 0.075     (0.056,1.000) (0.000,0.944) 
 25       55    (0)    1 :  0.017 0.983     (0.000,0.105) (0.895,1.000) 
 26       59    (0)    1 :  0.013 0.987     (0.000,0.077) (0.923,1.000) 
 27       60    (0)    1 :  0.978 0.022     (0.853,1.000) (0.000,0.147) 
 28       61    (0)    1 :  0.983 0.017     (0.900,1.000) (0.000,0.100) 
 29       62    (0)    1 :  0.848 0.152     (0.000,1.000) (0.000,1.000) 
 30       65    (0)    1 :  0.977 0.023     (0.869,1.000) (0.000,0.131) 
 31       73    (0)    1 :  0.951 0.049     (0.649,1.000) (0.000,0.351) 
 32       75    (0)    1 :  0.993 0.007     (0.963,1.000) (0.000,0.037) 
 33       76    (0)    1 :  0.987 0.013     (0.924,1.000) (0.000,0.076) 
 34       77    (0)    1 :  0.988 0.012     (0.928,1.000) (0.000,0.072) 
 35       78    (0)    1 :  0.990 0.010     (0.941,1.000) (0.000,0.059) 
 36       79    (0)    1 :  0.994 0.006     (0.965,1.000) (0.000,0.035) 
 37       84    (0)    1 :  0.022 0.978     (0.000,0.150) (0.850,1.000) 
 38       85    (0)    1 :  0.031 0.969     (0.000,0.215) (0.785,1.000) 
 39       86    (0)    1 :  0.083 0.917     (0.000,0.524) (0.476,1.000) 
 40       89    (0)    1 :  0.024 0.976     (0.000,0.155) (0.845,1.000) 
 41       94    (0)    1 :  0.015 0.985     (0.000,0.089) (0.911,1.000) 
 42       95    (0)    1 :  0.027 0.973     (0.000,0.180) (0.820,1.000) 
 43       96    (0)    1 :  0.011 0.989     (0.000,0.064) (0.936,1.000) 
 44       98    (0)    1 :  0.984 0.016     (0.903,1.000) (0.000,0.097) 
 45      102    (0)    1 :  0.925 0.075     (0.392,1.000) (0.000,0.608) 
 46      105    (0)    1 :  0.990 0.010     (0.944,1.000) (0.000,0.056) 
 47      106    (0)    1 :  0.939 0.061     (0.645,1.000) (0.000,0.355) 
 48      108    (0)    1 :  0.987 0.013     (0.923,1.000) (0.000,0.077) 
 49      109    (0)    1 :  0.970 0.030     (0.786,1.000) (0.000,0.214) 
 50      112    (0)    1 :  0.250 0.750     (0.000,1.000) (0.000,1.000) 
 51      115    (0)    1 :  0.858 0.142     (0.005,1.000) (0.000,0.995) 
 52      116    (0)    1 :  0.041 0.959     (0.000,0.287) (0.713,1.000) 
 53      117    (0)    1 :  0.024 0.976     (0.000,0.148) (0.852,1.000) 
 54      129    (0)    1 :  0.007 0.993     (0.000,0.038) (0.962,1.000) 
 55      132    (0)    1 :  0.936 0.064     (0.538,1.000) (0.000,0.462) 
 56      133    (0)    1 :  0.989 0.011     (0.937,1.000) (0.000,0.063) 
 57      137    (7)    1 :  0.965 0.035     (0.768,1.000) (0.000,0.232) 
 58      139    (0)    1 :  0.988 0.012     (0.926,1.000) (0.000,0.074) 
 59      140    (0)    1 :  0.970 0.030     (0.827,1.000) (0.000,0.173) 
 60      142    (0)    1 :  0.972 0.028     (0.802,1.000) (0.000,0.198) 
 61      144    (0)    1 :  0.991 0.009     (0.950,1.000) (0.000,0.050) 
 62      145    (0)    1 :  0.905 0.095     (0.115,1.000) (0.000,0.885) 
 63      147    (0)    1 :  0.992 0.008     (0.954,1.000) (0.000,0.046) 
 64      160    (0)    1 :  0.010 0.990     (0.000,0.050) (0.950,1.000) 
 65     162*    (0)    1 :  0.012 0.988     (0.000,0.071) (0.929,1.000) 
 66      166    (0)    1 :  0.987 0.013     (0.926,1.000) (0.000,0.074) 
 67      177    (0)    1 :  0.992 0.008     (0.955,1.000) (0.000,0.045) 
 68      178    (0)    1 :  0.979 0.021     (0.858,1.000) (0.000,0.142) 
 69      186    (0)    1 :  0.009 0.991     (0.000,0.055) (0.945,1.000) 
 70      189    (0)    1 :  0.010 0.990     (0.000,0.057) (0.943,1.000) 
 71      190    (0)    1 :  0.013 0.987     (0.000,0.075) (0.925,1.000) 
 72      191    (0)    1 :  0.014 0.986     (0.000,0.086) (0.914,1.000) 
 73      193    (0)    1 :  0.514 0.486     (0.000,1.000) (0.000,1.000) 
 74      202    (0)    1 :  0.100 0.900     (0.000,0.629) (0.371,1.000) 
 75      204    (0)    1 :  0.005 0.995     (0.000,0.029) (0.971,1.000) 
 76      211    (0)    1 :  0.968 0.032     (0.762,1.000) (0.000,0.238) 
 77      216    (0)    1 :  0.989 0.011     (0.932,1.000) (0.000,0.068) 
 78      222    (0)    1 :  0.990 0.010     (0.944,1.000) (0.000,0.056) 
 79      224    (0)    1 :  0.017 0.983     (0.000,0.098) (0.902,1.000) 
 80      226    (0)    1 :  0.026 0.974     (0.000,0.174) (0.826,1.000) 
 81      229    (0)    1 :  0.135 0.865     (0.000,0.828) (0.172,1.000) 
 82      230    (0)    1 :  0.047 0.953     (0.000,0.292) (0.708,1.000) 
 83      232    (0)    1 :  0.058 0.942     (0.000,0.400) (0.600,1.000) 
 84      238    (0)    1 :  0.982 0.018     (0.876,1.000) (0.000,0.124) 
 85      242    (0)    1 :  0.986 0.014     (0.924,1.000) (0.000,0.076) 
 86      243    (0)    1 :  0.980 0.020     (0.876,1.000) (0.000,0.124) 
 87      244    (0)    1 :  0.986 0.014     (0.908,1.000) (0.000,0.092) 
 88      251    (0)    1 :  0.944 0.056     (0.601,1.000) (0.000,0.399) 
 89      266    (0)    1 :  0.991 0.009     (0.947,1.000) (0.000,0.053) 
 90      267    (0)    1 :  0.963 0.037     (0.729,1.000) (0.000,0.271) 
 91      268    (0)    1 :  0.990 0.010     (0.941,1.000) (0.000,0.059) 
 92      270    (0)    1 :  0.013 0.987     (0.000,0.075) (0.925,1.000) 
 93      276    (0)    1 :  0.029 0.971     (0.000,0.206) (0.794,1.000) 
 94      298    (7)    1 :  0.989 0.011     (0.933,1.000) (0.000,0.067) 
 95      306    (0)    1 :  0.990 0.010     (0.938,1.000) (0.000,0.062) 
 96      308    (0)    1 :  0.983 0.017     (0.891,1.000) (0.000,0.109) 
 97      311    (7)    1 :  0.979 0.021     (0.868,1.000) (0.000,0.132) 
 98      323    (0)    1 :  0.017 0.983     (0.000,0.102) (0.898,1.000) 
 99      327    (0)    1 :  0.013 0.987     (0.000,0.076) (0.924,1.000) 
100      334    (0)    1 :  0.988 0.012     (0.928,1.000) (0.000,0.072) 
101      338    (0)    1 :  0.915 0.085     (0.265,1.000) (0.000,0.735) 
102      341    (0)    1 :  0.031 0.969     (0.000,0.202) (0.798,1.000) 
103      346    (0)    1 :  0.859 0.141     (0.000,1.000) (0.000,1.000) 
104      348    (0)    1 :  0.992 0.008     (0.954,1.000) (0.000,0.046) 
105      351    (0)    1 :  0.970 0.030     (0.787,1.000) (0.000,0.213) 
106      362    (0)    1 :  0.007 0.993     (0.000,0.037) (0.963,1.000) 
107      364    (0)    1 :  0.989 0.011     (0.935,1.000) (0.000,0.065) 
108      366    (0)    1 :  0.966 0.034     (0.768,1.000) (0.000,0.232) 
109      376    (0)    1 :  0.010 0.990     (0.000,0.054) (0.946,1.000) 
110      377    (7)    1 :  0.064 0.936     (0.000,0.412) (0.588,1.000) 
111      378    (0)    1 :  0.011 0.989     (0.000,0.058) (0.942,1.000) 
112      388    (0)    1 :  0.978 0.022     (0.855,1.000) (0.000,0.145) 
113      391    (0)    1 :  0.096 0.904     (0.000,0.700) (0.300,1.000) 
114      401    (0)    1 :  0.437 0.563     (0.000,1.000) (0.000,1.000) 
115      406    (0)    1 :  0.867 0.133     (0.000,1.000) (0.000,1.000) 
116      412    (7)    1 :  0.773 0.227     (0.000,1.000) (0.000,1.000) 
117      413    (0)    1 :  0.978 0.022     (0.856,1.000) (0.000,0.144) 
118      421    (0)    1 :  0.040 0.960     (0.000,0.291) (0.709,1.000) 
119      423    (0)    1 :  0.146 0.854     (0.000,1.000) (0.000,1.000) 
120      424    (0)    1 :  0.709 0.291     (0.000,1.000) (0.000,1.000) 
121      426    (0)    1 :  0.022 0.978     (0.000,0.132) (0.868,1.000) 
122      430    (7)    1 :  0.923 0.077     (0.399,1.000) (0.000,0.601) 
123      435    (0)    1 :  0.978 0.022     (0.849,1.000) (0.000,0.151) 
124      476    (0)    1 :  0.016 0.984     (0.000,0.110) (0.890,1.000) 
125      478    (0)    1 :  0.009 0.991     (0.000,0.052) (0.948,1.000) 
126      484    (0)    1 :  0.988 0.012     (0.926,1.000) (0.000,0.074) 
127      489    (0)    1 :  0.105 0.895     (0.000,1.000) (0.000,1.000) 
128      492   (14)    1 :  0.992 0.008     (0.953,1.000) (0.000,0.047) 
129      493    (0)    1 :  0.931 0.069     (0.491,1.000) (0.000,0.509) 
130      494    (0)    1 :  0.859 0.141     (0.016,1.000) (0.000,0.984) 
131      500    (0)    1 :  0.006 0.994     (0.000,0.035) (0.965,1.000) 
132      504    (0)    1 :  0.975 0.025     (0.830,1.000) (0.000,0.170) 
133      506    (0)    1 :  0.871 0.129     (0.354,1.000) (0.000,0.646) 


Estimated Allele Frequencies in each cluster
First column gives estimated ancestral frequencies


Locus 1 : Rsu5 
5 alleles
0.0% missing data
 137   (0.683) 0.679 0.932 
 135   (0.082) 0.067 0.027 
 139   (0.108) 0.102 0.033 
 133   (0.022) 0.010 0.002 
 131   (0.105) 0.142 0.006 

Locus 2 : Scv1 
5 alleles
0.0% missing data
 181   (0.455) 0.447 0.730 
 179   (0.197) 0.212 0.096 
 177   (0.137) 0.135 0.066 
 185   (0.184) 0.190 0.106 
 171   (0.028) 0.017 0.002 

Locus 3 : Rsu4 
9 alleles
0.0% missing data
 267   (0.175) 0.171 0.177 
 263   (0.344) 0.356 0.471 
 259   (0.029) 0.007 0.172 
 287   (0.177) 0.181 0.139 
 275   (0.044) 0.040 0.004 
 279   (0.080) 0.087 0.012 
 283   (0.090) 0.128 0.005 
 291   (0.033) 0.013 0.017 
 271   (0.027) 0.016 0.002 

Locus 4 : Rsu6 
5 alleles
0.0% missing data
 120   (0.235) 0.217 0.319 
 126   (0.649) 0.722 0.524 
 124   (0.057) 0.027 0.146 
 130   (0.037) 0.029 0.003 
 114   (0.022) 0.006 0.008 

Locus 5 : Scv23 
3 alleles
0.8% missing data
 158   (0.544) 0.565 0.564 
 164   (0.193) 0.177 0.184 
 160   (0.264) 0.258 0.252 

Locus 6 : Scv13 
5 alleles
0.0% missing data
 182   (0.739) 0.764 0.885 
 180   (0.068) 0.040 0.092 
 172   (0.084) 0.104 0.006 
 184   (0.064) 0.050 0.014 
 174   (0.045) 0.043 0.002 

Locus 7 : Scv32 
18 alleles
0.8% missing data
 236   (0.040) 0.047 0.002 
 238   (0.053) 0.072 0.003 
 234   (0.195) 0.262 0.158 
 246   (0.034) 0.013 0.166 
 248   (0.079) 0.065 0.154 
 262   (0.080) 0.068 0.150 
 232   (0.179) 0.235 0.127 
 250   (0.024) 0.007 0.069 
 228   (0.023) 0.016 0.002 
 220   (0.026) 0.008 0.108 
 264   (0.051) 0.039 0.026 
 252   (0.049) 0.044 0.010 
 254   (0.043) 0.053 0.002 
 242   (0.024) 0.016 0.002 
 266   (0.027) 0.022 0.002 
 244   (0.033) 0.020 0.008 
 226   (0.019) 0.005 0.008 
 240   (0.019) 0.010 0.001 

Locus 8 : Scv8 
6 alleles
0.8% missing data
 200   (0.611) 0.621 0.764 
 202   (0.081) 0.099 0.006 
 194   (0.087) 0.060 0.103 
 204   (0.035) 0.012 0.050 
 198   (0.065) 0.038 0.071 
 188   (0.120) 0.169 0.007 

Locus 9 : Scv9 
5 alleles
0.0% missing data
 198   (0.360) 0.387 0.323 
 200   (0.290) 0.280 0.419 
 196   (0.269) 0.287 0.207 
 204   (0.059) 0.035 0.050 
 202   (0.022) 0.010 0.001 

Locus 10 : Rsu1 
6 alleles
0.0% missing data
 189   (0.286) 0.309 0.197 
 185   (0.345) 0.401 0.188 
 177   (0.066) 0.041 0.067 
 181   (0.245) 0.234 0.305 
 193   (0.030) 0.007 0.141 
 197   (0.029) 0.007 0.102 

Locus 11 : Scv14 
7 alleles
4.5% missing data
 196   (0.541) 0.545 0.841 
 198   (0.078) 0.100 0.005 
 194   (0.127) 0.118 0.070 
 202   (0.188) 0.211 0.073 
 204   (0.022) 0.010 0.002 
 190   (0.022) 0.006 0.008 
 200   (0.022) 0.010 0.001 

Locus 12 : Scv16 
7 alleles
0.0% missing data
 182   (0.411) 0.432 0.511 
 184   (0.396) 0.425 0.413 
 188   (0.068) 0.044 0.070 
 200   (0.022) 0.010 0.001 
 198   (0.047) 0.048 0.003 
 190   (0.036) 0.029 0.002 
 186   (0.021) 0.010 0.001 

Locus 13 : Scv31 
15 alleles
3.0% missing data
 193   (0.126) 0.133 0.151 
 201   (0.085) 0.085 0.053 
 187   (0.065) 0.041 0.219 
 207   (0.025) 0.006 0.128 
 195   (0.076) 0.069 0.066 
 185   (0.179) 0.236 0.104 
 189   (0.072) 0.068 0.041 
 205   (0.020) 0.010 0.001 
 191   (0.161) 0.185 0.194 
 197   (0.046) 0.043 0.011 
 199   (0.042) 0.048 0.002 
 203   (0.028) 0.023 0.002 
 209   (0.024) 0.017 0.001 
 213   (0.031) 0.029 0.002 
 181   (0.022) 0.005 0.025 

Locus 14 : Scv6 
8 alleles
0.0% missing data
 191   (0.103) 0.081 0.131 
 195   (0.372) 0.384 0.535 
 197   (0.209) 0.203 0.276 
 201   (0.075) 0.089 0.007 
 205   (0.026) 0.016 0.002 
 193   (0.093) 0.120 0.009 
 199   (0.095) 0.091 0.037 
 181   (0.026) 0.016 0.002 

Values of parameters used in structure:
DATAFILE=M:\STRUCTURE\Squirrel_133_ID_14L_20250816\project_data,	OUTFILE=M:\STRUCTURE\Squirrel_133_ID_14L_20250816\10k_Burnin_100k_MCMC\Results\10k_Burnin_100k_MCMC_run_43,	NUMINDS=133,	NUMLOCI=14,	MISSING=-9,	LABEL=1,	POPDATA=1,	POPFLAG=0,	PHENOTYPE=0,	EXTRACOLS=1,	MAXPOPS=2,	BURNIN=10000,	NUMREPS=100000,	USEPOPINFO=0,	INFERALPHA=1,	INFERLAMBDA=1,	POPSPECIFICLAMBDA=0,	POPALPHAS=0,	COMPUTEPROB=1,	NOADMIX=0,	ADMBURNIN=2500,	UPDATEFREQ=1,	PRINTLIKES=0,	INTERMEDSAVE=0,	PRINTKLD=0,	PRINTNET=0,	PRINTLAMBDA=0,	ANCESTDIST=1,	NUMBOXES=1000,	ANCESTPINT=0.90000,	GENSBACK=2,	MIGRPRIOR=0.05000,	PRINTQHAT=1,	PRINTQSUM=0,	ALPHA=1.0000,	FREQSCORR=1,	FPRIORMEAN=0.0100,	FPRIORSD=0.0500,	ONEFST=0,	LAMBDA=1.0000,	UNIFPRIORALPHA=1,	ALPHAMAX=10.0000,	ALPHAPRIORA=1.0000,	ALPHAPRIORB=2.0000,	ALPHAPROPSD=0.0250,	STARTATPOPINFO=0,	RANDOMIZE=1,	LINKAGE=0,	METROFREQ=10,	REPORTHITRATE=0,	MARKOVPHASE=-1,	PHASED=0,	PLOIDY=2,	PHASEINFO=0	LOCPRIOR=0, 	LOCPRIORINIT=1.000000, 	LOCDATA=0, 	LOCISPOP=0, 	LOCPRIORSTEP=0.100000, 	MAXLOCPRIOR=20.000000, 	SEED=1763712255,	
[STRAT parameters]:    NUMSIMSTATS=1000,	PHENOTYPECOL=-9,	POOLFREQ=10,	LOCUSxONLY=0,	EMERROR=0.00100,	MISSINGPHENO=-9,	