          1*  1 0.0294 0.0136 0.0108 0.0138 0.0104 0.1770 0.0054 0.7159 0.0237 
           3  1 0.0059 0.0077 0.0089 0.9500 0.0065 0.0070 0.0042 0.0055 0.0043 
           6  1 0.0081 0.0148 0.0111 0.9020 0.0201 0.0214 0.0099 0.0060 0.0066 
           8  1 0.0241 0.0087 0.0124 0.0086 0.9105 0.0049 0.0037 0.0144 0.0127 
          10  1 0.9123 0.0047 0.0038 0.0099 0.0383 0.0053 0.0047 0.0073 0.0137 
          11  1 0.0222 0.1740 0.0110 0.0241 0.0956 0.0720 0.0379 0.5215 0.0417 
          12  1 0.9569 0.0067 0.0036 0.0067 0.0055 0.0078 0.0046 0.0046 0.0035 
          16  1 0.0081 0.0072 0.0047 0.9427 0.0153 0.0056 0.0049 0.0066 0.0051 
          18  1 0.0076 0.0088 0.0069 0.0075 0.0084 0.0041 0.0037 0.9491 0.0039 
          19  1 0.0139 0.0660 0.0484 0.0142 0.0489 0.0085 0.0617 0.7223 0.0163 
          21  1 0.0076 0.0105 0.0052 0.9238 0.0271 0.0069 0.0062 0.0060 0.0066 
          23  1 0.5030 0.1384 0.0092 0.0195 0.0152 0.2535 0.0382 0.0145 0.0086 
          24  1 0.4750 0.0226 0.0092 0.0198 0.1061 0.0194 0.0358 0.0742 0.2379 
          25  1 0.5366 0.0428 0.0066 0.0557 0.0972 0.2194 0.0069 0.0165 0.0183 
         26*  1 0.2427 0.0072 0.0066 0.2328 0.4232 0.0159 0.0048 0.0195 0.0474 
          28  1 0.1841 0.0077 0.0059 0.0531 0.7043 0.0155 0.0064 0.0061 0.0170 
          29  1 0.9102 0.0063 0.0061 0.0068 0.0254 0.0056 0.0054 0.0123 0.0219 
          30  1 0.2062 0.0181 0.3407 0.1826 0.1677 0.0313 0.0065 0.0268 0.0202 
          33  1 0.0054 0.0112 0.0151 0.0056 0.0047 0.0185 0.0377 0.8960 0.0057 
          37  1 0.0404 0.0092 0.0065 0.0096 0.0090 0.0111 0.0085 0.8920 0.0136 
          38  1 0.0145 0.0065 0.0055 0.0087 0.0105 0.0048 0.0041 0.9345 0.0109 
          43  1 0.7824 0.0073 0.0081 0.0306 0.1241 0.0176 0.0067 0.0080 0.0152 
          44  1 0.0063 0.0210 0.0181 0.2461 0.6881 0.0046 0.0045 0.0077 0.0035 
          48  1 0.0070 0.0071 0.0068 0.0108 0.0056 0.0047 0.0036 0.9498 0.0046 
          55  1 0.0090 0.0146 0.0152 0.0903 0.7925 0.0450 0.0077 0.0109 0.0148 
          59  1 0.0051 0.0068 0.0086 0.9494 0.0077 0.0066 0.0042 0.0071 0.0046 
          60  1 0.0236 0.0091 0.0056 0.0084 0.0045 0.9208 0.0092 0.0114 0.0074 
          61  1 0.0080 0.1311 0.0571 0.0157 0.0139 0.2360 0.5194 0.0098 0.0089 
          62  1 0.0392 0.7226 0.0101 0.0136 0.0165 0.0380 0.1213 0.0229 0.0158 
          65  1 0.0059 0.0115 0.0220 0.0055 0.0087 0.0160 0.0149 0.9003 0.0153 
          73  1 0.1410 0.0240 0.7386 0.0080 0.0112 0.0470 0.0055 0.0084 0.0163 
          75  1 0.0040 0.0070 0.0346 0.0074 0.0051 0.0049 0.9204 0.0108 0.0059 
          76  1 0.0108 0.0112 0.0058 0.0057 0.0051 0.0089 0.9451 0.0044 0.0029 
          77  1 0.0092 0.0112 0.0048 0.0054 0.0049 0.1607 0.7909 0.0068 0.0062 
          78  1 0.0158 0.0373 0.6038 0.0065 0.0119 0.0227 0.2794 0.0123 0.0104 
          79  1 0.0048 0.0302 0.0783 0.0046 0.0092 0.0081 0.8383 0.0132 0.0134 
          84  1 0.0197 0.0521 0.0096 0.7875 0.0251 0.0226 0.0086 0.0067 0.0681 
          85  1 0.0063 0.0163 0.0119 0.0084 0.9181 0.0083 0.0062 0.0095 0.0150 
          86  1 0.0128 0.0223 0.0148 0.0046 0.8787 0.0109 0.0082 0.0165 0.0312 
          89  1 0.1925 0.1168 0.0085 0.5672 0.0163 0.0388 0.0204 0.0194 0.0201 
          94  1 0.9458 0.0080 0.0052 0.0063 0.0089 0.0057 0.0043 0.0124 0.0033 
          95  1 0.0063 0.0088 0.0134 0.9103 0.0193 0.0184 0.0056 0.0137 0.0042 
          96  1 0.0096 0.0086 0.0055 0.0061 0.9481 0.0052 0.0061 0.0050 0.0059 
          98  1 0.0096 0.1912 0.0587 0.0053 0.0070 0.5952 0.0488 0.0074 0.0767 
         102  1 0.0167 0.0301 0.0063 0.0293 0.0074 0.0147 0.0110 0.8643 0.0202 
         105  1 0.0049 0.0046 0.9593 0.0052 0.0048 0.0047 0.0041 0.0073 0.0050 
         106  1 0.0045 0.2300 0.2223 0.1154 0.0201 0.0221 0.3431 0.0242 0.0184 
         108  1 0.0080 0.0097 0.8278 0.0077 0.0097 0.0437 0.0241 0.0587 0.0106 
         109  1 0.0070 0.0970 0.7308 0.0101 0.0162 0.0724 0.0448 0.0129 0.0088 
         112  1 0.0578 0.2695 0.0099 0.0130 0.3004 0.1428 0.1559 0.0397 0.0110 
         115  1 0.0610 0.0510 0.0180 0.0132 0.0121 0.0808 0.0144 0.7183 0.0311 
         116  1 0.0075 0.0467 0.0234 0.0099 0.8822 0.0045 0.0047 0.0133 0.0078 
         117  1 0.1534 0.0186 0.0188 0.6675 0.0620 0.0352 0.0124 0.0164 0.0157 
         129  1 0.0121 0.0053 0.0060 0.0727 0.8785 0.0069 0.0034 0.0080 0.0071 
         132  1 0.1144 0.0108 0.0072 0.0135 0.0062 0.7845 0.0087 0.0361 0.0187 
         133  1 0.0061 0.1778 0.0607 0.0063 0.0046 0.6124 0.0587 0.0059 0.0675 
         137  1 0.0185 0.0449 0.0118 0.0093 0.0106 0.4940 0.3916 0.0119 0.0074 
         139  1 0.0061 0.0093 0.0087 0.0082 0.0082 0.0060 0.9315 0.0122 0.0100 
         140  1 0.0056 0.0743 0.7467 0.0312 0.0158 0.0562 0.0486 0.0175 0.0042 
         142  1 0.0131 0.1858 0.0097 0.0372 0.0088 0.0232 0.7094 0.0091 0.0036 
         144  1 0.0040 0.0055 0.9575 0.0070 0.0041 0.0076 0.0055 0.0047 0.0042 
         145  1 0.0047 0.8793 0.0075 0.0064 0.0063 0.0225 0.0617 0.0062 0.0054 
         147  1 0.0044 0.0116 0.9168 0.0039 0.0083 0.0061 0.0308 0.0064 0.0118 
         160  1 0.9568 0.0047 0.0044 0.0070 0.0077 0.0052 0.0041 0.0063 0.0039 
        162*  1 0.0115 0.0109 0.0061 0.0056 0.9428 0.0051 0.0060 0.0053 0.0066 
         166  1 0.0049 0.0112 0.0177 0.0096 0.0055 0.9281 0.0115 0.0047 0.0067 
         177  1 0.0038 0.0055 0.0038 0.0041 0.0036 0.0053 0.9670 0.0037 0.0032 
         178  1 0.0282 0.0168 0.0115 0.0086 0.0129 0.0269 0.8516 0.0098 0.0336 
         186  1 0.0054 0.0047 0.0035 0.9643 0.0055 0.0052 0.0038 0.0043 0.0033 
         189  1 0.0128 0.0174 0.0040 0.0066 0.9379 0.0039 0.0066 0.0060 0.0047 
         190  1 0.0748 0.0276 0.0080 0.0533 0.7330 0.0237 0.0112 0.0174 0.0510 
         191  1 0.0182 0.1230 0.0333 0.3429 0.4431 0.0095 0.0152 0.0100 0.0047 
         193  1 0.0127 0.8603 0.0101 0.0186 0.0088 0.0315 0.0455 0.0082 0.0043 
         202  1 0.3615 0.1122 0.0093 0.0201 0.2722 0.0738 0.0117 0.0907 0.0484 
         204  1 0.0101 0.0057 0.0063 0.3142 0.6452 0.0059 0.0040 0.0048 0.0038 
         211  1 0.1160 0.0259 0.0621 0.0153 0.0089 0.6626 0.0720 0.0222 0.0150 
         216  1 0.0186 0.0104 0.5172 0.0048 0.0065 0.3902 0.0327 0.0053 0.0144 
         222  1 0.0057 0.2517 0.6661 0.0050 0.0145 0.0145 0.0080 0.0230 0.0115 
         224  1 0.0133 0.0377 0.0102 0.0076 0.9074 0.0051 0.0052 0.0089 0.0045 
         226  1 0.0049 0.0066 0.0048 0.9469 0.0074 0.0117 0.0049 0.0089 0.0038 
         229  1 0.0835 0.0690 0.0201 0.0256 0.4965 0.0243 0.0224 0.0276 0.2310 
         230  1 0.0315 0.0270 0.0167 0.0332 0.7962 0.0108 0.0529 0.0237 0.0080 
         232  1 0.2706 0.3591 0.0134 0.1188 0.0748 0.0738 0.0487 0.0326 0.0080 
         238  1 0.0083 0.1298 0.0361 0.0070 0.0408 0.0374 0.1339 0.5864 0.0203 
         242  1 0.0043 0.0073 0.0077 0.0058 0.0072 0.0091 0.0041 0.9289 0.0256 
         243  1 0.0076 0.0399 0.0148 0.0211 0.0089 0.0832 0.0212 0.7960 0.0074 
         244  1 0.0108 0.0436 0.0069 0.0068 0.0157 0.0246 0.2136 0.6623 0.0158 
         251  1 0.1340 0.1065 0.0130 0.0089 0.0377 0.0231 0.0230 0.6102 0.0435 
         266  1 0.0064 0.0731 0.0109 0.0105 0.0117 0.1954 0.4720 0.1588 0.0612 
         267  1 0.0064 0.0273 0.7353 0.0473 0.0155 0.1239 0.0112 0.0207 0.0124 
         268  1 0.0384 0.0162 0.0642 0.0066 0.0049 0.3467 0.4275 0.0082 0.0875 
         270  1 0.0216 0.0119 0.0138 0.0205 0.9015 0.0086 0.0055 0.0084 0.0082 
         276  1 0.0227 0.1114 0.0350 0.2958 0.4378 0.0308 0.0375 0.0181 0.0110 
         298  1 0.0136 0.0184 0.6032 0.0209 0.0075 0.1006 0.1932 0.0129 0.0296 
         306  1 0.0059 0.3453 0.0107 0.0075 0.0077 0.5884 0.0124 0.0141 0.0080 
         308  1 0.1047 0.0707 0.0820 0.0088 0.0141 0.0338 0.6339 0.0392 0.0129 
         311  1 0.0145 0.6651 0.1349 0.0075 0.0218 0.0760 0.0084 0.0545 0.0173 
         323  1 0.0048 0.0057 0.0076 0.9538 0.0077 0.0050 0.0040 0.0073 0.0041 
         327  1 0.2354 0.0265 0.0107 0.0225 0.6143 0.0413 0.0074 0.0209 0.0212 
         334  1 0.0059 0.0040 0.0061 0.0032 0.0049 0.0047 0.0044 0.0056 0.9612 
         338  1 0.0361 0.5672 0.1915 0.0198 0.0331 0.1068 0.0161 0.0201 0.0094 
         341  1 0.0070 0.0101 0.0059 0.9194 0.0076 0.0274 0.0059 0.0111 0.0056 
         346  1 0.0355 0.0149 0.0054 0.0127 0.0088 0.5248 0.3855 0.0075 0.0049 
         348  1 0.0071 0.1763 0.5888 0.0080 0.0086 0.0157 0.1624 0.0199 0.0131 
         351  1 0.0413 0.0278 0.0090 0.0150 0.0098 0.4954 0.0114 0.2351 0.1554 
         362  1 0.0689 0.0088 0.0068 0.1214 0.7710 0.0071 0.0051 0.0064 0.0045 
         364  1 0.0105 0.0152 0.0077 0.0103 0.0058 0.0269 0.0090 0.8948 0.0198 
         366  1 0.0082 0.0121 0.0207 0.0103 0.0163 0.0243 0.0066 0.8969 0.0047 
         376  1 0.0153 0.0173 0.0035 0.9016 0.0252 0.0094 0.0171 0.0063 0.0043 
         377  1 0.2558 0.2745 0.0460 0.0279 0.3460 0.0183 0.0102 0.0164 0.0050 
         378  1 0.9258 0.0125 0.0055 0.0128 0.0067 0.0136 0.0137 0.0047 0.0048 
         388  1 0.0404 0.0724 0.5315 0.0104 0.0143 0.2718 0.0130 0.0180 0.0284 
         391  1 0.1862 0.0971 0.0150 0.4715 0.0072 0.1943 0.0093 0.0151 0.0042 
         401  1 0.0132 0.1950 0.0085 0.1128 0.3123 0.0115 0.1107 0.1938 0.0422 
         406  1 0.0184 0.2667 0.0708 0.1239 0.0154 0.3885 0.0330 0.0749 0.0083 
         412  1 0.0273 0.6288 0.0283 0.0217 0.0232 0.2246 0.0195 0.0193 0.0073 
         413  1 0.0057 0.7451 0.0155 0.0040 0.0154 0.0149 0.0603 0.0195 0.1195 
         421  1 0.0119 0.1576 0.0161 0.0189 0.7184 0.0312 0.0216 0.0155 0.0088 
         423  1 0.0098 0.2380 0.0355 0.0165 0.6517 0.0072 0.0073 0.0270 0.0070 
         424  1 0.0211 0.3494 0.0193 0.2165 0.0113 0.3325 0.0174 0.0241 0.0083 
         426  1 0.6788 0.0568 0.0099 0.0878 0.0304 0.0732 0.0198 0.0263 0.0170 
         430  1 0.0119 0.5421 0.0211 0.0213 0.0100 0.3445 0.0279 0.0066 0.0147 
         435  1 0.0151 0.3135 0.0256 0.0053 0.0078 0.0173 0.6063 0.0051 0.0038 
         476  1 0.0131 0.0234 0.0043 0.7491 0.1435 0.0074 0.0240 0.0299 0.0054 
         478  1 0.0159 0.0156 0.0106 0.7141 0.1836 0.0157 0.0067 0.0292 0.0088 
         484  1 0.0105 0.0364 0.5338 0.0162 0.0074 0.3233 0.0485 0.0071 0.0170 
         489  1 0.5128 0.2750 0.1210 0.0069 0.0316 0.0352 0.0064 0.0061 0.0050 
         492  1 0.0038 0.0044 0.0042 0.0037 0.0033 0.0054 0.0038 0.0039 0.9675 
         493  1 0.0100 0.0143 0.0061 0.0065 0.0068 0.0083 0.0059 0.9378 0.0041 
         494  1 0.0365 0.0119 0.0077 0.0105 0.0195 0.0063 0.0069 0.8891 0.0115 
         500  1 0.0085 0.0080 0.0046 0.0577 0.8990 0.0060 0.0042 0.0090 0.0029 
         504  1 0.0628 0.0295 0.5842 0.0110 0.0500 0.1135 0.0246 0.0394 0.0850 
         506  1 0.0051 0.0084 0.9341 0.0137 0.0163 0.0100 0.0039 0.0049 0.0038 
