

----------------------------------------------------
STRUCTURE by Pritchard, Stephens and Donnelly (2000)
     and Falush, Stephens and Pritchard (2003)
       Code by Pritchard, Falush and Hubisz
             Version 2.3.4 (Jul 2012)
----------------------------------------------------



Command line arguments:   bin\structure -m M:\STRUCTURE\Squirrel_135_ID_14L_20250816\10k_Burnin_100k_MCMC\mainparams -e M:\STRUCTURE\Squirrel_135_ID_14L_20250816\10k_Burnin_100k_MCMC\extraparams 
Input File:    M:\STRUCTURE\Squirrel_135_ID_14L_20250816\project_data

Run parameters:
   135 individuals
   14 loci
   6 populations assumed
   10000 Burn-in period
   100000 Reps


--------------------------------------------
Proportion of membership of each pre-defined
 population in each of the 6 clusters

Given    Inferred Clusters                            Number of
 Pop       1      2      3      4      5      6      Individuals

  1:     0.185  0.128  0.189  0.177  0.176  0.145      135
--------------------------------------------

Allele-freq. divergence among pops (Net nucleotide distance),
computed using point estimates of P.

      1       2       3       4       5       6      
 1      -    0.0845  0.0719  0.0627  0.0644  0.0984  
 2   0.0845     -    0.0720  0.1126  0.0849  0.1007  
 3   0.0719  0.0720     -    0.0675  0.0527  0.0720  
 4   0.0627  0.1126  0.0675     -    0.0531  0.0931  
 5   0.0644  0.0849  0.0527  0.0531     -    0.0659  
 6   0.0984  0.1007  0.0720  0.0931  0.0659     -    

Average distances (expected heterozygosity) between individuals in same cluster:
cluster  1  : 0.5917 
cluster  2  : 0.4555 
cluster  3  : 0.5539 
cluster  4  : 0.5690 
cluster  5  : 0.6615 
cluster  6  : 0.4646 

--------------------------------------------
Estimated Ln Prob of Data   = -4309.9
Mean value of ln likelihood = -4130.0
Variance of ln likelihood   = 359.9
Mean value of alpha         = 0.0433

Mean value of lambda        = 0.9665

Mean value of Fst_1         = 0.1590
Mean value of Fst_2         = 0.2646
Mean value of Fst_3         = 0.1850
Mean value of Fst_4         = 0.1725
Mean value of Fst_5         = 0.0517
Mean value of Fst_6         = 0.2807


Inferred ancestry of individuals:
        Label (%Miss) Pop:  Inferred clusters (and 90% probability intervals)
  1       1*    (0)    1 :  0.009 0.048 0.008 0.025 0.894 0.016     (0.000,0.054) (0.000,0.335) (0.000,0.048) (0.000,0.173) (0.532,1.000) (0.000,0.103) 
  2        3    (0)    1 :  0.006 0.006 0.006 0.007 0.005 0.971     (0.000,0.029) (0.000,0.028) (0.000,0.034) (0.000,0.040) (0.000,0.025) (0.852,1.000) 
  3        6    (0)    1 :  0.016 0.007 0.015 0.013 0.006 0.943     (0.000,0.108) (0.000,0.040) (0.000,0.094) (0.000,0.080) (0.000,0.030) (0.713,1.000) 
  4        8    (0)    1 :  0.004 0.014 0.954 0.009 0.011 0.008     (0.000,0.021) (0.000,0.087) (0.768,1.000) (0.000,0.052) (0.000,0.067) (0.000,0.043) 
  5       10    (0)    1 :  0.005 0.917 0.053 0.005 0.009 0.012     (0.000,0.025) (0.617,1.000) (0.000,0.341) (0.000,0.024) (0.000,0.052) (0.000,0.075) 
  6       11    (0)    1 :  0.089 0.023 0.116 0.018 0.725 0.030     (0.000,0.595) (0.000,0.167) (0.000,0.671) (0.000,0.112) (0.000,1.000) (0.000,0.227) 
  7       12    (0)    1 :  0.005 0.973 0.006 0.004 0.004 0.007     (0.000,0.027) (0.864,1.000) (0.000,0.031) (0.000,0.022) (0.000,0.023) (0.000,0.037) 
  8       16    (7)    1 :  0.006 0.007 0.015 0.005 0.006 0.961     (0.000,0.031) (0.000,0.039) (0.000,0.084) (0.000,0.026) (0.000,0.034) (0.805,1.000) 
  9       18    (0)    1 :  0.005 0.008 0.010 0.007 0.962 0.008     (0.000,0.026) (0.000,0.043) (0.000,0.060) (0.000,0.037) (0.806,1.000) (0.000,0.047) 
 10       19    (0)    1 :  0.044 0.012 0.063 0.053 0.814 0.014     (0.000,0.322) (0.000,0.073) (0.000,0.436) (0.000,0.386) (0.197,1.000) (0.000,0.090) 
 11       21    (7)    1 :  0.007 0.007 0.024 0.005 0.006 0.950     (0.000,0.042) (0.000,0.042) (0.000,0.170) (0.000,0.029) (0.000,0.034) (0.749,1.000) 
 12       23    (7)    1 :  0.131 0.791 0.017 0.014 0.013 0.033     (0.000,0.565) (0.355,1.000) (0.000,0.118) (0.000,0.087) (0.000,0.077) (0.000,0.247) 
 13       24    (7)    1 :  0.034 0.516 0.117 0.009 0.307 0.017     (0.000,0.240) (0.000,1.000) (0.000,0.622) (0.000,0.055) (0.000,0.989) (0.000,0.124) 
 14       25    (7)    1 :  0.017 0.786 0.091 0.008 0.020 0.078     (0.000,0.117) (0.438,1.000) (0.000,0.415) (0.000,0.047) (0.000,0.136) (0.000,0.398) 
 15      26*    (0)    1 :  0.006 0.264 0.475 0.011 0.030 0.213     (0.000,0.035) (0.000,0.703) (0.000,0.999) (0.000,0.064) (0.000,0.214) (0.000,0.799) 
 16       28    (0)    1 :  0.007 0.097 0.851 0.006 0.008 0.030     (0.000,0.042) (0.000,0.734) (0.004,1.000) (0.000,0.034) (0.000,0.042) (0.000,0.222) 
 17       29    (0)    1 :  0.006 0.934 0.033 0.006 0.014 0.007     (0.000,0.029) (0.673,1.000) (0.000,0.236) (0.000,0.034) (0.000,0.092) (0.000,0.039) 
 18       30    (0)    1 :  0.011 0.071 0.207 0.467 0.034 0.210     (0.000,0.063) (0.000,0.494) (0.000,0.857) (0.000,0.992) (0.000,0.223) (0.000,0.849) 
 19       33    (0)    1 :  0.025 0.006 0.005 0.014 0.945 0.006     (0.000,0.182) (0.000,0.033) (0.000,0.026) (0.000,0.095) (0.724,1.000) (0.000,0.033) 
 20       37    (0)    1 :  0.008 0.038 0.009 0.007 0.929 0.010     (0.000,0.047) (0.000,0.277) (0.000,0.050) (0.000,0.037) (0.650,1.000) (0.000,0.062) 
 21       38    (0)    1 :  0.005 0.015 0.010 0.005 0.958 0.008     (0.000,0.025) (0.000,0.097) (0.000,0.055) (0.000,0.027) (0.785,1.000) (0.000,0.049) 
 22       43    (0)    1 :  0.007 0.811 0.125 0.010 0.009 0.039     (0.000,0.043) (0.438,1.000) (0.000,0.514) (0.000,0.062) (0.000,0.048) (0.000,0.260) 
 23       44    (0)    1 :  0.006 0.006 0.772 0.013 0.007 0.196     (0.000,0.032) (0.000,0.033) (0.343,1.000) (0.000,0.070) (0.000,0.038) (0.000,0.601) 
 24       48    (0)    1 :  0.004 0.007 0.006 0.007 0.963 0.012     (0.000,0.024) (0.000,0.042) (0.000,0.034) (0.000,0.037) (0.812,1.000) (0.000,0.074) 
 25       55    (0)    1 :  0.012 0.012 0.848 0.023 0.013 0.091     (0.000,0.076) (0.000,0.078) (0.395,1.000) (0.000,0.171) (0.000,0.085) (0.000,0.527) 
 26       59    (0)    1 :  0.005 0.004 0.008 0.008 0.007 0.969     (0.000,0.026) (0.000,0.022) (0.000,0.045) (0.000,0.043) (0.000,0.036) (0.843,1.000) 
 27       60    (0)    1 :  0.413 0.186 0.007 0.187 0.180 0.027     (0.000,1.000) (0.000,0.833) (0.000,0.036) (0.000,0.937) (0.000,0.982) (0.000,0.196) 
 28       61    (0)    1 :  0.911 0.007 0.009 0.052 0.008 0.013     (0.561,1.000) (0.000,0.040) (0.000,0.052) (0.000,0.373) (0.000,0.042) (0.000,0.085) 
 29       62    (0)    1 :  0.905 0.022 0.019 0.018 0.023 0.013     (0.574,1.000) (0.000,0.154) (0.000,0.126) (0.000,0.118) (0.000,0.149) (0.000,0.077) 
 30       65    (0)    1 :  0.012 0.006 0.009 0.023 0.944 0.006     (0.000,0.080) (0.000,0.033) (0.000,0.051) (0.000,0.168) (0.732,1.000) (0.000,0.030) 
 31       73    (0)    1 :  0.008 0.094 0.016 0.863 0.011 0.008     (0.000,0.044) (0.000,0.427) (0.000,0.108) (0.524,1.000) (0.000,0.071) (0.000,0.045) 
 32       75    (0)    1 :  0.881 0.004 0.006 0.083 0.016 0.009     (0.433,1.000) (0.000,0.021) (0.000,0.032) (0.000,0.517) (0.000,0.115) (0.000,0.061) 
 33       76    (0)    1 :  0.971 0.008 0.005 0.007 0.004 0.005     (0.854,1.000) (0.000,0.046) (0.000,0.025) (0.000,0.041) (0.000,0.021) (0.000,0.028) 
 34       77    (0)    1 :  0.969 0.009 0.004 0.006 0.006 0.005     (0.842,1.000) (0.000,0.052) (0.000,0.024) (0.000,0.033) (0.000,0.031) (0.000,0.028) 
 35       78    (0)    1 :  0.143 0.016 0.013 0.811 0.011 0.006     (0.000,0.774) (0.000,0.113) (0.000,0.081) (0.174,1.000) (0.000,0.066) (0.000,0.035) 
 36       79    (0)    1 :  0.904 0.004 0.008 0.068 0.011 0.004     (0.562,1.000) (0.000,0.022) (0.000,0.048) (0.000,0.404) (0.000,0.072) (0.000,0.023) 
 37       84    (0)    1 :  0.028 0.020 0.047 0.023 0.014 0.868     (0.000,0.204) (0.000,0.135) (0.000,0.318) (0.000,0.165) (0.000,0.091) (0.511,1.000) 
 38       85    (0)    1 :  0.007 0.006 0.959 0.011 0.009 0.008     (0.000,0.039) (0.000,0.035) (0.796,1.000) (0.000,0.065) (0.000,0.053) (0.000,0.043) 
 39       86    (0)    1 :  0.011 0.017 0.931 0.016 0.021 0.005     (0.000,0.063) (0.000,0.122) (0.678,1.000) (0.000,0.107) (0.000,0.149) (0.000,0.024) 
 40       89    (0)    1 :  0.052 0.272 0.024 0.015 0.034 0.604     (0.000,0.344) (0.000,0.813) (0.000,0.163) (0.000,0.090) (0.000,0.244) (0.000,0.994) 
 41       94    (0)    1 :  0.005 0.967 0.008 0.005 0.009 0.007     (0.000,0.026) (0.831,1.000) (0.000,0.045) (0.000,0.026) (0.000,0.050) (0.000,0.037) 
 42       95    (0)    1 :  0.007 0.006 0.017 0.014 0.012 0.943     (0.000,0.038) (0.000,0.036) (0.000,0.103) (0.000,0.091) (0.000,0.070) (0.714,1.000) 
 43       96    (0)    1 :  0.007 0.012 0.965 0.006 0.005 0.006     (0.000,0.037) (0.000,0.070) (0.822,1.000) (0.000,0.032) (0.000,0.028) (0.000,0.033) 
 44       98    (0)    1 :  0.312 0.014 0.009 0.645 0.010 0.010     (0.000,1.000) (0.000,0.091) (0.000,0.055) (0.000,1.000) (0.000,0.052) (0.000,0.056) 
 45      102    (0)    1 :  0.016 0.020 0.006 0.009 0.914 0.035     (0.000,0.113) (0.000,0.142) (0.000,0.036) (0.000,0.052) (0.634,1.000) (0.000,0.246) 
 46      105    (0)    1 :  0.005 0.005 0.006 0.968 0.009 0.007     (0.000,0.026) (0.000,0.029) (0.000,0.034) (0.839,1.000) (0.000,0.052) (0.000,0.036) 
 47      106    (0)    1 :  0.458 0.007 0.034 0.341 0.026 0.133     (0.000,0.999) (0.000,0.041) (0.000,0.246) (0.000,0.926) (0.000,0.181) (0.000,0.476) 
 48      108    (0)    1 :  0.031 0.009 0.013 0.874 0.063 0.010     (0.000,0.218) (0.000,0.055) (0.000,0.081) (0.470,1.000) (0.000,0.410) (0.000,0.057) 
 49      109    (0)    1 :  0.017 0.006 0.012 0.949 0.007 0.009     (0.000,0.107) (0.000,0.034) (0.000,0.076) (0.745,1.000) (0.000,0.039) (0.000,0.055) 
 50      112    (0)    1 :  0.511 0.111 0.312 0.014 0.036 0.016     (0.000,1.000) (0.000,0.674) (0.000,0.979) (0.000,0.085) (0.000,0.253) (0.000,0.108) 
 51      115    (0)    1 :  0.014 0.066 0.011 0.027 0.871 0.012     (0.000,0.080) (0.000,0.393) (0.000,0.065) (0.000,0.195) (0.478,1.000) (0.000,0.071) 
 52      116    (0)    1 :  0.007 0.007 0.952 0.014 0.012 0.009     (0.000,0.038) (0.000,0.036) (0.753,1.000) (0.000,0.086) (0.000,0.071) (0.000,0.045) 
 53      117    (0)    1 :  0.019 0.090 0.072 0.026 0.016 0.777     (0.000,0.123) (0.000,0.687) (0.000,0.462) (0.000,0.171) (0.000,0.110) (0.000,1.000) 
 54      129    (0)    1 :  0.004 0.009 0.912 0.007 0.007 0.061     (0.000,0.021) (0.000,0.052) (0.566,1.000) (0.000,0.036) (0.000,0.042) (0.000,0.393) 
 55      132    (0)    1 :  0.120 0.453 0.007 0.077 0.319 0.023     (0.000,0.647) (0.000,0.997) (0.000,0.041) (0.000,0.548) (0.000,0.998) (0.000,0.169) 
 56      133    (0)    1 :  0.357 0.010 0.005 0.608 0.009 0.011     (0.000,1.000) (0.000,0.057) (0.000,0.029) (0.000,1.000) (0.000,0.049) (0.000,0.065) 
 57      137    (7)    1 :  0.925 0.018 0.009 0.025 0.010 0.012     (0.627,1.000) (0.000,0.119) (0.000,0.052) (0.000,0.158) (0.000,0.054) (0.000,0.068) 
 58      139    (0)    1 :  0.907 0.007 0.010 0.038 0.028 0.011     (0.543,1.000) (0.000,0.038) (0.000,0.057) (0.000,0.287) (0.000,0.195) (0.000,0.068) 
 59      140    (0)    1 :  0.022 0.005 0.010 0.936 0.009 0.018     (0.000,0.148) (0.000,0.026) (0.000,0.054) (0.679,1.000) (0.000,0.052) (0.000,0.121) 
 60      142    (0)    1 :  0.951 0.009 0.007 0.009 0.006 0.017     (0.749,1.000) (0.000,0.055) (0.000,0.036) (0.000,0.049) (0.000,0.034) (0.000,0.119) 
 61      144    (0)    1 :  0.006 0.004 0.005 0.973 0.005 0.007     (0.000,0.031) (0.000,0.022) (0.000,0.025) (0.862,1.000) (0.000,0.029) (0.000,0.041) 
 62      145    (0)    1 :  0.953 0.007 0.009 0.013 0.008 0.010     (0.765,1.000) (0.000,0.035) (0.000,0.051) (0.000,0.078) (0.000,0.045) (0.000,0.058) 
 63      147    (0)    1 :  0.010 0.004 0.009 0.967 0.005 0.004     (0.000,0.056) (0.000,0.024) (0.000,0.054) (0.834,1.000) (0.000,0.029) (0.000,0.020) 
 64      160    (0)    1 :  0.005 0.970 0.007 0.004 0.006 0.008     (0.000,0.025) (0.845,1.000) (0.000,0.040) (0.000,0.024) (0.000,0.034) (0.000,0.046) 
 65     162*    (0)    1 :  0.007 0.014 0.962 0.006 0.005 0.006     (0.000,0.042) (0.000,0.085) (0.807,1.000) (0.000,0.035) (0.000,0.026) (0.000,0.029) 
 66      166    (0)    1 :  0.383 0.008 0.008 0.577 0.009 0.015     (0.000,1.000) (0.000,0.042) (0.000,0.040) (0.000,1.000) (0.000,0.047) (0.000,0.092) 
 67      177    (0)    1 :  0.979 0.004 0.004 0.005 0.004 0.004     (0.893,1.000) (0.000,0.020) (0.000,0.022) (0.000,0.027) (0.000,0.021) (0.000,0.021) 
 68      178    (0)    1 :  0.911 0.022 0.011 0.031 0.017 0.008     (0.617,1.000) (0.000,0.162) (0.000,0.070) (0.000,0.220) (0.000,0.113) (0.000,0.047) 
 69      186    (0)    1 :  0.004 0.005 0.006 0.004 0.004 0.977     (0.000,0.023) (0.000,0.025) (0.000,0.030) (0.000,0.021) (0.000,0.021) (0.886,1.000) 
 70      189    (0)    1 :  0.007 0.012 0.965 0.004 0.006 0.006     (0.000,0.038) (0.000,0.079) (0.821,1.000) (0.000,0.022) (0.000,0.030) (0.000,0.030) 
 71      190    (0)    1 :  0.017 0.086 0.814 0.013 0.020 0.051     (0.000,0.113) (0.000,0.609) (0.198,1.000) (0.000,0.072) (0.000,0.141) (0.000,0.339) 
 72      191    (0)    1 :  0.026 0.020 0.574 0.042 0.010 0.329     (0.000,0.180) (0.000,0.130) (0.000,1.000) (0.000,0.303) (0.000,0.057) (0.000,0.899) 
 73      193    (0)    1 :  0.873 0.024 0.020 0.028 0.012 0.043     (0.460,1.000) (0.000,0.162) (0.000,0.122) (0.000,0.205) (0.000,0.074) (0.000,0.309) 
 74      202    (0)    1 :  0.025 0.609 0.226 0.010 0.109 0.021     (0.000,0.173) (0.147,1.000) (0.000,0.682) (0.000,0.060) (0.000,0.579) (0.000,0.145) 
 75      204    (0)    1 :  0.004 0.009 0.651 0.006 0.005 0.324     (0.000,0.023) (0.000,0.050) (0.000,1.000) (0.000,0.033) (0.000,0.025) (0.000,1.000) 
 76      211    (0)    1 :  0.198 0.331 0.008 0.402 0.045 0.016     (0.000,0.916) (0.000,0.957) (0.000,0.049) (0.000,1.000) (0.000,0.335) (0.000,0.102) 
 77      216    (0)    1 :  0.055 0.022 0.007 0.903 0.008 0.005     (0.000,0.362) (0.000,0.162) (0.000,0.036) (0.542,1.000) (0.000,0.042) (0.000,0.027) 
 78      222    (0)    1 :  0.012 0.022 0.025 0.909 0.027 0.005     (0.000,0.071) (0.000,0.167) (0.000,0.176) (0.569,1.000) (0.000,0.201) (0.000,0.024) 
 79      224    (0)    1 :  0.007 0.013 0.957 0.008 0.008 0.008     (0.000,0.038) (0.000,0.085) (0.782,1.000) (0.000,0.045) (0.000,0.043) (0.000,0.043) 
 80      226    (0)    1 :  0.006 0.005 0.008 0.006 0.009 0.967     (0.000,0.033) (0.000,0.029) (0.000,0.042) (0.000,0.030) (0.000,0.052) (0.830,1.000) 
 81      229    (0)    1 :  0.066 0.035 0.718 0.060 0.089 0.032     (0.000,0.362) (0.000,0.257) (0.064,1.000) (0.000,0.420) (0.000,0.562) (0.000,0.220) 
 82      230    (0)    1 :  0.040 0.022 0.868 0.016 0.019 0.034     (0.000,0.271) (0.000,0.154) (0.481,1.000) (0.000,0.116) (0.000,0.113) (0.000,0.247) 
 83      232    (0)    1 :  0.220 0.374 0.130 0.028 0.037 0.210     (0.000,0.778) (0.000,0.887) (0.000,0.702) (0.000,0.205) (0.000,0.268) (0.000,0.708) 
 84      238    (0)    1 :  0.256 0.012 0.039 0.043 0.642 0.007     (0.000,0.738) (0.000,0.079) (0.000,0.280) (0.000,0.318) (0.021,1.000) (0.000,0.042) 
 85      242    (0)    1 :  0.004 0.004 0.007 0.006 0.973 0.006     (0.000,0.022) (0.000,0.023) (0.000,0.038) (0.000,0.034) (0.859,1.000) (0.000,0.032) 
 86      243    (0)    1 :  0.042 0.011 0.010 0.041 0.865 0.031     (0.000,0.291) (0.000,0.066) (0.000,0.058) (0.000,0.306) (0.484,1.000) (0.000,0.229) 
 87      244    (0)    1 :  0.139 0.009 0.017 0.010 0.818 0.007     (0.000,0.564) (0.000,0.057) (0.000,0.118) (0.000,0.058) (0.393,1.000) (0.000,0.041) 
 88      251    (0)    1 :  0.030 0.132 0.041 0.020 0.767 0.011     (0.000,0.199) (0.000,0.597) (0.000,0.312) (0.000,0.126) (0.272,1.000) (0.000,0.064) 
 89      266    (0)    1 :  0.778 0.008 0.008 0.016 0.177 0.013     (0.330,1.000) (0.000,0.044) (0.000,0.047) (0.000,0.106) (0.000,0.629) (0.000,0.087) 
 90      267    (0)    1 :  0.012 0.008 0.012 0.923 0.014 0.032     (0.000,0.067) (0.000,0.042) (0.000,0.070) (0.633,1.000) (0.000,0.084) (0.000,0.240) 
 91      268    (0)    1 :  0.390 0.037 0.005 0.548 0.012 0.008     (0.000,1.000) (0.000,0.260) (0.000,0.025) (0.000,1.000) (0.000,0.069) (0.000,0.044) 
 92      270    (0)    1 :  0.006 0.016 0.943 0.009 0.008 0.018     (0.000,0.037) (0.000,0.103) (0.715,1.000) (0.000,0.052) (0.000,0.043) (0.000,0.115) 
 93      276    (0)    1 :  0.083 0.025 0.575 0.038 0.021 0.259     (0.000,0.507) (0.000,0.174) (0.000,1.000) (0.000,0.278) (0.000,0.137) (0.000,0.838) 
 94      298    (7)    1 :  0.179 0.010 0.007 0.777 0.011 0.015     (0.000,0.990) (0.000,0.059) (0.000,0.039) (0.000,1.000) (0.000,0.063) (0.000,0.092) 
 95      306    (0)    1 :  0.781 0.013 0.008 0.131 0.059 0.009     (0.019,1.000) (0.000,0.069) (0.000,0.044) (0.000,0.706) (0.000,0.431) (0.000,0.055) 
 96      308    (0)    1 :  0.666 0.093 0.013 0.182 0.037 0.008     (0.000,1.000) (0.000,0.453) (0.000,0.085) (0.000,0.807) (0.000,0.271) (0.000,0.046) 
 97      311    (7)    1 :  0.073 0.038 0.040 0.697 0.142 0.011     (0.000,0.498) (0.000,0.264) (0.000,0.293) (0.000,1.000) (0.000,0.877) (0.000,0.066) 
 98      323    (0)    1 :  0.005 0.005 0.008 0.006 0.007 0.969     (0.000,0.026) (0.000,0.027) (0.000,0.042) (0.000,0.034) (0.000,0.040) (0.843,1.000) 
 99      327    (0)    1 :  0.009 0.343 0.579 0.019 0.027 0.023     (0.000,0.055) (0.000,0.994) (0.000,1.000) (0.000,0.127) (0.000,0.195) (0.000,0.168) 
100      334    (0)    1 :  0.010 0.008 0.009 0.021 0.948 0.004     (0.000,0.058) (0.000,0.042) (0.000,0.050) (0.000,0.142) (0.745,1.000) (0.000,0.021) 
101      338    (0)    1 :  0.070 0.026 0.029 0.827 0.020 0.029     (0.000,0.474) (0.000,0.188) (0.000,0.190) (0.299,1.000) (0.000,0.126) (0.000,0.219) 
102      341    (0)    1 :  0.007 0.009 0.008 0.006 0.008 0.962     (0.000,0.037) (0.000,0.047) (0.000,0.044) (0.000,0.032) (0.000,0.045) (0.810,1.000) 
103      346    (0)    1 :  0.887 0.061 0.010 0.014 0.009 0.020     (0.407,1.000) (0.000,0.454) (0.000,0.053) (0.000,0.070) (0.000,0.048) (0.000,0.131) 
104      348    (0)    1 :  0.152 0.006 0.009 0.811 0.015 0.007     (0.000,0.912) (0.000,0.031) (0.000,0.052) (0.001,1.000) (0.000,0.097) (0.000,0.038) 
105      351    (0)    1 :  0.038 0.054 0.009 0.019 0.865 0.015     (0.000,0.266) (0.000,0.366) (0.000,0.054) (0.000,0.116) (0.410,1.000) (0.000,0.098) 
106      362    (0)    1 :  0.006 0.040 0.826 0.007 0.006 0.114     (0.000,0.033) (0.000,0.291) (0.000,1.000) (0.000,0.036) (0.000,0.032) (0.000,0.855) 
107      364    (0)    1 :  0.014 0.009 0.006 0.011 0.950 0.010     (0.000,0.093) (0.000,0.057) (0.000,0.029) (0.000,0.064) (0.751,1.000) (0.000,0.062) 
108      366    (0)    1 :  0.013 0.009 0.016 0.029 0.917 0.016     (0.000,0.076) (0.000,0.050) (0.000,0.107) (0.000,0.201) (0.608,1.000) (0.000,0.103) 
109      376    (0)    1 :  0.017 0.013 0.022 0.004 0.007 0.937     (0.000,0.120) (0.000,0.086) (0.000,0.160) (0.000,0.021) (0.000,0.036) (0.707,1.000) 
110      377    (7)    1 :  0.012 0.723 0.222 0.016 0.010 0.017     (0.000,0.065) (0.000,1.000) (0.000,0.974) (0.000,0.101) (0.000,0.050) (0.000,0.111) 
111      378    (0)    1 :  0.013 0.956 0.006 0.006 0.004 0.013     (0.000,0.086) (0.787,1.000) (0.000,0.036) (0.000,0.036) (0.000,0.023) (0.000,0.090) 
112      388    (0)    1 :  0.014 0.028 0.010 0.924 0.014 0.010     (0.000,0.079) (0.000,0.208) (0.000,0.061) (0.638,1.000) (0.000,0.083) (0.000,0.060) 
113      391    (0)    1 :  0.037 0.307 0.006 0.017 0.011 0.621     (0.000,0.279) (0.000,0.671) (0.000,0.034) (0.000,0.116) (0.000,0.061) (0.199,0.955) 
114      396   (14)    1 :  0.066 0.023 0.790 0.034 0.018 0.068     (0.000,0.388) (0.000,0.164) (0.362,1.000) (0.000,0.258) (0.000,0.112) (0.000,0.442) 
115      400   (14)    1 :  0.008 0.637 0.251 0.008 0.087 0.009     (0.000,0.042) (0.000,1.000) (0.000,0.987) (0.000,0.044) (0.000,0.675) (0.000,0.058) 
116      401    (0)    1 :  0.202 0.011 0.365 0.013 0.296 0.113     (0.000,0.664) (0.000,0.055) (0.000,0.801) (0.000,0.077) (0.000,0.889) (0.000,0.622) 
117      406    (0)    1 :  0.233 0.032 0.016 0.475 0.070 0.174     (0.000,0.995) (0.000,0.234) (0.000,0.107) (0.000,1.000) (0.000,0.541) (0.000,0.743) 
118      412    (7)    1 :  0.324 0.059 0.036 0.519 0.026 0.037     (0.000,1.000) (0.000,0.433) (0.000,0.266) (0.000,1.000) (0.000,0.147) (0.000,0.274) 
119      413    (0)    1 :  0.883 0.011 0.037 0.026 0.038 0.005     (0.486,1.000) (0.000,0.064) (0.000,0.261) (0.000,0.183) (0.000,0.276) (0.000,0.028) 
120      421    (0)    1 :  0.052 0.012 0.883 0.023 0.015 0.016     (0.000,0.357) (0.000,0.071) (0.523,1.000) (0.000,0.164) (0.000,0.091) (0.000,0.106) 
121      423    (0)    1 :  0.013 0.012 0.913 0.028 0.023 0.011     (0.000,0.073) (0.000,0.071) (0.581,1.000) (0.000,0.206) (0.000,0.139) (0.000,0.068) 
122      424    (0)    1 :  0.278 0.086 0.011 0.059 0.030 0.536     (0.000,0.992) (0.000,0.557) (0.000,0.070) (0.000,0.412) (0.000,0.205) (0.000,1.000) 
123      426    (0)    1 :  0.026 0.816 0.029 0.013 0.022 0.094     (0.000,0.190) (0.371,1.000) (0.000,0.203) (0.000,0.077) (0.000,0.157) (0.000,0.524) 
124      430    (7)    1 :  0.795 0.022 0.016 0.116 0.011 0.040     (0.115,1.000) (0.000,0.143) (0.000,0.094) (0.000,0.649) (0.000,0.059) (0.000,0.291) 
125      435    (0)    1 :  0.946 0.013 0.006 0.027 0.004 0.004     (0.729,1.000) (0.000,0.082) (0.000,0.033) (0.000,0.190) (0.000,0.023) (0.000,0.023) 
126      476    (0)    1 :  0.019 0.016 0.137 0.006 0.025 0.797     (0.000,0.135) (0.000,0.109) (0.000,0.607) (0.000,0.030) (0.000,0.177) (0.344,1.000) 
127      478    (0)    1 :  0.008 0.014 0.232 0.012 0.028 0.706     (0.000,0.045) (0.000,0.084) (0.000,0.801) (0.000,0.080) (0.000,0.205) (0.118,1.000) 
128      484    (0)    1 :  0.088 0.010 0.007 0.874 0.006 0.015     (0.000,0.697) (0.000,0.063) (0.000,0.036) (0.242,1.000) (0.000,0.034) (0.000,0.102) 
129      489    (0)    1 :  0.009 0.816 0.041 0.122 0.006 0.007     (0.000,0.047) (0.396,1.000) (0.000,0.292) (0.000,0.528) (0.000,0.029) (0.000,0.036) 
130      492   (14)    1 :  0.021 0.008 0.008 0.020 0.937 0.005     (0.000,0.144) (0.000,0.043) (0.000,0.046) (0.000,0.122) (0.691,1.000) (0.000,0.028) 
131      493    (0)    1 :  0.010 0.012 0.007 0.009 0.956 0.007     (0.000,0.057) (0.000,0.074) (0.000,0.043) (0.000,0.051) (0.780,1.000) (0.000,0.038) 
132      494    (0)    1 :  0.009 0.045 0.023 0.007 0.905 0.011     (0.000,0.054) (0.000,0.318) (0.000,0.164) (0.000,0.043) (0.584,1.000) (0.000,0.069) 
133      500    (0)    1 :  0.004 0.010 0.934 0.005 0.008 0.039     (0.000,0.024) (0.000,0.060) (0.664,1.000) (0.000,0.026) (0.000,0.042) (0.000,0.264) 
134      504    (0)    1 :  0.024 0.031 0.044 0.856 0.035 0.010     (0.000,0.142) (0.000,0.218) (0.000,0.294) (0.484,1.000) (0.000,0.245) (0.000,0.057) 
135      506    (0)    1 :  0.005 0.006 0.020 0.946 0.006 0.018     (0.000,0.027) (0.000,0.033) (0.000,0.133) (0.720,1.000) (0.000,0.028) (0.000,0.123) 


Estimated Allele Frequencies in each cluster
First column gives estimated ancestral frequencies


Locus 1 : Rsu5 
5 alleles
1.5% missing data
 137   (0.723) 0.803 0.860 0.962 0.586 0.655 0.954 
 135   (0.093) 0.062 0.074 0.009 0.019 0.102 0.031 
 139   (0.107) 0.076 0.059 0.022 0.012 0.205 0.010 
 133   (0.025) 0.003 0.002 0.002 0.002 0.022 0.002 
 131   (0.052) 0.056 0.005 0.005 0.381 0.016 0.003 

Locus 2 : Scv1 
5 alleles
0.7% missing data
 181   (0.539) 0.343 0.660 0.595 0.362 0.632 0.947 
 179   (0.204) 0.271 0.140 0.149 0.164 0.211 0.019 
 177   (0.110) 0.119 0.187 0.013 0.225 0.060 0.023 
 185   (0.119) 0.264 0.011 0.240 0.246 0.059 0.010 
 171   (0.029) 0.003 0.003 0.003 0.003 0.037 0.002 

Locus 3 : Rsu4 
9 alleles
0.0% missing data
 267   (0.210) 0.058 0.089 0.294 0.144 0.305 0.139 
 263   (0.318) 0.479 0.735 0.244 0.337 0.256 0.535 
 259   (0.053) 0.006 0.036 0.226 0.005 0.016 0.201 
 287   (0.178) 0.166 0.098 0.190 0.244 0.133 0.106 
 275   (0.042) 0.013 0.004 0.004 0.004 0.093 0.003 
 279   (0.067) 0.163 0.014 0.009 0.012 0.088 0.006 
 283   (0.067) 0.107 0.006 0.006 0.246 0.044 0.005 
 291   (0.038) 0.005 0.016 0.026 0.004 0.028 0.003 
 271   (0.026) 0.003 0.002 0.002 0.003 0.037 0.002 

Locus 4 : Rsu6 
5 alleles
0.0% missing data
 120   (0.262) 0.252 0.480 0.272 0.149 0.217 0.280 
 126   (0.593) 0.730 0.465 0.506 0.833 0.644 0.575 
 124   (0.088) 0.012 0.051 0.201 0.013 0.062 0.141 
 130   (0.032) 0.003 0.003 0.003 0.003 0.070 0.002 
 114   (0.024) 0.003 0.002 0.019 0.003 0.008 0.002 

Locus 5 : Scv23 
3 alleles
1.5% missing data
 158   (0.511) 0.567 0.514 0.722 0.678 0.467 0.377 
 164   (0.202) 0.060 0.123 0.055 0.158 0.270 0.432 
 160   (0.286) 0.373 0.364 0.223 0.164 0.263 0.190 

Locus 6 : Scv13 
5 alleles
0.0% missing data
 182   (0.731) 0.699 0.971 0.906 0.881 0.702 0.810 
 180   (0.089) 0.014 0.013 0.072 0.009 0.109 0.158 
 172   (0.079) 0.173 0.007 0.007 0.089 0.062 0.006 
 184   (0.066) 0.012 0.007 0.012 0.017 0.107 0.023 
 174   (0.036) 0.102 0.003 0.003 0.004 0.019 0.002 

Locus 7 : Scv32 
18 alleles
0.7% missing data
 236   (0.030) 0.004 0.003 0.003 0.003 0.115 0.002 
 238   (0.055) 0.054 0.021 0.005 0.117 0.040 0.004 
 234   (0.121) 0.576 0.084 0.023 0.171 0.064 0.352 
 246   (0.056) 0.010 0.041 0.185 0.008 0.019 0.290 
 248   (0.089) 0.011 0.349 0.142 0.021 0.136 0.007 
 262   (0.106) 0.069 0.138 0.257 0.078 0.069 0.019 
 232   (0.179) 0.097 0.017 0.151 0.332 0.314 0.143 
 250   (0.023) 0.003 0.245 0.002 0.002 0.007 0.004 
 228   (0.022) 0.003 0.003 0.002 0.003 0.035 0.002 
 220   (0.047) 0.006 0.015 0.183 0.005 0.018 0.074 
 264   (0.057) 0.048 0.018 0.008 0.008 0.052 0.064 
 252   (0.046) 0.055 0.005 0.016 0.070 0.015 0.004 
 254   (0.050) 0.050 0.009 0.004 0.083 0.031 0.003 
 242   (0.023) 0.002 0.002 0.002 0.002 0.037 0.002 
 266   (0.024) 0.004 0.002 0.002 0.056 0.009 0.002 
 244   (0.034) 0.004 0.045 0.011 0.037 0.013 0.002 
 226   (0.019) 0.002 0.002 0.002 0.002 0.006 0.024 
 240   (0.020) 0.003 0.002 0.002 0.002 0.020 0.001 

Locus 8 : Scv8 
6 alleles
0.7% missing data
 200   (0.619) 0.502 0.792 0.680 0.673 0.661 0.840 
 202   (0.092) 0.065 0.011 0.008 0.090 0.144 0.007 
 194   (0.092) 0.140 0.024 0.110 0.010 0.042 0.139 
 204   (0.052) 0.008 0.111 0.035 0.005 0.031 0.004 
 198   (0.075) 0.014 0.057 0.161 0.008 0.085 0.005 
 188   (0.071) 0.270 0.006 0.006 0.213 0.036 0.005 

Locus 9 : Scv9 
5 alleles
0.0% missing data
 198   (0.317) 0.561 0.472 0.132 0.336 0.257 0.435 
 200   (0.357) 0.108 0.385 0.506 0.255 0.470 0.363 
 196   (0.258) 0.256 0.137 0.355 0.393 0.251 0.037 
 204   (0.045) 0.057 0.004 0.004 0.012 0.014 0.163 
 202   (0.024) 0.019 0.002 0.002 0.004 0.007 0.002 

Locus 10 : Rsu1 
6 alleles
0.0% missing data
 189   (0.296) 0.260 0.081 0.058 0.148 0.489 0.474 
 185   (0.277) 0.275 0.058 0.246 0.739 0.217 0.183 
 177   (0.084) 0.034 0.012 0.157 0.048 0.050 0.010 
 181   (0.237) 0.419 0.795 0.192 0.055 0.211 0.052 
 193   (0.061) 0.007 0.050 0.260 0.006 0.019 0.073 
 197   (0.045) 0.005 0.005 0.088 0.004 0.014 0.207 

Locus 11 : Scv14 
7 alleles
4.4% missing data
 196   (0.530) 0.636 0.870 0.774 0.587 0.438 0.919 
 198   (0.088) 0.110 0.030 0.008 0.055 0.117 0.007 
 194   (0.142) 0.145 0.055 0.089 0.053 0.177 0.023 
 202   (0.170) 0.088 0.021 0.120 0.298 0.226 0.045 
 204   (0.022) 0.002 0.002 0.002 0.002 0.021 0.002 
 190   (0.023) 0.003 0.019 0.005 0.002 0.009 0.002 
 200   (0.024) 0.015 0.002 0.002 0.003 0.011 0.002 

Locus 12 : Scv16 
7 alleles
0.0% missing data
 182   (0.400) 0.609 0.760 0.560 0.383 0.324 0.228 
 184   (0.407) 0.230 0.220 0.288 0.541 0.501 0.749 
 188   (0.068) 0.007 0.006 0.140 0.007 0.111 0.014 
 200   (0.023) 0.002 0.002 0.002 0.002 0.021 0.002 
 198   (0.041) 0.093 0.007 0.003 0.037 0.013 0.003 
 190   (0.038) 0.054 0.003 0.003 0.026 0.012 0.003 
 186   (0.023) 0.005 0.002 0.002 0.003 0.018 0.002 

Locus 13 : Scv31 
15 alleles
3.0% missing data
 193   (0.107) 0.040 0.579 0.024 0.191 0.100 0.016 
 201   (0.118) 0.014 0.069 0.059 0.054 0.193 0.025 
 187   (0.089) 0.010 0.050 0.266 0.106 0.033 0.279 
 207   (0.037) 0.004 0.003 0.041 0.004 0.011 0.339 
 195   (0.064) 0.020 0.038 0.119 0.186 0.020 0.008 
 185   (0.173) 0.350 0.027 0.046 0.236 0.146 0.245 
 189   (0.070) 0.007 0.166 0.010 0.007 0.175 0.005 
 205   (0.019) 0.002 0.002 0.002 0.003 0.019 0.001 
 191   (0.119) 0.494 0.046 0.339 0.017 0.059 0.065 
 197   (0.031) 0.003 0.003 0.005 0.139 0.010 0.005 
 199   (0.063) 0.043 0.006 0.006 0.045 0.065 0.004 
 203   (0.028) 0.003 0.002 0.002 0.003 0.054 0.002 
 209   (0.028) 0.004 0.003 0.003 0.003 0.037 0.002 
 213   (0.027) 0.003 0.002 0.002 0.003 0.069 0.002 
 181   (0.027) 0.003 0.002 0.076 0.003 0.008 0.002 

Locus 14 : Scv6 
8 alleles
0.0% missing data
 191   (0.111) 0.012 0.204 0.170 0.023 0.187 0.008 
 195   (0.362) 0.281 0.528 0.489 0.556 0.296 0.661 
 197   (0.213) 0.281 0.228 0.284 0.226 0.125 0.269 
 201   (0.070) 0.102 0.013 0.007 0.009 0.144 0.005 
 205   (0.027) 0.003 0.002 0.002 0.003 0.038 0.002 
 193   (0.087) 0.153 0.008 0.009 0.113 0.100 0.006 
 199   (0.103) 0.164 0.015 0.038 0.067 0.072 0.047 
 181   (0.027) 0.003 0.002 0.002 0.003 0.038 0.002 

Values of parameters used in structure:
DATAFILE=M:\STRUCTURE\Squirrel_135_ID_14L_20250816\project_data,	OUTFILE=M:\STRUCTURE\Squirrel_135_ID_14L_20250816\10k_Burnin_100k_MCMC\Results\10k_Burnin_100k_MCMC_run_142,	NUMINDS=135,	NUMLOCI=14,	MISSING=-9,	LABEL=1,	POPDATA=1,	POPFLAG=0,	PHENOTYPE=0,	EXTRACOLS=1,	MAXPOPS=6,	BURNIN=10000,	NUMREPS=100000,	USEPOPINFO=0,	INFERALPHA=1,	INFERLAMBDA=1,	POPSPECIFICLAMBDA=0,	POPALPHAS=0,	COMPUTEPROB=1,	NOADMIX=0,	ADMBURNIN=2500,	UPDATEFREQ=1,	PRINTLIKES=0,	INTERMEDSAVE=0,	PRINTKLD=0,	PRINTNET=0,	PRINTLAMBDA=0,	ANCESTDIST=1,	NUMBOXES=1000,	ANCESTPINT=0.90000,	GENSBACK=2,	MIGRPRIOR=0.05000,	PRINTQHAT=1,	PRINTQSUM=0,	ALPHA=1.0000,	FREQSCORR=1,	FPRIORMEAN=0.0100,	FPRIORSD=0.0500,	ONEFST=0,	LAMBDA=1.0000,	UNIFPRIORALPHA=1,	ALPHAMAX=10.0000,	ALPHAPRIORA=1.0000,	ALPHAPRIORB=2.0000,	ALPHAPROPSD=0.0250,	STARTATPOPINFO=0,	RANDOMIZE=1,	LINKAGE=0,	METROFREQ=10,	REPORTHITRATE=0,	MARKOVPHASE=-1,	PHASED=0,	PLOIDY=2,	PHASEINFO=0	LOCPRIOR=0, 	LOCPRIORINIT=1.000000, 	LOCDATA=0, 	LOCISPOP=0, 	LOCPRIORSTEP=0.100000, 	MAXLOCPRIOR=20.000000, 	SEED=1763644337,	
[STRAT parameters]:    NUMSIMSTATS=1000,	PHENOTYPECOL=-9,	POOLFREQ=10,	LOCUSxONLY=0,	EMERROR=0.00100,	MISSINGPHENO=-9,	