          1*  1 0.0475 0.0093 0.9112 0.0169 0.0150 
           3  1 0.0062 0.0062 0.0050 0.9765 0.0062 
           6  1 0.0083 0.0187 0.0066 0.9507 0.0157 
           8  1 0.0129 0.9599 0.0121 0.0100 0.0052 
          10  1 0.9015 0.0680 0.0119 0.0138 0.0048 
          11  1 0.0285 0.1217 0.7849 0.0262 0.0387 
          12  1 0.9776 0.0066 0.0046 0.0063 0.0050 
          16  1 0.0075 0.0151 0.0064 0.9656 0.0053 
          18  1 0.0082 0.0109 0.9663 0.0086 0.0061 
          19  1 0.0132 0.0614 0.8596 0.0164 0.0495 
          21  1 0.0081 0.0221 0.0073 0.9558 0.0067 
          23  1 0.8495 0.0177 0.0141 0.0344 0.0844 
          24  1 0.4369 0.1167 0.4100 0.0167 0.0198 
          25  1 0.8106 0.0878 0.0210 0.0678 0.0128 
         26*  1 0.2269 0.4978 0.0365 0.2305 0.0084 
          28  1 0.1011 0.8441 0.0080 0.0401 0.0067 
          29  1 0.9261 0.0442 0.0169 0.0072 0.0055 
          30  1 0.0604 0.3044 0.0727 0.3443 0.2183 
          33  1 0.0066 0.0052 0.9635 0.0062 0.0184 
          37  1 0.0409 0.0092 0.9323 0.0103 0.0073 
          38  1 0.0155 0.0109 0.9595 0.0093 0.0048 
          43  1 0.8080 0.1300 0.0092 0.0444 0.0085 
          44  1 0.0060 0.7712 0.0064 0.2082 0.0082 
          48  1 0.0084 0.0078 0.9656 0.0130 0.0053 
          55  1 0.0130 0.8490 0.0130 0.1062 0.0189 
          59  1 0.0052 0.0071 0.0067 0.9753 0.0057 
          60  1 0.2413 0.0069 0.1916 0.0284 0.5317 
          61  1 0.0085 0.0082 0.0073 0.0101 0.9660 
          62  1 0.0497 0.0334 0.0321 0.0172 0.8676 
          65  1 0.0068 0.0092 0.9580 0.0060 0.0200 
          73  1 0.1356 0.0233 0.0207 0.0105 0.8100 
          75  1 0.0048 0.0056 0.0169 0.0106 0.9621 
          76  1 0.0177 0.0059 0.0056 0.0063 0.9645 
          77  1 0.0300 0.0058 0.0108 0.0063 0.9472 
          78  1 0.0089 0.0102 0.0078 0.0057 0.9673 
          79  1 0.0055 0.0072 0.0157 0.0039 0.9677 
          84  1 0.0224 0.0540 0.0158 0.8719 0.0359 
          85  1 0.0062 0.9665 0.0108 0.0080 0.0085 
          86  1 0.0150 0.9394 0.0267 0.0052 0.0137 
          89  1 0.2949 0.0296 0.0375 0.5983 0.0398 
          94  1 0.9706 0.0087 0.0093 0.0063 0.0051 
          95  1 0.0066 0.0172 0.0116 0.9542 0.0104 
          96  1 0.0122 0.9680 0.0061 0.0072 0.0065 
          98  1 0.0145 0.0095 0.0120 0.0091 0.9549 
         102  1 0.0199 0.0068 0.9250 0.0347 0.0137 
         105  1 0.0078 0.0121 0.0235 0.0133 0.9433 
         106  1 0.0073 0.0179 0.0189 0.1211 0.8348 
         108  1 0.0119 0.0205 0.0855 0.0142 0.8678 
         109  1 0.0072 0.0400 0.0107 0.0324 0.9097 
         112  1 0.2541 0.4742 0.0661 0.0262 0.1795 
         115  1 0.0568 0.0125 0.8959 0.0118 0.0231 
         116  1 0.0078 0.9582 0.0142 0.0097 0.0101 
         117  1 0.0907 0.0713 0.0179 0.7985 0.0216 
         129  1 0.0103 0.9069 0.0078 0.0700 0.0049 
         132  1 0.4793 0.0077 0.3253 0.0256 0.1621 
         133  1 0.0100 0.0059 0.0081 0.0102 0.9658 
         137  1 0.0365 0.0097 0.0099 0.0147 0.9292 
         139  1 0.0086 0.0096 0.0297 0.0133 0.9388 
         140  1 0.0063 0.0186 0.0137 0.0250 0.9364 
         142  1 0.0145 0.0079 0.0086 0.0254 0.9436 
         144  1 0.0055 0.0078 0.0083 0.0115 0.9668 
         145  1 0.0081 0.0140 0.0088 0.0177 0.9514 
         147  1 0.0048 0.0142 0.0077 0.0049 0.9683 
         160  1 0.9712 0.0084 0.0069 0.0091 0.0044 
        162*  1 0.0134 0.9680 0.0059 0.0060 0.0067 
         166  1 0.0172 0.0073 0.0099 0.0143 0.9513 
         177  1 0.0059 0.0051 0.0071 0.0051 0.9767 
         178  1 0.0332 0.0120 0.0134 0.0082 0.9332 
         186  1 0.0052 0.0055 0.0043 0.9808 0.0042 
         189  1 0.0135 0.9680 0.0059 0.0069 0.0056 
         190  1 0.0797 0.8310 0.0253 0.0496 0.0143 
         191  1 0.0294 0.5551 0.0119 0.3500 0.0536 
         193  1 0.0315 0.0236 0.0122 0.0539 0.8788 
         202  1 0.5923 0.2102 0.1606 0.0216 0.0154 
         204  1 0.0092 0.5963 0.0050 0.3843 0.0052 
         211  1 0.2847 0.0085 0.0321 0.0163 0.6584 
         216  1 0.0248 0.0074 0.0069 0.0053 0.9556 
         222  1 0.0429 0.0478 0.0408 0.0058 0.8628 
         224  1 0.0144 0.9600 0.0088 0.0085 0.0083 
         226  1 0.0058 0.0081 0.0095 0.9708 0.0058 
         229  1 0.0369 0.7258 0.1179 0.0365 0.0829 
         230  1 0.0251 0.8606 0.0324 0.0448 0.0371 
         232  1 0.4533 0.1358 0.0417 0.2255 0.1437 
         238  1 0.0136 0.0358 0.6474 0.0077 0.2955 
         242  1 0.0046 0.0070 0.9764 0.0068 0.0052 
         243  1 0.0141 0.0111 0.8759 0.0316 0.0673 
         244  1 0.0123 0.0156 0.9177 0.0077 0.0467 
         251  1 0.1289 0.0405 0.7915 0.0117 0.0274 
         266  1 0.0082 0.0103 0.2980 0.0107 0.6729 
         267  1 0.0113 0.0349 0.0214 0.0968 0.8356 
         268  1 0.0280 0.0051 0.0091 0.0064 0.9514 
         270  1 0.0146 0.9519 0.0080 0.0175 0.0080 
         276  1 0.0286 0.5904 0.0200 0.2673 0.0937 
         298  1 0.0083 0.0069 0.0099 0.0146 0.9604 
         306  1 0.0185 0.0067 0.0469 0.0094 0.9184 
         308  1 0.0537 0.0104 0.0238 0.0084 0.9037 
         311  1 0.0256 0.0363 0.1640 0.0115 0.7626 
         323  1 0.0049 0.0084 0.0068 0.9743 0.0056 
         327  1 0.3342 0.5949 0.0292 0.0279 0.0138 
         334  1 0.0074 0.0101 0.9583 0.0043 0.0199 
         338  1 0.0291 0.0335 0.0269 0.0223 0.8881 
         341  1 0.0128 0.0077 0.0093 0.9631 0.0071 
         346  1 0.2539 0.0139 0.0166 0.0375 0.6781 
         348  1 0.0052 0.0086 0.0118 0.0066 0.9678 
         351  1 0.0726 0.0104 0.8711 0.0173 0.0287 
         362  1 0.0457 0.7899 0.0067 0.1499 0.0077 
         364  1 0.0110 0.0062 0.9580 0.0114 0.0134 
         366  1 0.0107 0.0191 0.9355 0.0158 0.0188 
         376  1 0.0152 0.0252 0.0071 0.9434 0.0091 
         377  1 0.7373 0.2207 0.0105 0.0171 0.0144 
         378  1 0.9651 0.0072 0.0049 0.0131 0.0097 
         388  1 0.0561 0.0182 0.0295 0.0118 0.8844 
         391  1 0.3442 0.0070 0.0127 0.6004 0.0357 
         396  1 0.0268 0.8197 0.0209 0.0759 0.0566 
         400  1 0.6384 0.2503 0.0937 0.0103 0.0072 
         401  1 0.0100 0.3427 0.4456 0.1043 0.0974 
         406  1 0.0497 0.0188 0.0850 0.1884 0.6582 
         412  1 0.0652 0.0428 0.0245 0.0315 0.8360 
         413  1 0.0100 0.0502 0.0605 0.0060 0.8732 
         421  1 0.0128 0.9170 0.0174 0.0166 0.0361 
         423  1 0.0131 0.9320 0.0227 0.0114 0.0207 
         424  1 0.1347 0.0121 0.0372 0.4750 0.3410 
         426  1 0.8543 0.0307 0.0217 0.0758 0.0175 
         430  1 0.0227 0.0130 0.0084 0.0288 0.9271 
         435  1 0.0209 0.0086 0.0048 0.0054 0.9603 
         476  1 0.0169 0.1207 0.0329 0.8179 0.0116 
         478  1 0.0161 0.2406 0.0284 0.7029 0.0120 
         484  1 0.0107 0.0078 0.0079 0.0157 0.9580 
         489  1 0.8704 0.0546 0.0076 0.0072 0.0602 
         492  1 0.0085 0.0085 0.9545 0.0057 0.0227 
         493  1 0.0137 0.0081 0.9611 0.0068 0.0103 
         494  1 0.0429 0.0229 0.9137 0.0118 0.0086 
         500  1 0.0116 0.9231 0.0082 0.0521 0.0049 
         504  1 0.0376 0.0773 0.0803 0.0122 0.7926 
         506  1 0.0106 0.0933 0.0092 0.0981 0.7888 
