

----------------------------------------------------
STRUCTURE by Pritchard, Stephens and Donnelly (2000)
     and Falush, Stephens and Pritchard (2003)
       Code by Pritchard, Falush and Hubisz
             Version 2.3.4 (Jul 2012)
----------------------------------------------------



Command line arguments:   bin\structure -m M:\STRUCTURE\Squirrel_135_ID_14L_20250816\10k_Burnin_100k_MCMC\mainparams -e M:\STRUCTURE\Squirrel_135_ID_14L_20250816\10k_Burnin_100k_MCMC\extraparams 
Input File:    M:\STRUCTURE\Squirrel_135_ID_14L_20250816\project_data

Run parameters:
   135 individuals
   14 loci
   10 populations assumed
   10000 Burn-in period
   100000 Reps


--------------------------------------------
Proportion of membership of each pre-defined
 population in each of the 10 clusters

Given    Inferred Clusters                                                        Number of
 Pop       1      2      3      4      5      6      7      8      9     10      Individuals

  1:     0.098  0.088  0.135  0.092  0.165  0.105  0.098  0.033  0.091  0.095      135
--------------------------------------------

Allele-freq. divergence among pops (Net nucleotide distance),
computed using point estimates of P.

      1       2       3       4       5       6       7       8       9      10      
 1      -    0.0248  0.0746  0.0930  0.0706  0.1003  0.1115  0.1618  0.0860  0.1226  
 2   0.0248     -    0.0584  0.0426  0.0338  0.0721  0.0562  0.1319  0.0345  0.0825  
 3   0.0746  0.0584     -    0.0929  0.0767  0.1363  0.1342  0.2513  0.0975  0.1221  
 4   0.0930  0.0426  0.0929     -    0.0928  0.1110  0.0916  0.1634  0.0618  0.1034  
 5   0.0706  0.0338  0.0767  0.0928     -    0.1070  0.1038  0.1864  0.0617  0.0896  
 6   0.1003  0.0721  0.1363  0.1110  0.1070     -    0.1399  0.1952  0.0904  0.1973  
 7   0.1115  0.0562  0.1342  0.0916  0.1038  0.1399     -    0.2079  0.0622  0.1287  
 8   0.1618  0.1319  0.2513  0.1634  0.1864  0.1952  0.2079     -    0.1733  0.2470  
 9   0.0860  0.0345  0.0975  0.0618  0.0617  0.0904  0.0622  0.1733     -    0.1073  
10   0.1226  0.0825  0.1221  0.1034  0.0896  0.1973  0.1287  0.2470  0.1073     -    

Average distances (expected heterozygosity) between individuals in same cluster:
cluster  1  : 0.6315 
cluster  2  : 0.6685 
cluster  3  : 0.4558 
cluster  4  : 0.5320 
cluster  5  : 0.5434 
cluster  6  : 0.5052 
cluster  7  : 0.5830 
cluster  8  : 0.4432 
cluster  9  : 0.5317 
cluster 10  : 0.3976 

--------------------------------------------
Estimated Ln Prob of Data   = -4271.3
Mean value of ln likelihood = -3949.1
Variance of ln likelihood   = 644.5
Mean value of alpha         = 0.0428

Mean value of lambda        = 0.9455

Mean value of Fst_1         = 0.1177
Mean value of Fst_2         = 0.0061
Mean value of Fst_3         = 0.3060
Mean value of Fst_4         = 0.2690
Mean value of Fst_5         = 0.2051
Mean value of Fst_6         = 0.2770
Mean value of Fst_7         = 0.2286
Mean value of Fst_8         = 0.4908
Mean value of Fst_9         = 0.2583
Mean value of Fst_10         = 0.3784


Inferred ancestry of individuals:
        Label (%Miss) Pop:  Inferred clusters (and 90% probability intervals)
  1       1*    (0)    1 :  0.615 0.056 0.013 0.222 0.009 0.011 0.005 0.029 0.010 0.030     (0.000,0.995) (0.000,0.467) (0.000,0.086) (0.000,0.622) (0.000,0.055) (0.000,0.059) (0.000,0.025) (0.000,0.207) (0.000,0.055) (0.000,0.224) 
  2        3    (0)    1 :  0.005 0.006 0.946 0.007 0.006 0.008 0.004 0.004 0.008 0.005     (0.000,0.028) (0.000,0.029) (0.776,1.000) (0.000,0.039) (0.000,0.034) (0.000,0.051) (0.000,0.022) (0.000,0.021) (0.000,0.044) (0.000,0.028) 
  3        6    (0)    1 :  0.005 0.009 0.900 0.022 0.017 0.009 0.010 0.006 0.015 0.006     (0.000,0.029) (0.000,0.047) (0.616,1.000) (0.000,0.160) (0.000,0.114) (0.000,0.055) (0.000,0.058) (0.000,0.036) (0.000,0.100) (0.000,0.034) 
  4        8    (0)    1 :  0.014 0.013 0.009 0.005 0.900 0.012 0.003 0.011 0.013 0.020     (0.000,0.093) (0.000,0.064) (0.000,0.051) (0.000,0.026) (0.597,1.000) (0.000,0.078) (0.000,0.018) (0.000,0.070) (0.000,0.050) (0.000,0.134) 
  5       10    (0)    1 :  0.006 0.008 0.010 0.005 0.037 0.003 0.004 0.010 0.005 0.911     (0.000,0.038) (0.000,0.045) (0.000,0.067) (0.000,0.026) (0.000,0.257) (0.000,0.018) (0.000,0.024) (0.000,0.063) (0.000,0.024) (0.646,1.000) 
  6       11    (0)    1 :  0.128 0.658 0.020 0.040 0.046 0.009 0.023 0.017 0.045 0.015     (0.000,0.819) (0.000,1.000) (0.000,0.134) (0.000,0.266) (0.000,0.352) (0.000,0.047) (0.000,0.148) (0.000,0.087) (0.000,0.327) (0.000,0.104) 
  7       12    (0)    1 :  0.004 0.005 0.006 0.008 0.005 0.004 0.005 0.004 0.007 0.954     (0.000,0.021) (0.000,0.025) (0.000,0.029) (0.000,0.042) (0.000,0.028) (0.000,0.020) (0.000,0.025) (0.000,0.018) (0.000,0.035) (0.807,1.000) 
  8       16    (7)    1 :  0.006 0.007 0.941 0.005 0.015 0.004 0.005 0.005 0.007 0.007     (0.000,0.030) (0.000,0.035) (0.756,1.000) (0.000,0.027) (0.000,0.089) (0.000,0.023) (0.000,0.027) (0.000,0.025) (0.000,0.037) (0.000,0.040) 
  9       18    (0)    1 :  0.944 0.008 0.007 0.004 0.009 0.007 0.004 0.004 0.007 0.007     (0.768,1.000) (0.000,0.045) (0.000,0.036) (0.000,0.022) (0.000,0.053) (0.000,0.038) (0.000,0.020) (0.000,0.019) (0.000,0.038) (0.000,0.042) 
 10       19    (0)    1 :  0.070 0.798 0.013 0.010 0.025 0.022 0.032 0.005 0.015 0.010     (0.000,0.560) (0.000,1.000) (0.000,0.083) (0.000,0.036) (0.000,0.175) (0.000,0.141) (0.000,0.227) (0.000,0.028) (0.000,0.084) (0.000,0.056) 
 11       21    (7)    1 :  0.006 0.008 0.927 0.007 0.018 0.005 0.006 0.006 0.009 0.007     (0.000,0.030) (0.000,0.046) (0.707,1.000) (0.000,0.040) (0.000,0.132) (0.000,0.026) (0.000,0.034) (0.000,0.035) (0.000,0.050) (0.000,0.036) 
 12       23    (7)    1 :  0.011 0.042 0.017 0.358 0.013 0.009 0.032 0.008 0.130 0.380     (0.000,0.061) (0.000,0.305) (0.000,0.117) (0.000,0.996) (0.000,0.083) (0.000,0.049) (0.000,0.228) (0.000,0.044) (0.000,0.617) (0.000,0.923) 
 13       24    (7)    1 :  0.034 0.219 0.017 0.019 0.081 0.008 0.028 0.191 0.011 0.392     (0.000,0.251) (0.000,0.962) (0.000,0.125) (0.000,0.119) (0.000,0.491) (0.000,0.046) (0.000,0.193) (0.000,0.591) (0.000,0.063) (0.000,0.872) 
 14       25    (7)    1 :  0.014 0.071 0.050 0.296 0.108 0.005 0.006 0.015 0.037 0.399     (0.000,0.085) (0.000,0.510) (0.000,0.313) (0.000,0.865) (0.000,0.433) (0.000,0.028) (0.000,0.032) (0.000,0.104) (0.000,0.269) (0.000,0.891) 
 15      26*    (0)    1 :  0.015 0.044 0.284 0.017 0.365 0.007 0.004 0.044 0.007 0.214     (0.000,0.097) (0.000,0.316) (0.000,0.814) (0.000,0.121) (0.000,0.960) (0.000,0.036) (0.000,0.022) (0.000,0.261) (0.000,0.034) (0.000,0.656) 
 16       28    (0)    1 :  0.006 0.010 0.045 0.015 0.760 0.005 0.005 0.015 0.010 0.129     (0.000,0.032) (0.000,0.052) (0.000,0.361) (0.000,0.095) (0.000,1.000) (0.000,0.028) (0.000,0.029) (0.000,0.104) (0.000,0.050) (0.000,0.813) 
 17       29    (0)    1 :  0.014 0.012 0.006 0.006 0.024 0.006 0.005 0.019 0.006 0.902     (0.000,0.098) (0.000,0.075) (0.000,0.032) (0.000,0.030) (0.000,0.168) (0.000,0.030) (0.000,0.028) (0.000,0.135) (0.000,0.029) (0.629,1.000) 
 18       30    (0)    1 :  0.016 0.066 0.188 0.025 0.151 0.320 0.007 0.018 0.025 0.183     (0.000,0.095) (0.000,0.556) (0.000,0.788) (0.000,0.163) (0.000,0.728) (0.000,0.727) (0.000,0.034) (0.000,0.109) (0.000,0.147) (0.000,0.702) 
 19       33    (0)    1 :  0.727 0.133 0.005 0.025 0.005 0.016 0.070 0.006 0.006 0.006     (0.000,1.000) (0.000,0.970) (0.000,0.030) (0.000,0.184) (0.000,0.025) (0.000,0.116) (0.000,0.365) (0.000,0.035) (0.000,0.034) (0.000,0.033) 
 20       37    (0)    1 :  0.873 0.013 0.009 0.011 0.008 0.006 0.009 0.013 0.009 0.049     (0.549,1.000) (0.000,0.066) (0.000,0.052) (0.000,0.069) (0.000,0.046) (0.000,0.034) (0.000,0.053) (0.000,0.089) (0.000,0.051) (0.000,0.326) 
 21       38    (0)    1 :  0.915 0.021 0.009 0.005 0.009 0.005 0.005 0.011 0.005 0.015     (0.662,1.000) (0.000,0.126) (0.000,0.052) (0.000,0.028) (0.000,0.051) (0.000,0.027) (0.000,0.025) (0.000,0.075) (0.000,0.029) (0.000,0.104) 
 22       43    (0)    1 :  0.007 0.014 0.044 0.018 0.128 0.007 0.006 0.014 0.009 0.754     (0.000,0.039) (0.000,0.078) (0.000,0.268) (0.000,0.123) (0.000,0.493) (0.000,0.045) (0.000,0.030) (0.000,0.099) (0.000,0.050) (0.415,0.997) 
 23       44    (0)    1 :  0.007 0.010 0.249 0.005 0.680 0.019 0.005 0.003 0.016 0.006     (0.000,0.039) (0.000,0.047) (0.000,0.626) (0.000,0.024) (0.235,0.999) (0.000,0.134) (0.000,0.024) (0.000,0.016) (0.000,0.088) (0.000,0.031) 
 24       48    (0)    1 :  0.946 0.008 0.009 0.005 0.006 0.006 0.003 0.004 0.006 0.006     (0.781,1.000) (0.000,0.036) (0.000,0.055) (0.000,0.025) (0.000,0.031) (0.000,0.035) (0.000,0.018) (0.000,0.021) (0.000,0.034) (0.000,0.036) 
 25       55    (0)    1 :  0.010 0.025 0.103 0.042 0.753 0.014 0.007 0.014 0.023 0.008     (0.000,0.062) (0.000,0.150) (0.000,0.545) (0.000,0.292) (0.176,1.000) (0.000,0.096) (0.000,0.039) (0.000,0.101) (0.000,0.147) (0.000,0.045) 
 26       59    (0)    1 :  0.008 0.007 0.942 0.007 0.008 0.009 0.004 0.004 0.006 0.005     (0.000,0.046) (0.000,0.038) (0.764,1.000) (0.000,0.038) (0.000,0.046) (0.000,0.053) (0.000,0.021) (0.000,0.025) (0.000,0.035) (0.000,0.024) 
 27       60    (0)    1 :  0.011 0.009 0.008 0.891 0.004 0.005 0.009 0.004 0.036 0.021     (0.000,0.073) (0.000,0.050) (0.000,0.048) (0.568,1.000) (0.000,0.023) (0.000,0.026) (0.000,0.054) (0.000,0.022) (0.000,0.136) (0.000,0.152) 
 28       61    (0)    1 :  0.007 0.023 0.015 0.201 0.014 0.057 0.506 0.010 0.162 0.007     (0.000,0.038) (0.000,0.132) (0.000,0.096) (0.000,0.787) (0.000,0.086) (0.000,0.363) (0.000,0.992) (0.000,0.051) (0.000,0.851) (0.000,0.037) 
 29       62    (0)    1 :  0.023 0.048 0.013 0.043 0.017 0.012 0.210 0.017 0.578 0.038     (0.000,0.167) (0.000,0.357) (0.000,0.081) (0.000,0.300) (0.000,0.114) (0.000,0.078) (0.000,0.943) (0.000,0.102) (0.000,0.999) (0.000,0.277) 
 30       65    (0)    1 :  0.747 0.149 0.006 0.015 0.008 0.025 0.015 0.018 0.011 0.005     (0.000,1.000) (0.000,0.962) (0.000,0.031) (0.000,0.104) (0.000,0.046) (0.000,0.173) (0.000,0.104) (0.000,0.128) (0.000,0.062) (0.000,0.028) 
 31       73    (0)    1 :  0.007 0.014 0.007 0.049 0.011 0.723 0.006 0.014 0.029 0.139     (0.000,0.040) (0.000,0.081) (0.000,0.040) (0.000,0.355) (0.000,0.068) (0.357,0.997) (0.000,0.032) (0.000,0.099) (0.000,0.208) (0.000,0.488) 
 32       75    (0)    1 :  0.010 0.011 0.008 0.005 0.005 0.035 0.910 0.005 0.007 0.004     (0.000,0.063) (0.000,0.068) (0.000,0.051) (0.000,0.025) (0.000,0.029) (0.000,0.235) (0.656,1.000) (0.000,0.031) (0.000,0.035) (0.000,0.020) 
 33       76    (0)    1 :  0.004 0.007 0.005 0.009 0.005 0.005 0.923 0.003 0.030 0.010     (0.000,0.020) (0.000,0.034) (0.000,0.029) (0.000,0.049) (0.000,0.025) (0.000,0.030) (0.668,1.000) (0.000,0.016) (0.000,0.181) (0.000,0.063) 
 34       77    (0)    1 :  0.006 0.009 0.005 0.147 0.005 0.005 0.791 0.006 0.016 0.010     (0.000,0.031) (0.000,0.051) (0.000,0.027) (0.000,0.822) (0.000,0.026) (0.000,0.024) (0.038,1.000) (0.000,0.032) (0.000,0.080) (0.000,0.061) 
 35       78    (0)    1 :  0.011 0.027 0.006 0.023 0.011 0.588 0.265 0.010 0.044 0.015     (0.000,0.063) (0.000,0.178) (0.000,0.035) (0.000,0.163) (0.000,0.067) (0.088,0.988) (0.000,0.726) (0.000,0.065) (0.000,0.326) (0.000,0.110) 
 36       79    (0)    1 :  0.010 0.046 0.005 0.006 0.008 0.077 0.780 0.012 0.051 0.004     (0.000,0.064) (0.000,0.307) (0.000,0.025) (0.000,0.035) (0.000,0.053) (0.000,0.398) (0.211,1.000) (0.000,0.079) (0.000,0.370) (0.000,0.024) 
 37       84    (0)    1 :  0.006 0.018 0.771 0.024 0.030 0.010 0.010 0.061 0.054 0.015     (0.000,0.032) (0.000,0.121) (0.401,0.998) (0.000,0.158) (0.000,0.208) (0.000,0.060) (0.000,0.061) (0.000,0.292) (0.000,0.345) (0.000,0.099) 
 38       85    (0)    1 :  0.008 0.013 0.008 0.012 0.903 0.013 0.006 0.015 0.017 0.006     (0.000,0.042) (0.000,0.076) (0.000,0.046) (0.000,0.044) (0.633,1.000) (0.000,0.083) (0.000,0.029) (0.000,0.103) (0.000,0.095) (0.000,0.031) 
 39       86    (0)    1 :  0.009 0.117 0.005 0.013 0.778 0.015 0.009 0.026 0.018 0.011     (0.000,0.052) (0.000,0.740) (0.000,0.025) (0.000,0.054) (0.078,1.000) (0.000,0.100) (0.000,0.050) (0.000,0.179) (0.000,0.123) (0.000,0.072) 
 40       89    (0)    1 :  0.016 0.055 0.545 0.057 0.018 0.007 0.024 0.019 0.084 0.174     (0.000,0.106) (0.000,0.390) (0.000,0.922) (0.000,0.400) (0.000,0.114) (0.000,0.040) (0.000,0.173) (0.000,0.131) (0.000,0.461) (0.000,0.602) 
 41       94    (0)    1 :  0.012 0.007 0.006 0.005 0.008 0.005 0.004 0.003 0.007 0.943     (0.000,0.071) (0.000,0.039) (0.000,0.034) (0.000,0.028) (0.000,0.046) (0.000,0.029) (0.000,0.020) (0.000,0.017) (0.000,0.042) (0.771,1.000) 
 42       95    (0)    1 :  0.014 0.012 0.903 0.018 0.016 0.014 0.005 0.004 0.009 0.006     (0.000,0.092) (0.000,0.062) (0.618,1.000) (0.000,0.121) (0.000,0.095) (0.000,0.092) (0.000,0.026) (0.000,0.020) (0.000,0.048) (0.000,0.032) 
 43       96    (0)    1 :  0.005 0.007 0.007 0.005 0.941 0.006 0.006 0.005 0.008 0.010     (0.000,0.028) (0.000,0.036) (0.000,0.035) (0.000,0.029) (0.755,1.000) (0.000,0.031) (0.000,0.031) (0.000,0.030) (0.000,0.046) (0.000,0.058) 
 44       98    (0)    1 :  0.005 0.021 0.006 0.374 0.007 0.059 0.026 0.116 0.378 0.009     (0.000,0.027) (0.000,0.096) (0.000,0.030) (0.000,0.999) (0.000,0.039) (0.000,0.452) (0.000,0.162) (0.000,0.935) (0.000,1.000) (0.000,0.053) 
 45      102    (0)    1 :  0.398 0.498 0.025 0.014 0.007 0.006 0.011 0.013 0.012 0.016     (0.000,0.995) (0.000,0.999) (0.000,0.185) (0.000,0.086) (0.000,0.036) (0.000,0.033) (0.000,0.074) (0.000,0.090) (0.000,0.078) (0.000,0.109) 
 46      105    (0)    1 :  0.008 0.005 0.005 0.004 0.004 0.955 0.004 0.005 0.004 0.005     (0.000,0.046) (0.000,0.028) (0.000,0.029) (0.000,0.024) (0.000,0.023) (0.815,1.000) (0.000,0.020) (0.000,0.025) (0.000,0.024) (0.000,0.025) 
 47      106    (0)    1 :  0.014 0.268 0.075 0.019 0.022 0.172 0.279 0.017 0.130 0.004     (0.000,0.092) (0.000,0.987) (0.000,0.373) (0.000,0.123) (0.000,0.153) (0.000,0.637) (0.000,0.825) (0.000,0.115) (0.000,0.650) (0.000,0.023) 
 48      108    (0)    1 :  0.050 0.040 0.007 0.044 0.008 0.802 0.025 0.009 0.008 0.007     (0.000,0.328) (0.000,0.292) (0.000,0.037) (0.000,0.256) (0.000,0.049) (0.445,1.000) (0.000,0.180) (0.000,0.054) (0.000,0.042) (0.000,0.042) 
 49      109    (0)    1 :  0.010 0.068 0.010 0.050 0.015 0.647 0.043 0.009 0.142 0.006     (0.000,0.056) (0.000,0.501) (0.000,0.061) (0.000,0.327) (0.000,0.106) (0.000,1.000) (0.000,0.290) (0.000,0.057) (0.000,0.897) (0.000,0.032) 
 50      112    (0)    1 :  0.020 0.221 0.012 0.118 0.263 0.008 0.104 0.010 0.175 0.068     (0.000,0.137) (0.000,0.982) (0.000,0.075) (0.000,0.596) (0.000,0.836) (0.000,0.042) (0.000,0.638) (0.000,0.053) (0.000,0.828) (0.000,0.458) 
 51      115    (0)    1 :  0.178 0.643 0.012 0.063 0.008 0.016 0.013 0.015 0.016 0.036     (0.000,0.953) (0.000,1.000) (0.000,0.073) (0.000,0.453) (0.000,0.046) (0.000,0.105) (0.000,0.078) (0.000,0.093) (0.000,0.087) (0.000,0.254) 
 52      116    (0)    1 :  0.013 0.028 0.010 0.005 0.856 0.023 0.005 0.006 0.046 0.008     (0.000,0.084) (0.000,0.185) (0.000,0.056) (0.000,0.025) (0.398,1.000) (0.000,0.168) (0.000,0.025) (0.000,0.036) (0.000,0.331) (0.000,0.041) 
 53      117    (0)    1 :  0.015 0.023 0.705 0.037 0.068 0.017 0.012 0.012 0.019 0.090     (0.000,0.099) (0.000,0.136) (0.000,1.000) (0.000,0.266) (0.000,0.444) (0.000,0.116) (0.000,0.070) (0.000,0.077) (0.000,0.130) (0.000,0.616) 
 54      129    (0)    1 :  0.007 0.010 0.075 0.007 0.871 0.006 0.003 0.006 0.006 0.010     (0.000,0.043) (0.000,0.053) (0.000,0.467) (0.000,0.041) (0.462,1.000) (0.000,0.030) (0.000,0.017) (0.000,0.035) (0.000,0.030) (0.000,0.050) 
 55      132    (0)    1 :  0.030 0.022 0.015 0.798 0.007 0.006 0.008 0.015 0.021 0.079     (0.000,0.211) (0.000,0.133) (0.000,0.098) (0.312,1.000) (0.000,0.036) (0.000,0.032) (0.000,0.048) (0.000,0.101) (0.000,0.071) (0.000,0.440) 
 56      133    (0)    1 :  0.005 0.013 0.007 0.394 0.005 0.054 0.041 0.107 0.369 0.006     (0.000,0.026) (0.000,0.056) (0.000,0.036) (0.000,1.000) (0.000,0.026) (0.000,0.407) (0.000,0.296) (0.000,0.942) (0.000,1.000) (0.000,0.035) 
 57      137    (7)    1 :  0.009 0.023 0.010 0.441 0.010 0.010 0.385 0.007 0.087 0.016     (0.000,0.053) (0.000,0.143) (0.000,0.058) (0.000,0.994) (0.000,0.063) (0.000,0.061) (0.000,0.987) (0.000,0.034) (0.000,0.643) (0.000,0.111) 
 58      139    (0)    1 :  0.010 0.014 0.008 0.006 0.008 0.008 0.923 0.009 0.008 0.006     (0.000,0.065) (0.000,0.080) (0.000,0.050) (0.000,0.031) (0.000,0.044) (0.000,0.044) (0.701,1.000) (0.000,0.058) (0.000,0.042) (0.000,0.034) 
 59      140    (0)    1 :  0.014 0.042 0.031 0.045 0.013 0.684 0.049 0.004 0.112 0.006     (0.000,0.089) (0.000,0.298) (0.000,0.229) (0.000,0.332) (0.000,0.073) (0.027,0.999) (0.000,0.320) (0.000,0.021) (0.000,0.685) (0.000,0.030) 
 60      142    (0)    1 :  0.008 0.015 0.036 0.018 0.009 0.008 0.665 0.003 0.226 0.012     (0.000,0.046) (0.000,0.089) (0.000,0.264) (0.000,0.116) (0.000,0.051) (0.000,0.047) (0.000,1.000) (0.000,0.017) (0.000,0.949) (0.000,0.078) 
 61      144    (0)    1 :  0.004 0.005 0.007 0.007 0.004 0.955 0.005 0.004 0.006 0.004     (0.000,0.024) (0.000,0.024) (0.000,0.040) (0.000,0.043) (0.000,0.021) (0.814,1.000) (0.000,0.029) (0.000,0.021) (0.000,0.033) (0.000,0.019) 
 62      145    (0)    1 :  0.006 0.009 0.006 0.009 0.006 0.008 0.167 0.005 0.780 0.004     (0.000,0.033) (0.000,0.040) (0.000,0.032) (0.000,0.043) (0.000,0.031) (0.000,0.045) (0.000,0.994) (0.000,0.027) (0.000,1.000) (0.000,0.023) 
 63      147    (0)    1 :  0.005 0.009 0.004 0.006 0.008 0.919 0.022 0.013 0.011 0.004     (0.000,0.029) (0.000,0.053) (0.000,0.021) (0.000,0.034) (0.000,0.047) (0.687,1.000) (0.000,0.155) (0.000,0.086) (0.000,0.063) (0.000,0.022) 
 64      160    (0)    1 :  0.006 0.005 0.007 0.006 0.006 0.004 0.004 0.004 0.005 0.953     (0.000,0.034) (0.000,0.027) (0.000,0.044) (0.000,0.029) (0.000,0.032) (0.000,0.023) (0.000,0.022) (0.000,0.020) (0.000,0.024) (0.807,1.000) 
 65     162*    (0)    1 :  0.005 0.008 0.005 0.007 0.936 0.006 0.006 0.006 0.009 0.011     (0.000,0.030) (0.000,0.039) (0.000,0.029) (0.000,0.030) (0.741,1.000) (0.000,0.032) (0.000,0.032) (0.000,0.035) (0.000,0.049) (0.000,0.067) 
 66      166    (0)    1 :  0.004 0.007 0.010 0.893 0.005 0.014 0.010 0.006 0.046 0.004     (0.000,0.024) (0.000,0.036) (0.000,0.056) (0.518,1.000) (0.000,0.028) (0.000,0.082) (0.000,0.056) (0.000,0.033) (0.000,0.239) (0.000,0.022) 
 67      177    (0)    1 :  0.004 0.005 0.004 0.005 0.003 0.004 0.964 0.003 0.005 0.004     (0.000,0.019) (0.000,0.026) (0.000,0.020) (0.000,0.026) (0.000,0.017) (0.000,0.019) (0.849,1.000) (0.000,0.017) (0.000,0.027) (0.000,0.019) 
 68      178    (0)    1 :  0.009 0.021 0.008 0.023 0.014 0.011 0.822 0.040 0.024 0.028     (0.000,0.054) (0.000,0.135) (0.000,0.047) (0.000,0.166) (0.000,0.089) (0.000,0.072) (0.459,1.000) (0.000,0.246) (0.000,0.162) (0.000,0.208) 
 69      186    (0)    1 :  0.004 0.004 0.962 0.005 0.005 0.003 0.003 0.003 0.005 0.005     (0.000,0.023) (0.000,0.022) (0.841,1.000) (0.000,0.025) (0.000,0.028) (0.000,0.018) (0.000,0.019) (0.000,0.017) (0.000,0.024) (0.000,0.025) 
 70      189    (0)    1 :  0.006 0.007 0.006 0.006 0.913 0.004 0.007 0.004 0.033 0.014     (0.000,0.033) (0.000,0.036) (0.000,0.031) (0.000,0.024) (0.654,1.000) (0.000,0.018) (0.000,0.040) (0.000,0.022) (0.000,0.133) (0.000,0.092) 
 71      190    (0)    1 :  0.016 0.026 0.049 0.021 0.750 0.008 0.012 0.037 0.026 0.056     (0.000,0.107) (0.000,0.158) (0.000,0.338) (0.000,0.150) (0.123,1.000) (0.000,0.046) (0.000,0.075) (0.000,0.253) (0.000,0.187) (0.000,0.405) 
 72      191    (0)    1 :  0.008 0.025 0.364 0.010 0.420 0.035 0.015 0.005 0.100 0.018     (0.000,0.047) (0.000,0.159) (0.000,0.863) (0.000,0.056) (0.000,0.988) (0.000,0.254) (0.000,0.101) (0.000,0.025) (0.000,0.545) (0.000,0.118) 
 73      193    (0)    1 :  0.009 0.013 0.023 0.032 0.011 0.013 0.121 0.005 0.760 0.013     (0.000,0.056) (0.000,0.060) (0.000,0.158) (0.000,0.154) (0.000,0.059) (0.000,0.081) (0.000,0.935) (0.000,0.025) (0.000,1.000) (0.000,0.086) 
 74      202    (0)    1 :  0.020 0.566 0.011 0.062 0.092 0.007 0.008 0.020 0.031 0.183     (0.000,0.134) (0.000,0.999) (0.000,0.067) (0.000,0.471) (0.000,0.528) (0.000,0.038) (0.000,0.041) (0.000,0.138) (0.000,0.216) (0.000,0.651) 
 75      204    (0)    1 :  0.005 0.006 0.353 0.006 0.603 0.006 0.003 0.003 0.005 0.009     (0.000,0.025) (0.000,0.032) (0.000,0.999) (0.000,0.031) (0.000,1.000) (0.000,0.033) (0.000,0.018) (0.000,0.018) (0.000,0.027) (0.000,0.050) 
 76      211    (0)    1 :  0.016 0.062 0.015 0.674 0.009 0.047 0.060 0.014 0.028 0.075     (0.000,0.094) (0.000,0.446) (0.000,0.103) (0.000,0.999) (0.000,0.055) (0.000,0.335) (0.000,0.321) (0.000,0.092) (0.000,0.160) (0.000,0.469) 
 77      216    (0)    1 :  0.005 0.019 0.004 0.387 0.006 0.496 0.031 0.013 0.024 0.014     (0.000,0.026) (0.000,0.120) (0.000,0.023) (0.000,0.822) (0.000,0.035) (0.033,0.982) (0.000,0.202) (0.000,0.082) (0.000,0.134) (0.000,0.096) 
 78      222    (0)    1 :  0.050 0.066 0.004 0.011 0.018 0.639 0.009 0.019 0.175 0.008     (0.000,0.356) (0.000,0.513) (0.000,0.024) (0.000,0.057) (0.000,0.097) (0.000,1.000) (0.000,0.046) (0.000,0.119) (0.000,0.941) (0.000,0.037) 
 79      224    (0)    1 :  0.010 0.009 0.008 0.005 0.892 0.010 0.005 0.005 0.042 0.013     (0.000,0.055) (0.000,0.045) (0.000,0.044) (0.000,0.028) (0.546,1.000) (0.000,0.065) (0.000,0.028) (0.000,0.025) (0.000,0.229) (0.000,0.085) 
 80      226    (0)    1 :  0.008 0.017 0.932 0.011 0.008 0.005 0.004 0.003 0.007 0.005     (0.000,0.045) (0.000,0.117) (0.723,1.000) (0.000,0.073) (0.000,0.042) (0.000,0.024) (0.000,0.024) (0.000,0.017) (0.000,0.039) (0.000,0.026) 
 81      229    (0)    1 :  0.016 0.166 0.021 0.025 0.454 0.016 0.021 0.181 0.049 0.050     (0.000,0.103) (0.000,0.955) (0.000,0.144) (0.000,0.152) (0.000,0.952) (0.000,0.099) (0.000,0.147) (0.000,0.677) (0.000,0.325) (0.000,0.385) 
 82      230    (0)    1 :  0.016 0.151 0.035 0.011 0.672 0.013 0.042 0.006 0.014 0.040     (0.000,0.091) (0.000,0.955) (0.000,0.252) (0.000,0.057) (0.000,1.000) (0.000,0.093) (0.000,0.270) (0.000,0.036) (0.000,0.086) (0.000,0.295) 
 83      232    (0)    1 :  0.016 0.129 0.102 0.076 0.053 0.015 0.041 0.008 0.294 0.265     (0.000,0.093) (0.000,0.840) (0.000,0.544) (0.000,0.556) (0.000,0.389) (0.000,0.100) (0.000,0.299) (0.000,0.041) (0.000,0.910) (0.000,0.716) 
 84      238    (0)    1 :  0.118 0.714 0.005 0.017 0.019 0.022 0.043 0.010 0.047 0.006     (0.000,0.739) (0.000,1.000) (0.000,0.026) (0.000,0.101) (0.000,0.127) (0.000,0.156) (0.000,0.303) (0.000,0.060) (0.000,0.334) (0.000,0.035) 
 85      242    (0)    1 :  0.885 0.036 0.006 0.011 0.007 0.009 0.004 0.033 0.006 0.004     (0.564,1.000) (0.000,0.169) (0.000,0.036) (0.000,0.066) (0.000,0.041) (0.000,0.053) (0.000,0.022) (0.000,0.223) (0.000,0.030) (0.000,0.021) 
 86      243    (0)    1 :  0.472 0.317 0.023 0.068 0.008 0.016 0.019 0.008 0.061 0.008     (0.000,0.995) (0.000,0.997) (0.000,0.164) (0.000,0.432) (0.000,0.046) (0.000,0.100) (0.000,0.133) (0.000,0.045) (0.000,0.422) (0.000,0.046) 
 87      244    (0)    1 :  0.179 0.632 0.006 0.013 0.011 0.005 0.126 0.010 0.009 0.008     (0.000,0.804) (0.000,1.000) (0.000,0.033) (0.000,0.086) (0.000,0.066) (0.000,0.031) (0.000,0.574) (0.000,0.059) (0.000,0.052) (0.000,0.049) 
 88      251    (0)    1 :  0.090 0.685 0.008 0.026 0.025 0.010 0.016 0.019 0.040 0.081     (0.000,0.658) (0.000,1.000) (0.000,0.047) (0.000,0.121) (0.000,0.176) (0.000,0.059) (0.000,0.093) (0.000,0.119) (0.000,0.298) (0.000,0.486) 
 89      266    (0)    1 :  0.057 0.415 0.009 0.110 0.009 0.009 0.308 0.038 0.039 0.005     (0.000,0.359) (0.000,0.996) (0.000,0.054) (0.000,0.536) (0.000,0.054) (0.000,0.051) (0.000,0.791) (0.000,0.257) (0.000,0.287) (0.000,0.028) 
 90      267    (0)    1 :  0.018 0.044 0.045 0.106 0.016 0.653 0.011 0.013 0.089 0.006     (0.000,0.125) (0.000,0.321) (0.000,0.307) (0.000,0.532) (0.000,0.105) (0.000,0.999) (0.000,0.063) (0.000,0.085) (0.000,0.860) (0.000,0.033) 
 91      268    (0)    1 :  0.006 0.026 0.006 0.283 0.005 0.069 0.407 0.104 0.056 0.037     (0.000,0.033) (0.000,0.153) (0.000,0.032) (0.000,0.968) (0.000,0.027) (0.000,0.478) (0.000,0.971) (0.000,0.557) (0.000,0.463) (0.000,0.266) 
 92      270    (0)    1 :  0.010 0.010 0.017 0.008 0.902 0.011 0.005 0.007 0.013 0.019     (0.000,0.058) (0.000,0.050) (0.000,0.107) (0.000,0.042) (0.615,1.000) (0.000,0.068) (0.000,0.027) (0.000,0.038) (0.000,0.077) (0.000,0.130) 
 93      276    (0)    1 :  0.016 0.046 0.309 0.028 0.393 0.035 0.041 0.009 0.103 0.021     (0.000,0.104) (0.000,0.342) (0.000,0.827) (0.000,0.202) (0.000,0.996) (0.000,0.257) (0.000,0.293) (0.000,0.059) (0.000,0.582) (0.000,0.146) 
 94      298    (7)    1 :  0.010 0.030 0.020 0.081 0.008 0.611 0.177 0.028 0.024 0.011     (0.000,0.060) (0.000,0.206) (0.000,0.140) (0.000,0.516) (0.000,0.042) (0.004,0.992) (0.000,0.667) (0.000,0.202) (0.000,0.149) (0.000,0.073) 
 95      306    (0)    1 :  0.013 0.031 0.007 0.562 0.008 0.010 0.021 0.008 0.337 0.005     (0.000,0.080) (0.000,0.196) (0.000,0.038) (0.086,0.980) (0.000,0.041) (0.000,0.063) (0.000,0.134) (0.000,0.045) (0.000,0.761) (0.000,0.026) 
 96      308    (0)    1 :  0.032 0.113 0.008 0.040 0.013 0.069 0.571 0.012 0.058 0.084     (0.000,0.235) (0.000,0.790) (0.000,0.048) (0.000,0.285) (0.000,0.080) (0.000,0.471) (0.000,0.995) (0.000,0.070) (0.000,0.421) (0.000,0.423) 
 97      311    (7)    1 :  0.037 0.229 0.007 0.036 0.019 0.114 0.009 0.017 0.516 0.016     (0.000,0.260) (0.000,0.986) (0.000,0.039) (0.000,0.250) (0.000,0.122) (0.000,0.746) (0.000,0.053) (0.000,0.106) (0.000,0.999) (0.000,0.106) 
 98      323    (0)    1 :  0.009 0.006 0.947 0.005 0.007 0.007 0.004 0.004 0.006 0.005     (0.000,0.053) (0.000,0.032) (0.783,1.000) (0.000,0.027) (0.000,0.038) (0.000,0.039) (0.000,0.023) (0.000,0.025) (0.000,0.029) (0.000,0.025) 
 99      327    (0)    1 :  0.016 0.071 0.024 0.037 0.589 0.011 0.006 0.015 0.019 0.211     (0.000,0.109) (0.000,0.527) (0.000,0.175) (0.000,0.264) (0.000,0.990) (0.000,0.064) (0.000,0.036) (0.000,0.101) (0.000,0.132) (0.000,0.696) 
100      334    (0)    1 :  0.007 0.006 0.003 0.005 0.005 0.006 0.004 0.955 0.004 0.006     (0.000,0.036) (0.000,0.030) (0.000,0.017) (0.000,0.025) (0.000,0.028) (0.000,0.034) (0.000,0.023) (0.813,1.000) (0.000,0.018) (0.000,0.036) 
101      338    (0)    1 :  0.014 0.194 0.018 0.081 0.032 0.171 0.019 0.010 0.433 0.027     (0.000,0.084) (0.000,0.972) (0.000,0.124) (0.000,0.512) (0.000,0.232) (0.000,0.866) (0.000,0.119) (0.000,0.056) (0.000,0.996) (0.000,0.198) 
102      341    (0)    1 :  0.013 0.011 0.898 0.035 0.008 0.006 0.006 0.006 0.010 0.008     (0.000,0.087) (0.000,0.064) (0.614,1.000) (0.000,0.238) (0.000,0.044) (0.000,0.031) (0.000,0.030) (0.000,0.032) (0.000,0.055) (0.000,0.044) 
103      346    (0)    1 :  0.007 0.017 0.012 0.527 0.008 0.005 0.345 0.004 0.047 0.029     (0.000,0.037) (0.000,0.091) (0.000,0.070) (0.000,0.999) (0.000,0.044) (0.000,0.027) (0.000,0.993) (0.000,0.023) (0.000,0.311) (0.000,0.216) 
104      348    (0)    1 :  0.017 0.042 0.007 0.011 0.008 0.539 0.195 0.013 0.161 0.006     (0.000,0.114) (0.000,0.303) (0.000,0.041) (0.000,0.064) (0.000,0.047) (0.000,0.990) (0.000,0.665) (0.000,0.087) (0.000,0.655) (0.000,0.034) 
105      351    (0)    1 :  0.120 0.185 0.013 0.451 0.009 0.009 0.010 0.140 0.027 0.035     (0.000,0.750) (0.000,0.964) (0.000,0.086) (0.000,0.996) (0.000,0.049) (0.000,0.054) (0.000,0.056) (0.000,0.674) (0.000,0.166) (0.000,0.257) 
106      362    (0)    1 :  0.006 0.011 0.147 0.007 0.746 0.006 0.005 0.005 0.009 0.056     (0.000,0.032) (0.000,0.058) (0.000,0.870) (0.000,0.039) (0.000,1.000) (0.000,0.033) (0.000,0.027) (0.000,0.023) (0.000,0.047) (0.000,0.413) 
107      364    (0)    1 :  0.819 0.055 0.010 0.037 0.006 0.008 0.011 0.023 0.020 0.011     (0.353,1.000) (0.000,0.421) (0.000,0.058) (0.000,0.253) (0.000,0.032) (0.000,0.045) (0.000,0.070) (0.000,0.165) (0.000,0.141) (0.000,0.076) 
108      366    (0)    1 :  0.820 0.069 0.010 0.035 0.015 0.020 0.009 0.005 0.011 0.007     (0.188,1.000) (0.000,0.606) (0.000,0.062) (0.000,0.258) (0.000,0.093) (0.000,0.135) (0.000,0.051) (0.000,0.024) (0.000,0.061) (0.000,0.036) 
109      376    (0)    1 :  0.006 0.009 0.901 0.009 0.023 0.003 0.016 0.004 0.016 0.013     (0.000,0.031) (0.000,0.049) (0.645,1.000) (0.000,0.051) (0.000,0.162) (0.000,0.016) (0.000,0.112) (0.000,0.022) (0.000,0.111) (0.000,0.087) 
110      377    (7)    1 :  0.018 0.040 0.021 0.030 0.317 0.022 0.008 0.007 0.155 0.381     (0.000,0.109) (0.000,0.277) (0.000,0.144) (0.000,0.169) (0.000,0.975) (0.000,0.155) (0.000,0.043) (0.000,0.035) (0.000,0.895) (0.000,0.995) 
111      378    (0)    1 :  0.004 0.007 0.014 0.015 0.006 0.005 0.017 0.005 0.014 0.913     (0.000,0.023) (0.000,0.036) (0.000,0.096) (0.000,0.097) (0.000,0.034) (0.000,0.027) (0.000,0.117) (0.000,0.025) (0.000,0.095) (0.684,1.000) 
112      388    (0)    1 :  0.016 0.053 0.011 0.241 0.015 0.437 0.013 0.033 0.147 0.033     (0.000,0.104) (0.000,0.416) (0.000,0.067) (0.000,0.884) (0.000,0.102) (0.000,0.996) (0.000,0.085) (0.000,0.240) (0.000,0.932) (0.000,0.242) 
113      391    (0)    1 :  0.012 0.060 0.417 0.263 0.008 0.014 0.008 0.004 0.092 0.122     (0.000,0.066) (0.000,0.469) (0.000,0.846) (0.000,0.886) (0.000,0.046) (0.000,0.092) (0.000,0.046) (0.000,0.020) (0.000,0.558) (0.000,0.481) 
114      396   (14)    1 :  0.008 0.071 0.045 0.038 0.640 0.013 0.016 0.032 0.118 0.019     (0.000,0.045) (0.000,0.556) (0.000,0.331) (0.000,0.266) (0.013,0.993) (0.000,0.072) (0.000,0.106) (0.000,0.217) (0.000,0.538) (0.000,0.128) 
115      400   (14)    1 :  0.149 0.075 0.011 0.018 0.298 0.009 0.008 0.043 0.052 0.337     (0.000,0.823) (0.000,0.674) (0.000,0.072) (0.000,0.076) (0.000,0.941) (0.000,0.052) (0.000,0.046) (0.000,0.294) (0.000,0.445) (0.000,0.989) 
116      401    (0)    1 :  0.054 0.473 0.076 0.007 0.182 0.006 0.073 0.019 0.098 0.010     (0.000,0.387) (0.000,0.999) (0.000,0.499) (0.000,0.036) (0.000,0.675) (0.000,0.034) (0.000,0.437) (0.000,0.135) (0.000,0.569) (0.000,0.060) 
117      406    (0)    1 :  0.039 0.145 0.113 0.235 0.016 0.062 0.026 0.008 0.342 0.014     (0.000,0.278) (0.000,0.936) (0.000,0.614) (0.000,0.935) (0.000,0.101) (0.000,0.433) (0.000,0.182) (0.000,0.042) (0.000,0.992) (0.000,0.090) 
118      412    (7)    1 :  0.015 0.048 0.023 0.127 0.026 0.038 0.016 0.008 0.676 0.023     (0.000,0.092) (0.000,0.349) (0.000,0.166) (0.000,0.882) (0.000,0.182) (0.000,0.246) (0.000,0.085) (0.000,0.032) (0.000,1.000) (0.000,0.163) 
119      413    (0)    1 :  0.023 0.040 0.004 0.011 0.019 0.020 0.136 0.121 0.621 0.006     (0.000,0.167) (0.000,0.269) (0.000,0.020) (0.000,0.050) (0.000,0.124) (0.000,0.133) (0.000,0.837) (0.000,0.455) (0.000,0.999) (0.000,0.032) 
120      421    (0)    1 :  0.012 0.054 0.015 0.026 0.748 0.014 0.022 0.009 0.092 0.008     (0.000,0.068) (0.000,0.411) (0.000,0.099) (0.000,0.177) (0.123,1.000) (0.000,0.087) (0.000,0.157) (0.000,0.054) (0.000,0.555) (0.000,0.047) 
121      423    (0)    1 :  0.028 0.060 0.016 0.010 0.706 0.042 0.009 0.007 0.113 0.010     (0.000,0.202) (0.000,0.502) (0.000,0.109) (0.000,0.042) (0.000,1.000) (0.000,0.304) (0.000,0.048) (0.000,0.035) (0.000,0.821) (0.000,0.060) 
122      424    (0)    1 :  0.024 0.040 0.173 0.364 0.010 0.018 0.016 0.008 0.331 0.017     (0.000,0.168) (0.000,0.277) (0.000,0.775) (0.000,0.996) (0.000,0.055) (0.000,0.119) (0.000,0.094) (0.000,0.045) (0.000,0.986) (0.000,0.113) 
123      426    (0)    1 :  0.025 0.059 0.102 0.118 0.030 0.009 0.021 0.014 0.046 0.576     (0.000,0.179) (0.000,0.411) (0.000,0.524) (0.000,0.843) (0.000,0.207) (0.000,0.053) (0.000,0.155) (0.000,0.085) (0.000,0.326) (0.000,0.993) 
124      430    (7)    1 :  0.005 0.013 0.020 0.341 0.011 0.020 0.035 0.015 0.529 0.011     (0.000,0.027) (0.000,0.068) (0.000,0.120) (0.000,0.990) (0.000,0.058) (0.000,0.132) (0.000,0.240) (0.000,0.099) (0.000,0.997) (0.000,0.064) 
125      435    (0)    1 :  0.004 0.009 0.005 0.012 0.007 0.024 0.587 0.004 0.336 0.013     (0.000,0.023) (0.000,0.048) (0.000,0.025) (0.000,0.067) (0.000,0.036) (0.000,0.165) (0.000,1.000) (0.000,0.021) (0.000,0.913) (0.000,0.081) 
126      476    (0)    1 :  0.026 0.039 0.761 0.009 0.107 0.004 0.023 0.005 0.017 0.012     (0.000,0.172) (0.000,0.271) (0.344,0.999) (0.000,0.050) (0.000,0.538) (0.000,0.021) (0.000,0.163) (0.000,0.027) (0.000,0.118) (0.000,0.083) 
127      478    (0)    1 :  0.027 0.023 0.681 0.018 0.196 0.009 0.005 0.008 0.017 0.015     (0.000,0.192) (0.000,0.167) (0.228,0.992) (0.000,0.102) (0.000,0.659) (0.000,0.058) (0.000,0.028) (0.000,0.049) (0.000,0.113) (0.000,0.095) 
128      484    (0)    1 :  0.006 0.018 0.018 0.240 0.007 0.505 0.038 0.027 0.133 0.009     (0.000,0.033) (0.000,0.103) (0.000,0.126) (0.000,0.775) (0.000,0.039) (0.000,0.990) (0.000,0.270) (0.000,0.177) (0.000,0.873) (0.000,0.053) 
129      489    (0)    1 :  0.005 0.016 0.006 0.069 0.034 0.140 0.007 0.005 0.216 0.502     (0.000,0.025) (0.000,0.076) (0.000,0.036) (0.000,0.619) (0.000,0.244) (0.000,0.551) (0.000,0.033) (0.000,0.025) (0.000,0.962) (0.000,0.994) 
130      492   (14)    1 :  0.004 0.004 0.004 0.005 0.003 0.004 0.004 0.964 0.004 0.003     (0.000,0.021) (0.000,0.021) (0.000,0.018) (0.000,0.029) (0.000,0.017) (0.000,0.021) (0.000,0.018) (0.850,1.000) (0.000,0.022) (0.000,0.018) 
131      493    (0)    1 :  0.898 0.030 0.008 0.009 0.009 0.007 0.006 0.005 0.016 0.012     (0.620,1.000) (0.000,0.186) (0.000,0.046) (0.000,0.058) (0.000,0.055) (0.000,0.039) (0.000,0.036) (0.000,0.024) (0.000,0.116) (0.000,0.080) 
132      494    (0)    1 :  0.668 0.215 0.010 0.008 0.019 0.007 0.007 0.009 0.009 0.047     (0.000,1.000) (0.000,0.988) (0.000,0.058) (0.000,0.036) (0.000,0.140) (0.000,0.045) (0.000,0.041) (0.000,0.059) (0.000,0.049) (0.000,0.319) 
133      500    (0)    1 :  0.008 0.019 0.062 0.008 0.876 0.004 0.004 0.003 0.006 0.009     (0.000,0.042) (0.000,0.087) (0.000,0.428) (0.000,0.037) (0.429,1.000) (0.000,0.023) (0.000,0.021) (0.000,0.014) (0.000,0.030) (0.000,0.055) 
134      504    (0)    1 :  0.023 0.085 0.011 0.072 0.051 0.523 0.022 0.087 0.067 0.059     (0.000,0.162) (0.000,0.649) (0.000,0.072) (0.000,0.485) (0.000,0.341) (0.000,0.967) (0.000,0.146) (0.000,0.450) (0.000,0.533) (0.000,0.340) 
135      506    (0)    1 :  0.005 0.006 0.014 0.010 0.016 0.903 0.004 0.003 0.033 0.005     (0.000,0.028) (0.000,0.033) (0.000,0.097) (0.000,0.051) (0.000,0.111) (0.563,1.000) (0.000,0.019) (0.000,0.017) (0.000,0.219) (0.000,0.027) 


Estimated Allele Frequencies in each cluster
First column gives estimated ancestral frequencies


Locus 1 : Rsu5 
5 alleles
1.5% missing data
 137   (0.748) 0.647 0.753 0.974 0.875 0.970 0.346 0.822 0.226 0.864 0.933 
 135   (0.083) 0.139 0.082 0.013 0.094 0.008 0.013 0.037 0.015 0.060 0.034 
 139   (0.102) 0.169 0.103 0.009 0.016 0.016 0.012 0.048 0.748 0.046 0.028 
 133   (0.021) 0.032 0.019 0.001 0.003 0.002 0.002 0.003 0.003 0.003 0.002 
 131   (0.046) 0.012 0.042 0.003 0.012 0.004 0.628 0.091 0.007 0.028 0.003 

Locus 2 : Scv1 
5 alleles
0.7% missing data
 181   (0.539) 0.737 0.545 0.960 0.373 0.593 0.371 0.367 0.145 0.344 0.816 
 179   (0.183) 0.133 0.177 0.016 0.394 0.146 0.085 0.263 0.773 0.126 0.082 
 177   (0.112) 0.056 0.111 0.011 0.194 0.015 0.193 0.035 0.035 0.326 0.088 
 185   (0.136) 0.054 0.134 0.010 0.035 0.244 0.349 0.331 0.043 0.199 0.011 
 171   (0.030) 0.020 0.033 0.002 0.004 0.003 0.003 0.004 0.005 0.004 0.003 

Locus 3 : Rsu4 
9 alleles
0.0% missing data
 267   (0.203) 0.313 0.203 0.137 0.049 0.290 0.130 0.094 0.723 0.061 0.098 
 263   (0.318) 0.259 0.310 0.509 0.376 0.237 0.374 0.347 0.137 0.671 0.810 
 259   (0.048) 0.012 0.044 0.233 0.010 0.232 0.005 0.007 0.009 0.015 0.032 
 287   (0.177) 0.133 0.177 0.103 0.465 0.201 0.150 0.071 0.035 0.164 0.031 
 275   (0.037) 0.147 0.037 0.002 0.006 0.003 0.003 0.009 0.008 0.005 0.003 
 279   (0.083) 0.041 0.093 0.006 0.024 0.009 0.010 0.284 0.038 0.016 0.013 
 283   (0.073) 0.037 0.071 0.005 0.060 0.006 0.321 0.179 0.035 0.058 0.005 
 291   (0.038) 0.014 0.042 0.002 0.007 0.018 0.004 0.005 0.011 0.006 0.005 
 271   (0.024) 0.043 0.024 0.002 0.003 0.002 0.002 0.003 0.004 0.003 0.002 

Locus 4 : Rsu6 
5 alleles
0.0% missing data
 120   (0.241) 0.203 0.236 0.283 0.437 0.276 0.059 0.222 0.102 0.200 0.535 
 126   (0.627) 0.614 0.636 0.559 0.547 0.508 0.925 0.760 0.855 0.780 0.384 
 124   (0.087) 0.053 0.088 0.156 0.012 0.196 0.011 0.012 0.037 0.013 0.078 
 130   (0.024) 0.123 0.022 0.001 0.003 0.002 0.002 0.003 0.003 0.003 0.002 
 114   (0.020) 0.006 0.019 0.001 0.002 0.018 0.003 0.003 0.003 0.004 0.001 

Locus 5 : Scv23 
3 alleles
1.5% missing data
 158   (0.528) 0.453 0.527 0.373 0.497 0.738 0.823 0.559 0.544 0.592 0.465 
 164   (0.180) 0.284 0.176 0.437 0.280 0.050 0.097 0.028 0.385 0.109 0.062 
 160   (0.292) 0.263 0.297 0.189 0.222 0.212 0.079 0.413 0.071 0.299 0.473 

Locus 6 : Scv13 
5 alleles
0.0% missing data
 182   (0.716) 0.712 0.704 0.803 0.931 0.915 0.901 0.503 0.953 0.900 0.975 
 180   (0.099) 0.100 0.103 0.169 0.017 0.065 0.010 0.015 0.016 0.025 0.012 
 172   (0.077) 0.040 0.079 0.006 0.036 0.007 0.076 0.331 0.012 0.032 0.006 
 184   (0.065) 0.135 0.069 0.019 0.009 0.010 0.008 0.012 0.012 0.029 0.005 
 174   (0.043) 0.013 0.045 0.003 0.007 0.004 0.005 0.139 0.007 0.014 0.003 

Locus 7 : Scv32 
18 alleles
0.7% missing data
 236   (0.042) 0.149 0.046 0.003 0.007 0.004 0.004 0.006 0.011 0.006 0.003 
 238   (0.041) 0.019 0.038 0.003 0.292 0.004 0.063 0.006 0.012 0.034 0.003 
 234   (0.133) 0.049 0.131 0.347 0.276 0.019 0.061 0.660 0.104 0.423 0.063 
 246   (0.053) 0.016 0.050 0.312 0.010 0.202 0.007 0.011 0.021 0.020 0.022 
 248   (0.095) 0.105 0.094 0.007 0.084 0.143 0.020 0.012 0.327 0.035 0.407 
 262   (0.110) 0.036 0.117 0.020 0.048 0.255 0.028 0.024 0.153 0.145 0.182 
 232   (0.157) 0.436 0.160 0.148 0.046 0.135 0.548 0.038 0.042 0.182 0.012 
 250   (0.032) 0.008 0.031 0.004 0.040 0.003 0.003 0.004 0.006 0.008 0.254 
 228   (0.027) 0.010 0.032 0.002 0.004 0.002 0.003 0.004 0.006 0.004 0.002 
 220   (0.050) 0.013 0.051 0.081 0.008 0.189 0.005 0.007 0.013 0.008 0.006 
 264   (0.049) 0.061 0.047 0.037 0.119 0.006 0.005 0.019 0.012 0.027 0.006 
 252   (0.043) 0.011 0.040 0.003 0.009 0.012 0.095 0.100 0.010 0.013 0.004 
 254   (0.047) 0.012 0.043 0.003 0.035 0.004 0.082 0.091 0.239 0.010 0.005 
 242   (0.024) 0.038 0.024 0.002 0.003 0.002 0.002 0.003 0.005 0.003 0.002 
 266   (0.028) 0.008 0.028 0.002 0.007 0.003 0.029 0.004 0.007 0.048 0.002 
 244   (0.032) 0.016 0.030 0.002 0.006 0.015 0.039 0.004 0.022 0.028 0.025 
 226   (0.019) 0.005 0.017 0.023 0.003 0.002 0.002 0.002 0.004 0.003 0.001 
 240   (0.019) 0.009 0.020 0.001 0.002 0.002 0.002 0.005 0.004 0.002 0.001 

Locus 8 : Scv8 
6 alleles
0.7% missing data
 200   (0.646) 0.611 0.655 0.844 0.839 0.672 0.613 0.399 0.869 0.609 0.806 
 202   (0.086) 0.210 0.083 0.006 0.085 0.008 0.061 0.037 0.041 0.085 0.007 
 194   (0.083) 0.029 0.078 0.138 0.035 0.111 0.009 0.058 0.021 0.231 0.014 
 204   (0.050) 0.016 0.051 0.004 0.009 0.030 0.005 0.007 0.026 0.013 0.136 
 198   (0.072) 0.101 0.073 0.005 0.013 0.174 0.007 0.012 0.025 0.027 0.033 
 188   (0.063) 0.032 0.060 0.004 0.019 0.006 0.305 0.488 0.018 0.035 0.004 

Locus 9 : Scv9 
5 alleles
0.0% missing data
 198   (0.311) 0.161 0.307 0.419 0.756 0.106 0.299 0.549 0.484 0.326 0.462 
 200   (0.338) 0.573 0.337 0.381 0.112 0.527 0.350 0.103 0.421 0.135 0.417 
 196   (0.286) 0.249 0.295 0.036 0.121 0.361 0.340 0.215 0.085 0.526 0.116 
 204   (0.045) 0.011 0.043 0.162 0.009 0.004 0.007 0.105 0.007 0.010 0.003 
 202   (0.020) 0.005 0.019 0.001 0.003 0.002 0.004 0.027 0.004 0.004 0.001 

Locus 10 : Rsu1 
6 alleles
0.0% missing data
 189   (0.312) 0.558 0.322 0.474 0.218 0.051 0.078 0.270 0.432 0.285 0.039 
 185   (0.267) 0.166 0.261 0.154 0.488 0.228 0.810 0.105 0.467 0.459 0.048 
 177   (0.082) 0.026 0.084 0.011 0.014 0.160 0.070 0.036 0.028 0.019 0.011 
 181   (0.243) 0.226 0.243 0.048 0.258 0.195 0.033 0.575 0.047 0.217 0.859 
 193   (0.057) 0.015 0.054 0.077 0.017 0.281 0.005 0.008 0.019 0.014 0.039 
 197   (0.039) 0.010 0.036 0.235 0.005 0.085 0.004 0.005 0.006 0.007 0.003 

Locus 11 : Scv14 
7 alleles
4.4% missing data
 196   (0.541) 0.520 0.533 0.934 0.425 0.811 0.616 0.667 0.110 0.725 0.931 
 198   (0.076) 0.093 0.076 0.005 0.367 0.007 0.023 0.046 0.018 0.020 0.006 
 194   (0.140) 0.240 0.143 0.020 0.035 0.076 0.047 0.187 0.031 0.114 0.038 
 202   (0.180) 0.120 0.184 0.036 0.159 0.100 0.308 0.083 0.829 0.131 0.017 
 204   (0.020) 0.015 0.020 0.002 0.003 0.002 0.002 0.003 0.003 0.003 0.002 
 190   (0.021) 0.006 0.022 0.002 0.004 0.003 0.002 0.003 0.004 0.003 0.004 
 200   (0.021) 0.007 0.022 0.002 0.006 0.002 0.002 0.010 0.005 0.004 0.002 

Locus 12 : Scv16 
7 alleles
0.0% missing data
 182   (0.423) 0.185 0.428 0.215 0.491 0.560 0.254 0.551 0.875 0.666 0.809 
 184   (0.412) 0.577 0.417 0.766 0.448 0.277 0.698 0.169 0.094 0.300 0.179 
 188   (0.051) 0.186 0.047 0.012 0.007 0.153 0.005 0.006 0.008 0.010 0.004 
 200   (0.022) 0.027 0.020 0.001 0.003 0.002 0.003 0.003 0.004 0.003 0.001 
 198   (0.037) 0.009 0.034 0.003 0.034 0.003 0.018 0.174 0.010 0.012 0.003 
 190   (0.035) 0.009 0.033 0.002 0.015 0.003 0.020 0.094 0.006 0.007 0.003 
 186   (0.021) 0.008 0.022 0.001 0.002 0.002 0.002 0.003 0.003 0.003 0.001 

Locus 13 : Scv31 
15 alleles
3.0% missing data
 193   (0.121) 0.059 0.126 0.016 0.365 0.025 0.088 0.043 0.090 0.054 0.601 
 201   (0.110) 0.251 0.112 0.021 0.021 0.048 0.076 0.016 0.082 0.021 0.074 
 187   (0.081) 0.021 0.078 0.296 0.016 0.291 0.143 0.012 0.031 0.026 0.047 
 207   (0.030) 0.007 0.027 0.374 0.004 0.030 0.003 0.004 0.005 0.005 0.002 
 195   (0.062) 0.016 0.061 0.007 0.012 0.117 0.243 0.020 0.015 0.098 0.020 
 185   (0.185) 0.119 0.185 0.218 0.447 0.038 0.134 0.317 0.091 0.266 0.018 
 189   (0.055) 0.289 0.053 0.004 0.007 0.009 0.005 0.007 0.014 0.009 0.199 
 205   (0.020) 0.006 0.022 0.001 0.002 0.002 0.002 0.003 0.003 0.003 0.001 
 191   (0.151) 0.044 0.158 0.049 0.085 0.341 0.018 0.470 0.043 0.482 0.022 
 197   (0.026) 0.007 0.024 0.004 0.004 0.004 0.228 0.003 0.006 0.008 0.003 
 199   (0.055) 0.066 0.055 0.004 0.009 0.005 0.048 0.091 0.011 0.011 0.004 
 203   (0.025) 0.087 0.024 0.002 0.003 0.002 0.003 0.003 0.007 0.003 0.002 
 209   (0.029) 0.016 0.031 0.002 0.017 0.003 0.003 0.006 0.021 0.005 0.003 
 213   (0.024) 0.006 0.021 0.001 0.003 0.002 0.002 0.003 0.576 0.003 0.002 
 181   (0.026) 0.006 0.024 0.002 0.004 0.083 0.003 0.003 0.005 0.005 0.002 

Locus 14 : Scv6 
8 alleles
0.0% missing data
 191   (0.099) 0.217 0.097 0.007 0.019 0.182 0.015 0.013 0.344 0.014 0.253 
 195   (0.388) 0.290 0.394 0.661 0.530 0.502 0.637 0.209 0.094 0.430 0.422 
 197   (0.206) 0.100 0.203 0.290 0.263 0.275 0.227 0.396 0.063 0.067 0.298 
 201   (0.087) 0.127 0.091 0.006 0.094 0.008 0.010 0.139 0.055 0.035 0.008 
 205   (0.020) 0.064 0.018 0.001 0.002 0.002 0.002 0.002 0.003 0.002 0.001 
 193   (0.098) 0.129 0.096 0.007 0.055 0.009 0.081 0.190 0.038 0.145 0.007 
 199   (0.079) 0.022 0.079 0.027 0.034 0.020 0.026 0.047 0.398 0.303 0.009 
 181   (0.023) 0.052 0.022 0.001 0.003 0.002 0.003 0.003 0.005 0.003 0.001 

Values of parameters used in structure:
DATAFILE=M:\STRUCTURE\Squirrel_135_ID_14L_20250816\project_data,	OUTFILE=M:\STRUCTURE\Squirrel_135_ID_14L_20250816\10k_Burnin_100k_MCMC\Results\10k_Burnin_100k_MCMC_run_231,	NUMINDS=135,	NUMLOCI=14,	MISSING=-9,	LABEL=1,	POPDATA=1,	POPFLAG=0,	PHENOTYPE=0,	EXTRACOLS=1,	MAXPOPS=10,	BURNIN=10000,	NUMREPS=100000,	USEPOPINFO=0,	INFERALPHA=1,	INFERLAMBDA=1,	POPSPECIFICLAMBDA=0,	POPALPHAS=0,	COMPUTEPROB=1,	NOADMIX=0,	ADMBURNIN=2500,	UPDATEFREQ=1,	PRINTLIKES=0,	INTERMEDSAVE=0,	PRINTKLD=0,	PRINTNET=0,	PRINTLAMBDA=0,	ANCESTDIST=1,	NUMBOXES=1000,	ANCESTPINT=0.90000,	GENSBACK=2,	MIGRPRIOR=0.05000,	PRINTQHAT=1,	PRINTQSUM=0,	ALPHA=1.0000,	FREQSCORR=1,	FPRIORMEAN=0.0100,	FPRIORSD=0.0500,	ONEFST=0,	LAMBDA=1.0000,	UNIFPRIORALPHA=1,	ALPHAMAX=10.0000,	ALPHAPRIORA=1.0000,	ALPHAPRIORB=2.0000,	ALPHAPROPSD=0.0250,	STARTATPOPINFO=0,	RANDOMIZE=1,	LINKAGE=0,	METROFREQ=10,	REPORTHITRATE=0,	MARKOVPHASE=-1,	PHASED=0,	PLOIDY=2,	PHASEINFO=0	LOCPRIOR=0, 	LOCPRIORINIT=1.000000, 	LOCDATA=0, 	LOCISPOP=0, 	LOCPRIORSTEP=0.100000, 	MAXLOCPRIOR=20.000000, 	SEED=1763653155,	
[STRAT parameters]:    NUMSIMSTATS=1000,	PHENOTYPECOL=-9,	POOLFREQ=10,	LOCUSxONLY=0,	EMERROR=0.00100,	MISSINGPHENO=-9,	