

----------------------------------------------------
STRUCTURE by Pritchard, Stephens and Donnelly (2000)
     and Falush, Stephens and Pritchard (2003)
       Code by Pritchard, Falush and Hubisz
             Version 2.3.4 (Jul 2012)
----------------------------------------------------



Command line arguments:   bin\structure -m M:\STRUCTURE\Squirrel_135_ID_14L_20250816\10k_Burnin_100k_MCMC\mainparams -e M:\STRUCTURE\Squirrel_135_ID_14L_20250816\10k_Burnin_100k_MCMC\extraparams 
Input File:    M:\STRUCTURE\Squirrel_135_ID_14L_20250816\project_data

Run parameters:
   135 individuals
   14 loci
   7 populations assumed
   10000 Burn-in period
   100000 Reps


--------------------------------------------
Proportion of membership of each pre-defined
 population in each of the 7 clusters

Given    Inferred Clusters                                   Number of
 Pop       1      2      3      4      5      6      7      Individuals

  1:     0.114  0.183  0.139  0.126  0.152  0.143  0.142      135
--------------------------------------------

Allele-freq. divergence among pops (Net nucleotide distance),
computed using point estimates of P.

      1       2       3       4       5       6       7      
 1      -    0.0788  0.1458  0.0769  0.0994  0.1024  0.1112  
 2   0.0788     -    0.0802  0.0578  0.0571  0.0802  0.0739  
 3   0.1458  0.0802     -    0.0558  0.0674  0.0912  0.1104  
 4   0.0769  0.0578  0.0558     -    0.0421  0.0455  0.0669  
 5   0.0994  0.0571  0.0674  0.0421     -    0.0765  0.0709  
 6   0.1024  0.0802  0.0912  0.0455  0.0765     -    0.1130  
 7   0.1112  0.0739  0.1104  0.0669  0.0709  0.1130     -    

Average distances (expected heterozygosity) between individuals in same cluster:
cluster  1  : 0.4306 
cluster  2  : 0.5521 
cluster  3  : 0.5477 
cluster  4  : 0.5928 
cluster  5  : 0.6584 
cluster  6  : 0.5922 
cluster  7  : 0.4628 

--------------------------------------------
Estimated Ln Prob of Data   = -4589.5
Mean value of ln likelihood = -4079.3
Variance of ln likelihood   = 1020.4
Mean value of alpha         = 0.0456

Mean value of lambda        = 0.9726

Mean value of Fst_1         = 0.3160
Mean value of Fst_2         = 0.1917
Mean value of Fst_3         = 0.2073
Mean value of Fst_4         = 0.1542
Mean value of Fst_5         = 0.0668
Mean value of Fst_6         = 0.1777
Mean value of Fst_7         = 0.2925


Inferred ancestry of individuals:
        Label (%Miss) Pop:  Inferred clusters (and 90% probability intervals)
  1       1*    (0)    1 :  0.035 0.010 0.017 0.123 0.792 0.007 0.017     (0.000,0.250) (0.000,0.059) (0.000,0.117) (0.000,0.649) (0.219,1.000) (0.000,0.036) (0.000,0.110) 
  2        3    (0)    1 :  0.006 0.006 0.008 0.007 0.005 0.005 0.963     (0.000,0.032) (0.000,0.034) (0.000,0.047) (0.000,0.039) (0.000,0.029) (0.000,0.027) (0.825,1.000) 
  3        6    (0)    1 :  0.007 0.017 0.013 0.018 0.006 0.012 0.928     (0.000,0.040) (0.000,0.109) (0.000,0.081) (0.000,0.123) (0.000,0.033) (0.000,0.075) (0.679,1.000) 
  4        8    (0)    1 :  0.018 0.938 0.011 0.007 0.013 0.004 0.010     (0.000,0.113) (0.714,1.000) (0.000,0.065) (0.000,0.036) (0.000,0.078) (0.000,0.021) (0.000,0.055) 
  5       10    (0)    1 :  0.914 0.049 0.004 0.007 0.009 0.005 0.012     (0.628,1.000) (0.000,0.314) (0.000,0.024) (0.000,0.036) (0.000,0.053) (0.000,0.025) (0.000,0.084) 
  6       11    (0)    1 :  0.025 0.114 0.015 0.246 0.516 0.059 0.025     (0.000,0.177) (0.000,0.670) (0.000,0.087) (0.000,0.999) (0.000,1.000) (0.000,0.443) (0.000,0.183) 
  7       12    (0)    1 :  0.967 0.006 0.004 0.008 0.004 0.005 0.006     (0.843,1.000) (0.000,0.032) (0.000,0.022) (0.000,0.041) (0.000,0.021) (0.000,0.027) (0.000,0.036) 
  8       16    (7)    1 :  0.008 0.014 0.005 0.006 0.006 0.006 0.954     (0.000,0.046) (0.000,0.087) (0.000,0.029) (0.000,0.034) (0.000,0.035) (0.000,0.033) (0.786,1.000) 
  9       18    (0)    1 :  0.009 0.011 0.008 0.007 0.952 0.005 0.009     (0.000,0.055) (0.000,0.065) (0.000,0.044) (0.000,0.038) (0.776,1.000) (0.000,0.027) (0.000,0.049) 
 10       19    (0)    1 :  0.013 0.051 0.042 0.235 0.589 0.054 0.015     (0.000,0.080) (0.000,0.366) (0.000,0.308) (0.000,1.000) (0.000,1.000) (0.000,0.384) (0.000,0.100) 
 11       21    (7)    1 :  0.008 0.025 0.006 0.008 0.006 0.008 0.939     (0.000,0.045) (0.000,0.172) (0.000,0.030) (0.000,0.045) (0.000,0.031) (0.000,0.048) (0.726,1.000) 
 12       23    (7)    1 :  0.579 0.016 0.013 0.286 0.013 0.066 0.027     (0.000,0.999) (0.000,0.111) (0.000,0.075) (0.000,0.989) (0.000,0.076) (0.000,0.402) (0.000,0.195) 
 13       24    (7)    1 :  0.479 0.108 0.009 0.098 0.244 0.044 0.018     (0.000,0.991) (0.000,0.594) (0.000,0.053) (0.000,0.822) (0.000,0.875) (0.000,0.297) (0.000,0.131) 
 14       25    (7)    1 :  0.609 0.102 0.008 0.172 0.020 0.011 0.077     (0.000,0.997) (0.000,0.439) (0.000,0.043) (0.000,0.760) (0.000,0.139) (0.000,0.070) (0.000,0.395) 
 15      26*    (0)    1 :  0.252 0.456 0.009 0.027 0.029 0.007 0.220     (0.000,0.689) (0.000,0.994) (0.000,0.052) (0.000,0.179) (0.000,0.201) (0.000,0.036) (0.000,0.785) 
 16       28    (0)    1 :  0.133 0.790 0.006 0.011 0.008 0.007 0.045     (0.000,0.884) (0.000,1.000) (0.000,0.035) (0.000,0.072) (0.000,0.043) (0.000,0.037) (0.000,0.345) 
 17       29    (0)    1 :  0.927 0.031 0.006 0.008 0.015 0.005 0.007     (0.668,1.000) (0.000,0.221) (0.000,0.036) (0.000,0.042) (0.000,0.104) (0.000,0.029) (0.000,0.038) 
 18       30    (0)    1 :  0.117 0.173 0.395 0.049 0.024 0.008 0.234     (0.000,0.617) (0.000,0.757) (0.000,0.908) (0.000,0.363) (0.000,0.144) (0.000,0.041) (0.000,0.865) 
 19       33    (0)    1 :  0.006 0.005 0.015 0.113 0.831 0.024 0.007     (0.000,0.032) (0.000,0.027) (0.000,0.099) (0.000,0.989) (0.000,1.000) (0.000,0.176) (0.000,0.037) 
 20       37    (0)    1 :  0.044 0.009 0.007 0.010 0.912 0.008 0.010     (0.000,0.311) (0.000,0.050) (0.000,0.037) (0.000,0.058) (0.612,1.000) (0.000,0.047) (0.000,0.062) 
 21       38    (0)    1 :  0.018 0.011 0.006 0.010 0.941 0.005 0.010     (0.000,0.125) (0.000,0.066) (0.000,0.031) (0.000,0.043) (0.731,1.000) (0.000,0.027) (0.000,0.061) 
 22       43    (0)    1 :  0.788 0.130 0.009 0.014 0.009 0.007 0.043     (0.426,1.000) (0.000,0.513) (0.000,0.061) (0.000,0.096) (0.000,0.048) (0.000,0.039) (0.000,0.275) 
 23       44    (0)    1 :  0.006 0.728 0.015 0.007 0.006 0.007 0.231     (0.000,0.034) (0.302,1.000) (0.000,0.093) (0.000,0.033) (0.000,0.033) (0.000,0.036) (0.000,0.628) 
 24       48    (0)    1 :  0.008 0.007 0.008 0.007 0.953 0.005 0.013     (0.000,0.046) (0.000,0.038) (0.000,0.046) (0.000,0.037) (0.780,1.000) (0.000,0.026) (0.000,0.084) 
 25       55    (0)    1 :  0.010 0.807 0.021 0.038 0.013 0.008 0.103     (0.000,0.057) (0.322,1.000) (0.000,0.153) (0.000,0.271) (0.000,0.082) (0.000,0.047) (0.000,0.558) 
 26       59    (0)    1 :  0.005 0.008 0.009 0.007 0.007 0.005 0.960     (0.000,0.026) (0.000,0.040) (0.000,0.053) (0.000,0.041) (0.000,0.042) (0.000,0.025) (0.813,1.000) 
 27       60    (0)    1 :  0.052 0.005 0.043 0.784 0.035 0.069 0.013     (0.000,0.344) (0.000,0.028) (0.000,0.308) (0.000,1.000) (0.000,0.197) (0.000,0.706) (0.000,0.076) 
 28       61    (0)    1 :  0.008 0.012 0.058 0.247 0.009 0.651 0.015     (0.000,0.046) (0.000,0.075) (0.000,0.389) (0.000,0.982) (0.000,0.052) (0.000,1.000) (0.000,0.095) 
 29       62    (0)    1 :  0.029 0.023 0.017 0.121 0.027 0.766 0.016     (0.000,0.212) (0.000,0.158) (0.000,0.114) (0.000,0.932) (0.000,0.186) (0.000,1.000) (0.000,0.105) 
 30       65    (0)    1 :  0.006 0.009 0.020 0.037 0.909 0.012 0.006     (0.000,0.035) (0.000,0.051) (0.000,0.147) (0.000,0.208) (0.619,1.000) (0.000,0.079) (0.000,0.034) 
 31       73    (0)    1 :  0.126 0.014 0.804 0.029 0.011 0.007 0.008     (0.000,0.473) (0.000,0.094) (0.437,1.000) (0.000,0.207) (0.000,0.065) (0.000,0.038) (0.000,0.047) 
 32       75    (0)    1 :  0.004 0.006 0.048 0.032 0.010 0.892 0.008     (0.000,0.023) (0.000,0.032) (0.000,0.310) (0.000,0.125) (0.000,0.066) (0.483,1.000) (0.000,0.051) 
 33       76    (0)    1 :  0.010 0.005 0.006 0.011 0.004 0.958 0.005     (0.000,0.061) (0.000,0.027) (0.000,0.036) (0.000,0.063) (0.000,0.023) (0.802,1.000) (0.000,0.030) 
 34       77    (0)    1 :  0.011 0.005 0.006 0.133 0.008 0.832 0.005     (0.000,0.064) (0.000,0.027) (0.000,0.032) (0.000,0.750) (0.000,0.044) (0.207,1.000) (0.000,0.029) 
 35       78    (0)    1 :  0.019 0.013 0.692 0.037 0.014 0.219 0.006     (0.000,0.136) (0.000,0.083) (0.012,1.000) (0.000,0.273) (0.000,0.082) (0.000,0.847) (0.000,0.035) 
 36       79    (0)    1 :  0.005 0.008 0.067 0.018 0.011 0.886 0.005     (0.000,0.026) (0.000,0.055) (0.000,0.386) (0.000,0.111) (0.000,0.072) (0.543,1.000) (0.000,0.026) 
 37       84    (0)    1 :  0.020 0.039 0.015 0.049 0.013 0.025 0.839     (0.000,0.136) (0.000,0.271) (0.000,0.101) (0.000,0.332) (0.000,0.088) (0.000,0.178) (0.464,1.000) 
 38       85    (0)    1 :  0.007 0.950 0.010 0.009 0.009 0.007 0.008     (0.000,0.038) (0.770,1.000) (0.000,0.060) (0.000,0.053) (0.000,0.051) (0.000,0.037) (0.000,0.048) 
 39       86    (0)    1 :  0.014 0.904 0.016 0.033 0.018 0.010 0.005     (0.000,0.096) (0.600,1.000) (0.000,0.106) (0.000,0.201) (0.000,0.121) (0.000,0.060) (0.000,0.028) 
 40       89    (0)    1 :  0.221 0.023 0.013 0.077 0.027 0.045 0.594     (0.000,0.681) (0.000,0.148) (0.000,0.078) (0.000,0.497) (0.000,0.191) (0.000,0.307) (0.021,0.972) 
 41       94    (0)    1 :  0.960 0.008 0.005 0.006 0.009 0.005 0.007     (0.814,1.000) (0.000,0.050) (0.000,0.027) (0.000,0.033) (0.000,0.052) (0.000,0.026) (0.000,0.038) 
 42       95    (0)    1 :  0.006 0.017 0.013 0.017 0.012 0.006 0.929     (0.000,0.035) (0.000,0.107) (0.000,0.087) (0.000,0.106) (0.000,0.072) (0.000,0.033) (0.677,1.000) 
 43       96    (0)    1 :  0.012 0.958 0.006 0.006 0.006 0.007 0.006     (0.000,0.071) (0.799,1.000) (0.000,0.034) (0.000,0.033) (0.000,0.031) (0.000,0.037) (0.000,0.035) 
 44       98    (0)    1 :  0.010 0.008 0.245 0.600 0.008 0.122 0.007     (0.000,0.062) (0.000,0.042) (0.000,1.000) (0.000,1.000) (0.000,0.043) (0.000,0.980) (0.000,0.038) 
 45      102    (0)    1 :  0.019 0.007 0.008 0.161 0.755 0.016 0.034     (0.000,0.132) (0.000,0.042) (0.000,0.042) (0.000,0.995) (0.000,1.000) (0.000,0.116) (0.000,0.248) 
 46      105    (0)    1 :  0.005 0.006 0.966 0.005 0.008 0.005 0.006     (0.000,0.030) (0.000,0.030) (0.839,1.000) (0.000,0.029) (0.000,0.046) (0.000,0.024) (0.000,0.034) 
 47      106    (0)    1 :  0.007 0.028 0.275 0.113 0.022 0.450 0.105     (0.000,0.038) (0.000,0.200) (0.000,0.771) (0.000,0.937) (0.000,0.150) (0.000,0.990) (0.000,0.438) 
 48      108    (0)    1 :  0.009 0.011 0.836 0.035 0.077 0.023 0.009     (0.000,0.055) (0.000,0.066) (0.434,1.000) (0.000,0.235) (0.000,0.439) (0.000,0.155) (0.000,0.051) 
 49      109    (0)    1 :  0.006 0.015 0.835 0.096 0.010 0.027 0.011     (0.000,0.037) (0.000,0.101) (0.284,1.000) (0.000,0.602) (0.000,0.055) (0.000,0.201) (0.000,0.070) 
 50      112    (0)    1 :  0.101 0.352 0.011 0.245 0.032 0.242 0.017     (0.000,0.604) (0.000,0.964) (0.000,0.062) (0.000,0.925) (0.000,0.226) (0.000,0.956) (0.000,0.109) 
 51      115    (0)    1 :  0.055 0.014 0.023 0.219 0.660 0.016 0.013     (0.000,0.347) (0.000,0.079) (0.000,0.159) (0.000,0.999) (0.000,1.000) (0.000,0.097) (0.000,0.081) 
 52      116    (0)    1 :  0.007 0.931 0.021 0.010 0.014 0.007 0.011     (0.000,0.038) (0.680,1.000) (0.000,0.147) (0.000,0.057) (0.000,0.087) (0.000,0.038) (0.000,0.061) 
 53      117    (0)    1 :  0.094 0.072 0.021 0.037 0.016 0.016 0.744     (0.000,0.656) (0.000,0.455) (0.000,0.135) (0.000,0.260) (0.000,0.111) (0.000,0.107) (0.000,1.000) 
 54      129    (0)    1 :  0.010 0.889 0.007 0.008 0.008 0.004 0.075     (0.000,0.051) (0.485,1.000) (0.000,0.040) (0.000,0.047) (0.000,0.049) (0.000,0.021) (0.000,0.470) 
 55      132    (0)    1 :  0.206 0.007 0.029 0.595 0.120 0.027 0.016     (0.000,0.727) (0.000,0.042) (0.000,0.170) (0.000,1.000) (0.000,0.770) (0.000,0.167) (0.000,0.107) 
 56      133    (0)    1 :  0.007 0.005 0.235 0.596 0.008 0.140 0.008     (0.000,0.043) (0.000,0.028) (0.000,1.000) (0.000,1.000) (0.000,0.040) (0.000,0.989) (0.000,0.046) 
 57      137    (7)    1 :  0.020 0.011 0.017 0.363 0.011 0.565 0.012     (0.000,0.135) (0.000,0.068) (0.000,0.105) (0.000,0.997) (0.000,0.067) (0.000,1.000) (0.000,0.069) 
 58      139    (0)    1 :  0.006 0.009 0.016 0.039 0.014 0.905 0.010     (0.000,0.035) (0.000,0.060) (0.000,0.085) (0.000,0.172) (0.000,0.090) (0.557,1.000) (0.000,0.067) 
 59      140    (0)    1 :  0.006 0.012 0.838 0.070 0.012 0.033 0.030     (0.000,0.031) (0.000,0.069) (0.355,1.000) (0.000,0.507) (0.000,0.066) (0.000,0.232) (0.000,0.218) 
 60      142    (0)    1 :  0.011 0.007 0.009 0.031 0.006 0.912 0.023     (0.000,0.071) (0.000,0.040) (0.000,0.050) (0.000,0.206) (0.000,0.037) (0.606,1.000) (0.000,0.167) 
 61      144    (0)    1 :  0.004 0.005 0.966 0.007 0.005 0.006 0.007     (0.000,0.023) (0.000,0.025) (0.838,1.000) (0.000,0.042) (0.000,0.028) (0.000,0.031) (0.000,0.041) 
 62      145    (0)    1 :  0.007 0.009 0.014 0.081 0.008 0.871 0.010     (0.000,0.041) (0.000,0.050) (0.000,0.090) (0.000,0.897) (0.000,0.047) (0.000,1.000) (0.000,0.056) 
 63      147    (0)    1 :  0.004 0.008 0.954 0.007 0.007 0.016 0.004     (0.000,0.025) (0.000,0.048) (0.783,1.000) (0.000,0.041) (0.000,0.037) (0.000,0.108) (0.000,0.023) 
 64      160    (0)    1 :  0.964 0.007 0.005 0.005 0.006 0.004 0.008     (0.828,1.000) (0.000,0.039) (0.000,0.029) (0.000,0.029) (0.000,0.036) (0.000,0.024) (0.000,0.047) 
 65     162*    (0)    1 :  0.013 0.955 0.006 0.007 0.005 0.007 0.006     (0.000,0.081) (0.788,1.000) (0.000,0.034) (0.000,0.037) (0.000,0.030) (0.000,0.039) (0.000,0.036) 
 66      166    (0)    1 :  0.005 0.006 0.188 0.704 0.006 0.081 0.010     (0.000,0.029) (0.000,0.030) (0.000,0.999) (0.000,1.000) (0.000,0.032) (0.000,0.910) (0.000,0.057) 
 67      177    (0)    1 :  0.004 0.004 0.005 0.006 0.004 0.972 0.004     (0.000,0.024) (0.000,0.021) (0.000,0.027) (0.000,0.035) (0.000,0.023) (0.868,1.000) (0.000,0.024) 
 68      178    (0)    1 :  0.026 0.014 0.020 0.044 0.015 0.873 0.008     (0.000,0.192) (0.000,0.091) (0.000,0.141) (0.000,0.304) (0.000,0.097) (0.512,1.000) (0.000,0.050) 
 69      186    (0)    1 :  0.005 0.005 0.004 0.005 0.004 0.004 0.972     (0.000,0.028) (0.000,0.030) (0.000,0.020) (0.000,0.025) (0.000,0.023) (0.000,0.023) (0.868,1.000) 
 70      189    (0)    1 :  0.015 0.955 0.004 0.005 0.006 0.008 0.006     (0.000,0.100) (0.786,1.000) (0.000,0.024) (0.000,0.027) (0.000,0.032) (0.000,0.049) (0.000,0.033) 
 71      190    (0)    1 :  0.076 0.800 0.009 0.029 0.021 0.015 0.049     (0.000,0.566) (0.204,1.000) (0.000,0.051) (0.000,0.207) (0.000,0.151) (0.000,0.104) (0.000,0.327) 
 72      191    (0)    1 :  0.024 0.506 0.047 0.020 0.011 0.027 0.365     (0.000,0.176) (0.000,0.999) (0.000,0.315) (0.000,0.119) (0.000,0.065) (0.000,0.190) (0.000,0.901) 
 73      193    (0)    1 :  0.025 0.020 0.032 0.166 0.015 0.700 0.042     (0.000,0.174) (0.000,0.130) (0.000,0.234) (0.000,0.991) (0.000,0.096) (0.000,1.000) (0.000,0.307) 
 74      202    (0)    1 :  0.427 0.234 0.011 0.203 0.088 0.019 0.018     (0.000,0.900) (0.000,0.710) (0.000,0.061) (0.000,0.977) (0.000,0.511) (0.000,0.132) (0.000,0.129) 
 75      204    (0)    1 :  0.010 0.606 0.007 0.006 0.005 0.004 0.363     (0.000,0.060) (0.000,1.000) (0.000,0.037) (0.000,0.033) (0.000,0.027) (0.000,0.022) (0.000,1.000) 
 76      211    (0)    1 :  0.169 0.009 0.187 0.510 0.027 0.081 0.016     (0.000,0.688) (0.000,0.057) (0.000,0.931) (0.000,1.000) (0.000,0.180) (0.000,0.443) (0.000,0.112) 
 77      216    (0)    1 :  0.023 0.007 0.724 0.191 0.007 0.042 0.005     (0.000,0.172) (0.000,0.042) (0.108,1.000) (0.000,0.796) (0.000,0.037) (0.000,0.266) (0.000,0.030) 
 78      222    (0)    1 :  0.018 0.023 0.871 0.036 0.034 0.014 0.004     (0.000,0.126) (0.000,0.148) (0.435,1.000) (0.000,0.224) (0.000,0.257) (0.000,0.087) (0.000,0.026) 
 79      224    (0)    1 :  0.015 0.945 0.009 0.007 0.009 0.006 0.009     (0.000,0.099) (0.745,1.000) (0.000,0.057) (0.000,0.037) (0.000,0.050) (0.000,0.036) (0.000,0.048) 
 80      226    (0)    1 :  0.005 0.007 0.006 0.015 0.009 0.005 0.952     (0.000,0.029) (0.000,0.041) (0.000,0.031) (0.000,0.100) (0.000,0.050) (0.000,0.027) (0.777,1.000) 
 81      229    (0)    1 :  0.045 0.638 0.037 0.129 0.073 0.053 0.025     (0.000,0.333) (0.000,1.000) (0.000,0.282) (0.000,0.882) (0.000,0.488) (0.000,0.316) (0.000,0.179) 
 82      230    (0)    1 :  0.036 0.797 0.018 0.042 0.022 0.043 0.041     (0.000,0.249) (0.054,1.000) (0.000,0.126) (0.000,0.251) (0.000,0.127) (0.000,0.283) (0.000,0.293) 
 83      232    (0)    1 :  0.333 0.098 0.021 0.231 0.030 0.125 0.162     (0.000,0.801) (0.000,0.597) (0.000,0.146) (0.000,0.936) (0.000,0.213) (0.000,0.639) (0.000,0.659) 
 84      238    (0)    1 :  0.010 0.037 0.037 0.258 0.493 0.157 0.007     (0.000,0.064) (0.000,0.267) (0.000,0.271) (0.000,1.000) (0.000,0.999) (0.000,0.606) (0.000,0.041) 
 85      242    (0)    1 :  0.005 0.008 0.007 0.014 0.956 0.004 0.006     (0.000,0.027) (0.000,0.042) (0.000,0.040) (0.000,0.058) (0.808,1.000) (0.000,0.022) (0.000,0.036) 
 86      243    (0)    1 :  0.010 0.010 0.024 0.233 0.669 0.025 0.029     (0.000,0.058) (0.000,0.061) (0.000,0.170) (0.000,0.996) (0.000,1.000) (0.000,0.182) (0.000,0.213) 
 87      244    (0)    1 :  0.010 0.016 0.008 0.227 0.605 0.126 0.007     (0.000,0.065) (0.000,0.114) (0.000,0.051) (0.000,1.000) (0.000,1.000) (0.000,0.563) (0.000,0.042) 
 88      251    (0)    1 :  0.138 0.039 0.015 0.219 0.550 0.028 0.011     (0.000,0.595) (0.000,0.287) (0.000,0.090) (0.000,0.999) (0.000,1.000) (0.000,0.191) (0.000,0.067) 
 89      266    (0)    1 :  0.006 0.010 0.013 0.287 0.172 0.502 0.012     (0.000,0.032) (0.000,0.057) (0.000,0.080) (0.000,0.964) (0.000,0.648) (0.000,0.983) (0.000,0.074) 
 90      267    (0)    1 :  0.008 0.014 0.828 0.087 0.015 0.009 0.039     (0.000,0.044) (0.000,0.086) (0.329,1.000) (0.000,0.548) (0.000,0.097) (0.000,0.055) (0.000,0.279) 
 91      268    (0)    1 :  0.037 0.005 0.266 0.278 0.013 0.394 0.007     (0.000,0.258) (0.000,0.027) (0.000,0.999) (0.000,0.994) (0.000,0.070) (0.000,0.999) (0.000,0.039) 
 92      270    (0)    1 :  0.019 0.927 0.011 0.007 0.009 0.007 0.019     (0.000,0.134) (0.672,1.000) (0.000,0.070) (0.000,0.044) (0.000,0.046) (0.000,0.036) (0.000,0.125) 
 93      276    (0)    1 :  0.024 0.475 0.043 0.066 0.022 0.064 0.306     (0.000,0.171) (0.000,1.000) (0.000,0.313) (0.000,0.465) (0.000,0.144) (0.000,0.423) (0.000,0.858) 
 94      298    (7)    1 :  0.012 0.008 0.688 0.067 0.015 0.190 0.020     (0.000,0.081) (0.000,0.045) (0.000,1.000) (0.000,0.479) (0.000,0.094) (0.000,0.878) (0.000,0.140) 
 95      306    (0)    1 :  0.008 0.011 0.044 0.698 0.025 0.203 0.011     (0.000,0.043) (0.000,0.068) (0.000,0.329) (0.000,1.000) (0.000,0.172) (0.000,0.989) (0.000,0.067) 
 96      308    (0)    1 :  0.092 0.013 0.120 0.066 0.033 0.668 0.008     (0.000,0.433) (0.000,0.084) (0.000,0.659) (0.000,0.454) (0.000,0.237) (0.000,1.000) (0.000,0.048) 
 97      311    (7)    1 :  0.029 0.037 0.358 0.415 0.109 0.043 0.009     (0.000,0.207) (0.000,0.274) (0.000,0.996) (0.000,1.000) (0.000,0.698) (0.000,0.302) (0.000,0.052) 
 98      323    (0)    1 :  0.005 0.008 0.007 0.006 0.007 0.005 0.963     (0.000,0.027) (0.000,0.042) (0.000,0.038) (0.000,0.032) (0.000,0.041) (0.000,0.025) (0.824,1.000) 
 99      327    (0)    1 :  0.263 0.623 0.014 0.038 0.024 0.009 0.028     (0.000,0.815) (0.000,1.000) (0.000,0.092) (0.000,0.265) (0.000,0.166) (0.000,0.052) (0.000,0.208) 
100      334    (0)    1 :  0.007 0.009 0.017 0.049 0.903 0.011 0.004     (0.000,0.042) (0.000,0.051) (0.000,0.116) (0.000,0.263) (0.550,1.000) (0.000,0.068) (0.000,0.021) 
101      338    (0)    1 :  0.029 0.046 0.494 0.311 0.026 0.064 0.031     (0.000,0.209) (0.000,0.336) (0.000,1.000) (0.000,0.993) (0.000,0.169) (0.000,0.418) (0.000,0.234) 
102      341    (0)    1 :  0.008 0.008 0.007 0.028 0.011 0.006 0.932     (0.000,0.046) (0.000,0.047) (0.000,0.036) (0.000,0.193) (0.000,0.070) (0.000,0.032) (0.696,1.000) 
103      346    (0)    1 :  0.050 0.009 0.009 0.559 0.008 0.350 0.016     (0.000,0.341) (0.000,0.048) (0.000,0.045) (0.000,1.000) (0.000,0.040) (0.000,1.000) (0.000,0.094) 
104      348    (0)    1 :  0.007 0.009 0.676 0.026 0.019 0.254 0.009     (0.000,0.037) (0.000,0.053) (0.000,1.000) (0.000,0.176) (0.000,0.128) (0.000,0.938) (0.000,0.051) 
105      351    (0)    1 :  0.046 0.010 0.010 0.355 0.548 0.018 0.013     (0.000,0.309) (0.000,0.059) (0.000,0.061) (0.000,1.000) (0.000,1.000) (0.000,0.106) (0.000,0.084) 
106      362    (0)    1 :  0.060 0.780 0.007 0.009 0.006 0.006 0.132     (0.000,0.431) (0.000,1.000) (0.000,0.040) (0.000,0.048) (0.000,0.033) (0.000,0.033) (0.000,0.817) 
107      364    (0)    1 :  0.011 0.006 0.010 0.033 0.915 0.014 0.011     (0.000,0.072) (0.000,0.034) (0.000,0.056) (0.000,0.220) (0.635,1.000) (0.000,0.088) (0.000,0.072) 
108      366    (0)    1 :  0.008 0.018 0.028 0.095 0.827 0.008 0.016     (0.000,0.046) (0.000,0.121) (0.000,0.189) (0.000,0.891) (0.000,1.000) (0.000,0.042) (0.000,0.102) 
109      376    (0)    1 :  0.013 0.024 0.004 0.013 0.006 0.017 0.923     (0.000,0.085) (0.000,0.167) (0.000,0.020) (0.000,0.088) (0.000,0.033) (0.000,0.119) (0.680,1.000) 
110      377    (7)    1 :  0.643 0.267 0.023 0.026 0.012 0.012 0.017     (0.000,1.000) (0.000,0.978) (0.000,0.164) (0.000,0.156) (0.000,0.062) (0.000,0.062) (0.000,0.116) 
111      378    (0)    1 :  0.939 0.007 0.006 0.013 0.005 0.016 0.015     (0.738,1.000) (0.000,0.036) (0.000,0.033) (0.000,0.087) (0.000,0.025) (0.000,0.110) (0.000,0.100) 
112      388    (0)    1 :  0.028 0.012 0.745 0.175 0.016 0.013 0.011     (0.000,0.208) (0.000,0.073) (0.000,1.000) (0.000,0.948) (0.000,0.099) (0.000,0.080) (0.000,0.067) 
113      391    (0)    1 :  0.225 0.008 0.016 0.211 0.013 0.018 0.509     (0.000,0.591) (0.000,0.044) (0.000,0.105) (0.000,0.838) (0.000,0.075) (0.000,0.112) (0.000,0.908) 
114      396   (14)    1 :  0.023 0.735 0.020 0.096 0.014 0.047 0.065     (0.000,0.159) (0.285,1.000) (0.000,0.139) (0.000,0.511) (0.000,0.083) (0.000,0.318) (0.000,0.429) 
115      400   (14)    1 :  0.557 0.282 0.010 0.020 0.111 0.009 0.010     (0.000,1.000) (0.000,0.969) (0.000,0.063) (0.000,0.088) (0.000,0.788) (0.000,0.047) (0.000,0.061) 
116      401    (0)    1 :  0.011 0.295 0.010 0.140 0.190 0.221 0.133     (0.000,0.066) (0.000,0.758) (0.000,0.054) (0.000,0.979) (0.000,0.782) (0.000,0.663) (0.000,0.640) 
117      406    (0)    1 :  0.018 0.015 0.160 0.574 0.043 0.078 0.112     (0.000,0.117) (0.000,0.095) (0.000,0.965) (0.000,1.000) (0.000,0.305) (0.000,0.583) (0.000,0.629) 
118      412    (7)    1 :  0.044 0.036 0.204 0.541 0.022 0.128 0.026     (0.000,0.322) (0.000,0.266) (0.000,0.995) (0.000,1.000) (0.000,0.120) (0.000,0.910) (0.000,0.186) 
119      413    (0)    1 :  0.012 0.044 0.034 0.067 0.045 0.792 0.005     (0.000,0.074) (0.000,0.309) (0.000,0.257) (0.000,0.531) (0.000,0.315) (0.025,1.000) (0.000,0.029) 
120      421    (0)    1 :  0.010 0.860 0.020 0.035 0.016 0.044 0.015     (0.000,0.059) (0.495,1.000) (0.000,0.134) (0.000,0.239) (0.000,0.109) (0.000,0.311) (0.000,0.102) 
121      423    (0)    1 :  0.012 0.873 0.048 0.016 0.023 0.014 0.013     (0.000,0.073) (0.454,1.000) (0.000,0.350) (0.000,0.067) (0.000,0.151) (0.000,0.090) (0.000,0.089) 
122      424    (0)    1 :  0.043 0.013 0.029 0.538 0.023 0.080 0.274     (0.000,0.314) (0.000,0.084) (0.000,0.198) (0.000,1.000) (0.000,0.153) (0.000,0.550) (0.000,0.986) 
123      426    (0)    1 :  0.703 0.037 0.014 0.078 0.028 0.026 0.114     (0.066,1.000) (0.000,0.250) (0.000,0.083) (0.000,0.610) (0.000,0.201) (0.000,0.182) (0.000,0.549) 
124      430    (7)    1 :  0.013 0.014 0.055 0.592 0.008 0.289 0.029     (0.000,0.073) (0.000,0.080) (0.000,0.420) (0.000,1.000) (0.000,0.042) (0.000,0.999) (0.000,0.199) 
125      435    (0)    1 :  0.015 0.007 0.025 0.029 0.004 0.916 0.005     (0.000,0.097) (0.000,0.039) (0.000,0.171) (0.000,0.193) (0.000,0.024) (0.627,1.000) (0.000,0.026) 
126      476    (0)    1 :  0.014 0.120 0.005 0.020 0.024 0.022 0.796     (0.000,0.097) (0.000,0.571) (0.000,0.029) (0.000,0.126) (0.000,0.164) (0.000,0.154) (0.359,1.000) 
127      478    (0)    1 :  0.016 0.207 0.010 0.020 0.028 0.008 0.711     (0.000,0.103) (0.000,0.700) (0.000,0.066) (0.000,0.135) (0.000,0.197) (0.000,0.049) (0.228,1.000) 
128      484    (0)    1 :  0.010 0.007 0.687 0.222 0.007 0.047 0.019     (0.000,0.062) (0.000,0.041) (0.090,1.000) (0.000,0.780) (0.000,0.039) (0.000,0.338) (0.000,0.136) 
129      489    (0)    1 :  0.729 0.044 0.165 0.041 0.006 0.008 0.007     (0.197,1.000) (0.000,0.317) (0.000,0.584) (0.000,0.261) (0.000,0.030) (0.000,0.043) (0.000,0.036) 
130      492   (14)    1 :  0.007 0.007 0.014 0.066 0.883 0.018 0.006     (0.000,0.042) (0.000,0.040) (0.000,0.083) (0.000,0.482) (0.406,1.000) (0.000,0.116) (0.000,0.031) 
131      493    (0)    1 :  0.012 0.009 0.009 0.022 0.931 0.010 0.008     (0.000,0.081) (0.000,0.052) (0.000,0.053) (0.000,0.122) (0.701,1.000) (0.000,0.059) (0.000,0.047) 
132      494    (0)    1 :  0.057 0.024 0.009 0.108 0.779 0.010 0.012     (0.000,0.372) (0.000,0.176) (0.000,0.055) (0.000,0.970) (0.000,1.000) (0.000,0.062) (0.000,0.082) 
133      500    (0)    1 :  0.010 0.913 0.005 0.008 0.007 0.004 0.053     (0.000,0.063) (0.566,1.000) (0.000,0.026) (0.000,0.040) (0.000,0.039) (0.000,0.024) (0.000,0.376) 
134      504    (0)    1 :  0.050 0.060 0.719 0.089 0.049 0.021 0.012     (0.000,0.305) (0.000,0.365) (0.081,1.000) (0.000,0.574) (0.000,0.345) (0.000,0.128) (0.000,0.072) 
135      506    (0)    1 :  0.006 0.016 0.943 0.009 0.005 0.005 0.017     (0.000,0.034) (0.000,0.105) (0.723,1.000) (0.000,0.043) (0.000,0.026) (0.000,0.025) (0.000,0.114) 


Estimated Allele Frequencies in each cluster
First column gives estimated ancestral frequencies


Locus 1 : Rsu5 
5 alleles
1.5% missing data
 137   (0.731) 0.884 0.963 0.476 0.837 0.630 0.788 0.966 
 135   (0.092) 0.056 0.009 0.018 0.090 0.106 0.049 0.020 
 139   (0.103) 0.054 0.021 0.012 0.046 0.225 0.089 0.009 
 133   (0.024) 0.002 0.002 0.003 0.007 0.024 0.003 0.002 
 131   (0.049) 0.004 0.004 0.491 0.020 0.014 0.071 0.003 

Locus 2 : Scv1 
5 alleles
0.7% missing data
 181   (0.536) 0.709 0.589 0.365 0.419 0.634 0.341 0.954 
 179   (0.199) 0.122 0.150 0.123 0.300 0.217 0.235 0.018 
 177   (0.117) 0.156 0.016 0.213 0.213 0.060 0.093 0.016 
 185   (0.120) 0.010 0.243 0.296 0.059 0.056 0.327 0.010 
 171   (0.028) 0.003 0.003 0.003 0.010 0.033 0.004 0.002 

Locus 3 : Rsu4 
9 alleles
0.0% missing data
 267   (0.201) 0.095 0.295 0.156 0.086 0.327 0.073 0.141 
 263   (0.321) 0.780 0.242 0.341 0.404 0.248 0.484 0.518 
 259   (0.053) 0.035 0.222 0.006 0.018 0.015 0.007 0.217 
 287   (0.175) 0.055 0.194 0.197 0.343 0.124 0.083 0.106 
 275   (0.040) 0.003 0.003 0.004 0.017 0.106 0.011 0.003 
 279   (0.070) 0.013 0.008 0.011 0.036 0.076 0.206 0.006 
 283   (0.076) 0.006 0.007 0.278 0.072 0.043 0.128 0.005 
 291   (0.038) 0.011 0.026 0.004 0.015 0.025 0.005 0.003 
 271   (0.027) 0.002 0.002 0.003 0.009 0.035 0.003 0.002 

Locus 4 : Rsu6 
5 alleles
0.0% missing data
 120   (0.252) 0.499 0.272 0.098 0.331 0.203 0.221 0.280 
 126   (0.609) 0.437 0.511 0.884 0.623 0.650 0.760 0.568 
 124   (0.086) 0.060 0.196 0.012 0.031 0.059 0.013 0.149 
 130   (0.030) 0.002 0.002 0.003 0.008 0.082 0.003 0.002 
 114   (0.023) 0.002 0.019 0.003 0.007 0.007 0.003 0.002 

Locus 5 : Scv23 
3 alleles
1.5% missing data
 158   (0.521) 0.512 0.731 0.746 0.483 0.469 0.585 0.376 
 164   (0.189) 0.083 0.053 0.133 0.235 0.276 0.036 0.429 
 160   (0.290) 0.405 0.216 0.121 0.282 0.255 0.379 0.195 

Locus 6 : Scv13 
5 alleles
0.0% missing data
 182   (0.717) 0.972 0.908 0.888 0.848 0.710 0.640 0.805 
 180   (0.091) 0.013 0.069 0.010 0.040 0.105 0.014 0.163 
 172   (0.085) 0.007 0.008 0.084 0.062 0.057 0.212 0.006 
 184   (0.068) 0.006 0.012 0.013 0.032 0.108 0.015 0.024 
 174   (0.039) 0.003 0.003 0.004 0.018 0.020 0.119 0.003 

Locus 7 : Scv32 
18 alleles
0.7% missing data
 236   (0.034) 0.003 0.003 0.004 0.016 0.123 0.005 0.002 
 238   (0.048) 0.007 0.004 0.092 0.154 0.030 0.016 0.003 
 234   (0.130) 0.072 0.022 0.114 0.287 0.062 0.616 0.349 
 246   (0.053) 0.035 0.189 0.009 0.020 0.018 0.012 0.300 
 248   (0.088) 0.377 0.142 0.022 0.059 0.134 0.012 0.007 
 262   (0.099) 0.159 0.258 0.049 0.110 0.058 0.053 0.019 
 232   (0.181) 0.015 0.145 0.423 0.104 0.346 0.093 0.150 
 250   (0.023) 0.252 0.002 0.002 0.021 0.007 0.003 0.004 
 228   (0.023) 0.002 0.002 0.003 0.009 0.030 0.003 0.002 
 220   (0.042) 0.008 0.185 0.005 0.016 0.015 0.006 0.079 
 264   (0.054) 0.010 0.007 0.007 0.093 0.049 0.021 0.047 
 252   (0.044) 0.004 0.014 0.084 0.017 0.014 0.071 0.004 
 254   (0.053) 0.006 0.005 0.084 0.037 0.033 0.069 0.004 
 242   (0.025) 0.002 0.002 0.003 0.009 0.037 0.003 0.002 
 266   (0.029) 0.002 0.003 0.048 0.025 0.010 0.005 0.002 
 244   (0.032) 0.042 0.013 0.047 0.011 0.013 0.004 0.002 
 226   (0.022) 0.002 0.002 0.003 0.007 0.007 0.003 0.024 
 240   (0.020) 0.001 0.002 0.002 0.007 0.017 0.004 0.001 

Locus 8 : Scv8 
6 alleles
0.7% missing data
 200   (0.619) 0.793 0.671 0.635 0.781 0.656 0.415 0.840 
 202   (0.098) 0.009 0.009 0.088 0.076 0.155 0.061 0.007 
 194   (0.092) 0.019 0.110 0.011 0.060 0.040 0.152 0.140 
 204   (0.050) 0.121 0.035 0.006 0.021 0.027 0.008 0.004 
 198   (0.070) 0.052 0.169 0.008 0.027 0.085 0.012 0.005 
 188   (0.070) 0.006 0.006 0.253 0.035 0.037 0.352 0.005 

Locus 9 : Scv9 
5 alleles
0.0% missing data
 198   (0.317) 0.455 0.120 0.304 0.562 0.238 0.501 0.429 
 200   (0.345) 0.405 0.511 0.299 0.166 0.491 0.122 0.371 
 196   (0.271) 0.134 0.363 0.384 0.248 0.251 0.277 0.038 
 204   (0.045) 0.004 0.004 0.009 0.017 0.013 0.076 0.161 
 202   (0.023) 0.002 0.002 0.004 0.007 0.007 0.023 0.002 

Locus 10 : Rsu1 
6 alleles
0.0% missing data
 189   (0.302) 0.057 0.058 0.112 0.267 0.507 0.288 0.472 
 185   (0.275) 0.052 0.240 0.775 0.441 0.214 0.200 0.170 
 177   (0.081) 0.011 0.159 0.058 0.031 0.043 0.036 0.011 
 181   (0.243) 0.832 0.193 0.045 0.224 0.207 0.463 0.053 
 193   (0.057) 0.043 0.265 0.006 0.023 0.017 0.007 0.078 
 197   (0.043) 0.004 0.085 0.004 0.013 0.012 0.005 0.217 

Locus 11 : Scv14 
7 alleles
4.4% missing data
 196   (0.521) 0.903 0.774 0.604 0.500 0.438 0.671 0.921 
 198   (0.084) 0.012 0.007 0.034 0.207 0.104 0.051 0.006 
 194   (0.142) 0.048 0.090 0.061 0.065 0.188 0.171 0.023 
 202   (0.184) 0.020 0.119 0.293 0.200 0.231 0.088 0.044 
 204   (0.023) 0.002 0.002 0.002 0.007 0.020 0.003 0.002 
 190   (0.024) 0.012 0.006 0.003 0.009 0.009 0.003 0.002 
 200   (0.023) 0.002 0.002 0.002 0.012 0.011 0.013 0.002 

Locus 12 : Scv16 
7 alleles
0.0% missing data
 182   (0.410) 0.792 0.566 0.331 0.513 0.313 0.599 0.224 
 184   (0.406) 0.192 0.280 0.605 0.408 0.499 0.194 0.754 
 188   (0.063) 0.005 0.144 0.007 0.019 0.126 0.007 0.014 
 200   (0.023) 0.002 0.002 0.003 0.007 0.023 0.003 0.002 
 198   (0.040) 0.005 0.003 0.027 0.031 0.012 0.122 0.003 
 190   (0.036) 0.003 0.003 0.024 0.015 0.010 0.069 0.003 
 186   (0.023) 0.002 0.002 0.003 0.008 0.016 0.005 0.001 

Locus 13 : Scv31 
15 alleles
3.0% missing data
 193   (0.120) 0.584 0.027 0.153 0.194 0.090 0.040 0.016 
 201   (0.114) 0.073 0.056 0.063 0.047 0.201 0.015 0.024 
 187   (0.081) 0.050 0.268 0.127 0.033 0.028 0.011 0.290 
 207   (0.031) 0.002 0.033 0.004 0.011 0.009 0.004 0.356 
 195   (0.064) 0.033 0.120 0.229 0.028 0.020 0.025 0.008 
 185   (0.175) 0.021 0.044 0.166 0.410 0.132 0.289 0.226 
 189   (0.059) 0.184 0.009 0.006 0.018 0.197 0.007 0.004 
 205   (0.022) 0.002 0.002 0.003 0.007 0.017 0.003 0.002 
 191   (0.134) 0.033 0.345 0.018 0.173 0.058 0.529 0.059 
 197   (0.029) 0.003 0.004 0.174 0.011 0.009 0.004 0.005 
 199   (0.060) 0.005 0.006 0.044 0.022 0.062 0.060 0.004 
 203   (0.028) 0.002 0.002 0.003 0.009 0.060 0.003 0.002 
 209   (0.029) 0.003 0.003 0.003 0.016 0.031 0.004 0.002 
 213   (0.028) 0.002 0.002 0.003 0.012 0.079 0.003 0.002 
 181   (0.025) 0.002 0.078 0.003 0.008 0.007 0.003 0.002 

Locus 14 : Scv6 
8 alleles
0.0% missing data
 191   (0.101) 0.225 0.174 0.020 0.039 0.203 0.013 0.007 
 195   (0.360) 0.490 0.495 0.591 0.466 0.280 0.238 0.654 
 197   (0.218) 0.251 0.278 0.230 0.213 0.117 0.278 0.280 
 201   (0.078) 0.010 0.008 0.010 0.068 0.136 0.115 0.005 
 205   (0.026) 0.002 0.002 0.003 0.008 0.044 0.003 0.002 
 193   (0.091) 0.008 0.009 0.093 0.091 0.104 0.184 0.006 
 199   (0.102) 0.013 0.033 0.049 0.107 0.073 0.167 0.044 
 181   (0.025) 0.002 0.002 0.003 0.007 0.042 0.003 0.002 

Values of parameters used in structure:
DATAFILE=M:\STRUCTURE\Squirrel_135_ID_14L_20250816\project_data,	OUTFILE=M:\STRUCTURE\Squirrel_135_ID_14L_20250816\10k_Burnin_100k_MCMC\Results\10k_Burnin_100k_MCMC_run_156,	NUMINDS=135,	NUMLOCI=14,	MISSING=-9,	LABEL=1,	POPDATA=1,	POPFLAG=0,	PHENOTYPE=0,	EXTRACOLS=1,	MAXPOPS=7,	BURNIN=10000,	NUMREPS=100000,	USEPOPINFO=0,	INFERALPHA=1,	INFERLAMBDA=1,	POPSPECIFICLAMBDA=0,	POPALPHAS=0,	COMPUTEPROB=1,	NOADMIX=0,	ADMBURNIN=2500,	UPDATEFREQ=1,	PRINTLIKES=0,	INTERMEDSAVE=0,	PRINTKLD=0,	PRINTNET=0,	PRINTLAMBDA=0,	ANCESTDIST=1,	NUMBOXES=1000,	ANCESTPINT=0.90000,	GENSBACK=2,	MIGRPRIOR=0.05000,	PRINTQHAT=1,	PRINTQSUM=0,	ALPHA=1.0000,	FREQSCORR=1,	FPRIORMEAN=0.0100,	FPRIORSD=0.0500,	ONEFST=0,	LAMBDA=1.0000,	UNIFPRIORALPHA=1,	ALPHAMAX=10.0000,	ALPHAPRIORA=1.0000,	ALPHAPRIORB=2.0000,	ALPHAPROPSD=0.0250,	STARTATPOPINFO=0,	RANDOMIZE=1,	LINKAGE=0,	METROFREQ=10,	REPORTHITRATE=0,	MARKOVPHASE=-1,	PHASED=0,	PLOIDY=2,	PHASEINFO=0	LOCPRIOR=0, 	LOCPRIORINIT=1.000000, 	LOCDATA=0, 	LOCISPOP=0, 	LOCPRIORSTEP=0.100000, 	MAXLOCPRIOR=20.000000, 	SEED=1763645519,	
[STRAT parameters]:    NUMSIMSTATS=1000,	PHENOTYPECOL=-9,	POOLFREQ=10,	LOCUSxONLY=0,	EMERROR=0.00100,	MISSINGPHENO=-9,	