          1*  1 0.0479 0.9521 
           3  1 0.9865 0.0135 
           6  1 0.9758 0.0242 
           8  1 0.9894 0.0106 
          10  1 0.9924 0.0076 
          11  1 0.5374 0.4626 
          12  1 0.9875 0.0125 
          16  1 0.9912 0.0088 
          18  1 0.3085 0.6915 
          19  1 0.0742 0.9258 
          21  1 0.9892 0.0108 
          23  1 0.7631 0.2369 
          24  1 0.8133 0.1867 
          25  1 0.9612 0.0388 
         26*  1 0.9923 0.0077 
          28  1 0.9930 0.0070 
          29  1 0.9882 0.0118 
          30  1 0.6280 0.3720 
          33  1 0.0099 0.9901 
          37  1 0.3386 0.6614 
          38  1 0.3630 0.6370 
          43  1 0.9904 0.0096 
          44  1 0.9898 0.0102 
          48  1 0.3016 0.6984 
          55  1 0.9815 0.0185 
          59  1 0.9881 0.0119 
          60  1 0.0183 0.9817 
          61  1 0.0145 0.9855 
          62  1 0.1680 0.8320 
          65  1 0.0910 0.9090 
          73  1 0.0407 0.9593 
          75  1 0.0069 0.9931 
          76  1 0.0113 0.9887 
          77  1 0.0115 0.9885 
          78  1 0.0108 0.9892 
          79  1 0.0063 0.9937 
          84  1 0.9788 0.0212 
          85  1 0.9742 0.0258 
          86  1 0.9150 0.0850 
          89  1 0.9800 0.0200 
          94  1 0.9889 0.0111 
          95  1 0.9739 0.0261 
          96  1 0.9901 0.0099 
          98  1 0.0126 0.9874 
         102  1 0.2860 0.7140 
         105  1 0.0098 0.9902 
         106  1 0.0571 0.9429 
         108  1 0.0133 0.9867 
         109  1 0.0271 0.9729 
         112  1 0.7945 0.2055 
         115  1 0.2650 0.7350 
         116  1 0.9635 0.0365 
         117  1 0.9773 0.0227 
         129  1 0.9945 0.0055 
         132  1 0.0622 0.9378 
         133  1 0.0106 0.9894 
         137  1 0.0328 0.9672 
         139  1 0.0114 0.9886 
         140  1 0.0224 0.9776 
         142  1 0.0249 0.9751 
         144  1 0.0082 0.9918 
         145  1 0.0849 0.9151 
         147  1 0.0076 0.9924 
         160  1 0.9907 0.0093 
        162*  1 0.9891 0.0109 
         166  1 0.0120 0.9880 
         177  1 0.0072 0.9928 
         178  1 0.0186 0.9814 
         186  1 0.9909 0.0091 
         189  1 0.9904 0.0096 
         190  1 0.9885 0.0115 
         191  1 0.9860 0.0140 
         193  1 0.4426 0.5574 
         202  1 0.8947 0.1053 
         204  1 0.9947 0.0053 
         211  1 0.0304 0.9696 
         216  1 0.0098 0.9902 
         222  1 0.0147 0.9853 
         224  1 0.9851 0.0149 
         226  1 0.9746 0.0254 
         229  1 0.8813 0.1187 
         230  1 0.9569 0.0431 
         232  1 0.9504 0.0496 
         238  1 0.0217 0.9783 
         242  1 0.0251 0.9749 
         243  1 0.0418 0.9582 
         244  1 0.0212 0.9788 
         251  1 0.1037 0.8963 
         266  1 0.0116 0.9884 
         267  1 0.0352 0.9648 
         268  1 0.0093 0.9907 
         270  1 0.9896 0.0104 
         276  1 0.9722 0.0278 
         298  1 0.0101 0.9899 
         306  1 0.0101 0.9899 
         308  1 0.0149 0.9851 
         311  1 0.0232 0.9768 
         323  1 0.9851 0.0149 
         327  1 0.9890 0.0110 
         334  1 0.0157 0.9843 
         338  1 0.0710 0.9290 
         341  1 0.9664 0.0336 
         346  1 0.1126 0.8874 
         348  1 0.0083 0.9917 
         351  1 0.0369 0.9631 
         362  1 0.9935 0.0065 
         364  1 0.0220 0.9780 
         366  1 0.0575 0.9425 
         376  1 0.9902 0.0098 
         377  1 0.9710 0.0290 
         378  1 0.9871 0.0129 
         388  1 0.0203 0.9797 
         391  1 0.8493 0.1507 
         396  1 0.9807 0.0193 
         400  1 0.9408 0.0592 
         401  1 0.6330 0.3670 
         406  1 0.1154 0.8846 
         412  1 0.2133 0.7867 
         413  1 0.0215 0.9785 
         421  1 0.9673 0.0327 
         423  1 0.8804 0.1196 
         424  1 0.2570 0.7430 
         426  1 0.9754 0.0246 
         430  1 0.0709 0.9291 
         435  1 0.0204 0.9796 
         476  1 0.9850 0.0150 
         478  1 0.9913 0.0087 
         484  1 0.0108 0.9892 
         489  1 0.8674 0.1326 
         492  1 0.0094 0.9906 
         493  1 0.2555 0.7445 
         494  1 0.3666 0.6334 
         500  1 0.9945 0.0055 
         504  1 0.0249 0.9751 
         506  1 0.1048 0.8952 
