          1*  1 0.0092 0.0480 0.0085 0.0246 0.8939 0.0158 
           3  1 0.0055 0.0055 0.0062 0.0070 0.0048 0.9709 
           6  1 0.0163 0.0072 0.0153 0.0128 0.0057 0.9427 
           8  1 0.0039 0.0138 0.9539 0.0090 0.0113 0.0082 
          10  1 0.0048 0.9167 0.0535 0.0045 0.0089 0.0116 
          11  1 0.0886 0.0230 0.1164 0.0177 0.7246 0.0297 
          12  1 0.0053 0.9733 0.0060 0.0042 0.0044 0.0068 
          16  1 0.0057 0.0070 0.0145 0.0049 0.0064 0.9614 
          18  1 0.0049 0.0077 0.0101 0.0069 0.9620 0.0084 
          19  1 0.0438 0.0120 0.0632 0.0527 0.8140 0.0142 
          21  1 0.0073 0.0074 0.0238 0.0054 0.0062 0.9499 
          23  1 0.1314 0.7914 0.0172 0.0141 0.0129 0.0330 
          24  1 0.0337 0.5156 0.1169 0.0094 0.3071 0.0173 
          25  1 0.0171 0.7858 0.0909 0.0082 0.0201 0.0779 
         26*  1 0.0064 0.2642 0.4752 0.0112 0.0303 0.2127 
          28  1 0.0073 0.0973 0.8512 0.0062 0.0078 0.0301 
          29  1 0.0056 0.9343 0.0326 0.0063 0.0141 0.0072 
          30  1 0.0111 0.0709 0.2068 0.4671 0.0337 0.2104 
          33  1 0.0248 0.0058 0.0047 0.0141 0.9446 0.0059 
          37  1 0.0082 0.0375 0.0090 0.0066 0.9286 0.0101 
          38  1 0.0047 0.0145 0.0096 0.0050 0.9579 0.0082 
          43  1 0.0073 0.8112 0.1245 0.0096 0.0087 0.0386 
          44  1 0.0064 0.0060 0.7722 0.0127 0.0070 0.1957 
          48  1 0.0044 0.0074 0.0065 0.0068 0.9629 0.0120 
          55  1 0.0121 0.0124 0.8475 0.0233 0.0133 0.0914 
          59  1 0.0048 0.0041 0.0080 0.0075 0.0066 0.9690 
          60  1 0.4127 0.1865 0.0066 0.1870 0.1801 0.0270 
          61  1 0.9106 0.0071 0.0092 0.0521 0.0077 0.0133 
          62  1 0.9047 0.0219 0.0191 0.0183 0.0230 0.0129 
          65  1 0.0120 0.0063 0.0089 0.0233 0.9441 0.0055 
          73  1 0.0081 0.0940 0.0157 0.8627 0.0115 0.0080 
          75  1 0.8812 0.0040 0.0056 0.0834 0.0163 0.0094 
          76  1 0.9711 0.0080 0.0046 0.0071 0.0041 0.0051 
          77  1 0.9688 0.0091 0.0045 0.0064 0.0060 0.0052 
          78  1 0.1427 0.0161 0.0129 0.8105 0.0115 0.0063 
          79  1 0.9039 0.0043 0.0076 0.0685 0.0113 0.0044 
          84  1 0.0280 0.0199 0.0472 0.0227 0.0140 0.8681 
          85  1 0.0071 0.0062 0.9593 0.0105 0.0092 0.0077 
          86  1 0.0108 0.0172 0.9305 0.0159 0.0209 0.0046 
          89  1 0.0520 0.2723 0.0239 0.0147 0.0336 0.6036 
          94  1 0.0048 0.9669 0.0081 0.0048 0.0088 0.0066 
          95  1 0.0071 0.0064 0.0171 0.0143 0.0117 0.9433 
          96  1 0.0065 0.0115 0.9646 0.0059 0.0053 0.0062 
          98  1 0.3118 0.0139 0.0094 0.6449 0.0102 0.0097 
         102  1 0.0160 0.0203 0.0065 0.0088 0.9137 0.0347 
         105  1 0.0051 0.0053 0.0061 0.9681 0.0087 0.0067 
         106  1 0.4585 0.0075 0.0343 0.3414 0.0259 0.1325 
         108  1 0.0315 0.0095 0.0126 0.8740 0.0628 0.0096 
         109  1 0.0166 0.0062 0.0124 0.9485 0.0072 0.0091 
         112  1 0.5107 0.1111 0.3121 0.0141 0.0357 0.0162 
         115  1 0.0138 0.0655 0.0112 0.0267 0.8712 0.0116 
         116  1 0.0073 0.0066 0.9518 0.0135 0.0121 0.0086 
         117  1 0.0187 0.0904 0.0717 0.0261 0.0164 0.7767 
         129  1 0.0040 0.0094 0.9116 0.0066 0.0075 0.0610 
         132  1 0.1201 0.4534 0.0074 0.0772 0.3187 0.0232 
         133  1 0.3569 0.0095 0.0054 0.6080 0.0092 0.0109 
         137  1 0.9251 0.0180 0.0095 0.0252 0.0098 0.0124 
         139  1 0.9072 0.0065 0.0096 0.0384 0.0275 0.0107 
         140  1 0.0218 0.0049 0.0102 0.9358 0.0094 0.0179 
         142  1 0.9511 0.0094 0.0066 0.0092 0.0063 0.0174 
         144  1 0.0058 0.0041 0.0048 0.9729 0.0053 0.0071 
         145  1 0.9535 0.0066 0.0091 0.0128 0.0081 0.0100 
         147  1 0.0103 0.0043 0.0088 0.9673 0.0055 0.0039 
         160  1 0.0046 0.9695 0.0073 0.0043 0.0062 0.0080 
        162*  1 0.0075 0.0136 0.9618 0.0065 0.0050 0.0056 
         166  1 0.3834 0.0085 0.0076 0.5770 0.0089 0.0147 
         177  1 0.9789 0.0038 0.0040 0.0052 0.0041 0.0040 
         178  1 0.9114 0.0221 0.0112 0.0307 0.0167 0.0080 
         186  1 0.0041 0.0048 0.0057 0.0039 0.0041 0.9774 
         189  1 0.0070 0.0125 0.9649 0.0043 0.0057 0.0057 
         190  1 0.0166 0.0860 0.8136 0.0126 0.0202 0.0509 
         191  1 0.0256 0.0196 0.5739 0.0417 0.0102 0.3290 
         193  1 0.8732 0.0238 0.0199 0.0278 0.0124 0.0429 
         202  1 0.0245 0.6088 0.2259 0.0104 0.1095 0.0209 
         204  1 0.0042 0.0092 0.6514 0.0061 0.0048 0.3242 
         211  1 0.1985 0.3305 0.0084 0.4015 0.0455 0.0155 
         216  1 0.0550 0.0220 0.0067 0.9034 0.0076 0.0052 
         222  1 0.0117 0.0218 0.0254 0.9093 0.0273 0.0046 
         224  1 0.0070 0.0128 0.9565 0.0081 0.0080 0.0075 
         226  1 0.0059 0.0054 0.0077 0.0056 0.0090 0.9665 
         229  1 0.0661 0.0353 0.7185 0.0596 0.0887 0.0317 
         230  1 0.0399 0.0224 0.8681 0.0161 0.0195 0.0340 
         232  1 0.2205 0.3743 0.1303 0.0283 0.0365 0.2102 
         238  1 0.2562 0.0121 0.0393 0.0430 0.6419 0.0075 
         242  1 0.0042 0.0043 0.0068 0.0062 0.9726 0.0059 
         243  1 0.0418 0.0109 0.0100 0.0414 0.8652 0.0307 
         244  1 0.1390 0.0095 0.0168 0.0097 0.8177 0.0072 
         251  1 0.0295 0.1319 0.0415 0.0195 0.7667 0.0109 
         266  1 0.7778 0.0080 0.0081 0.0164 0.1769 0.0128 
         267  1 0.0120 0.0075 0.0117 0.9226 0.0139 0.0323 
         268  1 0.3897 0.0372 0.0048 0.5483 0.0125 0.0075 
         270  1 0.0065 0.0159 0.9426 0.0091 0.0080 0.0178 
         276  1 0.0831 0.0245 0.5749 0.0376 0.0211 0.2588 
         298  1 0.1793 0.0099 0.0073 0.7771 0.0115 0.0148 
         306  1 0.7806 0.0126 0.0080 0.1308 0.0586 0.0094 
         308  1 0.6660 0.0929 0.0133 0.1824 0.0373 0.0080 
         311  1 0.0730 0.0375 0.0398 0.6971 0.1416 0.0109 
         323  1 0.0048 0.0049 0.0076 0.0063 0.0074 0.9690 
         327  1 0.0092 0.3427 0.5788 0.0188 0.0273 0.0231 
         334  1 0.0097 0.0075 0.0090 0.0214 0.9484 0.0039 
         338  1 0.0697 0.0256 0.0286 0.8268 0.0201 0.0291 
         341  1 0.0068 0.0087 0.0077 0.0063 0.0081 0.9623 
         346  1 0.8870 0.0606 0.0095 0.0139 0.0091 0.0199 
         348  1 0.1525 0.0055 0.0092 0.8107 0.0151 0.0069 
         351  1 0.0377 0.0538 0.0094 0.0187 0.8653 0.0151 
         362  1 0.0061 0.0402 0.8265 0.0069 0.0061 0.1141 
         364  1 0.0143 0.0094 0.0055 0.0108 0.9497 0.0102 
         366  1 0.0130 0.0089 0.0164 0.0291 0.9170 0.0156 
         376  1 0.0170 0.0134 0.0223 0.0040 0.0067 0.9366 
         377  1 0.0119 0.7231 0.2225 0.0162 0.0099 0.0166 
         378  1 0.0128 0.9564 0.0065 0.0064 0.0044 0.0135 
         388  1 0.0136 0.0280 0.0102 0.9245 0.0139 0.0098 
         391  1 0.0375 0.3071 0.0064 0.0172 0.0109 0.6208 
         396  1 0.0664 0.0234 0.7899 0.0343 0.0176 0.0684 
         400  1 0.0077 0.6369 0.2506 0.0081 0.0873 0.0094 
         401  1 0.2024 0.0105 0.3646 0.0134 0.2957 0.1135 
         406  1 0.2334 0.0320 0.0161 0.4749 0.0699 0.1738 
         412  1 0.3235 0.0591 0.0359 0.5194 0.0256 0.0366 
         413  1 0.8831 0.0106 0.0365 0.0263 0.0384 0.0052 
         421  1 0.0523 0.0121 0.8826 0.0227 0.0147 0.0155 
         423  1 0.0131 0.0119 0.9128 0.0283 0.0230 0.0109 
         424  1 0.2776 0.0858 0.0115 0.0589 0.0305 0.5358 
         426  1 0.0263 0.8156 0.0290 0.0129 0.0218 0.0944 
         430  1 0.7953 0.0222 0.0163 0.1160 0.0107 0.0396 
         435  1 0.9460 0.0126 0.0060 0.0268 0.0044 0.0042 
         476  1 0.0186 0.0160 0.1370 0.0056 0.0254 0.7975 
         478  1 0.0081 0.0140 0.2320 0.0122 0.0283 0.7055 
         484  1 0.0875 0.0103 0.0067 0.8737 0.0063 0.0154 
         489  1 0.0087 0.8160 0.0405 0.1221 0.0060 0.0067 
         492  1 0.0210 0.0078 0.0085 0.0202 0.9372 0.0052 
         493  1 0.0098 0.0116 0.0074 0.0088 0.9557 0.0067 
         494  1 0.0089 0.0449 0.0226 0.0073 0.9055 0.0110 
         500  1 0.0045 0.0099 0.9341 0.0049 0.0076 0.0390 
         504  1 0.0237 0.0315 0.0443 0.8557 0.0353 0.0095 
         506  1 0.0049 0.0061 0.0195 0.9457 0.0057 0.0180 
