          1*  1 0.0072 0.2003 0.0052 0.0245 0.0807 0.0100 0.0097 0.6202 0.0281 0.0141 
           3  1 0.0073 0.0077 0.0041 0.0040 0.0057 0.0067 0.0093 0.0050 0.0055 0.9446 
           6  1 0.0151 0.0187 0.0093 0.0058 0.0085 0.0161 0.0102 0.0054 0.0073 0.9037 
           8  1 0.0768 0.0048 0.0036 0.0108 0.0162 0.8177 0.0117 0.0157 0.0319 0.0107 
          10  1 0.0050 0.0050 0.0043 0.0106 0.0083 0.0431 0.0035 0.0061 0.9046 0.0096 
          11  1 0.0637 0.0307 0.0254 0.0147 0.6666 0.0397 0.0084 0.1171 0.0133 0.0204 
          12  1 0.0065 0.0074 0.0046 0.0036 0.0052 0.0057 0.0037 0.0042 0.9533 0.0059 
          16  1 0.0076 0.0050 0.0046 0.0046 0.0067 0.0133 0.0043 0.0058 0.0071 0.9411 
          18  1 0.0086 0.0041 0.0038 0.0036 0.0080 0.0084 0.0066 0.9438 0.0065 0.0065 
          19  1 0.0161 0.0072 0.0306 0.0053 0.7993 0.0275 0.0244 0.0664 0.0100 0.0133 
          21  1 0.0102 0.0073 0.0061 0.0059 0.0086 0.0198 0.0046 0.0053 0.0065 0.9258 
          23  1 0.1387 0.2995 0.0314 0.0078 0.0474 0.0151 0.0093 0.0106 0.4209 0.0192 
          24  1 0.0109 0.0137 0.0232 0.1950 0.2261 0.0946 0.0083 0.0327 0.3787 0.0168 
          25  1 0.0442 0.2571 0.0062 0.0134 0.0693 0.0933 0.0060 0.0125 0.4482 0.0499 
         26*  1 0.0069 0.0131 0.0047 0.0451 0.0429 0.4059 0.0067 0.0138 0.2055 0.2555 
          28  1 0.0477 0.0148 0.0054 0.0148 0.0104 0.6384 0.0058 0.0059 0.2000 0.0568 
          29  1 0.0066 0.0054 0.0051 0.0174 0.0100 0.0284 0.0055 0.0130 0.9025 0.0060 
          30  1 0.0159 0.0279 0.0061 0.0135 0.0905 0.1391 0.3181 0.0170 0.1729 0.1989 
          33  1 0.0054 0.0215 0.0660 0.0062 0.1424 0.0049 0.0155 0.7267 0.0055 0.0059 
          37  1 0.0099 0.0121 0.0089 0.0131 0.0146 0.0077 0.0062 0.8755 0.0428 0.0092 
          38  1 0.0065 0.0048 0.0044 0.0114 0.0259 0.0083 0.0050 0.9105 0.0147 0.0085 
          43  1 0.0135 0.0148 0.0057 0.0138 0.0139 0.1157 0.0080 0.0064 0.7721 0.0361 
          44  1 0.0503 0.0049 0.0047 0.0033 0.0117 0.6251 0.0200 0.0083 0.0060 0.2657 
          48  1 0.0066 0.0044 0.0036 0.0040 0.0069 0.0057 0.0063 0.9468 0.0065 0.0092 
          55  1 0.0818 0.0484 0.0066 0.0142 0.0293 0.6597 0.0166 0.0103 0.0084 0.1247 
          59  1 0.0062 0.0071 0.0039 0.0044 0.0070 0.0074 0.0075 0.0072 0.0049 0.9444 
          60  1 0.0096 0.9146 0.0086 0.0040 0.0145 0.0041 0.0049 0.0108 0.0205 0.0083 
          61  1 0.1444 0.2327 0.4861 0.0099 0.0233 0.0142 0.0597 0.0074 0.0072 0.0151 
          62  1 0.6070 0.0498 0.1806 0.0125 0.0489 0.0159 0.0115 0.0233 0.0391 0.0114 
          65  1 0.0080 0.0160 0.0145 0.0157 0.1608 0.0088 0.0225 0.7420 0.0058 0.0059 
          73  1 0.0255 0.0423 0.0058 0.0154 0.0169 0.0104 0.7393 0.0068 0.1302 0.0073 
          75  1 0.0059 0.0045 0.9133 0.0054 0.0111 0.0048 0.0336 0.0096 0.0037 0.0082 
          76  1 0.0181 0.0094 0.9337 0.0028 0.0065 0.0051 0.0050 0.0039 0.0105 0.0051 
          77  1 0.0132 0.1475 0.7948 0.0060 0.0093 0.0045 0.0047 0.0053 0.0099 0.0049 
          78  1 0.0348 0.0231 0.2780 0.0098 0.0299 0.0106 0.5813 0.0097 0.0170 0.0058 
          79  1 0.0347 0.0066 0.8054 0.0126 0.0443 0.0090 0.0688 0.0097 0.0043 0.0046 
          84  1 0.0564 0.0234 0.0093 0.0575 0.0205 0.0300 0.0100 0.0061 0.0171 0.7697 
          85  1 0.0497 0.0068 0.0059 0.0141 0.0144 0.8750 0.0114 0.0087 0.0061 0.0080 
          86  1 0.0292 0.0090 0.0086 0.0280 0.0875 0.7988 0.0161 0.0087 0.0096 0.0045 
          89  1 0.0921 0.0383 0.0245 0.0197 0.0601 0.0209 0.0077 0.0163 0.1815 0.5389 
          94  1 0.0077 0.0053 0.0043 0.0031 0.0070 0.0083 0.0051 0.0134 0.9393 0.0064 
          95  1 0.0087 0.0183 0.0050 0.0040 0.0121 0.0189 0.0122 0.0149 0.0062 0.8996 
          96  1 0.0100 0.0050 0.0062 0.0056 0.0064 0.9401 0.0057 0.0048 0.0100 0.0061 
          98  1 0.2785 0.5132 0.0302 0.0727 0.0226 0.0075 0.0560 0.0052 0.0084 0.0058 
         102  1 0.0143 0.0124 0.0117 0.0152 0.4348 0.0065 0.0064 0.4542 0.0163 0.0283 
         105  1 0.0047 0.0044 0.0039 0.0042 0.0056 0.0047 0.9551 0.0076 0.0048 0.0051 
         106  1 0.1157 0.0174 0.2465 0.0134 0.3465 0.0169 0.1554 0.0153 0.0039 0.0690 
         108  1 0.0073 0.0449 0.0218 0.0084 0.0392 0.0091 0.7995 0.0543 0.0079 0.0076 
         109  1 0.0654 0.0848 0.0425 0.0075 0.0839 0.0173 0.6716 0.0106 0.0064 0.0100 
         112  1 0.2107 0.1103 0.1144 0.0088 0.2475 0.2153 0.0075 0.0167 0.0575 0.0113 
         115  1 0.0164 0.0508 0.0143 0.0171 0.6280 0.0092 0.0158 0.1990 0.0369 0.0125 
         116  1 0.1792 0.0046 0.0049 0.0076 0.0349 0.7137 0.0199 0.0145 0.0097 0.0110 
         117  1 0.0201 0.0386 0.0129 0.0098 0.0271 0.0697 0.0189 0.0152 0.1311 0.6565 
         129  1 0.0073 0.0070 0.0034 0.0065 0.0085 0.8660 0.0058 0.0076 0.0135 0.0745 
         132  1 0.0099 0.7830 0.0088 0.0148 0.0272 0.0069 0.0065 0.0289 0.0995 0.0146 
         133  1 0.2656 0.5407 0.0403 0.0638 0.0133 0.0045 0.0545 0.0048 0.0058 0.0067 
         137  1 0.0555 0.4828 0.3716 0.0066 0.0254 0.0096 0.0114 0.0096 0.0181 0.0094 
         139  1 0.0082 0.0053 0.9229 0.0089 0.0147 0.0078 0.0091 0.0090 0.0059 0.0082 
         140  1 0.0662 0.0660 0.0512 0.0040 0.0381 0.0133 0.7062 0.0141 0.0052 0.0358 
         142  1 0.2169 0.0246 0.6714 0.0032 0.0153 0.0088 0.0083 0.0072 0.0127 0.0316 
         144  1 0.0057 0.0070 0.0052 0.0038 0.0049 0.0041 0.9547 0.0045 0.0037 0.0065 
         145  1 0.7759 0.0255 0.1536 0.0054 0.0088 0.0056 0.0074 0.0060 0.0044 0.0074 
         147  1 0.0108 0.0059 0.0255 0.0122 0.0096 0.0076 0.9151 0.0056 0.0040 0.0037 
         160  1 0.0047 0.0053 0.0044 0.0037 0.0052 0.0071 0.0043 0.0057 0.9525 0.0073 
        162*  1 0.0113 0.0052 0.0061 0.0057 0.0064 0.9379 0.0057 0.0052 0.0115 0.0051 
         166  1 0.0122 0.9207 0.0097 0.0057 0.0106 0.0053 0.0166 0.0045 0.0045 0.0101 
         177  1 0.0053 0.0047 0.9649 0.0030 0.0048 0.0033 0.0035 0.0033 0.0037 0.0037 
         178  1 0.0181 0.0284 0.8285 0.0370 0.0195 0.0123 0.0126 0.0086 0.0268 0.0081 
         186  1 0.0044 0.0047 0.0039 0.0031 0.0042 0.0051 0.0034 0.0043 0.0047 0.9621 
         189  1 0.1729 0.0041 0.0067 0.0044 0.0071 0.7766 0.0037 0.0060 0.0124 0.0062 
         190  1 0.0260 0.0213 0.0121 0.0373 0.0285 0.7384 0.0083 0.0162 0.0649 0.0471 
         191  1 0.1982 0.0079 0.0153 0.0046 0.0277 0.3288 0.0320 0.0084 0.0169 0.3601 
         193  1 0.7616 0.0478 0.1093 0.0043 0.0149 0.0092 0.0117 0.0089 0.0120 0.0203 
         202  1 0.0343 0.0349 0.0077 0.0203 0.5709 0.1074 0.0073 0.0177 0.1885 0.0111 
         204  1 0.0050 0.0052 0.0035 0.0034 0.0060 0.6507 0.0056 0.0045 0.0088 0.3075 
         211  1 0.0180 0.6459 0.0675 0.0139 0.0879 0.0084 0.0516 0.0183 0.0751 0.0134 
         216  1 0.0092 0.3850 0.0320 0.0147 0.0257 0.0070 0.5017 0.0048 0.0152 0.0048 
         222  1 0.2037 0.0152 0.0069 0.0164 0.0504 0.0136 0.6418 0.0393 0.0079 0.0048 
         224  1 0.1973 0.0046 0.0052 0.0042 0.0082 0.7398 0.0096 0.0086 0.0142 0.0082 
         226  1 0.0063 0.0115 0.0047 0.0033 0.0196 0.0081 0.0049 0.0086 0.0049 0.9281 
         229  1 0.0507 0.0212 0.0208 0.1477 0.1922 0.4508 0.0157 0.0152 0.0664 0.0195 
         230  1 0.0265 0.0102 0.0445 0.0068 0.1267 0.6720 0.0159 0.0160 0.0453 0.0362 
         232  1 0.2938 0.0656 0.0494 0.0067 0.1377 0.0507 0.0139 0.0185 0.2562 0.1077 
         238  1 0.0386 0.0199 0.0428 0.0089 0.7256 0.0207 0.0184 0.1135 0.0066 0.0050 
         242  1 0.0057 0.0106 0.0039 0.0349 0.0219 0.0067 0.0076 0.8988 0.0040 0.0058 
         243  1 0.0400 0.0885 0.0206 0.0072 0.3127 0.0080 0.0156 0.4779 0.0076 0.0217 
         244  1 0.0086 0.0132 0.1236 0.0083 0.6440 0.0112 0.0054 0.1711 0.0088 0.0060 
         251  1 0.0308 0.0153 0.0143 0.0159 0.7224 0.0224 0.0095 0.0894 0.0718 0.0081 
         266  1 0.0287 0.1236 0.3225 0.0349 0.4012 0.0081 0.0089 0.0573 0.0049 0.0098 
         267  1 0.0224 0.1371 0.0106 0.0105 0.0511 0.0195 0.6789 0.0198 0.0060 0.0440 
         268  1 0.0182 0.2997 0.4404 0.0958 0.0258 0.0047 0.0694 0.0062 0.0338 0.0060 
         270  1 0.0314 0.0076 0.0051 0.0073 0.0113 0.8692 0.0152 0.0105 0.0227 0.0197 
         276  1 0.1906 0.0294 0.0350 0.0093 0.0407 0.3219 0.0310 0.0159 0.0220 0.3043 
         298  1 0.0161 0.0713 0.1956 0.0271 0.0313 0.0079 0.6074 0.0100 0.0108 0.0226 
         306  1 0.3052 0.5955 0.0167 0.0067 0.0347 0.0066 0.0101 0.0116 0.0054 0.0075 
         308  1 0.0529 0.0382 0.5713 0.0101 0.1142 0.0123 0.0769 0.0357 0.0809 0.0075 
         311  1 0.4232 0.1174 0.0088 0.0137 0.2497 0.0204 0.1097 0.0368 0.0131 0.0073 
         323  1 0.0058 0.0049 0.0038 0.0044 0.0060 0.0076 0.0073 0.0080 0.0046 0.9476 
         327  1 0.0205 0.0372 0.0066 0.0181 0.0621 0.6024 0.0107 0.0156 0.2078 0.0192 
         334  1 0.0040 0.0046 0.0042 0.9569 0.0047 0.0051 0.0053 0.0062 0.0059 0.0031 
         338  1 0.3660 0.1455 0.0181 0.0086 0.1772 0.0351 0.1813 0.0168 0.0291 0.0223 
         341  1 0.0092 0.0328 0.0061 0.0056 0.0119 0.0083 0.0058 0.0134 0.0072 0.8996 
         346  1 0.0201 0.5511 0.3438 0.0044 0.0152 0.0086 0.0053 0.0064 0.0334 0.0117 
         348  1 0.1388 0.0171 0.1932 0.0115 0.0483 0.0076 0.5524 0.0174 0.0062 0.0075 
         351  1 0.0183 0.4442 0.0131 0.1442 0.1858 0.0087 0.0089 0.1225 0.0401 0.0144 
         362  1 0.0083 0.0070 0.0051 0.0044 0.0099 0.7622 0.0065 0.0055 0.0576 0.1336 
         364  1 0.0181 0.0383 0.0116 0.0211 0.0548 0.0058 0.0073 0.8214 0.0113 0.0103 
         366  1 0.0098 0.0368 0.0082 0.0046 0.0646 0.0160 0.0215 0.8211 0.0070 0.0103 
         376  1 0.0179 0.0094 0.0157 0.0040 0.0095 0.0213 0.0034 0.0058 0.0131 0.8998 
         377  1 0.2614 0.0170 0.0075 0.0078 0.0538 0.2367 0.0214 0.0149 0.3633 0.0161 
         378  1 0.0127 0.0152 0.0157 0.0047 0.0073 0.0063 0.0056 0.0041 0.9144 0.0140 
         388  1 0.0675 0.3012 0.0137 0.0298 0.0475 0.0149 0.4687 0.0173 0.0292 0.0101 
         391  1 0.0932 0.2193 0.0087 0.0035 0.0924 0.0076 0.0137 0.0122 0.1302 0.4191 
         396  1 0.1280 0.0398 0.0137 0.0260 0.0848 0.6216 0.0136 0.0081 0.0181 0.0462 
         400  1 0.1766 0.0082 0.0087 0.0493 0.0687 0.2147 0.0097 0.1311 0.3239 0.0091 
         401  1 0.0921 0.0098 0.0815 0.0232 0.4065 0.2258 0.0061 0.0633 0.0104 0.0813 
         406  1 0.2496 0.3444 0.0266 0.0071 0.1473 0.0137 0.0601 0.0352 0.0146 0.1014 
         412  1 0.5467 0.2598 0.0173 0.0077 0.0481 0.0271 0.0312 0.0158 0.0236 0.0228 
         413  1 0.6117 0.0243 0.1259 0.1272 0.0391 0.0212 0.0171 0.0238 0.0056 0.0039 
         421  1 0.2345 0.0219 0.0181 0.0074 0.0519 0.6169 0.0138 0.0103 0.0097 0.0155 
         423  1 0.2627 0.0065 0.0076 0.0060 0.0583 0.5737 0.0370 0.0221 0.0092 0.0169 
         424  1 0.3235 0.3614 0.0150 0.0076 0.0516 0.0100 0.0172 0.0268 0.0184 0.1685 
         426  1 0.0528 0.0724 0.0215 0.0112 0.0569 0.0289 0.0098 0.0264 0.6268 0.0933 
         430  1 0.4823 0.3931 0.0324 0.0127 0.0162 0.0100 0.0191 0.0052 0.0110 0.0182 
         435  1 0.3334 0.0158 0.5846 0.0037 0.0111 0.0069 0.0236 0.0041 0.0120 0.0050 
         476  1 0.0187 0.0082 0.0218 0.0046 0.0350 0.1104 0.0043 0.0257 0.0135 0.7578 
         478  1 0.0292 0.0114 0.0059 0.0075 0.0249 0.1922 0.0087 0.0284 0.0149 0.6770 
         484  1 0.0505 0.2957 0.0429 0.0132 0.0184 0.0073 0.5382 0.0054 0.0092 0.0191 
         489  1 0.2854 0.0547 0.0067 0.0051 0.0188 0.0358 0.1152 0.0057 0.4657 0.0070 
         492  1 0.0042 0.0051 0.0036 0.9647 0.0039 0.0032 0.0041 0.0042 0.0035 0.0035 
         493  1 0.0189 0.0093 0.0072 0.0043 0.0266 0.0085 0.0072 0.8990 0.0111 0.0078 
         494  1 0.0128 0.0057 0.0067 0.0108 0.2026 0.0176 0.0079 0.6852 0.0413 0.0096 
         500  1 0.0118 0.0060 0.0041 0.0028 0.0169 0.8815 0.0041 0.0083 0.0094 0.0551 
         504  1 0.0232 0.0877 0.0242 0.0737 0.0983 0.0511 0.5478 0.0239 0.0588 0.0114 
         506  1 0.0070 0.0114 0.0038 0.0035 0.0063 0.0230 0.9226 0.0047 0.0047 0.0130 
