

----------------------------------------------------
STRUCTURE by Pritchard, Stephens and Donnelly (2000)
     and Falush, Stephens and Pritchard (2003)
       Code by Pritchard, Falush and Hubisz
             Version 2.3.4 (Jul 2012)
----------------------------------------------------



Command line arguments:   bin\structure -m M:\STRUCTURE\Squirrel_135_ID_14L_20250816\10k_Burnin_100k_MCMC\mainparams -e M:\STRUCTURE\Squirrel_135_ID_14L_20250816\10k_Burnin_100k_MCMC\extraparams 
Input File:    M:\STRUCTURE\Squirrel_135_ID_14L_20250816\project_data

Run parameters:
   135 individuals
   14 loci
   3 populations assumed
   10000 Burn-in period
   100000 Reps


--------------------------------------------
Proportion of membership of each pre-defined
 population in each of the 3 clusters

Given    Inferred Clusters       Number of
 Pop       1      2      3      Individuals

  1:     0.211  0.362  0.427      135
--------------------------------------------

Allele-freq. divergence among pops (Net nucleotide distance),
computed using point estimates of P.

      1       2       3      
 1      -    0.0361  0.0350  
 2   0.0361     -    0.0452  
 3   0.0350  0.0452     -    

Average distances (expected heterozygosity) between individuals in same cluster:
cluster  1  : 0.6717 
cluster  2  : 0.6057 
cluster  3  : 0.5441 

--------------------------------------------
Estimated Ln Prob of Data   = -4619.1
Mean value of ln likelihood = -4461.3
Variance of ln likelihood   = 315.7
Mean value of alpha         = 0.0392

Mean value of lambda        = 0.9930

Mean value of Fst_1         = 0.0186
Mean value of Fst_2         = 0.1369
Mean value of Fst_3         = 0.1516


Inferred ancestry of individuals:
        Label (%Miss) Pop:  Inferred clusters (and 90% probability intervals)
  1       1*    (0)    1 :  0.968 0.017 0.015     (0.789,1.000) (0.000,0.111) (0.000,0.092) 
  2        3    (0)    1 :  0.010 0.012 0.978     (0.000,0.054) (0.000,0.068) (0.862,1.000) 
  3        6    (0)    1 :  0.008 0.026 0.966     (0.000,0.042) (0.000,0.189) (0.772,1.000) 
  4        8    (0)    1 :  0.015 0.006 0.979     (0.000,0.076) (0.000,0.030) (0.884,1.000) 
  5       10    (0)    1 :  0.009 0.006 0.985     (0.000,0.042) (0.000,0.027) (0.917,1.000) 
  6       11    (0)    1 :  0.861 0.026 0.113     (0.002,1.000) (0.000,0.183) (0.000,0.854) 
  7       12    (0)    1 :  0.014 0.010 0.976     (0.000,0.065) (0.000,0.051) (0.864,1.000) 
  8       16    (7)    1 :  0.010 0.007 0.983     (0.000,0.054) (0.000,0.034) (0.897,1.000) 
  9       18    (0)    1 :  0.985 0.006 0.010     (0.905,1.000) (0.000,0.029) (0.000,0.054) 
 10       19    (0)    1 :  0.944 0.030 0.026     (0.641,1.000) (0.000,0.211) (0.000,0.184) 
 11       21    (7)    1 :  0.010 0.008 0.982     (0.000,0.052) (0.000,0.044) (0.886,1.000) 
 12       23    (7)    1 :  0.048 0.279 0.674     (0.000,0.318) (0.000,1.000) (0.000,1.000) 
 13       24    (7)    1 :  0.642 0.017 0.341     (0.000,1.000) (0.000,0.110) (0.000,1.000) 
 14       25    (7)    1 :  0.080 0.035 0.885     (0.000,0.599) (0.000,0.270) (0.335,1.000) 
 15      26*    (0)    1 :  0.015 0.005 0.980     (0.000,0.100) (0.000,0.026) (0.874,1.000) 
 16       28    (0)    1 :  0.006 0.006 0.988     (0.000,0.031) (0.000,0.029) (0.927,1.000) 
 17       29    (0)    1 :  0.029 0.007 0.965     (0.000,0.145) (0.000,0.033) (0.809,1.000) 
 18       30    (0)    1 :  0.115 0.249 0.636     (0.000,0.996) (0.000,0.976) (0.000,1.000) 
 19       33    (0)    1 :  0.979 0.017 0.005     (0.865,1.000) (0.000,0.107) (0.000,0.025) 
 20       37    (0)    1 :  0.977 0.007 0.016     (0.851,1.000) (0.000,0.035) (0.000,0.102) 
 21       38    (0)    1 :  0.983 0.004 0.013     (0.897,1.000) (0.000,0.021) (0.000,0.075) 
 22       43    (0)    1 :  0.014 0.007 0.979     (0.000,0.085) (0.000,0.036) (0.869,1.000) 
 23       44    (0)    1 :  0.008 0.009 0.983     (0.000,0.044) (0.000,0.049) (0.893,1.000) 
 24       48    (0)    1 :  0.986 0.005 0.008     (0.918,1.000) (0.000,0.026) (0.000,0.046) 
 25       55    (0)    1 :  0.010 0.015 0.975     (0.000,0.052) (0.000,0.099) (0.838,1.000) 
 26       59    (0)    1 :  0.022 0.010 0.967     (0.000,0.101) (0.000,0.061) (0.818,1.000) 
 27       60    (0)    1 :  0.145 0.838 0.016     (0.000,1.000) (0.000,1.000) (0.000,0.105) 
 28       61    (0)    1 :  0.007 0.985 0.008     (0.000,0.036) (0.911,1.000) (0.000,0.041) 
 29       62    (0)    1 :  0.042 0.897 0.061     (0.000,0.274) (0.046,1.000) (0.000,0.497) 
 30       65    (0)    1 :  0.981 0.013 0.006     (0.876,1.000) (0.000,0.086) (0.000,0.031) 
 31       73    (0)    1 :  0.023 0.933 0.044     (0.000,0.149) (0.620,1.000) (0.000,0.310) 
 32       75    (0)    1 :  0.021 0.974 0.005     (0.000,0.130) (0.841,1.000) (0.000,0.027) 
 33       76    (0)    1 :  0.006 0.987 0.007     (0.000,0.030) (0.922,1.000) (0.000,0.037) 
 34       77    (0)    1 :  0.009 0.984 0.007     (0.000,0.046) (0.904,1.000) (0.000,0.036) 
 35       78    (0)    1 :  0.007 0.986 0.007     (0.000,0.041) (0.910,1.000) (0.000,0.037) 
 36       79    (0)    1 :  0.022 0.974 0.004     (0.000,0.159) (0.825,1.000) (0.000,0.022) 
 37       84    (0)    1 :  0.011 0.022 0.967     (0.000,0.063) (0.000,0.157) (0.784,1.000) 
 38       85    (0)    1 :  0.049 0.017 0.934     (0.000,0.336) (0.000,0.114) (0.582,1.000) 
 39       86    (0)    1 :  0.162 0.038 0.800     (0.000,0.999) (0.000,0.287) (0.000,1.000) 
 40       89    (0)    1 :  0.023 0.021 0.957     (0.000,0.134) (0.000,0.130) (0.727,1.000) 
 41       94    (0)    1 :  0.068 0.005 0.927     (0.000,0.580) (0.000,0.026) (0.413,1.000) 
 42       95    (0)    1 :  0.047 0.021 0.933     (0.000,0.272) (0.000,0.139) (0.571,1.000) 
 43       96    (0)    1 :  0.008 0.009 0.983     (0.000,0.040) (0.000,0.053) (0.894,1.000) 
 44       98    (0)    1 :  0.010 0.980 0.010     (0.000,0.053) (0.875,1.000) (0.000,0.054) 
 45      102    (0)    1 :  0.973 0.011 0.016     (0.824,1.000) (0.000,0.068) (0.000,0.104) 
 46      105    (0)    1 :  0.020 0.971 0.009     (0.000,0.138) (0.816,1.000) (0.000,0.049) 
 47      106    (0)    1 :  0.086 0.857 0.057     (0.000,0.842) (0.065,1.000) (0.000,0.306) 
 48      108    (0)    1 :  0.079 0.905 0.016     (0.000,0.511) (0.465,1.000) (0.000,0.107) 
 49      109    (0)    1 :  0.011 0.968 0.021     (0.000,0.060) (0.789,1.000) (0.000,0.156) 
 50      112    (0)    1 :  0.087 0.193 0.720     (0.000,0.781) (0.000,1.000) (0.000,1.000) 
 51      115    (0)    1 :  0.960 0.020 0.019     (0.744,1.000) (0.000,0.122) (0.000,0.115) 
 52      116    (0)    1 :  0.056 0.020 0.924     (0.000,0.375) (0.000,0.132) (0.559,1.000) 
 53      117    (0)    1 :  0.008 0.022 0.969     (0.000,0.044) (0.000,0.146) (0.803,1.000) 
 54      129    (0)    1 :  0.006 0.004 0.990     (0.000,0.029) (0.000,0.021) (0.940,1.000) 
 55      132    (0)    1 :  0.540 0.401 0.058     (0.000,1.000) (0.000,1.000) (0.000,0.432) 
 56      133    (0)    1 :  0.008 0.986 0.007     (0.000,0.039) (0.915,1.000) (0.000,0.033) 
 57      137    (7)    1 :  0.010 0.976 0.014     (0.000,0.047) (0.851,1.000) (0.000,0.086) 
 58      139    (0)    1 :  0.043 0.947 0.010     (0.000,0.293) (0.673,1.000) (0.000,0.056) 
 59      140    (0)    1 :  0.014 0.974 0.012     (0.000,0.068) (0.850,1.000) (0.000,0.056) 
 60      142    (0)    1 :  0.008 0.979 0.013     (0.000,0.039) (0.869,1.000) (0.000,0.078) 
 61      144    (0)    1 :  0.008 0.986 0.006     (0.000,0.042) (0.912,1.000) (0.000,0.033) 
 62      145    (0)    1 :  0.009 0.975 0.016     (0.000,0.047) (0.856,1.000) (0.000,0.081) 
 63      147    (0)    1 :  0.008 0.985 0.007     (0.000,0.044) (0.907,1.000) (0.000,0.038) 
 64      160    (0)    1 :  0.021 0.006 0.973     (0.000,0.075) (0.000,0.031) (0.879,1.000) 
 65     162*    (0)    1 :  0.009 0.010 0.982     (0.000,0.044) (0.000,0.054) (0.886,1.000) 
 66      166    (0)    1 :  0.008 0.986 0.007     (0.000,0.036) (0.916,1.000) (0.000,0.034) 
 67      177    (0)    1 :  0.007 0.989 0.004     (0.000,0.035) (0.934,1.000) (0.000,0.022) 
 68      178    (0)    1 :  0.011 0.976 0.013     (0.000,0.059) (0.844,1.000) (0.000,0.079) 
 69      186    (0)    1 :  0.009 0.007 0.984     (0.000,0.047) (0.000,0.037) (0.901,1.000) 
 70      189    (0)    1 :  0.011 0.007 0.982     (0.000,0.053) (0.000,0.037) (0.893,1.000) 
 71      190    (0)    1 :  0.012 0.009 0.979     (0.000,0.064) (0.000,0.048) (0.872,1.000) 
 72      191    (0)    1 :  0.007 0.015 0.977     (0.000,0.038) (0.000,0.095) (0.856,1.000) 
 73      193    (0)    1 :  0.012 0.883 0.105     (0.000,0.056) (0.000,1.000) (0.000,0.999) 
 74      202    (0)    1 :  0.386 0.021 0.593     (0.000,1.000) (0.000,0.138) (0.000,1.000) 
 75      204    (0)    1 :  0.004 0.004 0.991     (0.000,0.022) (0.000,0.021) (0.948,1.000) 
 76      211    (0)    1 :  0.050 0.927 0.023     (0.000,0.336) (0.521,1.000) (0.000,0.163) 
 77      216    (0)    1 :  0.007 0.987 0.006     (0.000,0.032) (0.922,1.000) (0.000,0.033) 
 78      222    (0)    1 :  0.123 0.862 0.015     (0.000,0.939) (0.033,1.000) (0.000,0.087) 
 79      224    (0)    1 :  0.018 0.011 0.971     (0.000,0.075) (0.000,0.065) (0.835,1.000) 
 80      226    (0)    1 :  0.114 0.012 0.874     (0.000,0.978) (0.000,0.069) (0.003,1.000) 
 81      229    (0)    1 :  0.143 0.036 0.821     (0.000,0.999) (0.000,0.271) (0.000,1.000) 
 82      230    (0)    1 :  0.065 0.037 0.899     (0.000,0.491) (0.000,0.232) (0.438,1.000) 
 83      232    (0)    1 :  0.023 0.049 0.928     (0.000,0.106) (0.000,0.367) (0.519,1.000) 
 84      238    (0)    1 :  0.839 0.146 0.015     (0.228,1.000) (0.000,0.744) (0.000,0.089) 
 85      242    (0)    1 :  0.990 0.005 0.006     (0.937,1.000) (0.000,0.023) (0.000,0.029) 
 86      243    (0)    1 :  0.934 0.050 0.016     (0.597,1.000) (0.000,0.362) (0.000,0.102) 
 87      244    (0)    1 :  0.958 0.032 0.010     (0.721,1.000) (0.000,0.245) (0.000,0.059) 
 88      251    (0)    1 :  0.925 0.027 0.048     (0.540,1.000) (0.000,0.182) (0.000,0.366) 
 89      266    (0)    1 :  0.416 0.575 0.008     (0.000,1.000) (0.000,1.000) (0.000,0.044) 
 90      267    (0)    1 :  0.023 0.940 0.037     (0.000,0.154) (0.638,1.000) (0.000,0.276) 
 91      268    (0)    1 :  0.009 0.984 0.006     (0.000,0.045) (0.907,1.000) (0.000,0.033) 
 92      270    (0)    1 :  0.011 0.008 0.981     (0.000,0.058) (0.000,0.046) (0.883,1.000) 
 93      276    (0)    1 :  0.013 0.034 0.953     (0.000,0.074) (0.000,0.257) (0.685,1.000) 
 94      298    (7)    1 :  0.009 0.984 0.007     (0.000,0.046) (0.898,1.000) (0.000,0.040) 
 95      306    (0)    1 :  0.034 0.959 0.007     (0.000,0.176) (0.783,1.000) (0.000,0.032) 
 96      308    (0)    1 :  0.022 0.965 0.013     (0.000,0.139) (0.780,1.000) (0.000,0.078) 
 97      311    (7)    1 :  0.259 0.719 0.022     (0.000,1.000) (0.000,1.000) (0.000,0.143) 
 98      323    (0)    1 :  0.025 0.012 0.964     (0.000,0.121) (0.000,0.070) (0.791,1.000) 
 99      327    (0)    1 :  0.015 0.009 0.976     (0.000,0.083) (0.000,0.047) (0.855,1.000) 
100      334    (0)    1 :  0.983 0.012 0.005     (0.889,1.000) (0.000,0.072) (0.000,0.029) 
101      338    (0)    1 :  0.039 0.926 0.035     (0.000,0.228) (0.467,1.000) (0.000,0.227) 
102      341    (0)    1 :  0.039 0.029 0.932     (0.000,0.245) (0.000,0.208) (0.577,1.000) 
103      346    (0)    1 :  0.017 0.939 0.044     (0.000,0.066) (0.586,1.000) (0.000,0.319) 
104      348    (0)    1 :  0.011 0.983 0.006     (0.000,0.060) (0.896,1.000) (0.000,0.031) 
105      351    (0)    1 :  0.946 0.033 0.022     (0.647,1.000) (0.000,0.224) (0.000,0.147) 
106      362    (0)    1 :  0.005 0.005 0.989     (0.000,0.029) (0.000,0.028) (0.933,1.000) 
107      364    (0)    1 :  0.979 0.014 0.008     (0.861,1.000) (0.000,0.085) (0.000,0.041) 
108      366    (0)    1 :  0.966 0.019 0.015     (0.781,1.000) (0.000,0.116) (0.000,0.089) 
109      376    (0)    1 :  0.009 0.008 0.983     (0.000,0.048) (0.000,0.041) (0.894,1.000) 
110      377    (7)    1 :  0.045 0.050 0.905     (0.000,0.286) (0.000,0.353) (0.394,1.000) 
111      378    (0)    1 :  0.007 0.013 0.979     (0.000,0.035) (0.000,0.074) (0.881,1.000) 
112      388    (0)    1 :  0.028 0.952 0.020     (0.000,0.179) (0.693,1.000) (0.000,0.141) 
113      391    (0)    1 :  0.064 0.218 0.718     (0.000,0.487) (0.000,1.000) (0.000,1.000) 
114      396   (14)    1 :  0.016 0.020 0.964     (0.000,0.079) (0.000,0.136) (0.776,1.000) 
115      400   (14)    1 :  0.395 0.010 0.596     (0.000,1.000) (0.000,0.051) (0.000,1.000) 
116      401    (0)    1 :  0.530 0.073 0.397     (0.000,1.000) (0.000,0.474) (0.000,0.998) 
117      406    (0)    1 :  0.097 0.837 0.065     (0.000,0.985) (0.000,1.000) (0.000,0.499) 
118      412    (7)    1 :  0.026 0.897 0.077     (0.000,0.148) (0.280,1.000) (0.000,0.593) 
119      413    (0)    1 :  0.078 0.908 0.014     (0.000,0.522) (0.420,1.000) (0.000,0.073) 
120      421    (0)    1 :  0.027 0.041 0.931     (0.000,0.177) (0.000,0.315) (0.577,1.000) 
121      423    (0)    1 :  0.132 0.064 0.805     (0.000,1.000) (0.000,0.467) (0.000,1.000) 
122      424    (0)    1 :  0.054 0.784 0.162     (0.000,0.380) (0.000,1.000) (0.000,1.000) 
123      426    (0)    1 :  0.019 0.021 0.960     (0.000,0.102) (0.000,0.129) (0.746,1.000) 
124      430    (7)    1 :  0.007 0.976 0.017     (0.000,0.037) (0.851,1.000) (0.000,0.096) 
125      435    (0)    1 :  0.005 0.987 0.008     (0.000,0.024) (0.923,1.000) (0.000,0.043) 
126      476    (0)    1 :  0.025 0.007 0.968     (0.000,0.168) (0.000,0.036) (0.804,1.000) 
127      478    (0)    1 :  0.008 0.006 0.986     (0.000,0.043) (0.000,0.033) (0.912,1.000) 
128      484    (0)    1 :  0.007 0.985 0.008     (0.000,0.036) (0.905,1.000) (0.000,0.044) 
129      489    (0)    1 :  0.025 0.271 0.704     (0.000,0.109) (0.000,1.000) (0.000,1.000) 
130      492   (14)    1 :  0.977 0.017 0.006     (0.851,1.000) (0.000,0.110) (0.000,0.033) 
131      493    (0)    1 :  0.984 0.008 0.008     (0.898,1.000) (0.000,0.044) (0.000,0.044) 
132      494    (0)    1 :  0.971 0.006 0.023     (0.810,1.000) (0.000,0.035) (0.000,0.159) 
133      500    (0)    1 :  0.010 0.004 0.986     (0.000,0.043) (0.000,0.021) (0.927,1.000) 
134      504    (0)    1 :  0.116 0.819 0.064     (0.000,0.743) (0.157,1.000) (0.000,0.415) 
135      506    (0)    1 :  0.011 0.925 0.064     (0.000,0.057) (0.561,1.000) (0.000,0.418) 


Estimated Allele Frequencies in each cluster
First column gives estimated ancestral frequencies


Locus 1 : Rsu5 
5 alleles
1.5% missing data
 137   (0.673) 0.662 0.698 0.950 
 135   (0.103) 0.100 0.048 0.024 
 139   (0.161) 0.195 0.040 0.023 
 133   (0.025) 0.021 0.002 0.001 
 131   (0.037) 0.022 0.213 0.002 

Locus 2 : Scv1 
5 alleles
0.7% missing data
 181   (0.551) 0.595 0.351 0.748 
 179   (0.207) 0.211 0.214 0.101 
 177   (0.097) 0.076 0.185 0.047 
 185   (0.114) 0.086 0.247 0.102 
 171   (0.031) 0.032 0.002 0.002 

Locus 3 : Rsu4 
9 alleles
0.0% missing data
 267   (0.247) 0.283 0.089 0.194 
 263   (0.285) 0.271 0.429 0.466 
 259   (0.031) 0.018 0.002 0.183 
 287   (0.157) 0.142 0.210 0.132 
 275   (0.060) 0.078 0.007 0.003 
 279   (0.088) 0.092 0.083 0.007 
 283   (0.059) 0.048 0.175 0.003 
 291   (0.041) 0.035 0.003 0.012 
 271   (0.031) 0.032 0.002 0.001 

Locus 4 : Rsu6 
5 alleles
0.0% missing data
 120   (0.238) 0.222 0.220 0.323 
 126   (0.615) 0.637 0.769 0.520 
 124   (0.076) 0.069 0.006 0.147 
 130   (0.046) 0.057 0.003 0.002 
 114   (0.025) 0.015 0.002 0.008 

Locus 5 : Scv23 
3 alleles
1.5% missing data
 158   (0.485) 0.477 0.625 0.555 
 164   (0.247) 0.262 0.119 0.187 
 160   (0.268) 0.261 0.256 0.258 

Locus 6 : Scv13 
5 alleles
0.0% missing data
 182   (0.706) 0.706 0.809 0.894 
 180   (0.092) 0.098 0.006 0.087 
 172   (0.069) 0.062 0.129 0.004 
 184   (0.085) 0.096 0.012 0.013 
 174   (0.048) 0.038 0.045 0.002 

Locus 7 : Scv32 
18 alleles
0.7% missing data
 236   (0.054) 0.088 0.004 0.003 
 238   (0.042) 0.037 0.092 0.002 
 234   (0.092) 0.071 0.382 0.147 
 246   (0.043) 0.029 0.008 0.188 
 248   (0.111) 0.133 0.022 0.151 
 262   (0.094) 0.086 0.064 0.157 
 232   (0.211) 0.268 0.205 0.118 
 250   (0.032) 0.022 0.005 0.068 
 228   (0.027) 0.031 0.002 0.001 
 220   (0.031) 0.023 0.002 0.109 
 264   (0.058) 0.053 0.033 0.022 
 252   (0.033) 0.020 0.061 0.007 
 254   (0.039) 0.030 0.069 0.002 
 242   (0.027) 0.031 0.002 0.001 
 266   (0.025) 0.016 0.027 0.001 
 244   (0.039) 0.028 0.018 0.013 
 226   (0.021) 0.013 0.001 0.007 
 240   (0.021) 0.019 0.001 0.001 

Locus 8 : Scv8 
6 alleles
0.7% missing data
 200   (0.627) 0.652 0.600 0.766 
 202   (0.104) 0.121 0.076 0.005 
 194   (0.076) 0.053 0.072 0.099 
 204   (0.049) 0.041 0.003 0.045 
 198   (0.088) 0.091 0.007 0.082 
 188   (0.056) 0.042 0.241 0.003 

Locus 9 : Scv9 
5 alleles
0.0% missing data
 198   (0.283) 0.269 0.458 0.317 
 200   (0.389) 0.435 0.182 0.431 
 196   (0.252) 0.251 0.309 0.202 
 204   (0.052) 0.032 0.040 0.049 
 202   (0.024) 0.014 0.010 0.001 

Locus 10 : Rsu1 
6 alleles
0.0% missing data
 189   (0.378) 0.446 0.214 0.181 
 185   (0.229) 0.212 0.499 0.177 
 177   (0.077) 0.060 0.034 0.076 
 181   (0.247) 0.241 0.249 0.303 
 193   (0.034) 0.021 0.002 0.157 
 197   (0.034) 0.021 0.002 0.107 

Locus 11 : Scv14 
7 alleles
4.4% missing data
 196   (0.467) 0.452 0.620 0.855 
 198   (0.094) 0.104 0.090 0.005 
 194   (0.160) 0.169 0.088 0.063 
 202   (0.207) 0.220 0.193 0.070 
 204   (0.024) 0.021 0.002 0.001 
 190   (0.024) 0.017 0.002 0.005 
 200   (0.024) 0.017 0.005 0.001 

Locus 12 : Scv16 
7 alleles
0.0% missing data
 182   (0.362) 0.349 0.492 0.519 
 184   (0.446) 0.480 0.391 0.407 
 188   (0.087) 0.097 0.006 0.069 
 200   (0.023) 0.020 0.001 0.001 
 198   (0.029) 0.016 0.068 0.001 
 190   (0.029) 0.017 0.039 0.001 
 186   (0.024) 0.020 0.002 0.001 

Locus 13 : Scv31 
15 alleles
3.0% missing data
 193   (0.131) 0.127 0.145 0.146 
 201   (0.122) 0.155 0.026 0.052 
 187   (0.063) 0.044 0.051 0.225 
 207   (0.028) 0.017 0.002 0.136 
 195   (0.055) 0.035 0.096 0.063 
 185   (0.146) 0.141 0.304 0.100 
 189   (0.104) 0.149 0.007 0.046 
 205   (0.021) 0.019 0.001 0.001 
 191   (0.115) 0.094 0.257 0.181 
 197   (0.035) 0.021 0.061 0.008 
 199   (0.053) 0.055 0.042 0.003 
 203   (0.034) 0.043 0.002 0.002 
 209   (0.029) 0.032 0.002 0.001 
 213   (0.039) 0.053 0.003 0.002 
 181   (0.024) 0.015 0.002 0.034 

Locus 14 : Scv6 
8 alleles
0.0% missing data
 191   (0.144) 0.172 0.015 0.130 
 195   (0.341) 0.326 0.442 0.539 
 197   (0.162) 0.136 0.243 0.278 
 201   (0.105) 0.129 0.057 0.006 
 205   (0.031) 0.033 0.002 0.002 
 193   (0.092) 0.095 0.133 0.006 
 199   (0.093) 0.077 0.106 0.038 
 181   (0.031) 0.033 0.002 0.001 

Values of parameters used in structure:
DATAFILE=M:\STRUCTURE\Squirrel_135_ID_14L_20250816\project_data,	OUTFILE=M:\STRUCTURE\Squirrel_135_ID_14L_20250816\10k_Burnin_100k_MCMC\Results\10k_Burnin_100k_MCMC_run_54,	NUMINDS=135,	NUMLOCI=14,	MISSING=-9,	LABEL=1,	POPDATA=1,	POPFLAG=0,	PHENOTYPE=0,	EXTRACOLS=1,	MAXPOPS=3,	BURNIN=10000,	NUMREPS=100000,	USEPOPINFO=0,	INFERALPHA=1,	INFERLAMBDA=1,	POPSPECIFICLAMBDA=0,	POPALPHAS=0,	COMPUTEPROB=1,	NOADMIX=0,	ADMBURNIN=2500,	UPDATEFREQ=1,	PRINTLIKES=0,	INTERMEDSAVE=0,	PRINTKLD=0,	PRINTNET=0,	PRINTLAMBDA=0,	ANCESTDIST=1,	NUMBOXES=1000,	ANCESTPINT=0.90000,	GENSBACK=2,	MIGRPRIOR=0.05000,	PRINTQHAT=1,	PRINTQSUM=0,	ALPHA=1.0000,	FREQSCORR=1,	FPRIORMEAN=0.0100,	FPRIORSD=0.0500,	ONEFST=0,	LAMBDA=1.0000,	UNIFPRIORALPHA=1,	ALPHAMAX=10.0000,	ALPHAPRIORA=1.0000,	ALPHAPRIORB=2.0000,	ALPHAPROPSD=0.0250,	STARTATPOPINFO=0,	RANDOMIZE=1,	LINKAGE=0,	METROFREQ=10,	REPORTHITRATE=0,	MARKOVPHASE=-1,	PHASED=0,	PLOIDY=2,	PHASEINFO=0	LOCPRIOR=0, 	LOCPRIORINIT=1.000000, 	LOCDATA=0, 	LOCISPOP=0, 	LOCPRIORSTEP=0.100000, 	MAXLOCPRIOR=20.000000, 	SEED=1763638565,	
[STRAT parameters]:    NUMSIMSTATS=1000,	PHENOTYPECOL=-9,	POOLFREQ=10,	LOCUSxONLY=0,	EMERROR=0.00100,	MISSINGPHENO=-9,	