          1*  1 0.0485 0.9515 
           3  1 0.9857 0.0143 
           6  1 0.9776 0.0224 
           8  1 0.9894 0.0106 
          10  1 0.9910 0.0090 
          11  1 0.5205 0.4795 
          12  1 0.9886 0.0114 
          16  1 0.9912 0.0088 
          18  1 0.2647 0.7353 
          19  1 0.0624 0.9376 
          21  1 0.9892 0.0108 
          23  1 0.7704 0.2296 
          24  1 0.7939 0.2061 
          25  1 0.9600 0.0400 
         26*  1 0.9923 0.0077 
          28  1 0.9934 0.0066 
          29  1 0.9879 0.0121 
          30  1 0.6210 0.3790 
          33  1 0.0085 0.9915 
          37  1 0.2904 0.7096 
          38  1 0.3240 0.6760 
          43  1 0.9908 0.0092 
          44  1 0.9905 0.0095 
          48  1 0.2566 0.7434 
          55  1 0.9821 0.0179 
          59  1 0.9880 0.0120 
          60  1 0.0195 0.9805 
          61  1 0.0142 0.9858 
          62  1 0.1827 0.8173 
          65  1 0.0790 0.9210 
          73  1 0.0460 0.9540 
          75  1 0.0066 0.9934 
          76  1 0.0112 0.9888 
          77  1 0.0118 0.9882 
          78  1 0.0098 0.9902 
          79  1 0.0061 0.9939 
          84  1 0.9810 0.0190 
          85  1 0.9726 0.0274 
          86  1 0.9152 0.0848 
          89  1 0.9795 0.0205 
          94  1 0.9898 0.0102 
          95  1 0.9747 0.0253 
          96  1 0.9905 0.0095 
          98  1 0.0136 0.9864 
         102  1 0.2476 0.7524 
         105  1 0.0092 0.9908 
         106  1 0.0562 0.9438 
         108  1 0.0132 0.9868 
         109  1 0.0260 0.9740 
         112  1 0.7888 0.2112 
         115  1 0.2291 0.7709 
         116  1 0.9602 0.0398 
         117  1 0.9749 0.0251 
         129  1 0.9942 0.0058 
         132  1 0.0621 0.9379 
         133  1 0.0099 0.9901 
         137  1 0.0302 0.9698 
         139  1 0.0122 0.9878 
         140  1 0.0229 0.9771 
         142  1 0.0269 0.9731 
         144  1 0.0089 0.9911 
         145  1 0.0835 0.9165 
         147  1 0.0078 0.9922 
         160  1 0.9900 0.0100 
        162*  1 0.9886 0.0114 
         166  1 0.0114 0.9886 
         177  1 0.0073 0.9927 
         178  1 0.0180 0.9820 
         186  1 0.9901 0.0099 
         189  1 0.9902 0.0098 
         190  1 0.9891 0.0109 
         191  1 0.9863 0.0137 
         193  1 0.4437 0.5563 
         202  1 0.8995 0.1005 
         204  1 0.9945 0.0055 
         211  1 0.0280 0.9720 
         216  1 0.0099 0.9901 
         222  1 0.0173 0.9827 
         224  1 0.9853 0.0147 
         226  1 0.9733 0.0267 
         229  1 0.8851 0.1149 
         230  1 0.9574 0.0426 
         232  1 0.9496 0.0504 
         238  1 0.0196 0.9804 
         242  1 0.0201 0.9799 
         243  1 0.0364 0.9636 
         244  1 0.0186 0.9814 
         251  1 0.0946 0.9054 
         266  1 0.0114 0.9886 
         267  1 0.0331 0.9669 
         268  1 0.0085 0.9915 
         270  1 0.9891 0.0109 
         276  1 0.9720 0.0280 
         298  1 0.0112 0.9888 
         306  1 0.0103 0.9897 
         308  1 0.0156 0.9844 
         311  1 0.0250 0.9750 
         323  1 0.9850 0.0150 
         327  1 0.9890 0.0110 
         334  1 0.0160 0.9840 
         338  1 0.0804 0.9196 
         341  1 0.9673 0.0327 
         346  1 0.1218 0.8782 
         348  1 0.0079 0.9921 
         351  1 0.0366 0.9634 
         362  1 0.9933 0.0067 
         364  1 0.0206 0.9794 
         366  1 0.0507 0.9493 
         376  1 0.9901 0.0099 
         377  1 0.9745 0.0255 
         378  1 0.9877 0.0123 
         388  1 0.0185 0.9815 
         391  1 0.8539 0.1461 
         396  1 0.9810 0.0190 
         400  1 0.9385 0.0615 
         401  1 0.6354 0.3646 
         406  1 0.1203 0.8797 
         412  1 0.2207 0.7793 
         413  1 0.0230 0.9770 
         421  1 0.9671 0.0329 
         423  1 0.8746 0.1254 
         424  1 0.2435 0.7565 
         426  1 0.9769 0.0231 
         430  1 0.0673 0.9327 
         435  1 0.0197 0.9803 
         476  1 0.9845 0.0155 
         478  1 0.9916 0.0084 
         484  1 0.0107 0.9893 
         489  1 0.8577 0.1423 
         492  1 0.0102 0.9898 
         493  1 0.2218 0.7782 
         494  1 0.3194 0.6806 
         500  1 0.9945 0.0055 
         504  1 0.0270 0.9730 
         506  1 0.1007 0.8993 
