          1*  1 0.0148 0.0526 0.0052 0.0344 0.0157 0.6554 0.1024 0.0088 0.1106 
           3  1 0.9546 0.0041 0.0044 0.0056 0.0081 0.0048 0.0054 0.0061 0.0071 
           6  1 0.9211 0.0062 0.0086 0.0064 0.0104 0.0050 0.0080 0.0148 0.0195 
           8  1 0.0098 0.0090 0.0034 0.0219 0.0107 0.0144 0.0123 0.9144 0.0041 
          10  1 0.0108 0.0104 0.0040 0.9060 0.0038 0.0071 0.0089 0.0443 0.0045 
          11  1 0.0177 0.0181 0.0316 0.0137 0.0101 0.1476 0.6505 0.0643 0.0464 
          12  1 0.0059 0.0035 0.0045 0.9619 0.0036 0.0038 0.0049 0.0050 0.0069 
          16  1 0.9496 0.0042 0.0049 0.0065 0.0044 0.0056 0.0069 0.0122 0.0056 
          18  1 0.0066 0.0034 0.0041 0.0065 0.0059 0.9525 0.0079 0.0088 0.0042 
          19  1 0.0122 0.0054 0.0260 0.0098 0.0242 0.0543 0.8340 0.0264 0.0078 
          21  1 0.9375 0.0058 0.0067 0.0063 0.0049 0.0054 0.0074 0.0187 0.0074 
          23  1 0.0174 0.0091 0.0387 0.4973 0.0097 0.0109 0.0353 0.0133 0.3683 
          24  1 0.0182 0.2015 0.0224 0.3547 0.0089 0.0371 0.2617 0.0819 0.0136 
          25  1 0.0618 0.0212 0.0078 0.5163 0.0057 0.0135 0.0711 0.1041 0.1984 
         26*  1 0.3075 0.0504 0.0044 0.1850 0.0086 0.0169 0.0512 0.3659 0.0102 
          28  1 0.0553 0.0146 0.0062 0.1111 0.0052 0.0055 0.0100 0.7801 0.0121 
          29  1 0.0065 0.0172 0.0049 0.9119 0.0055 0.0142 0.0128 0.0221 0.0051 
          30  1 0.2081 0.0169 0.0063 0.1439 0.3463 0.0221 0.0855 0.1437 0.0273 
          33  1 0.0057 0.0066 0.0371 0.0053 0.0171 0.7513 0.1519 0.0048 0.0203 
          37  1 0.0094 0.0130 0.0078 0.0427 0.0057 0.8881 0.0140 0.0089 0.0104 
          38  1 0.0079 0.0100 0.0044 0.0137 0.0048 0.9244 0.0210 0.0094 0.0044 
          43  1 0.0422 0.0144 0.0056 0.7588 0.0071 0.0065 0.0108 0.1411 0.0135 
          44  1 0.2351 0.0033 0.0057 0.0060 0.0164 0.0066 0.0094 0.7128 0.0046 
          48  1 0.0091 0.0040 0.0038 0.0062 0.0061 0.9541 0.0066 0.0055 0.0046 
          55  1 0.1081 0.0147 0.0069 0.0080 0.0147 0.0098 0.0231 0.7766 0.0381 
          59  1 0.9518 0.0043 0.0039 0.0048 0.0079 0.0062 0.0067 0.0072 0.0072 
          60  1 0.0078 0.0528 0.0086 0.0259 0.0079 0.0124 0.0134 0.0041 0.8672 
          61  1 0.0127 0.0119 0.4898 0.0066 0.0599 0.0073 0.0226 0.0109 0.3784 
          62  1 0.0145 0.0202 0.5995 0.0329 0.0157 0.0225 0.0741 0.0213 0.1992 
          65  1 0.0050 0.0190 0.0134 0.0055 0.0220 0.7659 0.1473 0.0087 0.0131 
          73  1 0.0069 0.0192 0.0058 0.1214 0.7877 0.0068 0.0132 0.0114 0.0276 
          75  1 0.0084 0.0053 0.9207 0.0036 0.0317 0.0098 0.0119 0.0047 0.0040 
          76  1 0.0053 0.0029 0.9527 0.0092 0.0053 0.0033 0.0058 0.0048 0.0107 
          77  1 0.0050 0.0079 0.7435 0.0096 0.0052 0.0057 0.0112 0.0048 0.2070 
          78  1 0.0060 0.0112 0.2507 0.0176 0.6371 0.0103 0.0219 0.0119 0.0333 
          79  1 0.0043 0.0112 0.8619 0.0043 0.0587 0.0082 0.0348 0.0080 0.0087 
          84  1 0.8121 0.0578 0.0154 0.0174 0.0101 0.0064 0.0189 0.0247 0.0372 
          85  1 0.0076 0.0145 0.0066 0.0062 0.0110 0.0083 0.0200 0.9169 0.0088 
          86  1 0.0047 0.0242 0.0084 0.0091 0.0152 0.0103 0.1277 0.7910 0.0093 
          89  1 0.5748 0.0205 0.0452 0.1850 0.0100 0.0194 0.0642 0.0195 0.0615 
          94  1 0.0064 0.0032 0.0042 0.9506 0.0048 0.0115 0.0062 0.0080 0.0051 
          95  1 0.9176 0.0040 0.0052 0.0059 0.0129 0.0138 0.0109 0.0143 0.0155 
          96  1 0.0063 0.0048 0.0058 0.0105 0.0056 0.0048 0.0065 0.9505 0.0053 
          98  1 0.0047 0.0887 0.0286 0.0069 0.0582 0.0051 0.0176 0.0059 0.7843 
         102  1 0.0285 0.0148 0.0153 0.0136 0.0065 0.4648 0.4374 0.0065 0.0126 
         105  1 0.0055 0.0045 0.0042 0.0045 0.9584 0.0081 0.0059 0.0045 0.0044 
         106  1 0.0841 0.0182 0.3415 0.0048 0.2314 0.0156 0.2556 0.0243 0.0246 
         108  1 0.0077 0.0122 0.0186 0.0076 0.8143 0.0604 0.0418 0.0094 0.0281 
         109  1 0.0097 0.0116 0.0352 0.0060 0.7771 0.0090 0.0774 0.0145 0.0596 
         112  1 0.0126 0.0104 0.1362 0.0652 0.0080 0.0199 0.1978 0.2949 0.2550 
         115  1 0.0129 0.0221 0.0130 0.0332 0.0163 0.1957 0.6597 0.0100 0.0371 
         116  1 0.0094 0.0059 0.0054 0.0063 0.0189 0.0117 0.0241 0.9128 0.0057 
         117  1 0.7376 0.0112 0.0119 0.0985 0.0178 0.0139 0.0240 0.0504 0.0346 
         129  1 0.0882 0.0060 0.0033 0.0131 0.0061 0.0080 0.0086 0.8606 0.0062 
         132  1 0.0143 0.0699 0.0088 0.1310 0.0093 0.0433 0.0461 0.0066 0.6708 
         133  1 0.0057 0.0819 0.0411 0.0057 0.0570 0.0044 0.0097 0.0043 0.7903 
         137  1 0.0099 0.0105 0.3805 0.0170 0.0130 0.0092 0.0240 0.0106 0.5254 
         139  1 0.0083 0.0090 0.9254 0.0062 0.0090 0.0094 0.0198 0.0074 0.0057 
         140  1 0.0315 0.0048 0.0408 0.0053 0.7979 0.0131 0.0365 0.0127 0.0574 
         142  1 0.0194 0.0031 0.8806 0.0097 0.0075 0.0065 0.0105 0.0067 0.0561 
         144  1 0.0071 0.0040 0.0052 0.0038 0.9594 0.0048 0.0045 0.0039 0.0073 
         145  1 0.0084 0.0076 0.7746 0.0061 0.0122 0.0077 0.0164 0.0093 0.1577 
         147  1 0.0037 0.0106 0.0164 0.0038 0.9391 0.0049 0.0078 0.0075 0.0061 
         160  1 0.0074 0.0037 0.0039 0.9590 0.0039 0.0060 0.0051 0.0064 0.0047 
        162*  1 0.0057 0.0059 0.0061 0.0113 0.0056 0.0049 0.0071 0.9478 0.0055 
         166  1 0.0095 0.0504 0.0090 0.0040 0.0228 0.0046 0.0063 0.0051 0.8883 
         177  1 0.0041 0.0030 0.9677 0.0037 0.0041 0.0033 0.0049 0.0035 0.0057 
         178  1 0.0083 0.0402 0.8348 0.0265 0.0123 0.0075 0.0230 0.0114 0.0362 
         186  1 0.9671 0.0032 0.0038 0.0045 0.0034 0.0043 0.0043 0.0048 0.0046 
         189  1 0.0060 0.0042 0.0077 0.0115 0.0038 0.0053 0.0060 0.9510 0.0045 
         190  1 0.0558 0.0434 0.0125 0.0532 0.0084 0.0158 0.0340 0.7523 0.0245 
         191  1 0.3571 0.0051 0.0224 0.0184 0.0434 0.0089 0.0278 0.5011 0.0158 
         193  1 0.0342 0.0060 0.5965 0.0178 0.0271 0.0138 0.0377 0.0180 0.2489 
         202  1 0.0137 0.0254 0.0093 0.2592 0.0074 0.0221 0.5337 0.0983 0.0311 
         204  1 0.4233 0.0036 0.0035 0.0087 0.0055 0.0044 0.0064 0.5394 0.0052 
         211  1 0.0130 0.0587 0.0511 0.1180 0.0892 0.0170 0.1071 0.0077 0.5381 
         216  1 0.0050 0.0467 0.0264 0.0202 0.6181 0.0051 0.0204 0.0072 0.2510 
         222  1 0.0045 0.0255 0.0105 0.0091 0.8100 0.0425 0.0595 0.0282 0.0101 
         224  1 0.0076 0.0043 0.0063 0.0119 0.0092 0.0079 0.0078 0.9397 0.0054 
         226  1 0.9423 0.0033 0.0041 0.0044 0.0045 0.0075 0.0166 0.0062 0.0110 
         229  1 0.0265 0.1520 0.0284 0.0466 0.0177 0.0172 0.2671 0.4123 0.0320 
         230  1 0.0403 0.0060 0.0368 0.0291 0.0134 0.0140 0.1704 0.6795 0.0105 
         232  1 0.1137 0.0080 0.0933 0.2883 0.0181 0.0193 0.1775 0.0788 0.2030 
         238  1 0.0055 0.0092 0.0548 0.0071 0.0206 0.1030 0.7554 0.0177 0.0268 
         242  1 0.0056 0.0299 0.0038 0.0039 0.0079 0.8992 0.0347 0.0072 0.0078 
         243  1 0.0220 0.0089 0.0177 0.0079 0.0161 0.4494 0.3581 0.0082 0.1117 
         244  1 0.0056 0.0101 0.0822 0.0088 0.0058 0.1763 0.6862 0.0104 0.0146 
         251  1 0.0098 0.0188 0.0212 0.0819 0.0095 0.0826 0.7324 0.0237 0.0200 
         266  1 0.0091 0.0417 0.3028 0.0046 0.0101 0.0632 0.4082 0.0079 0.1525 
         267  1 0.0394 0.0175 0.0093 0.0060 0.7785 0.0148 0.0379 0.0127 0.0838 
         268  1 0.0068 0.1329 0.3671 0.0354 0.1163 0.0068 0.0292 0.0046 0.3011 
         270  1 0.0188 0.0066 0.0054 0.0171 0.0106 0.0090 0.0088 0.9161 0.0076 
         276  1 0.2887 0.0091 0.0476 0.0229 0.0368 0.0164 0.0403 0.4774 0.0607 
         298  1 0.0174 0.0411 0.1826 0.0124 0.6320 0.0093 0.0281 0.0076 0.0695 
         306  1 0.0101 0.0345 0.0700 0.0051 0.0136 0.0173 0.0482 0.0107 0.7905 
         308  1 0.0073 0.0132 0.6424 0.0796 0.0803 0.0281 0.1022 0.0109 0.0360 
         311  1 0.0078 0.0203 0.0185 0.0191 0.1943 0.0329 0.4983 0.0240 0.1848 
         323  1 0.9547 0.0044 0.0038 0.0046 0.0061 0.0082 0.0060 0.0068 0.0054 
         327  1 0.0233 0.0224 0.0069 0.1995 0.0120 0.0160 0.0827 0.6120 0.0253 
         334  1 0.0029 0.9606 0.0041 0.0055 0.0057 0.0070 0.0052 0.0049 0.0041 
         338  1 0.0253 0.0164 0.0389 0.0238 0.3084 0.0157 0.3226 0.0367 0.2122 
         341  1 0.9119 0.0060 0.0056 0.0069 0.0055 0.0138 0.0095 0.0076 0.0330 
         346  1 0.0108 0.0059 0.2082 0.0364 0.0058 0.0064 0.0188 0.0082 0.6995 
         348  1 0.0076 0.0133 0.2561 0.0061 0.6247 0.0144 0.0421 0.0085 0.0271 
         351  1 0.0140 0.1796 0.0102 0.0377 0.0088 0.1268 0.2337 0.0081 0.3812 
         362  1 0.1663 0.0048 0.0048 0.0598 0.0071 0.0057 0.0117 0.7319 0.0079 
         364  1 0.0112 0.0236 0.0131 0.0108 0.0080 0.8396 0.0498 0.0055 0.0383 
         366  1 0.0109 0.0054 0.0067 0.0070 0.0221 0.8377 0.0688 0.0146 0.0268 
         376  1 0.9177 0.0040 0.0156 0.0125 0.0034 0.0056 0.0087 0.0192 0.0133 
         377  1 0.0169 0.0104 0.0121 0.5422 0.0226 0.0161 0.0487 0.3087 0.0224 
         378  1 0.0142 0.0051 0.0148 0.9315 0.0051 0.0042 0.0061 0.0064 0.0127 
         388  1 0.0112 0.0526 0.0142 0.0296 0.6215 0.0150 0.0426 0.0124 0.2010 
         391  1 0.4472 0.0042 0.0110 0.1714 0.0130 0.0128 0.0692 0.0075 0.2637 
         396  1 0.0537 0.0302 0.0334 0.0195 0.0146 0.0087 0.0829 0.6723 0.0848 
         400  1 0.0091 0.0526 0.0077 0.4420 0.0095 0.1206 0.0572 0.2934 0.0079 
         401  1 0.0802 0.0215 0.1186 0.0107 0.0068 0.0509 0.5285 0.1658 0.0170 
         406  1 0.0860 0.0103 0.0333 0.0142 0.0646 0.0336 0.1241 0.0148 0.6191 
         412  1 0.0236 0.0134 0.0497 0.0331 0.0595 0.0182 0.1134 0.0281 0.6609 
         413  1 0.0048 0.1656 0.5597 0.0071 0.0307 0.0186 0.0699 0.0407 0.1031 
         421  1 0.0164 0.0087 0.0344 0.0085 0.0160 0.0121 0.0352 0.8337 0.0350 
         423  1 0.0134 0.0063 0.0117 0.0096 0.0435 0.0232 0.0558 0.8274 0.0091 
         424  1 0.1680 0.0085 0.0281 0.0244 0.0185 0.0245 0.0457 0.0113 0.6710 
         426  1 0.1109 0.0123 0.0244 0.6607 0.0097 0.0235 0.0535 0.0329 0.0720 
         430  1 0.0218 0.0247 0.1075 0.0111 0.0218 0.0052 0.0173 0.0124 0.7783 
         435  1 0.0045 0.0034 0.8889 0.0128 0.0202 0.0041 0.0082 0.0064 0.0516 
         476  1 0.7905 0.0047 0.0195 0.0124 0.0044 0.0257 0.0389 0.0944 0.0095 
         478  1 0.6930 0.0087 0.0063 0.0151 0.0084 0.0298 0.0244 0.1986 0.0157 
         484  1 0.0191 0.0255 0.0359 0.0091 0.5906 0.0065 0.0143 0.0067 0.2922 
         489  1 0.0063 0.0061 0.0083 0.6653 0.1773 0.0054 0.0213 0.0593 0.0507 
         492  1 0.0034 0.9686 0.0037 0.0035 0.0039 0.0044 0.0041 0.0034 0.0050 
         493  1 0.0078 0.0045 0.0075 0.0098 0.0072 0.9143 0.0276 0.0081 0.0132 
         494  1 0.0097 0.0085 0.0071 0.0418 0.0072 0.6991 0.2009 0.0201 0.0056 
         500  1 0.0607 0.0028 0.0036 0.0094 0.0042 0.0077 0.0167 0.8891 0.0058 
         504  1 0.0115 0.1019 0.0210 0.0386 0.6155 0.0226 0.0705 0.0469 0.0715 
         506  1 0.0124 0.0037 0.0038 0.0047 0.9447 0.0046 0.0059 0.0135 0.0067 
