          1*  1 0.9387 0.0148 0.0132 0.0333 
           3  1 0.0075 0.0095 0.9742 0.0088 
           6  1 0.0071 0.0177 0.9666 0.0086 
           8  1 0.0169 0.0059 0.5733 0.4039 
          10  1 0.0087 0.0048 0.0300 0.9565 
          11  1 0.8157 0.0337 0.0937 0.0570 
          12  1 0.0061 0.0065 0.0099 0.9776 
          16  1 0.0079 0.0062 0.9776 0.0083 
          18  1 0.9757 0.0057 0.0092 0.0095 
          19  1 0.8965 0.0436 0.0359 0.0240 
          21  1 0.0076 0.0075 0.9758 0.0091 
          23  1 0.0180 0.1587 0.0362 0.7871 
          24  1 0.3793 0.0189 0.0377 0.5641 
          25  1 0.0265 0.0179 0.0771 0.8785 
         26*  1 0.0305 0.0075 0.5612 0.4009 
          28  1 0.0083 0.0065 0.4935 0.4918 
          29  1 0.0144 0.0057 0.0133 0.9665 
          30  1 0.0639 0.1872 0.6353 0.1136 
          33  1 0.9688 0.0197 0.0057 0.0059 
          37  1 0.9487 0.0083 0.0103 0.0326 
          38  1 0.9714 0.0044 0.0109 0.0133 
          43  1 0.0084 0.0081 0.0762 0.9073 
          44  1 0.0108 0.0138 0.7570 0.2184 
          48  1 0.9759 0.0056 0.0110 0.0076 
          55  1 0.0147 0.0223 0.6871 0.2760 
          59  1 0.0078 0.0073 0.9786 0.0063 
          60  1 0.1648 0.6608 0.0161 0.1582 
          61  1 0.0077 0.9737 0.0101 0.0085 
          62  1 0.0291 0.8855 0.0350 0.0505 
          65  1 0.9678 0.0189 0.0064 0.0069 
          73  1 0.0248 0.8495 0.0176 0.1081 
          75  1 0.0183 0.9696 0.0073 0.0047 
          76  1 0.0053 0.9754 0.0063 0.0130 
          77  1 0.0105 0.9661 0.0063 0.0172 
          78  1 0.0078 0.9762 0.0073 0.0087 
          79  1 0.0175 0.9717 0.0047 0.0061 
          84  1 0.0111 0.0302 0.9316 0.0270 
          85  1 0.0191 0.0143 0.5645 0.4021 
          86  1 0.1119 0.0363 0.4278 0.4239 
          89  1 0.0440 0.0487 0.5431 0.3642 
          94  1 0.0125 0.0047 0.0079 0.9749 
          95  1 0.0124 0.0135 0.9655 0.0086 
          96  1 0.0083 0.0092 0.5480 0.4344 
          98  1 0.0114 0.9668 0.0091 0.0126 
         102  1 0.9522 0.0126 0.0204 0.0148 
         105  1 0.0261 0.9527 0.0127 0.0085 
         106  1 0.0238 0.8731 0.0909 0.0122 
         108  1 0.0838 0.8852 0.0185 0.0124 
         109  1 0.0111 0.9421 0.0330 0.0138 
         112  1 0.0662 0.1979 0.1803 0.5557 
         115  1 0.9218 0.0223 0.0113 0.0446 
         116  1 0.0290 0.0196 0.5615 0.3899 
         117  1 0.0141 0.0237 0.8679 0.0943 
         129  1 0.0076 0.0047 0.6744 0.3132 
         132  1 0.4420 0.2195 0.0164 0.3221 
         133  1 0.0076 0.9755 0.0078 0.0091 
         137  1 0.0097 0.9534 0.0124 0.0245 
         139  1 0.0271 0.9527 0.0115 0.0086 
         140  1 0.0136 0.9499 0.0286 0.0079 
         142  1 0.0089 0.9628 0.0156 0.0126 
         144  1 0.0082 0.9766 0.0097 0.0056 
         145  1 0.0082 0.9647 0.0168 0.0103 
         147  1 0.0083 0.9780 0.0071 0.0065 
         160  1 0.0085 0.0055 0.0090 0.9771 
        162*  1 0.0088 0.0101 0.5419 0.4393 
         166  1 0.0100 0.9701 0.0100 0.0098 
         177  1 0.0069 0.9827 0.0049 0.0054 
         178  1 0.0122 0.9541 0.0084 0.0253 
         186  1 0.0068 0.0059 0.9804 0.0069 
         189  1 0.0101 0.0075 0.5494 0.4330 
         190  1 0.0163 0.0116 0.5378 0.4342 
         191  1 0.0095 0.0431 0.8066 0.1409 
         193  1 0.0112 0.9054 0.0464 0.0370 
         202  1 0.1668 0.0156 0.0686 0.7491 
         204  1 0.0046 0.0050 0.9020 0.0884 
         211  1 0.0435 0.7596 0.0125 0.1844 
         216  1 0.0070 0.9717 0.0057 0.0156 
         222  1 0.0529 0.8902 0.0075 0.0495 
         224  1 0.0148 0.0107 0.5495 0.4250 
         226  1 0.0203 0.0091 0.9634 0.0072 
         229  1 0.1120 0.0507 0.5076 0.3296 
         230  1 0.0401 0.0414 0.5630 0.3555 
         232  1 0.0462 0.1366 0.3085 0.5088 
         238  1 0.7252 0.2394 0.0141 0.0213 
         242  1 0.9829 0.0056 0.0067 0.0048 
         243  1 0.9022 0.0615 0.0229 0.0134 
         244  1 0.9292 0.0454 0.0111 0.0142 
         251  1 0.8354 0.0326 0.0190 0.1130 
         266  1 0.3346 0.6471 0.0100 0.0083 
         267  1 0.0221 0.8877 0.0725 0.0176 
         268  1 0.0099 0.9656 0.0058 0.0186 
         270  1 0.0116 0.0095 0.5818 0.3972 
         276  1 0.0201 0.0875 0.7413 0.1511 
         298  1 0.0097 0.9735 0.0100 0.0068 
         306  1 0.0362 0.9415 0.0077 0.0146 
         308  1 0.0237 0.9316 0.0086 0.0361 
         311  1 0.1930 0.7583 0.0191 0.0295 
         323  1 0.0094 0.0081 0.9766 0.0059 
         327  1 0.0231 0.0117 0.2404 0.7247 
         334  1 0.9687 0.0171 0.0055 0.0087 
         338  1 0.0226 0.9187 0.0301 0.0287 
         341  1 0.0239 0.0169 0.9296 0.0296 
         346  1 0.0154 0.7888 0.0289 0.1669 
         348  1 0.0129 0.9746 0.0068 0.0058 
         351  1 0.9053 0.0311 0.0122 0.0514 
         362  1 0.0067 0.0059 0.7132 0.2742 
         364  1 0.9699 0.0135 0.0080 0.0086 
         366  1 0.9511 0.0187 0.0192 0.0110 
         376  1 0.0081 0.0091 0.9670 0.0158 
         377  1 0.0104 0.0121 0.0370 0.9405 
         378  1 0.0057 0.0144 0.0160 0.9639 
         388  1 0.0304 0.9091 0.0128 0.0476 
         391  1 0.0307 0.2167 0.3770 0.3756 
         396  1 0.0155 0.0305 0.6161 0.3380 
         400  1 0.0597 0.0070 0.0260 0.9074 
         401  1 0.3800 0.1065 0.4210 0.0926 
         406  1 0.0918 0.7478 0.1156 0.0448 
         412  1 0.0292 0.8527 0.0497 0.0683 
         413  1 0.0629 0.9039 0.0110 0.0222 
         421  1 0.0303 0.0549 0.5210 0.3938 
         423  1 0.0844 0.0604 0.4662 0.3890 
         424  1 0.0468 0.5778 0.2308 0.1446 
         426  1 0.0238 0.0281 0.0984 0.8497 
         430  1 0.0078 0.9536 0.0202 0.0185 
         435  1 0.0053 0.9699 0.0059 0.0189 
         476  1 0.0242 0.0091 0.9423 0.0243 
         478  1 0.0161 0.0093 0.9082 0.0664 
         484  1 0.0075 0.9726 0.0111 0.0088 
         489  1 0.0076 0.0583 0.0151 0.9190 
         492  1 0.9643 0.0213 0.0059 0.0085 
         493  1 0.9702 0.0098 0.0079 0.0121 
         494  1 0.9349 0.0076 0.0151 0.0424 
         500  1 0.0098 0.0045 0.6810 0.3047 
         504  1 0.0937 0.8133 0.0385 0.0544 
         506  1 0.0096 0.8555 0.1121 0.0228 
