          1*  1 0.0146 0.0316 0.0049 0.0213 0.1121 0.0139 0.0090 0.1345 0.6581 
           3  1 0.9559 0.0051 0.0041 0.0040 0.0054 0.0075 0.0058 0.0078 0.0044 
           6  1 0.9181 0.0059 0.0089 0.0062 0.0083 0.0105 0.0164 0.0203 0.0054 
           8  1 0.0098 0.0217 0.0033 0.0096 0.0113 0.0107 0.9135 0.0047 0.0155 
          10  1 0.0103 0.9157 0.0040 0.0126 0.0082 0.0038 0.0343 0.0046 0.0065 
          11  1 0.0189 0.0129 0.0214 0.0171 0.7018 0.0086 0.0534 0.0341 0.1319 
          12  1 0.0059 0.9604 0.0043 0.0037 0.0053 0.0038 0.0055 0.0072 0.0039 
          16  1 0.9518 0.0067 0.0051 0.0043 0.0059 0.0041 0.0115 0.0052 0.0055 
          18  1 0.0063 0.0066 0.0038 0.0036 0.0077 0.0059 0.0087 0.0044 0.9530 
          19  1 0.0128 0.0093 0.0278 0.0063 0.8259 0.0244 0.0238 0.0076 0.0622 
          21  1 0.9382 0.0060 0.0068 0.0056 0.0072 0.0050 0.0190 0.0074 0.0048 
          23  1 0.0173 0.3868 0.0311 0.0089 0.0373 0.0089 0.0125 0.4875 0.0098 
          24  1 0.0188 0.3886 0.0231 0.2001 0.2336 0.0087 0.0749 0.0122 0.0399 
          25  1 0.0568 0.4389 0.0074 0.0157 0.0600 0.0061 0.1087 0.2923 0.0141 
         26*  1 0.3243 0.1967 0.0045 0.0510 0.0504 0.0092 0.3374 0.0107 0.0159 
          28  1 0.0596 0.1270 0.0056 0.0164 0.0079 0.0053 0.7609 0.0117 0.0057 
          29  1 0.0059 0.9172 0.0049 0.0171 0.0113 0.0058 0.0200 0.0053 0.0125 
          30  1 0.2223 0.1486 0.0062 0.0157 0.1009 0.3365 0.1255 0.0248 0.0194 
          33  1 0.0057 0.0050 0.0351 0.0055 0.1528 0.0172 0.0046 0.0194 0.7548 
          37  1 0.0095 0.0433 0.0083 0.0117 0.0141 0.0061 0.0089 0.0110 0.8871 
          38  1 0.0084 0.0144 0.0043 0.0099 0.0344 0.0046 0.0089 0.0044 0.9107 
          43  1 0.0443 0.7659 0.0053 0.0148 0.0135 0.0084 0.1273 0.0141 0.0065 
          44  1 0.2252 0.0061 0.0056 0.0029 0.0095 0.0148 0.7248 0.0046 0.0065 
          48  1 0.0088 0.0057 0.0039 0.0038 0.0069 0.0055 0.0056 0.0050 0.9549 
          55  1 0.1015 0.0074 0.0066 0.0134 0.0212 0.0159 0.7851 0.0398 0.0092 
          59  1 0.9524 0.0046 0.0040 0.0041 0.0066 0.0079 0.0071 0.0067 0.0066 
          60  1 0.0072 0.0218 0.0074 0.0044 0.0146 0.0061 0.0040 0.9241 0.0104 
          61  1 0.0124 0.0060 0.4837 0.0136 0.0186 0.0601 0.0111 0.3867 0.0077 
          62  1 0.0142 0.0291 0.6173 0.0383 0.0838 0.0174 0.0248 0.1530 0.0220 
          65  1 0.0051 0.0058 0.0120 0.0157 0.1553 0.0223 0.0084 0.0121 0.7632 
          73  1 0.0067 0.1170 0.0059 0.0143 0.0123 0.7969 0.0114 0.0286 0.0068 
          75  1 0.0081 0.0037 0.9250 0.0049 0.0105 0.0295 0.0048 0.0041 0.0095 
          76  1 0.0048 0.0093 0.9525 0.0029 0.0058 0.0054 0.0045 0.0110 0.0038 
          77  1 0.0052 0.0097 0.7664 0.0065 0.0100 0.0046 0.0044 0.1878 0.0055 
          78  1 0.0060 0.0170 0.2299 0.0116 0.0262 0.6546 0.0122 0.0322 0.0104 
          79  1 0.0042 0.0039 0.8660 0.0119 0.0356 0.0556 0.0077 0.0071 0.0080 
          84  1 0.8126 0.0153 0.0150 0.0584 0.0210 0.0100 0.0286 0.0334 0.0057 
          85  1 0.0078 0.0060 0.0059 0.0143 0.0181 0.0107 0.9220 0.0079 0.0073 
          86  1 0.0044 0.0094 0.0090 0.0236 0.0990 0.0156 0.8216 0.0087 0.0086 
          89  1 0.5873 0.1650 0.0446 0.0192 0.0595 0.0099 0.0203 0.0749 0.0193 
          94  1 0.0063 0.9512 0.0043 0.0031 0.0060 0.0047 0.0079 0.0055 0.0110 
          95  1 0.9133 0.0055 0.0050 0.0038 0.0142 0.0123 0.0159 0.0160 0.0140 
          96  1 0.0062 0.0087 0.0057 0.0053 0.0064 0.0051 0.9525 0.0055 0.0046 
          98  1 0.0055 0.0076 0.0293 0.1109 0.0362 0.1080 0.0063 0.6908 0.0053 
         102  1 0.0277 0.0142 0.0145 0.0141 0.4436 0.0062 0.0058 0.0147 0.4592 
         105  1 0.0054 0.0046 0.0040 0.0043 0.0057 0.9595 0.0045 0.0045 0.0075 
         106  1 0.0814 0.0046 0.3232 0.0146 0.2793 0.2289 0.0288 0.0252 0.0139 
         108  1 0.0075 0.0075 0.0199 0.0088 0.0403 0.8146 0.0084 0.0337 0.0596 
         109  1 0.0102 0.0062 0.0296 0.0100 0.0359 0.8136 0.0144 0.0714 0.0086 
         112  1 0.0112 0.0655 0.1346 0.0098 0.2487 0.0084 0.2859 0.2191 0.0168 
         115  1 0.0113 0.0348 0.0097 0.0139 0.6571 0.0188 0.0086 0.0350 0.2108 
         116  1 0.0103 0.0068 0.0060 0.0063 0.0250 0.0176 0.9105 0.0053 0.0122 
         117  1 0.7521 0.0853 0.0122 0.0103 0.0243 0.0185 0.0482 0.0343 0.0148 
         129  1 0.0960 0.0119 0.0032 0.0062 0.0095 0.0059 0.8527 0.0069 0.0077 
         132  1 0.0120 0.1213 0.0077 0.0150 0.0482 0.0072 0.0065 0.7492 0.0329 
         133  1 0.0061 0.0053 0.0508 0.1022 0.0187 0.1051 0.0041 0.7026 0.0052 
         137  1 0.0101 0.0174 0.3752 0.0082 0.0320 0.0132 0.0113 0.5236 0.0090 
         139  1 0.0095 0.0057 0.9304 0.0082 0.0145 0.0094 0.0070 0.0051 0.0102 
         140  1 0.0310 0.0052 0.0365 0.0040 0.0273 0.8178 0.0123 0.0519 0.0139 
         142  1 0.0205 0.0111 0.8967 0.0050 0.0111 0.0074 0.0069 0.0351 0.0062 
         144  1 0.0065 0.0037 0.0053 0.0038 0.0052 0.9602 0.0040 0.0067 0.0046 
         145  1 0.0086 0.0055 0.7705 0.0313 0.0173 0.0137 0.0099 0.1355 0.0077 
         147  1 0.0037 0.0036 0.0152 0.0103 0.0077 0.9422 0.0067 0.0056 0.0049 
         160  1 0.0067 0.9599 0.0038 0.0035 0.0052 0.0039 0.0061 0.0051 0.0057 
        162*  1 0.0057 0.0119 0.0064 0.0060 0.0066 0.0057 0.9472 0.0057 0.0049 
         166  1 0.0080 0.0038 0.0063 0.0058 0.0064 0.0180 0.0053 0.9421 0.0044 
         177  1 0.0039 0.0036 0.9684 0.0031 0.0047 0.0040 0.0034 0.0056 0.0033 
         178  1 0.0078 0.0225 0.8346 0.0454 0.0196 0.0125 0.0114 0.0376 0.0085 
         186  1 0.9673 0.0046 0.0039 0.0029 0.0040 0.0033 0.0052 0.0047 0.0042 
         189  1 0.0057 0.0122 0.0076 0.0042 0.0063 0.0034 0.9516 0.0043 0.0047 
         190  1 0.0541 0.0586 0.0128 0.0428 0.0314 0.0082 0.7521 0.0256 0.0144 
         191  1 0.3516 0.0188 0.0223 0.0054 0.0296 0.0425 0.5074 0.0132 0.0091 
         193  1 0.0358 0.0197 0.5861 0.0242 0.0407 0.0284 0.0176 0.2350 0.0126 
         202  1 0.0126 0.1988 0.0089 0.0238 0.5600 0.0077 0.1104 0.0537 0.0242 
         204  1 0.4248 0.0088 0.0036 0.0032 0.0060 0.0055 0.5384 0.0051 0.0046 
         211  1 0.0138 0.0930 0.0552 0.0156 0.0930 0.0831 0.0086 0.6201 0.0177 
         216  1 0.0050 0.0197 0.0273 0.0182 0.0212 0.6551 0.0071 0.2414 0.0050 
         222  1 0.0041 0.0077 0.0104 0.0220 0.0683 0.8206 0.0245 0.0084 0.0340 
         224  1 0.0065 0.0122 0.0061 0.0041 0.0077 0.0084 0.9420 0.0053 0.0077 
         226  1 0.9410 0.0047 0.0043 0.0030 0.0177 0.0048 0.0067 0.0109 0.0069 
         229  1 0.0238 0.0504 0.0286 0.1545 0.2696 0.0195 0.4095 0.0280 0.0161 
         230  1 0.0391 0.0370 0.0406 0.0068 0.1568 0.0143 0.6834 0.0098 0.0122 
         232  1 0.1259 0.2953 0.1002 0.0104 0.1688 0.0180 0.0780 0.1861 0.0174 
         238  1 0.0050 0.0063 0.0553 0.0103 0.7351 0.0218 0.0189 0.0254 0.1218 
         242  1 0.0060 0.0039 0.0037 0.0262 0.0573 0.0076 0.0074 0.0086 0.8794 
         243  1 0.0212 0.0068 0.0171 0.0087 0.3491 0.0181 0.0085 0.1056 0.4648 
         244  1 0.0059 0.0092 0.0874 0.0091 0.6622 0.0059 0.0096 0.0188 0.1920 
         251  1 0.0087 0.0781 0.0174 0.0150 0.7390 0.0103 0.0227 0.0171 0.0916 
         266  1 0.0089 0.0043 0.3208 0.0357 0.3792 0.0102 0.0077 0.1619 0.0713 
         267  1 0.0410 0.0058 0.0097 0.0108 0.0223 0.7959 0.0132 0.0857 0.0155 
         268  1 0.0065 0.0365 0.3754 0.1111 0.0303 0.1373 0.0046 0.2919 0.0063 
         270  1 0.0187 0.0187 0.0058 0.0065 0.0080 0.0098 0.9168 0.0073 0.0084 
         276  1 0.2764 0.0208 0.0448 0.0099 0.0483 0.0347 0.4953 0.0536 0.0161 
         298  1 0.0200 0.0111 0.1970 0.0303 0.0286 0.6306 0.0077 0.0640 0.0106 
         306  1 0.0106 0.0050 0.0615 0.0142 0.0387 0.0138 0.0109 0.8309 0.0143 
         308  1 0.0074 0.0687 0.6443 0.0121 0.0972 0.0896 0.0115 0.0385 0.0307 
         311  1 0.0070 0.0187 0.0180 0.0258 0.4343 0.2522 0.0247 0.1804 0.0391 
         323  1 0.9542 0.0044 0.0041 0.0043 0.0059 0.0068 0.0069 0.0051 0.0083 
         327  1 0.0282 0.2068 0.0073 0.0177 0.0633 0.0124 0.6162 0.0312 0.0168 
         334  1 0.0030 0.0060 0.0038 0.9602 0.0052 0.0057 0.0051 0.0039 0.0071 
         338  1 0.0281 0.0229 0.0393 0.0155 0.2730 0.3794 0.0372 0.1884 0.0162 
         341  1 0.9087 0.0061 0.0054 0.0057 0.0112 0.0056 0.0073 0.0355 0.0145 
         346  1 0.0119 0.0312 0.1882 0.0046 0.0174 0.0055 0.0082 0.7272 0.0059 
         348  1 0.0072 0.0061 0.2423 0.0131 0.0420 0.6480 0.0088 0.0173 0.0152 
         351  1 0.0147 0.0420 0.0130 0.1297 0.2490 0.0091 0.0092 0.3933 0.1399 
         362  1 0.1838 0.0653 0.0045 0.0047 0.0102 0.0066 0.7119 0.0075 0.0055 
         364  1 0.0103 0.0106 0.0136 0.0212 0.0539 0.0090 0.0060 0.0347 0.8406 
         366  1 0.0104 0.0063 0.0061 0.0046 0.0785 0.0209 0.0140 0.0264 0.8328 
         376  1 0.9162 0.0125 0.0152 0.0040 0.0091 0.0033 0.0208 0.0132 0.0057 
         377  1 0.0148 0.4889 0.0132 0.0085 0.0575 0.0277 0.3517 0.0249 0.0128 
         378  1 0.0136 0.9259 0.0172 0.0044 0.0082 0.0056 0.0058 0.0153 0.0039 
         388  1 0.0114 0.0271 0.0134 0.0340 0.0385 0.6522 0.0112 0.1971 0.0151 
         391  1 0.4159 0.1339 0.0115 0.0040 0.0526 0.0124 0.0081 0.3495 0.0122 
         396  1 0.0566 0.0200 0.0278 0.0353 0.0981 0.0148 0.6596 0.0799 0.0079 
         400  1 0.0102 0.4078 0.0078 0.0487 0.0665 0.0099 0.3185 0.0089 0.1216 
         401  1 0.0899 0.0104 0.1240 0.0206 0.5053 0.0062 0.1753 0.0115 0.0568 
         406  1 0.0746 0.0124 0.0308 0.0097 0.1333 0.0832 0.0141 0.6066 0.0353 
         412  1 0.0278 0.0320 0.0490 0.0261 0.1306 0.1030 0.0344 0.5796 0.0177 
         413  1 0.0047 0.0078 0.5646 0.1948 0.0726 0.0329 0.0495 0.0549 0.0184 
         421  1 0.0148 0.0088 0.0324 0.0091 0.0396 0.0164 0.8395 0.0278 0.0117 
         423  1 0.0126 0.0092 0.0116 0.0060 0.0492 0.0404 0.8431 0.0081 0.0198 
         424  1 0.1553 0.0213 0.0243 0.0090 0.0335 0.0177 0.0103 0.7081 0.0204 
         426  1 0.1023 0.5913 0.0239 0.0127 0.0592 0.0111 0.0348 0.1391 0.0256 
         430  1 0.0192 0.0116 0.1065 0.0237 0.0124 0.0215 0.0117 0.7882 0.0052 
         435  1 0.0047 0.0129 0.9019 0.0070 0.0088 0.0218 0.0067 0.0323 0.0038 
         476  1 0.7870 0.0128 0.0197 0.0046 0.0390 0.0042 0.0990 0.0102 0.0235 
         478  1 0.6913 0.0145 0.0067 0.0084 0.0257 0.0089 0.2026 0.0149 0.0269 
         484  1 0.0197 0.0085 0.0309 0.0200 0.0138 0.6132 0.0064 0.2817 0.0058 
         489  1 0.0066 0.6280 0.0088 0.0064 0.0189 0.1989 0.0566 0.0696 0.0062 
         492  1 0.0034 0.0033 0.0035 0.9698 0.0039 0.0039 0.0031 0.0052 0.0039 
         493  1 0.0071 0.0110 0.0083 0.0044 0.0338 0.0075 0.0076 0.0120 0.9083 
         494  1 0.0092 0.0430 0.0077 0.0087 0.1970 0.0075 0.0192 0.0056 0.7022 
         500  1 0.0706 0.0082 0.0038 0.0030 0.0139 0.0041 0.8836 0.0054 0.0075 
         504  1 0.0112 0.0421 0.0195 0.0813 0.0747 0.6345 0.0410 0.0723 0.0233 
         506  1 0.0138 0.0045 0.0037 0.0033 0.0051 0.9445 0.0140 0.0066 0.0043 
