          1*  1 0.0155 0.9449 0.0270 0.0127 
           3  1 0.0087 0.0073 0.0083 0.9757 
           6  1 0.0173 0.0064 0.0091 0.9672 
           8  1 0.0060 0.0148 0.4708 0.5083 
          10  1 0.0050 0.0075 0.9636 0.0238 
          11  1 0.0395 0.8102 0.0687 0.0816 
          12  1 0.0071 0.0068 0.9765 0.0095 
          16  1 0.0060 0.0077 0.0094 0.9769 
          18  1 0.0053 0.9751 0.0100 0.0096 
          19  1 0.0385 0.9106 0.0241 0.0268 
          21  1 0.0082 0.0073 0.0092 0.9754 
          23  1 0.1759 0.0216 0.7641 0.0385 
          24  1 0.0183 0.3322 0.6195 0.0301 
          25  1 0.0220 0.0308 0.8863 0.0609 
         26*  1 0.0072 0.0257 0.4652 0.5018 
          28  1 0.0059 0.0079 0.5527 0.4336 
          29  1 0.0056 0.0131 0.9702 0.0112 
          30  1 0.2216 0.0693 0.1331 0.5761 
          33  1 0.0206 0.9691 0.0051 0.0052 
          37  1 0.0077 0.9535 0.0283 0.0104 
          38  1 0.0049 0.9726 0.0123 0.0102 
          43  1 0.0080 0.0083 0.9305 0.0532 
          44  1 0.0152 0.0097 0.2657 0.7094 
          48  1 0.0059 0.9760 0.0074 0.0108 
          55  1 0.0235 0.0136 0.3388 0.6241 
          59  1 0.0070 0.0074 0.0059 0.9797 
          60  1 0.7064 0.1566 0.1206 0.0165 
          61  1 0.9761 0.0074 0.0073 0.0091 
          62  1 0.8894 0.0290 0.0523 0.0293 
          65  1 0.0185 0.9681 0.0072 0.0061 
          73  1 0.8674 0.0235 0.0925 0.0166 
          75  1 0.9723 0.0151 0.0049 0.0078 
          76  1 0.9768 0.0055 0.0116 0.0062 
          77  1 0.9698 0.0102 0.0144 0.0056 
          78  1 0.9768 0.0079 0.0090 0.0064 
          79  1 0.9737 0.0154 0.0064 0.0045 
          84  1 0.0328 0.0117 0.0283 0.9273 
          85  1 0.0125 0.0181 0.4648 0.5046 
          86  1 0.0349 0.0830 0.4818 0.4002 
          89  1 0.0507 0.0471 0.3687 0.5336 
          94  1 0.0050 0.0135 0.9739 0.0075 
          95  1 0.0126 0.0114 0.0075 0.9685 
          96  1 0.0087 0.0073 0.4953 0.4887 
          98  1 0.9686 0.0107 0.0115 0.0093 
         102  1 0.0128 0.9521 0.0153 0.0198 
         105  1 0.9538 0.0252 0.0078 0.0132 
         106  1 0.8686 0.0217 0.0137 0.0959 
         108  1 0.8853 0.0849 0.0128 0.0170 
         109  1 0.9395 0.0105 0.0160 0.0340 
         112  1 0.2074 0.0616 0.5663 0.1647 
         115  1 0.0247 0.9212 0.0416 0.0124 
         116  1 0.0199 0.0340 0.4372 0.5088 
         117  1 0.0200 0.0137 0.1001 0.8661 
         129  1 0.0049 0.0073 0.3864 0.6014 
         132  1 0.2575 0.4425 0.2823 0.0176 
         133  1 0.9771 0.0079 0.0073 0.0076 
         137  1 0.9559 0.0111 0.0209 0.0121 
         139  1 0.9501 0.0296 0.0085 0.0118 
         140  1 0.9539 0.0142 0.0068 0.0252 
         142  1 0.9642 0.0080 0.0120 0.0158 
         144  1 0.9764 0.0083 0.0054 0.0099 
         145  1 0.9629 0.0096 0.0107 0.0168 
         147  1 0.9790 0.0074 0.0070 0.0066 
         160  1 0.0056 0.0077 0.9777 0.0089 
        162*  1 0.0103 0.0078 0.4951 0.4869 
         166  1 0.9706 0.0097 0.0100 0.0097 
         177  1 0.9834 0.0063 0.0053 0.0049 
         178  1 0.9606 0.0109 0.0210 0.0075 
         186  1 0.0057 0.0062 0.0072 0.9809 
         189  1 0.0072 0.0087 0.4904 0.4938 
         190  1 0.0116 0.0153 0.4976 0.4754 
         191  1 0.0408 0.0094 0.1773 0.7726 
         193  1 0.9012 0.0122 0.0367 0.0499 
         202  1 0.0157 0.1401 0.7853 0.0590 
         204  1 0.0048 0.0047 0.1140 0.8765 
         211  1 0.8053 0.0396 0.1401 0.0151 
         216  1 0.9754 0.0063 0.0130 0.0053 
         222  1 0.8791 0.0612 0.0527 0.0070 
         224  1 0.0114 0.0149 0.4841 0.4896 
         226  1 0.0077 0.0169 0.0065 0.9690 
         229  1 0.0478 0.1039 0.3913 0.4570 
         230  1 0.0360 0.0392 0.4145 0.5103 
         232  1 0.1269 0.0456 0.5169 0.3106 
         238  1 0.2601 0.7031 0.0240 0.0128 
         242  1 0.0053 0.9832 0.0050 0.0064 
         243  1 0.0601 0.9027 0.0116 0.0256 
         244  1 0.0479 0.9289 0.0135 0.0097 
         251  1 0.0269 0.8429 0.1085 0.0217 
         266  1 0.6750 0.3065 0.0087 0.0098 
         267  1 0.8869 0.0194 0.0168 0.0769 
         268  1 0.9704 0.0092 0.0146 0.0058 
         270  1 0.0090 0.0118 0.4578 0.5213 
         276  1 0.0881 0.0219 0.1908 0.6991 
         298  1 0.9731 0.0095 0.0072 0.0102 
         306  1 0.9495 0.0322 0.0113 0.0070 
         308  1 0.9361 0.0212 0.0347 0.0080 
         311  1 0.7700 0.1825 0.0301 0.0174 
         323  1 0.0082 0.0083 0.0062 0.9773 
         327  1 0.0106 0.0222 0.7732 0.1940 
         334  1 0.0155 0.9707 0.0087 0.0051 
         338  1 0.9114 0.0239 0.0325 0.0322 
         341  1 0.0187 0.0205 0.0223 0.9385 
         346  1 0.8341 0.0146 0.1240 0.0273 
         348  1 0.9755 0.0121 0.0058 0.0067 
         351  1 0.0336 0.9131 0.0402 0.0130 
         362  1 0.0066 0.0063 0.3414 0.6456 
         364  1 0.0143 0.9682 0.0088 0.0087 
         366  1 0.0202 0.9498 0.0130 0.0169 
         376  1 0.0087 0.0083 0.0171 0.9660 
         377  1 0.0109 0.0092 0.9505 0.0293 
         378  1 0.0152 0.0057 0.9631 0.0160 
         388  1 0.9201 0.0269 0.0406 0.0124 
         391  1 0.2038 0.0371 0.3552 0.4038 
         396  1 0.0319 0.0168 0.4086 0.5427 
         400  1 0.0069 0.0582 0.9140 0.0209 
         401  1 0.0996 0.3993 0.1231 0.3780 
         406  1 0.7715 0.0806 0.0365 0.1114 
         412  1 0.8666 0.0294 0.0609 0.0431 
         413  1 0.9010 0.0623 0.0252 0.0115 
         421  1 0.0517 0.0262 0.4509 0.4712 
         423  1 0.0577 0.0836 0.4355 0.4232 
         424  1 0.5917 0.0451 0.1079 0.2553 
         426  1 0.0295 0.0248 0.8428 0.1030 
         430  1 0.9497 0.0077 0.0181 0.0245 
         435  1 0.9729 0.0046 0.0170 0.0055 
         476  1 0.0095 0.0236 0.0302 0.9366 
         478  1 0.0096 0.0174 0.0786 0.8945 
         484  1 0.9717 0.0071 0.0087 0.0124 
         489  1 0.0571 0.0076 0.9205 0.0148 
         492  1 0.0202 0.9641 0.0090 0.0067 
         493  1 0.0105 0.9708 0.0109 0.0078 
         494  1 0.0077 0.9356 0.0419 0.0149 
         500  1 0.0046 0.0108 0.3749 0.6097 
         504  1 0.8174 0.0956 0.0541 0.0329 
         506  1 0.8465 0.0092 0.0233 0.1210 
