          1*  1 0.0678 0.0049 0.0072 0.6784 0.0134 0.0110 0.0283 0.0089 0.0200 0.1601 
           3  1 0.0070 0.0040 0.0063 0.0052 0.9459 0.0063 0.0053 0.0088 0.0041 0.0071 
           6  1 0.0171 0.0109 0.0117 0.0054 0.8989 0.0151 0.0078 0.0101 0.0065 0.0165 
           8  1 0.0093 0.0038 0.2944 0.0171 0.0115 0.5844 0.0467 0.0142 0.0105 0.0082 
          10  1 0.0047 0.0040 0.0058 0.0061 0.0083 0.0464 0.9069 0.0033 0.0086 0.0058 
          11  1 0.1297 0.0399 0.0968 0.3897 0.0246 0.0671 0.0226 0.0086 0.0195 0.2015 
          12  1 0.0064 0.0045 0.0059 0.0043 0.0067 0.0061 0.9509 0.0040 0.0036 0.0076 
          16  1 0.0058 0.0049 0.0090 0.0058 0.9388 0.0130 0.0078 0.0044 0.0048 0.0058 
          18  1 0.0056 0.0038 0.0101 0.9455 0.0068 0.0067 0.0063 0.0068 0.0035 0.0050 
          19  1 0.1213 0.0526 0.0272 0.4556 0.0126 0.0646 0.0117 0.0257 0.0064 0.2224 
          21  1 0.0078 0.0062 0.0095 0.0056 0.9155 0.0283 0.0074 0.0051 0.0062 0.0082 
          23  1 0.1432 0.0326 0.0377 0.0102 0.0153 0.0145 0.2787 0.0075 0.0086 0.4516 
          24  1 0.0263 0.0315 0.0100 0.0644 0.0137 0.1363 0.4630 0.0070 0.1813 0.0665 
          25  1 0.0822 0.0060 0.0521 0.0113 0.0355 0.0436 0.3997 0.0049 0.0149 0.3497 
         26*  1 0.0089 0.0044 0.0107 0.0143 0.2016 0.4730 0.2251 0.0066 0.0322 0.0231 
          28  1 0.0093 0.0054 0.1541 0.0065 0.0988 0.3180 0.3675 0.0063 0.0195 0.0147 
          29  1 0.0062 0.0051 0.0094 0.0131 0.0054 0.0281 0.9038 0.0059 0.0151 0.0079 
          30  1 0.0550 0.0061 0.0165 0.0217 0.1589 0.1597 0.2148 0.3172 0.0148 0.0352 
          33  1 0.0190 0.0532 0.0057 0.8410 0.0054 0.0046 0.0047 0.0137 0.0051 0.0475 
          37  1 0.0091 0.0074 0.0106 0.8789 0.0091 0.0069 0.0454 0.0058 0.0126 0.0140 
          38  1 0.0060 0.0041 0.0116 0.9276 0.0080 0.0068 0.0129 0.0050 0.0097 0.0084 
          43  1 0.0106 0.0051 0.0254 0.0056 0.0314 0.0562 0.8311 0.0070 0.0142 0.0135 
          44  1 0.0094 0.0049 0.2239 0.0088 0.2786 0.4343 0.0063 0.0242 0.0030 0.0067 
          48  1 0.0058 0.0036 0.0059 0.9464 0.0097 0.0056 0.0069 0.0063 0.0041 0.0057 
          55  1 0.0311 0.0076 0.2807 0.0120 0.1650 0.4092 0.0087 0.0149 0.0136 0.0572 
          59  1 0.0072 0.0039 0.0062 0.0070 0.9465 0.0070 0.0044 0.0079 0.0042 0.0058 
          60  1 0.2535 0.0094 0.0062 0.0104 0.0085 0.0043 0.0194 0.0047 0.0046 0.6792 
          61  1 0.1857 0.5019 0.0809 0.0076 0.0141 0.0126 0.0069 0.0475 0.0124 0.1304 
          62  1 0.2399 0.3083 0.2785 0.0220 0.0133 0.0129 0.0367 0.0127 0.0289 0.0468 
          65  1 0.0395 0.0136 0.0087 0.8301 0.0055 0.0070 0.0064 0.0181 0.0190 0.0521 
          73  1 0.0599 0.0062 0.0314 0.0086 0.0070 0.0085 0.1268 0.6911 0.0168 0.0438 
          75  1 0.0086 0.9144 0.0064 0.0093 0.0074 0.0051 0.0038 0.0336 0.0051 0.0062 
          76  1 0.0158 0.9083 0.0373 0.0038 0.0053 0.0044 0.0101 0.0049 0.0032 0.0070 
          77  1 0.0457 0.8172 0.0088 0.0062 0.0051 0.0050 0.0097 0.0044 0.0064 0.0915 
          78  1 0.0734 0.2752 0.0340 0.0102 0.0058 0.0103 0.0158 0.5428 0.0127 0.0199 
          79  1 0.0303 0.7505 0.0815 0.0097 0.0040 0.0090 0.0041 0.0868 0.0113 0.0128 
          84  1 0.0361 0.0114 0.0257 0.0062 0.7671 0.0422 0.0166 0.0107 0.0644 0.0198 
          85  1 0.0117 0.0056 0.1625 0.0095 0.0075 0.7660 0.0061 0.0111 0.0127 0.0073 
          86  1 0.0270 0.0092 0.0538 0.0119 0.0043 0.8119 0.0118 0.0187 0.0258 0.0257 
          89  1 0.0580 0.0316 0.0487 0.0195 0.5539 0.0298 0.1536 0.0064 0.0189 0.0796 
          94  1 0.0072 0.0040 0.0101 0.0114 0.0062 0.0077 0.9400 0.0046 0.0032 0.0057 
          95  1 0.0136 0.0052 0.0090 0.0135 0.9060 0.0156 0.0061 0.0136 0.0040 0.0133 
          96  1 0.0073 0.0065 0.0130 0.0050 0.0052 0.9387 0.0087 0.0050 0.0052 0.0055 
          98  1 0.5493 0.0175 0.0789 0.0057 0.0059 0.0074 0.0079 0.0523 0.1745 0.1007 
         102  1 0.0342 0.0138 0.0103 0.7105 0.0307 0.0055 0.0154 0.0065 0.0141 0.1591 
         105  1 0.0046 0.0034 0.0041 0.0062 0.0048 0.0042 0.0041 0.9608 0.0037 0.0042 
         106  1 0.1236 0.4167 0.1438 0.0187 0.0710 0.0124 0.0037 0.1273 0.0138 0.0691 
         108  1 0.0166 0.0206 0.0075 0.0496 0.0064 0.0088 0.0076 0.8286 0.0075 0.0467 
         109  1 0.3677 0.0334 0.0210 0.0086 0.0095 0.0176 0.0060 0.4866 0.0124 0.0372 
         112  1 0.1271 0.1449 0.2580 0.0241 0.0121 0.2099 0.0495 0.0073 0.0098 0.1573 
         115  1 0.0848 0.0157 0.0136 0.5355 0.0134 0.0129 0.0453 0.0167 0.0199 0.2420 
         116  1 0.0143 0.0051 0.5882 0.0157 0.0103 0.3137 0.0176 0.0144 0.0100 0.0108 
         117  1 0.0285 0.0136 0.0177 0.0150 0.6061 0.0781 0.1709 0.0223 0.0116 0.0364 
         129  1 0.0064 0.0033 0.0135 0.0063 0.0860 0.8554 0.0129 0.0048 0.0052 0.0063 
         132  1 0.2115 0.0077 0.0078 0.0258 0.0122 0.0056 0.0693 0.0059 0.0120 0.6421 
         133  1 0.5458 0.0218 0.0815 0.0049 0.0064 0.0045 0.0057 0.0492 0.1715 0.1087 
         137  1 0.2042 0.4626 0.0284 0.0111 0.0129 0.0101 0.0200 0.0115 0.0098 0.2295 
         139  1 0.0075 0.9321 0.0085 0.0091 0.0077 0.0071 0.0058 0.0066 0.0080 0.0076 
         140  1 0.2351 0.0424 0.0204 0.0162 0.0316 0.0166 0.0051 0.5933 0.0041 0.0353 
         142  1 0.0939 0.6818 0.1419 0.0074 0.0293 0.0068 0.0121 0.0080 0.0038 0.0151 
         144  1 0.0069 0.0048 0.0042 0.0044 0.0063 0.0038 0.0034 0.9563 0.0040 0.0058 
         145  1 0.2916 0.3144 0.3280 0.0068 0.0075 0.0053 0.0047 0.0087 0.0162 0.0169 
         147  1 0.0147 0.0230 0.0123 0.0052 0.0036 0.0071 0.0043 0.9105 0.0138 0.0055 
         160  1 0.0047 0.0040 0.0048 0.0055 0.0067 0.0065 0.9538 0.0044 0.0038 0.0059 
        162*  1 0.0077 0.0059 0.0132 0.0048 0.0046 0.9377 0.0105 0.0048 0.0055 0.0054 
         166  1 0.2764 0.0119 0.0073 0.0042 0.0098 0.0048 0.0040 0.0149 0.0085 0.6581 
         177  1 0.0049 0.9663 0.0041 0.0034 0.0037 0.0032 0.0036 0.0037 0.0029 0.0043 
         178  1 0.0179 0.8282 0.0233 0.0087 0.0075 0.0126 0.0267 0.0159 0.0415 0.0177 
         186  1 0.0042 0.0036 0.0050 0.0040 0.9628 0.0047 0.0049 0.0033 0.0031 0.0045 
         189  1 0.0071 0.0073 0.5928 0.0064 0.0065 0.3541 0.0126 0.0037 0.0042 0.0053 
         190  1 0.0231 0.0123 0.0224 0.0137 0.0383 0.7612 0.0556 0.0080 0.0348 0.0306 
         191  1 0.0231 0.0126 0.4803 0.0080 0.3070 0.1234 0.0133 0.0152 0.0050 0.0119 
         193  1 0.3028 0.2115 0.3393 0.0101 0.0268 0.0091 0.0113 0.0144 0.0109 0.0638 
         202  1 0.0775 0.0104 0.0295 0.0481 0.0118 0.2698 0.1894 0.0065 0.0314 0.3254 
         204  1 0.0050 0.0035 0.0063 0.0041 0.1624 0.7963 0.0082 0.0059 0.0030 0.0053 
         211  1 0.1854 0.0457 0.0123 0.0144 0.0139 0.0091 0.0503 0.0505 0.0170 0.6013 
         216  1 0.1566 0.0313 0.0086 0.0051 0.0044 0.0056 0.0160 0.5101 0.0174 0.2449 
         222  1 0.1956 0.0076 0.4146 0.0181 0.0046 0.0072 0.0037 0.3249 0.0114 0.0123 
         224  1 0.0065 0.0048 0.6587 0.0076 0.0078 0.2865 0.0112 0.0067 0.0038 0.0066 
         226  1 0.0106 0.0046 0.0048 0.0086 0.9359 0.0107 0.0046 0.0047 0.0032 0.0123 
         229  1 0.0478 0.0224 0.0285 0.0178 0.0169 0.5764 0.0679 0.0224 0.1531 0.0468 
         230  1 0.0256 0.0452 0.0517 0.0228 0.0315 0.7156 0.0407 0.0134 0.0070 0.0466 
         232  1 0.1850 0.0620 0.1865 0.0274 0.1183 0.0440 0.2513 0.0128 0.0074 0.1053 
         238  1 0.1412 0.0925 0.0487 0.4078 0.0058 0.0438 0.0067 0.0228 0.0128 0.2180 
         242  1 0.0073 0.0039 0.0067 0.9121 0.0058 0.0054 0.0036 0.0072 0.0266 0.0212 
         243  1 0.1218 0.0211 0.0162 0.6640 0.0212 0.0085 0.0072 0.0144 0.0121 0.1134 
         244  1 0.0658 0.1978 0.0099 0.4898 0.0060 0.0166 0.0099 0.0062 0.0126 0.1855 
         251  1 0.1139 0.0202 0.0312 0.4070 0.0084 0.0594 0.1128 0.0107 0.0216 0.2147 
         266  1 0.1015 0.4006 0.0599 0.1193 0.0092 0.0141 0.0061 0.0100 0.0461 0.2334 
         267  1 0.3380 0.0108 0.0123 0.0167 0.0378 0.0223 0.0055 0.4860 0.0168 0.0537 
         268  1 0.1290 0.4036 0.0269 0.0071 0.0070 0.0052 0.0473 0.1045 0.1521 0.1174 
         270  1 0.0150 0.0058 0.0963 0.0169 0.0240 0.7727 0.0279 0.0212 0.0095 0.0108 
         276  1 0.0380 0.0274 0.4393 0.0127 0.2540 0.1371 0.0232 0.0265 0.0086 0.0332 
         298  1 0.0278 0.1500 0.0139 0.0110 0.0203 0.0074 0.0109 0.6770 0.0343 0.0474 
         306  1 0.3164 0.0271 0.1206 0.0145 0.0078 0.0064 0.0055 0.0102 0.0104 0.4811 
         308  1 0.0542 0.6265 0.0542 0.0369 0.0077 0.0117 0.0645 0.0666 0.0157 0.0622 
         311  1 0.5774 0.0128 0.1183 0.0445 0.0067 0.0375 0.0133 0.0763 0.0184 0.0949 
         323  1 0.0056 0.0040 0.0060 0.0079 0.9476 0.0078 0.0043 0.0068 0.0045 0.0056 
         327  1 0.0352 0.0072 0.0295 0.0176 0.0190 0.5580 0.2519 0.0085 0.0184 0.0547 
         334  1 0.0040 0.0035 0.0047 0.0060 0.0032 0.0043 0.0065 0.0057 0.9574 0.0047 
         338  1 0.5351 0.0235 0.1123 0.0153 0.0182 0.0370 0.0239 0.1387 0.0104 0.0856 
         341  1 0.0145 0.0056 0.0071 0.0128 0.8999 0.0090 0.0066 0.0056 0.0056 0.0332 
         346  1 0.1790 0.3524 0.0102 0.0066 0.0101 0.0096 0.0326 0.0047 0.0047 0.3900 
         348  1 0.1658 0.2316 0.0561 0.0191 0.0077 0.0088 0.0063 0.4703 0.0154 0.0189 
         351  1 0.1460 0.0129 0.0126 0.2059 0.0133 0.0074 0.0375 0.0102 0.1428 0.4113 
         362  1 0.0066 0.0047 0.0073 0.0052 0.0638 0.8595 0.0355 0.0065 0.0036 0.0073 
         364  1 0.0218 0.0107 0.0104 0.8754 0.0107 0.0060 0.0105 0.0073 0.0199 0.0274 
         366  1 0.0260 0.0070 0.0069 0.8668 0.0092 0.0156 0.0067 0.0176 0.0041 0.0400 
         376  1 0.0116 0.0153 0.0139 0.0061 0.9002 0.0216 0.0135 0.0032 0.0040 0.0107 
         377  1 0.0308 0.0073 0.6250 0.0085 0.0131 0.1221 0.1603 0.0086 0.0049 0.0194 
         378  1 0.0130 0.0163 0.0086 0.0046 0.0146 0.0072 0.9071 0.0054 0.0051 0.0181 
         388  1 0.4174 0.0117 0.0459 0.0148 0.0087 0.0109 0.0242 0.3207 0.0374 0.1081 
         391  1 0.0909 0.0093 0.0273 0.0103 0.3973 0.0078 0.0984 0.0110 0.0039 0.3438 
         396  1 0.0892 0.0178 0.1270 0.0093 0.0454 0.6122 0.0186 0.0117 0.0293 0.0395 
         400  1 0.0098 0.0076 0.5410 0.0850 0.0072 0.1182 0.1713 0.0055 0.0276 0.0270 
         401  1 0.0809 0.1362 0.0391 0.1124 0.0540 0.4490 0.0098 0.0054 0.0220 0.0912 
         406  1 0.4719 0.0263 0.0638 0.0438 0.1024 0.0159 0.0139 0.0472 0.0118 0.2030 
         412  1 0.6049 0.0194 0.1657 0.0143 0.0249 0.0273 0.0226 0.0284 0.0132 0.0794 
         413  1 0.2494 0.2510 0.2831 0.0223 0.0041 0.0196 0.0067 0.0169 0.1280 0.0190 
         421  1 0.0264 0.0162 0.6245 0.0086 0.0146 0.2619 0.0084 0.0103 0.0074 0.0216 
         423  1 0.0190 0.0067 0.6825 0.0154 0.0220 0.2095 0.0072 0.0174 0.0052 0.0152 
         424  1 0.2347 0.0195 0.0803 0.0179 0.1630 0.0119 0.0142 0.0152 0.0084 0.4350 
         426  1 0.0483 0.0221 0.0413 0.0303 0.0756 0.0266 0.5506 0.0092 0.0115 0.1846 
         430  1 0.3552 0.0483 0.1762 0.0058 0.0195 0.0098 0.0105 0.0174 0.0187 0.3385 
         435  1 0.1215 0.6251 0.1898 0.0043 0.0043 0.0054 0.0106 0.0222 0.0045 0.0122 
         476  1 0.0126 0.0227 0.0163 0.0258 0.7209 0.1642 0.0118 0.0040 0.0046 0.0172 
         478  1 0.0193 0.0059 0.0833 0.0252 0.6786 0.1421 0.0157 0.0087 0.0084 0.0128 
         484  1 0.3364 0.0337 0.0247 0.0065 0.0168 0.0075 0.0082 0.4214 0.0537 0.0913 
         489  1 0.0827 0.0072 0.5095 0.0058 0.0078 0.0135 0.2621 0.0444 0.0052 0.0618 
         492  1 0.0045 0.0035 0.0034 0.0040 0.0035 0.0031 0.0035 0.0041 0.9657 0.0046 
         493  1 0.0152 0.0064 0.0104 0.9196 0.0068 0.0088 0.0089 0.0058 0.0047 0.0134 
         494  1 0.0128 0.0069 0.0235 0.8155 0.0090 0.0140 0.0357 0.0082 0.0077 0.0666 
         500  1 0.0063 0.0041 0.0176 0.0082 0.0393 0.9016 0.0072 0.0038 0.0025 0.0093 
         504  1 0.2030 0.0210 0.0221 0.0260 0.0107 0.0542 0.0533 0.4605 0.1082 0.0409 
         506  1 0.1200 0.0038 0.0054 0.0051 0.0166 0.0332 0.0052 0.7986 0.0042 0.0079 
