

----------------------------------------------------
STRUCTURE by Pritchard, Stephens and Donnelly (2000)
     and Falush, Stephens and Pritchard (2003)
       Code by Pritchard, Falush and Hubisz
             Version 2.3.4 (Jul 2012)
----------------------------------------------------



Command line arguments:   bin\structure -m M:\STRUCTURE\Squirrel_135_ID_14L_20250816\10k_Burnin_100k_MCMC\mainparams -e M:\STRUCTURE\Squirrel_135_ID_14L_20250816\10k_Burnin_100k_MCMC\extraparams 
Input File:    M:\STRUCTURE\Squirrel_135_ID_14L_20250816\project_data

Run parameters:
   135 individuals
   14 loci
   10 populations assumed
   10000 Burn-in period
   100000 Reps


--------------------------------------------
Proportion of membership of each pre-defined
 population in each of the 10 clusters

Given    Inferred Clusters                                                        Number of
 Pop       1      2      3      4      5      6      7      8      9     10      Individuals

  1:     0.095  0.093  0.102  0.101  0.133  0.035  0.113  0.104  0.096  0.126      135
--------------------------------------------

Allele-freq. divergence among pops (Net nucleotide distance),
computed using point estimates of P.

      1       2       3       4       5       6       7       8       9      10      
 1      -    0.0599  0.0885  0.0900  0.0771  0.1547  0.1013  0.1087  0.0977  0.0922  
 2   0.0599     -    0.0587  0.0511  0.0675  0.1623  0.0767  0.0894  0.1060  0.0961  
 3   0.0885  0.0587     -    0.0941  0.0917  0.1960  0.1154  0.1348  0.1265  0.1339  
 4   0.0900  0.0511  0.0941     -    0.0645  0.1797  0.0533  0.0967  0.0963  0.1017  
 5   0.0771  0.0675  0.0917  0.0645     -    0.1462  0.0675  0.0907  0.1084  0.0694  
 6   0.1547  0.1623  0.1960  0.1797  0.1462     -    0.1880  0.1875  0.2310  0.2454  
 7   0.1013  0.0767  0.1154  0.0533  0.0675  0.1880     -    0.1251  0.0912  0.0820  
 8   0.1087  0.0894  0.1348  0.0967  0.0907  0.1875  0.1251     -    0.1925  0.1378  
 9   0.0977  0.1060  0.1265  0.0963  0.1084  0.2310  0.0912  0.1925     -    0.1224  
10   0.0922  0.0961  0.1339  0.1017  0.0694  0.2454  0.0820  0.1378  0.1224     -    

Average distances (expected heterozygosity) between individuals in same cluster:
cluster  1  : 0.5354 
cluster  2  : 0.5422 
cluster  3  : 0.5904 
cluster  4  : 0.5462 
cluster  5  : 0.6493 
cluster  6  : 0.4570 
cluster  7  : 0.5155 
cluster  8  : 0.5077 
cluster  9  : 0.4107 
cluster 10  : 0.4515 

--------------------------------------------
Estimated Ln Prob of Data   = -4232.5
Mean value of ln likelihood = -3908.4
Variance of ln likelihood   = 648.1
Mean value of alpha         = 0.0439

Mean value of lambda        = 0.9304

Mean value of Fst_1         = 0.2532
Mean value of Fst_2         = 0.2295
Mean value of Fst_3         = 0.2142
Mean value of Fst_4         = 0.2159
Mean value of Fst_5         = 0.0756
Mean value of Fst_6         = 0.4780
Mean value of Fst_7         = 0.2381
Mean value of Fst_8         = 0.2770
Mean value of Fst_9         = 0.3614
Mean value of Fst_10         = 0.3112


Inferred ancestry of individuals:
        Label (%Miss) Pop:  Inferred clusters (and 90% probability intervals)
  1       1*    (0)    1 :  0.195 0.011 0.005 0.008 0.692 0.025 0.012 0.010 0.028 0.016     (0.000,0.616) (0.000,0.056) (0.000,0.027) (0.000,0.049) (0.228,0.999) (0.000,0.180) (0.000,0.071) (0.000,0.054) (0.000,0.202) (0.000,0.100) 
  2        3    (0)    1 :  0.007 0.008 0.004 0.006 0.005 0.004 0.006 0.009 0.005 0.944     (0.000,0.037) (0.000,0.045) (0.000,0.023) (0.000,0.035) (0.000,0.028) (0.000,0.024) (0.000,0.033) (0.000,0.055) (0.000,0.029) (0.774,1.000) 
  3        6    (0)    1 :  0.024 0.018 0.010 0.013 0.006 0.007 0.019 0.011 0.009 0.883     (0.000,0.171) (0.000,0.126) (0.000,0.065) (0.000,0.080) (0.000,0.032) (0.000,0.038) (0.000,0.130) (0.000,0.074) (0.000,0.051) (0.579,1.000) 
  4        8    (0)    1 :  0.005 0.007 0.004 0.518 0.020 0.015 0.356 0.014 0.049 0.012     (0.000,0.028) (0.000,0.037) (0.000,0.020) (0.000,0.997) (0.000,0.134) (0.000,0.087) (0.000,0.931) (0.000,0.090) (0.000,0.370) (0.000,0.068) 
  5       10    (0)    1 :  0.005 0.004 0.004 0.009 0.006 0.010 0.067 0.004 0.883 0.008     (0.000,0.025) (0.000,0.023) (0.000,0.022) (0.000,0.050) (0.000,0.035) (0.000,0.060) (0.000,0.370) (0.000,0.019) (0.568,1.000) (0.000,0.051) 
  6       11    (0)    1 :  0.058 0.118 0.044 0.172 0.434 0.057 0.050 0.011 0.025 0.033     (0.000,0.385) (0.000,0.861) (0.000,0.325) (0.000,0.858) (0.000,0.995) (0.000,0.425) (0.000,0.339) (0.000,0.059) (0.000,0.176) (0.000,0.244) 
  7       12    (0)    1 :  0.008 0.007 0.005 0.006 0.004 0.004 0.007 0.004 0.948 0.007     (0.000,0.045) (0.000,0.040) (0.000,0.026) (0.000,0.031) (0.000,0.024) (0.000,0.021) (0.000,0.037) (0.000,0.022) (0.786,1.000) (0.000,0.038) 
  8       16    (7)    1 :  0.006 0.007 0.005 0.010 0.007 0.005 0.014 0.005 0.008 0.934     (0.000,0.030) (0.000,0.038) (0.000,0.026) (0.000,0.062) (0.000,0.035) (0.000,0.029) (0.000,0.088) (0.000,0.026) (0.000,0.050) (0.730,1.000) 
  9       18    (0)    1 :  0.004 0.007 0.004 0.011 0.942 0.004 0.007 0.007 0.007 0.007     (0.000,0.023) (0.000,0.036) (0.000,0.020) (0.000,0.065) (0.764,1.000) (0.000,0.020) (0.000,0.041) (0.000,0.038) (0.000,0.040) (0.000,0.042) 
 10       19    (0)    1 :  0.008 0.056 0.068 0.057 0.661 0.025 0.060 0.038 0.014 0.013     (0.000,0.043) (0.000,0.438) (0.000,0.416) (0.000,0.424) (0.000,1.000) (0.000,0.081) (0.000,0.436) (0.000,0.276) (0.000,0.085) (0.000,0.076) 
 11       21    (7)    1 :  0.008 0.011 0.006 0.011 0.006 0.006 0.039 0.005 0.008 0.899     (0.000,0.044) (0.000,0.064) (0.000,0.035) (0.000,0.067) (0.000,0.035) (0.000,0.036) (0.000,0.231) (0.000,0.029) (0.000,0.044) (0.643,1.000) 
 12       23    (7)    1 :  0.398 0.135 0.029 0.013 0.012 0.008 0.021 0.008 0.358 0.017     (0.000,0.998) (0.000,0.649) (0.000,0.210) (0.000,0.084) (0.000,0.073) (0.000,0.048) (0.000,0.147) (0.000,0.043) (0.000,0.922) (0.000,0.112) 
 13       24    (7)    1 :  0.021 0.016 0.032 0.011 0.068 0.210 0.197 0.007 0.426 0.013     (0.000,0.135) (0.000,0.098) (0.000,0.210) (0.000,0.063) (0.000,0.426) (0.000,0.615) (0.000,0.726) (0.000,0.041) (0.000,0.904) (0.000,0.087) 
 14       25    (7)    1 :  0.325 0.034 0.006 0.071 0.015 0.017 0.023 0.006 0.464 0.039     (0.000,0.887) (0.000,0.250) (0.000,0.031) (0.000,0.369) (0.000,0.096) (0.000,0.116) (0.000,0.166) (0.000,0.030) (0.000,0.957) (0.000,0.269) 
 15      26*    (0)    1 :  0.017 0.006 0.004 0.023 0.012 0.036 0.557 0.006 0.187 0.152     (0.000,0.120) (0.000,0.034) (0.000,0.021) (0.000,0.136) (0.000,0.074) (0.000,0.219) (0.000,0.997) (0.000,0.030) (0.000,0.657) (0.000,0.641) 
 16       28    (0)    1 :  0.017 0.009 0.005 0.266 0.007 0.024 0.165 0.008 0.385 0.114     (0.000,0.108) (0.000,0.057) (0.000,0.029) (0.000,0.953) (0.000,0.035) (0.000,0.175) (0.000,0.761) (0.000,0.044) (0.000,0.994) (0.000,0.601) 
 17       29    (0)    1 :  0.006 0.006 0.005 0.015 0.014 0.019 0.038 0.006 0.885 0.006     (0.000,0.033) (0.000,0.032) (0.000,0.030) (0.000,0.097) (0.000,0.095) (0.000,0.131) (0.000,0.281) (0.000,0.033) (0.567,1.000) (0.000,0.032) 
 18       30    (0)    1 :  0.022 0.028 0.007 0.038 0.023 0.017 0.178 0.341 0.192 0.154     (0.000,0.152) (0.000,0.171) (0.000,0.038) (0.000,0.258) (0.000,0.139) (0.000,0.105) (0.000,0.706) (0.000,0.726) (0.000,0.719) (0.000,0.740) 
 19       33    (0)    1 :  0.020 0.007 0.047 0.006 0.884 0.006 0.005 0.014 0.005 0.005     (0.000,0.140) (0.000,0.034) (0.000,0.307) (0.000,0.031) (0.580,1.000) (0.000,0.033) (0.000,0.029) (0.000,0.100) (0.000,0.027) (0.000,0.029) 
 20       37    (0)    1 :  0.012 0.009 0.008 0.011 0.878 0.013 0.008 0.006 0.046 0.009     (0.000,0.076) (0.000,0.052) (0.000,0.045) (0.000,0.069) (0.562,1.000) (0.000,0.093) (0.000,0.040) (0.000,0.035) (0.000,0.319) (0.000,0.054) 
 21       38    (0)    1 :  0.005 0.006 0.004 0.014 0.927 0.010 0.007 0.005 0.013 0.009     (0.000,0.027) (0.000,0.031) (0.000,0.022) (0.000,0.088) (0.713,1.000) (0.000,0.066) (0.000,0.036) (0.000,0.030) (0.000,0.088) (0.000,0.053) 
 22       43    (0)    1 :  0.015 0.007 0.006 0.042 0.006 0.014 0.043 0.008 0.827 0.032     (0.000,0.104) (0.000,0.040) (0.000,0.031) (0.000,0.278) (0.000,0.034) (0.000,0.099) (0.000,0.287) (0.000,0.052) (0.497,1.000) (0.000,0.217) 
 23       44    (0)    1 :  0.005 0.015 0.005 0.490 0.009 0.004 0.218 0.023 0.007 0.224     (0.000,0.025) (0.000,0.085) (0.000,0.028) (0.000,0.999) (0.000,0.044) (0.000,0.021) (0.000,0.777) (0.000,0.161) (0.000,0.037) (0.000,0.637) 
 24       48    (0)    1 :  0.005 0.006 0.003 0.006 0.945 0.004 0.006 0.006 0.007 0.010     (0.000,0.027) (0.000,0.035) (0.000,0.019) (0.000,0.035) (0.775,1.000) (0.000,0.023) (0.000,0.035) (0.000,0.033) (0.000,0.041) (0.000,0.059) 
 25       55    (0)    1 :  0.050 0.017 0.008 0.453 0.012 0.015 0.236 0.016 0.010 0.183     (0.000,0.330) (0.000,0.112) (0.000,0.045) (0.000,0.914) (0.000,0.074) (0.000,0.101) (0.000,0.844) (0.000,0.110) (0.000,0.055) (0.000,0.684) 
 26       59    (0)    1 :  0.006 0.006 0.004 0.008 0.006 0.004 0.007 0.009 0.005 0.944     (0.000,0.035) (0.000,0.034) (0.000,0.021) (0.000,0.041) (0.000,0.035) (0.000,0.025) (0.000,0.039) (0.000,0.056) (0.000,0.027) (0.775,1.000) 
 27       60    (0)    1 :  0.924 0.010 0.009 0.005 0.009 0.005 0.004 0.005 0.021 0.008     (0.694,1.000) (0.000,0.054) (0.000,0.048) (0.000,0.029) (0.000,0.053) (0.000,0.023) (0.000,0.022) (0.000,0.028) (0.000,0.155) (0.000,0.046) 
 28       61    (0)    1 :  0.212 0.174 0.494 0.011 0.008 0.009 0.012 0.058 0.007 0.014     (0.000,0.838) (0.000,0.892) (0.000,0.992) (0.000,0.068) (0.000,0.046) (0.000,0.048) (0.000,0.075) (0.000,0.370) (0.000,0.036) (0.000,0.086) 
 29       62    (0)    1 :  0.033 0.580 0.195 0.064 0.026 0.022 0.010 0.011 0.046 0.012     (0.000,0.216) (0.000,0.999) (0.000,0.950) (0.000,0.449) (0.000,0.186) (0.000,0.127) (0.000,0.058) (0.000,0.065) (0.000,0.328) (0.000,0.074) 
 30       65    (0)    1 :  0.013 0.012 0.015 0.011 0.892 0.016 0.007 0.022 0.006 0.006     (0.000,0.086) (0.000,0.065) (0.000,0.101) (0.000,0.062) (0.618,1.000) (0.000,0.105) (0.000,0.038) (0.000,0.151) (0.000,0.034) (0.000,0.031) 
 31       73    (0)    1 :  0.046 0.040 0.005 0.026 0.009 0.018 0.008 0.713 0.128 0.007     (0.000,0.332) (0.000,0.288) (0.000,0.028) (0.000,0.192) (0.000,0.050) (0.000,0.125) (0.000,0.043) (0.329,0.997) (0.000,0.472) (0.000,0.038) 
 32       75    (0)    1 :  0.005 0.014 0.907 0.006 0.010 0.006 0.006 0.036 0.004 0.008     (0.000,0.026) (0.000,0.042) (0.648,1.000) (0.000,0.033) (0.000,0.064) (0.000,0.033) (0.000,0.031) (0.000,0.239) (0.000,0.021) (0.000,0.048) 
 33       76    (0)    1 :  0.009 0.024 0.926 0.007 0.004 0.003 0.005 0.006 0.011 0.006     (0.000,0.051) (0.000,0.119) (0.702,1.000) (0.000,0.039) (0.000,0.021) (0.000,0.016) (0.000,0.024) (0.000,0.030) (0.000,0.072) (0.000,0.034) 
 34       77    (0)    1 :  0.165 0.014 0.777 0.005 0.006 0.007 0.005 0.005 0.009 0.005     (0.000,0.878) (0.000,0.077) (0.004,1.000) (0.000,0.030) (0.000,0.034) (0.000,0.036) (0.000,0.029) (0.000,0.028) (0.000,0.054) (0.000,0.028) 
 35       78    (0)    1 :  0.021 0.049 0.267 0.027 0.012 0.011 0.009 0.582 0.016 0.006     (0.000,0.149) (0.000,0.353) (0.000,0.758) (0.000,0.201) (0.000,0.067) (0.000,0.070) (0.000,0.056) (0.000,0.991) (0.000,0.112) (0.000,0.034) 
 36       79    (0)    1 :  0.007 0.050 0.800 0.010 0.011 0.014 0.010 0.089 0.004 0.005     (0.000,0.041) (0.000,0.316) (0.332,1.000) (0.000,0.067) (0.000,0.070) (0.000,0.092) (0.000,0.064) (0.000,0.438) (0.000,0.025) (0.000,0.026) 
 37       84    (0)    1 :  0.022 0.055 0.011 0.038 0.007 0.065 0.042 0.011 0.018 0.733     (0.000,0.151) (0.000,0.356) (0.000,0.060) (0.000,0.264) (0.000,0.036) (0.000,0.311) (0.000,0.290) (0.000,0.066) (0.000,0.122) (0.316,0.997) 
 38       85    (0)    1 :  0.007 0.014 0.006 0.432 0.011 0.016 0.489 0.010 0.006 0.009     (0.000,0.036) (0.000,0.082) (0.000,0.030) (0.000,0.999) (0.000,0.064) (0.000,0.109) (0.000,1.000) (0.000,0.062) (0.000,0.035) (0.000,0.052) 
 39       86    (0)    1 :  0.009 0.035 0.009 0.140 0.016 0.041 0.712 0.021 0.011 0.005     (0.000,0.056) (0.000,0.253) (0.000,0.055) (0.000,0.772) (0.000,0.106) (0.000,0.261) (0.017,1.000) (0.000,0.158) (0.000,0.075) (0.000,0.026) 
 40       89    (0)    1 :  0.053 0.094 0.027 0.022 0.020 0.023 0.034 0.007 0.183 0.537     (0.000,0.376) (0.000,0.499) (0.000,0.198) (0.000,0.155) (0.000,0.139) (0.000,0.155) (0.000,0.243) (0.000,0.038) (0.000,0.594) (0.000,0.910) 
 41       94    (0)    1 :  0.006 0.008 0.004 0.010 0.012 0.003 0.008 0.005 0.937 0.006     (0.000,0.030) (0.000,0.049) (0.000,0.023) (0.000,0.065) (0.000,0.075) (0.000,0.018) (0.000,0.045) (0.000,0.030) (0.754,1.000) (0.000,0.036) 
 42       95    (0)    1 :  0.018 0.010 0.005 0.011 0.014 0.004 0.019 0.014 0.006 0.898     (0.000,0.125) (0.000,0.053) (0.000,0.028) (0.000,0.058) (0.000,0.088) (0.000,0.023) (0.000,0.129) (0.000,0.094) (0.000,0.035) (0.612,1.000) 
 43       96    (0)    1 :  0.005 0.010 0.007 0.017 0.005 0.005 0.931 0.006 0.009 0.005     (0.000,0.027) (0.000,0.058) (0.000,0.039) (0.000,0.114) (0.000,0.027) (0.000,0.029) (0.711,1.000) (0.000,0.030) (0.000,0.054) (0.000,0.026) 
 44       98    (0)    1 :  0.345 0.403 0.042 0.007 0.007 0.116 0.006 0.057 0.009 0.006     (0.000,0.998) (0.000,0.999) (0.000,0.272) (0.000,0.040) (0.000,0.038) (0.000,0.918) (0.000,0.035) (0.000,0.425) (0.000,0.054) (0.000,0.035) 
 45      102    (0)    1 :  0.018 0.024 0.012 0.009 0.859 0.017 0.006 0.007 0.018 0.030     (0.000,0.130) (0.000,0.144) (0.000,0.077) (0.000,0.055) (0.535,1.000) (0.000,0.116) (0.000,0.031) (0.000,0.038) (0.000,0.124) (0.000,0.218) 
 46      105    (0)    1 :  0.004 0.005 0.004 0.005 0.007 0.004 0.005 0.956 0.005 0.005     (0.000,0.025) (0.000,0.025) (0.000,0.021) (0.000,0.024) (0.000,0.042) (0.000,0.023) (0.000,0.027) (0.821,1.000) (0.000,0.024) (0.000,0.029) 
 47      106    (0)    1 :  0.025 0.142 0.392 0.101 0.025 0.020 0.010 0.196 0.004 0.085     (0.000,0.174) (0.000,0.709) (0.000,0.861) (0.000,0.483) (0.000,0.170) (0.000,0.141) (0.000,0.060) (0.000,0.687) (0.000,0.022) (0.000,0.405) 
 48      108    (0)    1 :  0.048 0.008 0.022 0.011 0.058 0.010 0.010 0.818 0.008 0.007     (0.000,0.269) (0.000,0.043) (0.000,0.159) (0.000,0.065) (0.000,0.363) (0.000,0.062) (0.000,0.060) (0.469,1.000) (0.000,0.048) (0.000,0.037) 
 49      109    (0)    1 :  0.045 0.230 0.039 0.009 0.011 0.009 0.021 0.619 0.007 0.010     (0.000,0.294) (0.000,0.977) (0.000,0.269) (0.000,0.051) (0.000,0.057) (0.000,0.049) (0.000,0.159) (0.000,0.999) (0.000,0.039) (0.000,0.064) 
 50      112    (0)    1 :  0.131 0.150 0.104 0.381 0.031 0.014 0.112 0.008 0.056 0.013     (0.000,0.588) (0.000,0.797) (0.000,0.640) (0.000,0.979) (0.000,0.222) (0.000,0.076) (0.000,0.599) (0.000,0.044) (0.000,0.395) (0.000,0.085) 
 51      115    (0)    1 :  0.083 0.051 0.018 0.017 0.683 0.043 0.014 0.019 0.060 0.012     (0.000,0.535) (0.000,0.367) (0.000,0.113) (0.000,0.100) (0.000,1.000) (0.000,0.265) (0.000,0.093) (0.000,0.133) (0.000,0.353) (0.000,0.072) 
 52      116    (0)    1 :  0.005 0.013 0.005 0.841 0.016 0.011 0.066 0.013 0.021 0.009     (0.000,0.025) (0.000,0.077) (0.000,0.026) (0.423,1.000) (0.000,0.109) (0.000,0.072) (0.000,0.423) (0.000,0.080) (0.000,0.145) (0.000,0.046) 
 53      117    (0)    1 :  0.049 0.026 0.014 0.024 0.017 0.014 0.108 0.022 0.167 0.561     (0.000,0.369) (0.000,0.183) (0.000,0.088) (0.000,0.166) (0.000,0.115) (0.000,0.079) (0.000,0.598) (0.000,0.150) (0.000,0.915) (0.000,0.997) 
 54      129    (0)    1 :  0.006 0.005 0.004 0.027 0.007 0.006 0.848 0.005 0.013 0.080     (0.000,0.034) (0.000,0.029) (0.000,0.019) (0.000,0.184) (0.000,0.039) (0.000,0.032) (0.463,1.000) (0.000,0.028) (0.000,0.074) (0.000,0.430) 
 55      132    (0)    1 :  0.826 0.012 0.008 0.008 0.028 0.015 0.006 0.006 0.076 0.015     (0.404,1.000) (0.000,0.059) (0.000,0.046) (0.000,0.049) (0.000,0.194) (0.000,0.106) (0.000,0.030) (0.000,0.033) (0.000,0.431) (0.000,0.108) 
 56      133    (0)    1 :  0.367 0.390 0.054 0.006 0.006 0.106 0.004 0.053 0.007 0.007     (0.000,0.999) (0.000,0.999) (0.000,0.411) (0.000,0.032) (0.000,0.034) (0.000,0.928) (0.000,0.022) (0.000,0.396) (0.000,0.036) (0.000,0.036) 
 57      137    (7)    1 :  0.442 0.081 0.396 0.011 0.012 0.008 0.010 0.010 0.019 0.011     (0.000,0.993) (0.000,0.605) (0.000,0.989) (0.000,0.064) (0.000,0.071) (0.000,0.038) (0.000,0.060) (0.000,0.062) (0.000,0.132) (0.000,0.060) 
 58      139    (0)    1 :  0.006 0.017 0.919 0.009 0.011 0.009 0.008 0.008 0.006 0.007     (0.000,0.031) (0.000,0.061) (0.698,1.000) (0.000,0.050) (0.000,0.070) (0.000,0.060) (0.000,0.047) (0.000,0.045) (0.000,0.034) (0.000,0.041) 
 59      140    (0)    1 :  0.040 0.132 0.051 0.009 0.019 0.004 0.020 0.686 0.005 0.033     (0.000,0.299) (0.000,0.740) (0.000,0.328) (0.000,0.054) (0.000,0.120) (0.000,0.023) (0.000,0.135) (0.113,0.999) (0.000,0.028) (0.000,0.241) 
 60      142    (0)    1 :  0.019 0.222 0.667 0.015 0.009 0.003 0.006 0.009 0.012 0.036     (0.000,0.129) (0.000,0.927) (0.000,1.000) (0.000,0.098) (0.000,0.049) (0.000,0.017) (0.000,0.033) (0.000,0.056) (0.000,0.075) (0.000,0.268) 
 61      144    (0)    1 :  0.006 0.006 0.005 0.005 0.005 0.004 0.004 0.955 0.004 0.007     (0.000,0.038) (0.000,0.031) (0.000,0.028) (0.000,0.024) (0.000,0.024) (0.000,0.021) (0.000,0.022) (0.814,1.000) (0.000,0.020) (0.000,0.042) 
 62      145    (0)    1 :  0.012 0.787 0.151 0.015 0.006 0.006 0.005 0.007 0.004 0.007     (0.000,0.044) (0.000,1.000) (0.000,0.988) (0.000,0.075) (0.000,0.034) (0.000,0.029) (0.000,0.025) (0.000,0.040) (0.000,0.024) (0.000,0.037) 
 63      147    (0)    1 :  0.006 0.010 0.023 0.012 0.005 0.012 0.006 0.917 0.004 0.004     (0.000,0.033) (0.000,0.058) (0.000,0.166) (0.000,0.074) (0.000,0.030) (0.000,0.082) (0.000,0.038) (0.676,1.000) (0.000,0.024) (0.000,0.020) 
 64      160    (0)    1 :  0.005 0.005 0.004 0.005 0.006 0.004 0.007 0.004 0.952 0.007     (0.000,0.028) (0.000,0.025) (0.000,0.021) (0.000,0.029) (0.000,0.034) (0.000,0.021) (0.000,0.041) (0.000,0.025) (0.804,1.000) (0.000,0.039) 
 65     162*    (0)    1 :  0.005 0.011 0.007 0.018 0.005 0.006 0.925 0.006 0.011 0.005     (0.000,0.029) (0.000,0.066) (0.000,0.040) (0.000,0.115) (0.000,0.029) (0.000,0.031) (0.692,1.000) (0.000,0.034) (0.000,0.063) (0.000,0.026) 
 66      166    (0)    1 :  0.913 0.019 0.010 0.006 0.005 0.007 0.006 0.019 0.004 0.011     (0.643,1.000) (0.000,0.100) (0.000,0.053) (0.000,0.030) (0.000,0.026) (0.000,0.036) (0.000,0.032) (0.000,0.106) (0.000,0.024) (0.000,0.062) 
 67      177    (0)    1 :  0.005 0.006 0.963 0.004 0.004 0.003 0.004 0.004 0.004 0.004     (0.000,0.029) (0.000,0.031) (0.844,1.000) (0.000,0.019) (0.000,0.021) (0.000,0.017) (0.000,0.019) (0.000,0.020) (0.000,0.020) (0.000,0.022) 
 68      178    (0)    1 :  0.028 0.025 0.824 0.010 0.010 0.038 0.014 0.016 0.027 0.008     (0.000,0.209) (0.000,0.161) (0.462,1.000) (0.000,0.062) (0.000,0.063) (0.000,0.237) (0.000,0.093) (0.000,0.109) (0.000,0.200) (0.000,0.046) 
 69      186    (0)    1 :  0.005 0.005 0.004 0.005 0.004 0.003 0.005 0.003 0.005 0.961     (0.000,0.026) (0.000,0.025) (0.000,0.020) (0.000,0.026) (0.000,0.022) (0.000,0.017) (0.000,0.026) (0.000,0.018) (0.000,0.029) (0.834,1.000) 
 70      189    (0)    1 :  0.004 0.010 0.007 0.854 0.007 0.005 0.089 0.004 0.013 0.007     (0.000,0.023) (0.000,0.061) (0.000,0.039) (0.110,1.000) (0.000,0.034) (0.000,0.025) (0.000,0.726) (0.000,0.020) (0.000,0.086) (0.000,0.041) 
 71      190    (0)    1 :  0.029 0.025 0.013 0.034 0.013 0.039 0.740 0.008 0.061 0.038     (0.000,0.213) (0.000,0.176) (0.000,0.082) (0.000,0.232) (0.000,0.086) (0.000,0.258) (0.167,0.999) (0.000,0.046) (0.000,0.425) (0.000,0.273) 
 72      191    (0)    1 :  0.008 0.024 0.013 0.674 0.008 0.005 0.013 0.016 0.013 0.226     (0.000,0.044) (0.000,0.171) (0.000,0.089) (0.011,0.999) (0.000,0.047) (0.000,0.026) (0.000,0.071) (0.000,0.101) (0.000,0.079) (0.000,0.697) 
 73      193    (0)    1 :  0.034 0.761 0.107 0.032 0.009 0.005 0.009 0.011 0.012 0.020     (0.000,0.176) (0.000,1.000) (0.000,0.904) (0.000,0.213) (0.000,0.052) (0.000,0.027) (0.000,0.048) (0.000,0.069) (0.000,0.078) (0.000,0.134) 
 74      202    (0)    1 :  0.134 0.081 0.009 0.023 0.064 0.042 0.370 0.009 0.255 0.013     (0.000,0.731) (0.000,0.522) (0.000,0.052) (0.000,0.161) (0.000,0.432) (0.000,0.265) (0.000,0.831) (0.000,0.049) (0.000,0.689) (0.000,0.078) 
 75      204    (0)    1 :  0.005 0.005 0.004 0.008 0.004 0.003 0.875 0.006 0.008 0.083     (0.000,0.028) (0.000,0.026) (0.000,0.019) (0.000,0.044) (0.000,0.023) (0.000,0.016) (0.354,1.000) (0.000,0.033) (0.000,0.042) (0.000,0.596) 
 76      211    (0)    1 :  0.725 0.026 0.057 0.010 0.016 0.017 0.013 0.058 0.065 0.014     (0.181,0.999) (0.000,0.149) (0.000,0.311) (0.000,0.055) (0.000,0.097) (0.000,0.118) (0.000,0.077) (0.000,0.394) (0.000,0.435) (0.000,0.094) 
 77      216    (0)    1 :  0.362 0.043 0.032 0.008 0.006 0.014 0.006 0.508 0.016 0.005     (0.000,0.821) (0.000,0.296) (0.000,0.211) (0.000,0.045) (0.000,0.030) (0.000,0.086) (0.000,0.032) (0.000,0.991) (0.000,0.109) (0.000,0.024) 
 78      222    (0)    1 :  0.012 0.075 0.008 0.424 0.018 0.010 0.004 0.439 0.004 0.005     (0.000,0.071) (0.000,0.587) (0.000,0.044) (0.000,0.889) (0.000,0.126) (0.000,0.056) (0.000,0.022) (0.000,0.995) (0.000,0.021) (0.000,0.028) 
 79      224    (0)    1 :  0.005 0.007 0.005 0.936 0.007 0.004 0.013 0.006 0.011 0.007     (0.000,0.025) (0.000,0.041) (0.000,0.026) (0.738,1.000) (0.000,0.036) (0.000,0.021) (0.000,0.067) (0.000,0.031) (0.000,0.071) (0.000,0.036) 
 80      226    (0)    1 :  0.012 0.007 0.005 0.005 0.008 0.003 0.013 0.005 0.005 0.937     (0.000,0.076) (0.000,0.040) (0.000,0.027) (0.000,0.025) (0.000,0.047) (0.000,0.018) (0.000,0.083) (0.000,0.025) (0.000,0.028) (0.743,1.000) 
 81      229    (0)    1 :  0.019 0.054 0.021 0.104 0.022 0.169 0.510 0.020 0.061 0.019     (0.000,0.130) (0.000,0.348) (0.000,0.151) (0.000,0.836) (0.000,0.140) (0.000,0.688) (0.000,0.990) (0.000,0.137) (0.000,0.453) (0.000,0.134) 
 82      230    (0)    1 :  0.012 0.022 0.049 0.135 0.028 0.009 0.658 0.017 0.035 0.036     (0.000,0.075) (0.000,0.145) (0.000,0.308) (0.000,0.851) (0.000,0.186) (0.000,0.047) (0.000,0.999) (0.000,0.119) (0.000,0.249) (0.000,0.263) 
 83      232    (0)    1 :  0.062 0.292 0.058 0.128 0.029 0.013 0.034 0.014 0.254 0.116     (0.000,0.441) (0.000,0.937) (0.000,0.403) (0.000,0.717) (0.000,0.198) (0.000,0.059) (0.000,0.245) (0.000,0.089) (0.000,0.710) (0.000,0.570) 
 84      238    (0)    1 :  0.032 0.126 0.127 0.023 0.579 0.016 0.053 0.031 0.008 0.006     (0.000,0.236) (0.000,0.664) (0.000,0.526) (0.000,0.149) (0.000,0.994) (0.000,0.107) (0.000,0.346) (0.000,0.223) (0.000,0.044) (0.000,0.035) 
 85      242    (0)    1 :  0.009 0.006 0.004 0.009 0.922 0.026 0.005 0.008 0.004 0.006     (0.000,0.058) (0.000,0.029) (0.000,0.021) (0.000,0.058) (0.694,1.000) (0.000,0.186) (0.000,0.029) (0.000,0.048) (0.000,0.023) (0.000,0.032) 
 86      243    (0)    1 :  0.060 0.064 0.022 0.010 0.779 0.009 0.009 0.016 0.008 0.024     (0.000,0.386) (0.000,0.439) (0.000,0.155) (0.000,0.058) (0.356,1.000) (0.000,0.050) (0.000,0.052) (0.000,0.099) (0.000,0.043) (0.000,0.174) 
 87      244    (0)    1 :  0.024 0.021 0.236 0.012 0.648 0.016 0.019 0.007 0.011 0.006     (0.000,0.168) (0.000,0.110) (0.000,0.694) (0.000,0.077) (0.149,0.998) (0.000,0.091) (0.000,0.135) (0.000,0.039) (0.000,0.068) (0.000,0.035) 
 88      251    (0)    1 :  0.019 0.084 0.024 0.038 0.587 0.043 0.075 0.014 0.108 0.008     (0.000,0.121) (0.000,0.586) (0.000,0.170) (0.000,0.275) (0.000,0.997) (0.000,0.276) (0.000,0.507) (0.000,0.084) (0.000,0.544) (0.000,0.045) 
 89      266    (0)    1 :  0.200 0.062 0.476 0.008 0.154 0.056 0.017 0.010 0.006 0.011     (0.000,0.694) (0.000,0.454) (0.000,0.887) (0.000,0.043) (0.000,0.573) (0.000,0.328) (0.000,0.119) (0.000,0.064) (0.000,0.036) (0.000,0.069) 
 90      267    (0)    1 :  0.106 0.141 0.010 0.010 0.019 0.013 0.026 0.623 0.006 0.047     (0.000,0.546) (0.000,0.970) (0.000,0.061) (0.000,0.057) (0.000,0.125) (0.000,0.088) (0.000,0.188) (0.000,0.999) (0.000,0.034) (0.000,0.322) 
 91      268    (0)    1 :  0.275 0.062 0.396 0.005 0.009 0.101 0.005 0.097 0.044 0.007     (0.000,0.960) (0.000,0.508) (0.000,0.974) (0.000,0.027) (0.000,0.044) (0.000,0.544) (0.000,0.026) (0.000,0.622) (0.000,0.305) (0.000,0.038) 
 92      270    (0)    1 :  0.010 0.014 0.006 0.229 0.020 0.010 0.619 0.025 0.036 0.031     (0.000,0.057) (0.000,0.095) (0.000,0.031) (0.000,0.845) (0.000,0.136) (0.000,0.064) (0.000,0.998) (0.000,0.177) (0.000,0.276) (0.000,0.229) 
 93      276    (0)    1 :  0.023 0.043 0.022 0.642 0.013 0.008 0.018 0.026 0.026 0.179     (0.000,0.159) (0.000,0.327) (0.000,0.157) (0.000,1.000) (0.000,0.078) (0.000,0.049) (0.000,0.105) (0.000,0.193) (0.000,0.188) (0.000,0.690) 
 94      298    (7)    1 :  0.085 0.023 0.149 0.009 0.012 0.030 0.007 0.650 0.012 0.023     (0.000,0.505) (0.000,0.149) (0.000,0.642) (0.000,0.049) (0.000,0.072) (0.000,0.222) (0.000,0.038) (0.080,0.996) (0.000,0.077) (0.000,0.169) 
 95      306    (0)    1 :  0.595 0.318 0.020 0.016 0.013 0.008 0.005 0.011 0.006 0.008     (0.222,0.985) (0.000,0.716) (0.000,0.133) (0.000,0.113) (0.000,0.079) (0.000,0.048) (0.000,0.025) (0.000,0.069) (0.000,0.030) (0.000,0.045) 
 96      308    (0)    1 :  0.043 0.073 0.611 0.025 0.039 0.012 0.014 0.087 0.087 0.008     (0.000,0.296) (0.000,0.499) (0.000,0.995) (0.000,0.181) (0.000,0.283) (0.000,0.077) (0.000,0.092) (0.000,0.532) (0.000,0.427) (0.000,0.047) 
 97      311    (7)    1 :  0.038 0.673 0.011 0.017 0.054 0.015 0.048 0.124 0.013 0.007     (0.000,0.270) (0.000,1.000) (0.000,0.060) (0.000,0.106) (0.000,0.355) (0.000,0.096) (0.000,0.347) (0.000,0.740) (0.000,0.088) (0.000,0.039) 
 98      323    (0)    1 :  0.005 0.006 0.004 0.007 0.008 0.005 0.009 0.007 0.005 0.945     (0.000,0.027) (0.000,0.029) (0.000,0.022) (0.000,0.037) (0.000,0.043) (0.000,0.026) (0.000,0.051) (0.000,0.043) (0.000,0.025) (0.776,1.000) 
 99      327    (0)    1 :  0.041 0.029 0.007 0.039 0.018 0.025 0.531 0.009 0.283 0.018     (0.000,0.295) (0.000,0.200) (0.000,0.039) (0.000,0.293) (0.000,0.115) (0.000,0.165) (0.000,0.971) (0.000,0.051) (0.000,0.753) (0.000,0.120) 
100      334    (0)    1 :  0.005 0.004 0.004 0.005 0.006 0.956 0.004 0.006 0.006 0.003     (0.000,0.024) (0.000,0.021) (0.000,0.022) (0.000,0.027) (0.000,0.032) (0.821,1.000) (0.000,0.024) (0.000,0.036) (0.000,0.035) (0.000,0.017) 
101      338    (0)    1 :  0.081 0.572 0.016 0.031 0.018 0.009 0.040 0.186 0.029 0.018     (0.000,0.513) (0.000,0.998) (0.000,0.100) (0.000,0.216) (0.000,0.114) (0.000,0.053) (0.000,0.292) (0.000,0.883) (0.000,0.209) (0.000,0.120) 
102      341    (0)    1 :  0.030 0.008 0.005 0.007 0.012 0.006 0.011 0.006 0.007 0.908     (0.000,0.208) (0.000,0.046) (0.000,0.029) (0.000,0.038) (0.000,0.072) (0.000,0.036) (0.000,0.063) (0.000,0.032) (0.000,0.038) (0.644,1.000) 
103      346    (0)    1 :  0.562 0.025 0.334 0.007 0.007 0.005 0.012 0.006 0.030 0.011     (0.000,0.999) (0.000,0.145) (0.000,0.992) (0.000,0.037) (0.000,0.038) (0.000,0.025) (0.000,0.075) (0.000,0.031) (0.000,0.222) (0.000,0.063) 
104      348    (0)    1 :  0.010 0.161 0.187 0.018 0.019 0.013 0.008 0.569 0.007 0.007     (0.000,0.059) (0.000,0.662) (0.000,0.693) (0.000,0.123) (0.000,0.132) (0.000,0.086) (0.000,0.047) (0.000,0.994) (0.000,0.040) (0.000,0.040) 
105      351    (0)    1 :  0.503 0.019 0.014 0.014 0.212 0.168 0.007 0.009 0.039 0.015     (0.000,0.998) (0.000,0.115) (0.000,0.080) (0.000,0.081) (0.000,0.930) (0.000,0.743) (0.000,0.036) (0.000,0.051) (0.000,0.280) (0.000,0.096) 
106      362    (0)    1 :  0.006 0.006 0.005 0.008 0.005 0.004 0.905 0.006 0.023 0.032     (0.000,0.035) (0.000,0.034) (0.000,0.026) (0.000,0.043) (0.000,0.026) (0.000,0.020) (0.600,1.000) (0.000,0.032) (0.000,0.163) (0.000,0.216) 
107      364    (0)    1 :  0.028 0.017 0.010 0.007 0.886 0.018 0.006 0.007 0.011 0.011     (0.000,0.198) (0.000,0.112) (0.000,0.056) (0.000,0.040) (0.594,1.000) (0.000,0.132) (0.000,0.031) (0.000,0.041) (0.000,0.069) (0.000,0.069) 
108      366    (0)    1 :  0.034 0.011 0.007 0.008 0.882 0.005 0.017 0.019 0.007 0.010     (0.000,0.244) (0.000,0.061) (0.000,0.037) (0.000,0.044) (0.556,1.000) (0.000,0.027) (0.000,0.112) (0.000,0.129) (0.000,0.043) (0.000,0.057) 
109      376    (0)    1 :  0.010 0.017 0.016 0.017 0.006 0.004 0.025 0.003 0.016 0.885     (0.000,0.058) (0.000,0.122) (0.000,0.114) (0.000,0.116) (0.000,0.033) (0.000,0.022) (0.000,0.172) (0.000,0.017) (0.000,0.104) (0.609,1.000) 
110      377    (7)    1 :  0.013 0.035 0.007 0.713 0.008 0.005 0.034 0.009 0.163 0.012     (0.000,0.077) (0.000,0.254) (0.000,0.035) (0.000,1.000) (0.000,0.041) (0.000,0.026) (0.000,0.213) (0.000,0.055) (0.000,0.849) (0.000,0.072) 
111      378    (0)    1 :  0.016 0.013 0.014 0.008 0.005 0.005 0.009 0.005 0.912 0.013     (0.000,0.096) (0.000,0.086) (0.000,0.098) (0.000,0.042) (0.000,0.026) (0.000,0.027) (0.000,0.044) (0.000,0.029) (0.676,1.000) (0.000,0.093) 
112      388    (0)    1 :  0.242 0.182 0.011 0.037 0.017 0.033 0.013 0.426 0.029 0.010     (0.000,0.905) (0.000,0.984) (0.000,0.065) (0.000,0.284) (0.000,0.106) (0.000,0.240) (0.000,0.077) (0.000,0.996) (0.000,0.214) (0.000,0.064) 
113      391    (0)    1 :  0.291 0.083 0.008 0.011 0.011 0.005 0.007 0.015 0.136 0.432     (0.000,0.892) (0.000,0.545) (0.000,0.048) (0.000,0.063) (0.000,0.064) (0.000,0.022) (0.000,0.043) (0.000,0.098) (0.000,0.512) (0.000,0.844) 
114      396   (14)    1 :  0.033 0.106 0.015 0.243 0.010 0.036 0.476 0.013 0.019 0.048     (0.000,0.239) (0.000,0.527) (0.000,0.101) (0.000,0.976) (0.000,0.054) (0.000,0.245) (0.000,0.991) (0.000,0.080) (0.000,0.128) (0.000,0.342) 
115      400   (14)    1 :  0.007 0.008 0.007 0.691 0.053 0.022 0.029 0.006 0.171 0.006     (0.000,0.039) (0.000,0.041) (0.000,0.036) (0.000,1.000) (0.000,0.357) (0.000,0.153) (0.000,0.160) (0.000,0.034) (0.000,0.764) (0.000,0.035) 
116      401    (0)    1 :  0.008 0.156 0.124 0.006 0.102 0.025 0.522 0.006 0.008 0.043     (0.000,0.044) (0.000,0.630) (0.000,0.515) (0.000,0.032) (0.000,0.524) (0.000,0.173) (0.017,0.926) (0.000,0.031) (0.000,0.045) (0.000,0.338) 
117      406    (0)    1 :  0.251 0.403 0.032 0.016 0.067 0.011 0.018 0.065 0.014 0.122     (0.000,0.945) (0.000,0.996) (0.000,0.221) (0.000,0.104) (0.000,0.470) (0.000,0.052) (0.000,0.123) (0.000,0.443) (0.000,0.089) (0.000,0.630) 
118      412    (7)    1 :  0.109 0.735 0.019 0.016 0.016 0.008 0.030 0.025 0.021 0.020     (0.000,0.861) (0.000,1.000) (0.000,0.094) (0.000,0.100) (0.000,0.087) (0.000,0.035) (0.000,0.219) (0.000,0.132) (0.000,0.147) (0.000,0.141) 
119      413    (0)    1 :  0.013 0.651 0.133 0.028 0.023 0.111 0.016 0.016 0.006 0.004     (0.000,0.066) (0.000,0.999) (0.000,0.842) (0.000,0.175) (0.000,0.167) (0.000,0.442) (0.000,0.101) (0.000,0.104) (0.000,0.031) (0.000,0.020) 
120      421    (0)    1 :  0.018 0.023 0.012 0.846 0.008 0.008 0.054 0.010 0.007 0.013     (0.000,0.129) (0.000,0.160) (0.000,0.074) (0.461,1.000) (0.000,0.042) (0.000,0.039) (0.000,0.341) (0.000,0.062) (0.000,0.042) (0.000,0.088) 
121      423    (0)    1 :  0.005 0.021 0.005 0.890 0.010 0.005 0.023 0.013 0.007 0.021     (0.000,0.030) (0.000,0.109) (0.000,0.028) (0.594,1.000) (0.000,0.051) (0.000,0.026) (0.000,0.156) (0.000,0.084) (0.000,0.038) (0.000,0.148) 
122      424    (0)    1 :  0.418 0.317 0.015 0.012 0.023 0.008 0.010 0.016 0.017 0.163     (0.000,0.998) (0.000,0.987) (0.000,0.089) (0.000,0.073) (0.000,0.150) (0.000,0.046) (0.000,0.059) (0.000,0.103) (0.000,0.110) (0.000,0.767) 
123      426    (0)    1 :  0.127 0.045 0.022 0.043 0.030 0.015 0.027 0.010 0.610 0.071     (0.000,0.859) (0.000,0.326) (0.000,0.154) (0.000,0.295) (0.000,0.213) (0.000,0.098) (0.000,0.192) (0.000,0.058) (0.000,0.997) (0.000,0.434) 
124      430    (7)    1 :  0.371 0.499 0.034 0.014 0.006 0.014 0.010 0.021 0.012 0.020     (0.000,0.993) (0.000,0.997) (0.000,0.233) (0.000,0.073) (0.000,0.032) (0.000,0.089) (0.000,0.050) (0.000,0.138) (0.000,0.072) (0.000,0.134) 
125      435    (0)    1 :  0.015 0.325 0.574 0.026 0.005 0.004 0.005 0.028 0.013 0.005     (0.000,0.085) (0.000,0.914) (0.000,0.998) (0.000,0.189) (0.000,0.025) (0.000,0.022) (0.000,0.027) (0.000,0.186) (0.000,0.088) (0.000,0.027) 
126      476    (0)    1 :  0.009 0.016 0.021 0.019 0.026 0.005 0.203 0.004 0.013 0.684     (0.000,0.052) (0.000,0.113) (0.000,0.151) (0.000,0.124) (0.000,0.179) (0.000,0.026) (0.000,0.654) (0.000,0.023) (0.000,0.084) (0.262,0.997) 
127      478    (0)    1 :  0.013 0.015 0.006 0.194 0.022 0.011 0.084 0.009 0.015 0.631     (0.000,0.085) (0.000,0.102) (0.000,0.031) (0.000,0.844) (0.000,0.166) (0.000,0.067) (0.000,0.469) (0.000,0.054) (0.000,0.101) (0.000,0.988) 
128      484    (0)    1 :  0.228 0.150 0.041 0.008 0.006 0.024 0.008 0.504 0.010 0.021     (0.000,0.781) (0.000,0.960) (0.000,0.289) (0.000,0.044) (0.000,0.035) (0.000,0.152) (0.000,0.048) (0.000,0.992) (0.000,0.059) (0.000,0.148) 
129      489    (0)    1 :  0.045 0.100 0.007 0.431 0.006 0.006 0.007 0.062 0.328 0.008     (0.000,0.338) (0.000,0.638) (0.000,0.034) (0.000,0.997) (0.000,0.031) (0.000,0.031) (0.000,0.038) (0.000,0.415) (0.000,0.963) (0.000,0.047) 
130      492   (14)    1 :  0.006 0.005 0.004 0.003 0.004 0.964 0.004 0.004 0.004 0.004     (0.000,0.031) (0.000,0.025) (0.000,0.020) (0.000,0.018) (0.000,0.020) (0.848,1.000) (0.000,0.019) (0.000,0.022) (0.000,0.019) (0.000,0.020) 
131      493    (0)    1 :  0.008 0.015 0.006 0.007 0.930 0.005 0.009 0.006 0.009 0.006     (0.000,0.046) (0.000,0.103) (0.000,0.035) (0.000,0.038) (0.723,1.000) (0.000,0.024) (0.000,0.055) (0.000,0.033) (0.000,0.054) (0.000,0.034) 
132      494    (0)    1 :  0.006 0.012 0.007 0.028 0.875 0.010 0.011 0.008 0.034 0.011     (0.000,0.034) (0.000,0.054) (0.000,0.042) (0.000,0.205) (0.553,1.000) (0.000,0.060) (0.000,0.070) (0.000,0.048) (0.000,0.247) (0.000,0.066) 
133      500    (0)    1 :  0.006 0.005 0.004 0.065 0.009 0.003 0.866 0.004 0.008 0.029     (0.000,0.033) (0.000,0.028) (0.000,0.022) (0.000,0.437) (0.000,0.053) (0.000,0.016) (0.440,1.000) (0.000,0.022) (0.000,0.049) (0.000,0.191) 
134      504    (0)    1 :  0.074 0.101 0.023 0.019 0.031 0.084 0.060 0.538 0.058 0.012     (0.000,0.475) (0.000,0.764) (0.000,0.154) (0.000,0.129) (0.000,0.221) (0.000,0.454) (0.000,0.360) (0.000,0.973) (0.000,0.340) (0.000,0.075) 
135      506    (0)    1 :  0.009 0.038 0.004 0.006 0.005 0.004 0.041 0.876 0.005 0.012     (0.000,0.050) (0.000,0.278) (0.000,0.020) (0.000,0.032) (0.000,0.026) (0.000,0.019) (0.000,0.294) (0.480,1.000) (0.000,0.028) (0.000,0.072) 


Estimated Allele Frequencies in each cluster
First column gives estimated ancestral frequencies


Locus 1 : Rsu5 
5 alleles
1.5% missing data
 137   (0.751) 0.863 0.845 0.809 0.955 0.683 0.243 0.942 0.342 0.927 0.973 
 135   (0.081) 0.102 0.061 0.046 0.016 0.122 0.015 0.010 0.014 0.037 0.014 
 139   (0.095) 0.019 0.055 0.053 0.015 0.155 0.730 0.041 0.011 0.031 0.008 
 133   (0.023) 0.003 0.003 0.003 0.003 0.026 0.004 0.003 0.002 0.002 0.002 
 131   (0.050) 0.014 0.035 0.088 0.010 0.014 0.008 0.006 0.631 0.004 0.003 

Locus 2 : Scv1 
5 alleles
0.7% missing data
 181   (0.522) 0.372 0.354 0.370 0.497 0.704 0.151 0.668 0.381 0.809 0.957 
 179   (0.194) 0.389 0.115 0.262 0.205 0.124 0.760 0.086 0.094 0.100 0.017 
 177   (0.113) 0.200 0.321 0.037 0.085 0.062 0.037 0.020 0.172 0.076 0.012 
 185   (0.145) 0.035 0.205 0.328 0.208 0.067 0.046 0.223 0.350 0.012 0.011 
 171   (0.026) 0.003 0.006 0.004 0.004 0.042 0.006 0.004 0.003 0.003 0.002 

Locus 3 : Rsu4 
9 alleles
0.0% missing data
 267   (0.205) 0.047 0.068 0.095 0.301 0.276 0.695 0.267 0.116 0.089 0.143 
 263   (0.344) 0.384 0.636 0.331 0.318 0.252 0.153 0.254 0.385 0.776 0.516 
 259   (0.063) 0.012 0.010 0.008 0.307 0.018 0.013 0.072 0.007 0.071 0.226 
 287   (0.160) 0.460 0.188 0.071 0.034 0.133 0.035 0.329 0.147 0.032 0.098 
 275   (0.034) 0.009 0.006 0.013 0.005 0.120 0.009 0.004 0.003 0.002 0.002 
 279   (0.064) 0.022 0.021 0.290 0.010 0.084 0.040 0.021 0.009 0.013 0.005 
 283   (0.071) 0.054 0.057 0.183 0.014 0.045 0.036 0.008 0.327 0.006 0.005 
 291   (0.034) 0.010 0.009 0.005 0.008 0.026 0.016 0.043 0.004 0.008 0.002 
 271   (0.026) 0.003 0.004 0.003 0.004 0.046 0.004 0.003 0.003 0.002 0.002 

Locus 4 : Rsu6 
5 alleles
0.0% missing data
 120   (0.262) 0.429 0.187 0.218 0.326 0.209 0.121 0.158 0.068 0.563 0.302 
 126   (0.610) 0.555 0.790 0.763 0.607 0.637 0.841 0.498 0.917 0.364 0.557 
 124   (0.080) 0.010 0.016 0.013 0.032 0.058 0.031 0.338 0.011 0.069 0.138 
 130   (0.025) 0.003 0.004 0.003 0.003 0.090 0.004 0.003 0.002 0.002 0.002 
 114   (0.022) 0.003 0.004 0.003 0.031 0.007 0.004 0.004 0.002 0.002 0.002 

Locus 5 : Scv23 
3 alleles
1.5% missing data
 158   (0.537) 0.501 0.571 0.559 0.784 0.455 0.547 0.703 0.821 0.442 0.348 
 164   (0.183) 0.285 0.109 0.033 0.049 0.256 0.377 0.070 0.097 0.070 0.459 
 160   (0.280) 0.214 0.320 0.409 0.167 0.290 0.076 0.227 0.082 0.487 0.193 

Locus 6 : Scv13 
5 alleles
0.0% missing data
 182   (0.748) 0.931 0.874 0.493 0.914 0.669 0.949 0.892 0.899 0.976 0.795 
 180   (0.086) 0.016 0.030 0.014 0.062 0.122 0.020 0.064 0.009 0.011 0.180 
 172   (0.074) 0.036 0.042 0.317 0.011 0.062 0.012 0.009 0.080 0.006 0.006 
 184   (0.058) 0.009 0.039 0.015 0.009 0.125 0.011 0.030 0.008 0.005 0.017 
 174   (0.035) 0.009 0.015 0.161 0.005 0.021 0.007 0.004 0.004 0.002 0.002 

Locus 7 : Scv32 
18 alleles
0.7% missing data
 236   (0.025) 0.005 0.005 0.005 0.004 0.144 0.007 0.003 0.003 0.002 0.002 
 238   (0.044) 0.279 0.039 0.006 0.006 0.020 0.013 0.005 0.064 0.004 0.003 
 234   (0.151) 0.275 0.416 0.652 0.040 0.070 0.109 0.025 0.070 0.076 0.360 
 246   (0.064) 0.009 0.016 0.014 0.197 0.018 0.022 0.162 0.009 0.011 0.319 
 248   (0.095) 0.086 0.025 0.013 0.232 0.100 0.347 0.026 0.020 0.423 0.008 
 262   (0.108) 0.050 0.160 0.030 0.085 0.053 0.139 0.365 0.028 0.170 0.013 
 232   (0.162) 0.048 0.173 0.039 0.264 0.371 0.047 0.033 0.556 0.014 0.145 
 250   (0.031) 0.047 0.010 0.004 0.005 0.009 0.007 0.005 0.003 0.262 0.004 
 228   (0.022) 0.003 0.006 0.004 0.004 0.037 0.008 0.005 0.003 0.003 0.002 
 220   (0.038) 0.007 0.009 0.005 0.013 0.012 0.012 0.325 0.004 0.005 0.062 
 264   (0.055) 0.125 0.025 0.018 0.015 0.054 0.015 0.007 0.006 0.007 0.042 
 252   (0.044) 0.010 0.019 0.099 0.009 0.013 0.010 0.019 0.092 0.004 0.004 
 254   (0.048) 0.037 0.011 0.088 0.007 0.014 0.236 0.005 0.091 0.005 0.003 
 242   (0.024) 0.003 0.004 0.003 0.003 0.046 0.005 0.002 0.002 0.002 0.002 
 266   (0.019) 0.005 0.066 0.003 0.003 0.006 0.005 0.003 0.028 0.001 0.001 
 244   (0.026) 0.003 0.008 0.003 0.107 0.008 0.009 0.004 0.016 0.008 0.002 
 226   (0.021) 0.003 0.003 0.003 0.003 0.006 0.005 0.003 0.002 0.002 0.026 
 240   (0.022) 0.003 0.004 0.008 0.003 0.021 0.005 0.002 0.002 0.002 0.001 

Locus 8 : Scv8 
6 alleles
0.7% missing data
 200   (0.626) 0.835 0.618 0.404 0.500 0.634 0.863 0.825 0.602 0.809 0.835 
 202   (0.093) 0.086 0.095 0.042 0.028 0.169 0.038 0.011 0.063 0.007 0.007 
 194   (0.095) 0.040 0.212 0.055 0.195 0.042 0.027 0.015 0.010 0.027 0.145 
 204   (0.049) 0.009 0.019 0.008 0.019 0.022 0.034 0.045 0.005 0.139 0.004 
 198   (0.071) 0.010 0.015 0.014 0.248 0.098 0.019 0.097 0.007 0.013 0.005 
 188   (0.067) 0.020 0.042 0.477 0.009 0.035 0.020 0.007 0.313 0.005 0.004 

Locus 9 : Scv9 
5 alleles
0.0% missing data
 198   (0.315) 0.758 0.319 0.539 0.118 0.189 0.488 0.120 0.322 0.481 0.435 
 200   (0.354) 0.121 0.149 0.108 0.356 0.516 0.412 0.626 0.361 0.408 0.359 
 196   (0.265) 0.109 0.515 0.210 0.515 0.276 0.089 0.246 0.304 0.106 0.031 
 204   (0.045) 0.009 0.012 0.113 0.008 0.013 0.007 0.005 0.008 0.004 0.173 
 202   (0.022) 0.003 0.005 0.029 0.003 0.006 0.004 0.003 0.005 0.002 0.002 

Locus 10 : Rsu1 
6 alleles
0.0% missing data
 189   (0.270) 0.224 0.316 0.280 0.047 0.502 0.435 0.102 0.075 0.043 0.504 
 185   (0.283) 0.471 0.448 0.115 0.350 0.186 0.456 0.106 0.805 0.072 0.160 
 177   (0.080) 0.014 0.023 0.038 0.097 0.044 0.029 0.170 0.074 0.012 0.010 
 181   (0.245) 0.265 0.191 0.550 0.306 0.233 0.049 0.202 0.034 0.803 0.040 
 193   (0.071) 0.019 0.015 0.010 0.156 0.020 0.024 0.296 0.007 0.065 0.059 
 197   (0.052) 0.006 0.008 0.007 0.044 0.014 0.008 0.123 0.005 0.004 0.228 

Locus 11 : Scv14 
7 alleles
4.4% missing data
 196   (0.582) 0.434 0.745 0.665 0.683 0.504 0.122 0.843 0.619 0.923 0.936 
 198   (0.068) 0.370 0.015 0.051 0.009 0.094 0.019 0.008 0.024 0.006 0.005 
 194   (0.122) 0.029 0.086 0.177 0.231 0.200 0.031 0.017 0.027 0.041 0.019 
 202   (0.162) 0.146 0.138 0.083 0.067 0.158 0.811 0.114 0.324 0.017 0.034 
 204   (0.022) 0.003 0.004 0.003 0.003 0.025 0.004 0.002 0.002 0.002 0.002 
 190   (0.023) 0.008 0.007 0.003 0.004 0.008 0.007 0.013 0.002 0.009 0.002 
 200   (0.022) 0.010 0.005 0.018 0.003 0.010 0.008 0.003 0.002 0.002 0.002 

Locus 12 : Scv16 
7 alleles
0.0% missing data
 182   (0.408) 0.482 0.637 0.544 0.588 0.231 0.857 0.571 0.241 0.794 0.188 
 184   (0.402) 0.451 0.321 0.178 0.221 0.558 0.103 0.353 0.699 0.191 0.787 
 188   (0.068) 0.009 0.011 0.009 0.174 0.144 0.012 0.062 0.008 0.006 0.016 
 200   (0.022) 0.003 0.003 0.003 0.003 0.025 0.004 0.002 0.002 0.002 0.002 
 198   (0.042) 0.038 0.013 0.163 0.006 0.012 0.014 0.005 0.024 0.004 0.003 
 190   (0.035) 0.015 0.008 0.097 0.005 0.010 0.006 0.004 0.022 0.003 0.003 
 186   (0.023) 0.003 0.006 0.006 0.003 0.020 0.004 0.003 0.003 0.002 0.002 

Locus 13 : Scv31 
15 alleles
3.0% missing data
 193   (0.105) 0.358 0.073 0.040 0.019 0.081 0.096 0.050 0.096 0.589 0.013 
 201   (0.097) 0.019 0.023 0.015 0.038 0.228 0.069 0.061 0.081 0.078 0.017 
 187   (0.081) 0.015 0.037 0.012 0.028 0.024 0.030 0.431 0.136 0.079 0.286 
 207   (0.042) 0.005 0.008 0.006 0.076 0.011 0.008 0.008 0.005 0.003 0.373 
 195   (0.061) 0.010 0.059 0.023 0.314 0.018 0.014 0.013 0.205 0.013 0.006 
 185   (0.184) 0.443 0.264 0.309 0.081 0.136 0.098 0.032 0.142 0.018 0.239 
 189   (0.061) 0.007 0.010 0.008 0.046 0.224 0.014 0.007 0.006 0.179 0.004 
 205   (0.022) 0.003 0.005 0.004 0.004 0.020 0.005 0.004 0.003 0.002 0.002 
 191   (0.150) 0.098 0.477 0.477 0.320 0.062 0.048 0.294 0.018 0.022 0.045 
 197   (0.030) 0.004 0.010 0.004 0.006 0.009 0.007 0.005 0.240 0.004 0.004 
 199   (0.058) 0.009 0.015 0.084 0.009 0.074 0.014 0.007 0.055 0.005 0.004 
 203   (0.027) 0.003 0.004 0.004 0.004 0.069 0.007 0.003 0.003 0.002 0.002 
 209   (0.030) 0.020 0.006 0.009 0.005 0.030 0.024 0.003 0.003 0.003 0.002 
 213   (0.022) 0.003 0.003 0.003 0.003 0.006 0.562 0.002 0.002 0.002 0.001 
 181   (0.030) 0.004 0.006 0.004 0.047 0.008 0.006 0.078 0.003 0.002 0.003 

Locus 14 : Scv6 
8 alleles
0.0% missing data
 191   (0.108) 0.021 0.019 0.016 0.051 0.187 0.345 0.220 0.017 0.278 0.008 
 195   (0.382) 0.525 0.395 0.216 0.654 0.319 0.101 0.426 0.616 0.379 0.680 
 197   (0.220) 0.265 0.071 0.385 0.239 0.123 0.067 0.284 0.242 0.314 0.269 
 201   (0.076) 0.101 0.041 0.132 0.014 0.136 0.060 0.010 0.009 0.008 0.005 
 205   (0.023) 0.003 0.003 0.003 0.003 0.047 0.003 0.002 0.002 0.002 0.001 
 193   (0.090) 0.049 0.152 0.195 0.013 0.117 0.037 0.015 0.083 0.007 0.006 
 199   (0.076) 0.033 0.315 0.049 0.023 0.024 0.383 0.040 0.029 0.010 0.028 
 181   (0.025) 0.003 0.004 0.003 0.004 0.046 0.005 0.003 0.003 0.002 0.002 

Values of parameters used in structure:
DATAFILE=M:\STRUCTURE\Squirrel_135_ID_14L_20250816\project_data,	OUTFILE=M:\STRUCTURE\Squirrel_135_ID_14L_20250816\10k_Burnin_100k_MCMC\Results\10k_Burnin_100k_MCMC_run_247,	NUMINDS=135,	NUMLOCI=14,	MISSING=-9,	LABEL=1,	POPDATA=1,	POPFLAG=0,	PHENOTYPE=0,	EXTRACOLS=1,	MAXPOPS=10,	BURNIN=10000,	NUMREPS=100000,	USEPOPINFO=0,	INFERALPHA=1,	INFERLAMBDA=1,	POPSPECIFICLAMBDA=0,	POPALPHAS=0,	COMPUTEPROB=1,	NOADMIX=0,	ADMBURNIN=2500,	UPDATEFREQ=1,	PRINTLIKES=0,	INTERMEDSAVE=0,	PRINTKLD=0,	PRINTNET=0,	PRINTLAMBDA=0,	ANCESTDIST=1,	NUMBOXES=1000,	ANCESTPINT=0.90000,	GENSBACK=2,	MIGRPRIOR=0.05000,	PRINTQHAT=1,	PRINTQSUM=0,	ALPHA=1.0000,	FREQSCORR=1,	FPRIORMEAN=0.0100,	FPRIORSD=0.0500,	ONEFST=0,	LAMBDA=1.0000,	UNIFPRIORALPHA=1,	ALPHAMAX=10.0000,	ALPHAPRIORA=1.0000,	ALPHAPRIORB=2.0000,	ALPHAPROPSD=0.0250,	STARTATPOPINFO=0,	RANDOMIZE=1,	LINKAGE=0,	METROFREQ=10,	REPORTHITRATE=0,	MARKOVPHASE=-1,	PHASED=0,	PLOIDY=2,	PHASEINFO=0	LOCPRIOR=0, 	LOCPRIORINIT=1.000000, 	LOCDATA=0, 	LOCISPOP=0, 	LOCPRIORSTEP=0.100000, 	MAXLOCPRIOR=20.000000, 	SEED=1763655034,	
[STRAT parameters]:    NUMSIMSTATS=1000,	PHENOTYPECOL=-9,	POOLFREQ=10,	LOCUSxONLY=0,	EMERROR=0.00100,	MISSINGPHENO=-9,	