          1*  1 0.0089 0.0477 0.0244 0.8926 0.0100 0.0164 
           3  1 0.0051 0.0060 0.0076 0.0054 0.0059 0.9700 
           6  1 0.0141 0.0084 0.0130 0.0063 0.0176 0.9407 
           8  1 0.0041 0.0120 0.0086 0.0126 0.9382 0.0243 
          10  1 0.0050 0.9068 0.0048 0.0102 0.0597 0.0135 
          11  1 0.0895 0.0245 0.0193 0.7152 0.1224 0.0291 
          12  1 0.0055 0.9732 0.0043 0.0042 0.0062 0.0064 
          16  1 0.0055 0.0074 0.0048 0.0057 0.0146 0.9621 
          18  1 0.0051 0.0080 0.0064 0.9612 0.0100 0.0092 
          19  1 0.0560 0.0158 0.0526 0.7890 0.0713 0.0154 
          21  1 0.0075 0.0075 0.0054 0.0064 0.0247 0.9485 
          23  1 0.1360 0.7824 0.0163 0.0135 0.0165 0.0353 
          24  1 0.0384 0.4773 0.0093 0.3143 0.1425 0.0182 
          25  1 0.0164 0.7841 0.0096 0.0180 0.0940 0.0779 
         26*  1 0.0063 0.2466 0.0108 0.0314 0.4878 0.2171 
          28  1 0.0073 0.1152 0.0062 0.0072 0.8117 0.0523 
          29  1 0.0059 0.9311 0.0062 0.0148 0.0352 0.0068 
          30  1 0.0110 0.0688 0.4553 0.0324 0.1929 0.2397 
          33  1 0.0262 0.0059 0.0142 0.9429 0.0046 0.0062 
          37  1 0.0087 0.0376 0.0073 0.9273 0.0093 0.0099 
          38  1 0.0046 0.0147 0.0047 0.9552 0.0115 0.0094 
          43  1 0.0083 0.8031 0.0097 0.0089 0.1268 0.0431 
          44  1 0.0063 0.0059 0.0125 0.0066 0.7606 0.2081 
          48  1 0.0051 0.0077 0.0068 0.9613 0.0068 0.0123 
          55  1 0.0116 0.0120 0.0227 0.0129 0.8301 0.1107 
          59  1 0.0045 0.0047 0.0075 0.0071 0.0077 0.9684 
          60  1 0.3826 0.1885 0.2080 0.1855 0.0073 0.0281 
          61  1 0.9069 0.0075 0.0560 0.0077 0.0093 0.0126 
          62  1 0.9045 0.0218 0.0194 0.0225 0.0181 0.0137 
          65  1 0.0123 0.0066 0.0217 0.9418 0.0118 0.0058 
          73  1 0.0081 0.1018 0.8560 0.0124 0.0138 0.0079 
          75  1 0.8678 0.0040 0.0955 0.0170 0.0060 0.0096 
          76  1 0.9711 0.0076 0.0076 0.0043 0.0046 0.0049 
          77  1 0.9680 0.0095 0.0068 0.0063 0.0045 0.0049 
          78  1 0.1329 0.0165 0.8204 0.0119 0.0118 0.0066 
          79  1 0.8956 0.0046 0.0758 0.0105 0.0092 0.0044 
          84  1 0.0299 0.0206 0.0218 0.0137 0.0476 0.8664 
          85  1 0.0072 0.0064 0.0107 0.0085 0.9464 0.0208 
          86  1 0.0109 0.0186 0.0160 0.0231 0.9241 0.0073 
          89  1 0.0522 0.2725 0.0155 0.0325 0.0217 0.6057 
          94  1 0.0048 0.9671 0.0049 0.0085 0.0081 0.0064 
          95  1 0.0082 0.0060 0.0156 0.0116 0.0183 0.9402 
          96  1 0.0068 0.0121 0.0065 0.0051 0.9493 0.0202 
          98  1 0.2861 0.0141 0.6714 0.0110 0.0087 0.0088 
         102  1 0.0160 0.0191 0.0087 0.9097 0.0150 0.0315 
         105  1 0.0056 0.0054 0.9661 0.0095 0.0069 0.0065 
         106  1 0.4695 0.0078 0.3202 0.0245 0.0427 0.1354 
         108  1 0.0252 0.0094 0.8781 0.0650 0.0133 0.0091 
         109  1 0.0170 0.0057 0.9468 0.0072 0.0130 0.0103 
         112  1 0.5226 0.0960 0.0152 0.0352 0.3125 0.0186 
         115  1 0.0149 0.0650 0.0270 0.8587 0.0224 0.0120 
         116  1 0.0072 0.0073 0.0130 0.0136 0.9352 0.0236 
         117  1 0.0169 0.0979 0.0276 0.0172 0.0714 0.7691 
         129  1 0.0041 0.0096 0.0079 0.0080 0.8900 0.0804 
         132  1 0.1041 0.4575 0.0824 0.3213 0.0104 0.0243 
         133  1 0.3248 0.0099 0.6396 0.0086 0.0057 0.0115 
         137  1 0.9207 0.0189 0.0289 0.0095 0.0092 0.0127 
         139  1 0.8971 0.0064 0.0488 0.0260 0.0109 0.0109 
         140  1 0.0209 0.0055 0.9359 0.0082 0.0106 0.0189 
         142  1 0.9510 0.0101 0.0097 0.0063 0.0062 0.0168 
         144  1 0.0059 0.0043 0.9728 0.0053 0.0048 0.0068 
         145  1 0.9524 0.0070 0.0134 0.0078 0.0088 0.0105 
         147  1 0.0090 0.0039 0.9684 0.0055 0.0089 0.0043 
         160  1 0.0047 0.9685 0.0046 0.0061 0.0076 0.0084 
        162*  1 0.0071 0.0151 0.0064 0.0056 0.9482 0.0176 
         166  1 0.3468 0.0078 0.6134 0.0112 0.0069 0.0139 
         177  1 0.9773 0.0041 0.0063 0.0045 0.0041 0.0038 
         178  1 0.9098 0.0202 0.0327 0.0168 0.0133 0.0072 
         186  1 0.0046 0.0051 0.0039 0.0041 0.0055 0.9767 
         189  1 0.0081 0.0123 0.0040 0.0059 0.9490 0.0208 
         190  1 0.0175 0.0789 0.0111 0.0204 0.8120 0.0602 
         191  1 0.0285 0.0211 0.0373 0.0110 0.5610 0.3411 
         193  1 0.8663 0.0246 0.0302 0.0140 0.0225 0.0423 
         202  1 0.0262 0.5893 0.0098 0.1055 0.2492 0.0201 
         204  1 0.0044 0.0102 0.0057 0.0048 0.6544 0.3205 
         211  1 0.1799 0.3364 0.4179 0.0422 0.0082 0.0154 
         216  1 0.0563 0.0233 0.9013 0.0071 0.0068 0.0053 
         222  1 0.0141 0.0196 0.8979 0.0280 0.0361 0.0044 
         224  1 0.0072 0.0141 0.0082 0.0082 0.9399 0.0224 
         226  1 0.0061 0.0051 0.0063 0.0084 0.0079 0.9661 
         229  1 0.0667 0.0382 0.0594 0.0946 0.7050 0.0361 
         230  1 0.0431 0.0231 0.0173 0.0223 0.8486 0.0455 
         232  1 0.2301 0.3752 0.0284 0.0397 0.1244 0.2023 
         238  1 0.2466 0.0118 0.0471 0.6341 0.0531 0.0074 
         242  1 0.0042 0.0045 0.0070 0.9711 0.0072 0.0061 
         243  1 0.0454 0.0108 0.0484 0.8466 0.0163 0.0325 
         244  1 0.1395 0.0105 0.0107 0.8103 0.0216 0.0075 
         251  1 0.0307 0.1388 0.0228 0.7447 0.0519 0.0111 
         266  1 0.7615 0.0076 0.0195 0.1845 0.0142 0.0127 
         267  1 0.0113 0.0080 0.9213 0.0123 0.0130 0.0341 
         268  1 0.3507 0.0378 0.5863 0.0127 0.0052 0.0073 
         270  1 0.0069 0.0158 0.0103 0.0086 0.9283 0.0300 
         276  1 0.0850 0.0236 0.0387 0.0200 0.5505 0.2823 
         298  1 0.1537 0.0099 0.8021 0.0116 0.0075 0.0152 
         306  1 0.7585 0.0175 0.1399 0.0663 0.0083 0.0096 
         308  1 0.6531 0.0934 0.1911 0.0405 0.0139 0.0080 
         311  1 0.0750 0.0419 0.6811 0.1376 0.0535 0.0109 
         323  1 0.0046 0.0045 0.0064 0.0069 0.0081 0.9694 
         327  1 0.0096 0.3392 0.0168 0.0266 0.5795 0.0283 
         334  1 0.0102 0.0077 0.0288 0.9174 0.0319 0.0040 
         338  1 0.0794 0.0280 0.8054 0.0228 0.0346 0.0299 
         341  1 0.0080 0.0084 0.0067 0.0086 0.0079 0.9605 
         346  1 0.8830 0.0571 0.0206 0.0104 0.0099 0.0190 
         348  1 0.1534 0.0058 0.8051 0.0177 0.0104 0.0076 
         351  1 0.0357 0.0535 0.0200 0.8577 0.0175 0.0155 
         362  1 0.0064 0.0440 0.0078 0.0063 0.8124 0.1230 
         364  1 0.0143 0.0096 0.0108 0.9487 0.0064 0.0103 
         366  1 0.0118 0.0096 0.0282 0.9174 0.0182 0.0149 
         376  1 0.0190 0.0131 0.0040 0.0062 0.0238 0.9338 
         377  1 0.0124 0.6818 0.0177 0.0100 0.2609 0.0173 
         378  1 0.0135 0.9551 0.0066 0.0045 0.0068 0.0134 
         388  1 0.0141 0.0272 0.9240 0.0142 0.0115 0.0089 
         391  1 0.0403 0.3056 0.0171 0.0125 0.0082 0.6163 
         396  1 0.0641 0.0214 0.0386 0.0192 0.7731 0.0836 
         400  1 0.0077 0.5859 0.0095 0.1028 0.2839 0.0101 
         401  1 0.2166 0.0096 0.0134 0.2751 0.3632 0.1220 
         406  1 0.2225 0.0275 0.4990 0.0643 0.0173 0.1693 
         412  1 0.3106 0.0659 0.5214 0.0269 0.0396 0.0356 
         413  1 0.8738 0.0097 0.0273 0.0362 0.0480 0.0049 
         421  1 0.0548 0.0112 0.0241 0.0160 0.8668 0.0271 
         423  1 0.0154 0.0121 0.0311 0.0234 0.8984 0.0196 
         424  1 0.2836 0.0818 0.0619 0.0356 0.0156 0.5215 
         426  1 0.0248 0.8151 0.0135 0.0243 0.0315 0.0909 
         430  1 0.7837 0.0229 0.1249 0.0103 0.0160 0.0422 
         435  1 0.9444 0.0134 0.0270 0.0043 0.0062 0.0046 
         476  1 0.0208 0.0143 0.0052 0.0280 0.1400 0.7918 
         478  1 0.0088 0.0150 0.0128 0.0299 0.2249 0.7087 
         484  1 0.0720 0.0098 0.8889 0.0071 0.0068 0.0154 
         489  1 0.0096 0.8117 0.1207 0.0060 0.0453 0.0066 
         492  1 0.0214 0.0074 0.0280 0.9077 0.0300 0.0056 
         493  1 0.0099 0.0116 0.0090 0.9537 0.0086 0.0072 
         494  1 0.0092 0.0445 0.0077 0.9004 0.0272 0.0110 
         500  1 0.0048 0.0102 0.0048 0.0072 0.9148 0.0582 
         504  1 0.0212 0.0288 0.8518 0.0385 0.0499 0.0099 
         506  1 0.0052 0.0064 0.9436 0.0054 0.0186 0.0209 
