          1*  1 0.9446 0.0554 
           3  1 0.0128 0.9872 
           6  1 0.0249 0.9751 
           8  1 0.0107 0.9893 
          10  1 0.0087 0.9913 
          11  1 0.4333 0.5667 
          12  1 0.0131 0.9869 
          16  1 0.0093 0.9907 
          18  1 0.6253 0.3747 
          19  1 0.9130 0.0870 
          21  1 0.0120 0.9880 
          23  1 0.2599 0.7401 
          24  1 0.1985 0.8015 
          25  1 0.0415 0.9585 
         26*  1 0.0089 0.9911 
          28  1 0.0072 0.9928 
          29  1 0.0128 0.9872 
          30  1 0.3676 0.6324 
          33  1 0.9909 0.0091 
          37  1 0.6044 0.3956 
          38  1 0.5815 0.4185 
          43  1 0.0103 0.9897 
          44  1 0.0099 0.9901 
          48  1 0.6320 0.3680 
          55  1 0.0184 0.9816 
          59  1 0.0124 0.9876 
          60  1 0.9817 0.0183 
          61  1 0.9860 0.0140 
          62  1 0.8309 0.1691 
          65  1 0.8717 0.1283 
          73  1 0.9568 0.0432 
          75  1 0.9936 0.0064 
          76  1 0.9883 0.0117 
          77  1 0.9886 0.0114 
          78  1 0.9899 0.0101 
          79  1 0.9939 0.0061 
          84  1 0.0227 0.9773 
          85  1 0.0279 0.9721 
          86  1 0.1106 0.8894 
          89  1 0.0229 0.9771 
          94  1 0.0103 0.9897 
          95  1 0.0263 0.9737 
          96  1 0.0112 0.9888 
          98  1 0.9861 0.0139 
         102  1 0.6455 0.3545 
         105  1 0.9906 0.0094 
         106  1 0.9436 0.0564 
         108  1 0.9860 0.0140 
         109  1 0.9749 0.0251 
         112  1 0.2259 0.7741 
         115  1 0.6911 0.3089 
         116  1 0.0473 0.9527 
         117  1 0.0264 0.9736 
         129  1 0.0063 0.9937 
         132  1 0.9345 0.0655 
         133  1 0.9902 0.0098 
         137  1 0.9692 0.0308 
         139  1 0.9876 0.0124 
         140  1 0.9796 0.0204 
         142  1 0.9753 0.0247 
         144  1 0.9910 0.0090 
         145  1 0.9211 0.0789 
         147  1 0.9919 0.0081 
         160  1 0.0111 0.9889 
        162*  1 0.0127 0.9873 
         166  1 0.9885 0.0115 
         177  1 0.9924 0.0076 
         178  1 0.9835 0.0165 
         186  1 0.0096 0.9904 
         189  1 0.0102 0.9898 
         190  1 0.0116 0.9884 
         191  1 0.0157 0.9843 
         193  1 0.5772 0.4228 
         202  1 0.1395 0.8605 
         204  1 0.0056 0.9944 
         211  1 0.9696 0.0304 
         216  1 0.9900 0.0100 
         222  1 0.9832 0.0168 
         224  1 0.0158 0.9842 
         226  1 0.0308 0.9692 
         229  1 0.1200 0.8800 
         230  1 0.0449 0.9551 
         232  1 0.0601 0.9399 
         238  1 0.9765 0.0235 
         242  1 0.9728 0.0272 
         243  1 0.9573 0.0427 
         244  1 0.9771 0.0229 
         251  1 0.8695 0.1305 
         266  1 0.9876 0.0124 
         267  1 0.9645 0.0355 
         268  1 0.9907 0.0093 
         270  1 0.0109 0.9891 
         276  1 0.0280 0.9720 
         298  1 0.9897 0.0103 
         306  1 0.9903 0.0097 
         308  1 0.9845 0.0155 
         311  1 0.9770 0.0230 
         323  1 0.0154 0.9846 
         327  1 0.0112 0.9888 
         334  1 0.9827 0.0173 
         338  1 0.9284 0.0716 
         341  1 0.0380 0.9620 
         346  1 0.8963 0.1037 
         348  1 0.9920 0.0080 
         351  1 0.9550 0.0450 
         362  1 0.0066 0.9934 
         364  1 0.9750 0.0250 
         366  1 0.9333 0.0667 
         376  1 0.0104 0.9896 
         377  1 0.0300 0.9700 
         378  1 0.0128 0.9872 
         388  1 0.9801 0.0199 
         391  1 0.1674 0.8326 
         396  1 0.0206 0.9794 
         400  1 0.0538 0.9462 
         401  1 0.3557 0.6443 
         406  1 0.8911 0.1089 
         412  1 0.7901 0.2099 
         413  1 0.9774 0.0226 
         421  1 0.0337 0.9663 
         423  1 0.1209 0.8791 
         424  1 0.7648 0.2352 
         426  1 0.0246 0.9754 
         430  1 0.9372 0.0628 
         435  1 0.9810 0.0190 
         476  1 0.0156 0.9844 
         478  1 0.0093 0.9907 
         484  1 0.9884 0.0116 
         489  1 0.1562 0.8438 
         492  1 0.9900 0.0100 
         493  1 0.6791 0.3209 
         494  1 0.5894 0.4106 
         500  1 0.0059 0.9941 
         504  1 0.9729 0.0271 
         506  1 0.9007 0.0993 
