          1*  1 0.8984 0.0136 0.0083 0.0475 0.0093 0.0229 
           3  1 0.0054 0.9693 0.0054 0.0059 0.0068 0.0071 
           6  1 0.0064 0.9410 0.0150 0.0074 0.0168 0.0134 
           8  1 0.0121 0.0082 0.0039 0.0138 0.9529 0.0090 
          10  1 0.0101 0.0124 0.0049 0.9045 0.0631 0.0049 
          11  1 0.7304 0.0303 0.0761 0.0225 0.1212 0.0195 
          12  1 0.0045 0.0062 0.0061 0.9725 0.0064 0.0043 
          16  1 0.0063 0.9624 0.0057 0.0072 0.0137 0.0047 
          18  1 0.9615 0.0091 0.0049 0.0078 0.0099 0.0068 
          19  1 0.8063 0.0153 0.0549 0.0132 0.0638 0.0465 
          21  1 0.0066 0.9446 0.0075 0.0077 0.0278 0.0059 
          23  1 0.0150 0.0304 0.1378 0.7800 0.0183 0.0185 
          24  1 0.3424 0.0177 0.0361 0.4676 0.1258 0.0104 
          25  1 0.0198 0.0783 0.0200 0.7736 0.0991 0.0093 
         26*  1 0.0315 0.1887 0.0063 0.2441 0.5178 0.0115 
          28  1 0.0074 0.0343 0.0074 0.0940 0.8507 0.0062 
          29  1 0.0156 0.0072 0.0058 0.9250 0.0401 0.0063 
          30  1 0.0357 0.2122 0.0104 0.0782 0.2039 0.4596 
          33  1 0.9441 0.0067 0.0230 0.0058 0.0047 0.0157 
          37  1 0.9270 0.0099 0.0084 0.0395 0.0088 0.0064 
          38  1 0.9543 0.0097 0.0048 0.0149 0.0113 0.0050 
          43  1 0.0091 0.0432 0.0078 0.7972 0.1324 0.0104 
          44  1 0.0066 0.1956 0.0056 0.0058 0.7736 0.0127 
          48  1 0.9622 0.0115 0.0049 0.0076 0.0072 0.0066 
          55  1 0.0142 0.0895 0.0111 0.0118 0.8513 0.0221 
          59  1 0.0072 0.9672 0.0046 0.0046 0.0084 0.0080 
          60  1 0.1753 0.0291 0.4155 0.1697 0.0072 0.2031 
          61  1 0.0086 0.0132 0.9050 0.0080 0.0092 0.0560 
          62  1 0.0219 0.0153 0.8945 0.0242 0.0231 0.0211 
          65  1 0.9451 0.0057 0.0132 0.0067 0.0087 0.0205 
          73  1 0.0131 0.0087 0.0091 0.0998 0.0151 0.8543 
          75  1 0.0192 0.0091 0.8730 0.0041 0.0058 0.0887 
          76  1 0.0041 0.0052 0.9663 0.0089 0.0045 0.0110 
          77  1 0.0061 0.0049 0.9692 0.0093 0.0044 0.0061 
          78  1 0.0123 0.0061 0.1370 0.0169 0.0118 0.8159 
          79  1 0.0103 0.0042 0.8967 0.0047 0.0078 0.0763 
          84  1 0.0146 0.8650 0.0304 0.0183 0.0506 0.0211 
          85  1 0.0102 0.0080 0.0062 0.0059 0.9591 0.0105 
          86  1 0.0242 0.0049 0.0098 0.0152 0.9302 0.0157 
          89  1 0.0328 0.6003 0.0511 0.2762 0.0239 0.0158 
          94  1 0.0090 0.0069 0.0051 0.9662 0.0081 0.0048 
          95  1 0.0119 0.9378 0.0076 0.0065 0.0209 0.0153 
          96  1 0.0059 0.0065 0.0066 0.0110 0.9638 0.0061 
          98  1 0.0117 0.0086 0.3291 0.0137 0.0086 0.6282 
         102  1 0.9110 0.0380 0.0154 0.0201 0.0067 0.0087 
         105  1 0.0094 0.0070 0.0054 0.0055 0.0061 0.9667 
         106  1 0.0294 0.1337 0.4669 0.0077 0.0329 0.3293 
         108  1 0.0664 0.0090 0.0254 0.0094 0.0123 0.8776 
         109  1 0.0078 0.0095 0.0177 0.0058 0.0136 0.9456 
         112  1 0.0348 0.0168 0.5414 0.0926 0.3010 0.0135 
         115  1 0.8746 0.0134 0.0128 0.0603 0.0127 0.0262 
         116  1 0.0133 0.0089 0.0071 0.0065 0.9484 0.0158 
         117  1 0.0168 0.7748 0.0186 0.0900 0.0771 0.0226 
         129  1 0.0075 0.0629 0.0040 0.0097 0.9091 0.0069 
         132  1 0.3301 0.0240 0.1126 0.4445 0.0071 0.0818 
         133  1 0.0083 0.0123 0.3676 0.0101 0.0054 0.5963 
         137  1 0.0102 0.0119 0.9244 0.0188 0.0097 0.0249 
         139  1 0.0253 0.0114 0.8987 0.0067 0.0098 0.0481 
         140  1 0.0095 0.0195 0.0212 0.0054 0.0103 0.9341 
         142  1 0.0065 0.0174 0.9464 0.0100 0.0064 0.0134 
         144  1 0.0055 0.0074 0.0060 0.0042 0.0051 0.9717 
         145  1 0.0092 0.0108 0.9436 0.0067 0.0100 0.0198 
         147  1 0.0061 0.0040 0.0121 0.0043 0.0093 0.9643 
         160  1 0.0061 0.0079 0.0047 0.9681 0.0085 0.0047 
        162*  1 0.0057 0.0057 0.0073 0.0123 0.9625 0.0065 
         166  1 0.0115 0.0146 0.3683 0.0080 0.0073 0.5901 
         177  1 0.0045 0.0041 0.9747 0.0038 0.0039 0.0091 
         178  1 0.0172 0.0080 0.9086 0.0209 0.0127 0.0327 
         186  1 0.0042 0.9769 0.0044 0.0049 0.0057 0.0039 
         189  1 0.0056 0.0062 0.0077 0.0137 0.9626 0.0043 
         190  1 0.0226 0.0496 0.0173 0.0669 0.8322 0.0115 
         191  1 0.0105 0.3307 0.0261 0.0235 0.5654 0.0438 
         193  1 0.0132 0.0440 0.8642 0.0231 0.0209 0.0345 
         202  1 0.1172 0.0196 0.0242 0.5671 0.2618 0.0101 
         204  1 0.0051 0.3165 0.0044 0.0093 0.6586 0.0061 
         211  1 0.0415 0.0168 0.1893 0.3359 0.0082 0.4084 
         216  1 0.0073 0.0052 0.0645 0.0218 0.0062 0.8950 
         222  1 0.0307 0.0045 0.0124 0.0190 0.0220 0.9114 
         224  1 0.0078 0.0071 0.0072 0.0130 0.9566 0.0084 
         226  1 0.0093 0.9660 0.0053 0.0054 0.0077 0.0063 
         229  1 0.0904 0.0295 0.0674 0.0350 0.7145 0.0633 
         230  1 0.0219 0.0305 0.0403 0.0240 0.8661 0.0172 
         232  1 0.0436 0.2067 0.2103 0.3662 0.1429 0.0303 
         238  1 0.6403 0.0080 0.2449 0.0126 0.0450 0.0492 
         242  1 0.9706 0.0069 0.0041 0.0047 0.0066 0.0072 
         243  1 0.8542 0.0352 0.0453 0.0112 0.0101 0.0441 
         244  1 0.8094 0.0074 0.1462 0.0108 0.0160 0.0102 
         251  1 0.7524 0.0105 0.0304 0.1392 0.0477 0.0198 
         266  1 0.1859 0.0122 0.7659 0.0077 0.0088 0.0196 
         267  1 0.0128 0.0333 0.0112 0.0081 0.0127 0.9218 
         268  1 0.0131 0.0078 0.3901 0.0359 0.0049 0.5481 
         270  1 0.0082 0.0180 0.0068 0.0160 0.9407 0.0104 
         276  1 0.0209 0.2606 0.0829 0.0244 0.5701 0.0411 
         298  1 0.0117 0.0148 0.1846 0.0102 0.0072 0.7715 
         306  1 0.0622 0.0108 0.7515 0.0132 0.0092 0.1531 
         308  1 0.0379 0.0086 0.6647 0.0891 0.0133 0.1864 
         311  1 0.1328 0.0108 0.0807 0.0357 0.0401 0.6999 
         323  1 0.0072 0.9687 0.0046 0.0048 0.0079 0.0068 
         327  1 0.0261 0.0257 0.0098 0.3241 0.5950 0.0193 
         334  1 0.9493 0.0038 0.0105 0.0077 0.0087 0.0199 
         338  1 0.0237 0.0337 0.0853 0.0311 0.0259 0.8002 
         341  1 0.0080 0.9632 0.0067 0.0085 0.0073 0.0064 
         346  1 0.0092 0.0198 0.8965 0.0508 0.0101 0.0136 
         348  1 0.0163 0.0079 0.1586 0.0058 0.0089 0.8026 
         351  1 0.8667 0.0164 0.0350 0.0539 0.0102 0.0178 
         362  1 0.0064 0.1005 0.0061 0.0399 0.8395 0.0076 
         364  1 0.9473 0.0108 0.0148 0.0104 0.0064 0.0104 
         366  1 0.9136 0.0162 0.0120 0.0095 0.0188 0.0299 
         376  1 0.0063 0.9318 0.0181 0.0130 0.0267 0.0041 
         377  1 0.0138 0.0186 0.0123 0.7197 0.2180 0.0175 
         378  1 0.0049 0.0130 0.0137 0.9545 0.0070 0.0068 
         388  1 0.0152 0.0105 0.0151 0.0301 0.0114 0.9175 
         391  1 0.0137 0.6216 0.0392 0.2999 0.0071 0.0185 
         396  1 0.0176 0.0720 0.0656 0.0235 0.7862 0.0350 
         400  1 0.1002 0.0091 0.0081 0.6319 0.2416 0.0092 
         401  1 0.2790 0.1238 0.2123 0.0098 0.3615 0.0136 
         406  1 0.0661 0.1649 0.2404 0.0288 0.0177 0.4820 
         412  1 0.0271 0.0371 0.3370 0.0662 0.0386 0.4939 
         413  1 0.0431 0.0052 0.8722 0.0098 0.0365 0.0332 
         421  1 0.0169 0.0162 0.0462 0.0123 0.8819 0.0266 
         423  1 0.0222 0.0111 0.0132 0.0132 0.9103 0.0300 
         424  1 0.0370 0.5309 0.2756 0.0800 0.0119 0.0647 
         426  1 0.0250 0.0978 0.0283 0.8043 0.0330 0.0116 
         430  1 0.0110 0.0395 0.7849 0.0204 0.0166 0.1277 
         435  1 0.0044 0.0047 0.9418 0.0132 0.0064 0.0294 
         476  1 0.0254 0.7844 0.0187 0.0161 0.1498 0.0056 
         478  1 0.0258 0.6974 0.0081 0.0162 0.2399 0.0127 
         484  1 0.0077 0.0184 0.0884 0.0117 0.0074 0.8663 
         489  1 0.0062 0.0074 0.0094 0.8064 0.0433 0.1273 
         492  1 0.9413 0.0055 0.0198 0.0080 0.0075 0.0178 
         493  1 0.9550 0.0069 0.0093 0.0122 0.0076 0.0090 
         494  1 0.9000 0.0114 0.0088 0.0490 0.0231 0.0078 
         500  1 0.0071 0.0392 0.0045 0.0107 0.9338 0.0046 
         504  1 0.0417 0.0098 0.0247 0.0312 0.0493 0.8434 
         506  1 0.0054 0.0192 0.0047 0.0066 0.0214 0.9427 
