

----------------------------------------------------
STRUCTURE by Pritchard, Stephens and Donnelly (2000)
     and Falush, Stephens and Pritchard (2003)
       Code by Pritchard, Falush and Hubisz
             Version 2.3.4 (Jul 2012)
----------------------------------------------------



Command line arguments:   bin\structure -m M:\STRUCTURE\Squirrel_135_ID_14L_20250816\10k_Burnin_100k_MCMC\mainparams -e M:\STRUCTURE\Squirrel_135_ID_14L_20250816\10k_Burnin_100k_MCMC\extraparams 
Input File:    M:\STRUCTURE\Squirrel_135_ID_14L_20250816\project_data

Run parameters:
   135 individuals
   14 loci
   3 populations assumed
   10000 Burn-in period
   100000 Reps


--------------------------------------------
Proportion of membership of each pre-defined
 population in each of the 3 clusters

Given    Inferred Clusters       Number of
 Pop       1      2      3      Individuals

  1:     0.215  0.361  0.424      135
--------------------------------------------

Allele-freq. divergence among pops (Net nucleotide distance),
computed using point estimates of P.

      1       2       3      
 1      -    0.0355  0.0349  
 2   0.0355     -    0.0456  
 3   0.0349  0.0456     -    

Average distances (expected heterozygosity) between individuals in same cluster:
cluster  1  : 0.6735 
cluster  2  : 0.6052 
cluster  3  : 0.5429 

--------------------------------------------
Estimated Ln Prob of Data   = -4609.4
Mean value of ln likelihood = -4463.1
Variance of ln likelihood   = 292.6
Mean value of alpha         = 0.0404

Mean value of lambda        = 0.9919

Mean value of Fst_1         = 0.0155
Mean value of Fst_2         = 0.1397
Mean value of Fst_3         = 0.1538


Inferred ancestry of individuals:
        Label (%Miss) Pop:  Inferred clusters (and 90% probability intervals)
  1       1*    (0)    1 :  0.968 0.016 0.016     (0.796,1.000) (0.000,0.095) (0.000,0.101) 
  2        3    (0)    1 :  0.009 0.011 0.980     (0.000,0.048) (0.000,0.064) (0.871,1.000) 
  3        6    (0)    1 :  0.008 0.025 0.968     (0.000,0.040) (0.000,0.176) (0.784,1.000) 
  4        8    (0)    1 :  0.015 0.006 0.978     (0.000,0.083) (0.000,0.033) (0.875,1.000) 
  5       10    (0)    1 :  0.012 0.005 0.983     (0.000,0.051) (0.000,0.028) (0.908,1.000) 
  6       11    (0)    1 :  0.851 0.029 0.120     (0.000,1.000) (0.000,0.213) (0.000,0.908) 
  7       12    (0)    1 :  0.018 0.010 0.973     (0.000,0.077) (0.000,0.044) (0.858,1.000) 
  8       16    (7)    1 :  0.009 0.006 0.984     (0.000,0.052) (0.000,0.033) (0.902,1.000) 
  9       18    (0)    1 :  0.985 0.005 0.010     (0.908,1.000) (0.000,0.028) (0.000,0.053) 
 10       19    (0)    1 :  0.938 0.034 0.027     (0.612,1.000) (0.000,0.241) (0.000,0.198) 
 11       21    (7)    1 :  0.010 0.009 0.981     (0.000,0.056) (0.000,0.048) (0.880,1.000) 
 12       23    (7)    1 :  0.050 0.284 0.666     (0.000,0.354) (0.000,1.000) (0.000,1.000) 
 13       24    (7)    1 :  0.651 0.019 0.331     (0.000,1.000) (0.000,0.121) (0.000,1.000) 
 14       25    (7)    1 :  0.093 0.039 0.868     (0.000,0.724) (0.000,0.293) (0.235,1.000) 
 15      26*    (0)    1 :  0.016 0.005 0.978     (0.000,0.112) (0.000,0.027) (0.863,1.000) 
 16       28    (0)    1 :  0.006 0.006 0.988     (0.000,0.035) (0.000,0.029) (0.925,1.000) 
 17       29    (0)    1 :  0.026 0.006 0.967     (0.000,0.120) (0.000,0.032) (0.837,1.000) 
 18       30    (0)    1 :  0.114 0.243 0.643     (0.000,0.996) (0.000,0.899) (0.000,1.000) 
 19       33    (0)    1 :  0.978 0.017 0.005     (0.860,1.000) (0.000,0.115) (0.000,0.026) 
 20       37    (0)    1 :  0.974 0.008 0.018     (0.831,1.000) (0.000,0.046) (0.000,0.116) 
 21       38    (0)    1 :  0.982 0.004 0.013     (0.893,1.000) (0.000,0.023) (0.000,0.077) 
 22       43    (0)    1 :  0.016 0.007 0.976     (0.000,0.091) (0.000,0.041) (0.860,1.000) 
 23       44    (0)    1 :  0.008 0.009 0.983     (0.000,0.040) (0.000,0.053) (0.893,1.000) 
 24       48    (0)    1 :  0.985 0.005 0.010     (0.910,1.000) (0.000,0.028) (0.000,0.052) 
 25       55    (0)    1 :  0.011 0.016 0.973     (0.000,0.055) (0.000,0.104) (0.830,1.000) 
 26       59    (0)    1 :  0.012 0.010 0.979     (0.000,0.064) (0.000,0.054) (0.864,1.000) 
 27       60    (0)    1 :  0.147 0.836 0.017     (0.000,1.000) (0.000,1.000) (0.000,0.110) 
 28       61    (0)    1 :  0.007 0.985 0.008     (0.000,0.038) (0.907,1.000) (0.000,0.042) 
 29       62    (0)    1 :  0.038 0.900 0.062     (0.000,0.228) (0.051,1.000) (0.000,0.487) 
 30       65    (0)    1 :  0.980 0.013 0.007     (0.870,1.000) (0.000,0.089) (0.000,0.035) 
 31       73    (0)    1 :  0.026 0.930 0.044     (0.000,0.165) (0.606,1.000) (0.000,0.311) 
 32       75    (0)    1 :  0.022 0.972 0.006     (0.000,0.147) (0.826,1.000) (0.000,0.030) 
 33       76    (0)    1 :  0.006 0.987 0.007     (0.000,0.031) (0.923,1.000) (0.000,0.036) 
 34       77    (0)    1 :  0.009 0.984 0.007     (0.000,0.047) (0.904,1.000) (0.000,0.037) 
 35       78    (0)    1 :  0.008 0.986 0.007     (0.000,0.039) (0.912,1.000) (0.000,0.037) 
 36       79    (0)    1 :  0.025 0.971 0.005     (0.000,0.176) (0.810,1.000) (0.000,0.026) 
 37       84    (0)    1 :  0.012 0.023 0.965     (0.000,0.069) (0.000,0.162) (0.770,1.000) 
 38       85    (0)    1 :  0.085 0.017 0.897     (0.000,0.874) (0.000,0.117) (0.086,1.000) 
 39       86    (0)    1 :  0.256 0.040 0.704     (0.000,1.000) (0.000,0.305) (0.000,1.000) 
 40       89    (0)    1 :  0.022 0.018 0.960     (0.000,0.135) (0.000,0.116) (0.747,1.000) 
 41       94    (0)    1 :  0.080 0.006 0.914     (0.000,0.766) (0.000,0.029) (0.205,1.000) 
 42       95    (0)    1 :  0.029 0.024 0.947     (0.000,0.139) (0.000,0.170) (0.680,1.000) 
 43       96    (0)    1 :  0.009 0.009 0.983     (0.000,0.041) (0.000,0.048) (0.896,1.000) 
 44       98    (0)    1 :  0.011 0.980 0.009     (0.000,0.054) (0.876,1.000) (0.000,0.052) 
 45      102    (0)    1 :  0.974 0.011 0.015     (0.832,1.000) (0.000,0.067) (0.000,0.099) 
 46      105    (0)    1 :  0.021 0.970 0.009     (0.000,0.150) (0.804,1.000) (0.000,0.056) 
 47      106    (0)    1 :  0.095 0.850 0.056     (0.000,0.910) (0.015,1.000) (0.000,0.306) 
 48      108    (0)    1 :  0.078 0.906 0.016     (0.000,0.509) (0.468,1.000) (0.000,0.106) 
 49      109    (0)    1 :  0.011 0.967 0.021     (0.000,0.060) (0.790,1.000) (0.000,0.157) 
 50      112    (0)    1 :  0.089 0.204 0.707     (0.000,0.785) (0.000,1.000) (0.000,1.000) 
 51      115    (0)    1 :  0.955 0.021 0.024     (0.715,1.000) (0.000,0.132) (0.000,0.150) 
 52      116    (0)    1 :  0.072 0.017 0.911     (0.000,0.472) (0.000,0.110) (0.484,1.000) 
 53      117    (0)    1 :  0.009 0.022 0.969     (0.000,0.049) (0.000,0.145) (0.802,1.000) 
 54      129    (0)    1 :  0.006 0.004 0.990     (0.000,0.032) (0.000,0.021) (0.938,1.000) 
 55      132    (0)    1 :  0.518 0.419 0.063     (0.000,1.000) (0.000,1.000) (0.000,0.463) 
 56      133    (0)    1 :  0.007 0.986 0.006     (0.000,0.040) (0.915,1.000) (0.000,0.034) 
 57      137    (7)    1 :  0.009 0.978 0.013     (0.000,0.048) (0.861,1.000) (0.000,0.077) 
 58      139    (0)    1 :  0.050 0.940 0.010     (0.000,0.347) (0.625,1.000) (0.000,0.058) 
 59      140    (0)    1 :  0.015 0.974 0.012     (0.000,0.067) (0.849,1.000) (0.000,0.063) 
 60      142    (0)    1 :  0.009 0.979 0.012     (0.000,0.045) (0.869,1.000) (0.000,0.072) 
 61      144    (0)    1 :  0.008 0.985 0.007     (0.000,0.040) (0.908,1.000) (0.000,0.037) 
 62      145    (0)    1 :  0.011 0.976 0.014     (0.000,0.050) (0.857,1.000) (0.000,0.072) 
 63      147    (0)    1 :  0.009 0.984 0.007     (0.000,0.048) (0.902,1.000) (0.000,0.039) 
 64      160    (0)    1 :  0.017 0.007 0.976     (0.000,0.065) (0.000,0.034) (0.884,1.000) 
 65     162*    (0)    1 :  0.008 0.010 0.981     (0.000,0.043) (0.000,0.056) (0.886,1.000) 
 66      166    (0)    1 :  0.008 0.984 0.008     (0.000,0.040) (0.906,1.000) (0.000,0.040) 
 67      177    (0)    1 :  0.007 0.989 0.005     (0.000,0.036) (0.931,1.000) (0.000,0.024) 
 68      178    (0)    1 :  0.013 0.974 0.012     (0.000,0.063) (0.842,1.000) (0.000,0.077) 
 69      186    (0)    1 :  0.009 0.007 0.985     (0.000,0.048) (0.000,0.034) (0.905,1.000) 
 70      189    (0)    1 :  0.017 0.007 0.976     (0.000,0.069) (0.000,0.037) (0.877,1.000) 
 71      190    (0)    1 :  0.012 0.008 0.980     (0.000,0.062) (0.000,0.044) (0.878,1.000) 
 72      191    (0)    1 :  0.008 0.017 0.976     (0.000,0.040) (0.000,0.109) (0.842,1.000) 
 73      193    (0)    1 :  0.014 0.883 0.104     (0.000,0.066) (0.000,1.000) (0.000,0.996) 
 74      202    (0)    1 :  0.459 0.021 0.520     (0.000,1.000) (0.000,0.134) (0.000,1.000) 
 75      204    (0)    1 :  0.004 0.004 0.991     (0.000,0.023) (0.000,0.022) (0.946,1.000) 
 76      211    (0)    1 :  0.046 0.930 0.024     (0.000,0.291) (0.552,1.000) (0.000,0.180) 
 77      216    (0)    1 :  0.007 0.987 0.006     (0.000,0.034) (0.921,1.000) (0.000,0.033) 
 78      222    (0)    1 :  0.178 0.810 0.012     (0.000,1.000) (0.000,1.000) (0.000,0.058) 
 79      224    (0)    1 :  0.019 0.013 0.969     (0.000,0.091) (0.000,0.072) (0.814,1.000) 
 80      226    (0)    1 :  0.085 0.011 0.904     (0.000,0.576) (0.000,0.065) (0.405,1.000) 
 81      229    (0)    1 :  0.163 0.038 0.799     (0.000,1.000) (0.000,0.288) (0.000,1.000) 
 82      230    (0)    1 :  0.074 0.037 0.890     (0.000,0.594) (0.000,0.233) (0.346,1.000) 
 83      232    (0)    1 :  0.018 0.054 0.928     (0.000,0.085) (0.000,0.396) (0.530,1.000) 
 84      238    (0)    1 :  0.847 0.139 0.014     (0.241,1.000) (0.000,0.735) (0.000,0.084) 
 85      242    (0)    1 :  0.989 0.005 0.006     (0.934,1.000) (0.000,0.025) (0.000,0.032) 
 86      243    (0)    1 :  0.925 0.056 0.018     (0.560,1.000) (0.000,0.395) (0.000,0.115) 
 87      244    (0)    1 :  0.958 0.032 0.010     (0.726,1.000) (0.000,0.239) (0.000,0.057) 
 88      251    (0)    1 :  0.930 0.025 0.045     (0.562,1.000) (0.000,0.163) (0.000,0.345) 
 89      266    (0)    1 :  0.433 0.559 0.008     (0.000,1.000) (0.000,1.000) (0.000,0.044) 
 90      267    (0)    1 :  0.022 0.942 0.036     (0.000,0.135) (0.641,1.000) (0.000,0.268) 
 91      268    (0)    1 :  0.009 0.984 0.007     (0.000,0.048) (0.902,1.000) (0.000,0.038) 
 92      270    (0)    1 :  0.012 0.009 0.979     (0.000,0.064) (0.000,0.052) (0.872,1.000) 
 93      276    (0)    1 :  0.013 0.035 0.952     (0.000,0.077) (0.000,0.262) (0.681,1.000) 
 94      298    (7)    1 :  0.010 0.981 0.008     (0.000,0.052) (0.888,1.000) (0.000,0.046) 
 95      306    (0)    1 :  0.035 0.959 0.007     (0.000,0.182) (0.776,1.000) (0.000,0.035) 
 96      308    (0)    1 :  0.024 0.963 0.013     (0.000,0.155) (0.764,1.000) (0.000,0.082) 
 97      311    (7)    1 :  0.295 0.681 0.023     (0.000,1.000) (0.000,1.000) (0.000,0.160) 
 98      323    (0)    1 :  0.016 0.012 0.972     (0.000,0.090) (0.000,0.075) (0.822,1.000) 
 99      327    (0)    1 :  0.018 0.009 0.973     (0.000,0.105) (0.000,0.050) (0.836,1.000) 
100      334    (0)    1 :  0.981 0.013 0.006     (0.884,1.000) (0.000,0.076) (0.000,0.030) 
101      338    (0)    1 :  0.042 0.913 0.044     (0.000,0.262) (0.362,1.000) (0.000,0.309) 
102      341    (0)    1 :  0.028 0.028 0.944     (0.000,0.171) (0.000,0.205) (0.653,1.000) 
103      346    (0)    1 :  0.015 0.939 0.046     (0.000,0.074) (0.601,1.000) (0.000,0.329) 
104      348    (0)    1 :  0.014 0.980 0.006     (0.000,0.078) (0.881,1.000) (0.000,0.032) 
105      351    (0)    1 :  0.939 0.040 0.021     (0.610,1.000) (0.000,0.270) (0.000,0.139) 
106      362    (0)    1 :  0.006 0.005 0.989     (0.000,0.028) (0.000,0.027) (0.933,1.000) 
107      364    (0)    1 :  0.978 0.015 0.008     (0.858,1.000) (0.000,0.090) (0.000,0.043) 
108      366    (0)    1 :  0.965 0.019 0.016     (0.772,1.000) (0.000,0.115) (0.000,0.095) 
109      376    (0)    1 :  0.009 0.008 0.983     (0.000,0.049) (0.000,0.041) (0.895,1.000) 
110      377    (7)    1 :  0.070 0.057 0.873     (0.000,0.530) (0.000,0.401) (0.160,1.000) 
111      378    (0)    1 :  0.010 0.014 0.976     (0.000,0.037) (0.000,0.072) (0.871,1.000) 
112      388    (0)    1 :  0.031 0.946 0.023     (0.000,0.205) (0.659,1.000) (0.000,0.162) 
113      391    (0)    1 :  0.055 0.212 0.733     (0.000,0.399) (0.000,1.000) (0.000,1.000) 
114      396   (14)    1 :  0.016 0.020 0.964     (0.000,0.087) (0.000,0.142) (0.769,1.000) 
115      400   (14)    1 :  0.465 0.010 0.525     (0.000,1.000) (0.000,0.057) (0.000,1.000) 
116      401    (0)    1 :  0.556 0.067 0.377     (0.000,1.000) (0.000,0.447) (0.000,0.984) 
117      406    (0)    1 :  0.085 0.845 0.070     (0.000,0.872) (0.000,1.000) (0.000,0.539) 
118      412    (7)    1 :  0.026 0.902 0.071     (0.000,0.137) (0.326,1.000) (0.000,0.538) 
119      413    (0)    1 :  0.097 0.889 0.014     (0.000,0.654) (0.266,1.000) (0.000,0.078) 
120      421    (0)    1 :  0.031 0.047 0.922     (0.000,0.209) (0.000,0.348) (0.544,1.000) 
121      423    (0)    1 :  0.176 0.062 0.762     (0.000,1.000) (0.000,0.458) (0.000,1.000) 
122      424    (0)    1 :  0.053 0.770 0.177     (0.000,0.389) (0.000,1.000) (0.000,1.000) 
123      426    (0)    1 :  0.019 0.020 0.961     (0.000,0.103) (0.000,0.124) (0.758,1.000) 
124      430    (7)    1 :  0.008 0.973 0.019     (0.000,0.041) (0.837,1.000) (0.000,0.110) 
125      435    (0)    1 :  0.005 0.987 0.008     (0.000,0.024) (0.923,1.000) (0.000,0.042) 
126      476    (0)    1 :  0.026 0.007 0.968     (0.000,0.163) (0.000,0.036) (0.811,1.000) 
127      478    (0)    1 :  0.010 0.007 0.984     (0.000,0.055) (0.000,0.035) (0.899,1.000) 
128      484    (0)    1 :  0.008 0.984 0.009     (0.000,0.039) (0.897,1.000) (0.000,0.049) 
129      489    (0)    1 :  0.025 0.293 0.682     (0.000,0.125) (0.000,1.000) (0.000,1.000) 
130      492   (14)    1 :  0.975 0.018 0.007     (0.840,1.000) (0.000,0.116) (0.000,0.037) 
131      493    (0)    1 :  0.983 0.009 0.008     (0.896,1.000) (0.000,0.049) (0.000,0.043) 
132      494    (0)    1 :  0.971 0.007 0.023     (0.806,1.000) (0.000,0.037) (0.000,0.164) 
133      500    (0)    1 :  0.011 0.004 0.985     (0.000,0.049) (0.000,0.021) (0.921,1.000) 
134      504    (0)    1 :  0.116 0.822 0.062     (0.000,0.719) (0.207,1.000) (0.000,0.412) 
135      506    (0)    1 :  0.013 0.922 0.065     (0.000,0.066) (0.545,1.000) (0.000,0.426) 


Estimated Allele Frequencies in each cluster
First column gives estimated ancestral frequencies


Locus 1 : Rsu5 
5 alleles
1.5% missing data
 137   (0.674) 0.665 0.699 0.951 
 135   (0.102) 0.099 0.048 0.024 
 139   (0.162) 0.191 0.039 0.022 
 133   (0.025) 0.022 0.002 0.001 
 131   (0.037) 0.023 0.213 0.002 

Locus 2 : Scv1 
5 alleles
0.7% missing data
 181   (0.546) 0.584 0.351 0.752 
 179   (0.209) 0.211 0.215 0.100 
 177   (0.096) 0.078 0.185 0.046 
 185   (0.117) 0.094 0.247 0.100 
 171   (0.032) 0.033 0.002 0.002 

Locus 3 : Rsu4 
9 alleles
0.0% missing data
 267   (0.251) 0.282 0.088 0.194 
 263   (0.283) 0.269 0.430 0.467 
 259   (0.032) 0.020 0.002 0.184 
 287   (0.155) 0.142 0.210 0.131 
 275   (0.062) 0.077 0.007 0.003 
 279   (0.088) 0.092 0.083 0.007 
 283   (0.058) 0.049 0.175 0.003 
 291   (0.041) 0.036 0.003 0.010 
 271   (0.031) 0.032 0.002 0.002 

Locus 4 : Rsu6 
5 alleles
0.0% missing data
 120   (0.238) 0.225 0.221 0.323 
 126   (0.617) 0.636 0.769 0.519 
 124   (0.074) 0.067 0.006 0.148 
 130   (0.047) 0.056 0.003 0.002 
 114   (0.024) 0.015 0.002 0.008 

Locus 5 : Scv23 
3 alleles
1.5% missing data
 158   (0.491) 0.484 0.626 0.553 
 164   (0.243) 0.256 0.118 0.189 
 160   (0.266) 0.260 0.256 0.258 

Locus 6 : Scv13 
5 alleles
0.0% missing data
 182   (0.707) 0.708 0.810 0.893 
 180   (0.092) 0.096 0.006 0.088 
 172   (0.067) 0.061 0.129 0.004 
 184   (0.087) 0.096 0.011 0.013 
 174   (0.047) 0.039 0.044 0.002 

Locus 7 : Scv32 
18 alleles
0.7% missing data
 236   (0.057) 0.085 0.004 0.003 
 238   (0.043) 0.038 0.092 0.002 
 234   (0.089) 0.072 0.382 0.148 
 246   (0.043) 0.032 0.008 0.188 
 248   (0.113) 0.131 0.023 0.151 
 262   (0.091) 0.085 0.063 0.157 
 232   (0.214) 0.262 0.206 0.119 
 250   (0.033) 0.025 0.005 0.068 
 228   (0.027) 0.030 0.002 0.001 
 220   (0.036) 0.027 0.002 0.109 
 264   (0.057) 0.052 0.033 0.023 
 252   (0.033) 0.022 0.061 0.007 
 254   (0.035) 0.028 0.069 0.002 
 242   (0.027) 0.030 0.002 0.001 
 266   (0.025) 0.018 0.027 0.001 
 244   (0.038) 0.030 0.017 0.012 
 226   (0.020) 0.013 0.001 0.007 
 240   (0.020) 0.019 0.001 0.001 

Locus 8 : Scv8 
6 alleles
0.7% missing data
 200   (0.621) 0.643 0.601 0.769 
 202   (0.107) 0.122 0.075 0.005 
 194   (0.075) 0.054 0.072 0.099 
 204   (0.049) 0.042 0.003 0.045 
 198   (0.094) 0.097 0.008 0.079 
 188   (0.054) 0.042 0.241 0.003 

Locus 9 : Scv9 
5 alleles
0.0% missing data
 198   (0.273) 0.261 0.459 0.319 
 200   (0.395) 0.435 0.182 0.430 
 196   (0.258) 0.257 0.309 0.200 
 204   (0.051) 0.033 0.039 0.050 
 202   (0.023) 0.014 0.010 0.001 

Locus 10 : Rsu1 
6 alleles
0.0% missing data
 189   (0.383) 0.441 0.214 0.182 
 185   (0.229) 0.215 0.498 0.177 
 177   (0.075) 0.060 0.034 0.075 
 181   (0.246) 0.240 0.250 0.301 
 193   (0.036) 0.025 0.002 0.156 
 197   (0.032) 0.020 0.002 0.108 

Locus 11 : Scv14 
7 alleles
4.4% missing data
 196   (0.462) 0.449 0.620 0.859 
 198   (0.095) 0.103 0.091 0.005 
 194   (0.160) 0.168 0.087 0.062 
 202   (0.212) 0.224 0.193 0.067 
 204   (0.024) 0.021 0.002 0.001 
 190   (0.024) 0.017 0.002 0.004 
 200   (0.023) 0.018 0.005 0.001 

Locus 12 : Scv16 
7 alleles
0.0% missing data
 182   (0.365) 0.355 0.493 0.516 
 184   (0.445) 0.474 0.390 0.410 
 188   (0.087) 0.096 0.006 0.069 
 200   (0.023) 0.020 0.001 0.001 
 198   (0.029) 0.018 0.069 0.001 
 190   (0.027) 0.017 0.039 0.001 
 186   (0.024) 0.020 0.002 0.001 

Locus 13 : Scv31 
15 alleles
3.0% missing data
 193   (0.128) 0.126 0.145 0.146 
 201   (0.124) 0.152 0.026 0.053 
 187   (0.061) 0.044 0.050 0.226 
 207   (0.027) 0.017 0.002 0.137 
 195   (0.056) 0.038 0.095 0.062 
 185   (0.139) 0.135 0.304 0.102 
 189   (0.112) 0.150 0.007 0.045 
 205   (0.021) 0.019 0.001 0.001 
 191   (0.117) 0.101 0.257 0.178 
 197   (0.033) 0.022 0.061 0.008 
 199   (0.053) 0.054 0.042 0.003 
 203   (0.035) 0.042 0.002 0.002 
 209   (0.029) 0.031 0.002 0.001 
 213   (0.041) 0.053 0.003 0.002 
 181   (0.024) 0.015 0.002 0.035 

Locus 14 : Scv6 
8 alleles
0.0% missing data
 191   (0.149) 0.172 0.015 0.130 
 195   (0.339) 0.327 0.442 0.540 
 197   (0.158) 0.136 0.243 0.278 
 201   (0.106) 0.126 0.057 0.006 
 205   (0.032) 0.033 0.002 0.002 
 193   (0.092) 0.094 0.133 0.005 
 199   (0.092) 0.079 0.106 0.038 
 181   (0.031) 0.033 0.002 0.001 

Values of parameters used in structure:
DATAFILE=M:\STRUCTURE\Squirrel_135_ID_14L_20250816\project_data,	OUTFILE=M:\STRUCTURE\Squirrel_135_ID_14L_20250816\10k_Burnin_100k_MCMC\Results\10k_Burnin_100k_MCMC_run_67,	NUMINDS=135,	NUMLOCI=14,	MISSING=-9,	LABEL=1,	POPDATA=1,	POPFLAG=0,	PHENOTYPE=0,	EXTRACOLS=1,	MAXPOPS=3,	BURNIN=10000,	NUMREPS=100000,	USEPOPINFO=0,	INFERALPHA=1,	INFERLAMBDA=1,	POPSPECIFICLAMBDA=0,	POPALPHAS=0,	COMPUTEPROB=1,	NOADMIX=0,	ADMBURNIN=2500,	UPDATEFREQ=1,	PRINTLIKES=0,	INTERMEDSAVE=0,	PRINTKLD=0,	PRINTNET=0,	PRINTLAMBDA=0,	ANCESTDIST=1,	NUMBOXES=1000,	ANCESTPINT=0.90000,	GENSBACK=2,	MIGRPRIOR=0.05000,	PRINTQHAT=1,	PRINTQSUM=0,	ALPHA=1.0000,	FREQSCORR=1,	FPRIORMEAN=0.0100,	FPRIORSD=0.0500,	ONEFST=0,	LAMBDA=1.0000,	UNIFPRIORALPHA=1,	ALPHAMAX=10.0000,	ALPHAPRIORA=1.0000,	ALPHAPRIORB=2.0000,	ALPHAPROPSD=0.0250,	STARTATPOPINFO=0,	RANDOMIZE=1,	LINKAGE=0,	METROFREQ=10,	REPORTHITRATE=0,	MARKOVPHASE=-1,	PHASED=0,	PLOIDY=2,	PHASEINFO=0	LOCPRIOR=0, 	LOCPRIORINIT=1.000000, 	LOCDATA=0, 	LOCISPOP=0, 	LOCPRIORSTEP=0.100000, 	MAXLOCPRIOR=20.000000, 	SEED=1763639221,	
[STRAT parameters]:    NUMSIMSTATS=1000,	PHENOTYPECOL=-9,	POOLFREQ=10,	LOCUSxONLY=0,	EMERROR=0.00100,	MISSINGPHENO=-9,	