          1*  1 0.6686 0.0228 0.0229 0.1768 0.0047 0.0265 0.0129 0.0111 0.0158 0.0378 
           3  1 0.0052 0.0040 0.0060 0.0066 0.0045 0.0056 0.0086 0.0058 0.9473 0.0065 
           6  1 0.0059 0.0065 0.0111 0.0242 0.0097 0.0084 0.0112 0.0158 0.8949 0.0124 
           8  1 0.0159 0.0117 0.2610 0.0046 0.0036 0.0309 0.0132 0.6391 0.0097 0.0103 
          10  1 0.0065 0.0085 0.0067 0.0048 0.0043 0.8902 0.0036 0.0598 0.0088 0.0068 
          11  1 0.2697 0.0335 0.1514 0.0543 0.0282 0.0170 0.0086 0.0460 0.0214 0.3700 
          12  1 0.0043 0.0033 0.0052 0.0078 0.0046 0.9529 0.0037 0.0067 0.0058 0.0057 
          16  1 0.0060 0.0050 0.0082 0.0052 0.0049 0.0079 0.0045 0.0123 0.9394 0.0065 
          18  1 0.9455 0.0037 0.0091 0.0040 0.0039 0.0064 0.0064 0.0077 0.0064 0.0069 
          19  1 0.3174 0.0180 0.0978 0.0075 0.0491 0.0093 0.0295 0.0484 0.0129 0.4100 
          21  1 0.0056 0.0059 0.0093 0.0071 0.0064 0.0072 0.0047 0.0257 0.9188 0.0092 
          23  1 0.0116 0.0087 0.0324 0.4314 0.0299 0.3658 0.0086 0.0169 0.0145 0.0803 
          24  1 0.0459 0.1880 0.0493 0.0185 0.0266 0.3984 0.0072 0.1262 0.0136 0.1261 
          25  1 0.0145 0.0143 0.0498 0.2961 0.0055 0.4752 0.0058 0.0482 0.0386 0.0520 
         26*  1 0.0146 0.0316 0.0199 0.0140 0.0045 0.1784 0.0077 0.5156 0.1885 0.0251 
          28  1 0.0064 0.0184 0.1425 0.0136 0.0053 0.3505 0.0066 0.3683 0.0793 0.0092 
          29  1 0.0138 0.0152 0.0113 0.0055 0.0050 0.8924 0.0057 0.0365 0.0058 0.0088 
          30  1 0.0221 0.0130 0.0368 0.0262 0.0070 0.1619 0.3424 0.1754 0.1619 0.0534 
          33  1 0.8019 0.0062 0.0167 0.0209 0.0555 0.0047 0.0154 0.0045 0.0056 0.0687 
          37  1 0.8790 0.0145 0.0110 0.0111 0.0080 0.0415 0.0059 0.0075 0.0093 0.0121 
          38  1 0.9159 0.0125 0.0141 0.0045 0.0044 0.0134 0.0049 0.0079 0.0084 0.0141 
          43  1 0.0060 0.0131 0.0257 0.0146 0.0050 0.8223 0.0069 0.0662 0.0304 0.0098 
          44  1 0.0076 0.0036 0.2086 0.0049 0.0052 0.0057 0.0195 0.4581 0.2727 0.0141 
          48  1 0.9485 0.0041 0.0064 0.0045 0.0034 0.0061 0.0059 0.0054 0.0086 0.0070 
          55  1 0.0118 0.0142 0.2655 0.0468 0.0067 0.0093 0.0159 0.4524 0.1519 0.0255 
          59  1 0.0070 0.0041 0.0066 0.0064 0.0036 0.0049 0.0079 0.0071 0.9463 0.0061 
          60  1 0.0095 0.0038 0.0068 0.9252 0.0081 0.0197 0.0053 0.0043 0.0073 0.0101 
          61  1 0.0081 0.0101 0.0360 0.2565 0.4679 0.0072 0.0643 0.0112 0.0131 0.1257 
          62  1 0.0225 0.0288 0.1994 0.0744 0.2657 0.0406 0.0131 0.0122 0.0140 0.3293 
          65  1 0.8045 0.0193 0.0354 0.0132 0.0136 0.0064 0.0222 0.0076 0.0056 0.0722 
          73  1 0.0074 0.0149 0.0259 0.0381 0.0054 0.1184 0.7558 0.0090 0.0073 0.0178 
          75  1 0.0089 0.0054 0.0066 0.0042 0.9092 0.0036 0.0384 0.0049 0.0075 0.0113 
          76  1 0.0040 0.0028 0.0067 0.0092 0.9100 0.0100 0.0052 0.0046 0.0050 0.0425 
          77  1 0.0064 0.0067 0.0070 0.1676 0.7759 0.0095 0.0050 0.0047 0.0052 0.0120 
          78  1 0.0109 0.0107 0.0333 0.0228 0.2552 0.0174 0.5978 0.0101 0.0062 0.0356 
          79  1 0.0102 0.0121 0.0141 0.0069 0.7816 0.0043 0.0708 0.0096 0.0044 0.0862 
          84  1 0.0062 0.0574 0.0245 0.0226 0.0107 0.0172 0.0092 0.0385 0.7690 0.0447 
          85  1 0.0097 0.0136 0.1608 0.0064 0.0057 0.0060 0.0103 0.7602 0.0076 0.0197 
          86  1 0.0117 0.0255 0.0905 0.0087 0.0082 0.0099 0.0168 0.7461 0.0044 0.0781 
          89  1 0.0194 0.0182 0.0431 0.0568 0.0289 0.1755 0.0076 0.0220 0.5513 0.0772 
          94  1 0.0129 0.0031 0.0092 0.0057 0.0042 0.9391 0.0048 0.0076 0.0060 0.0074 
          95  1 0.0139 0.0037 0.0092 0.0163 0.0054 0.0056 0.0146 0.0172 0.9015 0.0127 
          96  1 0.0054 0.0053 0.0120 0.0049 0.0062 0.0095 0.0056 0.9380 0.0053 0.0077 
          98  1 0.0066 0.0745 0.0532 0.5347 0.0413 0.0084 0.0608 0.0077 0.0057 0.2071 
         102  1 0.6201 0.0198 0.0578 0.0151 0.0114 0.0166 0.0065 0.0054 0.0285 0.2188 
         105  1 0.0075 0.0042 0.0045 0.0042 0.0037 0.0047 0.9561 0.0046 0.0056 0.0049 
         106  1 0.0175 0.0157 0.1776 0.0196 0.3528 0.0042 0.1473 0.0153 0.0667 0.1834 
         108  1 0.0547 0.0088 0.0127 0.0381 0.0217 0.0078 0.8160 0.0095 0.0066 0.0241 
         109  1 0.0098 0.0083 0.0455 0.0483 0.0397 0.0069 0.7108 0.0169 0.0098 0.1040 
         112  1 0.0226 0.0106 0.2254 0.1638 0.1258 0.0508 0.0074 0.1885 0.0107 0.1942 
         115  1 0.4049 0.0325 0.0869 0.0706 0.0134 0.0432 0.0178 0.0111 0.0116 0.3081 
         116  1 0.0163 0.0103 0.5146 0.0049 0.0044 0.0167 0.0164 0.3777 0.0092 0.0295 
         117  1 0.0157 0.0110 0.0198 0.0428 0.0126 0.1659 0.0188 0.0765 0.6129 0.0241 
         129  1 0.0069 0.0053 0.0151 0.0066 0.0032 0.0113 0.0055 0.8659 0.0735 0.0068 
         132  1 0.0278 0.0172 0.0141 0.7909 0.0084 0.0963 0.0067 0.0060 0.0145 0.0179 
         133  1 0.0054 0.0634 0.0472 0.5601 0.0551 0.0058 0.0587 0.0043 0.0061 0.1940 
         137  1 0.0104 0.0078 0.0240 0.4919 0.3611 0.0180 0.0106 0.0105 0.0097 0.0560 
         139  1 0.0103 0.0088 0.0104 0.0054 0.9237 0.0059 0.0081 0.0072 0.0078 0.0124 
         140  1 0.0140 0.0047 0.0314 0.0523 0.0432 0.0051 0.7273 0.0148 0.0358 0.0713 
         142  1 0.0078 0.0062 0.0420 0.0302 0.6886 0.0116 0.0088 0.0071 0.0321 0.1655 
         144  1 0.0046 0.0038 0.0045 0.0066 0.0046 0.0037 0.9568 0.0037 0.0066 0.0050 
         145  1 0.0075 0.0199 0.2194 0.0469 0.2490 0.0046 0.0087 0.0055 0.0073 0.4311 
         147  1 0.0053 0.0108 0.0107 0.0053 0.0258 0.0037 0.9184 0.0074 0.0037 0.0088 
         160  1 0.0058 0.0036 0.0046 0.0050 0.0039 0.9551 0.0044 0.0065 0.0067 0.0046 
        162*  1 0.0051 0.0058 0.0135 0.0052 0.0068 0.0109 0.0058 0.9334 0.0053 0.0080 
         166  1 0.0048 0.0057 0.0066 0.9313 0.0083 0.0045 0.0156 0.0054 0.0087 0.0091 
         177  1 0.0035 0.0031 0.0042 0.0050 0.9648 0.0036 0.0038 0.0033 0.0038 0.0050 
         178  1 0.0094 0.0346 0.0123 0.0245 0.8150 0.0280 0.0147 0.0134 0.0078 0.0404 
         186  1 0.0043 0.0030 0.0044 0.0044 0.0037 0.0050 0.0035 0.0050 0.9625 0.0042 
         189  1 0.0061 0.0047 0.5075 0.0042 0.0070 0.0137 0.0039 0.4375 0.0067 0.0086 
         190  1 0.0148 0.0348 0.0264 0.0266 0.0123 0.0618 0.0077 0.7490 0.0374 0.0291 
         191  1 0.0086 0.0049 0.4381 0.0084 0.0140 0.0143 0.0219 0.1611 0.3044 0.0243 
         193  1 0.0105 0.0153 0.2347 0.0826 0.1717 0.0144 0.0151 0.0118 0.0256 0.4183 
         202  1 0.0361 0.0318 0.0854 0.0903 0.0086 0.2051 0.0085 0.2375 0.0118 0.2849 
         204  1 0.0047 0.0032 0.0063 0.0052 0.0035 0.0082 0.0057 0.7794 0.1786 0.0052 
         211  1 0.0153 0.0141 0.0258 0.6660 0.0602 0.0697 0.0818 0.0107 0.0152 0.0412 
         216  1 0.0052 0.0143 0.0133 0.3287 0.0317 0.0171 0.5596 0.0064 0.0049 0.0190 
         222  1 0.0234 0.0149 0.3659 0.0115 0.0081 0.0054 0.5187 0.0067 0.0047 0.0407 
         224  1 0.0080 0.0041 0.5806 0.0045 0.0050 0.0114 0.0071 0.3624 0.0078 0.0090 
         226  1 0.0079 0.0030 0.0066 0.0127 0.0047 0.0046 0.0044 0.0098 0.9327 0.0135 
         229  1 0.0183 0.1317 0.0589 0.0242 0.0239 0.0442 0.0156 0.5309 0.0196 0.1326 
         230  1 0.0173 0.0071 0.0819 0.0098 0.0464 0.0319 0.0165 0.6670 0.0322 0.0899 
         232  1 0.0216 0.0123 0.1650 0.1030 0.0576 0.2530 0.0136 0.0396 0.1092 0.2251 
         238  1 0.3119 0.0102 0.0908 0.0301 0.0823 0.0065 0.0301 0.0436 0.0056 0.3889 
         242  1 0.9060 0.0296 0.0096 0.0086 0.0040 0.0039 0.0080 0.0054 0.0061 0.0187 
         243  1 0.6009 0.0072 0.0594 0.0832 0.0183 0.0065 0.0160 0.0083 0.0222 0.1779 
         244  1 0.3765 0.0111 0.0880 0.0207 0.1727 0.0092 0.0067 0.0131 0.0058 0.2963 
         251  1 0.2958 0.0343 0.0928 0.0179 0.0164 0.0897 0.0107 0.0452 0.0081 0.3891 
         266  1 0.0963 0.0469 0.0563 0.1624 0.3610 0.0048 0.0097 0.0132 0.0098 0.2396 
         267  1 0.0167 0.0113 0.0208 0.1055 0.0104 0.0061 0.7250 0.0197 0.0431 0.0415 
         268  1 0.0075 0.0863 0.0127 0.2700 0.4038 0.0419 0.1108 0.0049 0.0068 0.0552 
         270  1 0.0155 0.0093 0.0965 0.0097 0.0059 0.0296 0.0211 0.7733 0.0246 0.0144 
         276  1 0.0142 0.0092 0.3868 0.0316 0.0308 0.0214 0.0278 0.1657 0.2581 0.0545 
         298  1 0.0108 0.0287 0.0138 0.0681 0.1696 0.0108 0.6335 0.0074 0.0200 0.0372 
         306  1 0.0124 0.0118 0.0853 0.6684 0.0225 0.0055 0.0109 0.0065 0.0076 0.1692 
         308  1 0.0388 0.0105 0.0485 0.0384 0.5818 0.0701 0.0856 0.0128 0.0076 0.1060 
         311  1 0.0428 0.0221 0.2183 0.0710 0.0109 0.0117 0.1113 0.0340 0.0069 0.4711 
         323  1 0.0080 0.0044 0.0058 0.0049 0.0039 0.0042 0.0071 0.0072 0.9482 0.0065 
         327  1 0.0195 0.0202 0.0450 0.0348 0.0064 0.2542 0.0102 0.5312 0.0193 0.0591 
         334  1 0.0086 0.9523 0.0080 0.0042 0.0038 0.0054 0.0056 0.0043 0.0030 0.0047 
         338  1 0.0165 0.0111 0.1783 0.1065 0.0212 0.0260 0.1972 0.0372 0.0217 0.3842 
         341  1 0.0134 0.0052 0.0065 0.0343 0.0062 0.0071 0.0057 0.0085 0.9040 0.0090 
         346  1 0.0071 0.0046 0.0087 0.6221 0.2845 0.0316 0.0053 0.0096 0.0103 0.0162 
         348  1 0.0170 0.0132 0.0728 0.0125 0.1949 0.0060 0.5570 0.0086 0.0070 0.1109 
         351  1 0.1478 0.1664 0.0362 0.4482 0.0123 0.0398 0.0083 0.0073 0.0138 0.1199 
         362  1 0.0053 0.0037 0.0084 0.0062 0.0046 0.0344 0.0063 0.8627 0.0607 0.0077 
         364  1 0.8560 0.0195 0.0152 0.0299 0.0111 0.0106 0.0080 0.0058 0.0100 0.0338 
         366  1 0.8544 0.0045 0.0154 0.0311 0.0071 0.0069 0.0188 0.0163 0.0094 0.0361 
         376  1 0.0059 0.0042 0.0148 0.0109 0.0146 0.0149 0.0036 0.0217 0.8961 0.0133 
         377  1 0.0097 0.0074 0.5356 0.0141 0.0077 0.2427 0.0134 0.1179 0.0137 0.0378 
         378  1 0.0046 0.0043 0.0088 0.0164 0.0151 0.9147 0.0057 0.0071 0.0128 0.0104 
         388  1 0.0175 0.0291 0.0575 0.2454 0.0144 0.0302 0.5073 0.0141 0.0108 0.0737 
         391  1 0.0120 0.0037 0.0252 0.3096 0.0099 0.1295 0.0142 0.0082 0.4153 0.0724 
         396  1 0.0093 0.0277 0.1087 0.0506 0.0181 0.0206 0.0140 0.6060 0.0456 0.0995 
         400  1 0.0811 0.0372 0.4748 0.0066 0.0071 0.2318 0.0069 0.1154 0.0078 0.0313 
         401  1 0.0849 0.0211 0.0839 0.0094 0.0943 0.0093 0.0057 0.3868 0.0435 0.2610 
         406  1 0.0425 0.0107 0.0760 0.4138 0.0283 0.0123 0.0729 0.0158 0.0964 0.2313 
         412  1 0.0166 0.0143 0.1533 0.2895 0.0226 0.0237 0.0389 0.0309 0.0201 0.3902 
         413  1 0.0210 0.1450 0.2055 0.0179 0.1899 0.0058 0.0177 0.0213 0.0041 0.3718 
         421  1 0.0095 0.0077 0.5501 0.0220 0.0198 0.0085 0.0115 0.3199 0.0146 0.0365 
         423  1 0.0153 0.0051 0.6112 0.0062 0.0071 0.0074 0.0223 0.2671 0.0192 0.0391 
         424  1 0.0234 0.0088 0.0610 0.5260 0.0164 0.0183 0.0174 0.0112 0.1472 0.1703 
         426  1 0.0281 0.0103 0.0392 0.1183 0.0247 0.6098 0.0083 0.0262 0.0841 0.0510 
         430  1 0.0054 0.0199 0.1108 0.4883 0.0397 0.0109 0.0195 0.0098 0.0185 0.2773 
         435  1 0.0040 0.0072 0.0907 0.0206 0.6329 0.0127 0.0250 0.0056 0.0046 0.1967 
         476  1 0.0246 0.0054 0.0189 0.0080 0.0205 0.0125 0.0043 0.1405 0.7342 0.0311 
         478  1 0.0257 0.0086 0.0817 0.0125 0.0059 0.0159 0.0087 0.1349 0.6839 0.0223 
         484  1 0.0064 0.0172 0.0154 0.2855 0.0397 0.0082 0.5629 0.0073 0.0187 0.0387 
         489  1 0.0052 0.0058 0.4213 0.0432 0.0075 0.3573 0.0808 0.0216 0.0080 0.0494 
         492  1 0.0066 0.9581 0.0069 0.0054 0.0038 0.0036 0.0040 0.0034 0.0035 0.0048 
         493  1 0.9165 0.0043 0.0107 0.0101 0.0068 0.0092 0.0065 0.0086 0.0067 0.0206 
         494  1 0.7507 0.0130 0.0420 0.0061 0.0066 0.0380 0.0074 0.0134 0.0097 0.1131 
         500  1 0.0081 0.0029 0.0211 0.0058 0.0042 0.0085 0.0042 0.9007 0.0366 0.0079 
         504  1 0.0268 0.0710 0.0348 0.0779 0.0216 0.0541 0.5827 0.0572 0.0109 0.0630 
         506  1 0.0050 0.0033 0.0067 0.0079 0.0037 0.0048 0.9273 0.0208 0.0125 0.0080 
