

----------------------------------------------------
STRUCTURE by Pritchard, Stephens and Donnelly (2000)
     and Falush, Stephens and Pritchard (2003)
       Code by Pritchard, Falush and Hubisz
             Version 2.3.4 (Jul 2012)
----------------------------------------------------



Command line arguments:   bin\structure -m M:\STRUCTURE\Squirrel_135_ID_14L_20250816\10k_Burnin_100k_MCMC\mainparams -e M:\STRUCTURE\Squirrel_135_ID_14L_20250816\10k_Burnin_100k_MCMC\extraparams 
Input File:    M:\STRUCTURE\Squirrel_135_ID_14L_20250816\project_data

Run parameters:
   135 individuals
   14 loci
   9 populations assumed
   10000 Burn-in period
   100000 Reps


--------------------------------------------
Proportion of membership of each pre-defined
 population in each of the 9 clusters

Given    Inferred Clusters                                                 Number of
 Pop       1      2      3      4      5      6      7      8      9      Individuals

  1:     0.096  0.033  0.100  0.114  0.124  0.101  0.137  0.171  0.122      135
--------------------------------------------

Allele-freq. divergence among pops (Net nucleotide distance),
computed using point estimates of P.

      1       2       3       4       5       6       7       8       9      
 1      -    0.1271  0.0233  0.0624  0.0353  0.0784  0.0576  0.0320  0.0482  
 2   0.1271     -    0.1534  0.1804  0.1561  0.2364  0.2438  0.1779  0.1936  
 3   0.0233  0.1534     -    0.0906  0.0844  0.1173  0.0718  0.0674  0.0999  
 4   0.0624  0.1804  0.0906     -    0.0890  0.1770  0.1258  0.0936  0.1163  
 5   0.0353  0.1561  0.0844  0.0890     -    0.0983  0.0836  0.0805  0.0691  
 6   0.0784  0.2364  0.1173  0.1770  0.0983     -    0.1171  0.0858  0.1141  
 7   0.0576  0.2438  0.0718  0.1258  0.0836  0.1171     -    0.0740  0.1224  
 8   0.0320  0.1779  0.0674  0.0936  0.0805  0.0858  0.0740     -    0.0882  
 9   0.0482  0.1936  0.0999  0.1163  0.0691  0.1141  0.1224  0.0882     -    

Average distances (expected heterozygosity) between individuals in same cluster:
cluster  1  : 0.6675 
cluster  2  : 0.4541 
cluster  3  : 0.6347 
cluster  4  : 0.5215 
cluster  5  : 0.5381 
cluster  6  : 0.4050 
cluster  7  : 0.4597 
cluster  8  : 0.5464 
cluster  9  : 0.5814 

--------------------------------------------
Estimated Ln Prob of Data   = -4310.1
Mean value of ln likelihood = -3999.3
Variance of ln likelihood   = 621.6
Mean value of alpha         = 0.0413

Mean value of lambda        = 0.9388

Mean value of Fst_1         = 0.0085
Mean value of Fst_2         = 0.4755
Mean value of Fst_3         = 0.1113
Mean value of Fst_4         = 0.2427
Mean value of Fst_5         = 0.2190
Mean value of Fst_6         = 0.3553
Mean value of Fst_7         = 0.2970
Mean value of Fst_8         = 0.1969
Mean value of Fst_9         = 0.1977


Inferred ancestry of individuals:
        Label (%Miss) Pop:  Inferred clusters (and 90% probability intervals)
  1       1*    (0)    1 :  0.095 0.023 0.673 0.013 0.132 0.035 0.015 0.009 0.005     (0.000,0.849) (0.000,0.160) (0.000,1.000) (0.000,0.075) (0.000,0.529) (0.000,0.250) (0.000,0.096) (0.000,0.052) (0.000,0.026) 
  2        3    (0)    1 :  0.005 0.004 0.005 0.009 0.007 0.005 0.954 0.006 0.004     (0.000,0.028) (0.000,0.022) (0.000,0.028) (0.000,0.051) (0.000,0.039) (0.000,0.028) (0.799,1.000) (0.000,0.033) (0.000,0.023) 
  3        6    (0)    1 :  0.009 0.006 0.005 0.011 0.021 0.007 0.915 0.017 0.010     (0.000,0.047) (0.000,0.034) (0.000,0.026) (0.000,0.065) (0.000,0.152) (0.000,0.037) (0.645,1.000) (0.000,0.107) (0.000,0.058) 
  4        8    (0)    1 :  0.015 0.010 0.014 0.012 0.005 0.020 0.009 0.911 0.003     (0.000,0.077) (0.000,0.057) (0.000,0.097) (0.000,0.079) (0.000,0.024) (0.000,0.134) (0.000,0.049) (0.633,1.000) (0.000,0.017) 
  5       10    (0)    1 :  0.009 0.012 0.007 0.004 0.005 0.906 0.012 0.043 0.004     (0.000,0.050) (0.000,0.077) (0.000,0.038) (0.000,0.019) (0.000,0.023) (0.626,1.000) (0.000,0.079) (0.000,0.287) (0.000,0.021) 
  6       11    (0)    1 :  0.639 0.018 0.155 0.009 0.040 0.015 0.021 0.066 0.037     (0.000,1.000) (0.000,0.083) (0.000,0.896) (0.000,0.050) (0.000,0.293) (0.000,0.100) (0.000,0.147) (0.000,0.499) (0.000,0.270) 
  7       12    (0)    1 :  0.004 0.003 0.004 0.004 0.007 0.963 0.006 0.005 0.004     (0.000,0.024) (0.000,0.016) (0.000,0.019) (0.000,0.019) (0.000,0.039) (0.835,1.000) (0.000,0.031) (0.000,0.024) (0.000,0.022) 
  8       16    (7)    1 :  0.006 0.005 0.006 0.004 0.005 0.007 0.949 0.012 0.005     (0.000,0.031) (0.000,0.024) (0.000,0.031) (0.000,0.023) (0.000,0.027) (0.000,0.039) (0.777,1.000) (0.000,0.071) (0.000,0.029) 
  9       18    (0)    1 :  0.008 0.003 0.951 0.006 0.004 0.007 0.007 0.008 0.004     (0.000,0.043) (0.000,0.018) (0.787,1.000) (0.000,0.035) (0.000,0.022) (0.000,0.042) (0.000,0.040) (0.000,0.048) (0.000,0.020) 
 10       19    (0)    1 :  0.813 0.019 0.068 0.022 0.007 0.008 0.013 0.024 0.024     (0.000,1.000) (0.000,0.049) (0.000,0.565) (0.000,0.139) (0.000,0.037) (0.000,0.046) (0.000,0.080) (0.000,0.171) (0.000,0.171) 
 11       21    (7)    1 :  0.008 0.006 0.006 0.005 0.007 0.007 0.937 0.019 0.007     (0.000,0.041) (0.000,0.032) (0.000,0.028) (0.000,0.027) (0.000,0.036) (0.000,0.034) (0.729,1.000) (0.000,0.134) (0.000,0.037) 
 12       23    (7)    1 :  0.040 0.011 0.011 0.009 0.400 0.461 0.019 0.013 0.037     (0.000,0.277) (0.000,0.055) (0.000,0.066) (0.000,0.049) (0.000,0.994) (0.000,0.966) (0.000,0.132) (0.000,0.087) (0.000,0.261) 
 13       24    (7)    1 :  0.244 0.213 0.034 0.008 0.013 0.354 0.019 0.090 0.024     (0.000,0.979) (0.000,0.645) (0.000,0.256) (0.000,0.046) (0.000,0.080) (0.000,0.859) (0.000,0.140) (0.000,0.527) (0.000,0.168) 
 14       25    (7)    1 :  0.080 0.018 0.013 0.005 0.221 0.488 0.061 0.107 0.008     (0.000,0.562) (0.000,0.119) (0.000,0.080) (0.000,0.028) (0.000,0.768) (0.000,0.927) (0.000,0.359) (0.000,0.441) (0.000,0.044) 
 15      26*    (0)    1 :  0.052 0.055 0.016 0.008 0.010 0.179 0.289 0.387 0.005     (0.000,0.368) (0.000,0.304) (0.000,0.109) (0.000,0.039) (0.000,0.057) (0.000,0.630) (0.000,0.844) (0.000,0.977) (0.000,0.023) 
 16       28    (0)    1 :  0.008 0.015 0.006 0.005 0.012 0.118 0.050 0.779 0.006     (0.000,0.044) (0.000,0.104) (0.000,0.031) (0.000,0.029) (0.000,0.077) (0.000,0.771) (0.000,0.387) (0.000,1.000) (0.000,0.030) 
 17       29    (0)    1 :  0.012 0.020 0.013 0.006 0.005 0.909 0.006 0.024 0.005     (0.000,0.070) (0.000,0.136) (0.000,0.087) (0.000,0.030) (0.000,0.028) (0.637,1.000) (0.000,0.033) (0.000,0.170) (0.000,0.027) 
 18       30    (0)    1 :  0.100 0.018 0.024 0.316 0.030 0.128 0.228 0.149 0.007     (0.000,0.825) (0.000,0.100) (0.000,0.132) (0.000,0.760) (0.000,0.218) (0.000,0.641) (0.000,0.846) (0.000,0.762) (0.000,0.034) 
 19       33    (0)    1 :  0.155 0.008 0.752 0.018 0.019 0.005 0.006 0.005 0.032     (0.000,0.986) (0.000,0.036) (0.000,1.000) (0.000,0.128) (0.000,0.135) (0.000,0.028) (0.000,0.032) (0.000,0.024) (0.000,0.229) 
 20       37    (0)    1 :  0.014 0.013 0.883 0.006 0.011 0.046 0.009 0.009 0.009     (0.000,0.068) (0.000,0.089) (0.564,1.000) (0.000,0.034) (0.000,0.069) (0.000,0.316) (0.000,0.051) (0.000,0.048) (0.000,0.053) 
 21       38    (0)    1 :  0.031 0.011 0.914 0.005 0.004 0.015 0.008 0.009 0.004     (0.000,0.172) (0.000,0.065) (0.645,1.000) (0.000,0.024) (0.000,0.023) (0.000,0.103) (0.000,0.048) (0.000,0.052) (0.000,0.021) 
 22       43    (0)    1 :  0.014 0.013 0.007 0.008 0.014 0.762 0.039 0.137 0.006     (0.000,0.084) (0.000,0.094) (0.000,0.035) (0.000,0.051) (0.000,0.100) (0.416,0.999) (0.000,0.253) (0.000,0.512) (0.000,0.032) 
 23       44    (0)    1 :  0.013 0.003 0.006 0.016 0.005 0.005 0.219 0.726 0.006     (0.000,0.057) (0.000,0.016) (0.000,0.033) (0.000,0.101) (0.000,0.024) (0.000,0.028) (0.000,0.626) (0.253,1.000) (0.000,0.030) 
 24       48    (0)    1 :  0.007 0.004 0.955 0.006 0.004 0.006 0.009 0.005 0.004     (0.000,0.035) (0.000,0.020) (0.800,1.000) (0.000,0.032) (0.000,0.023) (0.000,0.033) (0.000,0.049) (0.000,0.028) (0.000,0.019) 
 25       55    (0)    1 :  0.024 0.014 0.010 0.015 0.039 0.008 0.092 0.792 0.006     (0.000,0.147) (0.000,0.091) (0.000,0.057) (0.000,0.101) (0.000,0.281) (0.000,0.045) (0.000,0.511) (0.327,1.000) (0.000,0.033) 
 26       59    (0)    1 :  0.006 0.004 0.007 0.008 0.007 0.004 0.952 0.007 0.004     (0.000,0.030) (0.000,0.024) (0.000,0.040) (0.000,0.050) (0.000,0.041) (0.000,0.023) (0.791,1.000) (0.000,0.037) (0.000,0.020) 
 27       60    (0)    1 :  0.010 0.005 0.011 0.006 0.928 0.022 0.007 0.004 0.007     (0.000,0.051) (0.000,0.024) (0.000,0.066) (0.000,0.030) (0.695,1.000) (0.000,0.163) (0.000,0.038) (0.000,0.022) (0.000,0.037) 
 28       61    (0)    1 :  0.017 0.007 0.007 0.054 0.412 0.007 0.014 0.012 0.470     (0.000,0.104) (0.000,0.037) (0.000,0.036) (0.000,0.358) (0.000,0.996) (0.000,0.035) (0.000,0.087) (0.000,0.066) (0.000,0.996) 
 29       62    (0)    1 :  0.078 0.027 0.023 0.017 0.107 0.032 0.016 0.021 0.679     (0.000,0.698) (0.000,0.175) (0.000,0.161) (0.000,0.119) (0.000,0.813) (0.000,0.246) (0.000,0.101) (0.000,0.137) (0.000,1.000) 
 30       65    (0)    1 :  0.169 0.015 0.747 0.022 0.015 0.005 0.005 0.008 0.012     (0.000,0.986) (0.000,0.105) (0.000,1.000) (0.000,0.159) (0.000,0.106) (0.000,0.028) (0.000,0.028) (0.000,0.046) (0.000,0.081) 
 31       73    (0)    1 :  0.016 0.015 0.007 0.765 0.034 0.138 0.008 0.011 0.006     (0.000,0.098) (0.000,0.101) (0.000,0.037) (0.400,1.000) (0.000,0.256) (0.000,0.495) (0.000,0.042) (0.000,0.063) (0.000,0.031) 
 32       75    (0)    1 :  0.012 0.005 0.010 0.036 0.004 0.004 0.008 0.005 0.916     (0.000,0.071) (0.000,0.031) (0.000,0.061) (0.000,0.252) (0.000,0.020) (0.000,0.018) (0.000,0.047) (0.000,0.028) (0.651,1.000) 
 33       76    (0)    1 :  0.006 0.003 0.004 0.005 0.012 0.009 0.005 0.005 0.951     (0.000,0.034) (0.000,0.014) (0.000,0.019) (0.000,0.029) (0.000,0.070) (0.000,0.056) (0.000,0.027) (0.000,0.025) (0.789,1.000) 
 34       77    (0)    1 :  0.010 0.006 0.006 0.005 0.191 0.010 0.005 0.004 0.764     (0.000,0.057) (0.000,0.032) (0.000,0.032) (0.000,0.025) (0.000,0.912) (0.000,0.058) (0.000,0.023) (0.000,0.022) (0.000,1.000) 
 35       78    (0)    1 :  0.025 0.009 0.009 0.609 0.036 0.016 0.007 0.012 0.276     (0.000,0.163) (0.000,0.058) (0.000,0.054) (0.002,0.998) (0.000,0.272) (0.000,0.119) (0.000,0.036) (0.000,0.071) (0.000,0.854) 
 36       79    (0)    1 :  0.036 0.012 0.008 0.064 0.007 0.004 0.004 0.008 0.858     (0.000,0.254) (0.000,0.081) (0.000,0.046) (0.000,0.368) (0.000,0.038) (0.000,0.020) (0.000,0.023) (0.000,0.047) (0.513,1.000) 
 37       84    (0)    1 :  0.019 0.058 0.006 0.011 0.034 0.017 0.814 0.026 0.017     (0.000,0.127) (0.000,0.288) (0.000,0.031) (0.000,0.065) (0.000,0.250) (0.000,0.110) (0.466,1.000) (0.000,0.184) (0.000,0.114) 
 38       85    (0)    1 :  0.018 0.015 0.008 0.010 0.009 0.007 0.008 0.920 0.007     (0.000,0.091) (0.000,0.103) (0.000,0.043) (0.000,0.064) (0.000,0.052) (0.000,0.036) (0.000,0.042) (0.681,1.000) (0.000,0.036) 
 39       86    (0)    1 :  0.103 0.034 0.009 0.015 0.009 0.009 0.005 0.808 0.009     (0.000,0.646) (0.000,0.220) (0.000,0.049) (0.000,0.102) (0.000,0.050) (0.000,0.058) (0.000,0.025) (0.231,1.000) (0.000,0.047) 
 40       89    (0)    1 :  0.056 0.023 0.020 0.009 0.049 0.191 0.580 0.019 0.054     (0.000,0.401) (0.000,0.157) (0.000,0.131) (0.000,0.049) (0.000,0.362) (0.000,0.652) (0.000,0.962) (0.000,0.124) (0.000,0.340) 
 41       94    (0)    1 :  0.006 0.003 0.010 0.005 0.005 0.953 0.006 0.008 0.004     (0.000,0.033) (0.000,0.016) (0.000,0.058) (0.000,0.024) (0.000,0.028) (0.794,1.000) (0.000,0.031) (0.000,0.048) (0.000,0.021) 
 42       95    (0)    1 :  0.011 0.004 0.013 0.012 0.017 0.006 0.916 0.017 0.005     (0.000,0.058) (0.000,0.020) (0.000,0.079) (0.000,0.078) (0.000,0.111) (0.000,0.029) (0.645,1.000) (0.000,0.105) (0.000,0.025) 
 43       96    (0)    1 :  0.006 0.005 0.005 0.005 0.005 0.011 0.006 0.950 0.006     (0.000,0.034) (0.000,0.027) (0.000,0.024) (0.000,0.028) (0.000,0.028) (0.000,0.063) (0.000,0.031) (0.781,1.000) (0.000,0.032) 
 44       98    (0)    1 :  0.015 0.027 0.005 0.059 0.845 0.007 0.004 0.006 0.031     (0.000,0.071) (0.000,0.181) (0.000,0.025) (0.000,0.446) (0.000,1.000) (0.000,0.039) (0.000,0.023) (0.000,0.035) (0.000,0.189) 
 45      102    (0)    1 :  0.478 0.026 0.418 0.006 0.013 0.016 0.024 0.006 0.014     (0.000,1.000) (0.000,0.145) (0.000,0.998) (0.000,0.035) (0.000,0.083) (0.000,0.109) (0.000,0.178) (0.000,0.033) (0.000,0.097) 
 46      105    (0)    1 :  0.005 0.005 0.008 0.960 0.004 0.005 0.005 0.004 0.004     (0.000,0.029) (0.000,0.025) (0.000,0.046) (0.824,1.000) (0.000,0.022) (0.000,0.025) (0.000,0.030) (0.000,0.022) (0.000,0.020) 
 47      106    (0)    1 :  0.272 0.020 0.017 0.210 0.022 0.005 0.079 0.026 0.349     (0.000,0.995) (0.000,0.107) (0.000,0.110) (0.000,0.685) (0.000,0.141) (0.000,0.025) (0.000,0.384) (0.000,0.194) (0.000,0.956) 
 48      108    (0)    1 :  0.044 0.010 0.065 0.807 0.030 0.008 0.008 0.009 0.020     (0.000,0.315) (0.000,0.056) (0.000,0.393) (0.427,1.000) (0.000,0.200) (0.000,0.048) (0.000,0.042) (0.000,0.056) (0.000,0.140) 
 49      109    (0)    1 :  0.070 0.011 0.010 0.735 0.106 0.006 0.010 0.015 0.037     (0.000,0.528) (0.000,0.052) (0.000,0.055) (0.001,1.000) (0.000,0.623) (0.000,0.036) (0.000,0.066) (0.000,0.102) (0.000,0.263) 
 50      112    (0)    1 :  0.215 0.015 0.018 0.007 0.210 0.069 0.012 0.302 0.151     (0.000,0.989) (0.000,0.064) (0.000,0.117) (0.000,0.037) (0.000,0.790) (0.000,0.467) (0.000,0.074) (0.000,0.908) (0.000,0.798) 
 51      115    (0)    1 :  0.624 0.028 0.219 0.015 0.047 0.034 0.012 0.009 0.012     (0.000,1.000) (0.000,0.126) (0.000,0.990) (0.000,0.094) (0.000,0.356) (0.000,0.245) (0.000,0.073) (0.000,0.047) (0.000,0.073) 
 52      116    (0)    1 :  0.027 0.008 0.012 0.020 0.005 0.007 0.010 0.905 0.006     (0.000,0.167) (0.000,0.038) (0.000,0.077) (0.000,0.143) (0.000,0.025) (0.000,0.036) (0.000,0.053) (0.602,1.000) (0.000,0.034) 
 53      117    (0)    1 :  0.024 0.009 0.016 0.019 0.042 0.091 0.729 0.057 0.013     (0.000,0.158) (0.000,0.053) (0.000,0.109) (0.000,0.131) (0.000,0.320) (0.000,0.638) (0.000,1.000) (0.000,0.404) (0.000,0.075) 
 54      129    (0)    1 :  0.009 0.006 0.007 0.006 0.007 0.010 0.091 0.859 0.003     (0.000,0.051) (0.000,0.038) (0.000,0.042) (0.000,0.033) (0.000,0.037) (0.000,0.052) (0.000,0.549) (0.383,1.000) (0.000,0.016) 
 55      132    (0)    1 :  0.050 0.018 0.037 0.008 0.733 0.125 0.013 0.007 0.009     (0.000,0.377) (0.000,0.112) (0.000,0.262) (0.000,0.040) (0.000,1.000) (0.000,0.532) (0.000,0.081) (0.000,0.037) (0.000,0.052) 
 56      133    (0)    1 :  0.009 0.019 0.005 0.050 0.855 0.005 0.005 0.004 0.047     (0.000,0.047) (0.000,0.117) (0.000,0.024) (0.000,0.341) (0.000,1.000) (0.000,0.029) (0.000,0.027) (0.000,0.022) (0.000,0.351) 
 57      137    (7)    1 :  0.029 0.006 0.008 0.012 0.537 0.015 0.010 0.010 0.373     (0.000,0.193) (0.000,0.030) (0.000,0.047) (0.000,0.070) (0.000,0.999) (0.000,0.100) (0.000,0.051) (0.000,0.061) (0.000,0.994) 
 58      139    (0)    1 :  0.017 0.010 0.011 0.011 0.005 0.006 0.008 0.007 0.925     (0.000,0.097) (0.000,0.062) (0.000,0.069) (0.000,0.058) (0.000,0.029) (0.000,0.033) (0.000,0.050) (0.000,0.041) (0.695,1.000) 
 59      140    (0)    1 :  0.041 0.005 0.013 0.772 0.073 0.006 0.032 0.014 0.045     (0.000,0.275) (0.000,0.022) (0.000,0.073) (0.279,1.000) (0.000,0.489) (0.000,0.029) (0.000,0.237) (0.000,0.084) (0.000,0.310) 
 60      142    (0)    1 :  0.011 0.003 0.007 0.007 0.032 0.011 0.018 0.007 0.904     (0.000,0.055) (0.000,0.016) (0.000,0.035) (0.000,0.039) (0.000,0.234) (0.000,0.067) (0.000,0.129) (0.000,0.036) (0.592,1.000) 
 61      144    (0)    1 :  0.005 0.004 0.005 0.960 0.007 0.004 0.007 0.004 0.005     (0.000,0.028) (0.000,0.019) (0.000,0.024) (0.825,1.000) (0.000,0.042) (0.000,0.020) (0.000,0.037) (0.000,0.022) (0.000,0.026) 
 62      145    (0)    1 :  0.024 0.023 0.007 0.014 0.084 0.006 0.009 0.009 0.824     (0.000,0.108) (0.000,0.061) (0.000,0.041) (0.000,0.094) (0.000,0.899) (0.000,0.031) (0.000,0.049) (0.000,0.051) (0.000,1.000) 
 63      147    (0)    1 :  0.009 0.011 0.005 0.933 0.006 0.004 0.004 0.007 0.020     (0.000,0.050) (0.000,0.073) (0.000,0.029) (0.723,1.000) (0.000,0.037) (0.000,0.021) (0.000,0.021) (0.000,0.039) (0.000,0.140) 
 64      160    (0)    1 :  0.005 0.004 0.006 0.004 0.005 0.960 0.007 0.006 0.004     (0.000,0.025) (0.000,0.020) (0.000,0.031) (0.000,0.024) (0.000,0.025) (0.824,1.000) (0.000,0.038) (0.000,0.034) (0.000,0.021) 
 65     162*    (0)    1 :  0.007 0.006 0.005 0.006 0.006 0.011 0.005 0.949 0.006     (0.000,0.037) (0.000,0.030) (0.000,0.025) (0.000,0.030) (0.000,0.028) (0.000,0.066) (0.000,0.028) (0.774,1.000) (0.000,0.033) 
 66      166    (0)    1 :  0.006 0.005 0.005 0.013 0.947 0.004 0.007 0.005 0.007     (0.000,0.032) (0.000,0.026) (0.000,0.023) (0.000,0.079) (0.766,1.000) (0.000,0.021) (0.000,0.040) (0.000,0.029) (0.000,0.035) 
 67      177    (0)    1 :  0.005 0.003 0.003 0.004 0.006 0.004 0.004 0.004 0.969     (0.000,0.026) (0.000,0.015) (0.000,0.017) (0.000,0.019) (0.000,0.029) (0.000,0.019) (0.000,0.021) (0.000,0.018) (0.860,1.000) 
 68      178    (0)    1 :  0.025 0.037 0.008 0.010 0.046 0.024 0.007 0.012 0.830     (0.000,0.149) (0.000,0.230) (0.000,0.048) (0.000,0.065) (0.000,0.324) (0.000,0.184) (0.000,0.042) (0.000,0.071) (0.422,1.000) 
 69      186    (0)    1 :  0.004 0.003 0.004 0.003 0.005 0.005 0.967 0.005 0.004     (0.000,0.022) (0.000,0.015) (0.000,0.021) (0.000,0.016) (0.000,0.027) (0.000,0.024) (0.851,1.000) (0.000,0.027) (0.000,0.020) 
 70      189    (0)    1 :  0.007 0.004 0.006 0.004 0.004 0.011 0.005 0.950 0.008     (0.000,0.035) (0.000,0.024) (0.000,0.028) (0.000,0.020) (0.000,0.021) (0.000,0.071) (0.000,0.028) (0.779,1.000) (0.000,0.046) 
 71      190    (0)    1 :  0.032 0.044 0.015 0.008 0.025 0.055 0.057 0.752 0.011     (0.000,0.201) (0.000,0.294) (0.000,0.102) (0.000,0.042) (0.000,0.181) (0.000,0.407) (0.000,0.383) (0.021,1.000) (0.000,0.071) 
 72      191    (0)    1 :  0.030 0.007 0.009 0.041 0.014 0.018 0.337 0.520 0.025     (0.000,0.205) (0.000,0.029) (0.000,0.045) (0.000,0.289) (0.000,0.084) (0.000,0.127) (0.000,0.892) (0.000,0.998) (0.000,0.181) 
 73      193    (0)    1 :  0.047 0.017 0.013 0.028 0.176 0.022 0.038 0.022 0.637     (0.000,0.336) (0.000,0.051) (0.000,0.079) (0.000,0.208) (0.000,0.990) (0.000,0.158) (0.000,0.280) (0.000,0.143) (0.000,1.000) 
 74      202    (0)    1 :  0.554 0.032 0.024 0.007 0.035 0.224 0.012 0.101 0.009     (0.000,1.000) (0.000,0.207) (0.000,0.162) (0.000,0.041) (0.000,0.255) (0.000,0.680) (0.000,0.069) (0.000,0.561) (0.000,0.052) 
 75      204    (0)    1 :  0.006 0.004 0.004 0.006 0.005 0.008 0.392 0.571 0.004     (0.000,0.034) (0.000,0.019) (0.000,0.024) (0.000,0.032) (0.000,0.028) (0.000,0.042) (0.000,1.000) (0.000,1.000) (0.000,0.019) 
 76      211    (0)    1 :  0.099 0.019 0.017 0.062 0.621 0.098 0.015 0.008 0.059     (0.000,0.782) (0.000,0.124) (0.000,0.107) (0.000,0.454) (0.000,1.000) (0.000,0.534) (0.000,0.096) (0.000,0.046) (0.000,0.339) 
 77      216    (0)    1 :  0.020 0.017 0.005 0.570 0.323 0.020 0.005 0.007 0.033     (0.000,0.126) (0.000,0.108) (0.000,0.028) (0.000,0.999) (0.000,0.882) (0.000,0.144) (0.000,0.025) (0.000,0.036) (0.000,0.228) 
 78      222    (0)    1 :  0.066 0.026 0.051 0.780 0.019 0.012 0.004 0.028 0.015     (0.000,0.505) (0.000,0.179) (0.000,0.353) (0.230,1.000) (0.000,0.076) (0.000,0.065) (0.000,0.024) (0.000,0.213) (0.000,0.087) 
 79      224    (0)    1 :  0.009 0.004 0.008 0.009 0.005 0.014 0.007 0.937 0.007     (0.000,0.044) (0.000,0.023) (0.000,0.047) (0.000,0.060) (0.000,0.028) (0.000,0.090) (0.000,0.036) (0.729,1.000) (0.000,0.035) 
 80      226    (0)    1 :  0.016 0.003 0.007 0.005 0.011 0.005 0.942 0.007 0.005     (0.000,0.104) (0.000,0.016) (0.000,0.041) (0.000,0.026) (0.000,0.065) (0.000,0.025) (0.749,1.000) (0.000,0.035) (0.000,0.024) 
 81      229    (0)    1 :  0.275 0.153 0.018 0.016 0.028 0.042 0.023 0.415 0.029     (0.000,0.997) (0.000,0.654) (0.000,0.120) (0.000,0.099) (0.000,0.199) (0.000,0.330) (0.000,0.166) (0.000,0.969) (0.000,0.203) 
 82      230    (0)    1 :  0.159 0.012 0.015 0.015 0.010 0.033 0.036 0.682 0.039     (0.000,0.976) (0.000,0.044) (0.000,0.088) (0.000,0.104) (0.000,0.054) (0.000,0.237) (0.000,0.273) (0.000,1.000) (0.000,0.265) 
 83      232    (0)    1 :  0.163 0.010 0.018 0.016 0.188 0.291 0.130 0.085 0.099     (0.000,0.924) (0.000,0.039) (0.000,0.108) (0.000,0.105) (0.000,0.818) (0.000,0.756) (0.000,0.611) (0.000,0.564) (0.000,0.552) 
 84      238    (0)    1 :  0.723 0.018 0.126 0.020 0.031 0.007 0.005 0.016 0.053     (0.000,1.000) (0.000,0.073) (0.000,0.825) (0.000,0.141) (0.000,0.232) (0.000,0.038) (0.000,0.027) (0.000,0.109) (0.000,0.364) 
 85      242    (0)    1 :  0.046 0.030 0.888 0.008 0.008 0.004 0.006 0.006 0.004     (0.000,0.260) (0.000,0.209) (0.511,1.000) (0.000,0.046) (0.000,0.049) (0.000,0.021) (0.000,0.032) (0.000,0.036) (0.000,0.019) 
 86      243    (0)    1 :  0.333 0.012 0.460 0.017 0.124 0.008 0.021 0.008 0.017     (0.000,0.999) (0.000,0.043) (0.000,0.998) (0.000,0.111) (0.000,0.577) (0.000,0.045) (0.000,0.152) (0.000,0.046) (0.000,0.113) 
 87      244    (0)    1 :  0.686 0.017 0.173 0.006 0.017 0.008 0.006 0.010 0.078     (0.000,1.000) (0.000,0.069) (0.000,0.861) (0.000,0.031) (0.000,0.109) (0.000,0.046) (0.000,0.031) (0.000,0.059) (0.000,0.465) 
 88      251    (0)    1 :  0.717 0.032 0.088 0.010 0.017 0.082 0.010 0.024 0.020     (0.000,1.000) (0.000,0.164) (0.000,0.668) (0.000,0.057) (0.000,0.106) (0.000,0.497) (0.000,0.057) (0.000,0.160) (0.000,0.130) 
 89      266    (0)    1 :  0.427 0.049 0.058 0.010 0.160 0.004 0.009 0.008 0.276     (0.000,0.999) (0.000,0.311) (0.000,0.371) (0.000,0.058) (0.000,0.684) (0.000,0.023) (0.000,0.054) (0.000,0.044) (0.000,0.781) 
 90      267    (0)    1 :  0.031 0.010 0.014 0.737 0.131 0.006 0.045 0.014 0.010     (0.000,0.202) (0.000,0.064) (0.000,0.090) (0.138,1.000) (0.000,0.649) (0.000,0.029) (0.000,0.316) (0.000,0.094) (0.000,0.059) 
 91      268    (0)    1 :  0.037 0.084 0.007 0.082 0.355 0.032 0.006 0.005 0.392     (0.000,0.234) (0.000,0.459) (0.000,0.039) (0.000,0.562) (0.000,0.996) (0.000,0.238) (0.000,0.030) (0.000,0.023) (0.000,0.992) 
 92      270    (0)    1 :  0.011 0.006 0.008 0.010 0.007 0.018 0.018 0.917 0.006     (0.000,0.050) (0.000,0.033) (0.000,0.043) (0.000,0.056) (0.000,0.041) (0.000,0.122) (0.000,0.114) (0.644,1.000) (0.000,0.031) 
 93      276    (0)    1 :  0.052 0.011 0.014 0.033 0.045 0.020 0.270 0.505 0.050     (0.000,0.399) (0.000,0.062) (0.000,0.091) (0.000,0.246) (0.000,0.335) (0.000,0.139) (0.000,0.845) (0.000,1.000) (0.000,0.363) 
 94      298    (7)    1 :  0.038 0.025 0.011 0.599 0.081 0.011 0.019 0.008 0.208     (0.000,0.264) (0.000,0.182) (0.000,0.066) (0.000,0.999) (0.000,0.526) (0.000,0.071) (0.000,0.137) (0.000,0.042) (0.000,0.859) 
 95      306    (0)    1 :  0.047 0.013 0.017 0.014 0.810 0.006 0.011 0.012 0.072     (0.000,0.330) (0.000,0.073) (0.000,0.116) (0.000,0.091) (0.376,1.000) (0.000,0.030) (0.000,0.070) (0.000,0.073) (0.000,0.426) 
 96      308    (0)    1 :  0.088 0.014 0.029 0.073 0.038 0.072 0.008 0.011 0.667     (0.000,0.654) (0.000,0.078) (0.000,0.214) (0.000,0.499) (0.000,0.273) (0.000,0.390) (0.000,0.042) (0.000,0.068) (0.000,1.000) 
 97      311    (7)    1 :  0.489 0.027 0.037 0.185 0.192 0.019 0.007 0.026 0.018     (0.000,1.000) (0.000,0.144) (0.000,0.261) (0.000,0.919) (0.000,0.976) (0.000,0.134) (0.000,0.041) (0.000,0.180) (0.000,0.121) 
 98      323    (0)    1 :  0.006 0.004 0.008 0.007 0.005 0.004 0.955 0.007 0.004     (0.000,0.030) (0.000,0.023) (0.000,0.045) (0.000,0.037) (0.000,0.027) (0.000,0.021) (0.804,1.000) (0.000,0.036) (0.000,0.021) 
 99      327    (0)    1 :  0.068 0.020 0.017 0.010 0.029 0.203 0.024 0.621 0.007     (0.000,0.493) (0.000,0.141) (0.000,0.117) (0.000,0.058) (0.000,0.219) (0.000,0.688) (0.000,0.180) (0.000,0.998) (0.000,0.037) 
100      334    (0)    1 :  0.008 0.945 0.020 0.006 0.004 0.006 0.003 0.005 0.004     (0.000,0.029) (0.801,1.000) (0.000,0.048) (0.000,0.031) (0.000,0.023) (0.000,0.032) (0.000,0.016) (0.000,0.025) (0.000,0.020) 
101      338    (0)    1 :  0.302 0.022 0.015 0.300 0.235 0.023 0.025 0.036 0.042     (0.000,0.997) (0.000,0.108) (0.000,0.082) (0.000,0.987) (0.000,0.928) (0.000,0.169) (0.000,0.188) (0.000,0.273) (0.000,0.303) 
102      341    (0)    1 :  0.010 0.005 0.013 0.005 0.032 0.007 0.914 0.007 0.005     (0.000,0.055) (0.000,0.030) (0.000,0.085) (0.000,0.029) (0.000,0.224) (0.000,0.039) (0.650,1.000) (0.000,0.038) (0.000,0.027) 
103      346    (0)    1 :  0.018 0.005 0.005 0.006 0.715 0.037 0.011 0.008 0.195     (0.000,0.099) (0.000,0.023) (0.000,0.028) (0.000,0.031) (0.000,1.000) (0.000,0.275) (0.000,0.062) (0.000,0.041) (0.000,0.960) 
104      348    (0)    1 :  0.046 0.013 0.016 0.589 0.019 0.006 0.008 0.009 0.294     (0.000,0.345) (0.000,0.075) (0.000,0.107) (0.000,1.000) (0.000,0.125) (0.000,0.035) (0.000,0.043) (0.000,0.049) (0.000,0.928) 
105      351    (0)    1 :  0.255 0.124 0.143 0.008 0.401 0.035 0.014 0.009 0.011     (0.000,0.995) (0.000,0.631) (0.000,0.864) (0.000,0.041) (0.000,0.997) (0.000,0.258) (0.000,0.091) (0.000,0.051) (0.000,0.054) 
106      362    (0)    1 :  0.011 0.005 0.006 0.007 0.008 0.056 0.165 0.737 0.005     (0.000,0.053) (0.000,0.023) (0.000,0.028) (0.000,0.035) (0.000,0.042) (0.000,0.417) (0.000,0.941) (0.000,1.000) (0.000,0.025) 
107      364    (0)    1 :  0.043 0.024 0.846 0.008 0.037 0.011 0.011 0.006 0.013     (0.000,0.282) (0.000,0.161) (0.437,1.000) (0.000,0.043) (0.000,0.265) (0.000,0.076) (0.000,0.070) (0.000,0.034) (0.000,0.083) 
108      366    (0)    1 :  0.086 0.006 0.820 0.021 0.028 0.007 0.012 0.014 0.007     (0.000,0.839) (0.000,0.025) (0.001,1.000) (0.000,0.145) (0.000,0.208) (0.000,0.040) (0.000,0.067) (0.000,0.087) (0.000,0.036) 
109      376    (0)    1 :  0.009 0.004 0.006 0.003 0.012 0.013 0.918 0.020 0.015     (0.000,0.052) (0.000,0.021) (0.000,0.032) (0.000,0.017) (0.000,0.072) (0.000,0.079) (0.675,1.000) (0.000,0.141) (0.000,0.107) 
110      377    (7)    1 :  0.048 0.013 0.017 0.023 0.020 0.570 0.017 0.280 0.011     (0.000,0.356) (0.000,0.065) (0.000,0.090) (0.000,0.163) (0.000,0.127) (0.000,1.000) (0.000,0.117) (0.000,0.981) (0.000,0.058) 
111      378    (0)    1 :  0.007 0.004 0.004 0.005 0.013 0.933 0.013 0.006 0.014     (0.000,0.038) (0.000,0.024) (0.000,0.021) (0.000,0.027) (0.000,0.085) (0.733,1.000) (0.000,0.088) (0.000,0.032) (0.000,0.100) 
112      388    (0)    1 :  0.047 0.031 0.015 0.561 0.279 0.032 0.010 0.012 0.015     (0.000,0.340) (0.000,0.217) (0.000,0.094) (0.000,1.000) (0.000,0.974) (0.000,0.238) (0.000,0.061) (0.000,0.074) (0.000,0.093) 
113      391    (0)    1 :  0.078 0.004 0.012 0.013 0.273 0.156 0.442 0.009 0.014     (0.000,0.601) (0.000,0.020) (0.000,0.072) (0.000,0.078) (0.000,0.856) (0.000,0.523) (0.000,0.874) (0.000,0.050) (0.000,0.086) 
114      396   (14)    1 :  0.092 0.032 0.008 0.015 0.077 0.020 0.058 0.665 0.033     (0.000,0.743) (0.000,0.209) (0.000,0.045) (0.000,0.095) (0.000,0.432) (0.000,0.135) (0.000,0.403) (0.000,0.999) (0.000,0.239) 
115      400   (14)    1 :  0.056 0.060 0.111 0.010 0.009 0.462 0.010 0.275 0.007     (0.000,0.457) (0.000,0.397) (0.000,0.771) (0.000,0.055) (0.000,0.045) (0.000,0.999) (0.000,0.063) (0.000,0.965) (0.000,0.037) 
116      401    (0)    1 :  0.492 0.030 0.057 0.006 0.012 0.009 0.089 0.175 0.129     (0.000,1.000) (0.000,0.177) (0.000,0.401) (0.000,0.034) (0.000,0.068) (0.000,0.049) (0.000,0.554) (0.000,0.672) (0.000,0.568) 
117      406    (0)    1 :  0.109 0.009 0.036 0.066 0.643 0.014 0.078 0.013 0.033     (0.000,0.848) (0.000,0.036) (0.000,0.246) (0.000,0.461) (0.000,1.000) (0.000,0.082) (0.000,0.518) (0.000,0.083) (0.000,0.236) 
118      412    (7)    1 :  0.097 0.010 0.019 0.060 0.684 0.030 0.024 0.030 0.045     (0.000,0.834) (0.000,0.036) (0.000,0.109) (0.000,0.501) (0.000,1.000) (0.000,0.214) (0.000,0.162) (0.000,0.219) (0.000,0.329) 
119      413    (0)    1 :  0.080 0.197 0.016 0.031 0.041 0.008 0.005 0.040 0.583     (0.000,0.704) (0.000,0.707) (0.000,0.107) (0.000,0.222) (0.000,0.274) (0.000,0.043) (0.000,0.025) (0.000,0.296) (0.000,0.998) 
120      421    (0)    1 :  0.046 0.009 0.012 0.015 0.030 0.009 0.015 0.825 0.039     (0.000,0.317) (0.000,0.048) (0.000,0.076) (0.000,0.095) (0.000,0.212) (0.000,0.051) (0.000,0.095) (0.395,1.000) (0.000,0.283) 
121      423    (0)    1 :  0.048 0.007 0.023 0.043 0.008 0.010 0.012 0.837 0.013     (0.000,0.325) (0.000,0.030) (0.000,0.155) (0.000,0.323) (0.000,0.040) (0.000,0.058) (0.000,0.075) (0.238,1.000) (0.000,0.073) 
122      424    (0)    1 :  0.045 0.008 0.021 0.019 0.681 0.023 0.166 0.012 0.026     (0.000,0.319) (0.000,0.043) (0.000,0.138) (0.000,0.121) (0.000,1.000) (0.000,0.160) (0.000,0.906) (0.000,0.073) (0.000,0.175) 
123      426    (0)    1 :  0.060 0.013 0.025 0.010 0.079 0.647 0.107 0.033 0.026     (0.000,0.416) (0.000,0.074) (0.000,0.180) (0.000,0.053) (0.000,0.598) (0.000,0.999) (0.000,0.534) (0.000,0.228) (0.000,0.182) 
124      430    (7)    1 :  0.017 0.025 0.006 0.020 0.765 0.011 0.021 0.012 0.123     (0.000,0.087) (0.000,0.126) (0.000,0.028) (0.000,0.125) (0.000,1.000) (0.000,0.064) (0.000,0.140) (0.000,0.065) (0.000,0.706) 
125      435    (0)    1 :  0.008 0.005 0.004 0.021 0.028 0.014 0.004 0.006 0.910     (0.000,0.042) (0.000,0.020) (0.000,0.018) (0.000,0.148) (0.000,0.188) (0.000,0.093) (0.000,0.023) (0.000,0.033) (0.617,1.000) 
126      476    (0)    1 :  0.042 0.005 0.025 0.004 0.008 0.012 0.783 0.102 0.018     (0.000,0.295) (0.000,0.026) (0.000,0.175) (0.000,0.022) (0.000,0.048) (0.000,0.080) (0.353,1.000) (0.000,0.543) (0.000,0.132) 
127      478    (0)    1 :  0.025 0.007 0.029 0.009 0.015 0.014 0.696 0.199 0.006     (0.000,0.180) (0.000,0.044) (0.000,0.201) (0.000,0.056) (0.000,0.103) (0.000,0.084) (0.192,0.997) (0.000,0.718) (0.000,0.034) 
128      484    (0)    1 :  0.014 0.008 0.005 0.556 0.352 0.008 0.018 0.006 0.031     (0.000,0.077) (0.000,0.045) (0.000,0.027) (0.000,0.999) (0.000,0.876) (0.000,0.048) (0.000,0.122) (0.000,0.035) (0.000,0.228) 
129      489    (0)    1 :  0.021 0.005 0.006 0.181 0.056 0.672 0.006 0.044 0.010     (0.000,0.106) (0.000,0.022) (0.000,0.028) (0.000,0.587) (0.000,0.445) (0.000,1.000) (0.000,0.030) (0.000,0.320) (0.000,0.044) 
130      492   (14)    1 :  0.006 0.952 0.018 0.004 0.006 0.003 0.003 0.003 0.004     (0.000,0.023) (0.834,1.000) (0.000,0.033) (0.000,0.022) (0.000,0.028) (0.000,0.018) (0.000,0.018) (0.000,0.016) (0.000,0.019) 
131      493    (0)    1 :  0.029 0.005 0.912 0.007 0.013 0.011 0.007 0.008 0.008     (0.000,0.181) (0.000,0.021) (0.652,1.000) (0.000,0.040) (0.000,0.087) (0.000,0.071) (0.000,0.043) (0.000,0.049) (0.000,0.049) 
132      494    (0)    1 :  0.220 0.015 0.671 0.008 0.005 0.044 0.010 0.018 0.008     (0.000,0.996) (0.000,0.074) (0.000,1.000) (0.000,0.045) (0.000,0.029) (0.000,0.308) (0.000,0.060) (0.000,0.127) (0.000,0.049) 
133      500    (0)    1 :  0.019 0.003 0.008 0.004 0.006 0.010 0.058 0.890 0.004     (0.000,0.076) (0.000,0.015) (0.000,0.041) (0.000,0.022) (0.000,0.032) (0.000,0.055) (0.000,0.410) (0.461,1.000) (0.000,0.021) 
134      504    (0)    1 :  0.083 0.077 0.025 0.587 0.101 0.047 0.012 0.048 0.022     (0.000,0.621) (0.000,0.408) (0.000,0.174) (0.000,0.993) (0.000,0.618) (0.000,0.302) (0.000,0.073) (0.000,0.325) (0.000,0.144) 
135      506    (0)    1 :  0.007 0.003 0.005 0.937 0.009 0.005 0.014 0.016 0.004     (0.000,0.035) (0.000,0.018) (0.000,0.025) (0.708,1.000) (0.000,0.045) (0.000,0.027) (0.000,0.094) (0.000,0.098) (0.000,0.020) 


Estimated Allele Frequencies in each cluster
First column gives estimated ancestral frequencies


Locus 1 : Rsu5 
5 alleles
1.5% missing data
 137   (0.751) 0.759 0.210 0.654 0.398 0.881 0.929 0.971 0.970 0.814 
 135   (0.086) 0.083 0.017 0.136 0.014 0.091 0.042 0.015 0.009 0.040 
 139   (0.096) 0.098 0.761 0.166 0.011 0.013 0.024 0.009 0.015 0.058 
 133   (0.021) 0.018 0.004 0.032 0.002 0.002 0.002 0.001 0.002 0.003 
 131   (0.046) 0.041 0.008 0.012 0.574 0.013 0.003 0.003 0.004 0.085 

Locus 2 : Scv1 
5 alleles
0.7% missing data
 181   (0.540) 0.547 0.155 0.731 0.366 0.363 0.766 0.959 0.589 0.343 
 179   (0.182) 0.173 0.759 0.136 0.092 0.341 0.092 0.016 0.150 0.215 
 177   (0.118) 0.117 0.028 0.060 0.209 0.256 0.130 0.013 0.016 0.085 
 185   (0.130) 0.130 0.052 0.053 0.330 0.037 0.010 0.010 0.243 0.353 
 171   (0.029) 0.033 0.006 0.020 0.003 0.003 0.003 0.002 0.003 0.004 

Locus 3 : Rsu4 
9 alleles
0.0% missing data
 267   (0.203) 0.201 0.717 0.307 0.145 0.040 0.093 0.139 0.284 0.075 
 263   (0.323) 0.317 0.147 0.264 0.353 0.430 0.813 0.517 0.244 0.502 
 259   (0.048) 0.042 0.010 0.012 0.005 0.007 0.032 0.220 0.238 0.006 
 287   (0.172) 0.173 0.040 0.132 0.172 0.402 0.035 0.106 0.195 0.048 
 275   (0.038) 0.037 0.009 0.144 0.004 0.006 0.003 0.002 0.003 0.008 
 279   (0.081) 0.093 0.040 0.043 0.011 0.021 0.012 0.006 0.009 0.217 
 283   (0.075) 0.071 0.019 0.040 0.303 0.086 0.006 0.005 0.007 0.136 
 291   (0.036) 0.041 0.012 0.016 0.004 0.005 0.005 0.002 0.019 0.005 
 271   (0.025) 0.024 0.004 0.042 0.003 0.003 0.002 0.002 0.002 0.003 

Locus 4 : Rsu6 
5 alleles
0.0% missing data
 120   (0.242) 0.236 0.086 0.207 0.067 0.381 0.517 0.281 0.276 0.217 
 126   (0.626) 0.637 0.866 0.612 0.916 0.604 0.418 0.558 0.519 0.766 
 124   (0.089) 0.091 0.041 0.055 0.012 0.010 0.062 0.158 0.185 0.012 
 130   (0.023) 0.020 0.004 0.120 0.002 0.002 0.002 0.001 0.002 0.003 
 114   (0.020) 0.017 0.004 0.006 0.003 0.002 0.002 0.001 0.018 0.003 

Locus 5 : Scv23 
3 alleles
1.5% missing data
 158   (0.535) 0.536 0.574 0.457 0.799 0.458 0.492 0.378 0.738 0.590 
 164   (0.177) 0.169 0.362 0.281 0.108 0.264 0.064 0.430 0.049 0.025 
 160   (0.288) 0.295 0.064 0.261 0.093 0.278 0.444 0.193 0.212 0.385 

Locus 6 : Scv13 
5 alleles
0.0% missing data
 182   (0.715) 0.701 0.946 0.713 0.895 0.914 0.974 0.807 0.912 0.614 
 180   (0.094) 0.099 0.017 0.100 0.010 0.015 0.011 0.164 0.068 0.014 
 172   (0.082) 0.083 0.014 0.044 0.080 0.052 0.006 0.006 0.007 0.246 
 184   (0.066) 0.071 0.013 0.128 0.010 0.012 0.005 0.021 0.010 0.011 
 174   (0.044) 0.046 0.010 0.014 0.005 0.008 0.003 0.003 0.004 0.115 

Locus 7 : Scv32 
18 alleles
0.7% missing data
 236   (0.041) 0.047 0.011 0.143 0.004 0.006 0.003 0.003 0.004 0.005 
 238   (0.044) 0.039 0.014 0.024 0.076 0.206 0.004 0.003 0.004 0.007 
 234   (0.136) 0.133 0.078 0.052 0.079 0.368 0.071 0.346 0.021 0.643 
 246   (0.048) 0.045 0.022 0.015 0.008 0.006 0.032 0.310 0.194 0.011 
 248   (0.094) 0.092 0.312 0.108 0.023 0.049 0.395 0.007 0.149 0.012 
 262   (0.113) 0.125 0.173 0.038 0.034 0.096 0.159 0.024 0.247 0.034 
 232   (0.165) 0.167 0.050 0.431 0.495 0.069 0.013 0.146 0.150 0.090 
 250   (0.032) 0.031 0.007 0.008 0.004 0.021 0.258 0.005 0.003 0.004 
 228   (0.026) 0.032 0.006 0.010 0.003 0.003 0.002 0.002 0.002 0.003 
 220   (0.048) 0.049 0.014 0.013 0.005 0.006 0.006 0.082 0.182 0.006 
 264   (0.048) 0.045 0.012 0.060 0.006 0.106 0.006 0.038 0.006 0.012 
 252   (0.041) 0.037 0.010 0.011 0.094 0.009 0.003 0.003 0.012 0.081 
 254   (0.045) 0.040 0.239 0.012 0.078 0.029 0.005 0.003 0.004 0.074 
 242   (0.022) 0.022 0.005 0.038 0.002 0.002 0.002 0.001 0.002 0.003 
 266   (0.028) 0.030 0.008 0.008 0.039 0.016 0.002 0.002 0.003 0.004 
 244   (0.029) 0.026 0.030 0.014 0.046 0.004 0.036 0.002 0.014 0.004 
 226   (0.018) 0.016 0.005 0.005 0.002 0.002 0.001 0.023 0.002 0.002 
 240   (0.022) 0.022 0.005 0.010 0.002 0.002 0.002 0.001 0.002 0.004 

Locus 8 : Scv8 
6 alleles
0.7% missing data
 200   (0.638) 0.651 0.834 0.617 0.617 0.838 0.800 0.843 0.666 0.369 
 202   (0.089) 0.085 0.049 0.206 0.076 0.068 0.007 0.006 0.008 0.051 
 194   (0.087) 0.080 0.035 0.032 0.010 0.049 0.015 0.138 0.117 0.160 
 204   (0.048) 0.050 0.029 0.016 0.005 0.008 0.125 0.004 0.032 0.007 
 198   (0.072) 0.073 0.034 0.095 0.008 0.011 0.047 0.005 0.171 0.011 
 188   (0.066) 0.060 0.020 0.034 0.283 0.026 0.005 0.004 0.006 0.401 

Locus 9 : Scv9 
5 alleles
0.0% missing data
 198   (0.307) 0.301 0.467 0.172 0.286 0.667 0.459 0.421 0.110 0.484 
 200   (0.336) 0.334 0.432 0.559 0.329 0.095 0.407 0.379 0.508 0.116 
 196   (0.292) 0.306 0.088 0.251 0.373 0.229 0.129 0.039 0.376 0.293 
 204   (0.045) 0.041 0.008 0.012 0.008 0.007 0.004 0.160 0.004 0.083 
 202   (0.021) 0.018 0.004 0.005 0.004 0.002 0.001 0.001 0.002 0.024 

Locus 10 : Rsu1 
6 alleles
0.0% missing data
 189   (0.308) 0.321 0.430 0.551 0.090 0.232 0.039 0.468 0.052 0.297 
 185   (0.273) 0.265 0.458 0.173 0.798 0.532 0.047 0.158 0.243 0.145 
 177   (0.081) 0.084 0.029 0.027 0.065 0.012 0.010 0.012 0.153 0.035 
 181   (0.243) 0.244 0.058 0.224 0.038 0.208 0.862 0.052 0.197 0.512 
 193   (0.057) 0.053 0.018 0.015 0.006 0.011 0.039 0.082 0.270 0.008 
 197   (0.038) 0.033 0.006 0.010 0.004 0.004 0.003 0.228 0.085 0.005 

Locus 11 : Scv14 
7 alleles
4.4% missing data
 196   (0.537) 0.530 0.142 0.510 0.627 0.506 0.927 0.928 0.800 0.694 
 198   (0.077) 0.077 0.021 0.102 0.024 0.255 0.007 0.006 0.007 0.033 
 194   (0.135) 0.136 0.035 0.234 0.056 0.029 0.040 0.022 0.089 0.186 
 202   (0.188) 0.194 0.787 0.125 0.286 0.199 0.018 0.039 0.098 0.075 
 204   (0.021) 0.020 0.004 0.015 0.002 0.003 0.002 0.002 0.002 0.003 
 190   (0.021) 0.022 0.005 0.006 0.002 0.003 0.005 0.002 0.003 0.003 
 200   (0.022) 0.021 0.006 0.007 0.002 0.006 0.002 0.002 0.002 0.008 

Locus 12 : Scv16 
7 alleles
0.0% missing data
 182   (0.427) 0.436 0.860 0.196 0.286 0.552 0.805 0.224 0.561 0.588 
 184   (0.409) 0.414 0.106 0.573 0.664 0.400 0.182 0.757 0.280 0.181 
 188   (0.053) 0.048 0.009 0.179 0.006 0.006 0.004 0.012 0.150 0.006 
 200   (0.020) 0.018 0.004 0.026 0.002 0.002 0.001 0.001 0.002 0.002 
 198   (0.037) 0.033 0.012 0.010 0.018 0.028 0.004 0.003 0.003 0.144 
 190   (0.035) 0.031 0.007 0.009 0.022 0.010 0.003 0.003 0.003 0.076 
 186   (0.019) 0.021 0.003 0.008 0.002 0.002 0.001 0.001 0.002 0.003 

Locus 13 : Scv31 
15 alleles
3.0% missing data
 193   (0.125) 0.131 0.115 0.069 0.115 0.231 0.590 0.018 0.027 0.042 
 201   (0.111) 0.116 0.070 0.247 0.068 0.017 0.074 0.022 0.045 0.015 
 187   (0.083) 0.078 0.034 0.022 0.142 0.016 0.045 0.299 0.274 0.011 
 207   (0.029) 0.026 0.006 0.007 0.003 0.003 0.002 0.360 0.038 0.003 
 195   (0.066) 0.063 0.018 0.018 0.254 0.013 0.031 0.007 0.124 0.025 
 185   (0.169) 0.170 0.053 0.118 0.133 0.507 0.017 0.217 0.040 0.273 
 189   (0.058) 0.055 0.018 0.277 0.006 0.006 0.198 0.004 0.010 0.007 
 205   (0.019) 0.022 0.004 0.006 0.002 0.002 0.001 0.001 0.002 0.002 
 191   (0.156) 0.165 0.069 0.047 0.020 0.174 0.027 0.056 0.344 0.536 
 197   (0.027) 0.025 0.007 0.007 0.202 0.004 0.003 0.005 0.004 0.003 
 199   (0.056) 0.055 0.013 0.067 0.044 0.007 0.005 0.004 0.005 0.070 
 203   (0.025) 0.023 0.007 0.084 0.003 0.003 0.002 0.002 0.002 0.003 
 209   (0.028) 0.030 0.018 0.016 0.003 0.012 0.002 0.002 0.003 0.004 
 213   (0.023) 0.020 0.564 0.007 0.002 0.002 0.002 0.001 0.002 0.003 
 181   (0.024) 0.022 0.005 0.006 0.003 0.003 0.002 0.002 0.080 0.003 

Locus 14 : Scv6 
8 alleles
0.0% missing data
 191   (0.098) 0.093 0.346 0.212 0.017 0.014 0.235 0.007 0.176 0.012 
 195   (0.378) 0.385 0.093 0.288 0.624 0.515 0.469 0.652 0.506 0.223 
 197   (0.212) 0.206 0.070 0.106 0.229 0.217 0.267 0.291 0.274 0.291 
 201   (0.085) 0.091 0.046 0.127 0.010 0.069 0.008 0.006 0.008 0.121 
 205   (0.020) 0.017 0.003 0.063 0.002 0.002 0.001 0.001 0.002 0.002 
 193   (0.091) 0.090 0.024 0.126 0.081 0.099 0.007 0.006 0.009 0.198 
 199   (0.095) 0.098 0.413 0.029 0.035 0.082 0.011 0.034 0.023 0.151 
 181   (0.022) 0.020 0.005 0.050 0.003 0.002 0.002 0.001 0.002 0.003 

Values of parameters used in structure:
DATAFILE=M:\STRUCTURE\Squirrel_135_ID_14L_20250816\project_data,	OUTFILE=M:\STRUCTURE\Squirrel_135_ID_14L_20250816\10k_Burnin_100k_MCMC\Results\10k_Burnin_100k_MCMC_run_223,	NUMINDS=135,	NUMLOCI=14,	MISSING=-9,	LABEL=1,	POPDATA=1,	POPFLAG=0,	PHENOTYPE=0,	EXTRACOLS=1,	MAXPOPS=9,	BURNIN=10000,	NUMREPS=100000,	USEPOPINFO=0,	INFERALPHA=1,	INFERLAMBDA=1,	POPSPECIFICLAMBDA=0,	POPALPHAS=0,	COMPUTEPROB=1,	NOADMIX=0,	ADMBURNIN=2500,	UPDATEFREQ=1,	PRINTLIKES=0,	INTERMEDSAVE=0,	PRINTKLD=0,	PRINTNET=0,	PRINTLAMBDA=0,	ANCESTDIST=1,	NUMBOXES=1000,	ANCESTPINT=0.90000,	GENSBACK=2,	MIGRPRIOR=0.05000,	PRINTQHAT=1,	PRINTQSUM=0,	ALPHA=1.0000,	FREQSCORR=1,	FPRIORMEAN=0.0100,	FPRIORSD=0.0500,	ONEFST=0,	LAMBDA=1.0000,	UNIFPRIORALPHA=1,	ALPHAMAX=10.0000,	ALPHAPRIORA=1.0000,	ALPHAPRIORB=2.0000,	ALPHAPROPSD=0.0250,	STARTATPOPINFO=0,	RANDOMIZE=1,	LINKAGE=0,	METROFREQ=10,	REPORTHITRATE=0,	MARKOVPHASE=-1,	PHASED=0,	PLOIDY=2,	PHASEINFO=0	LOCPRIOR=0, 	LOCPRIORINIT=1.000000, 	LOCDATA=0, 	LOCISPOP=0, 	LOCPRIORSTEP=0.100000, 	MAXLOCPRIOR=20.000000, 	SEED=1763652254,	
[STRAT parameters]:    NUMSIMSTATS=1000,	PHENOTYPECOL=-9,	POOLFREQ=10,	LOCUSxONLY=0,	EMERROR=0.00100,	MISSINGPHENO=-9,	