          1*  1 0.0140 0.0108 0.1870 0.6249 0.0339 0.0839 0.0071 0.0095 0.0242 0.0047 
           3  1 0.9478 0.0063 0.0069 0.0051 0.0050 0.0057 0.0066 0.0089 0.0036 0.0041 
           6  1 0.9034 0.0152 0.0219 0.0055 0.0079 0.0091 0.0129 0.0096 0.0060 0.0087 
           8  1 0.0103 0.6461 0.0051 0.0158 0.0336 0.0199 0.2416 0.0125 0.0115 0.0036 
          10  1 0.0102 0.0575 0.0048 0.0064 0.8895 0.0077 0.0059 0.0035 0.0104 0.0041 
          11  1 0.0217 0.0438 0.0335 0.1581 0.0138 0.6035 0.0688 0.0087 0.0196 0.0284 
          12  1 0.0065 0.0063 0.0077 0.0042 0.9526 0.0050 0.0061 0.0036 0.0034 0.0046 
          16  1 0.9413 0.0117 0.0052 0.0052 0.0077 0.0065 0.0082 0.0047 0.0049 0.0047 
          18  1 0.0066 0.0084 0.0038 0.9410 0.0064 0.0099 0.0100 0.0065 0.0036 0.0037 
          19  1 0.0122 0.0274 0.0073 0.0711 0.0093 0.7999 0.0149 0.0210 0.0120 0.0249 
          21  1 0.9222 0.0233 0.0062 0.0054 0.0068 0.0079 0.0098 0.0049 0.0065 0.0070 
          23  1 0.0191 0.0161 0.3964 0.0108 0.4114 0.0357 0.0624 0.0090 0.0082 0.0308 
          24  1 0.0148 0.1151 0.0124 0.0294 0.3984 0.1858 0.0102 0.0078 0.2010 0.0252 
          25  1 0.0473 0.0530 0.2605 0.0125 0.4867 0.0590 0.0498 0.0055 0.0188 0.0068 
         26*  1 0.2060 0.4864 0.0118 0.0148 0.1866 0.0315 0.0142 0.0060 0.0383 0.0045 
          28  1 0.1086 0.4148 0.0118 0.0060 0.2888 0.0112 0.1217 0.0066 0.0249 0.0056 
          29  1 0.0058 0.0322 0.0054 0.0128 0.8936 0.0116 0.0096 0.0057 0.0180 0.0052 
          30  1 0.1867 0.1629 0.0245 0.0218 0.1699 0.0618 0.0182 0.3344 0.0134 0.0065 
          33  1 0.0059 0.0048 0.0224 0.7394 0.0054 0.1452 0.0056 0.0160 0.0070 0.0482 
          37  1 0.0096 0.0081 0.0108 0.8708 0.0443 0.0170 0.0098 0.0062 0.0150 0.0084 
          38  1 0.0094 0.0082 0.0042 0.9046 0.0141 0.0271 0.0101 0.0049 0.0128 0.0044 
          43  1 0.0331 0.0797 0.0136 0.0061 0.8046 0.0114 0.0233 0.0075 0.0151 0.0056 
          44  1 0.2714 0.4695 0.0049 0.0087 0.0060 0.0122 0.1960 0.0232 0.0033 0.0048 
          48  1 0.0097 0.0056 0.0044 0.9476 0.0063 0.0066 0.0063 0.0059 0.0039 0.0037 
          55  1 0.1658 0.4643 0.0482 0.0108 0.0089 0.0382 0.2283 0.0163 0.0129 0.0064 
          59  1 0.9462 0.0069 0.0065 0.0067 0.0048 0.0065 0.0060 0.0079 0.0044 0.0041 
          60  1 0.0076 0.0043 0.9206 0.0105 0.0233 0.0102 0.0062 0.0047 0.0040 0.0086 
          61  1 0.0149 0.0122 0.3029 0.0077 0.0071 0.0196 0.0649 0.0575 0.0082 0.5050 
          62  1 0.0159 0.0146 0.0544 0.0215 0.0388 0.0393 0.3631 0.0140 0.0159 0.4224 
          65  1 0.0055 0.0078 0.0156 0.7136 0.0064 0.1849 0.0087 0.0214 0.0224 0.0136 
          73  1 0.0079 0.0089 0.0420 0.0072 0.1400 0.0151 0.0288 0.7286 0.0158 0.0057 
          75  1 0.0080 0.0050 0.0046 0.0105 0.0034 0.0124 0.0058 0.0332 0.0056 0.9116 
          76  1 0.0056 0.0047 0.0093 0.0036 0.0096 0.0072 0.0069 0.0053 0.0028 0.9450 
          77  1 0.0057 0.0048 0.1378 0.0059 0.0094 0.0095 0.0083 0.0048 0.0063 0.8075 
          78  1 0.0062 0.0096 0.0288 0.0089 0.0161 0.0233 0.0303 0.5917 0.0097 0.2755 
          79  1 0.0044 0.0086 0.0068 0.0090 0.0038 0.0348 0.0110 0.0759 0.0120 0.8338 
          84  1 0.7794 0.0347 0.0251 0.0060 0.0196 0.0190 0.0381 0.0098 0.0560 0.0122 
          85  1 0.0086 0.7443 0.0079 0.0081 0.0064 0.0237 0.1708 0.0105 0.0133 0.0064 
          86  1 0.0048 0.7490 0.0087 0.0091 0.0107 0.1068 0.0553 0.0189 0.0273 0.0094 
          89  1 0.5472 0.0224 0.0476 0.0182 0.1803 0.0606 0.0615 0.0071 0.0201 0.0351 
          94  1 0.0069 0.0084 0.0052 0.0135 0.9380 0.0069 0.0083 0.0049 0.0033 0.0047 
          95  1 0.8988 0.0192 0.0170 0.0158 0.0061 0.0126 0.0085 0.0132 0.0040 0.0049 
          96  1 0.0053 0.9381 0.0050 0.0049 0.0092 0.0064 0.0132 0.0056 0.0056 0.0067 
          98  1 0.0051 0.0066 0.7071 0.0052 0.0081 0.0119 0.1041 0.0804 0.0359 0.0355 
         102  1 0.0275 0.0066 0.0126 0.3886 0.0161 0.5009 0.0107 0.0059 0.0185 0.0127 
         105  1 0.0055 0.0043 0.0044 0.0078 0.0045 0.0049 0.0044 0.9565 0.0041 0.0036 
         106  1 0.0694 0.0128 0.0201 0.0138 0.0040 0.1941 0.1439 0.1560 0.0185 0.3674 
         108  1 0.0074 0.0088 0.0321 0.0513 0.0075 0.0395 0.0077 0.8143 0.0094 0.0220 
         109  1 0.0108 0.0219 0.1402 0.0103 0.0069 0.0742 0.0295 0.6528 0.0133 0.0401 
         112  1 0.0108 0.1726 0.1546 0.0191 0.0553 0.2132 0.2251 0.0074 0.0114 0.1305 
         115  1 0.0126 0.0089 0.0417 0.2074 0.0427 0.6265 0.0111 0.0163 0.0214 0.0112 
         116  1 0.0100 0.4162 0.0047 0.0153 0.0157 0.0354 0.4709 0.0165 0.0100 0.0052 
         117  1 0.6554 0.0754 0.0356 0.0139 0.1362 0.0246 0.0170 0.0198 0.0099 0.0122 
         129  1 0.0789 0.8599 0.0066 0.0067 0.0117 0.0082 0.0136 0.0056 0.0054 0.0034 
         132  1 0.0157 0.0061 0.7455 0.0373 0.1172 0.0320 0.0087 0.0076 0.0199 0.0102 
         133  1 0.0057 0.0042 0.7229 0.0045 0.0059 0.0124 0.0948 0.0673 0.0317 0.0506 
         137  1 0.0104 0.0093 0.5092 0.0077 0.0165 0.0283 0.0320 0.0102 0.0055 0.3709 
         139  1 0.0086 0.0071 0.0052 0.0106 0.0057 0.0190 0.0091 0.0084 0.0094 0.9169 
         140  1 0.0345 0.0166 0.0980 0.0145 0.0055 0.0310 0.0317 0.7143 0.0057 0.0483 
         142  1 0.0303 0.0074 0.0236 0.0073 0.0118 0.0139 0.0938 0.0086 0.0039 0.7994 
         144  1 0.0066 0.0041 0.0071 0.0043 0.0035 0.0048 0.0049 0.9557 0.0037 0.0053 
         145  1 0.0083 0.0052 0.0299 0.0073 0.0051 0.0115 0.4666 0.0112 0.0066 0.4483 
         147  1 0.0040 0.0073 0.0063 0.0049 0.0041 0.0090 0.0104 0.9161 0.0111 0.0268 
         160  1 0.0072 0.0072 0.0047 0.0061 0.9527 0.0053 0.0049 0.0041 0.0038 0.0040 
        162*  1 0.0051 0.9347 0.0053 0.0049 0.0102 0.0072 0.0147 0.0052 0.0060 0.0067 
         166  1 0.0087 0.0056 0.9378 0.0042 0.0044 0.0058 0.0064 0.0140 0.0056 0.0074 
         177  1 0.0041 0.0034 0.0049 0.0033 0.0037 0.0047 0.0044 0.0037 0.0032 0.9645 
         178  1 0.0079 0.0128 0.0291 0.0083 0.0286 0.0207 0.0102 0.0148 0.0371 0.8305 
         186  1 0.9628 0.0047 0.0047 0.0045 0.0049 0.0039 0.0045 0.0033 0.0030 0.0037 
         189  1 0.0061 0.4769 0.0040 0.0060 0.0131 0.0076 0.4700 0.0037 0.0047 0.0079 
         190  1 0.0411 0.7462 0.0250 0.0142 0.0619 0.0276 0.0249 0.0076 0.0380 0.0135 
         191  1 0.3235 0.1804 0.0084 0.0076 0.0144 0.0182 0.4097 0.0203 0.0046 0.0131 
         193  1 0.0311 0.0105 0.0752 0.0105 0.0145 0.0273 0.4897 0.0193 0.0065 0.3154 
         202  1 0.0109 0.1778 0.0565 0.0252 0.2109 0.4399 0.0313 0.0075 0.0317 0.0082 
         204  1 0.2203 0.7377 0.0051 0.0046 0.0084 0.0058 0.0060 0.0056 0.0032 0.0035 
         211  1 0.0149 0.0094 0.6627 0.0162 0.0757 0.0624 0.0119 0.0668 0.0188 0.0610 
         216  1 0.0049 0.0060 0.3953 0.0050 0.0171 0.0189 0.0091 0.4961 0.0143 0.0334 
         222  1 0.0049 0.0130 0.0159 0.0348 0.0063 0.0426 0.3445 0.5137 0.0140 0.0104 
         224  1 0.0082 0.4019 0.0047 0.0099 0.0137 0.0076 0.5370 0.0074 0.0041 0.0055 
         226  1 0.9292 0.0115 0.0121 0.0081 0.0048 0.0176 0.0046 0.0045 0.0033 0.0043 
         229  1 0.0208 0.5136 0.0261 0.0166 0.0550 0.1445 0.0428 0.0178 0.1366 0.0262 
         230  1 0.0323 0.6448 0.0111 0.0140 0.0325 0.1497 0.0554 0.0152 0.0070 0.0380 
         232  1 0.1286 0.0467 0.0933 0.0165 0.2695 0.1513 0.1972 0.0147 0.0074 0.0748 
         238  1 0.0053 0.0224 0.0239 0.1354 0.0063 0.6792 0.0290 0.0223 0.0208 0.0554 
         242  1 0.0061 0.0061 0.0097 0.8800 0.0040 0.0387 0.0068 0.0084 0.0366 0.0037 
         243  1 0.0225 0.0086 0.1102 0.4082 0.0074 0.3758 0.0208 0.0156 0.0121 0.0188 
         244  1 0.0062 0.0112 0.0134 0.1410 0.0092 0.6986 0.0091 0.0062 0.0152 0.0899 
         251  1 0.0087 0.0293 0.0179 0.0870 0.0690 0.7084 0.0316 0.0100 0.0215 0.0166 
         266  1 0.0099 0.0100 0.1295 0.0583 0.0051 0.4176 0.0167 0.0097 0.0428 0.3004 
         267  1 0.0464 0.0220 0.1940 0.0183 0.0059 0.0376 0.0136 0.6378 0.0121 0.0124 
         268  1 0.0064 0.0045 0.3506 0.0064 0.0387 0.0245 0.0086 0.0949 0.0759 0.3895 
         270  1 0.0250 0.7757 0.0097 0.0173 0.0270 0.0149 0.0939 0.0212 0.0086 0.0067 
         276  1 0.2815 0.1694 0.0280 0.0140 0.0236 0.0355 0.3736 0.0281 0.0091 0.0371 
         298  1 0.0216 0.0070 0.0711 0.0107 0.0123 0.0284 0.0134 0.6442 0.0242 0.1671 
         306  1 0.0101 0.0056 0.6880 0.0152 0.0058 0.0389 0.1730 0.0119 0.0091 0.0424 
         308  1 0.0074 0.0116 0.0374 0.0342 0.0757 0.1026 0.0394 0.0809 0.0118 0.5989 
         311  1 0.0076 0.0336 0.1654 0.0395 0.0129 0.3252 0.2472 0.1341 0.0216 0.0129 
         323  1 0.9476 0.0080 0.0051 0.0082 0.0043 0.0056 0.0057 0.0068 0.0045 0.0041 
         327  1 0.0193 0.5655 0.0327 0.0164 0.2439 0.0555 0.0274 0.0097 0.0227 0.0070 
         334  1 0.0031 0.0041 0.0043 0.0107 0.0051 0.0143 0.0041 0.0059 0.9443 0.0040 
         338  1 0.0238 0.0380 0.2088 0.0156 0.0264 0.2412 0.1964 0.2054 0.0144 0.0301 
         341  1 0.8995 0.0090 0.0383 0.0129 0.0063 0.0111 0.0073 0.0054 0.0050 0.0053 
         346  1 0.0112 0.0092 0.6481 0.0058 0.0459 0.0188 0.0097 0.0060 0.0039 0.2414 
         348  1 0.0071 0.0078 0.0169 0.0159 0.0059 0.0580 0.0883 0.5378 0.0113 0.2509 
         351  1 0.0153 0.0072 0.3659 0.1396 0.0406 0.2500 0.0149 0.0083 0.1471 0.0110 
         362  1 0.0853 0.8329 0.0062 0.0055 0.0382 0.0093 0.0079 0.0064 0.0037 0.0047 
         364  1 0.0105 0.0062 0.0361 0.8176 0.0116 0.0619 0.0132 0.0083 0.0230 0.0118 
         366  1 0.0112 0.0173 0.0328 0.8146 0.0068 0.0787 0.0085 0.0184 0.0045 0.0072 
         376  1 0.9024 0.0197 0.0095 0.0058 0.0141 0.0094 0.0160 0.0035 0.0040 0.0158 
         377  1 0.0154 0.1479 0.0142 0.0120 0.2331 0.0278 0.5216 0.0129 0.0068 0.0083 
         378  1 0.0140 0.0065 0.0130 0.0039 0.9200 0.0072 0.0102 0.0054 0.0041 0.0157 
         388  1 0.0101 0.0122 0.3849 0.0177 0.0246 0.0481 0.0441 0.4119 0.0327 0.0136 
         391  1 0.4260 0.0078 0.2781 0.0123 0.1438 0.0595 0.0425 0.0129 0.0046 0.0126 
         396  1 0.0504 0.6116 0.0555 0.0087 0.0196 0.0719 0.1179 0.0138 0.0261 0.0246 
         400  1 0.0077 0.1435 0.0069 0.1026 0.2140 0.0440 0.4295 0.0069 0.0371 0.0077 
         401  1 0.0545 0.3327 0.0099 0.0568 0.0085 0.3298 0.0568 0.0064 0.0227 0.1219 
         406  1 0.0961 0.0162 0.5001 0.0381 0.0126 0.1266 0.1072 0.0688 0.0084 0.0258 
         412  1 0.0226 0.0324 0.4681 0.0157 0.0253 0.0699 0.2689 0.0594 0.0064 0.0313 
         413  1 0.0043 0.0193 0.0202 0.0194 0.0066 0.0586 0.3891 0.0194 0.1359 0.3272 
         421  1 0.0146 0.3650 0.0219 0.0098 0.0093 0.0328 0.5084 0.0113 0.0078 0.0192 
         423  1 0.0202 0.3047 0.0064 0.0184 0.0083 0.0327 0.5740 0.0215 0.0073 0.0065 
         424  1 0.1754 0.0114 0.5367 0.0254 0.0188 0.0424 0.1462 0.0156 0.0075 0.0206 
         426  1 0.0966 0.0265 0.0868 0.0264 0.6291 0.0504 0.0401 0.0093 0.0113 0.0235 
         430  1 0.0229 0.0111 0.5613 0.0053 0.0107 0.0157 0.2612 0.0192 0.0155 0.0771 
         435  1 0.0047 0.0063 0.0179 0.0039 0.0116 0.0088 0.1733 0.0239 0.0037 0.7459 
         476  1 0.7379 0.1355 0.0080 0.0225 0.0119 0.0399 0.0175 0.0040 0.0048 0.0181 
         478  1 0.6888 0.1330 0.0139 0.0252 0.0156 0.0264 0.0740 0.0089 0.0081 0.0061 
         484  1 0.0167 0.0070 0.3983 0.0052 0.0078 0.0140 0.0172 0.4923 0.0094 0.0321 
         489  1 0.0078 0.0217 0.0422 0.0053 0.3705 0.0153 0.4298 0.0951 0.0055 0.0067 
         492  1 0.0036 0.0031 0.0050 0.0086 0.0035 0.0156 0.0038 0.0039 0.9487 0.0041 
         493  1 0.0073 0.0092 0.0109 0.9080 0.0097 0.0256 0.0108 0.0069 0.0040 0.0076 
         494  1 0.0096 0.0168 0.0055 0.5968 0.0383 0.2840 0.0223 0.0072 0.0120 0.0074 
         500  1 0.0442 0.8795 0.0056 0.0079 0.0084 0.0179 0.0257 0.0041 0.0030 0.0038 
         504  1 0.0116 0.0526 0.1196 0.0257 0.0522 0.0845 0.0188 0.5405 0.0715 0.0229 
         506  1 0.0148 0.0290 0.0135 0.0047 0.0049 0.0065 0.0065 0.9129 0.0032 0.0039 
