

----------------------------------------------------
STRUCTURE by Pritchard, Stephens and Donnelly (2000)
     and Falush, Stephens and Pritchard (2003)
       Code by Pritchard, Falush and Hubisz
             Version 2.3.4 (Jul 2012)
----------------------------------------------------



Command line arguments:   bin\structure -m M:\STRUCTURE\Squirrel_132_ID_14L_20250816\10k_Burnin_100k_MCMC\mainparams -e M:\STRUCTURE\Squirrel_132_ID_14L_20250816\10k_Burnin_100k_MCMC\extraparams 
Input File:    M:\STRUCTURE\Squirrel_132_ID_14L_20250816\project_data

Run parameters:
   132 individuals
   14 loci
   2 populations assumed
   10000 Burn-in period
   100000 Reps


--------------------------------------------
Proportion of membership of each pre-defined
 population in each of the 2 clusters

Given    Inferred Clusters       Number of
 Pop       1      2             Individuals

  1:     0.461  0.539             132
--------------------------------------------

Allele-freq. divergence among pops (Net nucleotide distance),
computed using point estimates of P.

      1       2      
 1      -    0.0304  
 2   0.0304     -    

Average distances (expected heterozygosity) between individuals in same cluster:
cluster  1  : 0.5514 
cluster  2  : 0.6488 

--------------------------------------------
Estimated Ln Prob of Data   = -4600.9
Mean value of ln likelihood = -4537.6
Variance of ln likelihood   = 126.7
Mean value of alpha         = 0.0486

Mean value of lambda        = 0.9247

Mean value of Fst_1         = 0.1304
Mean value of Fst_2         = 0.0243


Inferred ancestry of individuals:
        Label (%Miss) Pop:  Inferred clusters (and 90% probability intervals)
  1       1*    (0)    1 :  0.042 0.958     (0.000,0.309) (0.691,1.000) 
  2        3    (0)    1 :  0.987 0.013     (0.921,1.000) (0.000,0.079) 
  3        6    (0)    1 :  0.982 0.018     (0.888,1.000) (0.000,0.112) 
  4        8    (0)    1 :  0.989 0.011     (0.936,1.000) (0.000,0.064) 
  5       10    (0)    1 :  0.992 0.008     (0.957,1.000) (0.000,0.043) 
  6       11    (0)    1 :  0.381 0.619     (0.000,1.000) (0.000,1.000) 
  7       12    (0)    1 :  0.985 0.015     (0.922,1.000) (0.000,0.078) 
  8       16    (7)    1 :  0.991 0.009     (0.950,1.000) (0.000,0.050) 
  9       18    (0)    1 :  0.061 0.939     (0.000,0.418) (0.582,1.000) 
 10       19    (0)    1 :  0.033 0.967     (0.000,0.237) (0.763,1.000) 
 11       21    (7)    1 :  0.989 0.011     (0.936,1.000) (0.000,0.064) 
 12       23    (7)    1 :  0.824 0.176     (0.000,1.000) (0.000,1.000) 
 13       24    (7)    1 :  0.792 0.208     (0.000,1.000) (0.000,1.000) 
 14       25    (7)    1 :  0.961 0.039     (0.716,1.000) (0.000,0.284) 
 15      26*    (0)    1 :  0.993 0.007     (0.956,1.000) (0.000,0.044) 
 16       28    (0)    1 :  0.993 0.007     (0.960,1.000) (0.000,0.040) 
 17       29    (0)    1 :  0.987 0.013     (0.934,1.000) (0.000,0.066) 
 18       30    (0)    1 :  0.654 0.346     (0.000,1.000) (0.000,1.000) 
 19       33    (0)    1 :  0.008 0.992     (0.000,0.044) (0.956,1.000) 
 20       37    (0)    1 :  0.097 0.903     (0.000,0.736) (0.264,1.000) 
 21       38    (0)    1 :  0.149 0.851     (0.000,0.962) (0.038,1.000) 
 22       43    (0)    1 :  0.988 0.012     (0.932,1.000) (0.000,0.068) 
 23       44    (0)    1 :  0.990 0.010     (0.941,1.000) (0.000,0.059) 
 24       48    (0)    1 :  0.053 0.947     (0.000,0.333) (0.667,1.000) 
 25       55    (0)    1 :  0.984 0.016     (0.896,1.000) (0.000,0.104) 
 26       59    (0)    1 :  0.986 0.014     (0.914,1.000) (0.000,0.086) 
 27       60    (0)    1 :  0.019 0.981     (0.000,0.130) (0.870,1.000) 
 28       61    (0)    1 :  0.017 0.983     (0.000,0.107) (0.893,1.000) 
 29       62    (0)    1 :  0.145 0.855     (0.000,1.000) (0.000,1.000) 
 30       65    (0)    1 :  0.020 0.980     (0.000,0.104) (0.896,1.000) 
 31       73    (0)    1 :  0.048 0.952     (0.000,0.338) (0.662,1.000) 
 32       75    (0)    1 :  0.006 0.994     (0.000,0.036) (0.964,1.000) 
 33       76    (0)    1 :  0.012 0.988     (0.000,0.073) (0.927,1.000) 
 34       77    (0)    1 :  0.012 0.988     (0.000,0.073) (0.927,1.000) 
 35       78    (0)    1 :  0.010 0.990     (0.000,0.061) (0.939,1.000) 
 36       79    (0)    1 :  0.006 0.994     (0.000,0.033) (0.967,1.000) 
 37       84    (0)    1 :  0.980 0.020     (0.862,1.000) (0.000,0.138) 
 38       85    (0)    1 :  0.969 0.031     (0.787,1.000) (0.000,0.213) 
 39       86    (0)    1 :  0.911 0.089     (0.440,1.000) (0.000,0.560) 
 40       89    (0)    1 :  0.976 0.024     (0.845,1.000) (0.000,0.155) 
 41       94    (0)    1 :  0.982 0.018     (0.900,1.000) (0.000,0.100) 
 42       95    (0)    1 :  0.972 0.028     (0.818,1.000) (0.000,0.182) 
 43       96    (0)    1 :  0.990 0.010     (0.945,1.000) (0.000,0.055) 
 44       98    (0)    1 :  0.015 0.985     (0.000,0.092) (0.908,1.000) 
 45      102    (0)    1 :  0.062 0.938     (0.000,0.438) (0.562,1.000) 
 46      105    (0)    1 :  0.008 0.992     (0.000,0.047) (0.953,1.000) 
 47      106    (0)    1 :  0.055 0.945     (0.000,0.341) (0.659,1.000) 
 48      108    (0)    1 :  0.012 0.988     (0.000,0.077) (0.923,1.000) 
 49      109    (0)    1 :  0.029 0.971     (0.000,0.211) (0.789,1.000) 
 50      112    (0)    1 :  0.737 0.263     (0.000,1.000) (0.000,1.000) 
 51      115    (0)    1 :  0.118 0.882     (0.000,0.897) (0.103,1.000) 
 52      116    (0)    1 :  0.963 0.037     (0.738,1.000) (0.000,0.262) 
 53      117    (0)    1 :  0.979 0.021     (0.871,1.000) (0.000,0.129) 
 54      129    (0)    1 :  0.995 0.005     (0.970,1.000) (0.000,0.030) 
 55      132    (0)    1 :  0.059 0.941     (0.000,0.430) (0.570,1.000) 
 56      133    (0)    1 :  0.012 0.988     (0.000,0.070) (0.930,1.000) 
 57      137    (7)    1 :  0.034 0.966     (0.000,0.223) (0.777,1.000) 
 58      139    (0)    1 :  0.013 0.987     (0.000,0.077) (0.923,1.000) 
 59      140    (0)    1 :  0.023 0.977     (0.000,0.131) (0.869,1.000) 
 60      142    (0)    1 :  0.024 0.976     (0.000,0.167) (0.833,1.000) 
 61      144    (0)    1 :  0.008 0.992     (0.000,0.049) (0.951,1.000) 
 62      145    (0)    1 :  0.090 0.910     (0.000,0.806) (0.194,1.000) 
 63      147    (0)    1 :  0.008 0.992     (0.000,0.047) (0.953,1.000) 
 64      160    (0)    1 :  0.989 0.011     (0.945,1.000) (0.000,0.055) 
 65     162*    (0)    1 :  0.989 0.011     (0.937,1.000) (0.000,0.063) 
 66      166    (0)    1 :  0.012 0.988     (0.000,0.067) (0.933,1.000) 
 67      177    (0)    1 :  0.008 0.992     (0.000,0.042) (0.958,1.000) 
 68      178    (0)    1 :  0.019 0.981     (0.000,0.128) (0.872,1.000) 
 69      186    (0)    1 :  0.990 0.010     (0.945,1.000) (0.000,0.055) 
 70      189    (0)    1 :  0.989 0.011     (0.940,1.000) (0.000,0.060) 
 71      190    (0)    1 :  0.988 0.012     (0.932,1.000) (0.000,0.068) 
 72      191    (0)    1 :  0.986 0.014     (0.914,1.000) (0.000,0.086) 
 73      193    (0)    1 :  0.462 0.538     (0.000,1.000) (0.000,1.000) 
 74      202    (0)    1 :  0.891 0.109     (0.291,1.000) (0.000,0.709) 
 75      204    (0)    1 :  0.995 0.005     (0.970,1.000) (0.000,0.030) 
 76      211    (0)    1 :  0.030 0.970     (0.000,0.220) (0.780,1.000) 
 77      216    (0)    1 :  0.010 0.990     (0.000,0.061) (0.939,1.000) 
 78      222    (0)    1 :  0.011 0.989     (0.000,0.063) (0.937,1.000) 
 79      224    (0)    1 :  0.984 0.016     (0.908,1.000) (0.000,0.092) 
 80      226    (0)    1 :  0.965 0.035     (0.750,1.000) (0.000,0.250) 
 81      229    (0)    1 :  0.878 0.122     (0.189,1.000) (0.000,0.811) 
 82      230    (0)    1 :  0.957 0.043     (0.731,1.000) (0.000,0.269) 
 83      232    (0)    1 :  0.935 0.065     (0.495,1.000) (0.000,0.505) 
 84      238    (0)    1 :  0.018 0.982     (0.000,0.123) (0.877,1.000) 
 85      242    (0)    1 :  0.013 0.987     (0.000,0.077) (0.923,1.000) 
 86      243    (0)    1 :  0.018 0.982     (0.000,0.111) (0.889,1.000) 
 87      244    (0)    1 :  0.014 0.986     (0.000,0.090) (0.910,1.000) 
 88      251    (0)    1 :  0.049 0.951     (0.000,0.357) (0.643,1.000) 
 89      266    (0)    1 :  0.010 0.990     (0.000,0.057) (0.943,1.000) 
 90      267    (0)    1 :  0.037 0.963     (0.000,0.271) (0.729,1.000) 
 91      268    (0)    1 :  0.009 0.991     (0.000,0.055) (0.945,1.000) 
 92      270    (0)    1 :  0.988 0.012     (0.930,1.000) (0.000,0.070) 
 93      276    (0)    1 :  0.972 0.028     (0.802,1.000) (0.000,0.198) 
 94      298    (7)    1 :  0.011 0.989     (0.000,0.064) (0.936,1.000) 
 95      306    (0)    1 :  0.011 0.989     (0.000,0.063) (0.937,1.000) 
 96      308    (0)    1 :  0.015 0.985     (0.000,0.099) (0.901,1.000) 
 97      311    (7)    1 :  0.023 0.977     (0.000,0.146) (0.854,1.000) 
 98      323    (0)    1 :  0.984 0.016     (0.902,1.000) (0.000,0.098) 
 99      327    (0)    1 :  0.988 0.012     (0.931,1.000) (0.000,0.069) 
100      334    (0)    1 :  0.017 0.983     (0.000,0.093) (0.907,1.000) 
101      338    (0)    1 :  0.077 0.923     (0.000,0.655) (0.345,1.000) 
102      341    (0)    1 :  0.963 0.037     (0.759,1.000) (0.000,0.241) 
103      346    (0)    1 :  0.136 0.864     (0.000,1.000) (0.000,1.000) 
104      348    (0)    1 :  0.008 0.992     (0.000,0.047) (0.953,1.000) 
105      351    (0)    1 :  0.033 0.967     (0.000,0.237) (0.763,1.000) 
106      362    (0)    1 :  0.994 0.006     (0.965,1.000) (0.000,0.035) 
107      364    (0)    1 :  0.011 0.989     (0.000,0.062) (0.938,1.000) 
108      366    (0)    1 :  0.031 0.969     (0.000,0.212) (0.788,1.000) 
109      376    (0)    1 :  0.990 0.010     (0.946,1.000) (0.000,0.054) 
110      377    (7)    1 :  0.926 0.074     (0.517,1.000) (0.000,0.483) 
111      378    (0)    1 :  0.988 0.012     (0.937,1.000) (0.000,0.063) 
112      388    (0)    1 :  0.022 0.978     (0.000,0.145) (0.855,1.000) 
113      391    (0)    1 :  0.878 0.122     (0.018,1.000) (0.000,0.982) 
114      401    (0)    1 :  0.577 0.423     (0.000,1.000) (0.000,1.000) 
115      406    (0)    1 :  0.114 0.886     (0.000,0.944) (0.056,1.000) 
116      412    (7)    1 :  0.209 0.791     (0.000,1.000) (0.000,1.000) 
117      413    (0)    1 :  0.023 0.977     (0.000,0.150) (0.850,1.000) 
118      421    (0)    1 :  0.958 0.042     (0.691,1.000) (0.000,0.309) 
119      423    (0)    1 :  0.844 0.156     (0.000,1.000) (0.000,1.000) 
120      424    (0)    1 :  0.274 0.726     (0.000,1.000) (0.000,1.000) 
121      426    (0)    1 :  0.975 0.025     (0.849,1.000) (0.000,0.151) 
122      430    (7)    1 :  0.081 0.919     (0.000,0.642) (0.358,1.000) 
123      435    (0)    1 :  0.021 0.979     (0.000,0.146) (0.854,1.000) 
124      476    (0)    1 :  0.983 0.017     (0.882,1.000) (0.000,0.118) 
125      478    (0)    1 :  0.991 0.009     (0.950,1.000) (0.000,0.050) 
126      484    (0)    1 :  0.012 0.988     (0.000,0.071) (0.929,1.000) 
127      489    (0)    1 :  0.880 0.120     (0.000,1.000) (0.000,1.000) 
128      493    (0)    1 :  0.054 0.946     (0.000,0.353) (0.647,1.000) 
129      494    (0)    1 :  0.133 0.867     (0.000,0.852) (0.148,1.000) 
130      500    (0)    1 :  0.994 0.006     (0.964,1.000) (0.000,0.036) 
131      504    (0)    1 :  0.029 0.971     (0.000,0.203) (0.797,1.000) 
132      506    (0)    1 :  0.114 0.886     (0.000,0.615) (0.385,1.000) 


Estimated Allele Frequencies in each cluster
First column gives estimated ancestral frequencies


Locus 1 : Rsu5 
5 alleles
0.0% missing data
 137   (0.689) 0.932 0.689 
 135   (0.082) 0.027 0.068 
 139   (0.100) 0.033 0.090 
 133   (0.023) 0.002 0.010 
 131   (0.107) 0.006 0.143 

Locus 2 : Scv1 
5 alleles
0.0% missing data
 181   (0.459) 0.731 0.454 
 179   (0.189) 0.096 0.200 
 177   (0.138) 0.065 0.138 
 185   (0.186) 0.107 0.192 
 171   (0.027) 0.002 0.017 

Locus 3 : Rsu4 
9 alleles
0.0% missing data
 267   (0.166) 0.178 0.159 
 263   (0.350) 0.470 0.363 
 259   (0.029) 0.173 0.007 
 287   (0.180) 0.139 0.184 
 275   (0.043) 0.004 0.041 
 279   (0.082) 0.013 0.088 
 283   (0.090) 0.005 0.128 
 291   (0.033) 0.016 0.014 
 271   (0.027) 0.002 0.017 

Locus 4 : Rsu6 
5 alleles
0.0% missing data
 120   (0.236) 0.320 0.219 
 126   (0.647) 0.522 0.719 
 124   (0.057) 0.147 0.027 
 130   (0.037) 0.003 0.029 
 114   (0.022) 0.008 0.006 

Locus 5 : Scv23 
3 alleles
0.8% missing data
 158   (0.545) 0.564 0.566 
 164   (0.188) 0.184 0.173 
 160   (0.267) 0.253 0.261 

Locus 6 : Scv13 
5 alleles
0.0% missing data
 182   (0.738) 0.886 0.761 
 180   (0.068) 0.092 0.041 
 172   (0.084) 0.006 0.105 
 184   (0.064) 0.014 0.050 
 174   (0.045) 0.002 0.043 

Locus 7 : Scv32 
18 alleles
0.0% missing data
 236   (0.040) 0.002 0.047 
 238   (0.051) 0.003 0.071 
 234   (0.197) 0.159 0.262 
 246   (0.036) 0.166 0.013 
 248   (0.080) 0.154 0.065 
 262   (0.081) 0.151 0.068 
 232   (0.178) 0.126 0.236 
 250   (0.025) 0.069 0.007 
 228   (0.023) 0.001 0.016 
 220   (0.026) 0.109 0.007 
 264   (0.051) 0.025 0.039 
 252   (0.048) 0.010 0.044 
 254   (0.042) 0.002 0.053 
 242   (0.024) 0.002 0.016 
 266   (0.027) 0.002 0.022 
 244   (0.033) 0.008 0.019 
 226   (0.019) 0.008 0.005 
 240   (0.019) 0.001 0.010 

Locus 8 : Scv8 
6 alleles
0.0% missing data
 200   (0.612) 0.764 0.623 
 202   (0.082) 0.006 0.099 
 194   (0.087) 0.103 0.060 
 204   (0.035) 0.050 0.012 
 198   (0.065) 0.071 0.038 
 188   (0.119) 0.007 0.168 

Locus 9 : Scv9 
5 alleles
0.0% missing data
 198   (0.353) 0.324 0.378 
 200   (0.292) 0.419 0.284 
 196   (0.273) 0.206 0.292 
 204   (0.059) 0.050 0.035 
 202   (0.022) 0.001 0.010 

Locus 10 : Rsu1 
6 alleles
0.0% missing data
 189   (0.283) 0.196 0.306 
 185   (0.345) 0.189 0.399 
 177   (0.067) 0.067 0.042 
 181   (0.246) 0.304 0.238 
 193   (0.030) 0.142 0.007 
 197   (0.029) 0.102 0.008 

Locus 11 : Scv14 
7 alleles
4.5% missing data
 196   (0.546) 0.842 0.553 
 198   (0.079) 0.005 0.101 
 194   (0.127) 0.069 0.120 
 202   (0.182) 0.073 0.199 
 204   (0.022) 0.002 0.010 
 190   (0.022) 0.008 0.006 
 200   (0.022) 0.001 0.011 

Locus 12 : Scv16 
7 alleles
0.0% missing data
 182   (0.404) 0.512 0.423 
 184   (0.401) 0.412 0.432 
 188   (0.069) 0.070 0.046 
 200   (0.021) 0.001 0.010 
 198   (0.047) 0.003 0.048 
 190   (0.035) 0.002 0.030 
 186   (0.022) 0.001 0.010 

Locus 13 : Scv31 
15 alleles
3.0% missing data
 193   (0.128) 0.151 0.135 
 201   (0.086) 0.053 0.086 
 187   (0.063) 0.220 0.042 
 207   (0.025) 0.128 0.006 
 195   (0.076) 0.066 0.070 
 185   (0.180) 0.104 0.238 
 189   (0.073) 0.040 0.070 
 205   (0.019) 0.001 0.010 
 191   (0.162) 0.194 0.188 
 197   (0.046) 0.011 0.044 
 199   (0.042) 0.002 0.049 
 203   (0.029) 0.002 0.023 
 209   (0.024) 0.001 0.017 
 213   (0.024) 0.001 0.017 
 181   (0.022) 0.025 0.006 

Locus 14 : Scv6 
8 alleles
0.0% missing data
 191   (0.098) 0.132 0.075 
 195   (0.375) 0.533 0.390 
 197   (0.211) 0.277 0.205 
 201   (0.075) 0.007 0.090 
 205   (0.027) 0.002 0.016 
 193   (0.094) 0.009 0.121 
 199   (0.093) 0.037 0.085 
 181   (0.027) 0.002 0.017 

Values of parameters used in structure:
DATAFILE=M:\STRUCTURE\Squirrel_132_ID_14L_20250816\project_data,	OUTFILE=M:\STRUCTURE\Squirrel_132_ID_14L_20250816\10k_Burnin_100k_MCMC\Results\10k_Burnin_100k_MCMC_run_42,	NUMINDS=132,	NUMLOCI=14,	MISSING=-9,	LABEL=1,	POPDATA=1,	POPFLAG=0,	PHENOTYPE=0,	EXTRACOLS=1,	MAXPOPS=2,	BURNIN=10000,	NUMREPS=100000,	USEPOPINFO=0,	INFERALPHA=1,	INFERLAMBDA=1,	POPSPECIFICLAMBDA=0,	POPALPHAS=0,	COMPUTEPROB=1,	NOADMIX=0,	ADMBURNIN=2500,	UPDATEFREQ=1,	PRINTLIKES=0,	INTERMEDSAVE=0,	PRINTKLD=0,	PRINTNET=0,	PRINTLAMBDA=0,	ANCESTDIST=1,	NUMBOXES=1000,	ANCESTPINT=0.90000,	GENSBACK=2,	MIGRPRIOR=0.05000,	PRINTQHAT=1,	PRINTQSUM=0,	ALPHA=1.0000,	FREQSCORR=1,	FPRIORMEAN=0.0100,	FPRIORSD=0.0500,	ONEFST=0,	LAMBDA=1.0000,	UNIFPRIORALPHA=1,	ALPHAMAX=10.0000,	ALPHAPRIORA=1.0000,	ALPHAPRIORB=2.0000,	ALPHAPROPSD=0.0250,	STARTATPOPINFO=0,	RANDOMIZE=1,	LINKAGE=0,	METROFREQ=10,	REPORTHITRATE=0,	MARKOVPHASE=-1,	PHASED=0,	PLOIDY=2,	PHASEINFO=0	LOCPRIOR=0, 	LOCPRIORINIT=1.000000, 	LOCDATA=0, 	LOCISPOP=0, 	LOCPRIORSTEP=0.100000, 	MAXLOCPRIOR=20.000000, 	SEED=1763817531,	
[STRAT parameters]:    NUMSIMSTATS=1000,	PHENOTYPECOL=-9,	POOLFREQ=10,	LOCUSxONLY=0,	EMERROR=0.00100,	MISSINGPHENO=-9,	