          1*  1 0.0480 0.9520 
           3  1 0.9865 0.0135 
           6  1 0.9800 0.0200 
           8  1 0.9889 0.0111 
          10  1 0.9911 0.0089 
          11  1 0.3526 0.6474 
          12  1 0.9821 0.0179 
          16  1 0.9907 0.0093 
          18  1 0.0960 0.9040 
          19  1 0.0397 0.9603 
          21  1 0.9885 0.0115 
          23  1 0.7862 0.2138 
          24  1 0.7491 0.2509 
          25  1 0.9536 0.0464 
         26*  1 0.9910 0.0090 
          28  1 0.9931 0.0069 
          29  1 0.9884 0.0116 
          30  1 0.6600 0.3400 
          33  1 0.0091 0.9909 
          37  1 0.1292 0.8708 
          38  1 0.1669 0.8331 
          43  1 0.9875 0.0125 
          44  1 0.9883 0.0117 
          48  1 0.0924 0.9076 
          55  1 0.9839 0.0161 
          59  1 0.9869 0.0131 
          60  1 0.0222 0.9778 
          61  1 0.0169 0.9831 
          62  1 0.1497 0.8503 
          65  1 0.0345 0.9655 
          73  1 0.0489 0.9511 
          75  1 0.0066 0.9934 
          76  1 0.0122 0.9878 
          77  1 0.0122 0.9878 
          78  1 0.0103 0.9897 
          79  1 0.0060 0.9940 
          84  1 0.9786 0.0214 
          85  1 0.9663 0.0337 
          86  1 0.8549 0.1451 
          89  1 0.9744 0.0256 
          94  1 0.9797 0.0203 
          95  1 0.9680 0.0320 
          96  1 0.9887 0.0113 
          98  1 0.0157 0.9843 
         102  1 0.0959 0.9041 
         105  1 0.0092 0.9908 
         106  1 0.0457 0.9543 
         108  1 0.0129 0.9871 
         109  1 0.0290 0.9710 
         112  1 0.7147 0.2853 
         115  1 0.1306 0.8694 
         116  1 0.9353 0.0647 
         117  1 0.9761 0.0239 
         129  1 0.9943 0.0057 
         132  1 0.0633 0.9367 
         133  1 0.0109 0.9891 
         137  1 0.0367 0.9633 
         139  1 0.0129 0.9871 
         140  1 0.0268 0.9732 
         142  1 0.0287 0.9713 
         144  1 0.0088 0.9912 
         145  1 0.0945 0.9055 
         147  1 0.0088 0.9912 
         160  1 0.9888 0.0112 
        162*  1 0.9879 0.0121 
         166  1 0.0125 0.9875 
         177  1 0.0080 0.9920 
         178  1 0.0186 0.9814 
         186  1 0.9904 0.0096 
         189  1 0.9887 0.0113 
         190  1 0.9872 0.0128 
         191  1 0.9865 0.0135 
         193  1 0.4614 0.5386 
         202  1 0.7519 0.2481 
         204  1 0.9944 0.0056 
         211  1 0.0295 0.9705 
         216  1 0.0110 0.9890 
         222  1 0.0103 0.9897 
         224  1 0.9828 0.0172 
         226  1 0.9473 0.0527 
         229  1 0.8547 0.1453 
         230  1 0.9520 0.0480 
         232  1 0.9324 0.0676 
         238  1 0.0188 0.9812 
         242  1 0.0212 0.9788 
         243  1 0.0256 0.9744 
         244  1 0.0188 0.9812 
         251  1 0.0584 0.9416 
         266  1 0.0104 0.9896 
         267  1 0.0376 0.9624 
         268  1 0.0105 0.9895 
         270  1 0.9870 0.0130 
         276  1 0.9730 0.0270 
         298  1 0.0116 0.9884 
         306  1 0.0106 0.9894 
         308  1 0.0156 0.9844 
         311  1 0.0233 0.9767 
         323  1 0.9821 0.0179 
         327  1 0.9879 0.0121 
         334  1 0.0181 0.9819 
         338  1 0.0722 0.9278 
         341  1 0.9571 0.0429 
         346  1 0.1484 0.8516 
         348  1 0.0087 0.9913 
         351  1 0.0340 0.9660 
         362  1 0.9933 0.0067 
         364  1 0.0181 0.9819 
         366  1 0.0419 0.9581 
         376  1 0.9897 0.0103 
         377  1 0.9109 0.0891 
         378  1 0.9873 0.0127 
         388  1 0.0235 0.9765 
         391  1 0.8383 0.1617 
         401  1 0.5382 0.4618 
         406  1 0.1176 0.8824 
         412  1 0.2082 0.7918 
         413  1 0.0214 0.9786 
         421  1 0.9521 0.0479 
         423  1 0.8108 0.1892 
         424  1 0.2726 0.7274 
         426  1 0.9729 0.0271 
         430  1 0.0865 0.9135 
         435  1 0.0205 0.9795 
         476  1 0.9812 0.0188 
         478  1 0.9908 0.0092 
         484  1 0.0126 0.9874 
         489  1 0.8537 0.1463 
         493  1 0.0819 0.9181 
         494  1 0.1470 0.8530 
         500  1 0.9924 0.0076 
         504  1 0.0305 0.9695 
         506  1 0.1101 0.8899 
