          1*  1 0.0168 0.0098 0.0145 0.0333 0.0509 0.0079 0.2150 0.0052 0.0101 0.6365 
           3  1 0.9238 0.0089 0.0251 0.0054 0.0065 0.0078 0.0071 0.0040 0.0058 0.0057 
           6  1 0.8942 0.0108 0.0104 0.0060 0.0102 0.0140 0.0245 0.0072 0.0166 0.0062 
           8  1 0.0104 0.0123 0.0115 0.0203 0.0151 0.0094 0.0050 0.0036 0.8963 0.0160 
          10  1 0.0054 0.0038 0.0299 0.8869 0.0088 0.0045 0.0058 0.0051 0.0429 0.0070 
          11  1 0.0104 0.0097 0.0778 0.0156 0.6163 0.0436 0.0320 0.0327 0.0456 0.1162 
          12  1 0.0064 0.0040 0.0068 0.9483 0.0053 0.0067 0.0074 0.0047 0.0058 0.0046 
          16  1 0.9515 0.0042 0.0062 0.0056 0.0051 0.0054 0.0044 0.0040 0.0081 0.0055 
          18  1 0.0071 0.0070 0.0074 0.0062 0.0106 0.0090 0.0044 0.0038 0.0100 0.9344 
          19  1 0.0097 0.0245 0.0209 0.0094 0.7822 0.0138 0.0067 0.0338 0.0306 0.0683 
          21  1 0.9060 0.0049 0.0184 0.0058 0.0098 0.0076 0.0063 0.0053 0.0300 0.0059 
          23  1 0.0273 0.0095 0.0150 0.4279 0.0550 0.1419 0.2586 0.0373 0.0156 0.0117 
          24  1 0.0144 0.0071 0.0131 0.3839 0.3499 0.0143 0.0163 0.0305 0.0950 0.0756 
          25  1 0.1005 0.0060 0.0100 0.4436 0.0780 0.0312 0.2234 0.0064 0.0855 0.0154 
         26*  1 0.0516 0.0066 0.1931 0.2088 0.0488 0.0075 0.0166 0.0050 0.4450 0.0170 
          28  1 0.1925 0.0059 0.0060 0.1579 0.0115 0.0073 0.0160 0.0061 0.5893 0.0076 
          29  1 0.0076 0.0075 0.0080 0.8873 0.0149 0.0060 0.0055 0.0062 0.0383 0.0187 
          30  1 0.0471 0.2852 0.2569 0.1537 0.0700 0.0157 0.0304 0.0076 0.1170 0.0164 
          33  1 0.0060 0.0170 0.0072 0.0057 0.1442 0.0061 0.0195 0.0726 0.0053 0.7163 
          37  1 0.0113 0.0064 0.0092 0.0475 0.0150 0.0104 0.0115 0.0094 0.0088 0.8705 
          38  1 0.0094 0.0055 0.0110 0.0157 0.0272 0.0064 0.0050 0.0044 0.0094 0.9061 
          43  1 0.0768 0.0080 0.0061 0.7418 0.0157 0.0072 0.0179 0.0066 0.1121 0.0079 
          44  1 0.1097 0.0174 0.1199 0.0068 0.0115 0.0153 0.0043 0.0046 0.7025 0.0080 
          48  1 0.0101 0.0071 0.0085 0.0072 0.0096 0.0076 0.0045 0.0039 0.0063 0.9354 
          55  1 0.1785 0.0154 0.0334 0.0083 0.0316 0.0173 0.0465 0.0080 0.6496 0.0115 
          59  1 0.0713 0.0077 0.8790 0.0051 0.0068 0.0062 0.0076 0.0036 0.0067 0.0060 
          60  1 0.0073 0.0049 0.0127 0.0257 0.0106 0.0089 0.9016 0.0118 0.0047 0.0117 
          61  1 0.0169 0.0512 0.0136 0.0072 0.0204 0.1401 0.2499 0.4797 0.0136 0.0075 
          62  1 0.0130 0.0132 0.0189 0.0541 0.0417 0.6210 0.0374 0.1590 0.0172 0.0246 
          65  1 0.0054 0.0215 0.0069 0.0062 0.1788 0.0086 0.0177 0.0162 0.0092 0.7296 
          73  1 0.0084 0.7036 0.0066 0.1687 0.0124 0.0268 0.0476 0.0056 0.0119 0.0083 
          75  1 0.0055 0.0418 0.0148 0.0038 0.0137 0.0087 0.0048 0.8906 0.0053 0.0110 
          76  1 0.0062 0.0057 0.0057 0.0117 0.0076 0.0298 0.0101 0.9141 0.0052 0.0039 
          77  1 0.0060 0.0049 0.0056 0.0099 0.0091 0.0123 0.1317 0.8098 0.0049 0.0058 
          78  1 0.0053 0.5723 0.0092 0.0161 0.0255 0.0374 0.0248 0.2853 0.0129 0.0113 
          79  1 0.0043 0.0822 0.0065 0.0049 0.0508 0.0624 0.0072 0.7620 0.0099 0.0099 
          84  1 0.8810 0.0094 0.0071 0.0104 0.0132 0.0374 0.0154 0.0075 0.0126 0.0060 
          85  1 0.0092 0.0113 0.0091 0.0066 0.0158 0.0136 0.0084 0.0059 0.9113 0.0087 
          86  1 0.0062 0.0156 0.0054 0.0113 0.0697 0.0188 0.0100 0.0087 0.8442 0.0102 
          89  1 0.6041 0.0068 0.0218 0.1837 0.0383 0.0713 0.0277 0.0191 0.0116 0.0155 
          94  1 0.0065 0.0057 0.0079 0.9300 0.0077 0.0088 0.0057 0.0046 0.0092 0.0140 
          95  1 0.0071 0.0070 0.9337 0.0078 0.0063 0.0058 0.0128 0.0049 0.0081 0.0063 
          96  1 0.0062 0.0061 0.0093 0.0111 0.0071 0.0090 0.0053 0.0063 0.9343 0.0054 
          98  1 0.0056 0.0648 0.0074 0.0096 0.0203 0.1573 0.6877 0.0333 0.0083 0.0058 
         102  1 0.0359 0.0065 0.0124 0.0161 0.4613 0.0151 0.0133 0.0106 0.0066 0.4222 
         105  1 0.0067 0.9510 0.0054 0.0049 0.0056 0.0049 0.0047 0.0041 0.0049 0.0077 
         106  1 0.0247 0.1535 0.0709 0.0038 0.2953 0.1785 0.0183 0.2200 0.0202 0.0148 
         108  1 0.0086 0.7917 0.0072 0.0080 0.0423 0.0073 0.0416 0.0271 0.0102 0.0559 
         109  1 0.0119 0.6340 0.0092 0.0063 0.0919 0.0898 0.0845 0.0445 0.0175 0.0102 
         112  1 0.0093 0.0095 0.0295 0.0565 0.2185 0.1458 0.0948 0.1665 0.2509 0.0188 
         115  1 0.0096 0.0169 0.0260 0.0477 0.5859 0.0153 0.0588 0.0167 0.0092 0.2139 
         116  1 0.0126 0.0216 0.0087 0.0071 0.0273 0.0466 0.0046 0.0054 0.8538 0.0123 
         117  1 0.8795 0.0112 0.0069 0.0255 0.0134 0.0101 0.0127 0.0065 0.0220 0.0122 
         129  1 0.0701 0.0061 0.0292 0.0086 0.0099 0.0056 0.0075 0.0034 0.8521 0.0074 
         132  1 0.0172 0.0074 0.0121 0.1206 0.0282 0.0092 0.7539 0.0100 0.0075 0.0340 
         133  1 0.0069 0.0580 0.0057 0.0063 0.0129 0.1449 0.7050 0.0500 0.0051 0.0053 
         137  1 0.0100 0.0109 0.0104 0.0193 0.0211 0.0353 0.4917 0.3806 0.0109 0.0099 
         139  1 0.0065 0.0094 0.0144 0.0067 0.0154 0.0090 0.0062 0.9120 0.0086 0.0117 
         140  1 0.0328 0.6571 0.0368 0.0055 0.0418 0.0887 0.0534 0.0508 0.0168 0.0163 
         142  1 0.0402 0.0088 0.0164 0.0135 0.0162 0.1966 0.0200 0.6713 0.0097 0.0073 
         144  1 0.0052 0.9456 0.0109 0.0043 0.0055 0.0053 0.0083 0.0056 0.0043 0.0050 
         145  1 0.0097 0.0074 0.0042 0.0048 0.0074 0.8641 0.0075 0.0822 0.0063 0.0064 
         147  1 0.0043 0.9151 0.0042 0.0046 0.0101 0.0127 0.0087 0.0258 0.0089 0.0055 
         160  1 0.0083 0.0047 0.0069 0.9464 0.0061 0.0046 0.0052 0.0044 0.0071 0.0063 
        162*  1 0.0059 0.0058 0.0084 0.0123 0.0079 0.0112 0.0057 0.0064 0.9308 0.0056 
         166  1 0.0090 0.0155 0.0105 0.0047 0.0070 0.0108 0.9213 0.0101 0.0063 0.0050 
         177  1 0.0046 0.0038 0.0034 0.0040 0.0047 0.0056 0.0056 0.9610 0.0037 0.0036 
         178  1 0.0124 0.0124 0.0062 0.0279 0.0248 0.0247 0.0370 0.8296 0.0143 0.0106 
         186  1 0.9597 0.0037 0.0069 0.0045 0.0040 0.0043 0.0044 0.0033 0.0047 0.0044 
         189  1 0.0075 0.0040 0.0074 0.0154 0.0086 0.0190 0.0044 0.0075 0.9192 0.0071 
         190  1 0.0728 0.0090 0.0209 0.0513 0.0345 0.0255 0.0235 0.0121 0.7353 0.0151 
         191  1 0.4465 0.0519 0.0170 0.0153 0.0271 0.1139 0.0078 0.0127 0.2968 0.0109 
         193  1 0.0237 0.0113 0.0134 0.0144 0.0130 0.8291 0.0159 0.0588 0.0120 0.0084 
         202  1 0.0115 0.0074 0.0182 0.2264 0.5013 0.0495 0.0311 0.0090 0.1225 0.0231 
         204  1 0.1063 0.0062 0.1467 0.0094 0.0070 0.0054 0.0054 0.0039 0.7046 0.0052 
         211  1 0.0178 0.0468 0.0161 0.0971 0.0679 0.0180 0.6335 0.0755 0.0099 0.0175 
         216  1 0.0053 0.4432 0.0051 0.0153 0.0196 0.0123 0.4565 0.0303 0.0070 0.0054 
         222  1 0.0055 0.6290 0.0074 0.0050 0.0481 0.2217 0.0179 0.0085 0.0194 0.0375 
         224  1 0.0101 0.0105 0.0070 0.0147 0.0130 0.0434 0.0051 0.0054 0.8811 0.0098 
         226  1 0.0396 0.0048 0.9043 0.0048 0.0136 0.0060 0.0065 0.0042 0.0077 0.0084 
         229  1 0.0782 0.0216 0.0091 0.0323 0.2337 0.0650 0.0270 0.0209 0.4917 0.0207 
         230  1 0.0111 0.0140 0.3383 0.0294 0.0838 0.0194 0.0096 0.0651 0.4168 0.0125 
         232  1 0.0515 0.0156 0.1132 0.2728 0.1225 0.2537 0.0550 0.0558 0.0448 0.0151 
         238  1 0.0035 0.0212 0.0285 0.0068 0.7136 0.0397 0.0178 0.0515 0.0198 0.0976 
         242  1 0.0065 0.0093 0.0081 0.0042 0.0302 0.0057 0.0115 0.0043 0.0078 0.9125 
         243  1 0.0161 0.0150 0.0367 0.0076 0.3490 0.0361 0.0920 0.0217 0.0093 0.4167 
         244  1 0.0088 0.0061 0.0060 0.0098 0.5616 0.0093 0.0135 0.1547 0.0133 0.2169 
         251  1 0.0142 0.0104 0.0071 0.0812 0.6856 0.0415 0.0142 0.0160 0.0291 0.1009 
         266  1 0.0109 0.0100 0.0090 0.0054 0.4105 0.0445 0.1153 0.3132 0.0095 0.0718 
         267  1 0.0272 0.6376 0.0506 0.0066 0.0400 0.0439 0.1443 0.0137 0.0176 0.0184 
         268  1 0.0105 0.0601 0.0043 0.0335 0.0231 0.0345 0.4316 0.3901 0.0053 0.0071 
         270  1 0.0181 0.0123 0.0169 0.0219 0.0136 0.0124 0.0089 0.0056 0.8793 0.0109 
         276  1 0.2221 0.0415 0.0719 0.0215 0.0503 0.1195 0.0288 0.0329 0.3913 0.0203 
         298  1 0.0324 0.5933 0.0095 0.0124 0.0318 0.0218 0.0975 0.1820 0.0077 0.0116 
         306  1 0.0077 0.0108 0.0072 0.0057 0.0292 0.3229 0.5804 0.0161 0.0074 0.0125 
         308  1 0.0109 0.0775 0.0074 0.0945 0.1041 0.0648 0.0328 0.5587 0.0147 0.0345 
         311  1 0.0073 0.0906 0.0141 0.0144 0.2313 0.5123 0.0595 0.0084 0.0220 0.0400 
         323  1 0.1148 0.0074 0.8222 0.0056 0.0074 0.0103 0.0082 0.0077 0.0071 0.0092 
         327  1 0.0304 0.0106 0.0121 0.1954 0.0655 0.0184 0.0327 0.0070 0.6111 0.0169 
         334  1 0.0055 0.0181 0.0046 0.0096 0.5552 0.0231 0.0278 0.0084 0.0147 0.3330 
         338  1 0.0203 0.1400 0.0266 0.0325 0.1899 0.4225 0.1045 0.0154 0.0314 0.0167 
         341  1 0.2999 0.0085 0.5669 0.0099 0.0180 0.0129 0.0480 0.0084 0.0137 0.0140 
         346  1 0.0087 0.0054 0.0238 0.0387 0.0183 0.0144 0.4512 0.4238 0.0088 0.0068 
         348  1 0.0104 0.5149 0.0063 0.0068 0.0474 0.1937 0.0146 0.1765 0.0099 0.0195 
         351  1 0.0162 0.0094 0.0091 0.0540 0.2281 0.0194 0.4751 0.0132 0.0113 0.1643 
         362  1 0.0269 0.0080 0.1753 0.0523 0.0118 0.0086 0.0069 0.0054 0.6988 0.0060 
         364  1 0.0093 0.0086 0.0152 0.0144 0.0492 0.0205 0.0440 0.0131 0.0061 0.8198 
         366  1 0.0090 0.0200 0.0170 0.0070 0.0710 0.0119 0.0276 0.0096 0.0175 0.8094 
         376  1 0.8727 0.0036 0.0201 0.0152 0.0113 0.0203 0.0094 0.0187 0.0220 0.0067 
         377  1 0.0354 0.0444 0.0201 0.2626 0.0904 0.2175 0.0160 0.0101 0.2895 0.0141 
         378  1 0.0309 0.0057 0.0059 0.8901 0.0079 0.0162 0.0132 0.0184 0.0073 0.0043 
         388  1 0.0115 0.4223 0.0133 0.0346 0.0454 0.0940 0.3297 0.0130 0.0171 0.0192 
         391  1 0.1087 0.0185 0.2685 0.1379 0.1394 0.1064 0.1836 0.0105 0.0121 0.0142 
         401  1 0.0235 0.0065 0.1392 0.0102 0.3903 0.1108 0.0085 0.0794 0.1724 0.0591 
         406  1 0.0318 0.0582 0.2127 0.0164 0.1251 0.1880 0.2775 0.0375 0.0154 0.0374 
         412  1 0.0242 0.0287 0.0263 0.0279 0.0608 0.5443 0.2278 0.0158 0.0276 0.0165 
         413  1 0.0051 0.0163 0.0038 0.0074 0.0477 0.7845 0.0088 0.0682 0.0192 0.0390 
         421  1 0.0319 0.0158 0.0225 0.0105 0.1053 0.1006 0.0308 0.0282 0.6391 0.0152 
         423  1 0.0062 0.0449 0.0447 0.0117 0.0514 0.1813 0.0075 0.0085 0.6170 0.0268 
         424  1 0.0924 0.0194 0.1499 0.0179 0.0523 0.3156 0.2992 0.0179 0.0106 0.0248 
         426  1 0.2846 0.0087 0.0109 0.5220 0.0386 0.0365 0.0364 0.0176 0.0252 0.0196 
         430  1 0.0290 0.0222 0.0128 0.0117 0.0157 0.4973 0.3644 0.0300 0.0104 0.0065 
         435  1 0.0064 0.0266 0.0041 0.0126 0.0097 0.3568 0.0159 0.5551 0.0083 0.0043 
         476  1 0.1262 0.0045 0.5928 0.0120 0.0420 0.0109 0.0073 0.0168 0.1701 0.0173 
         478  1 0.7279 0.0083 0.0263 0.0164 0.0260 0.0136 0.0152 0.0064 0.1286 0.0312 
         484  1 0.0173 0.4731 0.0156 0.0084 0.0141 0.0535 0.3615 0.0429 0.0074 0.0062 
         489  1 0.0081 0.1423 0.0073 0.4961 0.0161 0.2461 0.0339 0.0062 0.0386 0.0054 
         493  1 0.0033 0.0078 0.0476 0.0110 0.0291 0.0169 0.0098 0.0075 0.0082 0.8588 
         494  1 0.0103 0.0084 0.0141 0.0430 0.2429 0.0117 0.0057 0.0077 0.0201 0.6360 
         500  1 0.0090 0.0044 0.4269 0.0111 0.0163 0.0071 0.0062 0.0051 0.5048 0.0092 
         504  1 0.0089 0.5216 0.0219 0.0709 0.0892 0.0320 0.1360 0.0209 0.0705 0.0281 
         506  1 0.0149 0.9058 0.0123 0.0053 0.0078 0.0165 0.0107 0.0041 0.0174 0.0053 
