          1*  1 0.0158 0.0089 0.0336 0.2101 0.0054 0.0105 0.6461 0.0594 0.0102 
           3  1 0.9473 0.0091 0.0058 0.0075 0.0045 0.0077 0.0054 0.0061 0.0067 
           6  1 0.8957 0.0116 0.0073 0.0220 0.0103 0.0148 0.0059 0.0096 0.0228 
           8  1 0.0092 0.0124 0.0250 0.0054 0.0038 0.0081 0.0175 0.0152 0.9034 
          10  1 0.0110 0.0036 0.9136 0.0052 0.0047 0.0048 0.0073 0.0089 0.0410 
          11  1 0.0215 0.0089 0.0158 0.0346 0.0266 0.0429 0.1408 0.6690 0.0398 
          12  1 0.0069 0.0040 0.9551 0.0078 0.0049 0.0062 0.0044 0.0050 0.0057 
          16  1 0.9405 0.0046 0.0082 0.0056 0.0052 0.0071 0.0063 0.0068 0.0155 
          18  1 0.0076 0.0072 0.0069 0.0044 0.0042 0.0075 0.9442 0.0089 0.0092 
          19  1 0.0129 0.0210 0.0106 0.0071 0.0318 0.0237 0.0655 0.7985 0.0289 
          21  1 0.9234 0.0053 0.0071 0.0078 0.0066 0.0093 0.0056 0.0085 0.0263 
          23  1 0.0197 0.0097 0.3951 0.3678 0.0325 0.1040 0.0125 0.0417 0.0170 
          24  1 0.0138 0.0075 0.4081 0.0169 0.0318 0.0196 0.0708 0.3551 0.0766 
          25  1 0.0513 0.0055 0.4196 0.2989 0.0067 0.0254 0.0139 0.0670 0.1116 
         26*  1 0.2284 0.0074 0.2398 0.0166 0.0049 0.0080 0.0170 0.0647 0.4131 
          28  1 0.0426 0.0059 0.1525 0.0155 0.0061 0.0079 0.0066 0.0100 0.7529 
          29  1 0.0064 0.0065 0.9141 0.0056 0.0057 0.0062 0.0156 0.0122 0.0278 
          30  1 0.1728 0.3006 0.1958 0.0276 0.0067 0.0235 0.0208 0.0986 0.1534 
          33  1 0.0061 0.0146 0.0056 0.0217 0.0711 0.0076 0.7553 0.1128 0.0052 
          37  1 0.0100 0.0064 0.0455 0.0127 0.0098 0.0094 0.8809 0.0166 0.0087 
          38  1 0.0099 0.0055 0.0143 0.0050 0.0048 0.0064 0.9145 0.0302 0.0093 
          43  1 0.0329 0.0082 0.7589 0.0179 0.0069 0.0083 0.0080 0.0141 0.1447 
          44  1 0.2462 0.0241 0.0064 0.0047 0.0051 0.0159 0.0073 0.0132 0.6771 
          48  1 0.0102 0.0070 0.0066 0.0050 0.0038 0.0068 0.9466 0.0077 0.0063 
          55  1 0.0971 0.0153 0.0090 0.0484 0.0075 0.0165 0.0104 0.0280 0.7678 
          59  1 0.9464 0.0085 0.0052 0.0072 0.0045 0.0062 0.0071 0.0074 0.0075 
          60  1 0.0100 0.0051 0.0230 0.9153 0.0109 0.0100 0.0112 0.0100 0.0046 
          61  1 0.0158 0.0535 0.0076 0.2481 0.4695 0.1660 0.0076 0.0163 0.0155 
          62  1 0.0155 0.0126 0.0471 0.0355 0.2122 0.5942 0.0209 0.0455 0.0164 
          65  1 0.0056 0.0217 0.0058 0.0153 0.0153 0.0117 0.7589 0.1560 0.0096 
          73  1 0.0078 0.6983 0.1657 0.0473 0.0062 0.0382 0.0081 0.0149 0.0134 
          75  1 0.0084 0.0458 0.0040 0.0049 0.8971 0.0104 0.0117 0.0122 0.0055 
          76  1 0.0061 0.0052 0.0110 0.0086 0.9126 0.0407 0.0038 0.0068 0.0051 
          77  1 0.0057 0.0050 0.0104 0.1276 0.8211 0.0102 0.0060 0.0092 0.0049 
          78  1 0.0065 0.5489 0.0154 0.0195 0.2894 0.0696 0.0106 0.0285 0.0115 
          79  1 0.0046 0.0837 0.0047 0.0064 0.7447 0.0860 0.0092 0.0521 0.0085 
          84  1 0.7926 0.0121 0.0211 0.0295 0.0126 0.0662 0.0078 0.0255 0.0325 
          85  1 0.0094 0.0123 0.0067 0.0081 0.0060 0.0140 0.0093 0.0215 0.9127 
          86  1 0.0048 0.0159 0.0110 0.0092 0.0084 0.0187 0.0085 0.0857 0.8378 
          89  1 0.5824 0.0080 0.1711 0.0489 0.0244 0.0867 0.0165 0.0457 0.0163 
          94  1 0.0070 0.0054 0.9386 0.0059 0.0047 0.0083 0.0142 0.0072 0.0086 
          95  1 0.8961 0.0142 0.0067 0.0194 0.0060 0.0084 0.0146 0.0155 0.0190 
          96  1 0.0065 0.0059 0.0101 0.0053 0.0063 0.0088 0.0051 0.0062 0.9459 
          98  1 0.0060 0.0541 0.0092 0.5682 0.0327 0.2981 0.0057 0.0184 0.0076 
         102  1 0.0262 0.0061 0.0158 0.0128 0.0118 0.0150 0.3755 0.5306 0.0063 
         105  1 0.0057 0.9579 0.0051 0.0047 0.0039 0.0051 0.0073 0.0058 0.0045 
         106  1 0.0834 0.1528 0.0041 0.0194 0.2454 0.1830 0.0149 0.2799 0.0171 
         108  1 0.0074 0.8004 0.0078 0.0430 0.0259 0.0078 0.0553 0.0425 0.0099 
         109  1 0.0106 0.5975 0.0067 0.0605 0.0487 0.1783 0.0106 0.0705 0.0166 
         112  1 0.0141 0.0089 0.0535 0.1170 0.1540 0.1483 0.0190 0.2452 0.2399 
         115  1 0.0140 0.0172 0.0462 0.0628 0.0153 0.0242 0.1889 0.6201 0.0113 
         116  1 0.0099 0.0192 0.0086 0.0050 0.0049 0.0363 0.0128 0.0290 0.8743 
         117  1 0.6800 0.0209 0.1198 0.0334 0.0141 0.0184 0.0146 0.0307 0.0680 
         129  1 0.0701 0.0059 0.0088 0.0074 0.0035 0.0060 0.0086 0.0089 0.8808 
         132  1 0.0143 0.0063 0.1013 0.7989 0.0093 0.0090 0.0326 0.0211 0.0072 
         133  1 0.0073 0.0474 0.0062 0.5858 0.0473 0.2856 0.0049 0.0111 0.0045 
         137  1 0.0123 0.0126 0.0187 0.4442 0.4136 0.0515 0.0095 0.0273 0.0104 
         139  1 0.0085 0.0105 0.0064 0.0058 0.9248 0.0089 0.0119 0.0153 0.0078 
         140  1 0.0383 0.6426 0.0058 0.0471 0.0575 0.1287 0.0164 0.0461 0.0175 
         142  1 0.0369 0.0088 0.0132 0.0214 0.6614 0.2253 0.0073 0.0166 0.0091 
         144  1 0.0076 0.9533 0.0040 0.0083 0.0060 0.0061 0.0049 0.0053 0.0044 
         145  1 0.0069 0.0078 0.0045 0.0075 0.1668 0.7859 0.0067 0.0079 0.0060 
         147  1 0.0042 0.9084 0.0044 0.0071 0.0271 0.0236 0.0058 0.0103 0.0091 
         160  1 0.0071 0.0044 0.9547 0.0054 0.0044 0.0048 0.0067 0.0054 0.0071 
        162*  1 0.0058 0.0061 0.0127 0.0054 0.0059 0.0105 0.0050 0.0071 0.9414 
         166  1 0.0102 0.0158 0.0044 0.9295 0.0101 0.0123 0.0048 0.0066 0.0062 
         177  1 0.0041 0.0036 0.0038 0.0049 0.9664 0.0055 0.0035 0.0045 0.0037 
         178  1 0.0090 0.0164 0.0265 0.0340 0.8219 0.0461 0.0099 0.0223 0.0140 
         186  1 0.9631 0.0036 0.0050 0.0052 0.0039 0.0047 0.0043 0.0047 0.0055 
         189  1 0.0067 0.0039 0.0135 0.0042 0.0070 0.0160 0.0062 0.0080 0.9343 
         190  1 0.0536 0.0089 0.0791 0.0260 0.0116 0.0227 0.0192 0.0436 0.7352 
         191  1 0.3392 0.0268 0.0176 0.0088 0.0161 0.1006 0.0085 0.0310 0.4514 
         193  1 0.0250 0.0133 0.0155 0.0275 0.1267 0.7556 0.0097 0.0161 0.0106 
         202  1 0.0117 0.0082 0.1970 0.0489 0.0083 0.0438 0.0195 0.5423 0.1203 
         204  1 0.3084 0.0068 0.0093 0.0060 0.0039 0.0058 0.0047 0.0067 0.6483 
         211  1 0.0172 0.0460 0.0793 0.6763 0.0633 0.0229 0.0160 0.0703 0.0088 
         216  1 0.0049 0.4647 0.0157 0.4203 0.0302 0.0360 0.0053 0.0162 0.0067 
         222  1 0.0054 0.5720 0.0047 0.0132 0.0084 0.3053 0.0331 0.0447 0.0131 
         224  1 0.0080 0.0101 0.0131 0.0053 0.0057 0.0267 0.0092 0.0117 0.9101 
         226  1 0.9333 0.0045 0.0051 0.0109 0.0054 0.0068 0.0075 0.0190 0.0076 
         229  1 0.0217 0.0262 0.0637 0.0259 0.0210 0.0735 0.0225 0.3426 0.4028 
         230  1 0.0337 0.0151 0.0428 0.0089 0.0471 0.0190 0.0133 0.1451 0.6750 
         232  1 0.1194 0.0161 0.2785 0.0748 0.0602 0.2466 0.0171 0.1264 0.0608 
         238  1 0.0055 0.0197 0.0061 0.0186 0.0439 0.0511 0.1208 0.7156 0.0187 
         242  1 0.0063 0.0087 0.0042 0.0112 0.0044 0.0055 0.9264 0.0264 0.0070 
         243  1 0.0238 0.0149 0.0079 0.0890 0.0213 0.0466 0.4311 0.3561 0.0094 
         244  1 0.0067 0.0057 0.0094 0.0149 0.1437 0.0130 0.2083 0.5860 0.0122 
         251  1 0.0091 0.0101 0.0794 0.0170 0.0145 0.0402 0.0878 0.7188 0.0230 
         266  1 0.0093 0.0103 0.0056 0.1254 0.3037 0.0545 0.0726 0.4092 0.0093 
         267  1 0.0452 0.6041 0.0067 0.1273 0.0117 0.1309 0.0189 0.0385 0.0166 
         268  1 0.0066 0.0887 0.0413 0.3626 0.3898 0.0740 0.0072 0.0249 0.0049 
         270  1 0.0221 0.0137 0.0227 0.0077 0.0053 0.0122 0.0093 0.0131 0.8939 
         276  1 0.2823 0.0371 0.0233 0.0311 0.0352 0.0842 0.0165 0.0459 0.4444 
         298  1 0.0217 0.6080 0.0133 0.0890 0.1751 0.0420 0.0116 0.0314 0.0079 
         306  1 0.0082 0.0094 0.0059 0.6181 0.0213 0.2851 0.0134 0.0289 0.0098 
         308  1 0.0087 0.0837 0.0776 0.0392 0.5452 0.0841 0.0346 0.1124 0.0145 
         311  1 0.0081 0.0997 0.0154 0.0514 0.0090 0.5377 0.0423 0.2151 0.0212 
         323  1 0.9483 0.0078 0.0046 0.0052 0.0046 0.0056 0.0092 0.0067 0.0080 
         327  1 0.0238 0.0100 0.2041 0.0405 0.0072 0.0229 0.0184 0.0593 0.6138 
         334  1 0.0045 0.0180 0.0097 0.0313 0.0083 0.0333 0.2893 0.5897 0.0159 
         338  1 0.0259 0.1486 0.0278 0.0853 0.0176 0.4764 0.0157 0.1732 0.0296 
         341  1 0.9036 0.0060 0.0069 0.0360 0.0062 0.0083 0.0136 0.0113 0.0083 
         346  1 0.0129 0.0050 0.0316 0.5078 0.3983 0.0130 0.0064 0.0158 0.0092 
         348  1 0.0079 0.4924 0.0065 0.0115 0.1954 0.2069 0.0188 0.0513 0.0093 
         351  1 0.0131 0.0089 0.0493 0.4871 0.0120 0.0183 0.1864 0.2149 0.0099 
         362  1 0.1280 0.0070 0.0664 0.0077 0.0053 0.0089 0.0061 0.0129 0.7576 
         364  1 0.0116 0.0082 0.0128 0.0378 0.0130 0.0210 0.8346 0.0544 0.0066 
         366  1 0.0108 0.0210 0.0074 0.0318 0.0084 0.0148 0.8087 0.0796 0.0175 
         376  1 0.8994 0.0036 0.0153 0.0098 0.0158 0.0146 0.0063 0.0099 0.0253 
         377  1 0.0275 0.0422 0.2518 0.0201 0.0102 0.2074 0.0149 0.1001 0.3259 
         378  1 0.0148 0.0055 0.9139 0.0159 0.0170 0.0142 0.0043 0.0071 0.0073 
         388  1 0.0106 0.3959 0.0346 0.2768 0.0144 0.1939 0.0176 0.0415 0.0147 
         391  1 0.4342 0.0147 0.1301 0.2702 0.0081 0.0623 0.0123 0.0596 0.0085 
         401  1 0.0876 0.0066 0.0116 0.0083 0.0790 0.1049 0.0608 0.4573 0.1839 
         406  1 0.1245 0.0600 0.0174 0.3587 0.0301 0.2118 0.0419 0.1388 0.0169 
         412  1 0.0260 0.0278 0.0276 0.2133 0.0190 0.5846 0.0175 0.0557 0.0287 
         413  1 0.0041 0.0158 0.0078 0.0097 0.1354 0.7168 0.0372 0.0533 0.0200 
         421  1 0.0179 0.0135 0.0095 0.0282 0.0278 0.0965 0.0137 0.0586 0.7343 
         423  1 0.0148 0.0378 0.0108 0.0079 0.0093 0.1439 0.0263 0.0724 0.6768 
         424  1 0.2049 0.0183 0.0195 0.4215 0.0180 0.2360 0.0266 0.0441 0.0109 
         426  1 0.1018 0.0100 0.6039 0.1064 0.0251 0.0393 0.0245 0.0591 0.0300 
         430  1 0.0233 0.0205 0.0121 0.4099 0.0385 0.4637 0.0059 0.0162 0.0099 
         435  1 0.0051 0.0264 0.0125 0.0135 0.5665 0.3548 0.0043 0.0096 0.0072 
         476  1 0.7525 0.0046 0.0133 0.0078 0.0215 0.0161 0.0254 0.0356 0.1232 
         478  1 0.6911 0.0093 0.0154 0.0143 0.0062 0.0143 0.0262 0.0270 0.1962 
         484  1 0.0190 0.4588 0.0093 0.3305 0.0442 0.1126 0.0062 0.0123 0.0071 
         489  1 0.0071 0.1340 0.4994 0.0591 0.0074 0.2327 0.0057 0.0191 0.0356 
         493  1 0.0076 0.0071 0.0112 0.0103 0.0081 0.0169 0.9011 0.0290 0.0087 
         494  1 0.0112 0.0086 0.0399 0.0059 0.0069 0.0111 0.6195 0.2780 0.0188 
         500  1 0.0573 0.0044 0.0096 0.0070 0.0044 0.0060 0.0080 0.0176 0.8856 
         504  1 0.0125 0.5029 0.0748 0.1101 0.0230 0.0781 0.0339 0.1009 0.0638 
         506  1 0.0141 0.8700 0.0050 0.0089 0.0044 0.0656 0.0055 0.0071 0.0195 
