          1*  1 0.0442 0.9558 
           3  1 0.9874 0.0126 
           6  1 0.9801 0.0199 
           8  1 0.9897 0.0103 
          10  1 0.9914 0.0086 
          11  1 0.4088 0.5912 
          12  1 0.9839 0.0161 
          16  1 0.9917 0.0083 
          18  1 0.1201 0.8799 
          19  1 0.0450 0.9550 
          21  1 0.9889 0.0111 
          23  1 0.8170 0.1830 
          24  1 0.8015 0.1985 
          25  1 0.9615 0.0385 
         26*  1 0.9918 0.0082 
          28  1 0.9930 0.0070 
          29  1 0.9865 0.0135 
          30  1 0.6642 0.3358 
          33  1 0.0088 0.9912 
          37  1 0.1579 0.8421 
          38  1 0.2107 0.7893 
          43  1 0.9877 0.0123 
          44  1 0.9893 0.0107 
          48  1 0.1138 0.8862 
          55  1 0.9838 0.0162 
          59  1 0.9876 0.0124 
          60  1 0.0186 0.9814 
          61  1 0.0161 0.9839 
          62  1 0.1409 0.8591 
          65  1 0.0381 0.9619 
          73  1 0.0447 0.9553 
          75  1 0.0066 0.9934 
          76  1 0.0114 0.9886 
          77  1 0.0118 0.9882 
          78  1 0.0111 0.9889 
          79  1 0.0062 0.9938 
          84  1 0.9796 0.0204 
          85  1 0.9716 0.0284 
          86  1 0.9165 0.0835 
          89  1 0.9754 0.0246 
          94  1 0.9829 0.0171 
          95  1 0.9730 0.0270 
          96  1 0.9897 0.0103 
          98  1 0.0140 0.9860 
         102  1 0.1216 0.8784 
         105  1 0.0088 0.9912 
         106  1 0.0545 0.9455 
         108  1 0.0120 0.9880 
         109  1 0.0288 0.9712 
         112  1 0.7260 0.2740 
         115  1 0.1616 0.8384 
         116  1 0.9571 0.0429 
         117  1 0.9784 0.0216 
         129  1 0.9937 0.0063 
         132  1 0.0571 0.9429 
         133  1 0.0111 0.9889 
         137  1 0.0337 0.9663 
         139  1 0.0128 0.9872 
         140  1 0.0268 0.9732 
         142  1 0.0227 0.9773 
         144  1 0.0079 0.9921 
         145  1 0.0814 0.9186 
         147  1 0.0084 0.9916 
         160  1 0.9894 0.0106 
        162*  1 0.9875 0.0125 
         166  1 0.0130 0.9870 
         177  1 0.0079 0.9921 
         178  1 0.0186 0.9814 
         186  1 0.9909 0.0091 
         189  1 0.9898 0.0102 
         190  1 0.9888 0.0112 
         191  1 0.9874 0.0126 
         193  1 0.4469 0.5531 
         202  1 0.8893 0.1107 
         204  1 0.9945 0.0055 
         211  1 0.0307 0.9693 
         216  1 0.0108 0.9892 
         222  1 0.0102 0.9898 
         224  1 0.9823 0.0177 
         226  1 0.9647 0.0353 
         229  1 0.8806 0.1194 
         230  1 0.9546 0.0454 
         232  1 0.9340 0.0660 
         238  1 0.0195 0.9805 
         242  1 0.0174 0.9826 
         243  1 0.0235 0.9765 
         244  1 0.0155 0.9845 
         251  1 0.0661 0.9339 
         266  1 0.0096 0.9904 
         267  1 0.0343 0.9657 
         268  1 0.0093 0.9907 
         270  1 0.9874 0.0126 
         276  1 0.9703 0.0297 
         298  1 0.0108 0.9892 
         306  1 0.0102 0.9898 
         308  1 0.0155 0.9845 
         311  1 0.0243 0.9757 
         323  1 0.9844 0.0156 
         327  1 0.9874 0.0126 
         334  1 0.0181 0.9819 
         338  1 0.0809 0.9191 
         341  1 0.9623 0.0377 
         346  1 0.1308 0.8692 
         348  1 0.0076 0.9924 
         351  1 0.0353 0.9647 
         362  1 0.9938 0.0062 
         364  1 0.0148 0.9852 
         366  1 0.0435 0.9565 
         376  1 0.9905 0.0095 
         377  1 0.9218 0.0782 
         378  1 0.9880 0.0120 
         388  1 0.0222 0.9778 
         391  1 0.8668 0.1332 
         401  1 0.5941 0.4059 
         406  1 0.1106 0.8894 
         412  1 0.1974 0.8026 
         413  1 0.0228 0.9772 
         421  1 0.9554 0.0446 
         423  1 0.8397 0.1603 
         424  1 0.2611 0.7389 
         426  1 0.9751 0.0249 
         430  1 0.0781 0.9219 
         435  1 0.0194 0.9806 
         476  1 0.9850 0.0150 
         478  1 0.9917 0.0083 
         484  1 0.0120 0.9880 
         489  1 0.8705 0.1295 
         493  1 0.1060 0.8940 
         494  1 0.1919 0.8081 
         500  1 0.9940 0.0060 
         504  1 0.0298 0.9702 
         506  1 0.1088 0.8912 
