

----------------------------------------------------
STRUCTURE by Pritchard, Stephens and Donnelly (2000)
     and Falush, Stephens and Pritchard (2003)
       Code by Pritchard, Falush and Hubisz
             Version 2.3.4 (Jul 2012)
----------------------------------------------------



Command line arguments:   bin\structure -m M:\STRUCTURE\Squirrel_132_ID_14L_20250816\10k_Burnin_100k_MCMC\mainparams -e M:\STRUCTURE\Squirrel_132_ID_14L_20250816\10k_Burnin_100k_MCMC\extraparams 
Input File:    M:\STRUCTURE\Squirrel_132_ID_14L_20250816\project_data

Run parameters:
   132 individuals
   14 loci
   9 populations assumed
   10000 Burn-in period
   100000 Reps


--------------------------------------------
Proportion of membership of each pre-defined
 population in each of the 9 clusters

Given    Inferred Clusters                                                 Number of
 Pop       1      2      3      4      5      6      7      8      9      Individuals

  1:     0.107  0.102  0.150  0.099  0.099  0.102  0.096  0.108  0.137      132
--------------------------------------------

Allele-freq. divergence among pops (Net nucleotide distance),
computed using point estimates of P.

      1       2       3       4       5       6       7       8       9      
 1      -    0.0687  0.0633  0.1216  0.0597  0.0271  0.1049  0.1051  0.0743  
 2   0.0687     -    0.0454  0.0988  0.0077  0.0243  0.0858  0.0572  0.0824  
 3   0.0633  0.0454     -    0.0892  0.0514  0.0168  0.1069  0.0866  0.0759  
 4   0.1216  0.0988  0.0892     -    0.0857  0.0799  0.2080  0.1253  0.1213  
 5   0.0597  0.0077  0.0514  0.0857     -    0.0220  0.0948  0.0599  0.0734  
 6   0.0271  0.0243  0.0168  0.0799  0.0220     -    0.0834  0.0588  0.0581  
 7   0.1049  0.0858  0.1069  0.2080  0.0948  0.0834     -    0.1463  0.1444  
 8   0.1051  0.0572  0.0866  0.1253  0.0599  0.0588  0.1463     -    0.1301  
 9   0.0743  0.0824  0.0759  0.1213  0.0734  0.0581  0.1444  0.1301     -    

Average distances (expected heterozygosity) between individuals in same cluster:
cluster  1  : 0.6381 
cluster  2  : 0.5692 
cluster  3  : 0.5575 
cluster  4  : 0.4005 
cluster  5  : 0.5923 
cluster  6  : 0.6491 
cluster  7  : 0.4879 
cluster  8  : 0.5858 
cluster  9  : 0.4573 

--------------------------------------------
Estimated Ln Prob of Data   = -4210.3
Mean value of ln likelihood = -3903.4
Variance of ln likelihood   = 613.9
Mean value of alpha         = 0.0447

Mean value of lambda        = 0.9250

Mean value of Fst_1         = 0.1061
Mean value of Fst_2         = 0.2354
Mean value of Fst_3         = 0.2122
Mean value of Fst_4         = 0.3734
Mean value of Fst_5         = 0.1996
Mean value of Fst_6         = 0.0673
Mean value of Fst_7         = 0.3090
Mean value of Fst_8         = 0.2171
Mean value of Fst_9         = 0.3002


Inferred ancestry of individuals:
        Label (%Miss) Pop:  Inferred clusters (and 90% probability intervals)
  1       1*    (0)    1 :  0.642 0.088 0.010 0.035 0.141 0.056 0.008 0.006 0.015     (0.000,0.997) (0.000,0.472) (0.000,0.054) (0.000,0.249) (0.000,0.581) (0.000,0.463) (0.000,0.043) (0.000,0.030) (0.000,0.096) 
  2        3    (0)    1 :  0.006 0.008 0.007 0.006 0.007 0.006 0.010 0.004 0.947     (0.000,0.030) (0.000,0.042) (0.000,0.039) (0.000,0.032) (0.000,0.038) (0.000,0.034) (0.000,0.059) (0.000,0.024) (0.778,1.000) 
  3        6    (0)    1 :  0.005 0.018 0.019 0.008 0.019 0.012 0.010 0.010 0.897     (0.000,0.029) (0.000,0.129) (0.000,0.130) (0.000,0.045) (0.000,0.128) (0.000,0.072) (0.000,0.063) (0.000,0.062) (0.604,1.000) 
  4        8    (0)    1 :  0.016 0.006 0.777 0.025 0.010 0.139 0.015 0.004 0.009     (0.000,0.107) (0.000,0.029) (0.000,1.000) (0.000,0.166) (0.000,0.044) (0.000,0.974) (0.000,0.098) (0.000,0.020) (0.000,0.051) 
  5       10    (0)    1 :  0.007 0.004 0.029 0.915 0.006 0.021 0.003 0.004 0.010     (0.000,0.039) (0.000,0.024) (0.000,0.207) (0.646,1.000) (0.000,0.029) (0.000,0.147) (0.000,0.019) (0.000,0.024) (0.000,0.064) 
  6       11    (0)    1 :  0.155 0.041 0.052 0.015 0.179 0.505 0.009 0.024 0.021     (0.000,0.924) (0.000,0.274) (0.000,0.397) (0.000,0.099) (0.000,0.986) (0.000,1.000) (0.000,0.053) (0.000,0.166) (0.000,0.146) 
  7       12    (0)    1 :  0.004 0.007 0.006 0.956 0.007 0.006 0.004 0.005 0.007     (0.000,0.024) (0.000,0.035) (0.000,0.030) (0.810,1.000) (0.000,0.036) (0.000,0.030) (0.000,0.021) (0.000,0.026) (0.000,0.036) 
  8       16    (7)    1 :  0.006 0.006 0.014 0.007 0.006 0.009 0.004 0.005 0.943     (0.000,0.036) (0.000,0.033) (0.000,0.080) (0.000,0.042) (0.000,0.032) (0.000,0.047) (0.000,0.024) (0.000,0.027) (0.754,1.000) 
  9       18    (0)    1 :  0.944 0.006 0.010 0.006 0.006 0.009 0.008 0.004 0.007     (0.763,1.000) (0.000,0.033) (0.000,0.058) (0.000,0.036) (0.000,0.030) (0.000,0.049) (0.000,0.044) (0.000,0.023) (0.000,0.041) 
 10       19    (0)    1 :  0.098 0.021 0.030 0.011 0.184 0.589 0.021 0.034 0.013     (0.000,0.800) (0.000,0.102) (0.000,0.218) (0.000,0.063) (0.000,0.990) (0.000,1.000) (0.000,0.134) (0.000,0.250) (0.000,0.082) 
 11       21    (7)    1 :  0.006 0.009 0.020 0.008 0.008 0.013 0.005 0.006 0.924     (0.000,0.035) (0.000,0.053) (0.000,0.141) (0.000,0.045) (0.000,0.047) (0.000,0.088) (0.000,0.029) (0.000,0.036) (0.694,1.000) 
 12       23    (7)    1 :  0.013 0.189 0.023 0.430 0.251 0.030 0.008 0.036 0.020     (0.000,0.079) (0.000,0.848) (0.000,0.155) (0.000,0.957) (0.000,0.991) (0.000,0.207) (0.000,0.047) (0.000,0.258) (0.000,0.139) 
 13       24    (7)    1 :  0.073 0.013 0.048 0.432 0.090 0.293 0.007 0.031 0.013     (0.000,0.453) (0.000,0.081) (0.000,0.345) (0.000,0.968) (0.000,0.712) (0.000,0.986) (0.000,0.038) (0.000,0.222) (0.000,0.092) 
 14       25    (7)    1 :  0.015 0.106 0.092 0.475 0.194 0.055 0.005 0.007 0.051     (0.000,0.098) (0.000,0.589) (0.000,0.410) (0.000,0.948) (0.000,0.802) (0.000,0.389) (0.000,0.028) (0.000,0.039) (0.000,0.322) 
 15      26*    (0)    1 :  0.018 0.009 0.312 0.253 0.023 0.137 0.007 0.005 0.237     (0.000,0.126) (0.000,0.051) (0.000,0.956) (0.000,0.692) (0.000,0.144) (0.000,0.855) (0.000,0.040) (0.000,0.027) (0.000,0.769) 
 16       28    (0)    1 :  0.007 0.009 0.620 0.187 0.015 0.106 0.006 0.006 0.044     (0.000,0.037) (0.000,0.057) (0.000,1.000) (0.000,0.954) (0.000,0.101) (0.000,0.943) (0.000,0.032) (0.000,0.034) (0.000,0.337) 
 17       29    (0)    1 :  0.015 0.005 0.019 0.919 0.008 0.017 0.006 0.005 0.006     (0.000,0.103) (0.000,0.028) (0.000,0.126) (0.667,1.000) (0.000,0.042) (0.000,0.108) (0.000,0.034) (0.000,0.027) (0.000,0.037) 
 18       30    (0)    1 :  0.021 0.029 0.116 0.219 0.034 0.093 0.309 0.007 0.172     (0.000,0.129) (0.000,0.195) (0.000,0.660) (0.000,0.735) (0.000,0.227) (0.000,0.657) (0.000,0.672) (0.000,0.037) (0.000,0.756) 
 19       33    (0)    1 :  0.758 0.014 0.006 0.006 0.054 0.084 0.017 0.056 0.006     (0.000,1.000) (0.000,0.090) (0.000,0.030) (0.000,0.032) (0.000,0.358) (0.000,0.849) (0.000,0.115) (0.000,0.324) (0.000,0.033) 
 20       37    (0)    1 :  0.888 0.009 0.009 0.043 0.013 0.012 0.006 0.009 0.010     (0.582,1.000) (0.000,0.055) (0.000,0.050) (0.000,0.297) (0.000,0.081) (0.000,0.072) (0.000,0.036) (0.000,0.057) (0.000,0.061) 
 21       38    (0)    1 :  0.922 0.005 0.010 0.014 0.010 0.020 0.005 0.005 0.009     (0.676,1.000) (0.000,0.026) (0.000,0.056) (0.000,0.097) (0.000,0.046) (0.000,0.111) (0.000,0.030) (0.000,0.026) (0.000,0.057) 
 22       43    (0)    1 :  0.008 0.012 0.112 0.776 0.014 0.032 0.007 0.006 0.032     (0.000,0.046) (0.000,0.080) (0.000,0.470) (0.434,1.000) (0.000,0.095) (0.000,0.243) (0.000,0.046) (0.000,0.035) (0.000,0.221) 
 23       44    (0)    1 :  0.008 0.009 0.627 0.006 0.008 0.096 0.020 0.005 0.222     (0.000,0.042) (0.000,0.047) (0.000,1.000) (0.000,0.033) (0.000,0.037) (0.000,0.784) (0.000,0.137) (0.000,0.028) (0.000,0.617) 
 24       48    (0)    1 :  0.947 0.006 0.006 0.006 0.006 0.007 0.007 0.004 0.011     (0.776,1.000) (0.000,0.035) (0.000,0.034) (0.000,0.036) (0.000,0.031) (0.000,0.037) (0.000,0.039) (0.000,0.022) (0.000,0.066) 
 25       55    (0)    1 :  0.011 0.030 0.661 0.009 0.037 0.121 0.013 0.008 0.111     (0.000,0.067) (0.000,0.220) (0.000,1.000) (0.000,0.052) (0.000,0.267) (0.000,0.888) (0.000,0.082) (0.000,0.045) (0.000,0.553) 
 26       59    (0)    1 :  0.007 0.006 0.007 0.005 0.007 0.006 0.009 0.004 0.948     (0.000,0.042) (0.000,0.037) (0.000,0.039) (0.000,0.028) (0.000,0.039) (0.000,0.035) (0.000,0.055) (0.000,0.021) (0.784,1.000) 
 27       60    (0)    1 :  0.011 0.366 0.005 0.023 0.564 0.008 0.005 0.010 0.008     (0.000,0.072) (0.000,1.000) (0.000,0.025) (0.000,0.171) (0.000,1.000) (0.000,0.048) (0.000,0.024) (0.000,0.059) (0.000,0.046) 
 28       61    (0)    1 :  0.008 0.191 0.027 0.007 0.177 0.022 0.054 0.501 0.014     (0.000,0.047) (0.000,0.857) (0.000,0.156) (0.000,0.040) (0.000,0.821) (0.000,0.143) (0.000,0.349) (0.000,0.993) (0.000,0.087) 
 29       62    (0)    1 :  0.021 0.312 0.085 0.041 0.152 0.046 0.013 0.314 0.016     (0.000,0.151) (0.000,0.995) (0.000,0.724) (0.000,0.298) (0.000,0.953) (0.000,0.329) (0.000,0.090) (0.000,0.995) (0.000,0.102) 
 30       65    (0)    1 :  0.812 0.017 0.008 0.006 0.035 0.080 0.019 0.016 0.006     (0.011,1.000) (0.000,0.117) (0.000,0.049) (0.000,0.034) (0.000,0.194) (0.000,0.696) (0.000,0.135) (0.000,0.109) (0.000,0.031) 
 31       73    (0)    1 :  0.008 0.051 0.018 0.176 0.046 0.017 0.670 0.006 0.008     (0.000,0.044) (0.000,0.368) (0.000,0.111) (0.000,0.522) (0.000,0.347) (0.000,0.104) (0.305,0.993) (0.000,0.032) (0.000,0.043) 
 32       75    (0)    1 :  0.010 0.006 0.005 0.004 0.007 0.011 0.041 0.906 0.008     (0.000,0.062) (0.000,0.034) (0.000,0.030) (0.000,0.021) (0.000,0.037) (0.000,0.064) (0.000,0.261) (0.638,1.000) (0.000,0.053) 
 33       76    (0)    1 :  0.004 0.009 0.009 0.011 0.019 0.006 0.005 0.930 0.006     (0.000,0.021) (0.000,0.056) (0.000,0.037) (0.000,0.071) (0.000,0.097) (0.000,0.034) (0.000,0.028) (0.699,1.000) (0.000,0.032) 
 34       77    (0)    1 :  0.006 0.050 0.005 0.010 0.093 0.009 0.005 0.816 0.005     (0.000,0.035) (0.000,0.363) (0.000,0.026) (0.000,0.064) (0.000,0.564) (0.000,0.049) (0.000,0.027) (0.287,1.000) (0.000,0.029) 
 35       78    (0)    1 :  0.011 0.060 0.019 0.015 0.033 0.029 0.518 0.307 0.007     (0.000,0.064) (0.000,0.447) (0.000,0.118) (0.000,0.111) (0.000,0.242) (0.000,0.196) (0.000,0.972) (0.000,0.785) (0.000,0.040) 
 36       79    (0)    1 :  0.010 0.014 0.018 0.004 0.040 0.035 0.083 0.792 0.005     (0.000,0.061) (0.000,0.084) (0.000,0.072) (0.000,0.025) (0.000,0.211) (0.000,0.245) (0.000,0.407) (0.292,1.000) (0.000,0.027) 
 37       84    (0)    1 :  0.007 0.051 0.034 0.022 0.034 0.028 0.012 0.014 0.798     (0.000,0.041) (0.000,0.326) (0.000,0.236) (0.000,0.159) (0.000,0.245) (0.000,0.200) (0.000,0.078) (0.000,0.089) (0.415,1.000) 
 38       85    (0)    1 :  0.009 0.011 0.792 0.007 0.016 0.136 0.013 0.007 0.009     (0.000,0.051) (0.000,0.065) (0.000,1.000) (0.000,0.040) (0.000,0.078) (0.000,0.984) (0.000,0.089) (0.000,0.037) (0.000,0.051) 
 39       86    (0)    1 :  0.010 0.015 0.666 0.012 0.041 0.225 0.016 0.009 0.005     (0.000,0.060) (0.000,0.098) (0.000,1.000) (0.000,0.079) (0.000,0.286) (0.000,0.982) (0.000,0.113) (0.000,0.052) (0.000,0.029) 
 40       89    (0)    1 :  0.017 0.067 0.025 0.173 0.059 0.041 0.006 0.029 0.583     (0.000,0.116) (0.000,0.412) (0.000,0.175) (0.000,0.566) (0.000,0.411) (0.000,0.290) (0.000,0.036) (0.000,0.211) (0.069,0.940) 
 41       94    (0)    1 :  0.015 0.007 0.009 0.939 0.006 0.007 0.005 0.005 0.007     (0.000,0.099) (0.000,0.042) (0.000,0.053) (0.749,1.000) (0.000,0.035) (0.000,0.042) (0.000,0.029) (0.000,0.025) (0.000,0.041) 
 42       95    (0)    1 :  0.015 0.013 0.017 0.006 0.016 0.015 0.014 0.006 0.897     (0.000,0.097) (0.000,0.081) (0.000,0.105) (0.000,0.036) (0.000,0.103) (0.000,0.080) (0.000,0.098) (0.000,0.031) (0.600,1.000) 
 43       96    (0)    1 :  0.005 0.007 0.747 0.009 0.006 0.210 0.005 0.006 0.006     (0.000,0.027) (0.000,0.038) (0.000,1.000) (0.000,0.054) (0.000,0.029) (0.000,0.998) (0.000,0.028) (0.000,0.034) (0.000,0.030) 
 44       98    (0)    1 :  0.006 0.513 0.009 0.009 0.363 0.038 0.030 0.026 0.005     (0.000,0.031) (0.000,1.000) (0.000,0.051) (0.000,0.054) (0.000,1.000) (0.000,0.197) (0.000,0.178) (0.000,0.148) (0.000,0.029) 
 45      102    (0)    1 :  0.506 0.015 0.008 0.017 0.112 0.296 0.006 0.013 0.027     (0.000,0.999) (0.000,0.100) (0.000,0.046) (0.000,0.122) (0.000,0.932) (0.000,0.997) (0.000,0.035) (0.000,0.087) (0.000,0.199) 
 46      105    (0)    1 :  0.007 0.005 0.004 0.005 0.005 0.005 0.960 0.004 0.005     (0.000,0.042) (0.000,0.025) (0.000,0.023) (0.000,0.026) (0.000,0.025) (0.000,0.028) (0.832,1.000) (0.000,0.020) (0.000,0.028) 
 47      106    (0)    1 :  0.018 0.140 0.052 0.004 0.091 0.168 0.143 0.298 0.087     (0.000,0.113) (0.000,0.733) (0.000,0.363) (0.000,0.020) (0.000,0.672) (0.000,0.963) (0.000,0.609) (0.000,0.843) (0.000,0.392) 
 48      108    (0)    1 :  0.045 0.022 0.009 0.008 0.042 0.034 0.808 0.025 0.007     (0.000,0.305) (0.000,0.159) (0.000,0.052) (0.000,0.044) (0.000,0.261) (0.000,0.245) (0.447,1.000) (0.000,0.181) (0.000,0.039) 
 49      109    (0)    1 :  0.011 0.264 0.026 0.006 0.052 0.087 0.493 0.048 0.011     (0.000,0.065) (0.000,0.995) (0.000,0.161) (0.000,0.036) (0.000,0.361) (0.000,0.681) (0.000,0.998) (0.000,0.317) (0.000,0.066) 
 50      112    (0)    1 :  0.021 0.132 0.248 0.048 0.165 0.212 0.008 0.151 0.014     (0.000,0.138) (0.000,0.733) (0.000,0.815) (0.000,0.347) (0.000,0.791) (0.000,0.972) (0.000,0.045) (0.000,0.766) (0.000,0.087) 
 51      115    (0)    1 :  0.240 0.034 0.012 0.044 0.177 0.454 0.015 0.012 0.012     (0.000,0.983) (0.000,0.248) (0.000,0.063) (0.000,0.293) (0.000,0.975) (0.000,1.000) (0.000,0.093) (0.000,0.079) (0.000,0.077) 
 52      116    (0)    1 :  0.015 0.018 0.797 0.008 0.012 0.118 0.019 0.005 0.009     (0.000,0.100) (0.000,0.097) (0.000,1.000) (0.000,0.045) (0.000,0.064) (0.000,0.965) (0.000,0.133) (0.000,0.027) (0.000,0.049) 
 53      117    (0)    1 :  0.016 0.027 0.049 0.146 0.028 0.034 0.020 0.014 0.666     (0.000,0.107) (0.000,0.193) (0.000,0.345) (0.000,0.875) (0.000,0.184) (0.000,0.239) (0.000,0.139) (0.000,0.086) (0.000,1.000) 
 54      129    (0)    1 :  0.008 0.006 0.697 0.011 0.007 0.188 0.006 0.004 0.073     (0.000,0.047) (0.000,0.037) (0.000,1.000) (0.000,0.056) (0.000,0.042) (0.000,0.993) (0.000,0.033) (0.000,0.019) (0.000,0.446) 
 55      132    (0)    1 :  0.034 0.293 0.008 0.113 0.495 0.026 0.006 0.009 0.015     (0.000,0.248) (0.000,0.994) (0.000,0.043) (0.000,0.512) (0.000,1.000) (0.000,0.147) (0.000,0.033) (0.000,0.054) (0.000,0.104) 
 56      133    (0)    1 :  0.006 0.509 0.006 0.006 0.375 0.028 0.026 0.037 0.006     (0.000,0.031) (0.000,1.000) (0.000,0.029) (0.000,0.034) (0.000,1.000) (0.000,0.095) (0.000,0.151) (0.000,0.245) (0.000,0.033) 
 57      137    (7)    1 :  0.009 0.224 0.013 0.020 0.295 0.026 0.010 0.392 0.011     (0.000,0.055) (0.000,0.934) (0.000,0.079) (0.000,0.136) (0.000,0.977) (0.000,0.164) (0.000,0.062) (0.000,0.989) (0.000,0.062) 
 58      139    (0)    1 :  0.010 0.008 0.008 0.006 0.009 0.014 0.009 0.928 0.008     (0.000,0.064) (0.000,0.042) (0.000,0.044) (0.000,0.032) (0.000,0.046) (0.000,0.081) (0.000,0.052) (0.703,1.000) (0.000,0.051) 
 59      140    (0)    1 :  0.018 0.144 0.029 0.006 0.054 0.056 0.601 0.059 0.035     (0.000,0.107) (0.000,0.750) (0.000,0.190) (0.000,0.030) (0.000,0.400) (0.000,0.438) (0.000,0.998) (0.000,0.368) (0.000,0.254) 
 60      142    (0)    1 :  0.008 0.090 0.033 0.012 0.062 0.014 0.008 0.739 0.034     (0.000,0.045) (0.000,0.584) (0.000,0.197) (0.000,0.076) (0.000,0.478) (0.000,0.082) (0.000,0.047) (0.009,1.000) (0.000,0.257) 
 61      144    (0)    1 :  0.005 0.007 0.004 0.004 0.006 0.005 0.956 0.005 0.007     (0.000,0.026) (0.000,0.041) (0.000,0.023) (0.000,0.021) (0.000,0.037) (0.000,0.026) (0.816,1.000) (0.000,0.031) (0.000,0.043) 
 62      145    (0)    1 :  0.007 0.399 0.105 0.005 0.162 0.010 0.009 0.296 0.007     (0.000,0.043) (0.000,1.000) (0.000,0.979) (0.000,0.027) (0.000,0.994) (0.000,0.045) (0.000,0.054) (0.000,1.000) (0.000,0.042) 
 63      147    (0)    1 :  0.006 0.017 0.011 0.004 0.010 0.014 0.904 0.029 0.004     (0.000,0.034) (0.000,0.102) (0.000,0.068) (0.000,0.025) (0.000,0.060) (0.000,0.073) (0.620,1.000) (0.000,0.209) (0.000,0.021) 
 64      160    (0)    1 :  0.006 0.005 0.006 0.955 0.006 0.006 0.005 0.004 0.007     (0.000,0.035) (0.000,0.024) (0.000,0.035) (0.809,1.000) (0.000,0.030) (0.000,0.030) (0.000,0.027) (0.000,0.023) (0.000,0.040) 
 65     162*    (0)    1 :  0.005 0.008 0.743 0.010 0.007 0.210 0.006 0.006 0.005     (0.000,0.029) (0.000,0.041) (0.000,1.000) (0.000,0.065) (0.000,0.037) (0.000,0.998) (0.000,0.032) (0.000,0.035) (0.000,0.029) 
 66      166    (0)    1 :  0.005 0.379 0.006 0.005 0.563 0.007 0.015 0.010 0.009     (0.000,0.027) (0.000,1.000) (0.000,0.036) (0.000,0.025) (0.000,1.000) (0.000,0.037) (0.000,0.093) (0.000,0.059) (0.000,0.053) 
 67      177    (0)    1 :  0.004 0.005 0.004 0.004 0.005 0.004 0.004 0.966 0.004     (0.000,0.019) (0.000,0.027) (0.000,0.021) (0.000,0.021) (0.000,0.026) (0.000,0.023) (0.000,0.020) (0.857,1.000) (0.000,0.021) 
 68      178    (0)    1 :  0.010 0.025 0.013 0.027 0.041 0.020 0.013 0.842 0.009     (0.000,0.066) (0.000,0.176) (0.000,0.086) (0.000,0.199) (0.000,0.304) (0.000,0.130) (0.000,0.088) (0.450,1.000) (0.000,0.055) 
 69      186    (0)    1 :  0.004 0.005 0.005 0.005 0.004 0.005 0.004 0.004 0.964     (0.000,0.024) (0.000,0.024) (0.000,0.029) (0.000,0.028) (0.000,0.022) (0.000,0.024) (0.000,0.019) (0.000,0.022) (0.847,1.000) 
 70      189    (0)    1 :  0.006 0.008 0.837 0.012 0.007 0.112 0.004 0.007 0.007     (0.000,0.034) (0.000,0.039) (0.000,1.000) (0.000,0.080) (0.000,0.037) (0.000,0.982) (0.000,0.021) (0.000,0.042) (0.000,0.037) 
 71      190    (0)    1 :  0.019 0.022 0.597 0.081 0.027 0.182 0.009 0.013 0.050     (0.000,0.132) (0.000,0.158) (0.000,1.000) (0.000,0.563) (0.000,0.199) (0.000,0.957) (0.000,0.051) (0.000,0.083) (0.000,0.332) 
 72      191    (0)    1 :  0.008 0.059 0.457 0.015 0.027 0.077 0.027 0.019 0.311     (0.000,0.047) (0.000,0.421) (0.000,0.996) (0.000,0.099) (0.000,0.190) (0.000,0.673) (0.000,0.199) (0.000,0.128) (0.000,0.825) 
 73      193    (0)    1 :  0.010 0.401 0.110 0.016 0.186 0.017 0.014 0.222 0.024     (0.000,0.058) (0.000,1.000) (0.000,0.961) (0.000,0.111) (0.000,0.994) (0.000,0.083) (0.000,0.094) (0.000,0.992) (0.000,0.167) 
 74      202    (0)    1 :  0.026 0.044 0.108 0.230 0.162 0.402 0.007 0.009 0.012     (0.000,0.182) (0.000,0.312) (0.000,0.562) (0.000,0.703) (0.000,0.904) (0.000,0.995) (0.000,0.036) (0.000,0.053) (0.000,0.077) 
 75      204    (0)    1 :  0.005 0.005 0.502 0.009 0.005 0.163 0.006 0.004 0.299     (0.000,0.027) (0.000,0.030) (0.000,1.000) (0.000,0.054) (0.000,0.030) (0.000,0.995) (0.000,0.035) (0.000,0.020) (0.000,0.999) 
 76      211    (0)    1 :  0.018 0.274 0.012 0.082 0.442 0.046 0.046 0.064 0.016     (0.000,0.116) (0.000,0.981) (0.000,0.064) (0.000,0.478) (0.000,0.997) (0.000,0.336) (0.000,0.323) (0.000,0.341) (0.000,0.108) 
 77      216    (0)    1 :  0.005 0.231 0.008 0.016 0.264 0.025 0.414 0.032 0.005     (0.000,0.028) (0.000,0.877) (0.000,0.045) (0.000,0.107) (0.000,0.802) (0.000,0.126) (0.000,0.954) (0.000,0.210) (0.000,0.027) 
 78      222    (0)    1 :  0.031 0.246 0.085 0.004 0.063 0.076 0.480 0.009 0.005     (0.000,0.227) (0.000,0.996) (0.000,0.715) (0.000,0.023) (0.000,0.594) (0.000,0.700) (0.000,1.000) (0.000,0.052) (0.000,0.029) 
 79      224    (0)    1 :  0.009 0.012 0.831 0.014 0.007 0.106 0.009 0.005 0.007     (0.000,0.051) (0.000,0.066) (0.000,1.000) (0.000,0.093) (0.000,0.035) (0.000,0.977) (0.000,0.054) (0.000,0.030) (0.000,0.038) 
 80      226    (0)    1 :  0.009 0.008 0.007 0.005 0.012 0.014 0.005 0.005 0.935     (0.000,0.054) (0.000,0.044) (0.000,0.036) (0.000,0.028) (0.000,0.072) (0.000,0.095) (0.000,0.025) (0.000,0.027) (0.733,1.000) 
 81      229    (0)    1 :  0.022 0.049 0.303 0.065 0.123 0.369 0.025 0.024 0.021     (0.000,0.142) (0.000,0.325) (0.000,0.933) (0.000,0.483) (0.000,0.921) (0.000,0.998) (0.000,0.180) (0.000,0.170) (0.000,0.140) 
 82      230    (0)    1 :  0.015 0.014 0.541 0.036 0.041 0.256 0.013 0.048 0.035     (0.000,0.087) (0.000,0.092) (0.000,0.999) (0.000,0.267) (0.000,0.246) (0.000,0.991) (0.000,0.095) (0.000,0.296) (0.000,0.256) 
 83      232    (0)    1 :  0.016 0.168 0.091 0.274 0.118 0.131 0.015 0.067 0.120     (0.000,0.100) (0.000,0.785) (0.000,0.572) (0.000,0.728) (0.000,0.700) (0.000,0.842) (0.000,0.099) (0.000,0.443) (0.000,0.584) 
 84      238    (0)    1 :  0.151 0.035 0.021 0.007 0.183 0.528 0.017 0.052 0.005     (0.000,0.854) (0.000,0.258) (0.000,0.146) (0.000,0.039) (0.000,0.987) (0.000,1.000) (0.000,0.118) (0.000,0.339) (0.000,0.031) 
 85      242    (0)    1 :  0.922 0.008 0.007 0.004 0.018 0.022 0.008 0.004 0.006     (0.683,1.000) (0.000,0.048) (0.000,0.041) (0.000,0.024) (0.000,0.084) (0.000,0.103) (0.000,0.048) (0.000,0.022) (0.000,0.036) 
 86      243    (0)    1 :  0.460 0.078 0.011 0.008 0.140 0.248 0.012 0.020 0.024     (0.000,0.996) (0.000,0.484) (0.000,0.065) (0.000,0.048) (0.000,0.900) (0.000,0.996) (0.000,0.069) (0.000,0.144) (0.000,0.170) 
 87      244    (0)    1 :  0.244 0.011 0.011 0.009 0.150 0.423 0.006 0.139 0.007     (0.000,0.911) (0.000,0.067) (0.000,0.068) (0.000,0.056) (0.000,0.982) (0.000,1.000) (0.000,0.033) (0.000,0.590) (0.000,0.037) 
 88      251    (0)    1 :  0.113 0.029 0.023 0.079 0.183 0.537 0.010 0.017 0.010     (0.000,0.772) (0.000,0.188) (0.000,0.153) (0.000,0.476) (0.000,0.983) (0.000,1.000) (0.000,0.055) (0.000,0.100) (0.000,0.057) 
 89      266    (0)    1 :  0.084 0.066 0.015 0.006 0.179 0.300 0.009 0.331 0.010     (0.000,0.446) (0.000,0.439) (0.000,0.080) (0.000,0.031) (0.000,0.821) (0.000,0.994) (0.000,0.055) (0.000,0.809) (0.000,0.058) 
 90      267    (0)    1 :  0.018 0.261 0.020 0.006 0.064 0.063 0.510 0.013 0.044     (0.000,0.122) (0.000,0.993) (0.000,0.123) (0.000,0.036) (0.000,0.442) (0.000,0.508) (0.000,0.998) (0.000,0.084) (0.000,0.308) 
 91      268    (0)    1 :  0.007 0.216 0.006 0.038 0.252 0.029 0.071 0.376 0.006     (0.000,0.039) (0.000,0.965) (0.000,0.031) (0.000,0.276) (0.000,0.966) (0.000,0.162) (0.000,0.465) (0.000,0.987) (0.000,0.033) 
 92      270    (0)    1 :  0.012 0.010 0.742 0.023 0.011 0.161 0.014 0.006 0.022     (0.000,0.069) (0.000,0.057) (0.000,1.000) (0.000,0.160) (0.000,0.060) (0.000,0.977) (0.000,0.093) (0.000,0.031) (0.000,0.153) 
 93      276    (0)    1 :  0.016 0.058 0.441 0.021 0.046 0.087 0.033 0.036 0.263     (0.000,0.097) (0.000,0.416) (0.000,0.998) (0.000,0.145) (0.000,0.340) (0.000,0.730) (0.000,0.239) (0.000,0.267) (0.000,0.793) 
 94      298    (7)    1 :  0.012 0.045 0.009 0.014 0.078 0.026 0.625 0.171 0.022     (0.000,0.075) (0.000,0.347) (0.000,0.051) (0.000,0.093) (0.000,0.520) (0.000,0.170) (0.020,0.995) (0.000,0.651) (0.000,0.157) 
 95      306    (0)    1 :  0.016 0.415 0.044 0.006 0.435 0.026 0.011 0.038 0.009     (0.000,0.102) (0.000,0.971) (0.000,0.362) (0.000,0.032) (0.000,0.984) (0.000,0.166) (0.000,0.069) (0.000,0.300) (0.000,0.051) 
 96      308    (0)    1 :  0.035 0.055 0.022 0.084 0.064 0.068 0.065 0.598 0.008     (0.000,0.258) (0.000,0.380) (0.000,0.131) (0.000,0.418) (0.000,0.458) (0.000,0.518) (0.000,0.445) (0.000,0.997) (0.000,0.050) 
 97      311    (7)    1 :  0.037 0.448 0.074 0.014 0.162 0.177 0.070 0.011 0.008     (0.000,0.253) (0.000,0.999) (0.000,0.673) (0.000,0.090) (0.000,0.958) (0.000,0.973) (0.000,0.559) (0.000,0.064) (0.000,0.044) 
 98      323    (0)    1 :  0.009 0.006 0.007 0.005 0.005 0.007 0.007 0.004 0.950     (0.000,0.051) (0.000,0.032) (0.000,0.040) (0.000,0.024) (0.000,0.029) (0.000,0.037) (0.000,0.044) (0.000,0.022) (0.786,1.000) 
 99      327    (0)    1 :  0.017 0.030 0.478 0.229 0.043 0.164 0.009 0.007 0.022     (0.000,0.114) (0.000,0.216) (0.000,0.989) (0.000,0.728) (0.000,0.291) (0.000,0.838) (0.000,0.053) (0.000,0.041) (0.000,0.161) 
100      334    (0)    1 :  0.294 0.029 0.014 0.011 0.161 0.462 0.016 0.009 0.004     (0.000,0.997) (0.000,0.193) (0.000,0.080) (0.000,0.066) (0.000,0.990) (0.000,1.000) (0.000,0.102) (0.000,0.046) (0.000,0.024) 
101      338    (0)    1 :  0.016 0.434 0.082 0.029 0.149 0.150 0.102 0.019 0.020     (0.000,0.096) (0.000,0.998) (0.000,0.619) (0.000,0.204) (0.000,0.891) (0.000,0.968) (0.000,0.673) (0.000,0.126) (0.000,0.137) 
102      341    (0)    1 :  0.013 0.018 0.007 0.007 0.023 0.010 0.006 0.006 0.910     (0.000,0.088) (0.000,0.124) (0.000,0.041) (0.000,0.038) (0.000,0.159) (0.000,0.059) (0.000,0.033) (0.000,0.030) (0.640,1.000) 
103      346    (0)    1 :  0.007 0.211 0.009 0.034 0.358 0.014 0.005 0.350 0.012     (0.000,0.039) (0.000,0.986) (0.000,0.048) (0.000,0.255) (0.000,0.998) (0.000,0.081) (0.000,0.026) (0.000,0.996) (0.000,0.072) 
104      348    (0)    1 :  0.019 0.143 0.033 0.006 0.057 0.061 0.450 0.224 0.008     (0.000,0.129) (0.000,0.692) (0.000,0.251) (0.000,0.031) (0.000,0.433) (0.000,0.489) (0.000,0.979) (0.000,0.762) (0.000,0.044) 
105      351    (0)    1 :  0.165 0.162 0.010 0.047 0.394 0.190 0.009 0.010 0.012     (0.000,0.891) (0.000,0.947) (0.000,0.061) (0.000,0.315) (0.000,0.998) (0.000,0.983) (0.000,0.052) (0.000,0.053) (0.000,0.077) 
106      362    (0)    1 :  0.006 0.008 0.610 0.059 0.008 0.187 0.007 0.005 0.111     (0.000,0.033) (0.000,0.044) (0.000,1.000) (0.000,0.426) (0.000,0.043) (0.000,0.995) (0.000,0.039) (0.000,0.028) (0.000,0.731) 
107      364    (0)    1 :  0.834 0.025 0.007 0.013 0.046 0.043 0.008 0.012 0.012     (0.353,1.000) (0.000,0.185) (0.000,0.042) (0.000,0.085) (0.000,0.283) (0.000,0.271) (0.000,0.046) (0.000,0.077) (0.000,0.078) 
108      366    (0)    1 :  0.837 0.022 0.015 0.007 0.037 0.044 0.017 0.009 0.011     (0.346,1.000) (0.000,0.160) (0.000,0.093) (0.000,0.041) (0.000,0.246) (0.000,0.297) (0.000,0.115) (0.000,0.050) (0.000,0.069) 
109      376    (0)    1 :  0.006 0.012 0.021 0.015 0.011 0.013 0.003 0.016 0.904     (0.000,0.033) (0.000,0.076) (0.000,0.150) (0.000,0.099) (0.000,0.069) (0.000,0.077) (0.000,0.018) (0.000,0.113) (0.646,1.000) 
110      377    (7)    1 :  0.013 0.123 0.377 0.240 0.066 0.111 0.033 0.013 0.026     (0.000,0.072) (0.000,0.732) (0.000,0.987) (0.000,0.815) (0.000,0.517) (0.000,0.731) (0.000,0.234) (0.000,0.072) (0.000,0.185) 
111      378    (0)    1 :  0.005 0.014 0.008 0.919 0.014 0.007 0.005 0.015 0.014     (0.000,0.024) (0.000,0.089) (0.000,0.043) (0.695,1.000) (0.000,0.089) (0.000,0.040) (0.000,0.030) (0.000,0.102) (0.000,0.094) 
112      388    (0)    1 :  0.017 0.379 0.027 0.031 0.156 0.066 0.303 0.012 0.010     (0.000,0.104) (0.000,0.999) (0.000,0.149) (0.000,0.228) (0.000,0.832) (0.000,0.602) (0.000,0.989) (0.000,0.070) (0.000,0.064) 
113      391    (0)    1 :  0.013 0.136 0.013 0.142 0.177 0.035 0.014 0.010 0.460     (0.000,0.083) (0.000,0.678) (0.000,0.072) (0.000,0.499) (0.000,0.805) (0.000,0.241) (0.000,0.088) (0.000,0.060) (0.000,0.876) 
114      401    (0)    1 :  0.064 0.062 0.161 0.011 0.097 0.431 0.006 0.097 0.070     (0.000,0.446) (0.000,0.458) (0.000,0.639) (0.000,0.061) (0.000,0.783) (0.000,0.999) (0.000,0.032) (0.000,0.511) (0.000,0.478) 
115      406    (0)    1 :  0.040 0.373 0.030 0.015 0.247 0.116 0.043 0.033 0.103     (0.000,0.282) (0.000,0.995) (0.000,0.194) (0.000,0.098) (0.000,0.968) (0.000,0.884) (0.000,0.299) (0.000,0.225) (0.000,0.609) 
116      412    (7)    1 :  0.016 0.517 0.077 0.032 0.221 0.073 0.024 0.018 0.023     (0.000,0.087) (0.000,1.000) (0.000,0.685) (0.000,0.231) (0.000,0.990) (0.000,0.633) (0.000,0.138) (0.000,0.109) (0.000,0.163) 
117      413    (0)    1 :  0.034 0.368 0.113 0.008 0.157 0.060 0.016 0.239 0.004     (0.000,0.240) (0.000,0.999) (0.000,0.934) (0.000,0.047) (0.000,0.978) (0.000,0.420) (0.000,0.109) (0.000,0.988) (0.000,0.024) 
118      421    (0)    1 :  0.013 0.061 0.680 0.010 0.043 0.133 0.013 0.027 0.019     (0.000,0.086) (0.000,0.416) (0.000,1.000) (0.000,0.057) (0.000,0.298) (0.000,0.913) (0.000,0.084) (0.000,0.194) (0.000,0.136) 
119      423    (0)    1 :  0.024 0.074 0.670 0.010 0.041 0.126 0.033 0.008 0.014     (0.000,0.164) (0.000,0.619) (0.000,1.000) (0.000,0.061) (0.000,0.290) (0.000,0.952) (0.000,0.236) (0.000,0.046) (0.000,0.096) 
120      424    (0)    1 :  0.025 0.333 0.038 0.019 0.294 0.035 0.015 0.019 0.221     (0.000,0.178) (0.000,0.992) (0.000,0.266) (0.000,0.123) (0.000,0.996) (0.000,0.236) (0.000,0.097) (0.000,0.122) (0.000,0.884) 
121      426    (0)    1 :  0.026 0.053 0.031 0.622 0.089 0.044 0.009 0.023 0.102     (0.000,0.185) (0.000,0.376) (0.000,0.212) (0.000,0.998) (0.000,0.694) (0.000,0.310) (0.000,0.057) (0.000,0.162) (0.000,0.525) 
122      430    (7)    1 :  0.006 0.452 0.062 0.012 0.350 0.015 0.016 0.064 0.023     (0.000,0.032) (0.000,0.997) (0.000,0.548) (0.000,0.073) (0.000,0.996) (0.000,0.086) (0.000,0.105) (0.000,0.494) (0.000,0.151) 
123      435    (0)    1 :  0.005 0.153 0.047 0.012 0.081 0.009 0.023 0.666 0.005     (0.000,0.025) (0.000,0.709) (0.000,0.399) (0.000,0.078) (0.000,0.630) (0.000,0.047) (0.000,0.156) (0.000,1.000) (0.000,0.029) 
124      476    (0)    1 :  0.025 0.011 0.097 0.013 0.015 0.063 0.004 0.020 0.751     (0.000,0.174) (0.000,0.073) (0.000,0.522) (0.000,0.088) (0.000,0.094) (0.000,0.413) (0.000,0.024) (0.000,0.146) (0.318,1.000) 
125      478    (0)    1 :  0.025 0.015 0.171 0.015 0.017 0.047 0.008 0.006 0.697     (0.000,0.177) (0.000,0.102) (0.000,0.615) (0.000,0.092) (0.000,0.112) (0.000,0.329) (0.000,0.046) (0.000,0.035) (0.267,0.995) 
126      484    (0)    1 :  0.006 0.311 0.008 0.009 0.183 0.028 0.406 0.032 0.018     (0.000,0.034) (0.000,0.991) (0.000,0.042) (0.000,0.053) (0.000,0.750) (0.000,0.109) (0.000,0.962) (0.000,0.235) (0.000,0.125) 
127      489    (0)    1 :  0.006 0.165 0.097 0.482 0.101 0.029 0.106 0.008 0.007     (0.000,0.030) (0.000,0.857) (0.000,0.702) (0.000,0.990) (0.000,0.802) (0.000,0.165) (0.000,0.515) (0.000,0.036) (0.000,0.041) 
128      493    (0)    1 :  0.901 0.015 0.009 0.011 0.017 0.025 0.007 0.008 0.008     (0.623,1.000) (0.000,0.103) (0.000,0.055) (0.000,0.073) (0.000,0.092) (0.000,0.153) (0.000,0.039) (0.000,0.046) (0.000,0.046) 
129      494    (0)    1 :  0.700 0.009 0.020 0.037 0.068 0.139 0.009 0.007 0.011     (0.000,1.000) (0.000,0.050) (0.000,0.142) (0.000,0.264) (0.000,0.761) (0.000,0.965) (0.000,0.054) (0.000,0.040) (0.000,0.069) 
130      500    (0)    1 :  0.008 0.006 0.699 0.009 0.008 0.209 0.004 0.004 0.053     (0.000,0.046) (0.000,0.030) (0.000,1.000) (0.000,0.054) (0.000,0.040) (0.000,0.997) (0.000,0.023) (0.000,0.022) (0.000,0.368) 
131      504    (0)    1 :  0.033 0.169 0.053 0.074 0.085 0.115 0.437 0.022 0.012     (0.000,0.232) (0.000,0.879) (0.000,0.360) (0.000,0.385) (0.000,0.555) (0.000,0.784) (0.000,0.943) (0.000,0.153) (0.000,0.072) 
132      506    (0)    1 :  0.005 0.066 0.022 0.005 0.009 0.024 0.850 0.004 0.015     (0.000,0.027) (0.000,0.501) (0.000,0.148) (0.000,0.026) (0.000,0.050) (0.000,0.165) (0.360,1.000) (0.000,0.025) (0.000,0.103) 


Estimated Allele Frequencies in each cluster
First column gives estimated ancestral frequencies


Locus 1 : Rsu5 
5 alleles
0.0% missing data
 137   (0.738) 0.630 0.837 0.949 0.910 0.839 0.784 0.293 0.813 0.969 
 135   (0.082) 0.132 0.067 0.015 0.038 0.081 0.061 0.012 0.038 0.016 
 139   (0.112) 0.196 0.045 0.027 0.047 0.054 0.106 0.013 0.062 0.010 
 133   (0.021) 0.030 0.003 0.002 0.002 0.006 0.013 0.002 0.003 0.001 
 131   (0.048) 0.012 0.048 0.008 0.003 0.020 0.036 0.680 0.084 0.003 

Locus 2 : Scv1 
5 alleles
0.0% missing data
 181   (0.533) 0.715 0.338 0.563 0.823 0.391 0.554 0.386 0.359 0.957 
 179   (0.185) 0.150 0.217 0.134 0.075 0.310 0.170 0.083 0.264 0.017 
 177   (0.114) 0.057 0.299 0.054 0.089 0.199 0.096 0.160 0.045 0.014 
 185   (0.138) 0.056 0.142 0.246 0.011 0.088 0.154 0.368 0.329 0.011 
 171   (0.029) 0.022 0.004 0.003 0.003 0.011 0.027 0.003 0.004 0.002 

Locus 3 : Rsu4 
9 alleles
0.0% missing data
 267   (0.206) 0.321 0.088 0.257 0.097 0.086 0.228 0.113 0.092 0.141 
 263   (0.328) 0.252 0.501 0.284 0.799 0.424 0.290 0.405 0.379 0.519 
 259   (0.048) 0.013 0.009 0.231 0.040 0.017 0.064 0.005 0.006 0.222 
 287   (0.170) 0.130 0.285 0.183 0.035 0.333 0.198 0.126 0.070 0.101 
 275   (0.036) 0.141 0.005 0.004 0.003 0.013 0.027 0.003 0.009 0.002 
 279   (0.077) 0.048 0.019 0.010 0.013 0.035 0.076 0.009 0.269 0.006 
 283   (0.076) 0.039 0.083 0.011 0.006 0.071 0.059 0.333 0.166 0.005 
 291   (0.035) 0.016 0.006 0.018 0.006 0.013 0.039 0.004 0.005 0.002 
 271   (0.025) 0.041 0.004 0.003 0.002 0.009 0.018 0.002 0.003 0.002 

Locus 4 : Rsu6 
5 alleles
0.0% missing data
 120   (0.244) 0.204 0.258 0.260 0.548 0.346 0.221 0.055 0.218 0.284 
 126   (0.620) 0.620 0.722 0.558 0.370 0.611 0.616 0.929 0.763 0.564 
 124   (0.091) 0.055 0.014 0.161 0.079 0.030 0.133 0.011 0.013 0.149 
 130   (0.024) 0.115 0.003 0.002 0.002 0.007 0.015 0.002 0.003 0.002 
 114   (0.021) 0.006 0.003 0.019 0.002 0.006 0.015 0.003 0.003 0.001 

Locus 5 : Scv23 
3 alleles
0.8% missing data
 158   (0.534) 0.454 0.552 0.741 0.463 0.523 0.580 0.856 0.564 0.368 
 164   (0.174) 0.288 0.193 0.052 0.074 0.223 0.147 0.079 0.027 0.442 
 160   (0.292) 0.258 0.255 0.206 0.464 0.254 0.273 0.065 0.408 0.190 

Locus 6 : Scv13 
5 alleles
0.0% missing data
 182   (0.720) 0.714 0.905 0.908 0.976 0.876 0.750 0.914 0.527 0.803 
 180   (0.095) 0.101 0.020 0.063 0.011 0.037 0.094 0.010 0.014 0.168 
 172   (0.077) 0.043 0.043 0.010 0.006 0.043 0.063 0.065 0.313 0.006 
 184   (0.066) 0.129 0.024 0.013 0.005 0.026 0.057 0.008 0.013 0.019 
 174   (0.041) 0.014 0.007 0.006 0.003 0.018 0.035 0.004 0.133 0.003 

Locus 7 : Scv32 
18 alleles
0.0% missing data
 236   (0.045) 0.144 0.007 0.005 0.003 0.017 0.039 0.004 0.006 0.003 
 238   (0.038) 0.018 0.136 0.006 0.003 0.176 0.029 0.045 0.006 0.003 
 234   (0.139) 0.054 0.354 0.066 0.070 0.278 0.111 0.048 0.649 0.349 
 246   (0.047) 0.013 0.014 0.166 0.006 0.018 0.065 0.006 0.010 0.317 
 248   (0.091) 0.118 0.042 0.147 0.421 0.081 0.093 0.018 0.012 0.007 
 262   (0.115) 0.041 0.113 0.217 0.186 0.085 0.171 0.024 0.029 0.018 
 232   (0.172) 0.419 0.127 0.170 0.013 0.101 0.152 0.598 0.049 0.143 
 250   (0.030) 0.008 0.013 0.004 0.264 0.029 0.021 0.003 0.004 0.005 
 228   (0.023) 0.011 0.004 0.003 0.002 0.010 0.026 0.002 0.003 0.002 
 220   (0.046) 0.013 0.008 0.160 0.006 0.016 0.097 0.005 0.006 0.075 
 264   (0.048) 0.059 0.051 0.008 0.005 0.083 0.034 0.005 0.020 0.042 
 252   (0.042) 0.011 0.024 0.012 0.004 0.016 0.033 0.089 0.095 0.003 
 254   (0.051) 0.020 0.023 0.006 0.005 0.040 0.038 0.094 0.094 0.004 
 242   (0.023) 0.040 0.003 0.002 0.002 0.009 0.017 0.002 0.003 0.002 
 266   (0.026) 0.007 0.047 0.008 0.002 0.016 0.024 0.020 0.004 0.002 
 244   (0.025) 0.008 0.030 0.018 0.005 0.014 0.022 0.033 0.003 0.002 
 226   (0.020) 0.006 0.003 0.002 0.001 0.006 0.013 0.002 0.003 0.023 
 240   (0.020) 0.011 0.003 0.002 0.001 0.007 0.016 0.002 0.005 0.001 

Locus 8 : Scv8 
6 alleles
0.0% missing data
 200   (0.647) 0.629 0.696 0.642 0.830 0.760 0.690 0.610 0.405 0.842 
 202   (0.084) 0.198 0.102 0.022 0.006 0.082 0.064 0.046 0.038 0.006 
 194   (0.085) 0.032 0.132 0.144 0.017 0.078 0.069 0.009 0.078 0.138 
 204   (0.049) 0.017 0.011 0.028 0.133 0.019 0.048 0.005 0.007 0.004 
 198   (0.068) 0.089 0.017 0.154 0.008 0.026 0.079 0.007 0.012 0.005 
 188   (0.067) 0.035 0.042 0.011 0.005 0.035 0.050 0.323 0.459 0.004 

Locus 9 : Scv9 
5 alleles
0.0% missing data
 198   (0.299) 0.165 0.434 0.117 0.494 0.572 0.246 0.334 0.532 0.426 
 200   (0.349) 0.572 0.137 0.475 0.395 0.171 0.398 0.380 0.111 0.371 
 196   (0.287) 0.246 0.414 0.400 0.106 0.235 0.312 0.275 0.233 0.036 
 204   (0.044) 0.012 0.012 0.006 0.003 0.015 0.031 0.006 0.098 0.165 
 202   (0.021) 0.005 0.003 0.003 0.001 0.007 0.014 0.004 0.026 0.001 

Locus 10 : Rsu1 
6 alleles
0.0% missing data
 189   (0.306) 0.551 0.254 0.083 0.046 0.254 0.272 0.071 0.275 0.485 
 185   (0.270) 0.181 0.532 0.277 0.057 0.439 0.256 0.808 0.117 0.155 
 177   (0.081) 0.027 0.015 0.126 0.012 0.032 0.094 0.081 0.036 0.011 
 181   (0.244) 0.213 0.181 0.206 0.831 0.239 0.230 0.030 0.560 0.048 
 193   (0.058) 0.016 0.012 0.229 0.050 0.024 0.098 0.006 0.008 0.072 
 197   (0.041) 0.011 0.006 0.078 0.004 0.013 0.050 0.004 0.005 0.228 

Locus 11 : Scv14 
7 alleles
4.5% missing data
 196   (0.533) 0.499 0.599 0.781 0.925 0.482 0.583 0.592 0.668 0.923 
 198   (0.073) 0.095 0.123 0.008 0.007 0.228 0.055 0.025 0.044 0.005 
 194   (0.133) 0.224 0.087 0.098 0.038 0.072 0.118 0.038 0.182 0.022 
 202   (0.199) 0.151 0.180 0.106 0.021 0.195 0.194 0.339 0.090 0.045 
 204   (0.021) 0.017 0.003 0.002 0.002 0.007 0.016 0.002 0.003 0.002 
 190   (0.021) 0.006 0.004 0.004 0.006 0.008 0.018 0.002 0.003 0.002 
 200   (0.020) 0.008 0.004 0.002 0.002 0.009 0.016 0.002 0.010 0.002 

Locus 12 : Scv16 
7 alleles
0.0% missing data
 182   (0.424) 0.206 0.600 0.567 0.800 0.519 0.478 0.219 0.569 0.215 
 184   (0.409) 0.563 0.355 0.272 0.187 0.400 0.389 0.730 0.169 0.765 
 188   (0.052) 0.176 0.007 0.148 0.004 0.016 0.052 0.005 0.007 0.012 
 200   (0.020) 0.027 0.003 0.002 0.001 0.006 0.013 0.002 0.003 0.001 
 198   (0.038) 0.010 0.019 0.005 0.004 0.034 0.025 0.022 0.160 0.003 
 190   (0.036) 0.009 0.012 0.004 0.003 0.018 0.025 0.019 0.090 0.003 
 186   (0.021) 0.009 0.003 0.002 0.001 0.007 0.018 0.002 0.003 0.001 

Locus 13 : Scv31 
15 alleles
3.0% missing data
 193   (0.115) 0.065 0.180 0.028 0.629 0.246 0.107 0.068 0.040 0.015 
 201   (0.115) 0.242 0.022 0.043 0.081 0.045 0.102 0.093 0.016 0.021 
 187   (0.090) 0.025 0.045 0.241 0.056 0.030 0.152 0.134 0.013 0.292 
 207   (0.028) 0.007 0.004 0.038 0.002 0.009 0.022 0.003 0.004 0.370 
 195   (0.061) 0.017 0.094 0.145 0.017 0.043 0.066 0.223 0.020 0.006 
 185   (0.178) 0.118 0.323 0.043 0.018 0.355 0.148 0.124 0.315 0.224 
 189   (0.051) 0.265 0.007 0.005 0.156 0.015 0.036 0.005 0.006 0.003 
 205   (0.019) 0.007 0.003 0.002 0.001 0.007 0.018 0.002 0.003 0.001 
 191   (0.152) 0.048 0.282 0.383 0.024 0.178 0.190 0.018 0.481 0.051 
 197   (0.026) 0.007 0.008 0.004 0.004 0.008 0.018 0.266 0.003 0.004 
 199   (0.058) 0.067 0.012 0.007 0.005 0.020 0.044 0.053 0.084 0.004 
 203   (0.026) 0.084 0.003 0.003 0.002 0.008 0.017 0.003 0.003 0.002 
 209   (0.032) 0.020 0.009 0.003 0.003 0.019 0.027 0.003 0.006 0.002 
 213   (0.026) 0.022 0.004 0.003 0.002 0.010 0.025 0.003 0.003 0.002 
 181   (0.023) 0.006 0.004 0.054 0.002 0.007 0.029 0.002 0.003 0.003 

Locus 14 : Scv6 
8 alleles
0.0% missing data
 191   (0.094) 0.221 0.018 0.156 0.266 0.035 0.118 0.015 0.013 0.007 
 195   (0.385) 0.279 0.476 0.495 0.392 0.472 0.408 0.646 0.211 0.666 
 197   (0.214) 0.106 0.141 0.255 0.313 0.213 0.221 0.227 0.376 0.277 
 201   (0.088) 0.129 0.050 0.013 0.009 0.086 0.077 0.010 0.132 0.006 
 205   (0.021) 0.060 0.003 0.002 0.001 0.006 0.013 0.002 0.002 0.001 
 193   (0.098) 0.123 0.113 0.022 0.008 0.087 0.077 0.076 0.192 0.007 
 199   (0.078) 0.030 0.197 0.055 0.010 0.096 0.072 0.022 0.070 0.034 
 181   (0.021) 0.052 0.003 0.002 0.001 0.007 0.015 0.002 0.003 0.001 

Values of parameters used in structure:
DATAFILE=M:\STRUCTURE\Squirrel_132_ID_14L_20250816\project_data,	OUTFILE=M:\STRUCTURE\Squirrel_132_ID_14L_20250816\10k_Burnin_100k_MCMC\Results\10k_Burnin_100k_MCMC_run_223,	NUMINDS=132,	NUMLOCI=14,	MISSING=-9,	LABEL=1,	POPDATA=1,	POPFLAG=0,	PHENOTYPE=0,	EXTRACOLS=1,	MAXPOPS=9,	BURNIN=10000,	NUMREPS=100000,	USEPOPINFO=0,	INFERALPHA=1,	INFERLAMBDA=1,	POPSPECIFICLAMBDA=0,	POPALPHAS=0,	COMPUTEPROB=1,	NOADMIX=0,	ADMBURNIN=2500,	UPDATEFREQ=1,	PRINTLIKES=0,	INTERMEDSAVE=0,	PRINTKLD=0,	PRINTNET=0,	PRINTLAMBDA=0,	ANCESTDIST=1,	NUMBOXES=1000,	ANCESTPINT=0.90000,	GENSBACK=2,	MIGRPRIOR=0.05000,	PRINTQHAT=1,	PRINTQSUM=0,	ALPHA=1.0000,	FREQSCORR=1,	FPRIORMEAN=0.0100,	FPRIORSD=0.0500,	ONEFST=0,	LAMBDA=1.0000,	UNIFPRIORALPHA=1,	ALPHAMAX=10.0000,	ALPHAPRIORA=1.0000,	ALPHAPRIORB=2.0000,	ALPHAPROPSD=0.0250,	STARTATPOPINFO=0,	RANDOMIZE=1,	LINKAGE=0,	METROFREQ=10,	REPORTHITRATE=0,	MARKOVPHASE=-1,	PHASED=0,	PLOIDY=2,	PHASEINFO=0	LOCPRIOR=0, 	LOCPRIORINIT=1.000000, 	LOCDATA=0, 	LOCISPOP=0, 	LOCPRIORSTEP=0.100000, 	MAXLOCPRIOR=20.000000, 	SEED=1763831803,	
[STRAT parameters]:    NUMSIMSTATS=1000,	PHENOTYPECOL=-9,	POOLFREQ=10,	LOCUSxONLY=0,	EMERROR=0.00100,	MISSINGPHENO=-9,	