          1*  1 0.0165 0.0069 0.6296 0.0051 0.0648 0.0119 0.0098 0.0300 0.0102 0.2151 
           3  1 0.9319 0.0074 0.0054 0.0036 0.0062 0.0182 0.0088 0.0054 0.0061 0.0069 
           6  1 0.8913 0.0131 0.0061 0.0074 0.0095 0.0109 0.0116 0.0058 0.0184 0.0259 
           8  1 0.0101 0.0681 0.0159 0.0037 0.0171 0.0144 0.0133 0.0193 0.8332 0.0050 
          10  1 0.0049 0.0051 0.0069 0.0049 0.0086 0.0267 0.0036 0.8911 0.0431 0.0051 
          11  1 0.0114 0.0526 0.1250 0.0306 0.6223 0.0618 0.0098 0.0161 0.0391 0.0313 
          12  1 0.0063 0.0056 0.0042 0.0047 0.0055 0.0068 0.0038 0.9510 0.0056 0.0065 
          16  1 0.9520 0.0054 0.0052 0.0039 0.0054 0.0056 0.0043 0.0054 0.0083 0.0045 
          18  1 0.0070 0.0089 0.9371 0.0041 0.0090 0.0070 0.0072 0.0062 0.0094 0.0041 
          19  1 0.0108 0.0141 0.0735 0.0357 0.7758 0.0192 0.0232 0.0093 0.0313 0.0072 
          21  1 0.9032 0.0079 0.0060 0.0052 0.0095 0.0194 0.0046 0.0060 0.0324 0.0058 
          23  1 0.0228 0.1398 0.0128 0.0359 0.0517 0.0142 0.0096 0.4095 0.0163 0.2874 
          24  1 0.0128 0.0140 0.0561 0.0263 0.3899 0.0113 0.0071 0.3624 0.1040 0.0160 
          25  1 0.0924 0.0391 0.0150 0.0064 0.0693 0.0093 0.0058 0.4264 0.0847 0.2515 
         26*  1 0.0550 0.0151 0.0168 0.0047 0.0446 0.1877 0.0064 0.2038 0.4489 0.0168 
          28  1 0.1974 0.0409 0.0068 0.0058 0.0128 0.0058 0.0056 0.1565 0.5520 0.0165 
          29  1 0.0080 0.0074 0.0182 0.0057 0.0147 0.0073 0.0069 0.8910 0.0353 0.0055 
          30  1 0.0448 0.0135 0.0170 0.0068 0.0678 0.2396 0.3040 0.1561 0.1210 0.0293 
          33  1 0.0058 0.0060 0.7565 0.0716 0.1056 0.0068 0.0167 0.0056 0.0051 0.0202 
          37  1 0.0114 0.0094 0.8726 0.0097 0.0168 0.0093 0.0063 0.0449 0.0084 0.0112 
          38  1 0.0098 0.0074 0.9027 0.0047 0.0304 0.0106 0.0053 0.0149 0.0096 0.0046 
          43  1 0.0694 0.0131 0.0076 0.0066 0.0138 0.0061 0.0080 0.7463 0.1122 0.0170 
          44  1 0.1045 0.0803 0.0068 0.0049 0.0146 0.1204 0.0178 0.0064 0.6391 0.0051 
          48  1 0.0102 0.0075 0.9385 0.0038 0.0077 0.0081 0.0064 0.0072 0.0060 0.0046 
          55  1 0.1712 0.0549 0.0101 0.0075 0.0336 0.0350 0.0138 0.0080 0.6209 0.0450 
          59  1 0.0750 0.0068 0.0053 0.0039 0.0063 0.8747 0.0084 0.0050 0.0069 0.0077 
          60  1 0.0076 0.0076 0.0116 0.0110 0.0118 0.0126 0.0050 0.0257 0.0045 0.9027 
          61  1 0.0162 0.1117 0.0077 0.5023 0.0207 0.0144 0.0528 0.0077 0.0130 0.2534 
          62  1 0.0147 0.6096 0.0232 0.1798 0.0489 0.0181 0.0107 0.0482 0.0135 0.0332 
          65  1 0.0056 0.0081 0.7722 0.0161 0.1347 0.0076 0.0222 0.0060 0.0091 0.0187 
          73  1 0.0093 0.0271 0.0072 0.0059 0.0170 0.0066 0.7100 0.1568 0.0119 0.0483 
          75  1 0.0058 0.0073 0.0107 0.8940 0.0137 0.0139 0.0411 0.0038 0.0053 0.0045 
          76  1 0.0058 0.0110 0.0038 0.9355 0.0064 0.0056 0.0055 0.0117 0.0049 0.0097 
          77  1 0.0055 0.0100 0.0060 0.8159 0.0093 0.0053 0.0050 0.0104 0.0047 0.1278 
          78  1 0.0056 0.0299 0.0107 0.2950 0.0257 0.0081 0.5749 0.0163 0.0113 0.0226 
          79  1 0.0042 0.0301 0.0103 0.7931 0.0486 0.0061 0.0874 0.0046 0.0088 0.0068 
          84  1 0.8864 0.0316 0.0060 0.0071 0.0134 0.0085 0.0097 0.0090 0.0133 0.0151 
          85  1 0.0104 0.0727 0.0089 0.0059 0.0166 0.0101 0.0118 0.0069 0.8483 0.0084 
          86  1 0.0061 0.0391 0.0089 0.0094 0.1012 0.0060 0.0157 0.0109 0.7931 0.0098 
          89  1 0.6149 0.0614 0.0149 0.0207 0.0385 0.0219 0.0068 0.1804 0.0116 0.0290 
          94  1 0.0060 0.0083 0.0131 0.0043 0.0082 0.0075 0.0054 0.9333 0.0081 0.0058 
          95  1 0.0064 0.0059 0.0062 0.0052 0.0065 0.9361 0.0063 0.0079 0.0071 0.0124 
          96  1 0.0059 0.0107 0.0052 0.0067 0.0075 0.0085 0.0059 0.0098 0.9345 0.0052 
          98  1 0.0061 0.1124 0.0060 0.0569 0.0272 0.0078 0.0558 0.0100 0.0076 0.7102 
         102  1 0.0340 0.0118 0.3685 0.0099 0.5244 0.0114 0.0060 0.0160 0.0061 0.0119 
         105  1 0.0057 0.0048 0.0074 0.0040 0.0056 0.0055 0.9527 0.0048 0.0048 0.0046 
         106  1 0.0240 0.1984 0.0168 0.2457 0.2769 0.0565 0.1412 0.0037 0.0178 0.0190 
         108  1 0.0085 0.0076 0.0502 0.0253 0.0407 0.0070 0.8036 0.0076 0.0100 0.0396 
         109  1 0.0114 0.0591 0.0110 0.0470 0.0864 0.0096 0.6450 0.0061 0.0188 0.1057 
         112  1 0.0092 0.1743 0.0189 0.1532 0.2347 0.0302 0.0098 0.0512 0.2163 0.1021 
         115  1 0.0107 0.0132 0.1909 0.0141 0.6201 0.0240 0.0153 0.0441 0.0087 0.0590 
         116  1 0.0116 0.1280 0.0142 0.0048 0.0275 0.0081 0.0184 0.0076 0.7749 0.0050 
         117  1 0.8792 0.0109 0.0114 0.0076 0.0121 0.0072 0.0125 0.0221 0.0239 0.0131 
         129  1 0.0684 0.0106 0.0077 0.0034 0.0085 0.0331 0.0060 0.0078 0.8478 0.0065 
         132  1 0.0155 0.0102 0.0308 0.0103 0.0311 0.0122 0.0059 0.1109 0.0066 0.7666 
         133  1 0.0067 0.1013 0.0056 0.0756 0.0128 0.0057 0.0506 0.0061 0.0044 0.7311 
         137  1 0.0109 0.0325 0.0086 0.4099 0.0235 0.0105 0.0103 0.0171 0.0103 0.4664 
         139  1 0.0058 0.0091 0.0111 0.9159 0.0144 0.0135 0.0101 0.0063 0.0081 0.0057 
         140  1 0.0315 0.0710 0.0154 0.0528 0.0381 0.0290 0.6749 0.0056 0.0175 0.0641 
         142  1 0.0411 0.1624 0.0079 0.6992 0.0163 0.0173 0.0093 0.0134 0.0095 0.0236 
         144  1 0.0053 0.0052 0.0046 0.0058 0.0047 0.0103 0.9474 0.0041 0.0041 0.0085 
         145  1 0.0108 0.8516 0.0064 0.0915 0.0087 0.0042 0.0079 0.0047 0.0059 0.0083 
         147  1 0.0044 0.0102 0.0056 0.0279 0.0093 0.0044 0.9170 0.0043 0.0088 0.0081 
         160  1 0.0080 0.0048 0.0060 0.0043 0.0056 0.0068 0.0046 0.9484 0.0065 0.0052 
        162*  1 0.0055 0.0108 0.0054 0.0063 0.0072 0.0074 0.0058 0.0121 0.9338 0.0057 
         166  1 0.0089 0.0083 0.0046 0.0098 0.0072 0.0101 0.0140 0.0046 0.0058 0.9266 
         177  1 0.0045 0.0053 0.0036 0.9625 0.0048 0.0033 0.0037 0.0037 0.0035 0.0049 
         178  1 0.0123 0.0152 0.0103 0.8408 0.0239 0.0061 0.0135 0.0278 0.0131 0.0370 
         186  1 0.9606 0.0042 0.0041 0.0034 0.0037 0.0069 0.0038 0.0045 0.0044 0.0044 
         189  1 0.0080 0.1114 0.0063 0.0073 0.0082 0.0080 0.0039 0.0145 0.8283 0.0042 
         190  1 0.0684 0.0288 0.0164 0.0118 0.0304 0.0201 0.0082 0.0508 0.7413 0.0238 
         191  1 0.4192 0.1842 0.0097 0.0120 0.0245 0.0178 0.0450 0.0147 0.2652 0.0077 
         193  1 0.0249 0.8194 0.0085 0.0620 0.0128 0.0128 0.0113 0.0150 0.0089 0.0244 
         202  1 0.0110 0.0425 0.0172 0.0069 0.5272 0.0164 0.0074 0.1996 0.1310 0.0407 
         204  1 0.0781 0.0058 0.0047 0.0040 0.0067 0.1349 0.0065 0.0087 0.7449 0.0057 
         211  1 0.0191 0.0136 0.0156 0.0692 0.0721 0.0145 0.0473 0.0800 0.0096 0.6588 
         216  1 0.0050 0.0100 0.0054 0.0339 0.0167 0.0050 0.4352 0.0139 0.0071 0.4677 
         222  1 0.0051 0.2600 0.0356 0.0084 0.0422 0.0070 0.6039 0.0042 0.0161 0.0175 
         224  1 0.0099 0.1297 0.0095 0.0056 0.0133 0.0064 0.0103 0.0153 0.7951 0.0050 
         226  1 0.0434 0.0056 0.0089 0.0041 0.0132 0.8998 0.0044 0.0049 0.0085 0.0073 
         229  1 0.0694 0.0670 0.0216 0.0216 0.2840 0.0086 0.0186 0.0286 0.4549 0.0258 
         230  1 0.0103 0.0322 0.0119 0.0629 0.0934 0.3354 0.0141 0.0264 0.4036 0.0098 
         232  1 0.0470 0.2563 0.0147 0.0552 0.1418 0.1117 0.0147 0.2625 0.0362 0.0599 
         238  1 0.0033 0.0332 0.1106 0.0579 0.7054 0.0261 0.0195 0.0065 0.0190 0.0186 
         242  1 0.0060 0.0054 0.9278 0.0042 0.0197 0.0072 0.0080 0.0040 0.0071 0.0106 
         243  1 0.0156 0.0250 0.4583 0.0230 0.3091 0.0373 0.0145 0.0075 0.0094 0.1003 
         244  1 0.0082 0.0099 0.2190 0.1556 0.5602 0.0058 0.0062 0.0092 0.0117 0.0142 
         251  1 0.0143 0.0342 0.0876 0.0150 0.7224 0.0069 0.0092 0.0712 0.0258 0.0134 
         266  1 0.0113 0.0254 0.0633 0.3363 0.4165 0.0101 0.0098 0.0050 0.0094 0.1129 
         267  1 0.0272 0.0177 0.0166 0.0129 0.0435 0.0479 0.6341 0.0063 0.0185 0.1754 
         268  1 0.0100 0.0110 0.0068 0.4122 0.0186 0.0042 0.0651 0.0368 0.0049 0.4304 
         270  1 0.0192 0.0465 0.0114 0.0056 0.0128 0.0165 0.0134 0.0217 0.8449 0.0082 
         276  1 0.2020 0.1641 0.0191 0.0293 0.0510 0.0691 0.0428 0.0236 0.3693 0.0297 
         298  1 0.0369 0.0144 0.0111 0.1888 0.0260 0.0098 0.5999 0.0119 0.0075 0.0938 
         306  1 0.0083 0.3056 0.0139 0.0171 0.0205 0.0065 0.0102 0.0053 0.0070 0.6058 
         308  1 0.0104 0.0558 0.0358 0.5841 0.1008 0.0067 0.0726 0.0825 0.0134 0.0379 
         311  1 0.0073 0.4672 0.0437 0.0090 0.2490 0.0134 0.1001 0.0133 0.0234 0.0736 
         323  1 0.1149 0.0102 0.0089 0.0075 0.0076 0.8229 0.0073 0.0059 0.0069 0.0080 
         327  1 0.0254 0.0205 0.0168 0.0067 0.0589 0.0118 0.0091 0.1986 0.6156 0.0367 
         334  1 0.0056 0.0160 0.2595 0.0081 0.6374 0.0042 0.0160 0.0092 0.0149 0.0291 
         338  1 0.0199 0.3924 0.0156 0.0173 0.1989 0.0266 0.1475 0.0306 0.0316 0.1197 
         341  1 0.3080 0.0127 0.0158 0.0084 0.0184 0.5587 0.0082 0.0095 0.0135 0.0468 
         346  1 0.0099 0.0126 0.0070 0.4168 0.0161 0.0228 0.0055 0.0384 0.0086 0.4623 
         348  1 0.0112 0.1898 0.0195 0.1823 0.0423 0.0058 0.5178 0.0066 0.0093 0.0154 
         351  1 0.0184 0.0139 0.1532 0.0133 0.2501 0.0091 0.0095 0.0466 0.0100 0.4760 
         362  1 0.0238 0.0079 0.0062 0.0052 0.0099 0.1696 0.0084 0.0425 0.7198 0.0067 
         364  1 0.0092 0.0169 0.8288 0.0134 0.0476 0.0162 0.0079 0.0126 0.0060 0.0414 
         366  1 0.0089 0.0103 0.8165 0.0084 0.0696 0.0149 0.0205 0.0072 0.0161 0.0277 
         376  1 0.8788 0.0185 0.0068 0.0191 0.0110 0.0170 0.0037 0.0142 0.0215 0.0095 
         377  1 0.0337 0.2885 0.0144 0.0097 0.0998 0.0184 0.0414 0.2290 0.2481 0.0171 
         378  1 0.0265 0.0143 0.0043 0.0183 0.0075 0.0059 0.0052 0.8958 0.0076 0.0147 
         388  1 0.0109 0.0646 0.0195 0.0151 0.0576 0.0123 0.3949 0.0285 0.0197 0.3767 
         391  1 0.1072 0.1132 0.0139 0.0113 0.1284 0.2591 0.0186 0.1288 0.0135 0.2060 
         401  1 0.0233 0.0957 0.0593 0.0820 0.3854 0.1239 0.0061 0.0093 0.2070 0.0081 
         406  1 0.0282 0.1638 0.0327 0.0370 0.1214 0.1979 0.0595 0.0148 0.0165 0.3282 
         412  1 0.0239 0.4966 0.0152 0.0221 0.0665 0.0272 0.0377 0.0276 0.0302 0.2532 
         413  1 0.0050 0.7591 0.0391 0.0903 0.0527 0.0036 0.0139 0.0064 0.0193 0.0106 
         421  1 0.0337 0.1886 0.0112 0.0237 0.1075 0.0226 0.0142 0.0094 0.5608 0.0283 
         423  1 0.0063 0.2898 0.0243 0.0073 0.0551 0.0481 0.0352 0.0104 0.5164 0.0069 
         424  1 0.0930 0.3063 0.0256 0.0189 0.0495 0.1248 0.0162 0.0154 0.0116 0.3389 
         426  1 0.2792 0.0359 0.0209 0.0182 0.0463 0.0110 0.0079 0.5164 0.0231 0.0412 
         430  1 0.0346 0.4696 0.0056 0.0352 0.0155 0.0120 0.0188 0.0117 0.0102 0.3868 
         435  1 0.0067 0.3277 0.0044 0.5823 0.0118 0.0040 0.0261 0.0138 0.0073 0.0158 
         476  1 0.1308 0.0146 0.0167 0.0158 0.0287 0.5948 0.0045 0.0114 0.1756 0.0070 
         478  1 0.7317 0.0243 0.0301 0.0067 0.0256 0.0201 0.0084 0.0148 0.1231 0.0152 
         484  1 0.0156 0.0215 0.0056 0.0478 0.0140 0.0149 0.4732 0.0078 0.0068 0.3927 
         489  1 0.0071 0.3169 0.0054 0.0062 0.0168 0.0075 0.1234 0.4537 0.0296 0.0334 
         493  1 0.0033 0.0151 0.8691 0.0072 0.0264 0.0432 0.0073 0.0110 0.0077 0.0096 
         494  1 0.0100 0.0128 0.6155 0.0073 0.2715 0.0120 0.0080 0.0406 0.0167 0.0055 
         500  1 0.0071 0.0106 0.0082 0.0049 0.0161 0.4259 0.0043 0.0103 0.5064 0.0061 
         504  1 0.0088 0.0215 0.0333 0.0241 0.1142 0.0203 0.5098 0.0672 0.0662 0.1346 
         506  1 0.0126 0.0085 0.0052 0.0040 0.0078 0.0116 0.9115 0.0050 0.0197 0.0141 
