          1*  1 0.0657 0.0233 0.8731 0.0159 0.0093 0.0126 
           3  1 0.0063 0.0074 0.0053 0.9692 0.0068 0.0051 
           6  1 0.0086 0.0129 0.0063 0.9376 0.0191 0.0156 
           8  1 0.0138 0.0087 0.0112 0.0082 0.9536 0.0045 
          10  1 0.9037 0.0047 0.0097 0.0128 0.0635 0.0056 
          11  1 0.0273 0.0214 0.7254 0.0252 0.0914 0.1094 
          12  1 0.9714 0.0046 0.0049 0.0066 0.0066 0.0059 
          16  1 0.0076 0.0049 0.0062 0.9585 0.0171 0.0056 
          18  1 0.0072 0.0065 0.9637 0.0078 0.0097 0.0051 
          19  1 0.0137 0.0475 0.8008 0.0142 0.0468 0.0770 
          21  1 0.0079 0.0060 0.0063 0.9415 0.0305 0.0078 
          23  1 0.7947 0.0193 0.0150 0.0300 0.0185 0.1224 
          24  1 0.5304 0.0098 0.2687 0.0153 0.1169 0.0588 
          25  1 0.7839 0.0102 0.0190 0.0703 0.0958 0.0207 
         26*  1 0.2552 0.0092 0.0312 0.1733 0.5214 0.0097 
          28  1 0.1259 0.0066 0.0076 0.0351 0.8171 0.0077 
          29  1 0.9196 0.0072 0.0159 0.0069 0.0447 0.0058 
          30  1 0.0806 0.4424 0.0393 0.2218 0.1966 0.0193 
          33  1 0.0060 0.0136 0.9469 0.0061 0.0050 0.0224 
          37  1 0.0380 0.0072 0.9257 0.0100 0.0092 0.0099 
          38  1 0.0126 0.0051 0.9560 0.0096 0.0109 0.0057 
          43  1 0.7959 0.0096 0.0103 0.0325 0.1426 0.0090 
          44  1 0.0062 0.0136 0.0073 0.1963 0.7702 0.0064 
          48  1 0.0079 0.0066 0.9628 0.0116 0.0064 0.0047 
          55  1 0.0142 0.0224 0.0128 0.0932 0.8459 0.0115 
          59  1 0.0046 0.0072 0.0070 0.9684 0.0077 0.0050 
          60  1 0.2516 0.1941 0.1682 0.0285 0.0067 0.3509 
          61  1 0.0083 0.0988 0.0081 0.0143 0.0098 0.8607 
          62  1 0.0236 0.0451 0.0200 0.0137 0.0175 0.8801 
          65  1 0.0060 0.0227 0.9398 0.0057 0.0074 0.0185 
          73  1 0.1151 0.8393 0.0125 0.0084 0.0155 0.0092 
          75  1 0.0043 0.1112 0.0214 0.0099 0.0059 0.8472 
          76  1 0.0096 0.0497 0.0045 0.0049 0.0046 0.9267 
          77  1 0.0106 0.0430 0.0062 0.0048 0.0044 0.9309 
          78  1 0.0173 0.8375 0.0128 0.0063 0.0116 0.1146 
          79  1 0.0046 0.1055 0.0103 0.0044 0.0076 0.8676 
          84  1 0.0245 0.0263 0.0120 0.8638 0.0402 0.0331 
          85  1 0.0065 0.0110 0.0106 0.0086 0.9564 0.0069 
          86  1 0.0155 0.0166 0.0212 0.0049 0.9283 0.0136 
          89  1 0.2479 0.0175 0.0285 0.6310 0.0184 0.0566 
          94  1 0.9641 0.0047 0.0114 0.0065 0.0078 0.0054 
          95  1 0.0074 0.0162 0.0129 0.9375 0.0187 0.0072 
          96  1 0.0102 0.0056 0.0053 0.0063 0.9657 0.0069 
          98  1 0.0141 0.7199 0.0097 0.0101 0.0080 0.2382 
         102  1 0.0207 0.0086 0.8978 0.0334 0.0074 0.0321 
         105  1 0.0062 0.9649 0.0098 0.0073 0.0065 0.0053 
         106  1 0.0071 0.3563 0.0298 0.1511 0.0346 0.4211 
         108  1 0.0118 0.8593 0.0762 0.0094 0.0126 0.0307 
         109  1 0.0058 0.9418 0.0078 0.0108 0.0138 0.0201 
         112  1 0.0804 0.0220 0.0371 0.0179 0.2898 0.5528 
         115  1 0.0656 0.0286 0.8387 0.0120 0.0132 0.0418 
         116  1 0.0072 0.0129 0.0134 0.0087 0.9503 0.0075 
         117  1 0.1115 0.0247 0.0181 0.7531 0.0731 0.0195 
         129  1 0.0103 0.0070 0.0086 0.0605 0.9094 0.0042 
         132  1 0.5177 0.0700 0.2764 0.0230 0.0071 0.1058 
         133  1 0.0106 0.6860 0.0082 0.0117 0.0056 0.2779 
         137  1 0.0258 0.0640 0.0101 0.0130 0.0099 0.8772 
         139  1 0.0067 0.0651 0.0286 0.0119 0.0106 0.8771 
         140  1 0.0058 0.9259 0.0113 0.0190 0.0119 0.0263 
         142  1 0.0101 0.0481 0.0069 0.0190 0.0060 0.9099 
         144  1 0.0044 0.9716 0.0056 0.0073 0.0050 0.0060 
         145  1 0.0073 0.0545 0.0087 0.0114 0.0089 0.9093 
         147  1 0.0043 0.9671 0.0062 0.0041 0.0096 0.0087 
         160  1 0.9676 0.0044 0.0067 0.0079 0.0090 0.0044 
        162*  1 0.0116 0.0059 0.0056 0.0058 0.9634 0.0077 
         166  1 0.0173 0.6400 0.0105 0.0146 0.0068 0.3108 
         177  1 0.0042 0.0479 0.0042 0.0040 0.0038 0.9359 
         178  1 0.0238 0.0679 0.0175 0.0075 0.0131 0.8702 
         186  1 0.0051 0.0038 0.0043 0.9772 0.0055 0.0041 
         189  1 0.0108 0.0041 0.0059 0.0064 0.9649 0.0079 
         190  1 0.0863 0.0127 0.0212 0.0527 0.8054 0.0217 
         191  1 0.0186 0.0392 0.0104 0.3089 0.5979 0.0250 
         193  1 0.0264 0.0558 0.0128 0.0462 0.0187 0.8400 
         202  1 0.5719 0.0104 0.1133 0.0171 0.2506 0.0367 
         204  1 0.0098 0.0059 0.0051 0.2771 0.6978 0.0044 
         211  1 0.3892 0.3785 0.0506 0.0165 0.0074 0.1579 
         216  1 0.0272 0.9133 0.0071 0.0053 0.0064 0.0407 
         222  1 0.0085 0.9182 0.0298 0.0045 0.0210 0.0179 
         224  1 0.0113 0.0075 0.0081 0.0073 0.9594 0.0064 
         226  1 0.0060 0.0058 0.0102 0.9644 0.0075 0.0061 
         229  1 0.0454 0.0860 0.0899 0.0353 0.6484 0.0950 
         230  1 0.0209 0.0188 0.0235 0.0385 0.8498 0.0485 
         232  1 0.3959 0.0353 0.0480 0.1926 0.1063 0.2219 
         238  1 0.0123 0.0530 0.6669 0.0077 0.0397 0.2204 
         242  1 0.0043 0.0073 0.9706 0.0064 0.0067 0.0047 
         243  1 0.0111 0.0476 0.8516 0.0320 0.0099 0.0479 
         244  1 0.0106 0.0124 0.8001 0.0073 0.0154 0.1542 
         251  1 0.1303 0.0216 0.7358 0.0100 0.0431 0.0592 
         266  1 0.0093 0.0321 0.1688 0.0137 0.0089 0.7671 
         267  1 0.0075 0.9147 0.0137 0.0353 0.0147 0.0141 
         268  1 0.0494 0.6007 0.0120 0.0079 0.0050 0.3250 
         270  1 0.0151 0.0099 0.0082 0.0167 0.9424 0.0076 
         276  1 0.0237 0.0435 0.0211 0.2554 0.5828 0.0735 
         298  1 0.0120 0.8011 0.0121 0.0158 0.0070 0.1520 
         306  1 0.0275 0.1615 0.0679 0.0104 0.0084 0.7244 
         308  1 0.0961 0.1978 0.0464 0.0085 0.0142 0.6369 
         311  1 0.0350 0.7018 0.1184 0.0106 0.0324 0.1019 
         323  1 0.0046 0.0066 0.0073 0.9689 0.0080 0.0046 
         327  1 0.3413 0.0186 0.0239 0.0232 0.5825 0.0106 
         334  1 0.0119 0.0393 0.8977 0.0045 0.0117 0.0349 
         338  1 0.0280 0.8114 0.0228 0.0273 0.0226 0.0879 
         341  1 0.0102 0.0063 0.0082 0.9605 0.0074 0.0074 
         346  1 0.0851 0.0391 0.0107 0.0202 0.0103 0.8347 
         348  1 0.0056 0.8315 0.0158 0.0072 0.0086 0.1314 
         351  1 0.0804 0.0243 0.8145 0.0153 0.0101 0.0554 
         362  1 0.0393 0.0073 0.0067 0.0902 0.8501 0.0063 
         364  1 0.0115 0.0112 0.9444 0.0117 0.0055 0.0157 
         366  1 0.0090 0.0220 0.9255 0.0139 0.0177 0.0119 
         376  1 0.0135 0.0044 0.0063 0.9310 0.0254 0.0193 
         377  1 0.4849 0.0543 0.0197 0.0265 0.3905 0.0241 
         378  1 0.9550 0.0069 0.0050 0.0123 0.0074 0.0134 
         388  1 0.0302 0.9182 0.0142 0.0095 0.0112 0.0167 
         391  1 0.3224 0.0174 0.0134 0.6055 0.0066 0.0347 
         401  1 0.0110 0.0135 0.2868 0.1130 0.3327 0.2431 
         406  1 0.0377 0.4667 0.0945 0.1751 0.0171 0.2089 
         412  1 0.0723 0.5298 0.0305 0.0393 0.0395 0.2887 
         413  1 0.0104 0.0487 0.0305 0.0050 0.0365 0.8689 
         421  1 0.0134 0.0291 0.0215 0.0188 0.8567 0.0605 
         423  1 0.0117 0.0265 0.0263 0.0105 0.9078 0.0172 
         424  1 0.0989 0.0694 0.0373 0.5213 0.0122 0.2610 
         426  1 0.8137 0.0134 0.0228 0.0898 0.0329 0.0273 
         430  1 0.0292 0.1606 0.0099 0.0420 0.0162 0.7421 
         435  1 0.0126 0.0684 0.0046 0.0049 0.0062 0.9032 
         476  1 0.0151 0.0058 0.0265 0.7745 0.1587 0.0195 
         478  1 0.0168 0.0130 0.0268 0.7115 0.2230 0.0089 
         484  1 0.0112 0.9002 0.0065 0.0171 0.0070 0.0579 
         489  1 0.8000 0.1339 0.0064 0.0068 0.0430 0.0100 
         493  1 0.0120 0.0090 0.9559 0.0063 0.0075 0.0092 
         494  1 0.0343 0.0075 0.9111 0.0101 0.0204 0.0166 
         500  1 0.0088 0.0049 0.0084 0.0324 0.9404 0.0052 
         504  1 0.0360 0.8528 0.0325 0.0097 0.0470 0.0220 
         506  1 0.0060 0.9337 0.0059 0.0219 0.0264 0.0061 
