

----------------------------------------------------
STRUCTURE by Pritchard, Stephens and Donnelly (2000)
     and Falush, Stephens and Pritchard (2003)
       Code by Pritchard, Falush and Hubisz
             Version 2.3.4 (Jul 2012)
----------------------------------------------------



Command line arguments:   bin\structure -m M:\STRUCTURE\Squirrel_132_ID_14L_20250816\10k_Burnin_100k_MCMC\mainparams -e M:\STRUCTURE\Squirrel_132_ID_14L_20250816\10k_Burnin_100k_MCMC\extraparams 
Input File:    M:\STRUCTURE\Squirrel_132_ID_14L_20250816\project_data

Run parameters:
   132 individuals
   14 loci
   3 populations assumed
   10000 Burn-in period
   100000 Reps


--------------------------------------------
Proportion of membership of each pre-defined
 population in each of the 3 clusters

Given    Inferred Clusters       Number of
 Pop       1      2      3      Individuals

  1:     0.202  0.426  0.371      132
--------------------------------------------

Allele-freq. divergence among pops (Net nucleotide distance),
computed using point estimates of P.

      1       2       3      
 1      -    0.0347  0.0387  
 2   0.0347     -    0.0454  
 3   0.0387  0.0454     -    

Average distances (expected heterozygosity) between individuals in same cluster:
cluster  1  : 0.6678 
cluster  2  : 0.5448 
cluster  3  : 0.6064 

--------------------------------------------
Estimated Ln Prob of Data   = -4477.0
Mean value of ln likelihood = -4360.7
Variance of ln likelihood   = 232.7
Mean value of alpha         = 0.0394

Mean value of lambda        = 1.0141

Mean value of Fst_1         = 0.0242
Mean value of Fst_2         = 0.1503
Mean value of Fst_3         = 0.1349


Inferred ancestry of individuals:
        Label (%Miss) Pop:  Inferred clusters (and 90% probability intervals)
  1       1*    (0)    1 :  0.969 0.015 0.016     (0.795,1.000) (0.000,0.095) (0.000,0.096) 
  2        3    (0)    1 :  0.010 0.979 0.011     (0.000,0.053) (0.870,1.000) (0.000,0.062) 
  3        6    (0)    1 :  0.007 0.971 0.022     (0.000,0.038) (0.806,1.000) (0.000,0.153) 
  4        8    (0)    1 :  0.014 0.980 0.006     (0.000,0.078) (0.882,1.000) (0.000,0.032) 
  5       10    (0)    1 :  0.010 0.984 0.006     (0.000,0.046) (0.910,1.000) (0.000,0.029) 
  6       11    (0)    1 :  0.867 0.104 0.029     (0.013,1.000) (0.000,0.832) (0.000,0.205) 
  7       12    (0)    1 :  0.023 0.967 0.010     (0.000,0.104) (0.827,1.000) (0.000,0.050) 
  8       16    (7)    1 :  0.010 0.984 0.006     (0.000,0.054) (0.904,1.000) (0.000,0.031) 
  9       18    (0)    1 :  0.986 0.009 0.005     (0.914,1.000) (0.000,0.048) (0.000,0.026) 
 10       19    (0)    1 :  0.949 0.023 0.029     (0.669,1.000) (0.000,0.156) (0.000,0.193) 
 11       21    (7)    1 :  0.009 0.982 0.009     (0.000,0.046) (0.885,1.000) (0.000,0.053) 
 12       23    (7)    1 :  0.040 0.691 0.269     (0.000,0.252) (0.000,1.000) (0.000,1.000) 
 13       24    (7)    1 :  0.597 0.385 0.018     (0.000,1.000) (0.000,1.000) (0.000,0.120) 
 14       25    (7)    1 :  0.060 0.903 0.037     (0.000,0.440) (0.451,1.000) (0.000,0.282) 
 15      26*    (0)    1 :  0.016 0.979 0.005     (0.000,0.109) (0.865,1.000) (0.000,0.026) 
 16       28    (0)    1 :  0.006 0.989 0.005     (0.000,0.032) (0.929,1.000) (0.000,0.027) 
 17       29    (0)    1 :  0.032 0.961 0.006     (0.000,0.163) (0.799,1.000) (0.000,0.030) 
 18       30    (0)    1 :  0.119 0.663 0.218     (0.000,0.998) (0.000,1.000) (0.000,0.969) 
 19       33    (0)    1 :  0.979 0.005 0.016     (0.868,1.000) (0.000,0.025) (0.000,0.102) 
 20       37    (0)    1 :  0.977 0.015 0.008     (0.856,1.000) (0.000,0.091) (0.000,0.040) 
 21       38    (0)    1 :  0.984 0.011 0.004     (0.903,1.000) (0.000,0.066) (0.000,0.023) 
 22       43    (0)    1 :  0.018 0.975 0.007     (0.000,0.100) (0.854,1.000) (0.000,0.038) 
 23       44    (0)    1 :  0.009 0.983 0.009     (0.000,0.046) (0.892,1.000) (0.000,0.048) 
 24       48    (0)    1 :  0.986 0.008 0.005     (0.916,1.000) (0.000,0.048) (0.000,0.027) 
 25       55    (0)    1 :  0.009 0.976 0.016     (0.000,0.048) (0.839,1.000) (0.000,0.103) 
 26       59    (0)    1 :  0.014 0.977 0.009     (0.000,0.065) (0.866,1.000) (0.000,0.050) 
 27       60    (0)    1 :  0.186 0.018 0.796     (0.000,1.000) (0.000,0.114) (0.000,1.000) 
 28       61    (0)    1 :  0.007 0.008 0.985     (0.000,0.037) (0.000,0.044) (0.905,1.000) 
 29       62    (0)    1 :  0.032 0.050 0.918     (0.000,0.195) (0.000,0.350) (0.413,1.000) 
 30       65    (0)    1 :  0.980 0.006 0.014     (0.868,1.000) (0.000,0.030) (0.000,0.098) 
 31       73    (0)    1 :  0.028 0.047 0.924     (0.000,0.183) (0.000,0.330) (0.579,1.000) 
 32       75    (0)    1 :  0.017 0.006 0.978     (0.000,0.108) (0.000,0.031) (0.858,1.000) 
 33       76    (0)    1 :  0.005 0.007 0.988     (0.000,0.028) (0.000,0.036) (0.926,1.000) 
 34       77    (0)    1 :  0.009 0.007 0.984     (0.000,0.047) (0.000,0.035) (0.905,1.000) 
 35       78    (0)    1 :  0.007 0.007 0.986     (0.000,0.039) (0.000,0.036) (0.912,1.000) 
 36       79    (0)    1 :  0.017 0.005 0.978     (0.000,0.120) (0.000,0.024) (0.858,1.000) 
 37       84    (0)    1 :  0.010 0.964 0.026     (0.000,0.061) (0.763,1.000) (0.000,0.188) 
 38       85    (0)    1 :  0.047 0.937 0.015     (0.000,0.320) (0.604,1.000) (0.000,0.097) 
 39       86    (0)    1 :  0.123 0.836 0.041     (0.000,0.933) (0.010,1.000) (0.000,0.311) 
 40       89    (0)    1 :  0.022 0.952 0.026     (0.000,0.139) (0.692,1.000) (0.000,0.186) 
 41       94    (0)    1 :  0.142 0.852 0.005     (0.000,1.000) (0.000,1.000) (0.000,0.027) 
 42       95    (0)    1 :  0.041 0.939 0.020     (0.000,0.235) (0.626,1.000) (0.000,0.134) 
 43       96    (0)    1 :  0.007 0.985 0.009     (0.000,0.034) (0.907,1.000) (0.000,0.047) 
 44       98    (0)    1 :  0.009 0.010 0.981     (0.000,0.046) (0.000,0.054) (0.883,1.000) 
 45      102    (0)    1 :  0.975 0.014 0.011     (0.832,1.000) (0.000,0.089) (0.000,0.073) 
 46      105    (0)    1 :  0.023 0.010 0.967     (0.000,0.165) (0.000,0.057) (0.786,1.000) 
 47      106    (0)    1 :  0.032 0.065 0.902     (0.000,0.196) (0.000,0.329) (0.580,1.000) 
 48      108    (0)    1 :  0.081 0.014 0.905     (0.000,0.526) (0.000,0.092) (0.459,1.000) 
 49      109    (0)    1 :  0.011 0.020 0.968     (0.000,0.056) (0.000,0.153) (0.797,1.000) 
 50      112    (0)    1 :  0.082 0.692 0.226     (0.000,0.720) (0.000,1.000) (0.000,1.000) 
 51      115    (0)    1 :  0.961 0.021 0.018     (0.748,1.000) (0.000,0.131) (0.000,0.115) 
 52      116    (0)    1 :  0.039 0.943 0.018     (0.000,0.276) (0.643,1.000) (0.000,0.114) 
 53      117    (0)    1 :  0.009 0.972 0.019     (0.000,0.047) (0.825,1.000) (0.000,0.117) 
 54      129    (0)    1 :  0.006 0.990 0.004     (0.000,0.032) (0.937,1.000) (0.000,0.021) 
 55      132    (0)    1 :  0.598 0.055 0.347     (0.000,1.000) (0.000,0.419) (0.000,1.000) 
 56      133    (0)    1 :  0.007 0.006 0.986     (0.000,0.037) (0.000,0.033) (0.918,1.000) 
 57      137    (7)    1 :  0.009 0.015 0.976     (0.000,0.047) (0.000,0.084) (0.853,1.000) 
 58      139    (0)    1 :  0.032 0.009 0.959     (0.000,0.220) (0.000,0.051) (0.735,1.000) 
 59      140    (0)    1 :  0.016 0.012 0.972     (0.000,0.077) (0.000,0.066) (0.834,1.000) 
 60      142    (0)    1 :  0.008 0.013 0.979     (0.000,0.042) (0.000,0.076) (0.865,1.000) 
 61      144    (0)    1 :  0.008 0.007 0.986     (0.000,0.043) (0.000,0.034) (0.911,1.000) 
 62      145    (0)    1 :  0.009 0.014 0.977     (0.000,0.042) (0.000,0.072) (0.869,1.000) 
 63      147    (0)    1 :  0.008 0.007 0.986     (0.000,0.040) (0.000,0.036) (0.910,1.000) 
 64      160    (0)    1 :  0.031 0.963 0.006     (0.000,0.122) (0.831,1.000) (0.000,0.031) 
 65     162*    (0)    1 :  0.008 0.983 0.009     (0.000,0.037) (0.896,1.000) (0.000,0.050) 
 66      166    (0)    1 :  0.008 0.007 0.985     (0.000,0.040) (0.000,0.038) (0.907,1.000) 
 67      177    (0)    1 :  0.007 0.004 0.989     (0.000,0.035) (0.000,0.023) (0.933,1.000) 
 68      178    (0)    1 :  0.012 0.011 0.977     (0.000,0.063) (0.000,0.066) (0.854,1.000) 
 69      186    (0)    1 :  0.009 0.984 0.007     (0.000,0.050) (0.900,1.000) (0.000,0.035) 
 70      189    (0)    1 :  0.010 0.982 0.007     (0.000,0.049) (0.896,1.000) (0.000,0.040) 
 71      190    (0)    1 :  0.010 0.981 0.009     (0.000,0.055) (0.881,1.000) (0.000,0.044) 
 72      191    (0)    1 :  0.007 0.978 0.015     (0.000,0.033) (0.860,1.000) (0.000,0.100) 
 73      193    (0)    1 :  0.012 0.094 0.894     (0.000,0.057) (0.000,0.981) (0.000,1.000) 
 74      202    (0)    1 :  0.319 0.659 0.022     (0.000,1.000) (0.000,1.000) (0.000,0.147) 
 75      204    (0)    1 :  0.004 0.992 0.004     (0.000,0.022) (0.951,1.000) (0.000,0.020) 
 76      211    (0)    1 :  0.057 0.025 0.918     (0.000,0.434) (0.000,0.181) (0.442,1.000) 
 77      216    (0)    1 :  0.006 0.006 0.987     (0.000,0.031) (0.000,0.033) (0.925,1.000) 
 78      222    (0)    1 :  0.058 0.010 0.932     (0.000,0.427) (0.000,0.049) (0.545,1.000) 
 79      224    (0)    1 :  0.015 0.974 0.011     (0.000,0.083) (0.841,1.000) (0.000,0.062) 
 80      226    (0)    1 :  0.089 0.900 0.011     (0.000,0.609) (0.376,1.000) (0.000,0.063) 
 81      229    (0)    1 :  0.125 0.833 0.042     (0.000,0.988) (0.000,1.000) (0.000,0.317) 
 82      230    (0)    1 :  0.061 0.901 0.037     (0.000,0.468) (0.444,1.000) (0.000,0.235) 
 83      232    (0)    1 :  0.022 0.931 0.047     (0.000,0.094) (0.559,1.000) (0.000,0.348) 
 84      238    (0)    1 :  0.821 0.015 0.164     (0.194,1.000) (0.000,0.095) (0.000,0.785) 
 85      242    (0)    1 :  0.989 0.006 0.005     (0.935,1.000) (0.000,0.029) (0.000,0.026) 
 86      243    (0)    1 :  0.930 0.018 0.053     (0.573,1.000) (0.000,0.116) (0.000,0.381) 
 87      244    (0)    1 :  0.956 0.012 0.032     (0.711,1.000) (0.000,0.072) (0.000,0.246) 
 88      251    (0)    1 :  0.930 0.043 0.027     (0.562,1.000) (0.000,0.336) (0.000,0.179) 
 89      266    (0)    1 :  0.342 0.009 0.650     (0.000,1.000) (0.000,0.048) (0.000,1.000) 
 90      267    (0)    1 :  0.024 0.036 0.941     (0.000,0.144) (0.000,0.272) (0.630,1.000) 
 91      268    (0)    1 :  0.009 0.007 0.985     (0.000,0.044) (0.000,0.036) (0.907,1.000) 
 92      270    (0)    1 :  0.011 0.980 0.009     (0.000,0.062) (0.873,1.000) (0.000,0.052) 
 93      276    (0)    1 :  0.013 0.951 0.035     (0.000,0.077) (0.673,1.000) (0.000,0.268) 
 94      298    (7)    1 :  0.010 0.008 0.983     (0.000,0.050) (0.000,0.039) (0.896,1.000) 
 95      306    (0)    1 :  0.028 0.007 0.965     (0.000,0.158) (0.000,0.035) (0.803,1.000) 
 96      308    (0)    1 :  0.025 0.014 0.961     (0.000,0.162) (0.000,0.085) (0.755,1.000) 
 97      311    (7)    1 :  0.217 0.021 0.762     (0.000,1.000) (0.000,0.134) (0.000,1.000) 
 98      323    (0)    1 :  0.019 0.969 0.012     (0.000,0.109) (0.805,1.000) (0.000,0.075) 
 99      327    (0)    1 :  0.017 0.974 0.009     (0.000,0.099) (0.838,1.000) (0.000,0.050) 
100      334    (0)    1 :  0.973 0.007 0.020     (0.827,1.000) (0.000,0.036) (0.000,0.136) 
101      338    (0)    1 :  0.032 0.042 0.926     (0.000,0.173) (0.000,0.289) (0.507,1.000) 
102      341    (0)    1 :  0.040 0.935 0.025     (0.000,0.254) (0.599,1.000) (0.000,0.174) 
103      346    (0)    1 :  0.017 0.046 0.937     (0.000,0.080) (0.000,0.331) (0.583,1.000) 
104      348    (0)    1 :  0.011 0.006 0.983     (0.000,0.065) (0.000,0.030) (0.892,1.000) 
105      351    (0)    1 :  0.946 0.018 0.037     (0.660,1.000) (0.000,0.113) (0.000,0.251) 
106      362    (0)    1 :  0.006 0.989 0.005     (0.000,0.030) (0.933,1.000) (0.000,0.026) 
107      364    (0)    1 :  0.981 0.007 0.012     (0.880,1.000) (0.000,0.036) (0.000,0.072) 
108      366    (0)    1 :  0.970 0.015 0.016     (0.803,1.000) (0.000,0.086) (0.000,0.093) 
109      376    (0)    1 :  0.009 0.984 0.007     (0.000,0.047) (0.901,1.000) (0.000,0.037) 
110      377    (7)    1 :  0.033 0.873 0.095     (0.000,0.201) (0.357,1.000) (0.000,0.552) 
111      378    (0)    1 :  0.008 0.980 0.012     (0.000,0.037) (0.886,1.000) (0.000,0.061) 
112      388    (0)    1 :  0.026 0.019 0.955     (0.000,0.171) (0.000,0.129) (0.710,1.000) 
113      391    (0)    1 :  0.056 0.742 0.202     (0.000,0.398) (0.000,1.000) (0.000,1.000) 
114      401    (0)    1 :  0.512 0.408 0.079     (0.000,1.000) (0.000,0.999) (0.000,0.489) 
115      406    (0)    1 :  0.114 0.063 0.823     (0.000,0.998) (0.000,0.483) (0.000,1.000) 
116      412    (7)    1 :  0.037 0.076 0.887     (0.000,0.217) (0.000,0.607) (0.101,1.000) 
117      413    (0)    1 :  0.056 0.014 0.930     (0.000,0.368) (0.000,0.082) (0.589,1.000) 
118      421    (0)    1 :  0.029 0.924 0.047     (0.000,0.186) (0.553,1.000) (0.000,0.344) 
119      423    (0)    1 :  0.124 0.811 0.065     (0.000,0.993) (0.000,1.000) (0.000,0.482) 
120      424    (0)    1 :  0.052 0.174 0.774     (0.000,0.364) (0.000,1.000) (0.000,1.000) 
121      426    (0)    1 :  0.016 0.965 0.018     (0.000,0.093) (0.780,1.000) (0.000,0.110) 
122      430    (7)    1 :  0.007 0.018 0.975     (0.000,0.036) (0.000,0.106) (0.848,1.000) 
123      435    (0)    1 :  0.005 0.008 0.987     (0.000,0.024) (0.000,0.043) (0.922,1.000) 
124      476    (0)    1 :  0.020 0.973 0.006     (0.000,0.141) (0.829,1.000) (0.000,0.033) 
125      478    (0)    1 :  0.009 0.985 0.006     (0.000,0.051) (0.906,1.000) (0.000,0.032) 
126      484    (0)    1 :  0.006 0.008 0.985     (0.000,0.034) (0.000,0.046) (0.908,1.000) 
127      489    (0)    1 :  0.021 0.709 0.270     (0.000,0.100) (0.000,1.000) (0.000,1.000) 
128      493    (0)    1 :  0.984 0.008 0.008     (0.899,1.000) (0.000,0.040) (0.000,0.046) 
129      494    (0)    1 :  0.976 0.018 0.006     (0.845,1.000) (0.000,0.119) (0.000,0.033) 
130      500    (0)    1 :  0.011 0.985 0.004     (0.000,0.047) (0.920,1.000) (0.000,0.021) 
131      504    (0)    1 :  0.103 0.066 0.831     (0.000,0.629) (0.000,0.425) (0.278,1.000) 
132      506    (0)    1 :  0.010 0.062 0.928     (0.000,0.051) (0.000,0.420) (0.562,1.000) 


Estimated Allele Frequencies in each cluster
First column gives estimated ancestral frequencies


Locus 1 : Rsu5 
5 alleles
0.0% missing data
 137   (0.686) 0.682 0.949 0.698 
 135   (0.106) 0.102 0.025 0.048 
 139   (0.141) 0.174 0.023 0.040 
 133   (0.027) 0.022 0.001 0.002 
 131   (0.040) 0.020 0.002 0.213 

Locus 2 : Scv1 
5 alleles
0.0% missing data
 181   (0.561) 0.629 0.754 0.349 
 179   (0.182) 0.176 0.091 0.213 
 177   (0.103) 0.075 0.049 0.186 
 185   (0.121) 0.085 0.104 0.249 
 171   (0.033) 0.035 0.002 0.002 

Locus 3 : Rsu4 
9 alleles
0.0% missing data
 267   (0.224) 0.262 0.185 0.089 
 263   (0.298) 0.280 0.463 0.429 
 259   (0.035) 0.017 0.187 0.002 
 287   (0.161) 0.144 0.136 0.209 
 275   (0.058) 0.083 0.003 0.007 
 279   (0.090) 0.097 0.008 0.084 
 283   (0.061) 0.048 0.003 0.176 
 291   (0.042) 0.035 0.013 0.003 
 271   (0.031) 0.034 0.002 0.002 

Locus 4 : Rsu6 
5 alleles
0.0% missing data
 120   (0.255) 0.240 0.322 0.219 
 126   (0.594) 0.616 0.515 0.770 
 124   (0.078) 0.069 0.151 0.006 
 130   (0.047) 0.062 0.002 0.003 
 114   (0.027) 0.014 0.009 0.002 

Locus 5 : Scv23 
3 alleles
0.8% missing data
 158   (0.486) 0.474 0.557 0.627 
 164   (0.237) 0.254 0.191 0.117 
 160   (0.277) 0.272 0.252 0.256 

Locus 6 : Scv13 
5 alleles
0.0% missing data
 182   (0.695) 0.691 0.891 0.807 
 180   (0.095) 0.104 0.089 0.006 
 172   (0.074) 0.065 0.004 0.128 
 184   (0.087) 0.102 0.014 0.012 
 174   (0.050) 0.037 0.002 0.046 

Locus 7 : Scv32 
18 alleles
0.0% missing data
 236   (0.048) 0.093 0.002 0.004 
 238   (0.047) 0.040 0.002 0.091 
 234   (0.096) 0.069 0.152 0.381 
 246   (0.038) 0.020 0.180 0.008 
 248   (0.109) 0.140 0.154 0.021 
 262   (0.093) 0.084 0.152 0.065 
 232   (0.207) 0.280 0.121 0.203 
 250   (0.035) 0.021 0.070 0.005 
 228   (0.028) 0.033 0.001 0.002 
 220   (0.037) 0.024 0.113 0.002 
 264   (0.060) 0.053 0.024 0.032 
 252   (0.036) 0.018 0.008 0.061 
 254   (0.040) 0.029 0.002 0.069 
 242   (0.027) 0.032 0.001 0.002 
 266   (0.025) 0.014 0.001 0.028 
 244   (0.032) 0.017 0.007 0.022 
 226   (0.022) 0.012 0.008 0.002 
 240   (0.022) 0.020 0.001 0.001 

Locus 8 : Scv8 
6 alleles
0.0% missing data
 200   (0.626) 0.663 0.769 0.599 
 202   (0.103) 0.125 0.005 0.077 
 194   (0.081) 0.050 0.102 0.073 
 204   (0.051) 0.040 0.047 0.003 
 198   (0.082) 0.083 0.073 0.007 
 188   (0.057) 0.039 0.003 0.241 

Locus 9 : Scv9 
5 alleles
0.0% missing data
 198   (0.272) 0.247 0.317 0.455 
 200   (0.385) 0.449 0.432 0.182 
 196   (0.262) 0.263 0.198 0.312 
 204   (0.056) 0.029 0.051 0.041 
 202   (0.025) 0.013 0.001 0.011 

Locus 10 : Rsu1 
6 alleles
0.0% missing data
 189   (0.367) 0.457 0.186 0.213 
 185   (0.228) 0.203 0.184 0.498 
 177   (0.082) 0.060 0.069 0.034 
 181   (0.250) 0.241 0.299 0.250 
 193   (0.037) 0.020 0.153 0.002 
 197   (0.036) 0.019 0.110 0.002 

Locus 11 : Scv14 
7 alleles
4.5% missing data
 196   (0.475) 0.459 0.850 0.618 
 198   (0.096) 0.112 0.005 0.089 
 194   (0.160) 0.175 0.064 0.091 
 202   (0.190) 0.198 0.072 0.193 
 204   (0.027) 0.023 0.001 0.002 
 190   (0.026) 0.017 0.006 0.002 
 200   (0.026) 0.017 0.001 0.006 

Locus 12 : Scv16 
7 alleles
0.0% missing data
 182   (0.341) 0.316 0.513 0.493 
 184   (0.456) 0.508 0.411 0.389 
 188   (0.089) 0.103 0.071 0.006 
 200   (0.026) 0.022 0.001 0.002 
 198   (0.032) 0.016 0.002 0.068 
 190   (0.030) 0.014 0.002 0.040 
 186   (0.026) 0.021 0.001 0.002 

Locus 13 : Scv31 
15 alleles
3.0% missing data
 193   (0.135) 0.133 0.151 0.143 
 201   (0.121) 0.166 0.054 0.026 
 187   (0.068) 0.042 0.230 0.051 
 207   (0.030) 0.015 0.139 0.002 
 195   (0.055) 0.029 0.065 0.098 
 185   (0.146) 0.146 0.094 0.302 
 189   (0.095) 0.153 0.035 0.006 
 205   (0.023) 0.021 0.001 0.002 
 191   (0.114) 0.089 0.186 0.260 
 197   (0.039) 0.022 0.010 0.060 
 199   (0.056) 0.058 0.003 0.042 
 203   (0.035) 0.047 0.002 0.002 
 209   (0.029) 0.034 0.001 0.002 
 213   (0.028) 0.033 0.001 0.002 
 181   (0.026) 0.013 0.027 0.002 

Locus 14 : Scv6 
8 alleles
0.0% missing data
 191   (0.137) 0.170 0.134 0.014 
 195   (0.342) 0.324 0.535 0.442 
 197   (0.173) 0.139 0.286 0.242 
 201   (0.105) 0.138 0.006 0.057 
 205   (0.033) 0.035 0.002 0.002 
 193   (0.094) 0.100 0.006 0.133 
 199   (0.083) 0.060 0.030 0.108 
 181   (0.033) 0.035 0.002 0.002 

Values of parameters used in structure:
DATAFILE=M:\STRUCTURE\Squirrel_132_ID_14L_20250816\project_data,	OUTFILE=M:\STRUCTURE\Squirrel_132_ID_14L_20250816\10k_Burnin_100k_MCMC\Results\10k_Burnin_100k_MCMC_run_56,	NUMINDS=132,	NUMLOCI=14,	MISSING=-9,	LABEL=1,	POPDATA=1,	POPFLAG=0,	PHENOTYPE=0,	EXTRACOLS=1,	MAXPOPS=3,	BURNIN=10000,	NUMREPS=100000,	USEPOPINFO=0,	INFERALPHA=1,	INFERLAMBDA=1,	POPSPECIFICLAMBDA=0,	POPALPHAS=0,	COMPUTEPROB=1,	NOADMIX=0,	ADMBURNIN=2500,	UPDATEFREQ=1,	PRINTLIKES=0,	INTERMEDSAVE=0,	PRINTKLD=0,	PRINTNET=0,	PRINTLAMBDA=0,	ANCESTDIST=1,	NUMBOXES=1000,	ANCESTPINT=0.90000,	GENSBACK=2,	MIGRPRIOR=0.05000,	PRINTQHAT=1,	PRINTQSUM=0,	ALPHA=1.0000,	FREQSCORR=1,	FPRIORMEAN=0.0100,	FPRIORSD=0.0500,	ONEFST=0,	LAMBDA=1.0000,	UNIFPRIORALPHA=1,	ALPHAMAX=10.0000,	ALPHAPRIORA=1.0000,	ALPHAPRIORB=2.0000,	ALPHAPROPSD=0.0250,	STARTATPOPINFO=0,	RANDOMIZE=1,	LINKAGE=0,	METROFREQ=10,	REPORTHITRATE=0,	MARKOVPHASE=-1,	PHASED=0,	PLOIDY=2,	PHASEINFO=0	LOCPRIOR=0, 	LOCPRIORINIT=1.000000, 	LOCDATA=0, 	LOCISPOP=0, 	LOCPRIORSTEP=0.100000, 	MAXLOCPRIOR=20.000000, 	SEED=1763818156,	
[STRAT parameters]:    NUMSIMSTATS=1000,	PHENOTYPECOL=-9,	POOLFREQ=10,	LOCUSxONLY=0,	EMERROR=0.00100,	MISSINGPHENO=-9,	