          1*  1 0.0085 0.0638 0.0275 0.0087 0.0167 0.8748 
           3  1 0.0054 0.0059 0.0077 0.0067 0.9685 0.0058 
           6  1 0.0160 0.0088 0.0126 0.0219 0.9342 0.0066 
           8  1 0.0040 0.0135 0.0092 0.9520 0.0087 0.0126 
          10  1 0.0050 0.8992 0.0046 0.0692 0.0114 0.0105 
          11  1 0.0797 0.0270 0.0220 0.0904 0.0258 0.7551 
          12  1 0.0060 0.9719 0.0042 0.0063 0.0069 0.0047 
          16  1 0.0057 0.0077 0.0045 0.0159 0.9597 0.0065 
          18  1 0.0051 0.0074 0.0068 0.0102 0.0079 0.9626 
          19  1 0.0412 0.0124 0.0348 0.0518 0.0150 0.8448 
          21  1 0.0078 0.0081 0.0058 0.0313 0.9404 0.0066 
          23  1 0.1263 0.7926 0.0172 0.0185 0.0311 0.0143 
          24  1 0.0392 0.5527 0.0109 0.1070 0.0162 0.2740 
          25  1 0.0194 0.7927 0.0097 0.0918 0.0670 0.0194 
         26*  1 0.0058 0.2655 0.0112 0.5232 0.1661 0.0282 
          28  1 0.0078 0.1294 0.0069 0.8110 0.0374 0.0074 
          29  1 0.0063 0.9158 0.0066 0.0481 0.0070 0.0162 
          30  1 0.0097 0.0842 0.4722 0.1887 0.2131 0.0320 
          33  1 0.0236 0.0060 0.0127 0.0049 0.0065 0.9464 
          37  1 0.0085 0.0340 0.0076 0.0086 0.0102 0.9311 
          38  1 0.0047 0.0121 0.0049 0.0100 0.0098 0.9585 
          43  1 0.0087 0.8054 0.0105 0.1335 0.0324 0.0094 
          44  1 0.0063 0.0060 0.0118 0.7778 0.1909 0.0072 
          48  1 0.0046 0.0076 0.0066 0.0065 0.0117 0.9631 
          55  1 0.0120 0.0119 0.0240 0.8451 0.0943 0.0126 
          59  1 0.0048 0.0045 0.0078 0.0081 0.9676 0.0072 
          60  1 0.2954 0.2434 0.2336 0.0073 0.0285 0.1918 
          61  1 0.9015 0.0079 0.0589 0.0100 0.0137 0.0080 
          62  1 0.9030 0.0238 0.0179 0.0187 0.0140 0.0225 
          65  1 0.0126 0.0057 0.0230 0.0090 0.0058 0.9440 
          73  1 0.0079 0.1095 0.8489 0.0135 0.0087 0.0114 
          75  1 0.8868 0.0042 0.0745 0.0064 0.0093 0.0188 
          76  1 0.9698 0.0083 0.0079 0.0044 0.0054 0.0042 
          77  1 0.9677 0.0098 0.0068 0.0041 0.0050 0.0067 
          78  1 0.1276 0.0169 0.8256 0.0119 0.0059 0.0121 
          79  1 0.9084 0.0048 0.0633 0.0077 0.0044 0.0113 
          84  1 0.0332 0.0244 0.0245 0.0419 0.8632 0.0128 
          85  1 0.0073 0.0060 0.0112 0.9568 0.0086 0.0100 
          86  1 0.0112 0.0177 0.0164 0.9282 0.0049 0.0216 
          89  1 0.0531 0.2568 0.0167 0.0174 0.6277 0.0282 
          94  1 0.0051 0.9628 0.0051 0.0090 0.0062 0.0120 
          95  1 0.0072 0.0069 0.0156 0.0190 0.9395 0.0118 
          96  1 0.0067 0.0111 0.0060 0.9648 0.0062 0.0053 
          98  1 0.2217 0.0148 0.7356 0.0087 0.0094 0.0097 
         102  1 0.0159 0.0205 0.0078 0.0072 0.0348 0.9139 
         105  1 0.0055 0.0054 0.9656 0.0065 0.0071 0.0098 
         106  1 0.4749 0.0063 0.3171 0.0327 0.1439 0.0251 
         108  1 0.0277 0.0097 0.8759 0.0126 0.0094 0.0647 
         109  1 0.0188 0.0060 0.9432 0.0144 0.0101 0.0076 
         112  1 0.5581 0.0691 0.0157 0.2984 0.0186 0.0400 
         115  1 0.0125 0.0724 0.0266 0.0120 0.0115 0.8650 
         116  1 0.0068 0.0064 0.0131 0.9512 0.0085 0.0140 
         117  1 0.0195 0.1141 0.0250 0.0778 0.7466 0.0170 
         129  1 0.0041 0.0094 0.0074 0.9164 0.0543 0.0083 
         132  1 0.0732 0.5187 0.0911 0.0064 0.0228 0.2880 
         133  1 0.2573 0.0106 0.7061 0.0054 0.0127 0.0078 
         137  1 0.9069 0.0238 0.0349 0.0101 0.0128 0.0116 
         139  1 0.9117 0.0068 0.0354 0.0094 0.0108 0.0260 
         140  1 0.0247 0.0058 0.9281 0.0116 0.0189 0.0109 
         142  1 0.9470 0.0105 0.0103 0.0069 0.0182 0.0070 
         144  1 0.0056 0.0045 0.9708 0.0051 0.0079 0.0062 
         145  1 0.9486 0.0069 0.0152 0.0087 0.0119 0.0087 
         147  1 0.0097 0.0042 0.9662 0.0093 0.0041 0.0064 
         160  1 0.0048 0.9674 0.0045 0.0081 0.0087 0.0065 
        162*  1 0.0072 0.0120 0.0065 0.9630 0.0057 0.0056 
         166  1 0.2651 0.0095 0.6928 0.0067 0.0146 0.0114 
         177  1 0.9791 0.0039 0.0053 0.0038 0.0039 0.0042 
         178  1 0.9000 0.0231 0.0379 0.0129 0.0080 0.0181 
         186  1 0.0044 0.0052 0.0039 0.0056 0.9766 0.0043 
         189  1 0.0083 0.0109 0.0042 0.9644 0.0063 0.0060 
         190  1 0.0186 0.1001 0.0141 0.7918 0.0527 0.0228 
         191  1 0.0280 0.0197 0.0338 0.6092 0.2990 0.0102 
         193  1 0.8700 0.0239 0.0275 0.0188 0.0463 0.0134 
         202  1 0.0230 0.5997 0.0094 0.2400 0.0184 0.1095 
         204  1 0.0046 0.0090 0.0062 0.7023 0.2728 0.0051 
         211  1 0.1178 0.3817 0.4216 0.0085 0.0151 0.0553 
         216  1 0.0333 0.0234 0.9245 0.0068 0.0054 0.0067 
         222  1 0.0157 0.0107 0.9145 0.0228 0.0046 0.0317 
         224  1 0.0070 0.0114 0.0071 0.9598 0.0071 0.0077 
         226  1 0.0059 0.0057 0.0064 0.0079 0.9645 0.0096 
         229  1 0.0870 0.0452 0.0850 0.6551 0.0348 0.0928 
         230  1 0.0497 0.0231 0.0193 0.8447 0.0357 0.0276 
         232  1 0.2285 0.3869 0.0305 0.1081 0.2025 0.0435 
         238  1 0.2102 0.0117 0.0471 0.0387 0.0073 0.6849 
         242  1 0.0042 0.0045 0.0075 0.0074 0.0064 0.9701 
         243  1 0.0381 0.0104 0.0494 0.0100 0.0317 0.8604 
         244  1 0.1266 0.0099 0.0103 0.0166 0.0076 0.8289 
         251  1 0.0299 0.1238 0.0214 0.0435 0.0110 0.7704 
         266  1 0.7512 0.0098 0.0231 0.0100 0.0145 0.1915 
         267  1 0.0104 0.0073 0.9205 0.0135 0.0365 0.0119 
         268  1 0.2871 0.0464 0.6419 0.0050 0.0077 0.0119 
         270  1 0.0074 0.0159 0.0104 0.9407 0.0164 0.0092 
         276  1 0.0846 0.0262 0.0396 0.5737 0.2533 0.0226 
         298  1 0.1279 0.0114 0.8274 0.0075 0.0148 0.0110 
         306  1 0.7185 0.0222 0.1679 0.0086 0.0099 0.0729 
         308  1 0.6342 0.0993 0.1952 0.0145 0.0085 0.0483 
         311  1 0.0832 0.0347 0.7040 0.0343 0.0103 0.1335 
         323  1 0.0049 0.0048 0.0067 0.0086 0.9677 0.0073 
         327  1 0.0093 0.3762 0.0188 0.5471 0.0238 0.0249 
         334  1 0.0163 0.0105 0.0475 0.0125 0.0047 0.9085 
         338  1 0.0757 0.0329 0.8082 0.0228 0.0305 0.0298 
         341  1 0.0069 0.0089 0.0060 0.0075 0.9617 0.0091 
         346  1 0.8731 0.0681 0.0175 0.0098 0.0215 0.0099 
         348  1 0.1562 0.0057 0.8046 0.0094 0.0076 0.0164 
         351  1 0.0307 0.0706 0.0251 0.0097 0.0150 0.8490 
         362  1 0.0065 0.0435 0.0071 0.8520 0.0838 0.0071 
         364  1 0.0151 0.0108 0.0117 0.0057 0.0109 0.9458 
         366  1 0.0102 0.0093 0.0228 0.0179 0.0138 0.9260 
         376  1 0.0184 0.0144 0.0044 0.0278 0.9286 0.0064 
         377  1 0.0248 0.4860 0.0567 0.3862 0.0251 0.0212 
         378  1 0.0135 0.9541 0.0072 0.0074 0.0129 0.0049 
         388  1 0.0123 0.0287 0.9255 0.0110 0.0097 0.0128 
         391  1 0.0333 0.3205 0.0189 0.0070 0.6076 0.0127 
         401  1 0.2451 0.0107 0.0142 0.3398 0.1184 0.2718 
         406  1 0.1838 0.0354 0.4977 0.0169 0.1813 0.0849 
         412  1 0.2836 0.0732 0.5356 0.0359 0.0375 0.0342 
         413  1 0.8909 0.0109 0.0282 0.0323 0.0051 0.0326 
         421  1 0.0618 0.0133 0.0301 0.8555 0.0194 0.0199 
         423  1 0.0153 0.0117 0.0288 0.9064 0.0111 0.0267 
         424  1 0.2512 0.0906 0.0655 0.0133 0.5414 0.0379 
         426  1 0.0259 0.8198 0.0120 0.0295 0.0898 0.0230 
         430  1 0.7530 0.0290 0.1474 0.0156 0.0448 0.0102 
         435  1 0.9446 0.0121 0.0276 0.0064 0.0046 0.0047 
         476  1 0.0204 0.0152 0.0059 0.1690 0.7620 0.0275 
         478  1 0.0075 0.0171 0.0129 0.2218 0.7130 0.0276 
         484  1 0.0490 0.0103 0.9110 0.0067 0.0167 0.0062 
         489  1 0.0099 0.8068 0.1289 0.0405 0.0067 0.0071 
         493  1 0.0088 0.0113 0.0082 0.0074 0.0065 0.9578 
         494  1 0.0084 0.0332 0.0075 0.0213 0.0094 0.9203 
         500  1 0.0045 0.0088 0.0052 0.9403 0.0337 0.0075 
         504  1 0.0168 0.0349 0.8618 0.0453 0.0094 0.0319 
         506  1 0.0054 0.0061 0.9376 0.0240 0.0210 0.0060 
