          1*  1 0.0166 0.0101 0.1078 0.0357 0.8067 0.0173 0.0057 
           3  1 0.0093 0.0063 0.0079 0.0060 0.0057 0.9598 0.0051 
           6  1 0.0118 0.0204 0.0233 0.0076 0.0070 0.9181 0.0119 
           8  1 0.0126 0.9307 0.0049 0.0239 0.0139 0.0101 0.0039 
          10  1 0.0042 0.0385 0.0052 0.9273 0.0086 0.0115 0.0046 
          11  1 0.0139 0.1265 0.1031 0.0273 0.6451 0.0279 0.0562 
          12  1 0.0044 0.0059 0.0092 0.9630 0.0047 0.0073 0.0054 
          16  1 0.0049 0.0143 0.0057 0.0085 0.0064 0.9541 0.0061 
          18  1 0.0076 0.0108 0.0049 0.0075 0.9555 0.0087 0.0049 
          19  1 0.0402 0.0490 0.0140 0.0136 0.8151 0.0155 0.0526 
          21  1 0.0055 0.0247 0.0078 0.0075 0.0066 0.9398 0.0082 
          23  1 0.0124 0.0167 0.3883 0.5012 0.0144 0.0218 0.0451 
          24  1 0.0101 0.0917 0.0168 0.5783 0.2248 0.0193 0.0588 
          25  1 0.0077 0.1011 0.2440 0.5566 0.0191 0.0615 0.0099 
         26*  1 0.0092 0.3558 0.0116 0.3154 0.0283 0.2737 0.0061 
          28  1 0.0066 0.7259 0.0147 0.1901 0.0080 0.0479 0.0067 
          29  1 0.0074 0.0324 0.0059 0.9245 0.0170 0.0069 0.0059 
          30  1 0.3811 0.1616 0.0352 0.1728 0.0329 0.2088 0.0076 
          33  1 0.0135 0.0054 0.0156 0.0055 0.9351 0.0064 0.0184 
          37  1 0.0071 0.0096 0.0120 0.0419 0.9100 0.0104 0.0090 
          38  1 0.0061 0.0100 0.0048 0.0157 0.9491 0.0095 0.0048 
          43  1 0.0092 0.1233 0.0180 0.7995 0.0088 0.0341 0.0071 
          44  1 0.0182 0.7182 0.0057 0.0066 0.0077 0.2375 0.0062 
          48  1 0.0082 0.0073 0.0061 0.0079 0.9530 0.0127 0.0048 
          55  1 0.0185 0.8094 0.0424 0.0097 0.0115 0.1005 0.0080 
          59  1 0.0091 0.0083 0.0076 0.0050 0.0081 0.9573 0.0046 
          60  1 0.0091 0.0046 0.9270 0.0315 0.0111 0.0084 0.0083 
          61  1 0.0622 0.0133 0.3685 0.0079 0.0099 0.0152 0.5230 
          62  1 0.0214 0.0254 0.1395 0.0345 0.0273 0.0170 0.7349 
          65  1 0.0213 0.0097 0.0136 0.0061 0.9321 0.0055 0.0118 
          73  1 0.7834 0.0141 0.0333 0.1456 0.0091 0.0076 0.0069 
          75  1 0.0356 0.0060 0.0049 0.0042 0.0114 0.0089 0.9289 
          76  1 0.0067 0.0052 0.0140 0.0109 0.0047 0.0058 0.9528 
          77  1 0.0058 0.0052 0.1948 0.0112 0.0082 0.0061 0.7686 
          78  1 0.6658 0.0130 0.0407 0.0177 0.0146 0.0066 0.2415 
          79  1 0.0666 0.0085 0.0093 0.0048 0.0109 0.0050 0.8948 
          84  1 0.0168 0.0329 0.0536 0.0243 0.0119 0.8324 0.0282 
          85  1 0.0117 0.9460 0.0090 0.0064 0.0102 0.0096 0.0072 
          86  1 0.0181 0.9226 0.0108 0.0145 0.0187 0.0054 0.0099 
          89  1 0.0117 0.0158 0.0735 0.1931 0.0258 0.6256 0.0545 
          94  1 0.0057 0.0095 0.0063 0.9551 0.0113 0.0068 0.0053 
          95  1 0.0142 0.0142 0.0189 0.0068 0.0137 0.9265 0.0058 
          96  1 0.0068 0.9552 0.0065 0.0120 0.0058 0.0068 0.0069 
          98  1 0.1405 0.0074 0.7857 0.0093 0.0073 0.0061 0.0438 
         102  1 0.0079 0.0072 0.0148 0.0176 0.9068 0.0308 0.0149 
         105  1 0.9632 0.0056 0.0055 0.0058 0.0089 0.0062 0.0048 
         106  1 0.3187 0.0302 0.0284 0.0051 0.0300 0.1166 0.4711 
         108  1 0.8278 0.0113 0.0391 0.0088 0.0809 0.0095 0.0225 
         109  1 0.7996 0.0159 0.1221 0.0069 0.0127 0.0127 0.0300 
         112  1 0.0102 0.3829 0.3244 0.0534 0.0389 0.0159 0.1742 
         115  1 0.0225 0.0143 0.0631 0.0649 0.8076 0.0130 0.0146 
         116  1 0.0191 0.9355 0.0062 0.0080 0.0143 0.0095 0.0073 
         117  1 0.0207 0.0652 0.0390 0.1169 0.0186 0.7251 0.0145 
         129  1 0.0075 0.8660 0.0080 0.0137 0.0088 0.0923 0.0037 
         132  1 0.0100 0.0073 0.7293 0.1683 0.0593 0.0153 0.0105 
         133  1 0.1280 0.0051 0.7940 0.0067 0.0068 0.0066 0.0527 
         137  1 0.0155 0.0135 0.4983 0.0202 0.0125 0.0120 0.4281 
         139  1 0.0114 0.0093 0.0063 0.0070 0.0135 0.0102 0.9422 
         140  1 0.8148 0.0143 0.0794 0.0062 0.0150 0.0330 0.0373 
         142  1 0.0092 0.0077 0.0418 0.0133 0.0080 0.0228 0.8972 
         144  1 0.9621 0.0048 0.0087 0.0044 0.0056 0.0079 0.0065 
         145  1 0.0158 0.0105 0.0936 0.0072 0.0092 0.0104 0.8532 
         147  1 0.9461 0.0088 0.0077 0.0046 0.0074 0.0043 0.0211 
         160  1 0.0048 0.0079 0.0058 0.9621 0.0067 0.0082 0.0046 
        162*  1 0.0069 0.9520 0.0068 0.0155 0.0058 0.0064 0.0066 
         166  1 0.0191 0.0060 0.9482 0.0050 0.0053 0.0091 0.0074 
         177  1 0.0049 0.0043 0.0066 0.0045 0.0042 0.0043 0.9711 
         178  1 0.0177 0.0141 0.0574 0.0273 0.0148 0.0089 0.8600 
         186  1 0.0039 0.0056 0.0054 0.0052 0.0044 0.9711 0.0044 
         189  1 0.0045 0.9558 0.0051 0.0124 0.0064 0.0067 0.0090 
         190  1 0.0101 0.7425 0.0313 0.1168 0.0210 0.0622 0.0161 
         191  1 0.0486 0.5507 0.0133 0.0195 0.0117 0.3297 0.0265 
         193  1 0.0317 0.0231 0.2078 0.0235 0.0167 0.0386 0.6586 
         202  1 0.0117 0.2856 0.0902 0.4455 0.1264 0.0205 0.0200 
         204  1 0.0067 0.5326 0.0062 0.0115 0.0055 0.4333 0.0041 
         211  1 0.1195 0.0093 0.6241 0.1443 0.0276 0.0160 0.0592 
         216  1 0.6539 0.0081 0.2693 0.0238 0.0076 0.0053 0.0320 
         222  1 0.8866 0.0245 0.0277 0.0062 0.0346 0.0052 0.0152 
         224  1 0.0101 0.9468 0.0059 0.0137 0.0089 0.0076 0.0070 
         226  1 0.0052 0.0081 0.0127 0.0054 0.0101 0.9534 0.0050 
         229  1 0.0469 0.6204 0.0635 0.0778 0.0909 0.0341 0.0664 
         230  1 0.0169 0.8154 0.0120 0.0375 0.0274 0.0425 0.0484 
         232  1 0.0216 0.1153 0.2401 0.3155 0.0410 0.1477 0.1188 
         238  1 0.0408 0.0475 0.0689 0.0103 0.6581 0.0075 0.1669 
         242  1 0.0079 0.0074 0.0082 0.0042 0.9620 0.0064 0.0039 
         243  1 0.0218 0.0104 0.1208 0.0084 0.7917 0.0258 0.0210 
         244  1 0.0095 0.0170 0.0296 0.0111 0.8015 0.0073 0.1240 
         251  1 0.0149 0.0456 0.0331 0.1607 0.7021 0.0104 0.0333 
         266  1 0.0132 0.0100 0.2681 0.0069 0.1959 0.0127 0.4931 
         267  1 0.7913 0.0145 0.1168 0.0072 0.0176 0.0422 0.0104 
         268  1 0.1778 0.0056 0.3695 0.0419 0.0119 0.0072 0.3862 
         270  1 0.0132 0.9084 0.0087 0.0274 0.0099 0.0256 0.0068 
         276  1 0.0388 0.5231 0.0648 0.0225 0.0209 0.2739 0.0561 
         298  1 0.6518 0.0078 0.0803 0.0136 0.0145 0.0230 0.2090 
         306  1 0.0182 0.0122 0.8454 0.0071 0.0214 0.0117 0.0839 
         308  1 0.1034 0.0146 0.0450 0.0892 0.0426 0.0081 0.6971 
         311  1 0.4220 0.0373 0.3302 0.0292 0.1283 0.0102 0.0428 
         323  1 0.0073 0.0078 0.0058 0.0048 0.0076 0.9621 0.0046 
         327  1 0.0151 0.5983 0.0380 0.2880 0.0244 0.0277 0.0084 
         334  1 0.0392 0.0177 0.0335 0.0150 0.8707 0.0048 0.0191 
         338  1 0.5025 0.0454 0.2967 0.0292 0.0325 0.0353 0.0583 
         341  1 0.0068 0.0085 0.0385 0.0080 0.0117 0.9209 0.0056 
         346  1 0.0068 0.0099 0.7361 0.0451 0.0081 0.0121 0.1820 
         348  1 0.6580 0.0099 0.0185 0.0064 0.0184 0.0082 0.2807 
         351  1 0.0108 0.0112 0.4100 0.0543 0.4845 0.0137 0.0154 
         362  1 0.0077 0.7057 0.0094 0.0937 0.0069 0.1705 0.0062 
         364  1 0.0084 0.0064 0.0263 0.0124 0.9228 0.0110 0.0126 
         366  1 0.0243 0.0173 0.0290 0.0082 0.9030 0.0115 0.0067 
         376  1 0.0040 0.0247 0.0143 0.0142 0.0071 0.9156 0.0201 
         377  1 0.0744 0.4217 0.0388 0.3969 0.0236 0.0259 0.0187 
         378  1 0.0065 0.0074 0.0162 0.9315 0.0056 0.0161 0.0166 
         388  1 0.6962 0.0129 0.2159 0.0306 0.0179 0.0121 0.0144 
         391  1 0.0160 0.0076 0.3026 0.1879 0.0127 0.4591 0.0141 
         401  1 0.0098 0.3026 0.0225 0.0156 0.2308 0.1525 0.2663 
         406  1 0.0914 0.0160 0.6870 0.0181 0.0601 0.0910 0.0364 
         412  1 0.1324 0.0332 0.6798 0.0442 0.0226 0.0276 0.0601 
         413  1 0.0484 0.0472 0.0693 0.0139 0.0390 0.0056 0.7767 
         421  1 0.0199 0.8448 0.0448 0.0119 0.0190 0.0198 0.0398 
         423  1 0.0436 0.8788 0.0105 0.0112 0.0274 0.0142 0.0143 
         424  1 0.0206 0.0128 0.6804 0.0285 0.0226 0.1983 0.0367 
         426  1 0.0145 0.0357 0.1046 0.6708 0.0295 0.1184 0.0264 
         430  1 0.0266 0.0138 0.7635 0.0137 0.0073 0.0281 0.1469 
         435  1 0.0250 0.0078 0.0360 0.0156 0.0052 0.0050 0.9053 
         476  1 0.0051 0.1356 0.0114 0.0154 0.0291 0.7808 0.0225 
         478  1 0.0117 0.1941 0.0185 0.0172 0.0274 0.7230 0.0082 
         484  1 0.6158 0.0078 0.3004 0.0103 0.0081 0.0194 0.0384 
         489  1 0.2027 0.0539 0.0696 0.6497 0.0072 0.0072 0.0097 
         493  1 0.0081 0.0082 0.0121 0.0115 0.9452 0.0070 0.0079 
         494  1 0.0088 0.0230 0.0063 0.0432 0.8990 0.0105 0.0093 
         500  1 0.0049 0.9093 0.0065 0.0096 0.0095 0.0557 0.0046 
         504  1 0.6933 0.0592 0.1028 0.0628 0.0501 0.0124 0.0194 
         506  1 0.9350 0.0186 0.0116 0.0066 0.0058 0.0177 0.0047 
