          1*  1 0.0640 0.0084 0.0225 0.8926 0.0124 
           3  1 0.0106 0.0094 0.0135 0.0089 0.9575 
           6  1 0.0089 0.0219 0.0133 0.0068 0.9490 
           8  1 0.0276 0.0044 0.0128 0.0209 0.9344 
          10  1 0.9421 0.0050 0.0048 0.0099 0.0383 
          11  1 0.0317 0.0731 0.0179 0.7814 0.0959 
          12  1 0.9776 0.0066 0.0045 0.0049 0.0064 
          16  1 0.0082 0.0070 0.0055 0.0087 0.9706 
          18  1 0.0077 0.0048 0.0071 0.9711 0.0094 
          19  1 0.0140 0.0369 0.0408 0.8728 0.0354 
          21  1 0.0092 0.0116 0.0071 0.0090 0.9631 
          23  1 0.8121 0.1398 0.0140 0.0117 0.0223 
          24  1 0.7453 0.0395 0.0086 0.1668 0.0399 
          25  1 0.8722 0.0203 0.0082 0.0154 0.0839 
         26*  1 0.2697 0.0054 0.0088 0.0210 0.6950 
          28  1 0.2855 0.0069 0.0064 0.0080 0.6932 
          29  1 0.9559 0.0057 0.0064 0.0152 0.0169 
          30  1 0.0801 0.0103 0.3810 0.0279 0.5007 
          33  1 0.0059 0.0189 0.0136 0.9562 0.0053 
          37  1 0.0351 0.0090 0.0068 0.9392 0.0100 
          38  1 0.0124 0.0045 0.0049 0.9674 0.0108 
          43  1 0.8945 0.0086 0.0080 0.0088 0.0800 
          44  1 0.0058 0.0057 0.0113 0.0062 0.9710 
          48  1 0.0084 0.0045 0.0072 0.9712 0.0087 
          55  1 0.0096 0.0104 0.0173 0.0079 0.9548 
          59  1 0.0066 0.0066 0.0107 0.0100 0.9660 
          60  1 0.2942 0.4278 0.1418 0.1271 0.0091 
          61  1 0.0094 0.9227 0.0489 0.0085 0.0105 
          62  1 0.0196 0.9249 0.0201 0.0190 0.0163 
          65  1 0.0058 0.0110 0.0214 0.9547 0.0071 
          73  1 0.0988 0.0085 0.8683 0.0121 0.0122 
          75  1 0.0047 0.8213 0.1406 0.0264 0.0071 
          76  1 0.0082 0.9744 0.0081 0.0046 0.0047 
          77  1 0.0097 0.9733 0.0059 0.0064 0.0047 
          78  1 0.0176 0.1368 0.8219 0.0142 0.0095 
          79  1 0.0052 0.8951 0.0836 0.0108 0.0053 
          84  1 0.0236 0.0435 0.0166 0.0103 0.9059 
          85  1 0.0067 0.0099 0.0140 0.0175 0.9520 
          86  1 0.0444 0.0320 0.0376 0.0998 0.7862 
          89  1 0.3896 0.0568 0.0211 0.0370 0.4954 
          94  1 0.9723 0.0050 0.0046 0.0107 0.0074 
          95  1 0.0080 0.0129 0.0214 0.0156 0.9421 
          96  1 0.0316 0.0105 0.0085 0.0080 0.9413 
          98  1 0.0143 0.4039 0.5631 0.0097 0.0090 
         102  1 0.0209 0.0158 0.0083 0.9414 0.0137 
         105  1 0.0052 0.0051 0.9740 0.0086 0.0071 
         106  1 0.0091 0.5060 0.3258 0.0448 0.1144 
         108  1 0.0116 0.0302 0.8816 0.0661 0.0105 
         109  1 0.0072 0.0176 0.9568 0.0076 0.0108 
         112  1 0.1105 0.6570 0.0153 0.0490 0.1682 
         115  1 0.0829 0.0139 0.0301 0.8618 0.0113 
         116  1 0.0119 0.0103 0.0239 0.0265 0.9274 
         117  1 0.1890 0.0238 0.0227 0.0114 0.7531 
         129  1 0.0110 0.0041 0.0057 0.0064 0.9728 
         132  1 0.6122 0.1035 0.0626 0.2117 0.0101 
         133  1 0.0099 0.4502 0.5241 0.0087 0.0071 
         137  1 0.0225 0.9361 0.0211 0.0093 0.0110 
         139  1 0.0076 0.8697 0.0690 0.0411 0.0125 
         140  1 0.0063 0.0230 0.9438 0.0099 0.0170 
         142  1 0.0101 0.9639 0.0099 0.0067 0.0093 
         144  1 0.0044 0.0062 0.9780 0.0053 0.0060 
         145  1 0.0069 0.9599 0.0140 0.0082 0.0110 
         147  1 0.0041 0.0096 0.9743 0.0058 0.0062 
         160  1 0.9751 0.0051 0.0049 0.0066 0.0083 
        162*  1 0.0418 0.0125 0.0099 0.0083 0.9275 
         166  1 0.0145 0.4391 0.5271 0.0099 0.0095 
         177  1 0.0041 0.9810 0.0064 0.0046 0.0040 
         178  1 0.0205 0.9173 0.0347 0.0179 0.0097 
         186  1 0.0096 0.0078 0.0061 0.0078 0.9687 
         189  1 0.0209 0.0138 0.0051 0.0103 0.9500 
         190  1 0.1382 0.0125 0.0083 0.0118 0.8292 
         191  1 0.0118 0.0130 0.0158 0.0074 0.9520 
         193  1 0.0248 0.8988 0.0254 0.0162 0.0348 
         202  1 0.7220 0.0248 0.0106 0.1128 0.1298 
         204  1 0.0088 0.0041 0.0054 0.0046 0.9770 
         211  1 0.4241 0.1662 0.3555 0.0442 0.0101 
         216  1 0.0272 0.0526 0.9069 0.0070 0.0063 
         222  1 0.0089 0.0129 0.9406 0.0307 0.0069 
         224  1 0.0254 0.0098 0.0121 0.0181 0.9347 
         226  1 0.0080 0.0120 0.0107 0.0307 0.9386 
         229  1 0.0551 0.0387 0.0566 0.1046 0.7450 
         230  1 0.0171 0.0439 0.0184 0.0214 0.8991 
         232  1 0.4089 0.2158 0.0254 0.0412 0.3088 
         238  1 0.0124 0.2046 0.0408 0.7222 0.0200 
         242  1 0.0047 0.0042 0.0074 0.9767 0.0070 
         243  1 0.0110 0.0467 0.0349 0.8890 0.0184 
         244  1 0.0111 0.1142 0.0103 0.8522 0.0121 
         251  1 0.1396 0.0285 0.0195 0.7871 0.0253 
         266  1 0.0105 0.8094 0.0158 0.1533 0.0110 
         267  1 0.0101 0.0120 0.9425 0.0129 0.0224 
         268  1 0.0438 0.3777 0.5601 0.0122 0.0061 
         270  1 0.0180 0.0089 0.0114 0.0120 0.9497 
         276  1 0.0206 0.0368 0.0307 0.0143 0.8975 
         298  1 0.0119 0.1655 0.8008 0.0116 0.0102 
         306  1 0.0296 0.7999 0.1147 0.0476 0.0081 
         308  1 0.0821 0.6313 0.2318 0.0436 0.0112 
         311  1 0.0395 0.1170 0.6641 0.1531 0.0263 
         323  1 0.0061 0.0089 0.0104 0.0119 0.9626 
         327  1 0.6464 0.0086 0.0157 0.0224 0.3068 
         334  1 0.0152 0.0147 0.0427 0.9203 0.0071 
         338  1 0.0373 0.0900 0.7976 0.0318 0.0433 
         341  1 0.0398 0.0399 0.0152 0.0375 0.8676 
         346  1 0.0921 0.8752 0.0134 0.0085 0.0109 
         348  1 0.0061 0.1453 0.8231 0.0172 0.0082 
         351  1 0.0938 0.0397 0.0198 0.8347 0.0120 
         362  1 0.0466 0.0057 0.0066 0.0060 0.9350 
         364  1 0.0127 0.0163 0.0097 0.9542 0.0071 
         366  1 0.0112 0.0109 0.0224 0.9405 0.0150 
         376  1 0.0187 0.0127 0.0053 0.0090 0.9542 
         377  1 0.5981 0.0264 0.0726 0.0351 0.2679 
         378  1 0.9662 0.0127 0.0062 0.0048 0.0101 
         388  1 0.0291 0.0133 0.9335 0.0134 0.0108 
         391  1 0.5392 0.2095 0.0520 0.0413 0.1580 
         401  1 0.0113 0.2075 0.0128 0.1945 0.5739 
         406  1 0.0521 0.3271 0.4507 0.1049 0.0651 
         412  1 0.0940 0.3894 0.4282 0.0316 0.0569 
         413  1 0.0112 0.9172 0.0262 0.0341 0.0114 
         421  1 0.0300 0.0796 0.0362 0.0343 0.8199 
         423  1 0.0220 0.0292 0.0976 0.0925 0.7587 
         424  1 0.1894 0.5768 0.0976 0.0699 0.0663 
         426  1 0.8780 0.0304 0.0127 0.0214 0.0575 
         430  1 0.0347 0.8308 0.1019 0.0092 0.0234 
         435  1 0.0125 0.9466 0.0307 0.0047 0.0054 
         476  1 0.0101 0.0089 0.0060 0.0164 0.9586 
         478  1 0.0135 0.0071 0.0070 0.0087 0.9637 
         484  1 0.0119 0.1076 0.8626 0.0072 0.0106 
         489  1 0.8369 0.0105 0.1264 0.0064 0.0197 
         493  1 0.0108 0.0089 0.0086 0.9644 0.0073 
         494  1 0.0339 0.0081 0.0068 0.9352 0.0161 
         500  1 0.0107 0.0051 0.0043 0.0078 0.9720 
         504  1 0.0390 0.0255 0.8572 0.0403 0.0379 
         506  1 0.0076 0.0048 0.9607 0.0055 0.0214 
