

----------------------------------------------------
STRUCTURE by Pritchard, Stephens and Donnelly (2000)
     and Falush, Stephens and Pritchard (2003)
       Code by Pritchard, Falush and Hubisz
             Version 2.3.4 (Jul 2012)
----------------------------------------------------



Command line arguments:   bin\structure -m M:\STRUCTURE\Squirrel_132_ID_14L_20250816\10k_Burnin_100k_MCMC\mainparams -e M:\STRUCTURE\Squirrel_132_ID_14L_20250816\10k_Burnin_100k_MCMC\extraparams 
Input File:    M:\STRUCTURE\Squirrel_132_ID_14L_20250816\project_data

Run parameters:
   132 individuals
   14 loci
   6 populations assumed
   10000 Burn-in period
   100000 Reps


--------------------------------------------
Proportion of membership of each pre-defined
 population in each of the 6 clusters

Given    Inferred Clusters                            Number of
 Pop       1      2      3      4      5      6      Individuals

  1:     0.174  0.146  0.127  0.186  0.189  0.178      132
--------------------------------------------

Allele-freq. divergence among pops (Net nucleotide distance),
computed using point estimates of P.

      1       2       3       4       5       6      
 1      -    0.0629  0.0848  0.0522  0.0528  0.0670  
 2   0.0629     -    0.1003  0.0744  0.0929  0.1020  
 3   0.0848  0.1003     -    0.0774  0.1124  0.0883  
 4   0.0522  0.0744  0.0774     -    0.0692  0.0759  
 5   0.0528  0.0929  0.1124  0.0692     -    0.0650  
 6   0.0670  0.1020  0.0883  0.0759  0.0650     -    

Average distances (expected heterozygosity) between individuals in same cluster:
cluster  1  : 0.6612 
cluster  2  : 0.4638 
cluster  3  : 0.4531 
cluster  4  : 0.5503 
cluster  5  : 0.5702 
cluster  6  : 0.5887 

--------------------------------------------
Estimated Ln Prob of Data   = -4217.4
Mean value of ln likelihood = -4037.4
Variance of ln likelihood   = 360.0
Mean value of alpha         = 0.0440

Mean value of lambda        = 0.9931

Mean value of Fst_1         = 0.0475
Mean value of Fst_2         = 0.2813
Mean value of Fst_3         = 0.2746
Mean value of Fst_4         = 0.1935
Mean value of Fst_5         = 0.1745
Mean value of Fst_6         = 0.1642


Inferred ancestry of individuals:
        Label (%Miss) Pop:  Inferred clusters (and 90% probability intervals)
  1       1*    (0)    1 :  0.881 0.015 0.061 0.009 0.025 0.008     (0.489,1.000) (0.000,0.100) (0.000,0.401) (0.000,0.053) (0.000,0.180) (0.000,0.044) 
  2        3    (0)    1 :  0.006 0.970 0.006 0.006 0.007 0.005     (0.000,0.030) (0.848,1.000) (0.000,0.031) (0.000,0.035) (0.000,0.041) (0.000,0.028) 
  3        6    (0)    1 :  0.007 0.931 0.009 0.024 0.014 0.016     (0.000,0.035) (0.668,1.000) (0.000,0.048) (0.000,0.167) (0.000,0.087) (0.000,0.105) 
  4        8    (0)    1 :  0.013 0.008 0.012 0.955 0.008 0.004     (0.000,0.076) (0.000,0.043) (0.000,0.071) (0.778,1.000) (0.000,0.048) (0.000,0.020) 
  5       10    (0)    1 :  0.010 0.012 0.905 0.063 0.005 0.005     (0.000,0.059) (0.000,0.077) (0.586,1.000) (0.000,0.376) (0.000,0.025) (0.000,0.028) 
  6       11    (0)    1 :  0.766 0.023 0.027 0.087 0.021 0.075     (0.000,1.000) (0.000,0.170) (0.000,0.197) (0.000,0.562) (0.000,0.143) (0.000,0.525) 
  7       12    (0)    1 :  0.005 0.007 0.973 0.006 0.005 0.006     (0.000,0.026) (0.000,0.035) (0.860,1.000) (0.000,0.031) (0.000,0.024) (0.000,0.030) 
  8       16    (7)    1 :  0.007 0.960 0.007 0.016 0.005 0.006     (0.000,0.038) (0.798,1.000) (0.000,0.037) (0.000,0.100) (0.000,0.025) (0.000,0.031) 
  9       18    (0)    1 :  0.964 0.008 0.007 0.010 0.007 0.005     (0.815,1.000) (0.000,0.044) (0.000,0.040) (0.000,0.059) (0.000,0.037) (0.000,0.025) 
 10       19    (0)    1 :  0.849 0.014 0.012 0.049 0.035 0.041     (0.346,1.000) (0.000,0.092) (0.000,0.073) (0.000,0.350) (0.000,0.232) (0.000,0.293) 
 11       21    (7)    1 :  0.007 0.944 0.007 0.029 0.005 0.008     (0.000,0.035) (0.729,1.000) (0.000,0.041) (0.000,0.201) (0.000,0.030) (0.000,0.044) 
 12       23    (7)    1 :  0.015 0.037 0.796 0.018 0.018 0.116     (0.000,0.092) (0.000,0.281) (0.362,1.000) (0.000,0.128) (0.000,0.119) (0.000,0.536) 
 13       24    (7)    1 :  0.271 0.016 0.549 0.114 0.010 0.041     (0.000,0.971) (0.000,0.111) (0.000,1.000) (0.000,0.634) (0.000,0.059) (0.000,0.286) 
 14       25    (7)    1 :  0.019 0.074 0.798 0.082 0.009 0.017     (0.000,0.130) (0.000,0.393) (0.445,1.000) (0.000,0.396) (0.000,0.054) (0.000,0.118) 
 15      26*    (0)    1 :  0.032 0.188 0.259 0.505 0.011 0.006     (0.000,0.225) (0.000,0.776) (0.000,0.679) (0.000,0.998) (0.000,0.061) (0.000,0.029) 
 16       28    (0)    1 :  0.007 0.033 0.133 0.813 0.007 0.007     (0.000,0.040) (0.000,0.244) (0.000,0.870) (0.000,1.000) (0.000,0.039) (0.000,0.045) 
 17       29    (0)    1 :  0.015 0.007 0.921 0.045 0.007 0.006     (0.000,0.100) (0.000,0.038) (0.617,1.000) (0.000,0.310) (0.000,0.037) (0.000,0.029) 
 18       30    (0)    1 :  0.036 0.200 0.087 0.189 0.478 0.010     (0.000,0.240) (0.000,0.821) (0.000,0.555) (0.000,0.824) (0.000,0.991) (0.000,0.050) 
 19       33    (0)    1 :  0.950 0.006 0.005 0.005 0.012 0.021     (0.750,1.000) (0.000,0.036) (0.000,0.030) (0.000,0.025) (0.000,0.076) (0.000,0.153) 
 20       37    (0)    1 :  0.929 0.010 0.037 0.009 0.007 0.008     (0.650,1.000) (0.000,0.060) (0.000,0.271) (0.000,0.049) (0.000,0.040) (0.000,0.048) 
 21       38    (0)    1 :  0.959 0.009 0.012 0.010 0.005 0.005     (0.794,1.000) (0.000,0.052) (0.000,0.081) (0.000,0.061) (0.000,0.026) (0.000,0.025) 
 22       43    (0)    1 :  0.010 0.032 0.807 0.133 0.010 0.008     (0.000,0.056) (0.000,0.224) (0.427,1.000) (0.000,0.529) (0.000,0.068) (0.000,0.043) 
 23       44    (0)    1 :  0.007 0.187 0.006 0.783 0.011 0.006     (0.000,0.036) (0.000,0.596) (0.000,0.031) (0.356,1.000) (0.000,0.063) (0.000,0.032) 
 24       48    (0)    1 :  0.964 0.012 0.007 0.007 0.006 0.005     (0.817,1.000) (0.000,0.071) (0.000,0.036) (0.000,0.039) (0.000,0.034) (0.000,0.025) 
 25       55    (0)    1 :  0.012 0.087 0.012 0.853 0.024 0.011     (0.000,0.077) (0.000,0.500) (0.000,0.078) (0.428,1.000) (0.000,0.180) (0.000,0.064) 
 26       59    (0)    1 :  0.007 0.969 0.004 0.008 0.008 0.005     (0.000,0.037) (0.843,1.000) (0.000,0.024) (0.000,0.042) (0.000,0.047) (0.000,0.026) 
 27       60    (0)    1 :  0.168 0.030 0.266 0.007 0.240 0.290     (0.000,0.960) (0.000,0.216) (0.000,0.969) (0.000,0.035) (0.000,0.975) (0.000,0.998) 
 28       61    (0)    1 :  0.008 0.015 0.008 0.009 0.061 0.898     (0.000,0.049) (0.000,0.098) (0.000,0.049) (0.000,0.053) (0.000,0.416) (0.522,1.000) 
 29       62    (0)    1 :  0.019 0.013 0.023 0.018 0.018 0.909     (0.000,0.131) (0.000,0.079) (0.000,0.165) (0.000,0.117) (0.000,0.121) (0.601,1.000) 
 30       65    (0)    1 :  0.946 0.006 0.006 0.009 0.022 0.011     (0.739,1.000) (0.000,0.032) (0.000,0.033) (0.000,0.049) (0.000,0.161) (0.000,0.074) 
 31       73    (0)    1 :  0.012 0.008 0.103 0.016 0.854 0.007     (0.000,0.073) (0.000,0.048) (0.000,0.442) (0.000,0.109) (0.513,1.000) (0.000,0.039) 
 32       75    (0)    1 :  0.016 0.009 0.004 0.005 0.063 0.902     (0.000,0.106) (0.000,0.060) (0.000,0.022) (0.000,0.031) (0.000,0.434) (0.511,1.000) 
 33       76    (0)    1 :  0.005 0.005 0.008 0.004 0.008 0.970     (0.000,0.025) (0.000,0.028) (0.000,0.048) (0.000,0.023) (0.000,0.045) (0.846,1.000) 
 34       77    (0)    1 :  0.006 0.005 0.010 0.004 0.006 0.968     (0.000,0.035) (0.000,0.027) (0.000,0.058) (0.000,0.023) (0.000,0.033) (0.839,1.000) 
 35       78    (0)    1 :  0.012 0.006 0.017 0.013 0.828 0.124     (0.000,0.072) (0.000,0.031) (0.000,0.121) (0.000,0.086) (0.249,1.000) (0.000,0.703) 
 36       79    (0)    1 :  0.011 0.004 0.004 0.007 0.069 0.904     (0.000,0.073) (0.000,0.022) (0.000,0.023) (0.000,0.046) (0.000,0.411) (0.555,1.000) 
 37       84    (0)    1 :  0.012 0.871 0.021 0.041 0.023 0.031     (0.000,0.077) (0.523,1.000) (0.000,0.152) (0.000,0.276) (0.000,0.167) (0.000,0.223) 
 38       85    (0)    1 :  0.010 0.009 0.006 0.957 0.011 0.007     (0.000,0.058) (0.000,0.050) (0.000,0.035) (0.780,1.000) (0.000,0.064) (0.000,0.042) 
 39       86    (0)    1 :  0.024 0.005 0.016 0.930 0.015 0.010     (0.000,0.166) (0.000,0.027) (0.000,0.114) (0.677,1.000) (0.000,0.104) (0.000,0.054) 
 40       89    (0)    1 :  0.031 0.645 0.237 0.016 0.016 0.055     (0.000,0.228) (0.243,0.993) (0.000,0.655) (0.000,0.097) (0.000,0.103) (0.000,0.349) 
 41       94    (0)    1 :  0.012 0.006 0.964 0.008 0.005 0.005     (0.000,0.067) (0.000,0.035) (0.817,1.000) (0.000,0.048) (0.000,0.027) (0.000,0.027) 
 42       95    (0)    1 :  0.014 0.937 0.007 0.019 0.016 0.007     (0.000,0.083) (0.689,1.000) (0.000,0.037) (0.000,0.129) (0.000,0.106) (0.000,0.036) 
 43       96    (0)    1 :  0.005 0.006 0.010 0.966 0.005 0.007     (0.000,0.028) (0.000,0.034) (0.000,0.057) (0.825,1.000) (0.000,0.029) (0.000,0.039) 
 44       98    (0)    1 :  0.010 0.010 0.013 0.009 0.783 0.176     (0.000,0.053) (0.000,0.056) (0.000,0.086) (0.000,0.051) (0.000,1.000) (0.000,0.998) 
 45      102    (0)    1 :  0.919 0.033 0.018 0.007 0.008 0.015     (0.651,1.000) (0.000,0.233) (0.000,0.126) (0.000,0.040) (0.000,0.049) (0.000,0.106) 
 46      105    (0)    1 :  0.009 0.007 0.006 0.006 0.967 0.005     (0.000,0.058) (0.000,0.040) (0.000,0.031) (0.000,0.033) (0.837,1.000) (0.000,0.027) 
 47      106    (0)    1 :  0.030 0.141 0.006 0.037 0.313 0.473     (0.000,0.200) (0.000,0.489) (0.000,0.034) (0.000,0.256) (0.000,0.867) (0.000,0.999) 
 48      108    (0)    1 :  0.067 0.010 0.010 0.011 0.877 0.025     (0.000,0.423) (0.000,0.059) (0.000,0.061) (0.000,0.067) (0.479,1.000) (0.000,0.176) 
 49      109    (0)    1 :  0.008 0.010 0.006 0.013 0.947 0.017     (0.000,0.041) (0.000,0.064) (0.000,0.031) (0.000,0.085) (0.738,1.000) (0.000,0.106) 
 50      112    (0)    1 :  0.043 0.018 0.076 0.275 0.014 0.573     (0.000,0.307) (0.000,0.120) (0.000,0.529) (0.000,0.907) (0.000,0.083) (0.000,1.000) 
 51      115    (0)    1 :  0.872 0.011 0.066 0.012 0.026 0.012     (0.474,1.000) (0.000,0.068) (0.000,0.398) (0.000,0.069) (0.000,0.189) (0.000,0.072) 
 52      116    (0)    1 :  0.012 0.008 0.007 0.954 0.012 0.007     (0.000,0.076) (0.000,0.047) (0.000,0.034) (0.764,1.000) (0.000,0.076) (0.000,0.037) 
 53      117    (0)    1 :  0.017 0.762 0.112 0.066 0.026 0.017     (0.000,0.113) (0.000,1.000) (0.000,0.813) (0.000,0.428) (0.000,0.168) (0.000,0.108) 
 54      129    (0)    1 :  0.008 0.054 0.010 0.917 0.007 0.004     (0.000,0.048) (0.000,0.362) (0.000,0.054) (0.594,1.000) (0.000,0.039) (0.000,0.021) 
 55      132    (0)    1 :  0.264 0.022 0.538 0.007 0.092 0.077     (0.000,0.985) (0.000,0.156) (0.000,1.000) (0.000,0.038) (0.000,0.589) (0.000,0.511) 
 56      133    (0)    1 :  0.009 0.011 0.011 0.005 0.753 0.211     (0.000,0.048) (0.000,0.067) (0.000,0.069) (0.000,0.029) (0.000,1.000) (0.000,0.999) 
 57      137    (7)    1 :  0.011 0.013 0.025 0.010 0.036 0.906     (0.000,0.063) (0.000,0.081) (0.000,0.175) (0.000,0.056) (0.000,0.250) (0.556,1.000) 
 58      139    (0)    1 :  0.024 0.011 0.006 0.010 0.028 0.922     (0.000,0.161) (0.000,0.069) (0.000,0.035) (0.000,0.059) (0.000,0.181) (0.616,1.000) 
 59      140    (0)    1 :  0.010 0.017 0.006 0.011 0.933 0.023     (0.000,0.059) (0.000,0.119) (0.000,0.031) (0.000,0.060) (0.670,1.000) (0.000,0.158) 
 60      142    (0)    1 :  0.006 0.017 0.009 0.006 0.010 0.951     (0.000,0.035) (0.000,0.114) (0.000,0.056) (0.000,0.033) (0.000,0.059) (0.756,1.000) 
 61      144    (0)    1 :  0.005 0.007 0.004 0.005 0.974 0.005     (0.000,0.027) (0.000,0.038) (0.000,0.023) (0.000,0.026) (0.867,1.000) (0.000,0.028) 
 62      145    (0)    1 :  0.008 0.010 0.007 0.009 0.014 0.951     (0.000,0.046) (0.000,0.060) (0.000,0.038) (0.000,0.049) (0.000,0.093) (0.755,1.000) 
 63      147    (0)    1 :  0.006 0.004 0.004 0.010 0.968 0.008     (0.000,0.034) (0.000,0.021) (0.000,0.021) (0.000,0.059) (0.838,1.000) (0.000,0.043) 
 64      160    (0)    1 :  0.006 0.008 0.969 0.008 0.005 0.005     (0.000,0.036) (0.000,0.043) (0.845,1.000) (0.000,0.041) (0.000,0.025) (0.000,0.024) 
 65     162*    (0)    1 :  0.005 0.005 0.012 0.964 0.006 0.007     (0.000,0.029) (0.000,0.029) (0.000,0.070) (0.818,1.000) (0.000,0.034) (0.000,0.040) 
 66      166    (0)    1 :  0.011 0.015 0.011 0.007 0.710 0.246     (0.000,0.057) (0.000,0.094) (0.000,0.047) (0.000,0.036) (0.000,1.000) (0.000,1.000) 
 67      177    (0)    1 :  0.004 0.004 0.004 0.004 0.006 0.978     (0.000,0.022) (0.000,0.022) (0.000,0.021) (0.000,0.020) (0.000,0.027) (0.892,1.000) 
 68      178    (0)    1 :  0.019 0.008 0.023 0.013 0.038 0.899     (0.000,0.131) (0.000,0.047) (0.000,0.168) (0.000,0.089) (0.000,0.262) (0.586,1.000) 
 69      186    (0)    1 :  0.005 0.977 0.005 0.005 0.004 0.004     (0.000,0.024) (0.881,1.000) (0.000,0.029) (0.000,0.028) (0.000,0.020) (0.000,0.023) 
 70      189    (0)    1 :  0.006 0.006 0.011 0.965 0.004 0.008     (0.000,0.033) (0.000,0.036) (0.000,0.067) (0.824,1.000) (0.000,0.022) (0.000,0.045) 
 71      190    (0)    1 :  0.024 0.052 0.096 0.796 0.012 0.019     (0.000,0.166) (0.000,0.346) (0.000,0.686) (0.101,1.000) (0.000,0.070) (0.000,0.131) 
 72      191    (0)    1 :  0.010 0.282 0.020 0.631 0.029 0.027     (0.000,0.058) (0.000,0.869) (0.000,0.137) (0.000,1.000) (0.000,0.220) (0.000,0.196) 
 73      193    (0)    1 :  0.015 0.044 0.023 0.019 0.030 0.868     (0.000,0.096) (0.000,0.321) (0.000,0.161) (0.000,0.115) (0.000,0.223) (0.445,1.000) 
 74      202    (0)    1 :  0.120 0.021 0.584 0.244 0.010 0.021     (0.000,0.623) (0.000,0.147) (0.106,0.999) (0.000,0.706) (0.000,0.055) (0.000,0.144) 
 75      204    (0)    1 :  0.005 0.288 0.010 0.686 0.006 0.004     (0.000,0.029) (0.000,1.000) (0.000,0.056) (0.000,1.000) (0.000,0.033) (0.000,0.024) 
 76      211    (0)    1 :  0.046 0.014 0.393 0.008 0.425 0.114     (0.000,0.331) (0.000,0.090) (0.000,0.997) (0.000,0.046) (0.000,1.000) (0.000,0.667) 
 77      216    (0)    1 :  0.007 0.005 0.022 0.006 0.925 0.035     (0.000,0.035) (0.000,0.028) (0.000,0.158) (0.000,0.035) (0.644,1.000) (0.000,0.230) 
 78      222    (0)    1 :  0.031 0.004 0.009 0.025 0.914 0.017     (0.000,0.223) (0.000,0.022) (0.000,0.040) (0.000,0.169) (0.576,1.000) (0.000,0.094) 
 79      224    (0)    1 :  0.008 0.007 0.012 0.959 0.008 0.006     (0.000,0.042) (0.000,0.036) (0.000,0.069) (0.796,1.000) (0.000,0.042) (0.000,0.034) 
 80      226    (0)    1 :  0.010 0.966 0.006 0.007 0.006 0.006     (0.000,0.058) (0.831,1.000) (0.000,0.031) (0.000,0.039) (0.000,0.031) (0.000,0.030) 
 81      229    (0)    1 :  0.098 0.033 0.044 0.660 0.088 0.077     (0.000,0.619) (0.000,0.238) (0.000,0.328) (0.000,1.000) (0.000,0.540) (0.000,0.390) 
 82      230    (0)    1 :  0.029 0.035 0.024 0.848 0.017 0.047     (0.000,0.170) (0.000,0.249) (0.000,0.155) (0.408,1.000) (0.000,0.121) (0.000,0.301) 
 83      232    (0)    1 :  0.044 0.195 0.396 0.104 0.034 0.227     (0.000,0.317) (0.000,0.700) (0.000,0.923) (0.000,0.623) (0.000,0.247) (0.000,0.771) 
 84      238    (0)    1 :  0.706 0.007 0.011 0.034 0.047 0.194     (0.109,1.000) (0.000,0.040) (0.000,0.070) (0.000,0.250) (0.000,0.346) (0.000,0.656) 
 85      242    (0)    1 :  0.971 0.006 0.004 0.007 0.007 0.004     (0.852,1.000) (0.000,0.035) (0.000,0.023) (0.000,0.038) (0.000,0.042) (0.000,0.022) 
 86      243    (0)    1 :  0.871 0.031 0.010 0.010 0.044 0.034     (0.495,1.000) (0.000,0.229) (0.000,0.063) (0.000,0.059) (0.000,0.323) (0.000,0.246) 
 87      244    (0)    1 :  0.828 0.007 0.011 0.016 0.010 0.128     (0.403,1.000) (0.000,0.037) (0.000,0.068) (0.000,0.111) (0.000,0.063) (0.000,0.553) 
 88      251    (0)    1 :  0.774 0.010 0.127 0.042 0.018 0.028     (0.291,1.000) (0.000,0.059) (0.000,0.594) (0.000,0.320) (0.000,0.116) (0.000,0.184) 
 89      266    (0)    1 :  0.200 0.014 0.009 0.009 0.023 0.744     (0.000,0.657) (0.000,0.099) (0.000,0.052) (0.000,0.058) (0.000,0.153) (0.284,1.000) 
 90      267    (0)    1 :  0.013 0.034 0.008 0.014 0.922 0.010     (0.000,0.084) (0.000,0.253) (0.000,0.043) (0.000,0.089) (0.632,1.000) (0.000,0.054) 
 91      268    (0)    1 :  0.011 0.008 0.045 0.005 0.680 0.251     (0.000,0.065) (0.000,0.048) (0.000,0.304) (0.000,0.028) (0.000,1.000) (0.000,0.998) 
 92      270    (0)    1 :  0.008 0.018 0.016 0.940 0.010 0.007     (0.000,0.048) (0.000,0.115) (0.000,0.106) (0.707,1.000) (0.000,0.061) (0.000,0.040) 
 93      276    (0)    1 :  0.020 0.241 0.023 0.599 0.041 0.075     (0.000,0.132) (0.000,0.847) (0.000,0.155) (0.000,1.000) (0.000,0.304) (0.000,0.476) 
 94      298    (7)    1 :  0.011 0.015 0.010 0.006 0.852 0.105     (0.000,0.062) (0.000,0.102) (0.000,0.060) (0.000,0.036) (0.180,1.000) (0.000,0.748) 
 95      306    (0)    1 :  0.080 0.012 0.026 0.009 0.176 0.698     (0.000,0.609) (0.000,0.071) (0.000,0.160) (0.000,0.047) (0.000,0.826) (0.000,1.000) 
 96      308    (0)    1 :  0.046 0.008 0.100 0.014 0.196 0.636     (0.000,0.335) (0.000,0.049) (0.000,0.458) (0.000,0.093) (0.000,0.816) (0.000,1.000) 
 97      311    (7)    1 :  0.158 0.011 0.034 0.035 0.684 0.078     (0.000,0.908) (0.000,0.065) (0.000,0.242) (0.000,0.258) (0.000,1.000) (0.000,0.521) 
 98      323    (0)    1 :  0.008 0.970 0.005 0.008 0.006 0.004     (0.000,0.045) (0.845,1.000) (0.000,0.024) (0.000,0.045) (0.000,0.032) (0.000,0.023) 
 99      327    (0)    1 :  0.025 0.022 0.367 0.559 0.017 0.009     (0.000,0.177) (0.000,0.154) (0.000,0.995) (0.000,1.000) (0.000,0.115) (0.000,0.056) 
100      334    (0)    1 :  0.916 0.005 0.010 0.013 0.042 0.015     (0.598,1.000) (0.000,0.024) (0.000,0.056) (0.000,0.069) (0.000,0.297) (0.000,0.094) 
101      338    (0)    1 :  0.024 0.029 0.028 0.024 0.821 0.073     (0.000,0.149) (0.000,0.218) (0.000,0.206) (0.000,0.162) (0.268,1.000) (0.000,0.492) 
102      341    (0)    1 :  0.008 0.962 0.009 0.008 0.006 0.007     (0.000,0.046) (0.811,1.000) (0.000,0.048) (0.000,0.044) (0.000,0.034) (0.000,0.039) 
103      346    (0)    1 :  0.010 0.022 0.075 0.010 0.019 0.864     (0.000,0.055) (0.000,0.153) (0.000,0.564) (0.000,0.055) (0.000,0.105) (0.265,1.000) 
104      348    (0)    1 :  0.018 0.007 0.006 0.010 0.791 0.168     (0.000,0.112) (0.000,0.040) (0.000,0.034) (0.000,0.054) (0.000,1.000) (0.000,0.925) 
105      351    (0)    1 :  0.823 0.016 0.095 0.010 0.026 0.031     (0.183,1.000) (0.000,0.104) (0.000,0.572) (0.000,0.051) (0.000,0.175) (0.000,0.227) 
106      362    (0)    1 :  0.006 0.097 0.044 0.840 0.007 0.006     (0.000,0.034) (0.000,0.727) (0.000,0.325) (0.000,1.000) (0.000,0.036) (0.000,0.033) 
107      364    (0)    1 :  0.947 0.011 0.011 0.006 0.011 0.015     (0.735,1.000) (0.000,0.064) (0.000,0.068) (0.000,0.031) (0.000,0.064) (0.000,0.095) 
108      366    (0)    1 :  0.931 0.013 0.009 0.017 0.020 0.010     (0.667,1.000) (0.000,0.079) (0.000,0.051) (0.000,0.111) (0.000,0.137) (0.000,0.059) 
109      376    (0)    1 :  0.007 0.931 0.014 0.025 0.005 0.018     (0.000,0.042) (0.689,1.000) (0.000,0.091) (0.000,0.182) (0.000,0.023) (0.000,0.124) 
110      377    (7)    1 :  0.019 0.027 0.482 0.398 0.054 0.020     (0.000,0.119) (0.000,0.189) (0.000,0.995) (0.000,0.994) (0.000,0.339) (0.000,0.121) 
111      378    (0)    1 :  0.005 0.013 0.954 0.007 0.007 0.014     (0.000,0.025) (0.000,0.088) (0.778,1.000) (0.000,0.037) (0.000,0.039) (0.000,0.100) 
112      388    (0)    1 :  0.014 0.010 0.028 0.011 0.924 0.014     (0.000,0.078) (0.000,0.060) (0.000,0.209) (0.000,0.072) (0.637,1.000) (0.000,0.077) 
113      391    (0)    1 :  0.014 0.615 0.316 0.007 0.016 0.032     (0.000,0.084) (0.153,0.968) (0.000,0.702) (0.000,0.036) (0.000,0.103) (0.000,0.226) 
114      401    (0)    1 :  0.282 0.133 0.012 0.317 0.013 0.243     (0.000,0.913) (0.000,0.651) (0.000,0.067) (0.000,0.749) (0.000,0.075) (0.000,0.688) 
115      406    (0)    1 :  0.091 0.173 0.037 0.014 0.525 0.159     (0.000,0.719) (0.000,0.746) (0.000,0.268) (0.000,0.088) (0.000,1.000) (0.000,0.939) 
116      412    (7)    1 :  0.035 0.035 0.079 0.038 0.558 0.254     (0.000,0.228) (0.000,0.264) (0.000,0.537) (0.000,0.285) (0.000,1.000) (0.000,0.999) 
117      413    (0)    1 :  0.031 0.005 0.010 0.032 0.026 0.896     (0.000,0.227) (0.000,0.028) (0.000,0.062) (0.000,0.229) (0.000,0.186) (0.544,1.000) 
118      421    (0)    1 :  0.021 0.019 0.012 0.857 0.030 0.060     (0.000,0.144) (0.000,0.138) (0.000,0.074) (0.490,1.000) (0.000,0.218) (0.000,0.377) 
119      423    (0)    1 :  0.025 0.009 0.011 0.912 0.029 0.014     (0.000,0.161) (0.000,0.055) (0.000,0.067) (0.575,1.000) (0.000,0.204) (0.000,0.084) 
120      424    (0)    1 :  0.037 0.548 0.104 0.011 0.073 0.226     (0.000,0.264) (0.000,1.000) (0.000,0.637) (0.000,0.071) (0.000,0.510) (0.000,0.936) 
121      426    (0)    1 :  0.024 0.087 0.820 0.029 0.012 0.027     (0.000,0.171) (0.000,0.504) (0.388,1.000) (0.000,0.207) (0.000,0.071) (0.000,0.193) 
122      430    (7)    1 :  0.011 0.044 0.029 0.015 0.155 0.746     (0.000,0.061) (0.000,0.320) (0.000,0.198) (0.000,0.094) (0.000,0.771) (0.000,1.000) 
123      435    (0)    1 :  0.004 0.005 0.012 0.006 0.028 0.945     (0.000,0.023) (0.000,0.025) (0.000,0.076) (0.000,0.032) (0.000,0.200) (0.727,1.000) 
124      476    (0)    1 :  0.031 0.777 0.016 0.153 0.005 0.019     (0.000,0.206) (0.306,1.000) (0.000,0.105) (0.000,0.637) (0.000,0.027) (0.000,0.137) 
125      478    (0)    1 :  0.029 0.722 0.017 0.209 0.014 0.008     (0.000,0.209) (0.217,1.000) (0.000,0.112) (0.000,0.724) (0.000,0.097) (0.000,0.047) 
126      484    (0)    1 :  0.007 0.015 0.009 0.007 0.910 0.052     (0.000,0.037) (0.000,0.101) (0.000,0.054) (0.000,0.038) (0.532,1.000) (0.000,0.376) 
127      489    (0)    1 :  0.006 0.007 0.805 0.051 0.122 0.009     (0.000,0.032) (0.000,0.036) (0.360,1.000) (0.000,0.354) (0.000,0.535) (0.000,0.047) 
128      493    (0)    1 :  0.959 0.007 0.010 0.008 0.008 0.008     (0.797,1.000) (0.000,0.038) (0.000,0.064) (0.000,0.043) (0.000,0.044) (0.000,0.046) 
129      494    (0)    1 :  0.921 0.010 0.034 0.019 0.007 0.009     (0.632,1.000) (0.000,0.058) (0.000,0.250) (0.000,0.132) (0.000,0.042) (0.000,0.054) 
130      500    (0)    1 :  0.008 0.037 0.008 0.938 0.005 0.004     (0.000,0.041) (0.000,0.254) (0.000,0.048) (0.678,1.000) (0.000,0.024) (0.000,0.023) 
131      504    (0)    1 :  0.036 0.009 0.033 0.050 0.856 0.017     (0.000,0.244) (0.000,0.050) (0.000,0.226) (0.000,0.316) (0.487,1.000) (0.000,0.088) 
132      506    (0)    1 :  0.006 0.020 0.007 0.023 0.939 0.005     (0.000,0.031) (0.000,0.142) (0.000,0.036) (0.000,0.167) (0.692,1.000) (0.000,0.025) 


Estimated Allele Frequencies in each cluster
First column gives estimated ancestral frequencies


Locus 1 : Rsu5 
5 alleles
0.0% missing data
 137   (0.727) 0.681 0.954 0.858 0.963 0.601 0.801 
 135   (0.093) 0.106 0.032 0.075 0.009 0.018 0.059 
 139   (0.103) 0.173 0.009 0.060 0.021 0.011 0.081 
 133   (0.025) 0.023 0.002 0.002 0.002 0.002 0.003 
 131   (0.051) 0.017 0.003 0.004 0.004 0.368 0.058 

Locus 2 : Scv1 
5 alleles
0.0% missing data
 181   (0.551) 0.654 0.946 0.687 0.607 0.355 0.345 
 179   (0.187) 0.176 0.018 0.110 0.136 0.177 0.263 
 177   (0.113) 0.067 0.024 0.189 0.015 0.229 0.110 
 185   (0.121) 0.066 0.010 0.011 0.240 0.236 0.278 
 171   (0.029) 0.038 0.002 0.003 0.003 0.003 0.003 

Locus 3 : Rsu4 
9 alleles
0.0% missing data
 267   (0.203) 0.277 0.140 0.072 0.280 0.137 0.061 
 263   (0.315) 0.263 0.541 0.736 0.233 0.342 0.484 
 259   (0.054) 0.018 0.195 0.038 0.241 0.005 0.006 
 287   (0.181) 0.142 0.105 0.112 0.199 0.246 0.152 
 275   (0.043) 0.095 0.003 0.004 0.004 0.004 0.013 
 279   (0.069) 0.090 0.007 0.015 0.008 0.011 0.174 
 283   (0.068) 0.047 0.005 0.006 0.006 0.248 0.103 
 291   (0.040) 0.030 0.003 0.015 0.027 0.004 0.005 
 271   (0.027) 0.038 0.002 0.002 0.002 0.003 0.003 

Locus 4 : Rsu6 
5 alleles
0.0% missing data
 120   (0.268) 0.226 0.280 0.511 0.263 0.163 0.239 
 126   (0.581) 0.628 0.576 0.431 0.505 0.819 0.743 
 124   (0.091) 0.066 0.140 0.053 0.209 0.012 0.012 
 130   (0.035) 0.071 0.002 0.003 0.003 0.003 0.004 
 114   (0.025) 0.009 0.002 0.002 0.019 0.002 0.003 

Locus 5 : Scv23 
3 alleles
0.8% missing data
 158   (0.508) 0.468 0.374 0.503 0.738 0.668 0.573 
 164   (0.201) 0.257 0.435 0.129 0.056 0.162 0.049 
 160   (0.291) 0.275 0.191 0.368 0.206 0.169 0.378 

Locus 6 : Scv13 
5 alleles
0.0% missing data
 182   (0.720) 0.686 0.811 0.969 0.903 0.885 0.686 
 180   (0.093) 0.115 0.156 0.014 0.074 0.009 0.014 
 172   (0.081) 0.067 0.007 0.008 0.007 0.086 0.181 
 184   (0.068) 0.110 0.024 0.007 0.013 0.016 0.013 
 174   (0.038) 0.023 0.003 0.003 0.003 0.004 0.105 

Locus 7 : Scv32 
18 alleles
0.0% missing data
 236   (0.036) 0.114 0.002 0.003 0.003 0.004 0.005 
 238   (0.057) 0.040 0.005 0.029 0.005 0.120 0.044 
 234   (0.123) 0.067 0.352 0.091 0.023 0.182 0.591 
 246   (0.051) 0.018 0.295 0.011 0.176 0.007 0.010 
 248   (0.084) 0.129 0.007 0.373 0.144 0.019 0.010 
 262   (0.100) 0.070 0.018 0.144 0.247 0.080 0.067 
 232   (0.181) 0.314 0.140 0.018 0.160 0.319 0.095 
 250   (0.027) 0.009 0.004 0.255 0.003 0.003 0.003 
 228   (0.023) 0.036 0.002 0.003 0.002 0.002 0.003 
 220   (0.043) 0.018 0.072 0.014 0.193 0.004 0.005 
 264   (0.059) 0.053 0.065 0.021 0.007 0.009 0.048 
 252   (0.044) 0.016 0.004 0.005 0.016 0.066 0.058 
 254   (0.050) 0.031 0.003 0.011 0.004 0.088 0.045 
 242   (0.026) 0.038 0.002 0.002 0.002 0.002 0.003 
 266   (0.025) 0.010 0.002 0.002 0.002 0.053 0.004 
 244   (0.029) 0.011 0.002 0.015 0.010 0.039 0.004 
 226   (0.021) 0.007 0.024 0.002 0.002 0.002 0.002 
 240   (0.019) 0.020 0.001 0.002 0.002 0.002 0.003 

Locus 8 : Scv8 
6 alleles
0.0% missing data
 200   (0.617) 0.659 0.840 0.827 0.678 0.680 0.481 
 202   (0.095) 0.143 0.007 0.012 0.009 0.087 0.067 
 194   (0.094) 0.045 0.138 0.026 0.114 0.010 0.147 
 204   (0.053) 0.032 0.005 0.117 0.034 0.005 0.008 
 198   (0.069) 0.082 0.005 0.013 0.160 0.007 0.015 
 188   (0.072) 0.038 0.005 0.006 0.006 0.211 0.282 

Locus 9 : Scv9 
5 alleles
0.0% missing data
 198   (0.299) 0.227 0.436 0.513 0.112 0.353 0.550 
 200   (0.367) 0.482 0.360 0.348 0.527 0.247 0.110 
 196   (0.264) 0.266 0.037 0.132 0.354 0.387 0.258 
 204   (0.046) 0.016 0.165 0.005 0.004 0.010 0.061 
 202   (0.025) 0.008 0.002 0.002 0.002 0.003 0.020 

Locus 10 : Rsu1 
6 alleles
0.0% missing data
 189   (0.303) 0.482 0.482 0.092 0.057 0.151 0.260 
 185   (0.269) 0.208 0.181 0.065 0.256 0.741 0.256 
 177   (0.085) 0.055 0.010 0.011 0.143 0.045 0.036 
 181   (0.236) 0.219 0.050 0.772 0.200 0.053 0.436 
 193   (0.061) 0.021 0.073 0.055 0.250 0.006 0.007 
 197   (0.046) 0.015 0.204 0.005 0.095 0.004 0.005 

Locus 11 : Scv14 
7 alleles
4.5% missing data
 196   (0.526) 0.452 0.916 0.856 0.772 0.568 0.656 
 198   (0.093) 0.120 0.008 0.046 0.008 0.062 0.098 
 194   (0.149) 0.185 0.024 0.054 0.088 0.051 0.157 
 202   (0.163) 0.198 0.046 0.021 0.121 0.312 0.068 
 204   (0.024) 0.022 0.002 0.002 0.002 0.002 0.003 
 190   (0.023) 0.010 0.002 0.018 0.006 0.002 0.003 
 200   (0.023) 0.012 0.002 0.002 0.002 0.002 0.015 

Locus 12 : Scv16 
7 alleles
0.0% missing data
 182   (0.380) 0.297 0.224 0.733 0.562 0.390 0.616 
 184   (0.419) 0.520 0.752 0.245 0.281 0.531 0.221 
 188   (0.072) 0.114 0.015 0.006 0.145 0.007 0.008 
 200   (0.023) 0.022 0.002 0.002 0.002 0.002 0.002 
 198   (0.044) 0.015 0.003 0.009 0.004 0.042 0.092 
 190   (0.039) 0.013 0.003 0.004 0.003 0.025 0.057 
 186   (0.023) 0.020 0.002 0.002 0.002 0.003 0.005 

Locus 13 : Scv31 
15 alleles
3.0% missing data
 193   (0.109) 0.101 0.015 0.610 0.024 0.193 0.031 
 201   (0.122) 0.198 0.025 0.073 0.058 0.053 0.015 
 187   (0.090) 0.036 0.281 0.054 0.278 0.102 0.010 
 207   (0.039) 0.013 0.340 0.003 0.045 0.004 0.004 
 195   (0.066) 0.023 0.008 0.038 0.126 0.176 0.021 
 185   (0.168) 0.153 0.244 0.030 0.031 0.257 0.334 
 189   (0.067) 0.172 0.005 0.124 0.006 0.007 0.007 
 205   (0.026) 0.022 0.002 0.002 0.003 0.003 0.003 
 191   (0.118) 0.065 0.064 0.046 0.350 0.018 0.515 
 197   (0.028) 0.010 0.005 0.004 0.005 0.135 0.003 
 199   (0.063) 0.067 0.004 0.006 0.006 0.041 0.046 
 203   (0.030) 0.055 0.002 0.002 0.003 0.003 0.003 
 209   (0.027) 0.037 0.002 0.003 0.002 0.003 0.004 
 213   (0.025) 0.037 0.002 0.002 0.002 0.003 0.003 
 181   (0.023) 0.007 0.002 0.002 0.060 0.002 0.002 

Locus 14 : Scv6 
8 alleles
0.0% missing data
 191   (0.110) 0.173 0.008 0.216 0.175 0.021 0.012 
 195   (0.364) 0.311 0.667 0.495 0.490 0.555 0.269 
 197   (0.216) 0.135 0.263 0.245 0.296 0.226 0.284 
 201   (0.077) 0.146 0.005 0.018 0.007 0.009 0.107 
 205   (0.028) 0.039 0.002 0.002 0.002 0.003 0.003 
 193   (0.090) 0.105 0.007 0.009 0.009 0.121 0.150 
 199   (0.087) 0.053 0.047 0.013 0.018 0.063 0.172 
 181   (0.027) 0.038 0.002 0.002 0.002 0.003 0.003 

Values of parameters used in structure:
DATAFILE=M:\STRUCTURE\Squirrel_132_ID_14L_20250816\project_data,	OUTFILE=M:\STRUCTURE\Squirrel_132_ID_14L_20250816\10k_Burnin_100k_MCMC\Results\10k_Burnin_100k_MCMC_run_129,	NUMINDS=132,	NUMLOCI=14,	MISSING=-9,	LABEL=1,	POPDATA=1,	POPFLAG=0,	PHENOTYPE=0,	EXTRACOLS=1,	MAXPOPS=6,	BURNIN=10000,	NUMREPS=100000,	USEPOPINFO=0,	INFERALPHA=1,	INFERLAMBDA=1,	POPSPECIFICLAMBDA=0,	POPALPHAS=0,	COMPUTEPROB=1,	NOADMIX=0,	ADMBURNIN=2500,	UPDATEFREQ=1,	PRINTLIKES=0,	INTERMEDSAVE=0,	PRINTKLD=0,	PRINTNET=0,	PRINTLAMBDA=0,	ANCESTDIST=1,	NUMBOXES=1000,	ANCESTPINT=0.90000,	GENSBACK=2,	MIGRPRIOR=0.05000,	PRINTQHAT=1,	PRINTQSUM=0,	ALPHA=1.0000,	FREQSCORR=1,	FPRIORMEAN=0.0100,	FPRIORSD=0.0500,	ONEFST=0,	LAMBDA=1.0000,	UNIFPRIORALPHA=1,	ALPHAMAX=10.0000,	ALPHAPRIORA=1.0000,	ALPHAPRIORB=2.0000,	ALPHAPROPSD=0.0250,	STARTATPOPINFO=0,	RANDOMIZE=1,	LINKAGE=0,	METROFREQ=10,	REPORTHITRATE=0,	MARKOVPHASE=-1,	PHASED=0,	PLOIDY=2,	PHASEINFO=0	LOCPRIOR=0, 	LOCPRIORINIT=1.000000, 	LOCDATA=0, 	LOCISPOP=0, 	LOCPRIORSTEP=0.100000, 	MAXLOCPRIOR=20.000000, 	SEED=1763822808,	
[STRAT parameters]:    NUMSIMSTATS=1000,	PHENOTYPECOL=-9,	POOLFREQ=10,	LOCUSxONLY=0,	EMERROR=0.00100,	MISSINGPHENO=-9,	