

----------------------------------------------------
STRUCTURE by Pritchard, Stephens and Donnelly (2000)
     and Falush, Stephens and Pritchard (2003)
       Code by Pritchard, Falush and Hubisz
             Version 2.3.4 (Jul 2012)
----------------------------------------------------



Command line arguments:   bin\structure -m M:\STRUCTURE\Squirrel_132_ID_14L_20250816\10k_Burnin_100k_MCMC\mainparams -e M:\STRUCTURE\Squirrel_132_ID_14L_20250816\10k_Burnin_100k_MCMC\extraparams 
Input File:    M:\STRUCTURE\Squirrel_132_ID_14L_20250816\project_data

Run parameters:
   132 individuals
   14 loci
   3 populations assumed
   10000 Burn-in period
   100000 Reps


--------------------------------------------
Proportion of membership of each pre-defined
 population in each of the 3 clusters

Given    Inferred Clusters       Number of
 Pop       1      2      3      Individuals

  1:     0.199  0.429  0.372      132
--------------------------------------------

Allele-freq. divergence among pops (Net nucleotide distance),
computed using point estimates of P.

      1       2       3      
 1      -    0.0358  0.0397  
 2   0.0358     -    0.0452  
 3   0.0397  0.0452     -    

Average distances (expected heterozygosity) between individuals in same cluster:
cluster  1  : 0.6676 
cluster  2  : 0.5454 
cluster  3  : 0.6065 

--------------------------------------------
Estimated Ln Prob of Data   = -4465.7
Mean value of ln likelihood = -4358.6
Variance of ln likelihood   = 214.2
Mean value of alpha         = 0.0395

Mean value of lambda        = 1.0344

Mean value of Fst_1         = 0.0283
Mean value of Fst_2         = 0.1493
Mean value of Fst_3         = 0.1354


Inferred ancestry of individuals:
        Label (%Miss) Pop:  Inferred clusters (and 90% probability intervals)
  1       1*    (0)    1 :  0.969 0.016 0.015     (0.793,1.000) (0.000,0.106) (0.000,0.092) 
  2        3    (0)    1 :  0.009 0.980 0.010     (0.000,0.050) (0.876,1.000) (0.000,0.059) 
  3        6    (0)    1 :  0.007 0.970 0.023     (0.000,0.038) (0.803,1.000) (0.000,0.159) 
  4        8    (0)    1 :  0.016 0.978 0.006     (0.000,0.089) (0.874,1.000) (0.000,0.029) 
  5       10    (0)    1 :  0.011 0.983 0.006     (0.000,0.046) (0.912,1.000) (0.000,0.029) 
  6       11    (0)    1 :  0.854 0.118 0.028     (0.000,1.000) (0.000,0.883) (0.000,0.204) 
  7       12    (0)    1 :  0.017 0.972 0.011     (0.000,0.087) (0.844,1.000) (0.000,0.050) 
  8       16    (7)    1 :  0.010 0.983 0.007     (0.000,0.057) (0.897,1.000) (0.000,0.033) 
  9       18    (0)    1 :  0.986 0.009 0.005     (0.913,1.000) (0.000,0.050) (0.000,0.027) 
 10       19    (0)    1 :  0.940 0.026 0.034     (0.618,1.000) (0.000,0.185) (0.000,0.234) 
 11       21    (7)    1 :  0.009 0.983 0.008     (0.000,0.048) (0.893,1.000) (0.000,0.044) 
 12       23    (7)    1 :  0.034 0.731 0.235     (0.000,0.200) (0.000,1.000) (0.000,1.000) 
 13       24    (7)    1 :  0.566 0.414 0.020     (0.000,1.000) (0.000,1.000) (0.000,0.132) 
 14       25    (7)    1 :  0.056 0.909 0.035     (0.000,0.391) (0.475,1.000) (0.000,0.270) 
 15      26*    (0)    1 :  0.015 0.980 0.005     (0.000,0.097) (0.878,1.000) (0.000,0.025) 
 16       28    (0)    1 :  0.006 0.989 0.005     (0.000,0.031) (0.930,1.000) (0.000,0.029) 
 17       29    (0)    1 :  0.029 0.965 0.006     (0.000,0.134) (0.829,1.000) (0.000,0.030) 
 18       30    (0)    1 :  0.100 0.680 0.220     (0.000,0.970) (0.000,1.000) (0.000,0.939) 
 19       33    (0)    1 :  0.978 0.005 0.017     (0.862,1.000) (0.000,0.024) (0.000,0.113) 
 20       37    (0)    1 :  0.978 0.015 0.007     (0.858,1.000) (0.000,0.091) (0.000,0.039) 
 21       38    (0)    1 :  0.985 0.011 0.004     (0.906,1.000) (0.000,0.061) (0.000,0.021) 
 22       43    (0)    1 :  0.015 0.978 0.007     (0.000,0.094) (0.862,1.000) (0.000,0.036) 
 23       44    (0)    1 :  0.008 0.983 0.009     (0.000,0.042) (0.896,1.000) (0.000,0.047) 
 24       48    (0)    1 :  0.987 0.009 0.005     (0.919,1.000) (0.000,0.047) (0.000,0.025) 
 25       55    (0)    1 :  0.008 0.977 0.014     (0.000,0.043) (0.850,1.000) (0.000,0.092) 
 26       59    (0)    1 :  0.015 0.975 0.010     (0.000,0.079) (0.852,1.000) (0.000,0.054) 
 27       60    (0)    1 :  0.180 0.017 0.803     (0.000,1.000) (0.000,0.106) (0.000,1.000) 
 28       61    (0)    1 :  0.007 0.008 0.986     (0.000,0.035) (0.000,0.039) (0.912,1.000) 
 29       62    (0)    1 :  0.028 0.059 0.913     (0.000,0.161) (0.000,0.453) (0.342,1.000) 
 30       65    (0)    1 :  0.979 0.006 0.015     (0.864,1.000) (0.000,0.031) (0.000,0.104) 
 31       73    (0)    1 :  0.026 0.050 0.924     (0.000,0.174) (0.000,0.345) (0.584,1.000) 
 32       75    (0)    1 :  0.017 0.006 0.978     (0.000,0.113) (0.000,0.030) (0.856,1.000) 
 33       76    (0)    1 :  0.006 0.006 0.988     (0.000,0.026) (0.000,0.034) (0.929,1.000) 
 34       77    (0)    1 :  0.011 0.006 0.983     (0.000,0.053) (0.000,0.034) (0.901,1.000) 
 35       78    (0)    1 :  0.007 0.007 0.986     (0.000,0.036) (0.000,0.038) (0.913,1.000) 
 36       79    (0)    1 :  0.016 0.005 0.979     (0.000,0.114) (0.000,0.025) (0.862,1.000) 
 37       84    (0)    1 :  0.010 0.963 0.027     (0.000,0.059) (0.758,1.000) (0.000,0.194) 
 38       85    (0)    1 :  0.044 0.941 0.016     (0.000,0.294) (0.628,1.000) (0.000,0.103) 
 39       86    (0)    1 :  0.106 0.858 0.036     (0.000,0.772) (0.164,1.000) (0.000,0.277) 
 40       89    (0)    1 :  0.024 0.951 0.025     (0.000,0.150) (0.686,1.000) (0.000,0.168) 
 41       94    (0)    1 :  0.125 0.869 0.006     (0.000,0.999) (0.000,1.000) (0.000,0.027) 
 42       95    (0)    1 :  0.039 0.938 0.023     (0.000,0.229) (0.620,1.000) (0.000,0.160) 
 43       96    (0)    1 :  0.007 0.984 0.009     (0.000,0.034) (0.901,1.000) (0.000,0.050) 
 44       98    (0)    1 :  0.009 0.009 0.982     (0.000,0.046) (0.000,0.049) (0.890,1.000) 
 45      102    (0)    1 :  0.972 0.017 0.012     (0.815,1.000) (0.000,0.111) (0.000,0.075) 
 46      105    (0)    1 :  0.022 0.009 0.969     (0.000,0.156) (0.000,0.054) (0.797,1.000) 
 47      106    (0)    1 :  0.037 0.060 0.903     (0.000,0.227) (0.000,0.315) (0.568,1.000) 
 48      108    (0)    1 :  0.079 0.015 0.906     (0.000,0.497) (0.000,0.093) (0.479,1.000) 
 49      109    (0)    1 :  0.010 0.020 0.970     (0.000,0.050) (0.000,0.151) (0.802,1.000) 
 50      112    (0)    1 :  0.081 0.688 0.231     (0.000,0.696) (0.000,1.000) (0.000,1.000) 
 51      115    (0)    1 :  0.958 0.023 0.019     (0.726,1.000) (0.000,0.136) (0.000,0.114) 
 52      116    (0)    1 :  0.032 0.949 0.018     (0.000,0.231) (0.678,1.000) (0.000,0.121) 
 53      117    (0)    1 :  0.009 0.969 0.022     (0.000,0.049) (0.805,1.000) (0.000,0.144) 
 54      129    (0)    1 :  0.006 0.990 0.004     (0.000,0.030) (0.941,1.000) (0.000,0.020) 
 55      132    (0)    1 :  0.570 0.059 0.370     (0.000,1.000) (0.000,0.441) (0.000,1.000) 
 56      133    (0)    1 :  0.008 0.006 0.986     (0.000,0.037) (0.000,0.032) (0.917,1.000) 
 57      137    (7)    1 :  0.009 0.013 0.978     (0.000,0.047) (0.000,0.074) (0.863,1.000) 
 58      139    (0)    1 :  0.030 0.010 0.960     (0.000,0.199) (0.000,0.059) (0.749,1.000) 
 59      140    (0)    1 :  0.016 0.014 0.970     (0.000,0.073) (0.000,0.074) (0.830,1.000) 
 60      142    (0)    1 :  0.008 0.012 0.980     (0.000,0.042) (0.000,0.074) (0.872,1.000) 
 61      144    (0)    1 :  0.007 0.007 0.986     (0.000,0.038) (0.000,0.034) (0.913,1.000) 
 62      145    (0)    1 :  0.009 0.014 0.978     (0.000,0.042) (0.000,0.070) (0.868,1.000) 
 63      147    (0)    1 :  0.007 0.007 0.986     (0.000,0.040) (0.000,0.036) (0.910,1.000) 
 64      160    (0)    1 :  0.025 0.969 0.006     (0.000,0.091) (0.861,1.000) (0.000,0.030) 
 65     162*    (0)    1 :  0.008 0.983 0.009     (0.000,0.039) (0.896,1.000) (0.000,0.052) 
 66      166    (0)    1 :  0.007 0.007 0.986     (0.000,0.037) (0.000,0.036) (0.916,1.000) 
 67      177    (0)    1 :  0.006 0.004 0.989     (0.000,0.033) (0.000,0.023) (0.935,1.000) 
 68      178    (0)    1 :  0.011 0.013 0.976     (0.000,0.060) (0.000,0.079) (0.846,1.000) 
 69      186    (0)    1 :  0.009 0.984 0.007     (0.000,0.048) (0.900,1.000) (0.000,0.038) 
 70      189    (0)    1 :  0.011 0.982 0.007     (0.000,0.060) (0.891,1.000) (0.000,0.038) 
 71      190    (0)    1 :  0.011 0.981 0.008     (0.000,0.059) (0.883,1.000) (0.000,0.044) 
 72      191    (0)    1 :  0.007 0.979 0.014     (0.000,0.034) (0.870,1.000) (0.000,0.086) 
 73      193    (0)    1 :  0.011 0.095 0.895     (0.000,0.051) (0.000,0.987) (0.000,1.000) 
 74      202    (0)    1 :  0.286 0.694 0.020     (0.000,1.000) (0.000,1.000) (0.000,0.137) 
 75      204    (0)    1 :  0.004 0.991 0.004     (0.000,0.022) (0.949,1.000) (0.000,0.021) 
 76      211    (0)    1 :  0.058 0.023 0.919     (0.000,0.439) (0.000,0.166) (0.446,1.000) 
 77      216    (0)    1 :  0.006 0.007 0.987     (0.000,0.031) (0.000,0.034) (0.923,1.000) 
 78      222    (0)    1 :  0.077 0.011 0.913     (0.000,0.582) (0.000,0.053) (0.398,1.000) 
 79      224    (0)    1 :  0.014 0.975 0.010     (0.000,0.070) (0.850,1.000) (0.000,0.060) 
 80      226    (0)    1 :  0.075 0.913 0.011     (0.000,0.520) (0.462,1.000) (0.000,0.068) 
 81      229    (0)    1 :  0.110 0.845 0.045     (0.000,0.844) (0.026,1.000) (0.000,0.330) 
 82      230    (0)    1 :  0.057 0.905 0.038     (0.000,0.395) (0.493,1.000) (0.000,0.238) 
 83      232    (0)    1 :  0.020 0.931 0.049     (0.000,0.093) (0.554,1.000) (0.000,0.365) 
 84      238    (0)    1 :  0.812 0.016 0.172     (0.160,1.000) (0.000,0.104) (0.000,0.804) 
 85      242    (0)    1 :  0.989 0.005 0.005     (0.933,1.000) (0.000,0.028) (0.000,0.030) 
 86      243    (0)    1 :  0.926 0.017 0.057     (0.567,1.000) (0.000,0.105) (0.000,0.391) 
 87      244    (0)    1 :  0.952 0.011 0.036     (0.697,1.000) (0.000,0.068) (0.000,0.272) 
 88      251    (0)    1 :  0.923 0.049 0.028     (0.530,1.000) (0.000,0.370) (0.000,0.192) 
 89      266    (0)    1 :  0.334 0.009 0.656     (0.000,1.000) (0.000,0.050) (0.000,1.000) 
 90      267    (0)    1 :  0.021 0.034 0.945     (0.000,0.143) (0.000,0.253) (0.660,1.000) 
 91      268    (0)    1 :  0.009 0.007 0.984     (0.000,0.045) (0.000,0.038) (0.904,1.000) 
 92      270    (0)    1 :  0.011 0.981 0.009     (0.000,0.056) (0.881,1.000) (0.000,0.048) 
 93      276    (0)    1 :  0.013 0.951 0.036     (0.000,0.078) (0.673,1.000) (0.000,0.280) 
 94      298    (7)    1 :  0.008 0.008 0.984     (0.000,0.046) (0.000,0.043) (0.898,1.000) 
 95      306    (0)    1 :  0.030 0.007 0.963     (0.000,0.155) (0.000,0.037) (0.801,1.000) 
 96      308    (0)    1 :  0.027 0.013 0.960     (0.000,0.174) (0.000,0.079) (0.748,1.000) 
 97      311    (7)    1 :  0.204 0.021 0.775     (0.000,1.000) (0.000,0.132) (0.000,1.000) 
 98      323    (0)    1 :  0.020 0.967 0.012     (0.000,0.109) (0.802,1.000) (0.000,0.070) 
 99      327    (0)    1 :  0.015 0.976 0.009     (0.000,0.080) (0.850,1.000) (0.000,0.051) 
100      334    (0)    1 :  0.971 0.007 0.022     (0.809,1.000) (0.000,0.040) (0.000,0.157) 
101      338    (0)    1 :  0.023 0.034 0.943     (0.000,0.131) (0.000,0.220) (0.641,1.000) 
102      341    (0)    1 :  0.033 0.943 0.024     (0.000,0.213) (0.644,1.000) (0.000,0.159) 
103      346    (0)    1 :  0.015 0.047 0.938     (0.000,0.075) (0.000,0.342) (0.591,1.000) 
104      348    (0)    1 :  0.011 0.006 0.983     (0.000,0.060) (0.000,0.034) (0.894,1.000) 
105      351    (0)    1 :  0.946 0.017 0.037     (0.656,1.000) (0.000,0.110) (0.000,0.244) 
106      362    (0)    1 :  0.005 0.989 0.005     (0.000,0.027) (0.935,1.000) (0.000,0.027) 
107      364    (0)    1 :  0.980 0.008 0.012     (0.875,1.000) (0.000,0.041) (0.000,0.071) 
108      366    (0)    1 :  0.967 0.014 0.019     (0.787,1.000) (0.000,0.084) (0.000,0.121) 
109      376    (0)    1 :  0.009 0.983 0.008     (0.000,0.047) (0.897,1.000) (0.000,0.041) 
110      377    (7)    1 :  0.031 0.881 0.088     (0.000,0.191) (0.369,1.000) (0.000,0.540) 
111      378    (0)    1 :  0.007 0.981 0.012     (0.000,0.030) (0.889,1.000) (0.000,0.066) 
112      388    (0)    1 :  0.026 0.021 0.952     (0.000,0.177) (0.000,0.147) (0.693,1.000) 
113      391    (0)    1 :  0.041 0.770 0.189     (0.000,0.269) (0.000,1.000) (0.000,1.000) 
114      401    (0)    1 :  0.475 0.436 0.089     (0.000,1.000) (0.000,1.000) (0.000,0.522) 
115      406    (0)    1 :  0.103 0.068 0.830     (0.000,0.993) (0.000,0.521) (0.000,1.000) 
116      412    (7)    1 :  0.028 0.080 0.892     (0.000,0.159) (0.000,0.624) (0.222,1.000) 
117      413    (0)    1 :  0.054 0.014 0.932     (0.000,0.361) (0.000,0.072) (0.591,1.000) 
118      421    (0)    1 :  0.024 0.927 0.049     (0.000,0.156) (0.563,1.000) (0.000,0.362) 
119      423    (0)    1 :  0.113 0.820 0.067     (0.000,0.989) (0.000,1.000) (0.000,0.494) 
120      424    (0)    1 :  0.052 0.189 0.760     (0.000,0.363) (0.000,1.000) (0.000,1.000) 
121      426    (0)    1 :  0.015 0.969 0.016     (0.000,0.087) (0.800,1.000) (0.000,0.100) 
122      430    (7)    1 :  0.007 0.019 0.975     (0.000,0.034) (0.000,0.109) (0.843,1.000) 
123      435    (0)    1 :  0.005 0.008 0.988     (0.000,0.023) (0.000,0.039) (0.927,1.000) 
124      476    (0)    1 :  0.023 0.970 0.007     (0.000,0.157) (0.815,1.000) (0.000,0.036) 
125      478    (0)    1 :  0.008 0.986 0.006     (0.000,0.041) (0.912,1.000) (0.000,0.032) 
126      484    (0)    1 :  0.007 0.009 0.985     (0.000,0.038) (0.000,0.049) (0.902,1.000) 
127      489    (0)    1 :  0.020 0.725 0.254     (0.000,0.093) (0.000,1.000) (0.000,1.000) 
128      493    (0)    1 :  0.985 0.008 0.008     (0.903,1.000) (0.000,0.041) (0.000,0.041) 
129      494    (0)    1 :  0.973 0.020 0.007     (0.827,1.000) (0.000,0.137) (0.000,0.036) 
130      500    (0)    1 :  0.011 0.985 0.004     (0.000,0.044) (0.922,1.000) (0.000,0.022) 
131      504    (0)    1 :  0.096 0.068 0.836     (0.000,0.588) (0.000,0.431) (0.314,1.000) 
132      506    (0)    1 :  0.011 0.063 0.926     (0.000,0.058) (0.000,0.423) (0.558,1.000) 


Estimated Allele Frequencies in each cluster
First column gives estimated ancestral frequencies


Locus 1 : Rsu5 
5 alleles
0.0% missing data
 137   (0.684) 0.679 0.948 0.698 
 135   (0.106) 0.103 0.025 0.048 
 139   (0.140) 0.177 0.024 0.040 
 133   (0.028) 0.023 0.001 0.002 
 131   (0.042) 0.019 0.002 0.212 

Locus 2 : Scv1 
5 alleles
0.0% missing data
 181   (0.555) 0.631 0.752 0.350 
 179   (0.183) 0.176 0.091 0.214 
 177   (0.106) 0.074 0.050 0.185 
 185   (0.123) 0.083 0.105 0.249 
 171   (0.033) 0.036 0.002 0.002 

Locus 3 : Rsu4 
9 alleles
0.0% missing data
 267   (0.220) 0.264 0.185 0.088 
 263   (0.296) 0.276 0.463 0.428 
 259   (0.035) 0.016 0.186 0.002 
 287   (0.164) 0.143 0.137 0.209 
 275   (0.057) 0.086 0.003 0.007 
 279   (0.090) 0.098 0.008 0.084 
 283   (0.063) 0.049 0.003 0.176 
 291   (0.043) 0.034 0.014 0.003 
 271   (0.033) 0.036 0.002 0.002 

Locus 4 : Rsu6 
5 alleles
0.0% missing data
 120   (0.254) 0.236 0.322 0.219 
 126   (0.593) 0.619 0.515 0.770 
 124   (0.079) 0.068 0.152 0.006 
 130   (0.046) 0.064 0.002 0.003 
 114   (0.028) 0.013 0.009 0.002 

Locus 5 : Scv23 
3 alleles
0.8% missing data
 158   (0.485) 0.471 0.557 0.626 
 164   (0.237) 0.257 0.191 0.117 
 160   (0.278) 0.272 0.252 0.257 

Locus 6 : Scv13 
5 alleles
0.0% missing data
 182   (0.691) 0.687 0.891 0.806 
 180   (0.096) 0.106 0.089 0.006 
 172   (0.076) 0.066 0.004 0.128 
 184   (0.086) 0.104 0.014 0.013 
 174   (0.051) 0.037 0.003 0.047 

Locus 7 : Scv32 
18 alleles
0.0% missing data
 236   (0.048) 0.097 0.002 0.004 
 238   (0.045) 0.039 0.002 0.091 
 234   (0.098) 0.067 0.151 0.381 
 246   (0.042) 0.020 0.179 0.009 
 248   (0.105) 0.141 0.154 0.021 
 262   (0.092) 0.082 0.152 0.066 
 232   (0.199) 0.284 0.121 0.203 
 250   (0.035) 0.019 0.071 0.005 
 228   (0.027) 0.033 0.001 0.002 
 220   (0.036) 0.022 0.113 0.002 
 264   (0.064) 0.054 0.024 0.032 
 252   (0.038) 0.018 0.008 0.061 
 254   (0.039) 0.028 0.002 0.069 
 242   (0.028) 0.034 0.001 0.002 
 266   (0.027) 0.014 0.001 0.028 
 244   (0.031) 0.016 0.008 0.021 
 226   (0.024) 0.012 0.008 0.002 
 240   (0.023) 0.020 0.001 0.002 

Locus 8 : Scv8 
6 alleles
0.0% missing data
 200   (0.620) 0.661 0.769 0.598 
 202   (0.101) 0.128 0.005 0.077 
 194   (0.084) 0.048 0.102 0.073 
 204   (0.052) 0.039 0.048 0.004 
 198   (0.083) 0.084 0.073 0.007 
 188   (0.060) 0.039 0.003 0.241 

Locus 9 : Scv9 
5 alleles
0.0% missing data
 198   (0.273) 0.244 0.318 0.456 
 200   (0.380) 0.453 0.431 0.181 
 196   (0.263) 0.264 0.198 0.312 
 204   (0.057) 0.027 0.051 0.041 
 202   (0.027) 0.012 0.001 0.011 

Locus 10 : Rsu1 
6 alleles
0.0% missing data
 189   (0.360) 0.463 0.186 0.213 
 185   (0.232) 0.202 0.184 0.499 
 177   (0.083) 0.059 0.069 0.035 
 181   (0.250) 0.240 0.300 0.249 
 193   (0.038) 0.018 0.152 0.003 
 197   (0.037) 0.018 0.110 0.003 

Locus 11 : Scv14 
7 alleles
4.5% missing data
 196   (0.473) 0.454 0.849 0.618 
 198   (0.095) 0.113 0.005 0.089 
 194   (0.160) 0.177 0.064 0.090 
 202   (0.190) 0.200 0.073 0.193 
 204   (0.027) 0.023 0.001 0.002 
 190   (0.028) 0.016 0.006 0.002 
 200   (0.027) 0.017 0.001 0.006 

Locus 12 : Scv16 
7 alleles
0.0% missing data
 182   (0.343) 0.313 0.513 0.492 
 184   (0.449) 0.509 0.410 0.390 
 188   (0.089) 0.106 0.070 0.006 
 200   (0.027) 0.022 0.001 0.002 
 198   (0.034) 0.015 0.002 0.068 
 190   (0.031) 0.014 0.002 0.040 
 186   (0.027) 0.021 0.001 0.002 

Locus 13 : Scv31 
15 alleles
3.0% missing data
 193   (0.133) 0.131 0.151 0.143 
 201   (0.119) 0.171 0.054 0.026 
 187   (0.068) 0.038 0.230 0.051 
 207   (0.032) 0.014 0.138 0.002 
 195   (0.057) 0.028 0.065 0.097 
 185   (0.147) 0.146 0.094 0.303 
 189   (0.089) 0.156 0.035 0.006 
 205   (0.025) 0.021 0.001 0.002 
 191   (0.115) 0.087 0.187 0.260 
 197   (0.039) 0.020 0.010 0.060 
 199   (0.056) 0.059 0.003 0.042 
 203   (0.034) 0.048 0.002 0.002 
 209   (0.029) 0.035 0.002 0.002 
 213   (0.029) 0.035 0.001 0.002 
 181   (0.027) 0.012 0.027 0.002 

Locus 14 : Scv6 
8 alleles
0.0% missing data
 191   (0.134) 0.171 0.133 0.014 
 195   (0.342) 0.322 0.535 0.441 
 197   (0.175) 0.136 0.286 0.242 
 201   (0.103) 0.140 0.006 0.057 
 205   (0.033) 0.036 0.002 0.002 
 193   (0.094) 0.101 0.006 0.133 
 199   (0.085) 0.058 0.030 0.108 
 181   (0.033) 0.036 0.002 0.002 

Values of parameters used in structure:
DATAFILE=M:\STRUCTURE\Squirrel_132_ID_14L_20250816\project_data,	OUTFILE=M:\STRUCTURE\Squirrel_132_ID_14L_20250816\10k_Burnin_100k_MCMC\Results\10k_Burnin_100k_MCMC_run_55,	NUMINDS=132,	NUMLOCI=14,	MISSING=-9,	LABEL=1,	POPDATA=1,	POPFLAG=0,	PHENOTYPE=0,	EXTRACOLS=1,	MAXPOPS=3,	BURNIN=10000,	NUMREPS=100000,	USEPOPINFO=0,	INFERALPHA=1,	INFERLAMBDA=1,	POPSPECIFICLAMBDA=0,	POPALPHAS=0,	COMPUTEPROB=1,	NOADMIX=0,	ADMBURNIN=2500,	UPDATEFREQ=1,	PRINTLIKES=0,	INTERMEDSAVE=0,	PRINTKLD=0,	PRINTNET=0,	PRINTLAMBDA=0,	ANCESTDIST=1,	NUMBOXES=1000,	ANCESTPINT=0.90000,	GENSBACK=2,	MIGRPRIOR=0.05000,	PRINTQHAT=1,	PRINTQSUM=0,	ALPHA=1.0000,	FREQSCORR=1,	FPRIORMEAN=0.0100,	FPRIORSD=0.0500,	ONEFST=0,	LAMBDA=1.0000,	UNIFPRIORALPHA=1,	ALPHAMAX=10.0000,	ALPHAPRIORA=1.0000,	ALPHAPRIORB=2.0000,	ALPHAPROPSD=0.0250,	STARTATPOPINFO=0,	RANDOMIZE=1,	LINKAGE=0,	METROFREQ=10,	REPORTHITRATE=0,	MARKOVPHASE=-1,	PHASED=0,	PLOIDY=2,	PHASEINFO=0	LOCPRIOR=0, 	LOCPRIORINIT=1.000000, 	LOCDATA=0, 	LOCISPOP=0, 	LOCPRIORSTEP=0.100000, 	MAXLOCPRIOR=20.000000, 	SEED=1763818106,	
[STRAT parameters]:    NUMSIMSTATS=1000,	PHENOTYPECOL=-9,	POOLFREQ=10,	LOCUSxONLY=0,	EMERROR=0.00100,	MISSINGPHENO=-9,	