          1*  1 0.0391 0.1245 0.0130 0.0055 0.0105 0.0169 0.0567 0.7338 
           3  1 0.0056 0.0067 0.0090 0.0047 0.0065 0.9547 0.0068 0.0059 
           6  1 0.0081 0.0194 0.0114 0.0106 0.0185 0.9107 0.0146 0.0067 
           8  1 0.0258 0.0083 0.0123 0.0040 0.8303 0.0094 0.0938 0.0160 
          10  1 0.9178 0.0060 0.0038 0.0047 0.0410 0.0114 0.0069 0.0085 
          11  1 0.0248 0.2072 0.0105 0.0384 0.0639 0.0262 0.2647 0.3643 
          12  1 0.9608 0.0070 0.0039 0.0050 0.0062 0.0064 0.0065 0.0043 
          16  1 0.0082 0.0065 0.0047 0.0055 0.0149 0.9467 0.0071 0.0063 
          18  1 0.0074 0.0057 0.0076 0.0045 0.0098 0.0075 0.0076 0.9499 
          19  1 0.0114 0.2150 0.0341 0.0502 0.0360 0.0146 0.2313 0.4073 
          21  1 0.0085 0.0077 0.0053 0.0071 0.0270 0.9286 0.0096 0.0062 
          23  1 0.4580 0.2526 0.0096 0.0386 0.0186 0.0213 0.1890 0.0122 
          24  1 0.4730 0.1158 0.0084 0.0442 0.1010 0.0148 0.1219 0.1209 
          25  1 0.5199 0.1854 0.0070 0.0081 0.0955 0.0529 0.1147 0.0164 
         26*  1 0.2490 0.0270 0.0080 0.0054 0.4150 0.2427 0.0322 0.0207 
          28  1 0.2032 0.0145 0.0062 0.0064 0.6658 0.0502 0.0467 0.0070 
          29  1 0.9220 0.0069 0.0062 0.0056 0.0289 0.0065 0.0094 0.0146 
          30  1 0.1770 0.0436 0.3435 0.0075 0.1608 0.1935 0.0534 0.0207 
          33  1 0.0059 0.0505 0.0166 0.0339 0.0055 0.0060 0.0281 0.8536 
          37  1 0.0417 0.0111 0.0065 0.0094 0.0087 0.0105 0.0111 0.9009 
          38  1 0.0153 0.0143 0.0053 0.0047 0.0099 0.0092 0.0117 0.9295 
          43  1 0.7944 0.0174 0.0087 0.0069 0.1172 0.0322 0.0147 0.0084 
          44  1 0.0067 0.0063 0.0203 0.0058 0.6391 0.2097 0.1049 0.0071 
          48  1 0.0072 0.0057 0.0075 0.0041 0.0066 0.0113 0.0069 0.9506 
          55  1 0.0098 0.0434 0.0169 0.0077 0.7153 0.1020 0.0925 0.0125 
          59  1 0.0051 0.0069 0.0088 0.0046 0.0077 0.9530 0.0068 0.0070 
          60  1 0.0266 0.6815 0.0064 0.0102 0.0044 0.0093 0.2491 0.0125 
          61  1 0.0077 0.2394 0.0609 0.5079 0.0130 0.0151 0.1473 0.0086 
          62  1 0.0368 0.0767 0.0162 0.5072 0.0176 0.0141 0.3077 0.0238 
          65  1 0.0060 0.0514 0.0231 0.0131 0.0086 0.0060 0.0351 0.8567 
          73  1 0.1549 0.0374 0.7481 0.0064 0.0122 0.0080 0.0237 0.0093 
          75  1 0.0041 0.0068 0.0352 0.9203 0.0052 0.0090 0.0079 0.0116 
          76  1 0.0107 0.0106 0.0060 0.9489 0.0049 0.0059 0.0088 0.0042 
          77  1 0.0099 0.1237 0.0055 0.7894 0.0051 0.0057 0.0541 0.0065 
          78  1 0.0183 0.0309 0.6341 0.2560 0.0125 0.0062 0.0288 0.0132 
          79  1 0.0045 0.0135 0.0745 0.8629 0.0085 0.0049 0.0210 0.0102 
          84  1 0.0237 0.0380 0.0138 0.0187 0.0343 0.8042 0.0581 0.0091 
          85  1 0.0065 0.0122 0.0115 0.0071 0.8640 0.0081 0.0809 0.0098 
          86  1 0.0134 0.0323 0.0171 0.0093 0.8435 0.0053 0.0641 0.0150 
          89  1 0.1914 0.0484 0.0099 0.0414 0.0173 0.5934 0.0785 0.0197 
          94  1 0.9475 0.0066 0.0055 0.0046 0.0089 0.0068 0.0076 0.0124 
          95  1 0.0065 0.0157 0.0136 0.0057 0.0199 0.9128 0.0126 0.0132 
          96  1 0.0112 0.0055 0.0061 0.0065 0.9500 0.0061 0.0096 0.0051 
          98  1 0.0092 0.5558 0.0793 0.0452 0.0073 0.0057 0.2911 0.0064 
         102  1 0.0192 0.1334 0.0074 0.0159 0.0072 0.0315 0.1056 0.6799 
         105  1 0.0054 0.0051 0.9619 0.0043 0.0052 0.0056 0.0051 0.0074 
         106  1 0.0046 0.0704 0.2437 0.3860 0.0234 0.1048 0.1480 0.0191 
         108  1 0.0083 0.0411 0.8238 0.0226 0.0104 0.0080 0.0227 0.0632 
         109  1 0.0070 0.0874 0.7387 0.0371 0.0214 0.0116 0.0859 0.0109 
         112  1 0.0594 0.2030 0.0096 0.1836 0.2540 0.0138 0.2484 0.0282 
         115  1 0.0561 0.2070 0.0188 0.0138 0.0128 0.0134 0.1827 0.4953 
         116  1 0.0097 0.0100 0.0193 0.0056 0.7820 0.0095 0.1500 0.0138 
         117  1 0.1349 0.0331 0.0188 0.0141 0.0600 0.6942 0.0291 0.0158 
         129  1 0.0119 0.0077 0.0063 0.0037 0.8705 0.0790 0.0133 0.0077 
         132  1 0.1393 0.5659 0.0077 0.0104 0.0068 0.0139 0.2140 0.0421 
         133  1 0.0059 0.5579 0.0727 0.0573 0.0044 0.0065 0.2894 0.0059 
         137  1 0.0204 0.3776 0.0146 0.3956 0.0118 0.0120 0.1577 0.0103 
         139  1 0.0066 0.0099 0.0090 0.9333 0.0085 0.0096 0.0118 0.0113 
         140  1 0.0060 0.0642 0.7516 0.0479 0.0176 0.0332 0.0630 0.0164 
         142  1 0.0124 0.0279 0.0089 0.8287 0.0080 0.0310 0.0756 0.0075 
         144  1 0.0041 0.0072 0.9599 0.0059 0.0043 0.0073 0.0061 0.0050 
         145  1 0.0056 0.0533 0.0119 0.5617 0.0082 0.0098 0.3413 0.0082 
         147  1 0.0045 0.0079 0.9398 0.0206 0.0076 0.0042 0.0092 0.0062 
         160  1 0.9585 0.0055 0.0044 0.0044 0.0073 0.0078 0.0055 0.0066 
        162*  1 0.0120 0.0067 0.0064 0.0069 0.9475 0.0053 0.0098 0.0055 
         166  1 0.0050 0.6886 0.0177 0.0092 0.0058 0.0100 0.2587 0.0051 
         177  1 0.0044 0.0056 0.0042 0.9685 0.0040 0.0043 0.0052 0.0039 
         178  1 0.0284 0.0334 0.0143 0.8659 0.0135 0.0086 0.0239 0.0120 
         186  1 0.0052 0.0047 0.0037 0.0039 0.0055 0.9679 0.0046 0.0043 
         189  1 0.0133 0.0056 0.0041 0.0086 0.8191 0.0068 0.1364 0.0061 
         190  1 0.0809 0.0312 0.0097 0.0146 0.7598 0.0499 0.0360 0.0178 
         191  1 0.0194 0.0152 0.0341 0.0210 0.4446 0.2986 0.1580 0.0091 
         193  1 0.0179 0.0874 0.0223 0.4350 0.0159 0.0336 0.3756 0.0123 
         202  1 0.2991 0.1861 0.0094 0.0121 0.2238 0.0151 0.1988 0.0556 
         204  1 0.0094 0.0060 0.0066 0.0038 0.6252 0.3373 0.0068 0.0048 
         211  1 0.1111 0.5053 0.0735 0.0646 0.0106 0.0160 0.1978 0.0211 
         216  1 0.0214 0.2747 0.5656 0.0325 0.0074 0.0052 0.0869 0.0063 
         222  1 0.0064 0.0247 0.7289 0.0107 0.0166 0.0049 0.1734 0.0345 
         224  1 0.0138 0.0057 0.0094 0.0061 0.7921 0.0073 0.1573 0.0082 
         226  1 0.0052 0.0129 0.0050 0.0049 0.0083 0.9446 0.0095 0.0095 
         229  1 0.0599 0.1453 0.0275 0.0357 0.4719 0.0240 0.2008 0.0348 
         230  1 0.0363 0.0496 0.0166 0.0457 0.7133 0.0369 0.0790 0.0227 
         232  1 0.2970 0.1312 0.0163 0.0794 0.0705 0.1369 0.2443 0.0244 
         238  1 0.0084 0.2031 0.0310 0.1085 0.0353 0.0065 0.2350 0.3721 
         242  1 0.0041 0.0160 0.0082 0.0040 0.0075 0.0062 0.0090 0.9448 
         243  1 0.0083 0.1816 0.0161 0.0218 0.0100 0.0243 0.1240 0.6137 
         244  1 0.0101 0.1888 0.0076 0.1513 0.0149 0.0066 0.1644 0.4562 
         251  1 0.1150 0.2169 0.0116 0.0238 0.0313 0.0101 0.2380 0.3533 
         266  1 0.0063 0.2270 0.0120 0.4083 0.0113 0.0108 0.1837 0.1406 
         267  1 0.0068 0.1093 0.7197 0.0127 0.0199 0.0528 0.0593 0.0194 
         268  1 0.0357 0.3461 0.1085 0.3896 0.0053 0.0066 0.0998 0.0083 
         270  1 0.0249 0.0096 0.0140 0.0060 0.8590 0.0239 0.0524 0.0101 
         276  1 0.0276 0.0416 0.0345 0.0410 0.4294 0.2456 0.1624 0.0180 
         298  1 0.0143 0.0979 0.6110 0.2032 0.0079 0.0207 0.0330 0.0121 
         306  1 0.0059 0.5254 0.0134 0.0515 0.0100 0.0114 0.3638 0.0186 
         308  1 0.0838 0.0595 0.0813 0.6593 0.0127 0.0086 0.0581 0.0368 
         311  1 0.0207 0.2566 0.1855 0.0204 0.0430 0.0080 0.4075 0.0584 
         323  1 0.0050 0.0058 0.0075 0.0047 0.0081 0.9544 0.0062 0.0084 
         327  1 0.2575 0.0433 0.0107 0.0084 0.6051 0.0211 0.0332 0.0205 
         334  1 0.0134 0.2048 0.0259 0.0121 0.0201 0.0047 0.2072 0.5118 
         338  1 0.0309 0.2139 0.2892 0.0359 0.0491 0.0294 0.3309 0.0207 
         341  1 0.0075 0.0226 0.0061 0.0058 0.0084 0.9198 0.0170 0.0129 
         346  1 0.0380 0.4436 0.0059 0.2852 0.0107 0.0136 0.1957 0.0074 
         348  1 0.0066 0.0240 0.5966 0.2548 0.0090 0.0081 0.0839 0.0171 
         351  1 0.0527 0.4062 0.0087 0.0128 0.0095 0.0131 0.2036 0.2934 
         362  1 0.0607 0.0086 0.0076 0.0052 0.7777 0.1230 0.0106 0.0066 
         364  1 0.0126 0.0455 0.0082 0.0131 0.0058 0.0115 0.0268 0.8765 
         366  1 0.0076 0.0418 0.0219 0.0082 0.0199 0.0114 0.0272 0.8620 
         376  1 0.0150 0.0116 0.0035 0.0170 0.0233 0.9077 0.0156 0.0064 
         377  1 0.2988 0.0444 0.0527 0.0149 0.3323 0.0258 0.2160 0.0150 
         378  1 0.9285 0.0118 0.0055 0.0169 0.0067 0.0150 0.0111 0.0047 
         388  1 0.0366 0.2227 0.5647 0.0145 0.0154 0.0109 0.1166 0.0187 
         391  1 0.1663 0.1755 0.0144 0.0133 0.0092 0.4633 0.1458 0.0122 
         401  1 0.0127 0.1433 0.0075 0.1485 0.2782 0.0919 0.1989 0.1188 
         406  1 0.0166 0.3977 0.0640 0.0359 0.0165 0.1029 0.3121 0.0543 
         412  1 0.0320 0.3775 0.0666 0.0449 0.0323 0.0250 0.4007 0.0211 
         413  1 0.0099 0.0670 0.0314 0.4667 0.0311 0.0046 0.3573 0.0320 
         421  1 0.0104 0.0362 0.0158 0.0305 0.6754 0.0180 0.1988 0.0150 
         423  1 0.0103 0.0178 0.0395 0.0108 0.6725 0.0145 0.2125 0.0221 
         424  1 0.0225 0.3548 0.0193 0.0268 0.0134 0.2005 0.3374 0.0253 
         426  1 0.6581 0.0638 0.0112 0.0251 0.0295 0.1076 0.0766 0.0281 
         430  1 0.0118 0.4138 0.0218 0.0960 0.0130 0.0237 0.4137 0.0061 
         435  1 0.0148 0.0276 0.0239 0.7945 0.0069 0.0051 0.1227 0.0045 
         476  1 0.0140 0.0155 0.0050 0.0217 0.1483 0.7477 0.0218 0.0260 
         478  1 0.0179 0.0192 0.0092 0.0066 0.1687 0.7009 0.0498 0.0277 
         484  1 0.0092 0.2671 0.5449 0.0403 0.0075 0.0175 0.1066 0.0070 
         489  1 0.5493 0.0435 0.1667 0.0078 0.0474 0.0069 0.1725 0.0060 
         493  1 0.0110 0.0144 0.0071 0.0083 0.0081 0.0075 0.0160 0.9276 
         494  1 0.0402 0.0781 0.0085 0.0087 0.0209 0.0109 0.0533 0.7795 
         500  1 0.0092 0.0088 0.0047 0.0047 0.8953 0.0464 0.0226 0.0084 
         504  1 0.0726 0.1180 0.6043 0.0207 0.0616 0.0124 0.0713 0.0391 
         506  1 0.0054 0.0107 0.9237 0.0045 0.0239 0.0161 0.0104 0.0053 
