

----------------------------------------------------
STRUCTURE by Pritchard, Stephens and Donnelly (2000)
     and Falush, Stephens and Pritchard (2003)
       Code by Pritchard, Falush and Hubisz
             Version 2.3.4 (Jul 2012)
----------------------------------------------------



Command line arguments:   bin\structure -m M:\STRUCTURE\Squirrel_132_ID_14L_20250816\10k_Burnin_100k_MCMC\mainparams -e M:\STRUCTURE\Squirrel_132_ID_14L_20250816\10k_Burnin_100k_MCMC\extraparams 
Input File:    M:\STRUCTURE\Squirrel_132_ID_14L_20250816\project_data

Run parameters:
   132 individuals
   14 loci
   5 populations assumed
   10000 Burn-in period
   100000 Reps


--------------------------------------------
Proportion of membership of each pre-defined
 population in each of the 5 clusters

Given    Inferred Clusters                     Number of
 Pop       1      2      3      4      5      Individuals

  1:     0.180  0.188  0.197  0.248  0.186      132
--------------------------------------------

Allele-freq. divergence among pops (Net nucleotide distance),
computed using point estimates of P.

      1       2       3       4       5      
 1      -    0.0519  0.0612  0.0486  0.0504  
 2   0.0519     -    0.0840  0.0520  0.0792  
 3   0.0612  0.0840     -    0.0594  0.0596  
 4   0.0486  0.0520  0.0594     -    0.0716  
 5   0.0504  0.0792  0.0596  0.0716     -    

Average distances (expected heterozygosity) between individuals in same cluster:
cluster  1  : 0.6604 
cluster  2  : 0.4933 
cluster  3  : 0.5918 
cluster  4  : 0.5409 
cluster  5  : 0.5716 

--------------------------------------------
Estimated Ln Prob of Data   = -4299.2
Mean value of ln likelihood = -4133.8
Variance of ln likelihood   = 330.7
Mean value of alpha         = 0.0423

Mean value of lambda        = 1.0245

Mean value of Fst_1         = 0.0465
Mean value of Fst_2         = 0.2490
Mean value of Fst_3         = 0.1576
Mean value of Fst_4         = 0.1773
Mean value of Fst_5         = 0.1677


Inferred ancestry of individuals:
        Label (%Miss) Pop:  Inferred clusters (and 90% probability intervals)
  1       1*    (0)    1 :  0.934 0.014 0.008 0.021 0.022     (0.660,1.000) (0.000,0.089) (0.000,0.045) (0.000,0.139) (0.000,0.154) 
  2        3    (0)    1 :  0.006 0.974 0.006 0.006 0.008     (0.000,0.031) (0.859,1.000) (0.000,0.031) (0.000,0.035) (0.000,0.043) 
  3        6    (0)    1 :  0.006 0.956 0.015 0.011 0.012     (0.000,0.032) (0.761,1.000) (0.000,0.095) (0.000,0.064) (0.000,0.071) 
  4        8    (0)    1 :  0.011 0.193 0.004 0.781 0.010     (0.000,0.067) (0.000,1.000) (0.000,0.022) (0.000,1.000) (0.000,0.061) 
  5       10    (0)    1 :  0.007 0.012 0.006 0.971 0.005     (0.000,0.038) (0.000,0.066) (0.000,0.029) (0.842,1.000) (0.000,0.024) 
  6       11    (0)    1 :  0.803 0.039 0.064 0.074 0.020     (0.000,1.000) (0.000,0.281) (0.000,0.473) (0.000,0.477) (0.000,0.120) 
  7       12    (0)    1 :  0.009 0.012 0.017 0.956 0.006     (0.000,0.045) (0.000,0.067) (0.000,0.089) (0.762,1.000) (0.000,0.031) 
  8       16    (7)    1 :  0.006 0.973 0.006 0.010 0.005     (0.000,0.033) (0.854,1.000) (0.000,0.032) (0.000,0.057) (0.000,0.025) 
  9       18    (0)    1 :  0.972 0.008 0.004 0.009 0.007     (0.848,1.000) (0.000,0.046) (0.000,0.023) (0.000,0.049) (0.000,0.035) 
 10       19    (0)    1 :  0.873 0.018 0.035 0.028 0.045     (0.400,1.000) (0.000,0.116) (0.000,0.255) (0.000,0.203) (0.000,0.322) 
 11       21    (7)    1 :  0.006 0.969 0.008 0.011 0.005     (0.000,0.034) (0.832,1.000) (0.000,0.045) (0.000,0.066) (0.000,0.028) 
 12       23    (7)    1 :  0.028 0.053 0.277 0.614 0.028     (0.000,0.181) (0.000,0.375) (0.000,0.999) (0.000,1.000) (0.000,0.201) 
 13       24    (7)    1 :  0.216 0.014 0.049 0.713 0.008     (0.000,0.980) (0.000,0.084) (0.000,0.322) (0.000,1.000) (0.000,0.043) 
 14       25    (7)    1 :  0.034 0.036 0.038 0.878 0.015     (0.000,0.242) (0.000,0.257) (0.000,0.282) (0.495,1.000) (0.000,0.092) 
 15      26*    (0)    1 :  0.016 0.247 0.005 0.725 0.007     (0.000,0.105) (0.000,0.912) (0.000,0.027) (0.000,1.000) (0.000,0.036) 
 16       28    (0)    1 :  0.006 0.156 0.006 0.826 0.006     (0.000,0.030) (0.000,1.000) (0.000,0.031) (0.000,1.000) (0.000,0.033) 
 17       29    (0)    1 :  0.011 0.009 0.006 0.969 0.005     (0.000,0.063) (0.000,0.047) (0.000,0.031) (0.832,1.000) (0.000,0.025) 
 18       30    (0)    1 :  0.036 0.289 0.010 0.214 0.451     (0.000,0.231) (0.000,0.996) (0.000,0.052) (0.000,0.818) (0.000,0.997) 
 19       33    (0)    1 :  0.957 0.006 0.019 0.005 0.014     (0.767,1.000) (0.000,0.031) (0.000,0.132) (0.000,0.024) (0.000,0.089) 
 20       37    (0)    1 :  0.959 0.009 0.007 0.018 0.006     (0.778,1.000) (0.000,0.054) (0.000,0.043) (0.000,0.117) (0.000,0.036) 
 21       38    (0)    1 :  0.968 0.010 0.005 0.012 0.005     (0.826,1.000) (0.000,0.057) (0.000,0.023) (0.000,0.071) (0.000,0.027) 
 22       43    (0)    1 :  0.010 0.020 0.008 0.957 0.006     (0.000,0.051) (0.000,0.132) (0.000,0.042) (0.764,1.000) (0.000,0.033) 
 23       44    (0)    1 :  0.013 0.492 0.010 0.447 0.038     (0.000,0.066) (0.000,1.000) (0.000,0.053) (0.000,0.998) (0.000,0.303) 
 24       48    (0)    1 :  0.971 0.011 0.004 0.007 0.007     (0.844,1.000) (0.000,0.061) (0.000,0.024) (0.000,0.038) (0.000,0.036) 
 25       55    (0)    1 :  0.014 0.377 0.014 0.570 0.025     (0.000,0.092) (0.000,1.000) (0.000,0.088) (0.000,1.000) (0.000,0.183) 
 26       59    (0)    1 :  0.007 0.974 0.005 0.006 0.008     (0.000,0.038) (0.858,1.000) (0.000,0.028) (0.000,0.030) (0.000,0.047) 
 27       60    (0)    1 :  0.222 0.021 0.468 0.079 0.210     (0.000,1.000) (0.000,0.149) (0.000,1.000) (0.000,0.674) (0.000,0.998) 
 28       61    (0)    1 :  0.008 0.011 0.923 0.008 0.050     (0.000,0.045) (0.000,0.065) (0.577,1.000) (0.000,0.046) (0.000,0.372) 
 29       62    (0)    1 :  0.021 0.013 0.926 0.022 0.017     (0.000,0.141) (0.000,0.078) (0.631,1.000) (0.000,0.148) (0.000,0.111) 
 30       65    (0)    1 :  0.956 0.006 0.012 0.007 0.019     (0.774,1.000) (0.000,0.030) (0.000,0.078) (0.000,0.038) (0.000,0.140) 
 31       73    (0)    1 :  0.015 0.008 0.009 0.056 0.912     (0.000,0.101) (0.000,0.045) (0.000,0.046) (0.000,0.333) (0.611,1.000) 
 32       75    (0)    1 :  0.021 0.009 0.856 0.005 0.109     (0.000,0.146) (0.000,0.055) (0.267,1.000) (0.000,0.029) (0.000,0.665) 
 33       76    (0)    1 :  0.004 0.005 0.977 0.006 0.008     (0.000,0.022) (0.000,0.026) (0.876,1.000) (0.000,0.034) (0.000,0.041) 
 34       77    (0)    1 :  0.006 0.005 0.977 0.005 0.006     (0.000,0.034) (0.000,0.027) (0.875,1.000) (0.000,0.029) (0.000,0.033) 
 35       78    (0)    1 :  0.013 0.007 0.128 0.015 0.838     (0.000,0.077) (0.000,0.036) (0.000,0.682) (0.000,0.101) (0.282,1.000) 
 36       79    (0)    1 :  0.010 0.004 0.904 0.006 0.075     (0.000,0.062) (0.000,0.020) (0.535,1.000) (0.000,0.037) (0.000,0.439) 
 37       84    (0)    1 :  0.012 0.902 0.034 0.033 0.020     (0.000,0.076) (0.582,1.000) (0.000,0.243) (0.000,0.243) (0.000,0.141) 
 38       85    (0)    1 :  0.017 0.193 0.009 0.767 0.014     (0.000,0.099) (0.000,1.000) (0.000,0.051) (0.000,1.000) (0.000,0.095) 
 39       86    (0)    1 :  0.032 0.151 0.019 0.769 0.029     (0.000,0.227) (0.000,0.988) (0.000,0.122) (0.000,1.000) (0.000,0.216) 
 40       89    (0)    1 :  0.050 0.639 0.082 0.204 0.025     (0.000,0.342) (0.000,1.000) (0.000,0.458) (0.000,0.974) (0.000,0.179) 
 41       94    (0)    1 :  0.029 0.008 0.006 0.953 0.005     (0.000,0.171) (0.000,0.042) (0.000,0.029) (0.758,1.000) (0.000,0.025) 
 42       95    (0)    1 :  0.012 0.957 0.008 0.009 0.013     (0.000,0.067) (0.770,1.000) (0.000,0.047) (0.000,0.049) (0.000,0.080) 
 43       96    (0)    1 :  0.006 0.180 0.008 0.799 0.008     (0.000,0.031) (0.000,1.000) (0.000,0.043) (0.000,1.000) (0.000,0.044) 
 44       98    (0)    1 :  0.009 0.008 0.359 0.010 0.614     (0.000,0.049) (0.000,0.043) (0.000,1.000) (0.000,0.058) (0.000,1.000) 
 45      102    (0)    1 :  0.938 0.026 0.015 0.011 0.009     (0.701,1.000) (0.000,0.197) (0.000,0.107) (0.000,0.068) (0.000,0.052) 
 46      105    (0)    1 :  0.009 0.006 0.005 0.005 0.974     (0.000,0.057) (0.000,0.034) (0.000,0.026) (0.000,0.028) (0.859,1.000) 
 47      106    (0)    1 :  0.035 0.139 0.472 0.018 0.337     (0.000,0.225) (0.000,0.498) (0.000,1.000) (0.000,0.124) (0.000,0.969) 
 48      108    (0)    1 :  0.067 0.009 0.025 0.012 0.887     (0.000,0.431) (0.000,0.051) (0.000,0.169) (0.000,0.074) (0.475,1.000) 
 49      109    (0)    1 :  0.007 0.009 0.017 0.009 0.958     (0.000,0.037) (0.000,0.057) (0.000,0.108) (0.000,0.048) (0.772,1.000) 
 50      112    (0)    1 :  0.040 0.039 0.561 0.346 0.014     (0.000,0.273) (0.000,0.275) (0.000,1.000) (0.000,0.999) (0.000,0.086) 
 51      115    (0)    1 :  0.912 0.011 0.013 0.039 0.025     (0.548,1.000) (0.000,0.069) (0.000,0.076) (0.000,0.290) (0.000,0.169) 
 52      116    (0)    1 :  0.025 0.200 0.010 0.733 0.032     (0.000,0.177) (0.000,1.000) (0.000,0.058) (0.000,1.000) (0.000,0.238) 
 53      117    (0)    1 :  0.016 0.798 0.019 0.146 0.022     (0.000,0.106) (0.000,1.000) (0.000,0.126) (0.000,0.945) (0.000,0.137) 
 54      129    (0)    1 :  0.008 0.263 0.004 0.718 0.007     (0.000,0.045) (0.000,1.000) (0.000,0.021) (0.000,1.000) (0.000,0.036) 
 55      132    (0)    1 :  0.570 0.023 0.139 0.156 0.112     (0.000,1.000) (0.000,0.162) (0.000,0.923) (0.000,0.961) (0.000,0.782) 
 56      133    (0)    1 :  0.008 0.010 0.403 0.007 0.573     (0.000,0.045) (0.000,0.056) (0.000,1.000) (0.000,0.034) (0.000,1.000) 
 57      137    (7)    1 :  0.009 0.011 0.941 0.015 0.025     (0.000,0.049) (0.000,0.057) (0.684,1.000) (0.000,0.089) (0.000,0.157) 
 58      139    (0)    1 :  0.033 0.011 0.888 0.008 0.061     (0.000,0.227) (0.000,0.069) (0.395,1.000) (0.000,0.047) (0.000,0.455) 
 59      140    (0)    1 :  0.010 0.017 0.022 0.007 0.943     (0.000,0.056) (0.000,0.118) (0.000,0.147) (0.000,0.040) (0.701,1.000) 
 60      142    (0)    1 :  0.006 0.013 0.964 0.007 0.009     (0.000,0.036) (0.000,0.081) (0.803,1.000) (0.000,0.041) (0.000,0.054) 
 61      144    (0)    1 :  0.006 0.007 0.006 0.004 0.978     (0.000,0.030) (0.000,0.035) (0.000,0.031) (0.000,0.022) (0.880,1.000) 
 62      145    (0)    1 :  0.009 0.010 0.960 0.008 0.013     (0.000,0.049) (0.000,0.055) (0.783,1.000) (0.000,0.041) (0.000,0.076) 
 63      147    (0)    1 :  0.006 0.004 0.009 0.006 0.976     (0.000,0.030) (0.000,0.023) (0.000,0.048) (0.000,0.031) (0.869,1.000) 
 64      160    (0)    1 :  0.011 0.009 0.006 0.969 0.005     (0.000,0.049) (0.000,0.054) (0.000,0.029) (0.837,1.000) (0.000,0.027) 
 65     162*    (0)    1 :  0.006 0.177 0.007 0.802 0.008     (0.000,0.030) (0.000,1.000) (0.000,0.040) (0.000,1.000) (0.000,0.040) 
 66      166    (0)    1 :  0.011 0.014 0.390 0.007 0.578     (0.000,0.054) (0.000,0.081) (0.000,1.000) (0.000,0.036) (0.000,1.000) 
 67      177    (0)    1 :  0.004 0.004 0.983 0.004 0.005     (0.000,0.022) (0.000,0.019) (0.908,1.000) (0.000,0.020) (0.000,0.028) 
 68      178    (0)    1 :  0.017 0.008 0.922 0.016 0.037     (0.000,0.115) (0.000,0.047) (0.627,1.000) (0.000,0.107) (0.000,0.260) 
 69      186    (0)    1 :  0.005 0.980 0.005 0.006 0.004     (0.000,0.027) (0.894,1.000) (0.000,0.025) (0.000,0.030) (0.000,0.020) 
 70      189    (0)    1 :  0.007 0.189 0.009 0.790 0.005     (0.000,0.037) (0.000,1.000) (0.000,0.053) (0.000,1.000) (0.000,0.024) 
 71      190    (0)    1 :  0.014 0.187 0.013 0.777 0.009     (0.000,0.088) (0.000,1.000) (0.000,0.080) (0.000,1.000) (0.000,0.052) 
 72      191    (0)    1 :  0.012 0.650 0.027 0.256 0.056     (0.000,0.071) (0.000,1.000) (0.000,0.198) (0.000,0.960) (0.000,0.360) 
 73      193    (0)    1 :  0.014 0.043 0.893 0.022 0.027     (0.000,0.084) (0.000,0.312) (0.478,1.000) (0.000,0.136) (0.000,0.198) 
 74      202    (0)    1 :  0.075 0.031 0.020 0.863 0.012     (0.000,0.461) (0.000,0.232) (0.000,0.138) (0.417,1.000) (0.000,0.074) 
 75      204    (0)    1 :  0.005 0.694 0.004 0.291 0.006     (0.000,0.027) (0.000,1.000) (0.000,0.023) (0.000,1.000) (0.000,0.030) 
 76      211    (0)    1 :  0.088 0.017 0.259 0.104 0.532     (0.000,0.725) (0.000,0.117) (0.000,1.000) (0.000,0.711) (0.000,1.000) 
 77      216    (0)    1 :  0.007 0.005 0.066 0.012 0.910     (0.000,0.040) (0.000,0.026) (0.000,0.465) (0.000,0.067) (0.495,1.000) 
 78      222    (0)    1 :  0.027 0.005 0.011 0.012 0.945     (0.000,0.203) (0.000,0.024) (0.000,0.062) (0.000,0.058) (0.694,1.000) 
 79      224    (0)    1 :  0.012 0.191 0.008 0.778 0.011     (0.000,0.068) (0.000,1.000) (0.000,0.044) (0.000,1.000) (0.000,0.073) 
 80      226    (0)    1 :  0.012 0.967 0.007 0.007 0.007     (0.000,0.070) (0.821,1.000) (0.000,0.035) (0.000,0.036) (0.000,0.036) 
 81      229    (0)    1 :  0.088 0.168 0.054 0.623 0.067     (0.000,0.610) (0.000,0.998) (0.000,0.328) (0.000,1.000) (0.000,0.455) 
 82      230    (0)    1 :  0.029 0.209 0.036 0.707 0.019     (0.000,0.186) (0.000,1.000) (0.000,0.249) (0.000,1.000) (0.000,0.133) 
 83      232    (0)    1 :  0.048 0.243 0.189 0.490 0.029     (0.000,0.353) (0.000,0.880) (0.000,0.782) (0.000,0.999) (0.000,0.217) 
 84      238    (0)    1 :  0.701 0.010 0.220 0.029 0.040     (0.052,1.000) (0.000,0.055) (0.000,0.736) (0.000,0.208) (0.000,0.302) 
 85      242    (0)    1 :  0.978 0.006 0.004 0.005 0.007     (0.877,1.000) (0.000,0.034) (0.000,0.022) (0.000,0.026) (0.000,0.038) 
 86      243    (0)    1 :  0.882 0.026 0.041 0.010 0.042     (0.502,1.000) (0.000,0.188) (0.000,0.290) (0.000,0.055) (0.000,0.311) 
 87      244    (0)    1 :  0.847 0.009 0.119 0.016 0.010     (0.427,1.000) (0.000,0.048) (0.000,0.542) (0.000,0.109) (0.000,0.055) 
 88      251    (0)    1 :  0.830 0.015 0.030 0.107 0.018     (0.339,1.000) (0.000,0.088) (0.000,0.209) (0.000,0.582) (0.000,0.118) 
 89      266    (0)    1 :  0.160 0.011 0.803 0.008 0.018     (0.000,0.632) (0.000,0.071) (0.327,1.000) (0.000,0.044) (0.000,0.121) 
 90      267    (0)    1 :  0.013 0.031 0.013 0.010 0.932     (0.000,0.077) (0.000,0.234) (0.000,0.073) (0.000,0.058) (0.651,1.000) 
 91      268    (0)    1 :  0.011 0.007 0.390 0.014 0.578     (0.000,0.061) (0.000,0.034) (0.000,1.000) (0.000,0.092) (0.000,1.000) 
 92      270    (0)    1 :  0.010 0.202 0.007 0.769 0.012     (0.000,0.060) (0.000,1.000) (0.000,0.035) (0.000,1.000) (0.000,0.072) 
 93      276    (0)    1 :  0.024 0.555 0.105 0.268 0.048     (0.000,0.163) (0.000,1.000) (0.000,0.550) (0.000,0.998) (0.000,0.346) 
 94      298    (7)    1 :  0.011 0.013 0.166 0.008 0.801     (0.000,0.063) (0.000,0.081) (0.000,0.993) (0.000,0.046) (0.000,1.000) 
 95      306    (0)    1 :  0.068 0.009 0.789 0.011 0.122     (0.000,0.536) (0.000,0.053) (0.001,1.000) (0.000,0.056) (0.000,0.705) 
 96      308    (0)    1 :  0.048 0.010 0.676 0.048 0.218     (0.000,0.349) (0.000,0.058) (0.000,1.000) (0.000,0.334) (0.000,0.892) 
 97      311    (7)    1 :  0.139 0.013 0.097 0.041 0.711     (0.000,0.908) (0.000,0.077) (0.000,0.714) (0.000,0.295) (0.000,1.000) 
 98      323    (0)    1 :  0.008 0.975 0.005 0.005 0.007     (0.000,0.042) (0.866,1.000) (0.000,0.028) (0.000,0.027) (0.000,0.036) 
 99      327    (0)    1 :  0.015 0.067 0.008 0.895 0.014     (0.000,0.099) (0.000,0.520) (0.000,0.049) (0.413,1.000) (0.000,0.086) 
100      334    (0)    1 :  0.921 0.005 0.016 0.013 0.045     (0.598,1.000) (0.000,0.024) (0.000,0.098) (0.000,0.074) (0.000,0.307) 
101      338    (0)    1 :  0.025 0.032 0.087 0.029 0.826     (0.000,0.158) (0.000,0.233) (0.000,0.574) (0.000,0.200) (0.181,1.000) 
102      341    (0)    1 :  0.016 0.949 0.014 0.012 0.009     (0.000,0.096) (0.733,1.000) (0.000,0.089) (0.000,0.062) (0.000,0.042) 
103      346    (0)    1 :  0.009 0.016 0.939 0.023 0.013     (0.000,0.046) (0.000,0.098) (0.666,1.000) (0.000,0.140) (0.000,0.062) 
104      348    (0)    1 :  0.017 0.007 0.141 0.007 0.828     (0.000,0.110) (0.000,0.041) (0.000,0.882) (0.000,0.037) (0.004,1.000) 
105      351    (0)    1 :  0.899 0.014 0.033 0.035 0.019     (0.493,1.000) (0.000,0.086) (0.000,0.237) (0.000,0.229) (0.000,0.124) 
106      362    (0)    1 :  0.006 0.310 0.006 0.670 0.008     (0.000,0.034) (0.000,1.000) (0.000,0.029) (0.000,1.000) (0.000,0.041) 
107      364    (0)    1 :  0.960 0.009 0.014 0.008 0.009     (0.781,1.000) (0.000,0.052) (0.000,0.090) (0.000,0.043) (0.000,0.053) 
108      366    (0)    1 :  0.937 0.015 0.010 0.013 0.024     (0.672,1.000) (0.000,0.094) (0.000,0.061) (0.000,0.078) (0.000,0.166) 
109      376    (0)    1 :  0.006 0.952 0.015 0.023 0.004     (0.000,0.034) (0.744,1.000) (0.000,0.103) (0.000,0.160) (0.000,0.023) 
110      377    (7)    1 :  0.015 0.058 0.017 0.860 0.050     (0.000,0.083) (0.000,0.432) (0.000,0.087) (0.358,1.000) (0.000,0.317) 
111      378    (0)    1 :  0.006 0.021 0.033 0.930 0.010     (0.000,0.032) (0.000,0.147) (0.000,0.223) (0.658,1.000) (0.000,0.057) 
112      388    (0)    1 :  0.014 0.010 0.016 0.018 0.942     (0.000,0.079) (0.000,0.060) (0.000,0.084) (0.000,0.118) (0.695,1.000) 
113      391    (0)    1 :  0.030 0.588 0.143 0.208 0.032     (0.000,0.209) (0.000,1.000) (0.000,0.687) (0.000,0.837) (0.000,0.228) 
114      401    (0)    1 :  0.280 0.255 0.230 0.220 0.015     (0.000,0.966) (0.000,0.799) (0.000,0.675) (0.000,0.734) (0.000,0.083) 
115      406    (0)    1 :  0.091 0.147 0.266 0.024 0.472     (0.000,0.761) (0.000,0.740) (0.000,1.000) (0.000,0.157) (0.000,1.000) 
116      412    (7)    1 :  0.036 0.040 0.371 0.067 0.486     (0.000,0.224) (0.000,0.292) (0.000,1.000) (0.000,0.491) (0.000,1.000) 
117      413    (0)    1 :  0.030 0.006 0.914 0.024 0.026     (0.000,0.215) (0.000,0.033) (0.577,1.000) (0.000,0.164) (0.000,0.182) 
118      421    (0)    1 :  0.029 0.189 0.083 0.657 0.042     (0.000,0.211) (0.000,1.000) (0.000,0.472) (0.000,1.000) (0.000,0.302) 
119      423    (0)    1 :  0.073 0.164 0.024 0.658 0.080     (0.000,0.554) (0.000,0.999) (0.000,0.169) (0.000,1.000) (0.000,0.516) 
120      424    (0)    1 :  0.048 0.444 0.389 0.051 0.068     (0.000,0.350) (0.000,1.000) (0.000,1.000) (0.000,0.373) (0.000,0.487) 
121      426    (0)    1 :  0.029 0.130 0.062 0.760 0.019     (0.000,0.196) (0.000,0.730) (0.000,0.412) (0.001,1.000) (0.000,0.118) 
122      430    (7)    1 :  0.010 0.034 0.821 0.021 0.114     (0.000,0.053) (0.000,0.231) (0.193,1.000) (0.000,0.115) (0.000,0.645) 
123      435    (0)    1 :  0.004 0.004 0.957 0.009 0.025     (0.000,0.023) (0.000,0.022) (0.768,1.000) (0.000,0.052) (0.000,0.179) 
124      476    (0)    1 :  0.025 0.905 0.016 0.050 0.005     (0.000,0.176) (0.572,1.000) (0.000,0.112) (0.000,0.354) (0.000,0.027) 
125      478    (0)    1 :  0.028 0.833 0.008 0.118 0.013     (0.000,0.204) (0.386,1.000) (0.000,0.048) (0.000,0.585) (0.000,0.084) 
126      484    (0)    1 :  0.007 0.016 0.103 0.008 0.866     (0.000,0.037) (0.000,0.097) (0.000,0.841) (0.000,0.044) (0.063,1.000) 
127      489    (0)    1 :  0.009 0.012 0.016 0.856 0.107     (0.000,0.043) (0.000,0.070) (0.000,0.097) (0.273,1.000) (0.000,0.653) 
128      493    (0)    1 :  0.967 0.006 0.008 0.010 0.008     (0.823,1.000) (0.000,0.036) (0.000,0.047) (0.000,0.063) (0.000,0.046) 
129      494    (0)    1 :  0.944 0.010 0.008 0.032 0.006     (0.698,1.000) (0.000,0.054) (0.000,0.044) (0.000,0.240) (0.000,0.035) 
130      500    (0)    1 :  0.013 0.315 0.005 0.662 0.005     (0.000,0.069) (0.000,1.000) (0.000,0.024) (0.000,1.000) (0.000,0.029) 
131      504    (0)    1 :  0.042 0.012 0.025 0.060 0.861     (0.000,0.283) (0.000,0.072) (0.000,0.151) (0.000,0.355) (0.447,1.000) 
132      506    (0)    1 :  0.005 0.020 0.005 0.011 0.959     (0.000,0.029) (0.000,0.139) (0.000,0.024) (0.000,0.064) (0.767,1.000) 


Estimated Allele Frequencies in each cluster
First column gives estimated ancestral frequencies


Locus 1 : Rsu5 
5 alleles
0.0% missing data
 137   (0.715) 0.689 0.958 0.799 0.910 0.592 
 135   (0.097) 0.105 0.028 0.069 0.034 0.020 
 139   (0.108) 0.166 0.009 0.077 0.050 0.013 
 133   (0.026) 0.022 0.002 0.003 0.002 0.003 
 131   (0.054) 0.018 0.003 0.053 0.004 0.373 

Locus 2 : Scv1 
5 alleles
0.0% missing data
 181   (0.532) 0.647 0.903 0.345 0.647 0.366 
 179   (0.184) 0.176 0.031 0.265 0.129 0.160 
 177   (0.120) 0.069 0.026 0.129 0.093 0.223 
 185   (0.133) 0.071 0.038 0.258 0.128 0.249 
 171   (0.030) 0.038 0.002 0.003 0.003 0.003 

Locus 3 : Rsu4 
9 alleles
0.0% missing data
 267   (0.195) 0.271 0.152 0.054 0.186 0.146 
 263   (0.320) 0.277 0.486 0.489 0.473 0.346 
 259   (0.049) 0.016 0.221 0.005 0.139 0.005 
 287   (0.179) 0.142 0.121 0.168 0.151 0.238 
 275   (0.045) 0.092 0.003 0.014 0.003 0.005 
 279   (0.071) 0.088 0.006 0.159 0.013 0.013 
 283   (0.073) 0.048 0.005 0.104 0.006 0.240 
 291   (0.038) 0.028 0.004 0.004 0.027 0.004 
 271   (0.029) 0.037 0.002 0.003 0.002 0.003 

Locus 4 : Rsu6 
5 alleles
0.0% missing data
 120   (0.262) 0.233 0.270 0.256 0.389 0.152 
 126   (0.593) 0.628 0.573 0.727 0.456 0.829 
 124   (0.083) 0.060 0.151 0.011 0.142 0.012 
 130   (0.036) 0.069 0.002 0.004 0.003 0.004 
 114   (0.026) 0.009 0.004 0.003 0.011 0.003 

Locus 5 : Scv23 
3 alleles
0.8% missing data
 158   (0.505) 0.467 0.441 0.562 0.625 0.683 
 164   (0.212) 0.262 0.365 0.071 0.086 0.157 
 160   (0.283) 0.271 0.195 0.367 0.289 0.161 

Locus 6 : Scv13 
5 alleles
0.0% missing data
 182   (0.713) 0.691 0.815 0.712 0.944 0.879 
 180   (0.090) 0.113 0.151 0.012 0.039 0.010 
 172   (0.085) 0.067 0.006 0.166 0.006 0.089 
 184   (0.073) 0.107 0.025 0.013 0.007 0.018 
 174   (0.039) 0.022 0.003 0.097 0.003 0.004 

Locus 7 : Scv32 
18 alleles
0.0% missing data
 236   (0.037) 0.111 0.002 0.005 0.003 0.004 
 238   (0.053) 0.044 0.004 0.052 0.009 0.114 
 234   (0.121) 0.066 0.295 0.568 0.052 0.166 
 246   (0.046) 0.016 0.271 0.010 0.101 0.008 
 248   (0.084) 0.140 0.020 0.011 0.267 0.025 
 262   (0.092) 0.065 0.046 0.073 0.211 0.075 
 232   (0.180) 0.307 0.158 0.095 0.073 0.329 
 250   (0.034) 0.012 0.012 0.009 0.126 0.004 
 228   (0.025) 0.036 0.002 0.003 0.002 0.003 
 220   (0.042) 0.016 0.106 0.005 0.107 0.004 
 264   (0.060) 0.053 0.048 0.055 0.012 0.010 
 252   (0.047) 0.017 0.005 0.051 0.011 0.071 
 254   (0.049) 0.030 0.003 0.046 0.005 0.085 
 242   (0.025) 0.037 0.002 0.003 0.002 0.003 
 266   (0.027) 0.010 0.002 0.004 0.002 0.054 
 244   (0.034) 0.012 0.003 0.004 0.013 0.043 
 226   (0.022) 0.007 0.020 0.002 0.002 0.002 
 240   (0.023) 0.020 0.001 0.003 0.002 0.002 

Locus 8 : Scv8 
6 alleles
0.0% missing data
 200   (0.615) 0.665 0.831 0.516 0.732 0.673 
 202   (0.099) 0.140 0.007 0.065 0.008 0.089 
 194   (0.092) 0.044 0.128 0.140 0.075 0.011 
 204   (0.046) 0.029 0.006 0.007 0.084 0.005 
 198   (0.072) 0.082 0.022 0.015 0.095 0.008 
 188   (0.076) 0.039 0.005 0.257 0.006 0.214 

Locus 9 : Scv9 
5 alleles
0.0% missing data
 198   (0.310) 0.244 0.388 0.558 0.292 0.336 
 200   (0.351) 0.468 0.395 0.112 0.445 0.258 
 196   (0.264) 0.262 0.080 0.255 0.255 0.387 
 204   (0.050) 0.018 0.135 0.057 0.005 0.015 
 202   (0.025) 0.008 0.002 0.018 0.002 0.004 

Locus 10 : Rsu1 
6 alleles
0.0% missing data
 189   (0.312) 0.478 0.397 0.255 0.076 0.152 
 185   (0.268) 0.207 0.188 0.277 0.158 0.722 
 177   (0.086) 0.055 0.025 0.033 0.083 0.049 
 181   (0.239) 0.228 0.091 0.425 0.472 0.066 
 193   (0.051) 0.017 0.097 0.006 0.170 0.005 
 197   (0.044) 0.015 0.201 0.004 0.042 0.005 

Locus 11 : Scv14 
7 alleles
4.5% missing data
 196   (0.512) 0.453 0.902 0.639 0.820 0.584 
 198   (0.091) 0.122 0.007 0.106 0.015 0.056 
 194   (0.147) 0.184 0.029 0.145 0.070 0.061 
 202   (0.174) 0.197 0.056 0.089 0.076 0.290 
 204   (0.024) 0.022 0.002 0.003 0.002 0.002 
 190   (0.025) 0.010 0.002 0.003 0.015 0.003 
 200   (0.026) 0.012 0.002 0.016 0.002 0.003 

Locus 12 : Scv16 
7 alleles
0.0% missing data
 182   (0.370) 0.296 0.283 0.611 0.658 0.383 
 184   (0.420) 0.520 0.668 0.234 0.254 0.537 
 188   (0.077) 0.114 0.040 0.008 0.076 0.008 
 200   (0.025) 0.022 0.002 0.003 0.002 0.003 
 198   (0.043) 0.015 0.003 0.087 0.004 0.040 
 190   (0.040) 0.013 0.003 0.053 0.003 0.026 
 186   (0.025) 0.020 0.002 0.005 0.002 0.003 

Locus 13 : Scv31 
15 alleles
3.0% missing data
 193   (0.131) 0.126 0.020 0.059 0.294 0.208 
 201   (0.112) 0.189 0.028 0.013 0.070 0.053 
 187   (0.077) 0.029 0.274 0.009 0.185 0.105 
 207   (0.032) 0.010 0.317 0.003 0.009 0.004 
 195   (0.065) 0.023 0.028 0.021 0.085 0.180 
 185   (0.164) 0.150 0.197 0.346 0.028 0.227 
 189   (0.072) 0.171 0.005 0.007 0.067 0.008 
 205   (0.025) 0.022 0.002 0.003 0.002 0.003 
 191   (0.109) 0.062 0.101 0.483 0.213 0.018 
 197   (0.033) 0.011 0.006 0.003 0.004 0.136 
 199   (0.063) 0.066 0.004 0.040 0.005 0.046 
 203   (0.032) 0.054 0.002 0.003 0.002 0.003 
 209   (0.030) 0.038 0.002 0.004 0.003 0.003 
 213   (0.030) 0.038 0.002 0.003 0.002 0.004 
 181   (0.027) 0.009 0.013 0.003 0.031 0.003 

Locus 14 : Scv6 
8 alleles
0.0% missing data
 191   (0.102) 0.168 0.024 0.011 0.215 0.022 
 195   (0.365) 0.319 0.642 0.299 0.477 0.559 
 197   (0.207) 0.130 0.278 0.277 0.270 0.227 
 201   (0.078) 0.149 0.005 0.097 0.009 0.011 
 205   (0.030) 0.038 0.002 0.003 0.002 0.003 
 193   (0.096) 0.104 0.007 0.150 0.008 0.110 
 199   (0.093) 0.054 0.041 0.160 0.017 0.065 
 181   (0.030) 0.038 0.002 0.003 0.002 0.003 

Values of parameters used in structure:
DATAFILE=M:\STRUCTURE\Squirrel_132_ID_14L_20250816\project_data,	OUTFILE=M:\STRUCTURE\Squirrel_132_ID_14L_20250816\10k_Burnin_100k_MCMC\Results\10k_Burnin_100k_MCMC_run_110,	NUMINDS=132,	NUMLOCI=14,	MISSING=-9,	LABEL=1,	POPDATA=1,	POPFLAG=0,	PHENOTYPE=0,	EXTRACOLS=1,	MAXPOPS=5,	BURNIN=10000,	NUMREPS=100000,	USEPOPINFO=0,	INFERALPHA=1,	INFERLAMBDA=1,	POPSPECIFICLAMBDA=0,	POPALPHAS=0,	COMPUTEPROB=1,	NOADMIX=0,	ADMBURNIN=2500,	UPDATEFREQ=1,	PRINTLIKES=0,	INTERMEDSAVE=0,	PRINTKLD=0,	PRINTNET=0,	PRINTLAMBDA=0,	ANCESTDIST=1,	NUMBOXES=1000,	ANCESTPINT=0.90000,	GENSBACK=2,	MIGRPRIOR=0.05000,	PRINTQHAT=1,	PRINTQSUM=0,	ALPHA=1.0000,	FREQSCORR=1,	FPRIORMEAN=0.0100,	FPRIORSD=0.0500,	ONEFST=0,	LAMBDA=1.0000,	UNIFPRIORALPHA=1,	ALPHAMAX=10.0000,	ALPHAPRIORA=1.0000,	ALPHAPRIORB=2.0000,	ALPHAPROPSD=0.0250,	STARTATPOPINFO=0,	RANDOMIZE=1,	LINKAGE=0,	METROFREQ=10,	REPORTHITRATE=0,	MARKOVPHASE=-1,	PHASED=0,	PLOIDY=2,	PHASEINFO=0	LOCPRIOR=0, 	LOCPRIORINIT=1.000000, 	LOCDATA=0, 	LOCISPOP=0, 	LOCPRIORSTEP=0.100000, 	MAXLOCPRIOR=20.000000, 	SEED=1763821418,	
[STRAT parameters]:    NUMSIMSTATS=1000,	PHENOTYPECOL=-9,	POOLFREQ=10,	LOCUSxONLY=0,	EMERROR=0.00100,	MISSINGPHENO=-9,	