          1*  1 0.0176 0.0157 0.0091 0.0602 0.8975 
           3  1 0.9748 0.0066 0.0067 0.0062 0.0057 
           6  1 0.9491 0.0156 0.0193 0.0094 0.0066 
           8  1 0.0089 0.0057 0.9564 0.0148 0.0142 
          10  1 0.0132 0.0049 0.0749 0.8956 0.0115 
          11  1 0.0264 0.0426 0.0877 0.0278 0.8155 
          12  1 0.0071 0.0052 0.0064 0.9763 0.0050 
          16  1 0.9641 0.0053 0.0152 0.0082 0.0073 
          18  1 0.0091 0.0057 0.0111 0.0076 0.9665 
          19  1 0.0139 0.0373 0.0458 0.0122 0.8908 
          21  1 0.9460 0.0071 0.0307 0.0088 0.0073 
          23  1 0.0298 0.0804 0.0175 0.8571 0.0151 
          24  1 0.0164 0.0213 0.1248 0.5077 0.3298 
          25  1 0.0626 0.0138 0.0851 0.8209 0.0177 
         26*  1 0.2038 0.0079 0.5006 0.2537 0.0340 
          28  1 0.0371 0.0076 0.8250 0.1219 0.0083 
          29  1 0.0074 0.0062 0.0525 0.9166 0.0174 
          30  1 0.3469 0.2004 0.2901 0.0835 0.0791 
          33  1 0.0069 0.0177 0.0051 0.0067 0.9637 
          37  1 0.0117 0.0083 0.0097 0.0395 0.9309 
          38  1 0.0097 0.0054 0.0116 0.0134 0.9598 
          43  1 0.0368 0.0089 0.1371 0.8062 0.0110 
          44  1 0.1978 0.0094 0.7790 0.0065 0.0073 
          48  1 0.0148 0.0055 0.0075 0.0078 0.9644 
          55  1 0.0928 0.0174 0.8614 0.0140 0.0144 
          59  1 0.9738 0.0063 0.0076 0.0050 0.0072 
          60  1 0.0262 0.4811 0.0063 0.3268 0.1595 
          61  1 0.0112 0.9630 0.0094 0.0086 0.0078 
          62  1 0.0168 0.8802 0.0217 0.0503 0.0311 
          65  1 0.0064 0.0223 0.0083 0.0063 0.9568 
          73  1 0.0115 0.7913 0.0237 0.1541 0.0194 
          75  1 0.0105 0.9598 0.0059 0.0049 0.0189 
          76  1 0.0063 0.9629 0.0057 0.0189 0.0061 
          77  1 0.0060 0.9460 0.0054 0.0324 0.0102 
          78  1 0.0064 0.9667 0.0100 0.0088 0.0082 
          79  1 0.0041 0.9682 0.0070 0.0055 0.0151 
          84  1 0.8809 0.0402 0.0386 0.0256 0.0147 
          85  1 0.0093 0.0100 0.9636 0.0064 0.0108 
          86  1 0.0054 0.0139 0.9399 0.0149 0.0258 
          89  1 0.6346 0.0454 0.0174 0.2738 0.0288 
          94  1 0.0070 0.0052 0.0091 0.9668 0.0120 
          95  1 0.9489 0.0123 0.0182 0.0077 0.0128 
          96  1 0.0067 0.0071 0.9696 0.0109 0.0057 
          98  1 0.0097 0.9555 0.0098 0.0155 0.0095 
         102  1 0.0330 0.0131 0.0071 0.0204 0.9264 
         105  1 0.0125 0.9410 0.0121 0.0081 0.0263 
         106  1 0.1259 0.8336 0.0180 0.0058 0.0167 
         108  1 0.0133 0.8732 0.0191 0.0126 0.0819 
         109  1 0.0347 0.8989 0.0457 0.0079 0.0128 
         112  1 0.0312 0.2061 0.4737 0.2069 0.0821 
         115  1 0.0142 0.0243 0.0126 0.0717 0.8772 
         116  1 0.0096 0.0094 0.9610 0.0067 0.0134 
         117  1 0.7542 0.0221 0.0681 0.1391 0.0166 
         129  1 0.0567 0.0052 0.9200 0.0097 0.0085 
         132  1 0.0229 0.1542 0.0071 0.5563 0.2595 
         133  1 0.0102 0.9647 0.0055 0.0113 0.0083 
         137  1 0.0147 0.9208 0.0098 0.0440 0.0107 
         139  1 0.0150 0.9323 0.0104 0.0088 0.0334 
         140  1 0.0251 0.9325 0.0191 0.0071 0.0162 
         142  1 0.0243 0.9439 0.0072 0.0157 0.0089 
         144  1 0.0135 0.9650 0.0075 0.0052 0.0088 
         145  1 0.0193 0.9498 0.0131 0.0084 0.0094 
         147  1 0.0054 0.9662 0.0155 0.0048 0.0081 
         160  1 0.0083 0.0048 0.0090 0.9715 0.0063 
        162*  1 0.0066 0.0069 0.9680 0.0124 0.0061 
         166  1 0.0137 0.9508 0.0074 0.0193 0.0089 
         177  1 0.0055 0.9762 0.0052 0.0057 0.0074 
         178  1 0.0077 0.9332 0.0122 0.0334 0.0135 
         186  1 0.9795 0.0042 0.0060 0.0056 0.0047 
         189  1 0.0069 0.0056 0.9702 0.0113 0.0061 
         190  1 0.0547 0.0165 0.8126 0.0923 0.0239 
         191  1 0.3198 0.0504 0.5939 0.0238 0.0119 
         193  1 0.0467 0.8865 0.0228 0.0313 0.0127 
         202  1 0.0206 0.0145 0.2380 0.5897 0.1372 
         204  1 0.3250 0.0054 0.6543 0.0101 0.0053 
         211  1 0.0157 0.5692 0.0080 0.3674 0.0397 
         216  1 0.0056 0.9527 0.0074 0.0277 0.0066 
         222  1 0.0067 0.8787 0.0484 0.0165 0.0497 
         224  1 0.0085 0.0084 0.9623 0.0125 0.0083 
         226  1 0.9689 0.0057 0.0082 0.0060 0.0112 
         229  1 0.0418 0.1314 0.6465 0.0500 0.1303 
         230  1 0.0338 0.0373 0.8704 0.0232 0.0353 
         232  1 0.2292 0.1404 0.1097 0.4702 0.0504 
         238  1 0.0076 0.2442 0.0340 0.0132 0.7010 
         242  1 0.0065 0.0060 0.0078 0.0047 0.9749 
         243  1 0.0324 0.0622 0.0104 0.0126 0.8823 
         244  1 0.0075 0.0451 0.0169 0.0124 0.9180 
         251  1 0.0112 0.0257 0.0428 0.1176 0.8026 
         266  1 0.0109 0.6695 0.0111 0.0103 0.2982 
         267  1 0.1028 0.8271 0.0361 0.0115 0.0226 
         268  1 0.0069 0.9471 0.0050 0.0320 0.0089 
         270  1 0.0182 0.0085 0.9500 0.0145 0.0088 
         276  1 0.2390 0.1016 0.6092 0.0280 0.0222 
         298  1 0.0145 0.9593 0.0074 0.0090 0.0098 
         306  1 0.0092 0.9201 0.0068 0.0236 0.0402 
         308  1 0.0084 0.8925 0.0111 0.0615 0.0265 
         311  1 0.0110 0.7567 0.0324 0.0263 0.1735 
         323  1 0.9734 0.0055 0.0082 0.0052 0.0077 
         327  1 0.0257 0.0132 0.5951 0.3387 0.0274 
         334  1 0.0050 0.0312 0.0154 0.0150 0.9333 
         338  1 0.0225 0.8899 0.0283 0.0326 0.0267 
         341  1 0.9614 0.0069 0.0083 0.0139 0.0095 
         346  1 0.0404 0.6253 0.0119 0.3001 0.0223 
         348  1 0.0063 0.9668 0.0086 0.0054 0.0129 
         351  1 0.0184 0.0355 0.0104 0.1041 0.8316 
         362  1 0.1073 0.0065 0.8362 0.0426 0.0074 
         364  1 0.0111 0.0144 0.0061 0.0118 0.9567 
         366  1 0.0139 0.0147 0.0204 0.0114 0.9396 
         376  1 0.9413 0.0102 0.0244 0.0161 0.0081 
         377  1 0.0250 0.0469 0.3926 0.5111 0.0244 
         378  1 0.0137 0.0093 0.0076 0.9642 0.0052 
         388  1 0.0122 0.8731 0.0194 0.0639 0.0314 
         391  1 0.5715 0.0336 0.0076 0.3730 0.0143 
         401  1 0.1029 0.1146 0.3220 0.0110 0.4495 
         406  1 0.1785 0.6299 0.0179 0.0648 0.1088 
         412  1 0.0325 0.8000 0.0429 0.0829 0.0417 
         413  1 0.0059 0.8825 0.0462 0.0119 0.0536 
         421  1 0.0219 0.0519 0.8900 0.0147 0.0215 
         423  1 0.0112 0.0229 0.9274 0.0114 0.0271 
         424  1 0.4635 0.3167 0.0123 0.1662 0.0412 
         426  1 0.0732 0.0181 0.0283 0.8577 0.0227 
         430  1 0.0316 0.9265 0.0117 0.0229 0.0074 
         435  1 0.0061 0.9604 0.0086 0.0200 0.0049 
         476  1 0.7785 0.0112 0.1599 0.0179 0.0325 
         478  1 0.7278 0.0122 0.2137 0.0180 0.0282 
         484  1 0.0164 0.9558 0.0080 0.0116 0.0082 
         489  1 0.0073 0.0694 0.0676 0.8477 0.0080 
         493  1 0.0072 0.0092 0.0077 0.0122 0.9636 
         494  1 0.0113 0.0080 0.0204 0.0323 0.9279 
         500  1 0.0471 0.0050 0.9295 0.0095 0.0088 
         504  1 0.0137 0.7963 0.0746 0.0452 0.0702 
         506  1 0.1054 0.7659 0.1070 0.0101 0.0116 
