

----------------------------------------------------
STRUCTURE by Pritchard, Stephens and Donnelly (2000)
     and Falush, Stephens and Pritchard (2003)
       Code by Pritchard, Falush and Hubisz
             Version 2.3.4 (Jul 2012)
----------------------------------------------------



Command line arguments:   bin\structure -m M:\STRUCTURE\Squirrel_132_ID_14L_20250816\10k_Burnin_100k_MCMC\mainparams -e M:\STRUCTURE\Squirrel_132_ID_14L_20250816\10k_Burnin_100k_MCMC\extraparams 
Input File:    M:\STRUCTURE\Squirrel_132_ID_14L_20250816\project_data

Run parameters:
   132 individuals
   14 loci
   8 populations assumed
   10000 Burn-in period
   100000 Reps


--------------------------------------------
Proportion of membership of each pre-defined
 population in each of the 8 clusters

Given    Inferred Clusters                                          Number of
 Pop       1      2      3      4      5      6      7      8      Individuals

  1:     0.107  0.127  0.139  0.104  0.171  0.102  0.122  0.128      132
--------------------------------------------

Allele-freq. divergence among pops (Net nucleotide distance),
computed using point estimates of P.

      1       2       3       4       5       6       7       8      
 1      -    0.0831  0.0726  0.0207  0.0663  0.1197  0.0858  0.0962  
 2   0.0831     -    0.0854  0.0379  0.0834  0.1007  0.0863  0.0682  
 3   0.0726  0.0854     -    0.0609  0.0768  0.1200  0.1235  0.1218  
 4   0.0207  0.0379  0.0609     -    0.0336  0.0827  0.0597  0.0483  
 5   0.0663  0.0834  0.0768  0.0336     -    0.0921  0.0901  0.0880  
 6   0.1197  0.1007  0.1200  0.0827  0.0921     -    0.1773  0.1182  
 7   0.0858  0.0863  0.1235  0.0597  0.0901  0.1773     -    0.1095  
 8   0.0962  0.0682  0.1218  0.0483  0.0880  0.1182  0.1095     -    

Average distances (expected heterozygosity) between individuals in same cluster:
cluster  1  : 0.6393 
cluster  2  : 0.5381 
cluster  3  : 0.4588 
cluster  4  : 0.6698 
cluster  5  : 0.5458 
cluster  6  : 0.3994 
cluster  7  : 0.5288 
cluster  8  : 0.5864 

--------------------------------------------
Estimated Ln Prob of Data   = -4214.0
Mean value of ln likelihood = -3955.4
Variance of ln likelihood   = 517.2
Mean value of alpha         = 0.0441

Mean value of lambda        = 0.9433

Mean value of Fst_1         = 0.1026
Mean value of Fst_2         = 0.2236
Mean value of Fst_3         = 0.2990
Mean value of Fst_4         = 0.0131
Mean value of Fst_5         = 0.2010
Mean value of Fst_6         = 0.3672
Mean value of Fst_7         = 0.2307
Mean value of Fst_8         = 0.1922


Inferred ancestry of individuals:
        Label (%Miss) Pop:  Inferred clusters (and 90% probability intervals)
  1       1*    (0)    1 :  0.686 0.125 0.016 0.106 0.009 0.037 0.016 0.005     (0.000,1.000) (0.000,0.515) (0.000,0.106) (0.000,0.903) (0.000,0.054) (0.000,0.265) (0.000,0.101) (0.000,0.029) 
  2        3    (0)    1 :  0.005 0.007 0.957 0.005 0.006 0.005 0.009 0.004     (0.000,0.029) (0.000,0.041) (0.810,1.000) (0.000,0.030) (0.000,0.032) (0.000,0.029) (0.000,0.053) (0.000,0.024) 
  3        6    (0)    1 :  0.006 0.023 0.913 0.009 0.021 0.007 0.011 0.010     (0.000,0.031) (0.000,0.167) (0.635,1.000) (0.000,0.047) (0.000,0.143) (0.000,0.041) (0.000,0.070) (0.000,0.060) 
  4        8    (0)    1 :  0.015 0.005 0.009 0.015 0.917 0.025 0.011 0.004     (0.000,0.101) (0.000,0.025) (0.000,0.050) (0.000,0.088) (0.646,1.000) (0.000,0.169) (0.000,0.067) (0.000,0.020) 
  5       10    (0)    1 :  0.008 0.005 0.010 0.010 0.042 0.917 0.004 0.004     (0.000,0.047) (0.000,0.024) (0.000,0.066) (0.000,0.059) (0.000,0.282) (0.651,1.000) (0.000,0.021) (0.000,0.024) 
  6       11    (0)    1 :  0.189 0.047 0.021 0.630 0.055 0.016 0.010 0.033     (0.000,0.965) (0.000,0.331) (0.000,0.144) (0.000,1.000) (0.000,0.425) (0.000,0.107) (0.000,0.061) (0.000,0.236) 
  7       12    (0)    1 :  0.005 0.007 0.006 0.005 0.005 0.964 0.004 0.004     (0.000,0.025) (0.000,0.038) (0.000,0.031) (0.000,0.025) (0.000,0.029) (0.838,1.000) (0.000,0.021) (0.000,0.023) 
  8       16    (7)    1 :  0.006 0.006 0.950 0.006 0.015 0.007 0.004 0.006     (0.000,0.032) (0.000,0.032) (0.771,1.000) (0.000,0.033) (0.000,0.094) (0.000,0.039) (0.000,0.023) (0.000,0.031) 
  9       18    (0)    1 :  0.951 0.005 0.007 0.010 0.010 0.007 0.007 0.004     (0.778,1.000) (0.000,0.025) (0.000,0.038) (0.000,0.051) (0.000,0.060) (0.000,0.039) (0.000,0.040) (0.000,0.025) 
 10       19    (0)    1 :  0.094 0.008 0.013 0.797 0.028 0.010 0.024 0.026     (0.000,0.812) (0.000,0.041) (0.000,0.078) (0.000,1.000) (0.000,0.200) (0.000,0.061) (0.000,0.161) (0.000,0.185) 
 11       21    (7)    1 :  0.006 0.007 0.933 0.008 0.026 0.007 0.005 0.007     (0.000,0.030) (0.000,0.040) (0.709,1.000) (0.000,0.044) (0.000,0.182) (0.000,0.041) (0.000,0.027) (0.000,0.041) 
 12       23    (7)    1 :  0.012 0.396 0.019 0.034 0.015 0.475 0.010 0.039     (0.000,0.073) (0.000,0.994) (0.000,0.131) (0.000,0.235) (0.000,0.097) (0.000,0.988) (0.000,0.059) (0.000,0.273) 
 13       24    (7)    1 :  0.066 0.014 0.014 0.414 0.059 0.390 0.008 0.034     (0.000,0.457) (0.000,0.084) (0.000,0.101) (0.000,0.999) (0.000,0.401) (0.000,0.964) (0.000,0.045) (0.000,0.252) 
 14       25    (7)    1 :  0.016 0.236 0.055 0.060 0.119 0.498 0.007 0.009     (0.000,0.101) (0.000,0.767) (0.000,0.334) (0.000,0.448) (0.000,0.450) (0.000,0.944) (0.000,0.037) (0.000,0.054) 
 15      26*    (0)    1 :  0.021 0.012 0.251 0.071 0.399 0.233 0.008 0.005     (0.000,0.148) (0.000,0.073) (0.000,0.782) (0.000,0.465) (0.000,0.987) (0.000,0.676) (0.000,0.040) (0.000,0.029) 
 16       28    (0)    1 :  0.006 0.012 0.035 0.010 0.808 0.118 0.006 0.006     (0.000,0.033) (0.000,0.078) (0.000,0.256) (0.000,0.053) (0.000,1.000) (0.000,0.743) (0.000,0.033) (0.000,0.035) 
 17       29    (0)    1 :  0.014 0.006 0.006 0.015 0.026 0.921 0.006 0.005     (0.000,0.100) (0.000,0.030) (0.000,0.033) (0.000,0.096) (0.000,0.187) (0.663,1.000) (0.000,0.035) (0.000,0.030) 
 18       30    (0)    1 :  0.022 0.031 0.178 0.093 0.150 0.172 0.347 0.007     (0.000,0.127) (0.000,0.222) (0.000,0.779) (0.000,0.765) (0.000,0.740) (0.000,0.692) (0.000,0.782) (0.000,0.039) 
 19       33    (0)    1 :  0.733 0.021 0.006 0.179 0.005 0.006 0.018 0.033     (0.000,1.000) (0.000,0.148) (0.000,0.032) (0.000,0.993) (0.000,0.029) (0.000,0.032) (0.000,0.129) (0.000,0.231) 
 20       37    (0)    1 :  0.897 0.011 0.010 0.015 0.008 0.043 0.006 0.010     (0.587,1.000) (0.000,0.067) (0.000,0.061) (0.000,0.077) (0.000,0.049) (0.000,0.297) (0.000,0.035) (0.000,0.061) 
 21       38    (0)    1 :  0.920 0.004 0.009 0.033 0.010 0.014 0.005 0.005     (0.650,1.000) (0.000,0.024) (0.000,0.052) (0.000,0.184) (0.000,0.057) (0.000,0.099) (0.000,0.028) (0.000,0.025) 
 22       43    (0)    1 :  0.009 0.016 0.038 0.013 0.148 0.761 0.008 0.006     (0.000,0.051) (0.000,0.113) (0.000,0.248) (0.000,0.080) (0.000,0.511) (0.418,1.000) (0.000,0.055) (0.000,0.035) 
 23       44    (0)    1 :  0.007 0.005 0.206 0.010 0.742 0.006 0.018 0.006     (0.000,0.040) (0.000,0.029) (0.000,0.610) (0.000,0.049) (0.287,1.000) (0.000,0.034) (0.000,0.119) (0.000,0.030) 
 24       48    (0)    1 :  0.954 0.005 0.010 0.008 0.006 0.007 0.006 0.004     (0.793,1.000) (0.000,0.026) (0.000,0.058) (0.000,0.042) (0.000,0.034) (0.000,0.040) (0.000,0.036) (0.000,0.022) 
 25       55    (0)    1 :  0.010 0.044 0.085 0.018 0.812 0.009 0.016 0.007     (0.000,0.062) (0.000,0.295) (0.000,0.479) (0.000,0.110) (0.384,1.000) (0.000,0.051) (0.000,0.106) (0.000,0.037) 
 26       59    (0)    1 :  0.007 0.008 0.954 0.007 0.007 0.005 0.008 0.004     (0.000,0.040) (0.000,0.043) (0.795,1.000) (0.000,0.036) (0.000,0.039) (0.000,0.026) (0.000,0.051) (0.000,0.022) 
 27       60    (0)    1 :  0.013 0.925 0.008 0.011 0.005 0.025 0.006 0.007     (0.000,0.076) (0.674,1.000) (0.000,0.045) (0.000,0.054) (0.000,0.025) (0.000,0.178) (0.000,0.032) (0.000,0.039) 
 28       61    (0)    1 :  0.007 0.407 0.014 0.017 0.013 0.007 0.048 0.487     (0.000,0.042) (0.000,0.998) (0.000,0.084) (0.000,0.096) (0.000,0.076) (0.000,0.039) (0.000,0.333) (0.000,0.999) 
 29       62    (0)    1 :  0.023 0.116 0.015 0.076 0.020 0.034 0.017 0.699     (0.000,0.163) (0.000,0.856) (0.000,0.091) (0.000,0.664) (0.000,0.136) (0.000,0.252) (0.000,0.118) (0.000,1.000) 
 30       65    (0)    1 :  0.812 0.015 0.005 0.116 0.009 0.006 0.024 0.013     (0.000,1.000) (0.000,0.098) (0.000,0.029) (0.000,0.951) (0.000,0.055) (0.000,0.031) (0.000,0.169) (0.000,0.090) 
 31       73    (0)    1 :  0.008 0.036 0.008 0.014 0.013 0.145 0.769 0.006     (0.000,0.046) (0.000,0.273) (0.000,0.044) (0.000,0.083) (0.000,0.084) (0.000,0.495) (0.406,1.000) (0.000,0.034) 
 32       75    (0)    1 :  0.010 0.004 0.008 0.013 0.005 0.004 0.033 0.922     (0.000,0.066) (0.000,0.023) (0.000,0.049) (0.000,0.077) (0.000,0.028) (0.000,0.021) (0.000,0.230) (0.671,1.000) 
 33       76    (0)    1 :  0.004 0.013 0.006 0.006 0.005 0.010 0.006 0.951     (0.000,0.021) (0.000,0.076) (0.000,0.032) (0.000,0.033) (0.000,0.027) (0.000,0.062) (0.000,0.032) (0.779,1.000) 
 34       77    (0)    1 :  0.006 0.204 0.005 0.011 0.005 0.011 0.005 0.752     (0.000,0.036) (0.000,0.918) (0.000,0.029) (0.000,0.060) (0.000,0.024) (0.000,0.067) (0.000,0.026) (0.000,1.000) 
 35       78    (0)    1 :  0.011 0.037 0.006 0.026 0.012 0.018 0.624 0.265     (0.000,0.067) (0.000,0.276) (0.000,0.034) (0.000,0.180) (0.000,0.074) (0.000,0.129) (0.000,0.999) (0.000,0.891) 
 36       79    (0)    1 :  0.008 0.008 0.004 0.028 0.008 0.004 0.066 0.873     (0.000,0.047) (0.000,0.044) (0.000,0.024) (0.000,0.203) (0.000,0.051) (0.000,0.022) (0.000,0.371) (0.536,1.000) 
 37       84    (0)    1 :  0.008 0.046 0.830 0.029 0.030 0.021 0.012 0.024     (0.000,0.045) (0.000,0.325) (0.454,1.000) (0.000,0.209) (0.000,0.214) (0.000,0.147) (0.000,0.079) (0.000,0.172) 
 38       85    (0)    1 :  0.009 0.009 0.008 0.021 0.928 0.006 0.011 0.007     (0.000,0.051) (0.000,0.053) (0.000,0.047) (0.000,0.134) (0.686,1.000) (0.000,0.036) (0.000,0.070) (0.000,0.041) 
 39       86    (0)    1 :  0.011 0.011 0.005 0.105 0.832 0.010 0.015 0.010     (0.000,0.063) (0.000,0.065) (0.000,0.029) (0.000,0.603) (0.330,1.000) (0.000,0.070) (0.000,0.099) (0.000,0.058) 
 40       89    (0)    1 :  0.020 0.051 0.619 0.057 0.014 0.177 0.010 0.052     (0.000,0.139) (0.000,0.373) (0.206,0.966) (0.000,0.388) (0.000,0.083) (0.000,0.579) (0.000,0.053) (0.000,0.331) 
 41       94    (0)    1 :  0.014 0.006 0.006 0.007 0.008 0.948 0.005 0.005     (0.000,0.095) (0.000,0.032) (0.000,0.038) (0.000,0.039) (0.000,0.049) (0.775,1.000) (0.000,0.030) (0.000,0.025) 
 42       95    (0)    1 :  0.016 0.019 0.912 0.011 0.016 0.006 0.015 0.005     (0.000,0.100) (0.000,0.139) (0.629,1.000) (0.000,0.065) (0.000,0.104) (0.000,0.031) (0.000,0.098) (0.000,0.027) 
 43       96    (0)    1 :  0.005 0.005 0.006 0.007 0.954 0.010 0.006 0.006     (0.000,0.028) (0.000,0.028) (0.000,0.034) (0.000,0.034) (0.798,1.000) (0.000,0.060) (0.000,0.032) (0.000,0.034) 
 44       98    (0)    1 :  0.006 0.847 0.005 0.019 0.007 0.008 0.071 0.039     (0.000,0.031) (0.000,1.000) (0.000,0.027) (0.000,0.088) (0.000,0.036) (0.000,0.045) (0.000,0.632) (0.000,0.240) 
 45      102    (0)    1 :  0.477 0.015 0.031 0.430 0.008 0.016 0.007 0.017     (0.000,1.000) (0.000,0.100) (0.000,0.225) (0.000,1.000) (0.000,0.044) (0.000,0.114) (0.000,0.039) (0.000,0.122) 
 46      105    (0)    1 :  0.008 0.005 0.006 0.006 0.005 0.005 0.960 0.004     (0.000,0.051) (0.000,0.026) (0.000,0.033) (0.000,0.035) (0.000,0.028) (0.000,0.028) (0.823,1.000) (0.000,0.022) 
 47      106    (0)    1 :  0.017 0.022 0.100 0.196 0.026 0.004 0.244 0.390     (0.000,0.114) (0.000,0.153) (0.000,0.421) (0.000,0.983) (0.000,0.192) (0.000,0.023) (0.000,0.712) (0.000,0.965) 
 48      108    (0)    1 :  0.064 0.033 0.008 0.051 0.010 0.009 0.801 0.024     (0.000,0.394) (0.000,0.217) (0.000,0.046) (0.000,0.344) (0.000,0.056) (0.000,0.053) (0.400,1.000) (0.000,0.173) 
 49      109    (0)    1 :  0.009 0.074 0.010 0.067 0.015 0.006 0.783 0.037     (0.000,0.050) (0.000,0.478) (0.000,0.059) (0.000,0.495) (0.000,0.101) (0.000,0.033) (0.112,1.000) (0.000,0.263) 
 50      112    (0)    1 :  0.020 0.237 0.013 0.241 0.271 0.053 0.009 0.156     (0.000,0.131) (0.000,0.839) (0.000,0.077) (0.000,0.995) (0.000,0.849) (0.000,0.373) (0.000,0.052) (0.000,0.821) 
 51      115    (0)    1 :  0.235 0.042 0.013 0.631 0.010 0.039 0.018 0.012     (0.000,0.994) (0.000,0.308) (0.000,0.079) (0.000,1.000) (0.000,0.058) (0.000,0.270) (0.000,0.122) (0.000,0.073) 
 52      116    (0)    1 :  0.012 0.006 0.009 0.024 0.918 0.006 0.018 0.006     (0.000,0.077) (0.000,0.029) (0.000,0.052) (0.000,0.144) (0.645,1.000) (0.000,0.034) (0.000,0.126) (0.000,0.032) 
 53      117    (0)    1 :  0.016 0.035 0.723 0.025 0.059 0.112 0.017 0.013     (0.000,0.108) (0.000,0.249) (0.000,1.000) (0.000,0.157) (0.000,0.409) (0.000,0.731) (0.000,0.116) (0.000,0.080) 
 54      129    (0)    1 :  0.008 0.007 0.074 0.009 0.882 0.010 0.006 0.003     (0.000,0.050) (0.000,0.040) (0.000,0.462) (0.000,0.051) (0.483,1.000) (0.000,0.053) (0.000,0.035) (0.000,0.017) 
 55      132    (0)    1 :  0.046 0.732 0.015 0.045 0.007 0.139 0.008 0.009     (0.000,0.314) (0.004,1.000) (0.000,0.099) (0.000,0.304) (0.000,0.039) (0.000,0.559) (0.000,0.041) (0.000,0.053) 
 56      133    (0)    1 :  0.005 0.856 0.005 0.011 0.004 0.005 0.066 0.048     (0.000,0.026) (0.000,1.000) (0.000,0.028) (0.000,0.053) (0.000,0.022) (0.000,0.027) (0.000,0.550) (0.000,0.338) 
 57      137    (7)    1 :  0.009 0.563 0.011 0.026 0.010 0.021 0.015 0.345     (0.000,0.055) (0.000,1.000) (0.000,0.063) (0.000,0.167) (0.000,0.061) (0.000,0.145) (0.000,0.092) (0.000,0.993) 
 58      139    (0)    1 :  0.012 0.006 0.009 0.018 0.008 0.007 0.010 0.931     (0.000,0.077) (0.000,0.031) (0.000,0.055) (0.000,0.107) (0.000,0.045) (0.000,0.036) (0.000,0.057) (0.708,1.000) 
 59      140    (0)    1 :  0.013 0.071 0.033 0.036 0.013 0.006 0.786 0.042     (0.000,0.078) (0.000,0.481) (0.000,0.238) (0.000,0.230) (0.000,0.081) (0.000,0.031) (0.293,1.000) (0.000,0.287) 
 60      142    (0)    1 :  0.006 0.036 0.024 0.010 0.007 0.012 0.008 0.897     (0.000,0.035) (0.000,0.261) (0.000,0.176) (0.000,0.056) (0.000,0.039) (0.000,0.076) (0.000,0.046) (0.568,1.000) 
 61      144    (0)    1 :  0.005 0.008 0.007 0.005 0.004 0.004 0.960 0.006     (0.000,0.029) (0.000,0.049) (0.000,0.039) (0.000,0.027) (0.000,0.023) (0.000,0.022) (0.823,1.000) (0.000,0.032) 
 62      145    (0)    1 :  0.008 0.090 0.010 0.016 0.009 0.006 0.015 0.846     (0.000,0.047) (0.000,0.926) (0.000,0.053) (0.000,0.078) (0.000,0.053) (0.000,0.034) (0.000,0.096) (0.000,1.000) 
 63      147    (0)    1 :  0.006 0.007 0.004 0.009 0.007 0.004 0.941 0.021     (0.000,0.034) (0.000,0.041) (0.000,0.021) (0.000,0.053) (0.000,0.045) (0.000,0.022) (0.744,1.000) (0.000,0.144) 
 64      160    (0)    1 :  0.006 0.005 0.007 0.006 0.007 0.960 0.005 0.004     (0.000,0.035) (0.000,0.028) (0.000,0.043) (0.000,0.028) (0.000,0.037) (0.822,1.000) (0.000,0.026) (0.000,0.021) 
 65     162*    (0)    1 :  0.005 0.006 0.006 0.007 0.952 0.012 0.006 0.006     (0.000,0.025) (0.000,0.030) (0.000,0.029) (0.000,0.037) (0.783,1.000) (0.000,0.072) (0.000,0.033) (0.000,0.034) 
 66      166    (0)    1 :  0.005 0.950 0.009 0.006 0.006 0.004 0.014 0.007     (0.000,0.025) (0.773,1.000) (0.000,0.050) (0.000,0.031) (0.000,0.030) (0.000,0.024) (0.000,0.085) (0.000,0.034) 
 67      177    (0)    1 :  0.004 0.006 0.004 0.005 0.004 0.004 0.004 0.968     (0.000,0.020) (0.000,0.033) (0.000,0.023) (0.000,0.028) (0.000,0.020) (0.000,0.022) (0.000,0.022) (0.856,1.000) 
 68      178    (0)    1 :  0.010 0.053 0.008 0.027 0.012 0.026 0.013 0.850     (0.000,0.059) (0.000,0.373) (0.000,0.049) (0.000,0.175) (0.000,0.079) (0.000,0.194) (0.000,0.088) (0.442,1.000) 
 69      186    (0)    1 :  0.004 0.005 0.969 0.004 0.005 0.005 0.004 0.004     (0.000,0.022) (0.000,0.029) (0.857,1.000) (0.000,0.021) (0.000,0.029) (0.000,0.027) (0.000,0.019) (0.000,0.022) 
 70      189    (0)    1 :  0.007 0.004 0.007 0.007 0.951 0.012 0.004 0.008     (0.000,0.035) (0.000,0.024) (0.000,0.037) (0.000,0.035) (0.783,1.000) (0.000,0.078) (0.000,0.022) (0.000,0.047) 
 71      190    (0)    1 :  0.019 0.028 0.052 0.038 0.765 0.074 0.009 0.015     (0.000,0.131) (0.000,0.201) (0.000,0.350) (0.000,0.252) (0.084,1.000) (0.000,0.525) (0.000,0.048) (0.000,0.104) 
 72      191    (0)    1 :  0.009 0.012 0.306 0.026 0.565 0.018 0.037 0.027     (0.000,0.050) (0.000,0.079) (0.000,0.855) (0.000,0.164) (0.000,0.999) (0.000,0.126) (0.000,0.272) (0.000,0.192) 
 73      193    (0)    1 :  0.015 0.174 0.039 0.035 0.021 0.022 0.031 0.663     (0.000,0.094) (0.000,0.991) (0.000,0.285) (0.000,0.217) (0.000,0.145) (0.000,0.155) (0.000,0.226) (0.000,1.000) 
 74      202    (0)    1 :  0.023 0.045 0.013 0.524 0.122 0.253 0.008 0.011     (0.000,0.146) (0.000,0.327) (0.000,0.080) (0.000,1.000) (0.000,0.594) (0.000,0.732) (0.000,0.049) (0.000,0.065) 
 75      204    (0)    1 :  0.005 0.006 0.330 0.007 0.634 0.009 0.006 0.004     (0.000,0.025) (0.000,0.030) (0.000,1.000) (0.000,0.035) (0.000,1.000) (0.000,0.051) (0.000,0.033) (0.000,0.020) 
 76      211    (0)    1 :  0.019 0.616 0.016 0.095 0.009 0.106 0.076 0.063     (0.000,0.116) (0.000,1.000) (0.000,0.105) (0.000,0.711) (0.000,0.053) (0.000,0.540) (0.000,0.531) (0.000,0.351) 
 77      216    (0)    1 :  0.006 0.311 0.005 0.021 0.008 0.023 0.588 0.038     (0.000,0.030) (0.000,0.861) (0.000,0.028) (0.000,0.123) (0.000,0.042) (0.000,0.171) (0.000,1.000) (0.000,0.244) 
 78      222    (0)    1 :  0.043 0.012 0.005 0.058 0.019 0.005 0.846 0.013     (0.000,0.305) (0.000,0.062) (0.000,0.027) (0.000,0.456) (0.000,0.111) (0.000,0.025) (0.369,1.000) (0.000,0.070) 
 79      224    (0)    1 :  0.008 0.005 0.006 0.009 0.943 0.013 0.009 0.006     (0.000,0.044) (0.000,0.027) (0.000,0.035) (0.000,0.043) (0.748,1.000) (0.000,0.082) (0.000,0.056) (0.000,0.035) 
 80      226    (0)    1 :  0.009 0.012 0.943 0.015 0.008 0.005 0.005 0.005     (0.000,0.050) (0.000,0.075) (0.749,1.000) (0.000,0.100) (0.000,0.040) (0.000,0.026) (0.000,0.026) (0.000,0.025) 
 81      229    (0)    1 :  0.021 0.035 0.024 0.440 0.360 0.053 0.022 0.044     (0.000,0.140) (0.000,0.256) (0.000,0.166) (0.000,1.000) (0.000,0.964) (0.000,0.400) (0.000,0.150) (0.000,0.286) 
 82      230    (0)    1 :  0.018 0.012 0.035 0.157 0.682 0.040 0.016 0.040     (0.000,0.109) (0.000,0.070) (0.000,0.260) (0.000,0.976) (0.000,1.000) (0.000,0.291) (0.000,0.111) (0.000,0.260) 
 83      232    (0)    1 :  0.021 0.192 0.140 0.136 0.080 0.313 0.020 0.097     (0.000,0.140) (0.000,0.811) (0.000,0.629) (0.000,0.839) (0.000,0.531) (0.000,0.781) (0.000,0.137) (0.000,0.541) 
 84      238    (0)    1 :  0.138 0.032 0.006 0.713 0.019 0.007 0.020 0.065     (0.000,0.807) (0.000,0.235) (0.000,0.031) (0.000,1.000) (0.000,0.134) (0.000,0.040) (0.000,0.139) (0.000,0.409) 
 85      242    (0)    1 :  0.903 0.009 0.006 0.058 0.007 0.004 0.008 0.004     (0.458,1.000) (0.000,0.056) (0.000,0.035) (0.000,0.487) (0.000,0.039) (0.000,0.020) (0.000,0.047) (0.000,0.022) 
 86      243    (0)    1 :  0.476 0.133 0.024 0.314 0.009 0.007 0.017 0.020     (0.000,0.999) (0.000,0.587) (0.000,0.181) (0.000,0.999) (0.000,0.052) (0.000,0.041) (0.000,0.107) (0.000,0.140) 
 87      244    (0)    1 :  0.198 0.019 0.006 0.660 0.012 0.009 0.006 0.089     (0.000,0.908) (0.000,0.124) (0.000,0.035) (0.000,1.000) (0.000,0.080) (0.000,0.054) (0.000,0.037) (0.000,0.501) 
 88      251    (0)    1 :  0.090 0.019 0.009 0.744 0.024 0.086 0.010 0.019     (0.000,0.680) (0.000,0.121) (0.000,0.051) (0.000,1.000) (0.000,0.163) (0.000,0.498) (0.000,0.058) (0.000,0.124) 
 89      266    (0)    1 :  0.073 0.166 0.010 0.428 0.008 0.005 0.010 0.299     (0.000,0.412) (0.000,0.700) (0.000,0.059) (0.000,1.000) (0.000,0.048) (0.000,0.029) (0.000,0.060) (0.000,0.809) 
 90      267    (0)    1 :  0.016 0.093 0.047 0.031 0.015 0.007 0.780 0.012     (0.000,0.106) (0.000,0.532) (0.000,0.321) (0.000,0.193) (0.000,0.095) (0.000,0.036) (0.258,1.000) (0.000,0.073) 
 91      268    (0)    1 :  0.008 0.412 0.006 0.042 0.005 0.034 0.105 0.387     (0.000,0.043) (0.000,0.998) (0.000,0.035) (0.000,0.292) (0.000,0.026) (0.000,0.245) (0.000,0.705) (0.000,0.996) 
 92      270    (0)    1 :  0.009 0.008 0.020 0.011 0.915 0.020 0.011 0.006     (0.000,0.051) (0.000,0.047) (0.000,0.133) (0.000,0.056) (0.632,1.000) (0.000,0.134) (0.000,0.068) (0.000,0.036) 
 93      276    (0)    1 :  0.018 0.056 0.242 0.043 0.536 0.021 0.034 0.049     (0.000,0.119) (0.000,0.407) (0.000,0.794) (0.000,0.298) (0.000,1.000) (0.000,0.149) (0.000,0.254) (0.000,0.351) 
 94      298    (7)    1 :  0.013 0.088 0.022 0.038 0.007 0.013 0.603 0.216     (0.000,0.077) (0.000,0.557) (0.000,0.165) (0.000,0.265) (0.000,0.039) (0.000,0.088) (0.000,0.999) (0.000,0.883) 
 95      306    (0)    1 :  0.016 0.798 0.012 0.053 0.012 0.006 0.015 0.089     (0.000,0.106) (0.349,1.000) (0.000,0.078) (0.000,0.380) (0.000,0.077) (0.000,0.031) (0.000,0.100) (0.000,0.470) 
 96      308    (0)    1 :  0.031 0.038 0.008 0.081 0.012 0.081 0.078 0.672     (0.000,0.224) (0.000,0.273) (0.000,0.047) (0.000,0.595) (0.000,0.075) (0.000,0.405) (0.000,0.506) (0.000,1.000) 
 97      311    (7)    1 :  0.045 0.175 0.008 0.475 0.027 0.020 0.226 0.023     (0.000,0.308) (0.000,0.967) (0.000,0.047) (0.000,1.000) (0.000,0.189) (0.000,0.139) (0.000,0.956) (0.000,0.163) 
 98      323    (0)    1 :  0.009 0.005 0.956 0.006 0.007 0.005 0.007 0.004     (0.000,0.049) (0.000,0.028) (0.804,1.000) (0.000,0.033) (0.000,0.042) (0.000,0.024) (0.000,0.040) (0.000,0.024) 
 99      327    (0)    1 :  0.019 0.031 0.022 0.076 0.610 0.221 0.012 0.008     (0.000,0.133) (0.000,0.228) (0.000,0.156) (0.000,0.556) (0.000,0.998) (0.000,0.721) (0.000,0.073) (0.000,0.046) 
100      334    (0)    1 :  0.273 0.019 0.004 0.655 0.011 0.009 0.018 0.011     (0.000,0.999) (0.000,0.119) (0.000,0.023) (0.000,1.000) (0.000,0.064) (0.000,0.056) (0.000,0.118) (0.000,0.061) 
101      338    (0)    1 :  0.019 0.209 0.029 0.277 0.039 0.025 0.349 0.052     (0.000,0.111) (0.000,0.868) (0.000,0.218) (0.000,0.997) (0.000,0.290) (0.000,0.181) (0.000,0.995) (0.000,0.361) 
102      341    (0)    1 :  0.012 0.031 0.922 0.010 0.008 0.007 0.006 0.005     (0.000,0.075) (0.000,0.214) (0.665,1.000) (0.000,0.054) (0.000,0.042) (0.000,0.038) (0.000,0.032) (0.000,0.029) 
103      346    (0)    1 :  0.006 0.738 0.011 0.015 0.009 0.047 0.006 0.166     (0.000,0.034) (0.000,1.000) (0.000,0.062) (0.000,0.078) (0.000,0.050) (0.000,0.335) (0.000,0.034) (0.000,0.944) 
104      348    (0)    1 :  0.015 0.020 0.008 0.037 0.009 0.006 0.600 0.304     (0.000,0.095) (0.000,0.127) (0.000,0.050) (0.000,0.263) (0.000,0.051) (0.000,0.036) (0.000,1.000) (0.000,0.955) 
105      351    (0)    1 :  0.186 0.412 0.013 0.311 0.010 0.048 0.009 0.011     (0.000,0.970) (0.000,0.999) (0.000,0.080) (0.000,0.999) (0.000,0.058) (0.000,0.317) (0.000,0.054) (0.000,0.061) 
106      362    (0)    1 :  0.006 0.008 0.134 0.011 0.758 0.071 0.007 0.005     (0.000,0.032) (0.000,0.041) (0.000,0.802) (0.000,0.056) (0.000,1.000) (0.000,0.490) (0.000,0.037) (0.000,0.029) 
107      364    (0)    1 :  0.841 0.038 0.011 0.069 0.006 0.013 0.009 0.014     (0.306,1.000) (0.000,0.264) (0.000,0.069) (0.000,0.583) (0.000,0.033) (0.000,0.089) (0.000,0.052) (0.000,0.091) 
108      366    (0)    1 :  0.812 0.027 0.012 0.096 0.016 0.008 0.022 0.007     (0.000,1.000) (0.000,0.196) (0.000,0.077) (0.000,0.913) (0.000,0.112) (0.000,0.045) (0.000,0.154) (0.000,0.039) 
109      376    (0)    1 :  0.006 0.013 0.915 0.009 0.023 0.014 0.004 0.016     (0.000,0.031) (0.000,0.087) (0.664,1.000) (0.000,0.055) (0.000,0.161) (0.000,0.093) (0.000,0.019) (0.000,0.115) 
110      377    (7)    1 :  0.017 0.027 0.027 0.118 0.362 0.371 0.061 0.018     (0.000,0.107) (0.000,0.173) (0.000,0.190) (0.000,0.815) (0.000,0.978) (0.000,0.920) (0.000,0.357) (0.000,0.104) 
111      378    (0)    1 :  0.004 0.015 0.014 0.007 0.007 0.932 0.005 0.016     (0.000,0.023) (0.000,0.098) (0.000,0.095) (0.000,0.037) (0.000,0.037) (0.726,1.000) (0.000,0.029) (0.000,0.114) 
112      388    (0)    1 :  0.016 0.238 0.012 0.049 0.013 0.036 0.623 0.014     (0.000,0.103) (0.000,0.952) (0.000,0.076) (0.000,0.359) (0.000,0.079) (0.000,0.262) (0.000,1.000) (0.000,0.086) 
113      391    (0)    1 :  0.012 0.267 0.472 0.046 0.008 0.168 0.015 0.013     (0.000,0.069) (0.000,0.845) (0.000,0.884) (0.000,0.332) (0.000,0.045) (0.000,0.523) (0.000,0.094) (0.000,0.076) 
114      401    (0)    1 :  0.055 0.013 0.074 0.535 0.173 0.011 0.007 0.131     (0.000,0.401) (0.000,0.072) (0.000,0.492) (0.000,1.000) (0.000,0.659) (0.000,0.064) (0.000,0.038) (0.000,0.584) 
115      406    (0)    1 :  0.038 0.651 0.085 0.098 0.016 0.014 0.065 0.032     (0.000,0.267) (0.000,1.000) (0.000,0.565) (0.000,0.791) (0.000,0.114) (0.000,0.091) (0.000,0.450) (0.000,0.227) 
116      412    (7)    1 :  0.018 0.646 0.026 0.103 0.038 0.038 0.075 0.057     (0.000,0.106) (0.000,1.000) (0.000,0.187) (0.000,0.864) (0.000,0.282) (0.000,0.278) (0.000,0.603) (0.000,0.429) 
117      413    (0)    1 :  0.028 0.049 0.005 0.153 0.039 0.010 0.042 0.673     (0.000,0.205) (0.000,0.338) (0.000,0.029) (0.000,0.952) (0.000,0.276) (0.000,0.065) (0.000,0.300) (0.000,1.000) 
118      421    (0)    1 :  0.015 0.037 0.019 0.053 0.805 0.009 0.020 0.042     (0.000,0.100) (0.000,0.246) (0.000,0.131) (0.000,0.385) (0.364,1.000) (0.000,0.055) (0.000,0.135) (0.000,0.297) 
119      423    (0)    1 :  0.027 0.009 0.011 0.059 0.817 0.010 0.052 0.015     (0.000,0.191) (0.000,0.050) (0.000,0.074) (0.000,0.499) (0.077,1.000) (0.000,0.061) (0.000,0.365) (0.000,0.090) 
120      424    (0)    1 :  0.022 0.636 0.212 0.037 0.012 0.027 0.020 0.033     (0.000,0.151) (0.000,1.000) (0.000,0.947) (0.000,0.251) (0.000,0.072) (0.000,0.194) (0.000,0.136) (0.000,0.242) 
121      426    (0)    1 :  0.027 0.073 0.116 0.052 0.034 0.661 0.010 0.026     (0.000,0.190) (0.000,0.535) (0.000,0.553) (0.000,0.358) (0.000,0.233) (0.012,1.000) (0.000,0.059) (0.000,0.185) 
122      430    (7)    1 :  0.006 0.747 0.023 0.017 0.013 0.013 0.026 0.155     (0.000,0.033) (0.000,1.000) (0.000,0.152) (0.000,0.088) (0.000,0.078) (0.000,0.076) (0.000,0.174) (0.000,0.757) 
123      435    (0)    1 :  0.004 0.033 0.005 0.007 0.007 0.013 0.021 0.909     (0.000,0.023) (0.000,0.226) (0.000,0.026) (0.000,0.039) (0.000,0.038) (0.000,0.082) (0.000,0.152) (0.609,1.000) 
124      476    (0)    1 :  0.024 0.009 0.765 0.043 0.121 0.013 0.004 0.020     (0.000,0.168) (0.000,0.055) (0.332,1.000) (0.000,0.290) (0.000,0.570) (0.000,0.090) (0.000,0.024) (0.000,0.145) 
125      478    (0)    1 :  0.028 0.017 0.704 0.026 0.193 0.016 0.009 0.007     (0.000,0.196) (0.000,0.116) (0.215,0.998) (0.000,0.186) (0.000,0.687) (0.000,0.107) (0.000,0.056) (0.000,0.040) 
126      484    (0)    1 :  0.006 0.339 0.019 0.012 0.007 0.009 0.572 0.037     (0.000,0.033) (0.000,0.844) (0.000,0.127) (0.000,0.069) (0.000,0.041) (0.000,0.052) (0.000,1.000) (0.000,0.265) 
127      489    (0)    1 :  0.006 0.052 0.007 0.020 0.054 0.640 0.210 0.010     (0.000,0.030) (0.000,0.400) (0.000,0.039) (0.000,0.094) (0.000,0.393) (0.000,1.000) (0.000,0.615) (0.000,0.049) 
128      493    (0)    1 :  0.913 0.013 0.007 0.031 0.008 0.011 0.008 0.009     (0.650,1.000) (0.000,0.092) (0.000,0.044) (0.000,0.186) (0.000,0.047) (0.000,0.072) (0.000,0.047) (0.000,0.051) 
129      494    (0)    1 :  0.691 0.006 0.010 0.219 0.022 0.036 0.008 0.009     (0.000,1.000) (0.000,0.031) (0.000,0.063) (0.000,0.994) (0.000,0.155) (0.000,0.260) (0.000,0.048) (0.000,0.056) 
130      500    (0)    1 :  0.008 0.006 0.048 0.015 0.904 0.009 0.005 0.004     (0.000,0.045) (0.000,0.033) (0.000,0.341) (0.000,0.068) (0.549,1.000) (0.000,0.053) (0.000,0.025) (0.000,0.022) 
131      504    (0)    1 :  0.036 0.100 0.011 0.095 0.056 0.059 0.623 0.020     (0.000,0.250) (0.000,0.585) (0.000,0.069) (0.000,0.668) (0.000,0.360) (0.000,0.333) (0.000,0.999) (0.000,0.134) 
132      506    (0)    1 :  0.005 0.008 0.014 0.006 0.017 0.005 0.941 0.004     (0.000,0.027) (0.000,0.041) (0.000,0.088) (0.000,0.033) (0.000,0.110) (0.000,0.028) (0.722,1.000) (0.000,0.023) 


Estimated Allele Frequencies in each cluster
First column gives estimated ancestral frequencies


Locus 1 : Rsu5 
5 alleles
0.0% missing data
 137   (0.737) 0.640 0.883 0.968 0.735 0.967 0.911 0.413 0.789 
 135   (0.084) 0.129 0.087 0.017 0.079 0.008 0.042 0.015 0.042 
 139   (0.113) 0.188 0.016 0.010 0.132 0.019 0.042 0.014 0.084 
 133   (0.021) 0.030 0.002 0.001 0.017 0.002 0.002 0.002 0.003 
 131   (0.045) 0.012 0.011 0.003 0.037 0.004 0.003 0.555 0.082 

Locus 2 : Scv1 
5 alleles
0.0% missing data
 181   (0.539) 0.713 0.355 0.957 0.543 0.597 0.799 0.359 0.338 
 179   (0.185) 0.152 0.356 0.016 0.184 0.143 0.069 0.098 0.222 
 177   (0.118) 0.060 0.248 0.015 0.112 0.016 0.119 0.218 0.086 
 185   (0.129) 0.054 0.037 0.010 0.128 0.241 0.010 0.322 0.350 
 171   (0.029) 0.021 0.003 0.002 0.033 0.003 0.003 0.003 0.004 

Locus 3 : Rsu4 
9 alleles
0.0% missing data
 267   (0.209) 0.317 0.038 0.140 0.217 0.273 0.089 0.162 0.078 
 263   (0.324) 0.258 0.428 0.527 0.315 0.227 0.815 0.345 0.502 
 259   (0.047) 0.013 0.007 0.212 0.039 0.254 0.031 0.005 0.006 
 287   (0.169) 0.131 0.403 0.103 0.166 0.206 0.038 0.175 0.048 
 275   (0.035) 0.139 0.006 0.002 0.034 0.003 0.002 0.004 0.008 
 279   (0.078) 0.046 0.021 0.006 0.093 0.008 0.012 0.011 0.216 
 283   (0.074) 0.039 0.089 0.005 0.069 0.007 0.006 0.292 0.134 
 291   (0.037) 0.016 0.005 0.003 0.042 0.020 0.006 0.004 0.005 
 271   (0.026) 0.041 0.003 0.002 0.025 0.002 0.002 0.003 0.003 

Locus 4 : Rsu6 
5 alleles
0.0% missing data
 120   (0.242) 0.207 0.384 0.278 0.233 0.268 0.535 0.069 0.208 
 126   (0.619) 0.616 0.601 0.568 0.633 0.520 0.391 0.913 0.773 
 124   (0.094) 0.057 0.011 0.150 0.097 0.191 0.071 0.013 0.013 
 130   (0.025) 0.114 0.003 0.002 0.021 0.002 0.002 0.003 0.003 
 114   (0.020) 0.006 0.002 0.002 0.017 0.019 0.001 0.003 0.003 

Locus 5 : Scv23 
3 alleles
0.8% missing data
 158   (0.537) 0.458 0.459 0.375 0.541 0.746 0.484 0.784 0.598 
 164   (0.173) 0.285 0.263 0.436 0.167 0.053 0.069 0.118 0.026 
 160   (0.291) 0.257 0.278 0.189 0.291 0.202 0.447 0.098 0.376 

Locus 6 : Scv13 
5 alleles
0.0% missing data
 182   (0.713) 0.716 0.913 0.807 0.702 0.907 0.974 0.893 0.622 
 180   (0.094) 0.101 0.015 0.164 0.099 0.071 0.012 0.011 0.014 
 172   (0.084) 0.045 0.053 0.006 0.082 0.008 0.006 0.081 0.238 
 184   (0.067) 0.124 0.011 0.020 0.073 0.010 0.005 0.011 0.012 
 174   (0.042) 0.014 0.008 0.003 0.044 0.004 0.003 0.005 0.114 

Locus 7 : Scv32 
18 alleles
0.0% missing data
 236   (0.040) 0.139 0.005 0.003 0.047 0.003 0.003 0.004 0.005 
 238   (0.042) 0.024 0.201 0.003 0.036 0.004 0.004 0.081 0.007 
 234   (0.128) 0.052 0.372 0.353 0.124 0.020 0.073 0.082 0.630 
 246   (0.046) 0.013 0.006 0.314 0.041 0.180 0.008 0.008 0.011 
 248   (0.096) 0.120 0.051 0.007 0.100 0.155 0.415 0.023 0.012 
 262   (0.116) 0.043 0.097 0.019 0.135 0.239 0.177 0.038 0.040 
 232   (0.173) 0.417 0.070 0.141 0.170 0.159 0.014 0.469 0.092 
 250   (0.029) 0.008 0.020 0.004 0.026 0.003 0.269 0.003 0.004 
 228   (0.027) 0.011 0.003 0.002 0.034 0.002 0.002 0.003 0.003 
 220   (0.045) 0.013 0.005 0.076 0.046 0.194 0.006 0.005 0.006 
 264   (0.050) 0.058 0.105 0.041 0.045 0.006 0.006 0.006 0.012 
 252   (0.041) 0.012 0.008 0.003 0.035 0.013 0.004 0.091 0.081 
 254   (0.049) 0.019 0.034 0.003 0.047 0.004 0.005 0.080 0.079 
 242   (0.025) 0.039 0.003 0.002 0.025 0.002 0.002 0.003 0.003 
 266   (0.028) 0.008 0.013 0.002 0.029 0.003 0.002 0.044 0.005 
 244   (0.027) 0.010 0.004 0.002 0.024 0.008 0.009 0.057 0.004 
 226   (0.020) 0.005 0.002 0.023 0.016 0.002 0.001 0.002 0.002 
 240   (0.019) 0.010 0.002 0.001 0.020 0.002 0.001 0.002 0.003 

Locus 8 : Scv8 
6 alleles
0.0% missing data
 200   (0.642) 0.629 0.839 0.842 0.661 0.668 0.835 0.621 0.374 
 202   (0.087) 0.195 0.067 0.006 0.084 0.008 0.007 0.082 0.052 
 194   (0.086) 0.033 0.049 0.139 0.075 0.122 0.015 0.010 0.161 
 204   (0.049) 0.018 0.009 0.004 0.051 0.031 0.129 0.006 0.008 
 198   (0.068) 0.087 0.011 0.005 0.069 0.164 0.010 0.008 0.011 
 188   (0.068) 0.037 0.026 0.004 0.060 0.006 0.005 0.273 0.395 

Locus 9 : Scv9 
5 alleles
0.0% missing data
 198   (0.296) 0.173 0.676 0.424 0.288 0.101 0.491 0.280 0.476 
 200   (0.348) 0.558 0.095 0.372 0.355 0.524 0.387 0.323 0.127 
 196   (0.292) 0.252 0.221 0.037 0.302 0.369 0.117 0.386 0.290 
 204   (0.043) 0.012 0.007 0.165 0.037 0.004 0.003 0.008 0.083 
 202   (0.021) 0.006 0.002 0.001 0.017 0.002 0.001 0.004 0.025 

Locus 10 : Rsu1 
6 alleles
0.0% missing data
 189   (0.313) 0.546 0.232 0.480 0.332 0.054 0.046 0.095 0.299 
 185   (0.269) 0.184 0.529 0.159 0.261 0.257 0.051 0.793 0.159 
 177   (0.083) 0.030 0.012 0.011 0.086 0.138 0.011 0.063 0.035 
 181   (0.241) 0.214 0.211 0.048 0.237 0.199 0.846 0.039 0.494 
 193   (0.056) 0.016 0.010 0.078 0.051 0.262 0.042 0.006 0.008 
 197   (0.039) 0.010 0.004 0.225 0.032 0.091 0.003 0.004 0.005 

Locus 11 : Scv14 
7 alleles
4.5% missing data
 196   (0.525) 0.493 0.485 0.920 0.503 0.790 0.922 0.621 0.685 
 198   (0.079) 0.100 0.254 0.006 0.079 0.007 0.008 0.024 0.033 
 194   (0.137) 0.227 0.031 0.023 0.137 0.086 0.040 0.061 0.183 
 202   (0.196) 0.149 0.219 0.046 0.219 0.109 0.020 0.286 0.086 
 204   (0.021) 0.017 0.002 0.002 0.020 0.002 0.002 0.002 0.003 
 190   (0.021) 0.006 0.003 0.002 0.022 0.003 0.006 0.002 0.003 
 200   (0.021) 0.008 0.006 0.001 0.020 0.002 0.002 0.002 0.008 

Locus 12 : Scv16 
7 alleles
0.0% missing data
 182   (0.426) 0.211 0.561 0.221 0.447 0.561 0.800 0.302 0.590 
 184   (0.411) 0.563 0.390 0.760 0.410 0.275 0.188 0.646 0.183 
 188   (0.053) 0.172 0.006 0.012 0.046 0.154 0.004 0.006 0.006 
 200   (0.020) 0.027 0.002 0.001 0.017 0.002 0.001 0.002 0.002 
 198   (0.036) 0.010 0.029 0.003 0.030 0.003 0.003 0.019 0.140 
 190   (0.034) 0.009 0.009 0.003 0.028 0.003 0.002 0.023 0.076 
 186   (0.020) 0.008 0.002 0.001 0.021 0.002 0.001 0.002 0.003 

Locus 13 : Scv31 
15 alleles
3.0% missing data
 193   (0.127) 0.074 0.233 0.017 0.135 0.027 0.629 0.121 0.042 
 201   (0.118) 0.241 0.017 0.023 0.126 0.045 0.081 0.066 0.016 
 187   (0.083) 0.024 0.014 0.295 0.076 0.287 0.045 0.141 0.011 
 207   (0.032) 0.008 0.004 0.361 0.026 0.041 0.002 0.004 0.004 
 195   (0.062) 0.018 0.011 0.007 0.057 0.129 0.026 0.254 0.026 
 185   (0.160) 0.118 0.510 0.221 0.158 0.028 0.017 0.134 0.264 
 189   (0.054) 0.262 0.006 0.004 0.049 0.005 0.154 0.006 0.006 
 205   (0.021) 0.007 0.002 0.001 0.023 0.002 0.001 0.002 0.003 
 191   (0.155) 0.050 0.171 0.055 0.163 0.356 0.029 0.020 0.541 
 197   (0.026) 0.008 0.004 0.004 0.023 0.004 0.004 0.197 0.003 
 199   (0.058) 0.066 0.007 0.004 0.057 0.006 0.005 0.043 0.070 
 203   (0.026) 0.080 0.003 0.002 0.024 0.002 0.002 0.003 0.003 
 209   (0.030) 0.019 0.013 0.002 0.033 0.003 0.003 0.003 0.005 
 213   (0.028) 0.021 0.003 0.002 0.033 0.003 0.002 0.003 0.003 
 181   (0.021) 0.006 0.002 0.002 0.017 0.063 0.001 0.002 0.003 

Locus 14 : Scv6 
8 alleles
0.0% missing data
 191   (0.099) 0.216 0.014 0.007 0.100 0.185 0.252 0.019 0.012 
 195   (0.369) 0.280 0.508 0.659 0.368 0.496 0.427 0.619 0.222 
 197   (0.215) 0.108 0.223 0.278 0.207 0.284 0.290 0.225 0.282 
 201   (0.087) 0.127 0.070 0.006 0.097 0.008 0.009 0.010 0.119 
 205   (0.021) 0.060 0.002 0.001 0.017 0.002 0.001 0.002 0.002 
 193   (0.094) 0.122 0.101 0.007 0.091 0.009 0.007 0.083 0.194 
 199   (0.092) 0.036 0.080 0.041 0.101 0.014 0.011 0.040 0.165 
 181   (0.022) 0.052 0.002 0.001 0.019 0.002 0.002 0.003 0.003 

Values of parameters used in structure:
DATAFILE=M:\STRUCTURE\Squirrel_132_ID_14L_20250816\project_data,	OUTFILE=M:\STRUCTURE\Squirrel_132_ID_14L_20250816\10k_Burnin_100k_MCMC\Results\10k_Burnin_100k_MCMC_run_193,	NUMINDS=132,	NUMLOCI=14,	MISSING=-9,	LABEL=1,	POPDATA=1,	POPFLAG=0,	PHENOTYPE=0,	EXTRACOLS=1,	MAXPOPS=8,	BURNIN=10000,	NUMREPS=100000,	USEPOPINFO=0,	INFERALPHA=1,	INFERLAMBDA=1,	POPSPECIFICLAMBDA=0,	POPALPHAS=0,	COMPUTEPROB=1,	NOADMIX=0,	ADMBURNIN=2500,	UPDATEFREQ=1,	PRINTLIKES=0,	INTERMEDSAVE=0,	PRINTKLD=0,	PRINTNET=0,	PRINTLAMBDA=0,	ANCESTDIST=1,	NUMBOXES=1000,	ANCESTPINT=0.90000,	GENSBACK=2,	MIGRPRIOR=0.05000,	PRINTQHAT=1,	PRINTQSUM=0,	ALPHA=1.0000,	FREQSCORR=1,	FPRIORMEAN=0.0100,	FPRIORSD=0.0500,	ONEFST=0,	LAMBDA=1.0000,	UNIFPRIORALPHA=1,	ALPHAMAX=10.0000,	ALPHAPRIORA=1.0000,	ALPHAPRIORB=2.0000,	ALPHAPROPSD=0.0250,	STARTATPOPINFO=0,	RANDOMIZE=1,	LINKAGE=0,	METROFREQ=10,	REPORTHITRATE=0,	MARKOVPHASE=-1,	PHASED=0,	PLOIDY=2,	PHASEINFO=0	LOCPRIOR=0, 	LOCPRIORINIT=1.000000, 	LOCDATA=0, 	LOCISPOP=0, 	LOCPRIORSTEP=0.100000, 	MAXLOCPRIOR=20.000000, 	SEED=1763828621,	
[STRAT parameters]:    NUMSIMSTATS=1000,	PHENOTYPECOL=-9,	POOLFREQ=10,	LOCUSxONLY=0,	EMERROR=0.00100,	MISSINGPHENO=-9,	