          1*  1 0.0159 0.0154 0.9687 
           3  1 0.9799 0.0106 0.0095 
           6  1 0.9691 0.0230 0.0079 
           8  1 0.9773 0.0056 0.0171 
          10  1 0.9838 0.0058 0.0104 
          11  1 0.1060 0.0285 0.8654 
          12  1 0.9735 0.0092 0.0174 
          16  1 0.9844 0.0063 0.0094 
          18  1 0.0085 0.0050 0.9865 
          19  1 0.0240 0.0302 0.9458 
          21  1 0.9819 0.0085 0.0097 
          23  1 0.7066 0.2546 0.0389 
          24  1 0.3913 0.0190 0.5896 
          25  1 0.9078 0.0352 0.0570 
         26*  1 0.9795 0.0046 0.0159 
          28  1 0.9886 0.0054 0.0060 
          29  1 0.9663 0.0062 0.0275 
          30  1 0.6698 0.2119 0.1184 
          33  1 0.0050 0.0148 0.9802 
          37  1 0.0151 0.0078 0.9771 
          38  1 0.0121 0.0045 0.9834 
          43  1 0.9775 0.0073 0.0152 
          44  1 0.9825 0.0092 0.0082 
          48  1 0.0083 0.0052 0.9866 
          55  1 0.9757 0.0142 0.0101 
          59  1 0.9774 0.0092 0.0134 
          60  1 0.0164 0.8202 0.1634 
          61  1 0.0083 0.9844 0.0073 
          62  1 0.0484 0.9231 0.0286 
          65  1 0.0059 0.0142 0.9799 
          73  1 0.0492 0.9273 0.0234 
          75  1 0.0054 0.9779 0.0167 
          76  1 0.0069 0.9876 0.0055 
          77  1 0.0065 0.9833 0.0102 
          78  1 0.0074 0.9851 0.0075 
          79  1 0.0047 0.9763 0.0190 
          84  1 0.9622 0.0273 0.0105 
          85  1 0.9230 0.0165 0.0605 
          86  1 0.8198 0.0397 0.1404 
          89  1 0.9553 0.0231 0.0216 
          94  1 0.8856 0.0051 0.1092 
          95  1 0.9412 0.0221 0.0367 
          96  1 0.9830 0.0094 0.0076 
          98  1 0.0089 0.9813 0.0098 
         102  1 0.0146 0.0115 0.9739 
         105  1 0.0100 0.9686 0.0214 
         106  1 0.0603 0.9002 0.0394 
         108  1 0.0150 0.9098 0.0752 
         109  1 0.0223 0.9679 0.0098 
         112  1 0.6842 0.2255 0.0904 
         115  1 0.0230 0.0190 0.9579 
         116  1 0.9352 0.0185 0.0464 
         117  1 0.9730 0.0180 0.0090 
         129  1 0.9900 0.0042 0.0057 
         132  1 0.0655 0.3794 0.5551 
         133  1 0.0065 0.9865 0.0069 
         137  1 0.0130 0.9778 0.0092 
         139  1 0.0098 0.9556 0.0346 
         140  1 0.0141 0.9686 0.0172 
         142  1 0.0121 0.9792 0.0087 
         144  1 0.0064 0.9857 0.0080 
         145  1 0.0145 0.9778 0.0077 
         147  1 0.0070 0.9859 0.0071 
         160  1 0.9694 0.0061 0.0245 
        162*  1 0.9811 0.0112 0.0078 
         166  1 0.0070 0.9848 0.0082 
         177  1 0.0049 0.9879 0.0072 
         178  1 0.0127 0.9765 0.0108 
         186  1 0.9849 0.0071 0.0080 
         189  1 0.9817 0.0067 0.0116 
         190  1 0.9796 0.0088 0.0116 
         191  1 0.9780 0.0146 0.0074 
         193  1 0.0911 0.8968 0.0121 
         202  1 0.6493 0.0198 0.3309 
         204  1 0.9915 0.0041 0.0044 
         211  1 0.0240 0.9269 0.0492 
         216  1 0.0068 0.9869 0.0063 
         222  1 0.0107 0.9091 0.0802 
         224  1 0.9757 0.0110 0.0133 
         226  1 0.8960 0.0116 0.0924 
         229  1 0.8162 0.0434 0.1404 
         230  1 0.8927 0.0362 0.0710 
         232  1 0.9281 0.0509 0.0210 
         238  1 0.0142 0.1465 0.8393 
         242  1 0.0062 0.0053 0.9885 
         243  1 0.0176 0.0500 0.9324 
         244  1 0.0106 0.0297 0.9597 
         251  1 0.0506 0.0278 0.9216 
         266  1 0.0092 0.6138 0.3770 
         267  1 0.0381 0.9409 0.0210 
         268  1 0.0072 0.9853 0.0074 
         270  1 0.9800 0.0086 0.0113 
         276  1 0.9516 0.0368 0.0116 
         298  1 0.0078 0.9823 0.0099 
         306  1 0.0066 0.9645 0.0290 
         308  1 0.0135 0.9578 0.0287 
         311  1 0.0217 0.7653 0.2130 
         323  1 0.9686 0.0118 0.0196 
         327  1 0.9765 0.0087 0.0148 
         334  1 0.0071 0.0186 0.9744 
         338  1 0.0369 0.9371 0.0261 
         341  1 0.9418 0.0248 0.0335 
         346  1 0.0435 0.9415 0.0150 
         348  1 0.0057 0.9829 0.0115 
         351  1 0.0177 0.0327 0.9496 
         362  1 0.9893 0.0053 0.0054 
         364  1 0.0081 0.0128 0.9791 
         366  1 0.0148 0.0163 0.9688 
         376  1 0.9844 0.0070 0.0085 
         377  1 0.8711 0.0901 0.0388 
         378  1 0.9800 0.0122 0.0078 
         388  1 0.0234 0.9491 0.0275 
         391  1 0.7560 0.1950 0.0490 
         401  1 0.4166 0.0823 0.5010 
         406  1 0.0702 0.8184 0.1113 
         412  1 0.0752 0.8915 0.0333 
         413  1 0.0137 0.9214 0.0649 
         421  1 0.9204 0.0465 0.0331 
         423  1 0.7994 0.0654 0.1351 
         424  1 0.1724 0.7746 0.0530 
         426  1 0.9673 0.0176 0.0151 
         430  1 0.0170 0.9760 0.0070 
         435  1 0.0088 0.9867 0.0045 
         476  1 0.9731 0.0066 0.0203 
         478  1 0.9847 0.0065 0.0088 
         484  1 0.0089 0.9844 0.0067 
         489  1 0.7075 0.2723 0.0202 
         493  1 0.0080 0.0082 0.9839 
         494  1 0.0175 0.0064 0.9761 
         500  1 0.9817 0.0039 0.0144 
         504  1 0.0690 0.8296 0.1013 
         506  1 0.0702 0.9196 0.0102 
