

----------------------------------------------------
STRUCTURE by Pritchard, Stephens and Donnelly (2000)
     and Falush, Stephens and Pritchard (2003)
       Code by Pritchard, Falush and Hubisz
             Version 2.3.4 (Jul 2012)
----------------------------------------------------



Command line arguments:   bin\structure -m M:\STRUCTURE\Squirrel_132_ID_14L_20250816\10k_Burnin_100k_MCMC\mainparams -e M:\STRUCTURE\Squirrel_132_ID_14L_20250816\10k_Burnin_100k_MCMC\extraparams 
Input File:    M:\STRUCTURE\Squirrel_132_ID_14L_20250816\project_data

Run parameters:
   132 individuals
   14 loci
   8 populations assumed
   10000 Burn-in period
   100000 Reps


--------------------------------------------
Proportion of membership of each pre-defined
 population in each of the 8 clusters

Given    Inferred Clusters                                          Number of
 Pop       1      2      3      4      5      6      7      8      Individuals

  1:     0.102  0.172  0.107  0.141  0.119  0.104  0.129  0.127      132
--------------------------------------------

Allele-freq. divergence among pops (Net nucleotide distance),
computed using point estimates of P.

      1       2       3       4       5       6       7       8      
 1      -    0.0933  0.1215  0.1201  0.1833  0.0836  0.1191  0.1024  
 2   0.0933     -    0.0671  0.0765  0.0936  0.0333  0.0878  0.0843  
 3   0.1215  0.0671     -    0.0728  0.0891  0.0212  0.0973  0.0848  
 4   0.1201  0.0765  0.0728     -    0.1268  0.0593  0.1217  0.0861  
 5   0.1833  0.0936  0.0891  0.1268     -    0.0619  0.1141  0.0914  
 6   0.0836  0.0333  0.0212  0.0593  0.0619     -    0.0481  0.0379  
 7   0.1191  0.0878  0.0973  0.1217  0.1141  0.0481     -    0.0703  
 8   0.1024  0.0843  0.0848  0.0861  0.0914  0.0379  0.0703     -    

Average distances (expected heterozygosity) between individuals in same cluster:
cluster  1  : 0.3971 
cluster  2  : 0.5461 
cluster  3  : 0.6391 
cluster  4  : 0.4599 
cluster  5  : 0.5231 
cluster  6  : 0.6714 
cluster  7  : 0.5845 
cluster  8  : 0.5368 

--------------------------------------------
Estimated Ln Prob of Data   = -4204.1
Mean value of ln likelihood = -3957.1
Variance of ln likelihood   = 494.0
Mean value of alpha         = 0.0444

Mean value of lambda        = 0.9389

Mean value of Fst_1         = 0.3702
Mean value of Fst_2         = 0.2023
Mean value of Fst_3         = 0.1036
Mean value of Fst_4         = 0.2960
Mean value of Fst_5         = 0.2422
Mean value of Fst_6         = 0.0055
Mean value of Fst_7         = 0.1930
Mean value of Fst_8         = 0.2268


Inferred ancestry of individuals:
        Label (%Miss) Pop:  Inferred clusters (and 90% probability intervals)
  1       1*    (0)    1 :  0.040 0.009 0.694 0.016 0.014 0.084 0.005 0.138     (0.000,0.278) (0.000,0.053) (0.000,1.000) (0.000,0.107) (0.000,0.086) (0.000,0.806) (0.000,0.027) (0.000,0.529) 
  2        3    (0)    1 :  0.005 0.007 0.006 0.956 0.008 0.006 0.005 0.007     (0.000,0.030) (0.000,0.035) (0.000,0.030) (0.801,1.000) (0.000,0.050) (0.000,0.030) (0.000,0.026) (0.000,0.041) 
  3        6    (0)    1 :  0.007 0.020 0.006 0.915 0.011 0.009 0.010 0.023     (0.000,0.037) (0.000,0.133) (0.000,0.033) (0.639,1.000) (0.000,0.064) (0.000,0.049) (0.000,0.057) (0.000,0.162) 
  4        8    (0)    1 :  0.021 0.920 0.017 0.010 0.012 0.013 0.004 0.005     (0.000,0.143) (0.658,1.000) (0.000,0.111) (0.000,0.055) (0.000,0.072) (0.000,0.077) (0.000,0.019) (0.000,0.027) 
  5       10    (0)    1 :  0.919 0.038 0.008 0.012 0.004 0.009 0.004 0.005     (0.666,1.000) (0.000,0.262) (0.000,0.045) (0.000,0.083) (0.000,0.022) (0.000,0.054) (0.000,0.023) (0.000,0.025) 
  6       11    (0)    1 :  0.017 0.052 0.176 0.020 0.009 0.655 0.032 0.041     (0.000,0.114) (0.000,0.400) (0.000,0.945) (0.000,0.135) (0.000,0.050) (0.000,1.000) (0.000,0.218) (0.000,0.297) 
  7       12    (0)    1 :  0.963 0.005 0.004 0.006 0.004 0.005 0.005 0.008     (0.833,1.000) (0.000,0.029) (0.000,0.022) (0.000,0.033) (0.000,0.020) (0.000,0.023) (0.000,0.026) (0.000,0.044) 
  8       16    (7)    1 :  0.007 0.016 0.006 0.949 0.004 0.006 0.006 0.005     (0.000,0.041) (0.000,0.100) (0.000,0.031) (0.771,1.000) (0.000,0.024) (0.000,0.034) (0.000,0.033) (0.000,0.029) 
  9       18    (0)    1 :  0.006 0.010 0.951 0.007 0.006 0.009 0.005 0.004     (0.000,0.036) (0.000,0.063) (0.786,1.000) (0.000,0.044) (0.000,0.036) (0.000,0.049) (0.000,0.025) (0.000,0.022) 
 10       19    (0)    1 :  0.010 0.027 0.086 0.013 0.022 0.807 0.026 0.008     (0.000,0.057) (0.000,0.197) (0.000,0.745) (0.000,0.084) (0.000,0.147) (0.000,1.000) (0.000,0.183) (0.000,0.046) 
 11       21    (7)    1 :  0.007 0.025 0.006 0.934 0.005 0.008 0.008 0.007     (0.000,0.037) (0.000,0.177) (0.000,0.032) (0.713,1.000) (0.000,0.028) (0.000,0.045) (0.000,0.043) (0.000,0.042) 
 12       23    (7)    1 :  0.480 0.016 0.014 0.023 0.010 0.033 0.039 0.387     (0.000,0.985) (0.000,0.106) (0.000,0.080) (0.000,0.164) (0.000,0.054) (0.000,0.226) (0.000,0.269) (0.000,0.992) 
 13       24    (7)    1 :  0.372 0.079 0.073 0.013 0.007 0.406 0.036 0.013     (0.000,0.950) (0.000,0.508) (0.000,0.480) (0.000,0.088) (0.000,0.039) (0.000,0.999) (0.000,0.263) (0.000,0.079) 
 14       25    (7)    1 :  0.505 0.122 0.015 0.055 0.007 0.069 0.009 0.219     (0.000,0.954) (0.000,0.455) (0.000,0.096) (0.000,0.334) (0.000,0.039) (0.000,0.486) (0.000,0.053) (0.000,0.754) 
 15      26*    (0)    1 :  0.227 0.402 0.021 0.259 0.008 0.065 0.006 0.012     (0.000,0.658) (0.000,0.989) (0.000,0.149) (0.000,0.816) (0.000,0.045) (0.000,0.449) (0.000,0.031) (0.000,0.075) 
 16       28    (0)    1 :  0.117 0.806 0.006 0.037 0.006 0.010 0.006 0.013     (0.000,0.741) (0.000,1.000) (0.000,0.032) (0.000,0.279) (0.000,0.034) (0.000,0.053) (0.000,0.034) (0.000,0.087) 
 17       29    (0)    1 :  0.924 0.025 0.016 0.007 0.006 0.013 0.005 0.005     (0.674,1.000) (0.000,0.175) (0.000,0.108) (0.000,0.037) (0.000,0.035) (0.000,0.080) (0.000,0.027) (0.000,0.028) 
 18       30    (0)    1 :  0.175 0.126 0.023 0.202 0.335 0.100 0.007 0.033     (0.000,0.691) (0.000,0.680) (0.000,0.134) (0.000,0.837) (0.000,0.779) (0.000,0.822) (0.000,0.036) (0.000,0.231) 
 19       33    (0)    1 :  0.006 0.005 0.766 0.006 0.016 0.145 0.035 0.022     (0.000,0.032) (0.000,0.027) (0.000,1.000) (0.000,0.034) (0.000,0.113) (0.000,0.980) (0.000,0.243) (0.000,0.156) 
 20       37    (0)    1 :  0.043 0.010 0.893 0.010 0.006 0.018 0.009 0.011     (0.000,0.299) (0.000,0.057) (0.580,1.000) (0.000,0.057) (0.000,0.033) (0.000,0.084) (0.000,0.057) (0.000,0.070) 
 21       38    (0)    1 :  0.015 0.010 0.928 0.009 0.005 0.024 0.005 0.004     (0.000,0.105) (0.000,0.054) (0.689,1.000) (0.000,0.056) (0.000,0.031) (0.000,0.139) (0.000,0.028) (0.000,0.023) 
 22       43    (0)    1 :  0.751 0.162 0.008 0.032 0.008 0.015 0.006 0.017     (0.406,0.999) (0.000,0.531) (0.000,0.048) (0.000,0.223) (0.000,0.050) (0.000,0.095) (0.000,0.036) (0.000,0.120) 
 23       44    (0)    1 :  0.006 0.743 0.007 0.207 0.016 0.009 0.006 0.005     (0.000,0.035) (0.311,1.000) (0.000,0.036) (0.000,0.603) (0.000,0.106) (0.000,0.046) (0.000,0.032) (0.000,0.026) 
 24       48    (0)    1 :  0.007 0.006 0.952 0.010 0.007 0.009 0.004 0.005     (0.000,0.041) (0.000,0.036) (0.785,1.000) (0.000,0.060) (0.000,0.037) (0.000,0.051) (0.000,0.021) (0.000,0.028) 
 25       55    (0)    1 :  0.009 0.803 0.010 0.093 0.016 0.021 0.006 0.043     (0.000,0.052) (0.372,1.000) (0.000,0.061) (0.000,0.492) (0.000,0.106) (0.000,0.121) (0.000,0.036) (0.000,0.293) 
 26       59    (0)    1 :  0.005 0.008 0.008 0.953 0.009 0.007 0.004 0.007     (0.000,0.026) (0.000,0.042) (0.000,0.044) (0.790,1.000) (0.000,0.054) (0.000,0.039) (0.000,0.023) (0.000,0.042) 
 27       60    (0)    1 :  0.025 0.004 0.011 0.008 0.006 0.010 0.008 0.928     (0.000,0.183) (0.000,0.023) (0.000,0.066) (0.000,0.049) (0.000,0.031) (0.000,0.056) (0.000,0.045) (0.690,1.000) 
 28       61    (0)    1 :  0.007 0.014 0.008 0.014 0.055 0.017 0.500 0.384     (0.000,0.041) (0.000,0.084) (0.000,0.043) (0.000,0.088) (0.000,0.362) (0.000,0.096) (0.000,0.999) (0.000,0.997) 
 29       62    (0)    1 :  0.035 0.021 0.022 0.017 0.016 0.072 0.738 0.079     (0.000,0.256) (0.000,0.147) (0.000,0.158) (0.000,0.109) (0.000,0.111) (0.000,0.618) (0.000,1.000) (0.000,0.603) 
 30       65    (0)    1 :  0.006 0.008 0.771 0.006 0.022 0.160 0.012 0.014     (0.000,0.032) (0.000,0.051) (0.000,1.000) (0.000,0.033) (0.000,0.157) (0.000,0.982) (0.000,0.084) (0.000,0.099) 
 31       73    (0)    1 :  0.164 0.014 0.007 0.008 0.749 0.013 0.007 0.039     (0.000,0.513) (0.000,0.090) (0.000,0.042) (0.000,0.043) (0.389,1.000) (0.000,0.073) (0.000,0.036) (0.000,0.300) 
 32       75    (0)    1 :  0.004 0.005 0.011 0.009 0.037 0.012 0.918 0.005     (0.000,0.022) (0.000,0.029) (0.000,0.069) (0.000,0.054) (0.000,0.248) (0.000,0.075) (0.657,1.000) (0.000,0.025) 
 33       76    (0)    1 :  0.010 0.005 0.004 0.006 0.006 0.007 0.950 0.013     (0.000,0.066) (0.000,0.026) (0.000,0.021) (0.000,0.033) (0.000,0.034) (0.000,0.036) (0.778,1.000) (0.000,0.078) 
 34       77    (0)    1 :  0.011 0.005 0.006 0.005 0.005 0.010 0.740 0.216     (0.000,0.068) (0.000,0.027) (0.000,0.037) (0.000,0.029) (0.000,0.030) (0.000,0.058) (0.000,1.000) (0.000,0.964) 
 35       78    (0)    1 :  0.017 0.012 0.011 0.006 0.615 0.028 0.267 0.043     (0.000,0.123) (0.000,0.076) (0.000,0.063) (0.000,0.035) (0.000,0.999) (0.000,0.197) (0.000,0.864) (0.000,0.318) 
 36       79    (0)    1 :  0.004 0.008 0.007 0.005 0.066 0.029 0.872 0.008     (0.000,0.023) (0.000,0.048) (0.000,0.044) (0.000,0.027) (0.000,0.364) (0.000,0.209) (0.544,1.000) (0.000,0.046) 
 37       84    (0)    1 :  0.019 0.028 0.007 0.839 0.012 0.025 0.026 0.044     (0.000,0.127) (0.000,0.200) (0.000,0.040) (0.466,1.000) (0.000,0.078) (0.000,0.178) (0.000,0.185) (0.000,0.311) 
 38       85    (0)    1 :  0.007 0.928 0.008 0.009 0.012 0.019 0.008 0.010     (0.000,0.040) (0.690,1.000) (0.000,0.046) (0.000,0.054) (0.000,0.074) (0.000,0.106) (0.000,0.042) (0.000,0.055) 
 39       86    (0)    1 :  0.010 0.844 0.011 0.005 0.016 0.094 0.010 0.010     (0.000,0.068) (0.369,1.000) (0.000,0.070) (0.000,0.027) (0.000,0.111) (0.000,0.566) (0.000,0.056) (0.000,0.058) 
 40       89    (0)    1 :  0.190 0.017 0.019 0.617 0.008 0.045 0.050 0.055     (0.000,0.585) (0.000,0.098) (0.000,0.131) (0.219,0.958) (0.000,0.047) (0.000,0.317) (0.000,0.325) (0.000,0.390) 
 41       94    (0)    1 :  0.948 0.009 0.014 0.006 0.005 0.007 0.005 0.006     (0.774,1.000) (0.000,0.054) (0.000,0.090) (0.000,0.037) (0.000,0.031) (0.000,0.038) (0.000,0.027) (0.000,0.033) 
 42       95    (0)    1 :  0.007 0.017 0.016 0.913 0.013 0.012 0.006 0.017     (0.000,0.037) (0.000,0.106) (0.000,0.101) (0.632,1.000) (0.000,0.085) (0.000,0.064) (0.000,0.032) (0.000,0.119) 
 43       96    (0)    1 :  0.010 0.953 0.005 0.007 0.006 0.007 0.007 0.006     (0.000,0.063) (0.790,1.000) (0.000,0.025) (0.000,0.033) (0.000,0.030) (0.000,0.037) (0.000,0.037) (0.000,0.031) 
 44       98    (0)    1 :  0.009 0.006 0.005 0.006 0.071 0.020 0.032 0.851     (0.000,0.048) (0.000,0.035) (0.000,0.027) (0.000,0.031) (0.000,0.667) (0.000,0.090) (0.000,0.178) (0.000,1.000) 
 45      102    (0)    1 :  0.017 0.007 0.465 0.028 0.006 0.447 0.017 0.012     (0.000,0.120) (0.000,0.037) (0.000,1.000) (0.000,0.208) (0.000,0.035) (0.000,1.000) (0.000,0.125) (0.000,0.081) 
 46      105    (0)    1 :  0.006 0.005 0.008 0.006 0.960 0.006 0.004 0.005     (0.000,0.031) (0.000,0.026) (0.000,0.048) (0.000,0.035) (0.821,1.000) (0.000,0.034) (0.000,0.023) (0.000,0.026) 
 47      106    (0)    1 :  0.004 0.027 0.015 0.097 0.231 0.246 0.360 0.020     (0.000,0.022) (0.000,0.197) (0.000,0.096) (0.000,0.416) (0.000,0.690) (0.000,0.992) (0.000,0.943) (0.000,0.137) 
 48      108    (0)    1 :  0.008 0.010 0.067 0.008 0.793 0.054 0.026 0.033     (0.000,0.050) (0.000,0.061) (0.000,0.393) (0.000,0.048) (0.388,1.000) (0.000,0.369) (0.000,0.187) (0.000,0.213) 
 49      109    (0)    1 :  0.006 0.016 0.010 0.010 0.744 0.072 0.035 0.108     (0.000,0.035) (0.000,0.109) (0.000,0.054) (0.000,0.063) (0.109,1.000) (0.000,0.512) (0.000,0.250) (0.000,0.588) 
 50      112    (0)    1 :  0.055 0.282 0.022 0.014 0.008 0.222 0.170 0.226     (0.000,0.389) (0.000,0.844) (0.000,0.151) (0.000,0.092) (0.000,0.043) (0.000,0.993) (0.000,0.857) (0.000,0.816) 
 51      115    (0)    1 :  0.045 0.011 0.260 0.013 0.016 0.599 0.013 0.043     (0.000,0.300) (0.000,0.060) (0.000,0.994) (0.000,0.080) (0.000,0.105) (0.000,1.000) (0.000,0.080) (0.000,0.315) 
 52      116    (0)    1 :  0.007 0.919 0.012 0.008 0.019 0.023 0.007 0.005     (0.000,0.041) (0.642,1.000) (0.000,0.069) (0.000,0.045) (0.000,0.137) (0.000,0.152) (0.000,0.035) (0.000,0.026) 
 53      117    (0)    1 :  0.100 0.055 0.014 0.742 0.017 0.025 0.013 0.034     (0.000,0.656) (0.000,0.384) (0.000,0.093) (0.000,1.000) (0.000,0.115) (0.000,0.155) (0.000,0.076) (0.000,0.241) 
 54      129    (0)    1 :  0.010 0.874 0.008 0.082 0.006 0.010 0.003 0.007     (0.000,0.055) (0.455,1.000) (0.000,0.046) (0.000,0.493) (0.000,0.035) (0.000,0.052) (0.000,0.018) (0.000,0.040) 
 55      132    (0)    1 :  0.150 0.007 0.041 0.014 0.008 0.041 0.009 0.731     (0.000,0.574) (0.000,0.041) (0.000,0.295) (0.000,0.091) (0.000,0.041) (0.000,0.267) (0.000,0.051) (0.121,1.000) 
 56      133    (0)    1 :  0.006 0.004 0.005 0.006 0.067 0.012 0.041 0.858     (0.000,0.033) (0.000,0.023) (0.000,0.026) (0.000,0.030) (0.000,0.618) (0.000,0.053) (0.000,0.270) (0.000,1.000) 
 57      137    (7)    1 :  0.019 0.011 0.009 0.011 0.013 0.023 0.363 0.551     (0.000,0.130) (0.000,0.070) (0.000,0.052) (0.000,0.061) (0.000,0.077) (0.000,0.139) (0.000,0.993) (0.000,1.000) 
 58      139    (0)    1 :  0.006 0.008 0.012 0.010 0.010 0.017 0.931 0.006     (0.000,0.037) (0.000,0.047) (0.000,0.072) (0.000,0.063) (0.000,0.057) (0.000,0.102) (0.707,1.000) (0.000,0.031) 
 59      140    (0)    1 :  0.006 0.014 0.014 0.035 0.758 0.044 0.045 0.086     (0.000,0.031) (0.000,0.081) (0.000,0.082) (0.000,0.252) (0.251,1.000) (0.000,0.302) (0.000,0.301) (0.000,0.522) 
 60      142    (0)    1 :  0.012 0.007 0.007 0.022 0.008 0.010 0.903 0.030     (0.000,0.081) (0.000,0.041) (0.000,0.038) (0.000,0.158) (0.000,0.047) (0.000,0.049) (0.595,1.000) (0.000,0.214) 
 61      144    (0)    1 :  0.004 0.004 0.005 0.007 0.960 0.005 0.006 0.008     (0.000,0.023) (0.000,0.024) (0.000,0.027) (0.000,0.039) (0.822,1.000) (0.000,0.028) (0.000,0.031) (0.000,0.051) 
 62      145    (0)    1 :  0.006 0.009 0.008 0.009 0.014 0.022 0.883 0.049     (0.000,0.034) (0.000,0.052) (0.000,0.044) (0.000,0.050) (0.000,0.095) (0.000,0.100) (0.312,1.000) (0.000,0.327) 
 63      147    (0)    1 :  0.004 0.008 0.006 0.004 0.941 0.010 0.020 0.007     (0.000,0.024) (0.000,0.048) (0.000,0.033) (0.000,0.022) (0.739,1.000) (0.000,0.058) (0.000,0.144) (0.000,0.039) 
 64      160    (0)    1 :  0.960 0.007 0.006 0.008 0.004 0.005 0.004 0.005     (0.821,1.000) (0.000,0.039) (0.000,0.033) (0.000,0.045) (0.000,0.023) (0.000,0.029) (0.000,0.024) (0.000,0.027) 
 65     162*    (0)    1 :  0.012 0.952 0.005 0.005 0.006 0.007 0.007 0.006     (0.000,0.077) (0.786,1.000) (0.000,0.028) (0.000,0.029) (0.000,0.031) (0.000,0.039) (0.000,0.037) (0.000,0.030) 
 66      166    (0)    1 :  0.004 0.005 0.004 0.009 0.013 0.006 0.007 0.951     (0.000,0.024) (0.000,0.029) (0.000,0.024) (0.000,0.047) (0.000,0.076) (0.000,0.032) (0.000,0.036) (0.779,1.000) 
 67      177    (0)    1 :  0.004 0.004 0.003 0.004 0.004 0.005 0.969 0.006     (0.000,0.023) (0.000,0.019) (0.000,0.019) (0.000,0.023) (0.000,0.023) (0.000,0.028) (0.859,1.000) (0.000,0.032) 
 68      178    (0)    1 :  0.025 0.013 0.010 0.008 0.013 0.028 0.848 0.055     (0.000,0.180) (0.000,0.080) (0.000,0.058) (0.000,0.051) (0.000,0.087) (0.000,0.190) (0.448,1.000) (0.000,0.385) 
 69      186    (0)    1 :  0.005 0.005 0.004 0.969 0.003 0.004 0.004 0.005     (0.000,0.028) (0.000,0.030) (0.000,0.023) (0.857,1.000) (0.000,0.019) (0.000,0.021) (0.000,0.023) (0.000,0.026) 
 70      189    (0)    1 :  0.012 0.953 0.006 0.006 0.004 0.007 0.008 0.004     (0.000,0.077) (0.787,1.000) (0.000,0.031) (0.000,0.033) (0.000,0.021) (0.000,0.036) (0.000,0.048) (0.000,0.024) 
 71      190    (0)    1 :  0.072 0.768 0.018 0.056 0.009 0.034 0.015 0.029     (0.000,0.513) (0.089,1.000) (0.000,0.123) (0.000,0.367) (0.000,0.049) (0.000,0.227) (0.000,0.100) (0.000,0.210) 
 72      191    (0)    1 :  0.017 0.583 0.009 0.292 0.034 0.028 0.026 0.012     (0.000,0.116) (0.000,0.999) (0.000,0.045) (0.000,0.842) (0.000,0.251) (0.000,0.186) (0.000,0.181) (0.000,0.079) 
 73      193    (0)    1 :  0.023 0.021 0.014 0.042 0.031 0.046 0.707 0.117     (0.000,0.161) (0.000,0.143) (0.000,0.091) (0.000,0.302) (0.000,0.224) (0.000,0.313) (0.000,1.000) (0.000,0.925) 
 74      202    (0)    1 :  0.245 0.106 0.024 0.014 0.009 0.563 0.011 0.028     (0.000,0.706) (0.000,0.566) (0.000,0.166) (0.000,0.081) (0.000,0.051) (0.000,1.000) (0.000,0.066) (0.000,0.196) 
 75      204    (0)    1 :  0.008 0.600 0.005 0.364 0.006 0.007 0.004 0.006     (0.000,0.049) (0.000,1.000) (0.000,0.026) (0.000,1.000) (0.000,0.034) (0.000,0.036) (0.000,0.020) (0.000,0.030) 
 76      211    (0)    1 :  0.119 0.009 0.019 0.015 0.075 0.095 0.060 0.607     (0.000,0.567) (0.000,0.055) (0.000,0.123) (0.000,0.095) (0.000,0.523) (0.000,0.749) (0.000,0.343) (0.000,1.000) 
 77      216    (0)    1 :  0.023 0.007 0.005 0.005 0.562 0.017 0.030 0.351     (0.000,0.171) (0.000,0.038) (0.000,0.028) (0.000,0.026) (0.003,1.000) (0.000,0.106) (0.000,0.202) (0.000,0.861) 
 78      222    (0)    1 :  0.006 0.019 0.046 0.005 0.837 0.060 0.014 0.013     (0.000,0.032) (0.000,0.111) (0.000,0.314) (0.000,0.028) (0.374,1.000) (0.000,0.462) (0.000,0.088) (0.000,0.071) 
 79      224    (0)    1 :  0.012 0.946 0.007 0.007 0.008 0.008 0.006 0.005     (0.000,0.080) (0.758,1.000) (0.000,0.040) (0.000,0.036) (0.000,0.050) (0.000,0.040) (0.000,0.035) (0.000,0.029) 
 80      226    (0)    1 :  0.005 0.008 0.009 0.939 0.005 0.018 0.005 0.012     (0.000,0.028) (0.000,0.042) (0.000,0.050) (0.736,1.000) (0.000,0.024) (0.000,0.120) (0.000,0.024) (0.000,0.078) 
 81      229    (0)    1 :  0.052 0.361 0.024 0.027 0.022 0.434 0.043 0.039     (0.000,0.386) (0.000,0.964) (0.000,0.159) (0.000,0.186) (0.000,0.141) (0.000,1.000) (0.000,0.284) (0.000,0.282) 
 82      230    (0)    1 :  0.035 0.701 0.016 0.039 0.016 0.141 0.042 0.011     (0.000,0.255) (0.000,1.000) (0.000,0.092) (0.000,0.281) (0.000,0.114) (0.000,0.960) (0.000,0.271) (0.000,0.064) 
 83      232    (0)    1 :  0.305 0.092 0.020 0.138 0.017 0.146 0.115 0.167     (0.000,0.772) (0.000,0.572) (0.000,0.133) (0.000,0.621) (0.000,0.110) (0.000,0.888) (0.000,0.592) (0.000,0.748) 
 84      238    (0)    1 :  0.007 0.017 0.111 0.005 0.021 0.760 0.051 0.028     (0.000,0.041) (0.000,0.113) (0.000,0.763) (0.000,0.030) (0.000,0.147) (0.000,1.000) (0.000,0.348) (0.000,0.200) 
 85      242    (0)    1 :  0.004 0.007 0.924 0.006 0.008 0.038 0.004 0.009     (0.000,0.022) (0.000,0.039) (0.680,1.000) (0.000,0.035) (0.000,0.050) (0.000,0.170) (0.000,0.021) (0.000,0.054) 
 86      243    (0)    1 :  0.008 0.009 0.475 0.023 0.017 0.311 0.018 0.139     (0.000,0.050) (0.000,0.052) (0.000,0.999) (0.000,0.171) (0.000,0.103) (0.000,0.999) (0.000,0.124) (0.000,0.591) 
 87      244    (0)    1 :  0.010 0.013 0.187 0.007 0.006 0.689 0.070 0.018     (0.000,0.062) (0.000,0.085) (0.000,0.915) (0.000,0.037) (0.000,0.034) (0.000,1.000) (0.000,0.441) (0.000,0.122) 
 88      251    (0)    1 :  0.088 0.021 0.093 0.009 0.010 0.741 0.021 0.017     (0.000,0.494) (0.000,0.140) (0.000,0.726) (0.000,0.054) (0.000,0.062) (0.000,1.000) (0.000,0.133) (0.000,0.098) 
 89      266    (0)    1 :  0.005 0.008 0.071 0.009 0.011 0.429 0.303 0.165     (0.000,0.028) (0.000,0.045) (0.000,0.410) (0.000,0.054) (0.000,0.064) (0.000,0.999) (0.000,0.806) (0.000,0.690) 
 90      267    (0)    1 :  0.007 0.016 0.018 0.044 0.743 0.031 0.011 0.130     (0.000,0.037) (0.000,0.103) (0.000,0.121) (0.000,0.312) (0.210,1.000) (0.000,0.210) (0.000,0.064) (0.000,0.602) 
 91      268    (0)    1 :  0.035 0.005 0.007 0.006 0.114 0.029 0.350 0.453     (0.000,0.253) (0.000,0.027) (0.000,0.039) (0.000,0.035) (0.000,0.707) (0.000,0.175) (0.000,0.995) (0.000,0.999) 
 92      270    (0)    1 :  0.019 0.916 0.009 0.021 0.011 0.011 0.006 0.007     (0.000,0.131) (0.637,1.000) (0.000,0.048) (0.000,0.139) (0.000,0.065) (0.000,0.053) (0.000,0.034) (0.000,0.043) 
 93      276    (0)    1 :  0.024 0.539 0.017 0.250 0.034 0.039 0.046 0.051     (0.000,0.171) (0.000,1.000) (0.000,0.112) (0.000,0.800) (0.000,0.247) (0.000,0.277) (0.000,0.340) (0.000,0.375) 
 94      298    (7)    1 :  0.012 0.008 0.012 0.024 0.601 0.037 0.211 0.095     (0.000,0.081) (0.000,0.043) (0.000,0.078) (0.000,0.176) (0.000,0.999) (0.000,0.264) (0.000,0.897) (0.000,0.564) 
 95      306    (0)    1 :  0.006 0.012 0.020 0.013 0.015 0.067 0.085 0.782     (0.000,0.035) (0.000,0.077) (0.000,0.141) (0.000,0.090) (0.000,0.098) (0.000,0.476) (0.000,0.458) (0.287,1.000) 
 96      308    (0)    1 :  0.084 0.011 0.029 0.008 0.072 0.092 0.663 0.041     (0.000,0.413) (0.000,0.067) (0.000,0.205) (0.000,0.047) (0.000,0.474) (0.000,0.683) (0.000,1.000) (0.000,0.295) 
 97      311    (7)    1 :  0.019 0.022 0.037 0.008 0.179 0.512 0.023 0.201     (0.000,0.131) (0.000,0.148) (0.000,0.268) (0.000,0.043) (0.000,0.921) (0.000,1.000) (0.000,0.146) (0.000,0.984) 
 98      323    (0)    1 :  0.005 0.008 0.009 0.956 0.008 0.006 0.004 0.005     (0.000,0.025) (0.000,0.042) (0.000,0.050) (0.799,1.000) (0.000,0.045) (0.000,0.034) (0.000,0.024) (0.000,0.029) 
 99      327    (0)    1 :  0.215 0.632 0.019 0.024 0.012 0.058 0.008 0.032     (0.000,0.705) (0.000,0.998) (0.000,0.127) (0.000,0.170) (0.000,0.072) (0.000,0.407) (0.000,0.050) (0.000,0.233) 
100      334    (0)    1 :  0.009 0.012 0.282 0.004 0.016 0.644 0.012 0.021     (0.000,0.053) (0.000,0.065) (0.000,0.998) (0.000,0.023) (0.000,0.097) (0.000,1.000) (0.000,0.072) (0.000,0.142) 
101      338    (0)    1 :  0.025 0.043 0.017 0.031 0.292 0.286 0.050 0.256     (0.000,0.180) (0.000,0.318) (0.000,0.102) (0.000,0.233) (0.000,0.978) (0.000,0.997) (0.000,0.348) (0.000,0.893) 
102      341    (0)    1 :  0.007 0.007 0.014 0.921 0.006 0.011 0.005 0.029     (0.000,0.040) (0.000,0.040) (0.000,0.088) (0.667,1.000) (0.000,0.033) (0.000,0.063) (0.000,0.027) (0.000,0.201) 
103      346    (0)    1 :  0.043 0.009 0.006 0.012 0.006 0.017 0.164 0.742     (0.000,0.309) (0.000,0.051) (0.000,0.032) (0.000,0.068) (0.000,0.031) (0.000,0.096) (0.000,0.922) (0.000,1.000) 
104      348    (0)    1 :  0.006 0.009 0.015 0.008 0.563 0.051 0.326 0.021     (0.000,0.035) (0.000,0.052) (0.000,0.095) (0.000,0.044) (0.000,0.999) (0.000,0.383) (0.000,0.916) (0.000,0.149) 
105      351    (0)    1 :  0.052 0.011 0.211 0.013 0.009 0.275 0.012 0.417     (0.000,0.334) (0.000,0.067) (0.000,0.970) (0.000,0.086) (0.000,0.054) (0.000,0.997) (0.000,0.064) (0.000,0.999) 
106      362    (0)    1 :  0.059 0.761 0.006 0.143 0.007 0.011 0.005 0.007     (0.000,0.417) (0.000,1.000) (0.000,0.032) (0.000,0.886) (0.000,0.041) (0.000,0.053) (0.000,0.029) (0.000,0.040) 
107      364    (0)    1 :  0.014 0.006 0.861 0.012 0.009 0.048 0.013 0.036     (0.000,0.093) (0.000,0.036) (0.475,1.000) (0.000,0.075) (0.000,0.054) (0.000,0.337) (0.000,0.086) (0.000,0.258) 
108      366    (0)    1 :  0.007 0.016 0.815 0.012 0.022 0.092 0.007 0.029     (0.000,0.044) (0.000,0.106) (0.000,1.000) (0.000,0.073) (0.000,0.151) (0.000,0.895) (0.000,0.038) (0.000,0.214) 
109      376    (0)    1 :  0.013 0.023 0.006 0.915 0.003 0.009 0.016 0.013     (0.000,0.086) (0.000,0.168) (0.000,0.033) (0.663,1.000) (0.000,0.018) (0.000,0.051) (0.000,0.114) (0.000,0.087) 
110      377    (7)    1 :  0.351 0.391 0.015 0.025 0.063 0.110 0.019 0.025     (0.000,0.897) (0.000,0.972) (0.000,0.094) (0.000,0.177) (0.000,0.353) (0.000,0.726) (0.000,0.111) (0.000,0.164) 
111      378    (0)    1 :  0.930 0.007 0.004 0.015 0.005 0.007 0.017 0.014     (0.717,1.000) (0.000,0.039) (0.000,0.023) (0.000,0.104) (0.000,0.029) (0.000,0.038) (0.000,0.115) (0.000,0.096) 
112      388    (0)    1 :  0.035 0.014 0.017 0.011 0.564 0.048 0.016 0.295     (0.000,0.265) (0.000,0.088) (0.000,0.110) (0.000,0.073) (0.000,1.000) (0.000,0.352) (0.000,0.097) (0.000,0.971) 
113      391    (0)    1 :  0.170 0.008 0.014 0.473 0.014 0.067 0.013 0.241     (0.000,0.529) (0.000,0.042) (0.000,0.082) (0.000,0.888) (0.000,0.095) (0.000,0.514) (0.000,0.080) (0.000,0.816) 
114      401    (0)    1 :  0.011 0.175 0.058 0.095 0.007 0.493 0.149 0.013     (0.000,0.066) (0.000,0.663) (0.000,0.429) (0.000,0.565) (0.000,0.037) (0.000,1.000) (0.000,0.605) (0.000,0.073) 
115      406    (0)    1 :  0.015 0.014 0.036 0.091 0.064 0.120 0.034 0.624     (0.000,0.096) (0.000,0.093) (0.000,0.252) (0.000,0.575) (0.000,0.433) (0.000,0.907) (0.000,0.244) (0.000,1.000) 
116      412    (7)    1 :  0.035 0.030 0.019 0.024 0.071 0.112 0.050 0.660     (0.000,0.261) (0.000,0.218) (0.000,0.107) (0.000,0.168) (0.000,0.601) (0.000,0.909) (0.000,0.369) (0.000,1.000) 
117      413    (0)    1 :  0.010 0.041 0.026 0.005 0.039 0.137 0.710 0.033     (0.000,0.060) (0.000,0.287) (0.000,0.190) (0.000,0.028) (0.000,0.280) (0.000,0.952) (0.000,1.000) (0.000,0.211) 
118      421    (0)    1 :  0.010 0.814 0.013 0.018 0.019 0.046 0.045 0.035     (0.000,0.058) (0.404,1.000) (0.000,0.085) (0.000,0.129) (0.000,0.135) (0.000,0.330) (0.000,0.310) (0.000,0.237) 
119      423    (0)    1 :  0.011 0.841 0.023 0.011 0.044 0.049 0.014 0.007     (0.000,0.067) (0.275,1.000) (0.000,0.167) (0.000,0.073) (0.000,0.321) (0.000,0.348) (0.000,0.086) (0.000,0.038) 
120      424    (0)    1 :  0.027 0.014 0.025 0.215 0.023 0.050 0.035 0.612     (0.000,0.194) (0.000,0.088) (0.000,0.173) (0.000,0.935) (0.000,0.156) (0.000,0.355) (0.000,0.252) (0.000,1.000) 
121      426    (0)    1 :  0.666 0.033 0.025 0.124 0.012 0.049 0.025 0.066     (0.064,0.999) (0.000,0.229) (0.000,0.180) (0.000,0.565) (0.000,0.070) (0.000,0.349) (0.000,0.179) (0.000,0.488) 
122      430    (7)    1 :  0.013 0.014 0.006 0.028 0.022 0.020 0.147 0.752     (0.000,0.076) (0.000,0.082) (0.000,0.034) (0.000,0.189) (0.000,0.137) (0.000,0.099) (0.000,0.757) (0.000,1.000) 
123      435    (0)    1 :  0.012 0.007 0.004 0.005 0.021 0.008 0.916 0.026     (0.000,0.077) (0.000,0.039) (0.000,0.022) (0.000,0.027) (0.000,0.150) (0.000,0.046) (0.653,1.000) (0.000,0.156) 
124      476    (0)    1 :  0.013 0.127 0.024 0.768 0.005 0.037 0.018 0.010     (0.000,0.088) (0.000,0.578) (0.000,0.164) (0.320,1.000) (0.000,0.024) (0.000,0.254) (0.000,0.128) (0.000,0.057) 
125      478    (0)    1 :  0.016 0.174 0.030 0.720 0.010 0.027 0.007 0.017     (0.000,0.104) (0.000,0.624) (0.000,0.207) (0.299,0.998) (0.000,0.060) (0.000,0.199) (0.000,0.038) (0.000,0.112) 
126      484    (0)    1 :  0.009 0.007 0.006 0.021 0.547 0.013 0.033 0.365     (0.000,0.057) (0.000,0.038) (0.000,0.033) (0.000,0.144) (0.001,0.999) (0.000,0.067) (0.000,0.241) (0.000,0.855) 
127      489    (0)    1 :  0.641 0.048 0.006 0.006 0.221 0.020 0.009 0.049     (0.001,1.000) (0.000,0.353) (0.000,0.031) (0.000,0.033) (0.000,0.616) (0.000,0.100) (0.000,0.046) (0.000,0.371) 
128      493    (0)    1 :  0.012 0.008 0.911 0.008 0.008 0.032 0.009 0.012     (0.000,0.082) (0.000,0.050) (0.638,1.000) (0.000,0.044) (0.000,0.045) (0.000,0.193) (0.000,0.054) (0.000,0.083) 
129      494    (0)    1 :  0.038 0.022 0.699 0.010 0.008 0.206 0.010 0.006     (0.000,0.272) (0.000,0.156) (0.000,1.000) (0.000,0.063) (0.000,0.051) (0.000,0.994) (0.000,0.068) (0.000,0.032) 
130      500    (0)    1 :  0.009 0.882 0.009 0.061 0.004 0.025 0.004 0.006     (0.000,0.056) (0.379,1.000) (0.000,0.046) (0.000,0.437) (0.000,0.024) (0.000,0.120) (0.000,0.022) (0.000,0.033) 
131      504    (0)    1 :  0.066 0.058 0.033 0.013 0.598 0.103 0.020 0.110     (0.000,0.357) (0.000,0.364) (0.000,0.228) (0.000,0.082) (0.000,0.998) (0.000,0.737) (0.000,0.132) (0.000,0.614) 
132      506    (0)    1 :  0.005 0.016 0.005 0.015 0.939 0.007 0.004 0.008     (0.000,0.028) (0.000,0.105) (0.000,0.026) (0.000,0.099) (0.718,1.000) (0.000,0.038) (0.000,0.023) (0.000,0.041) 


Estimated Allele Frequencies in each cluster
First column gives estimated ancestral frequencies


Locus 1 : Rsu5 
5 alleles
0.0% missing data
 137   (0.734) 0.912 0.967 0.633 0.968 0.394 0.734 0.790 0.887 
 135   (0.085) 0.044 0.008 0.131 0.017 0.015 0.083 0.040 0.084 
 139   (0.116) 0.039 0.019 0.194 0.011 0.014 0.124 0.088 0.015 
 133   (0.021) 0.001 0.002 0.031 0.001 0.002 0.019 0.002 0.002 
 131   (0.043) 0.003 0.004 0.012 0.003 0.575 0.040 0.080 0.011 

Locus 2 : Scv1 
5 alleles
0.0% missing data
 181   (0.536) 0.801 0.594 0.714 0.957 0.355 0.536 0.338 0.355 
 179   (0.184) 0.066 0.146 0.151 0.016 0.095 0.183 0.218 0.361 
 177   (0.122) 0.121 0.016 0.060 0.015 0.220 0.121 0.088 0.246 
 185   (0.127) 0.010 0.241 0.053 0.010 0.328 0.128 0.352 0.035 
 171   (0.030) 0.003 0.003 0.021 0.002 0.003 0.032 0.004 0.003 

Locus 3 : Rsu4 
9 alleles
0.0% missing data
 267   (0.209) 0.091 0.274 0.319 0.141 0.159 0.212 0.077 0.041 
 263   (0.320) 0.815 0.226 0.257 0.527 0.349 0.317 0.510 0.414 
 259   (0.045) 0.030 0.256 0.012 0.209 0.005 0.041 0.006 0.007 
 287   (0.169) 0.037 0.203 0.127 0.105 0.165 0.169 0.047 0.412 
 275   (0.038) 0.003 0.003 0.138 0.003 0.004 0.037 0.008 0.006 
 279   (0.082) 0.011 0.009 0.048 0.006 0.011 0.088 0.215 0.022 
 283   (0.076) 0.006 0.007 0.040 0.005 0.301 0.074 0.130 0.090 
 291   (0.036) 0.006 0.020 0.017 0.002 0.004 0.039 0.005 0.005 
 271   (0.024) 0.002 0.002 0.042 0.002 0.002 0.023 0.003 0.003 

Locus 4 : Rsu6 
5 alleles
0.0% missing data
 120   (0.238) 0.535 0.267 0.206 0.279 0.066 0.233 0.206 0.383 
 126   (0.624) 0.393 0.522 0.618 0.566 0.917 0.631 0.776 0.602 
 124   (0.095) 0.068 0.190 0.057 0.153 0.013 0.096 0.013 0.011 
 130   (0.024) 0.002 0.002 0.114 0.002 0.002 0.022 0.003 0.002 
 114   (0.019) 0.001 0.019 0.005 0.001 0.002 0.017 0.002 0.002 

Locus 5 : Scv23 
3 alleles
0.8% missing data
 158   (0.532) 0.483 0.746 0.458 0.376 0.796 0.536 0.597 0.454 
 164   (0.173) 0.070 0.051 0.285 0.434 0.113 0.170 0.025 0.265 
 160   (0.294) 0.448 0.202 0.257 0.190 0.091 0.294 0.378 0.281 

Locus 6 : Scv13 
5 alleles
0.0% missing data
 182   (0.709) 0.974 0.908 0.714 0.808 0.896 0.705 0.624 0.912 
 180   (0.094) 0.012 0.071 0.102 0.162 0.010 0.096 0.014 0.014 
 172   (0.086) 0.006 0.008 0.046 0.006 0.079 0.085 0.237 0.054 
 184   (0.068) 0.005 0.010 0.125 0.021 0.010 0.070 0.012 0.012 
 174   (0.042) 0.003 0.004 0.014 0.003 0.005 0.043 0.113 0.007 

Locus 7 : Scv32 
18 alleles
0.0% missing data
 236   (0.044) 0.003 0.004 0.139 0.003 0.005 0.046 0.006 0.006 
 238   (0.040) 0.004 0.004 0.023 0.003 0.072 0.037 0.006 0.210 
 234   (0.128) 0.071 0.020 0.051 0.351 0.074 0.126 0.632 0.370 
 246   (0.044) 0.007 0.179 0.012 0.313 0.007 0.041 0.010 0.005 
 248   (0.093) 0.419 0.157 0.122 0.007 0.021 0.095 0.012 0.050 
 262   (0.118) 0.176 0.239 0.043 0.022 0.036 0.128 0.042 0.096 
 232   (0.173) 0.014 0.160 0.419 0.141 0.487 0.172 0.094 0.064 
 250   (0.029) 0.268 0.003 0.008 0.004 0.003 0.028 0.004 0.018 
 228   (0.027) 0.002 0.002 0.011 0.002 0.003 0.030 0.003 0.003 
 220   (0.047) 0.006 0.192 0.013 0.077 0.005 0.047 0.006 0.005 
 264   (0.048) 0.006 0.006 0.058 0.041 0.006 0.046 0.012 0.103 
 252   (0.042) 0.004 0.013 0.012 0.003 0.094 0.039 0.080 0.009 
 254   (0.050) 0.005 0.004 0.020 0.004 0.083 0.049 0.077 0.035 
 242   (0.024) 0.002 0.002 0.039 0.002 0.003 0.024 0.003 0.003 
 266   (0.029) 0.002 0.003 0.008 0.002 0.039 0.030 0.005 0.017 
 244   (0.028) 0.009 0.008 0.010 0.002 0.060 0.026 0.004 0.004 
 226   (0.018) 0.001 0.002 0.005 0.023 0.002 0.017 0.002 0.002 
 240   (0.018) 0.001 0.002 0.009 0.001 0.002 0.018 0.003 0.002 

Locus 8 : Scv8 
6 alleles
0.0% missing data
 200   (0.645) 0.837 0.665 0.630 0.844 0.619 0.654 0.372 0.845 
 202   (0.088) 0.007 0.008 0.199 0.006 0.078 0.087 0.054 0.069 
 194   (0.087) 0.015 0.123 0.033 0.138 0.010 0.083 0.166 0.042 
 204   (0.050) 0.128 0.033 0.018 0.004 0.006 0.051 0.008 0.008 
 198   (0.065) 0.009 0.165 0.086 0.005 0.007 0.065 0.011 0.010 
 188   (0.064) 0.005 0.006 0.034 0.004 0.281 0.060 0.390 0.026 

Locus 9 : Scv9 
5 alleles
0.0% missing data
 198   (0.292) 0.496 0.100 0.172 0.425 0.281 0.287 0.474 0.675 
 200   (0.348) 0.384 0.521 0.560 0.373 0.329 0.350 0.127 0.093 
 196   (0.297) 0.115 0.374 0.251 0.038 0.379 0.304 0.294 0.224 
 204   (0.043) 0.003 0.004 0.012 0.163 0.007 0.040 0.081 0.006 
 202   (0.020) 0.001 0.002 0.005 0.001 0.004 0.018 0.024 0.002 

Locus 10 : Rsu1 
6 alleles
0.0% missing data
 189   (0.314) 0.045 0.054 0.549 0.477 0.091 0.322 0.300 0.231 
 185   (0.268) 0.049 0.258 0.183 0.159 0.798 0.265 0.160 0.538 
 177   (0.083) 0.010 0.138 0.029 0.011 0.063 0.084 0.035 0.012 
 181   (0.243) 0.851 0.201 0.213 0.049 0.038 0.241 0.493 0.205 
 193   (0.054) 0.040 0.260 0.015 0.081 0.006 0.051 0.007 0.010 
 197   (0.039) 0.003 0.089 0.010 0.223 0.004 0.036 0.005 0.004 

Locus 11 : Scv14 
7 alleles
4.5% missing data
 196   (0.522) 0.921 0.789 0.490 0.919 0.616 0.514 0.687 0.482 
 198   (0.077) 0.008 0.007 0.102 0.006 0.024 0.077 0.032 0.255 
 194   (0.135) 0.042 0.088 0.228 0.023 0.060 0.135 0.184 0.027 
 202   (0.205) 0.021 0.110 0.151 0.048 0.293 0.214 0.083 0.226 
 204   (0.020) 0.002 0.002 0.016 0.002 0.002 0.020 0.003 0.002 
 190   (0.021) 0.005 0.003 0.006 0.002 0.002 0.021 0.003 0.003 
 200   (0.019) 0.001 0.002 0.007 0.001 0.002 0.019 0.008 0.005 

Locus 12 : Scv16 
7 alleles
0.0% missing data
 182   (0.425) 0.800 0.562 0.211 0.224 0.289 0.435 0.597 0.563 
 184   (0.411) 0.187 0.274 0.565 0.757 0.658 0.410 0.182 0.386 
 188   (0.050) 0.004 0.153 0.172 0.011 0.006 0.047 0.006 0.005 
 200   (0.020) 0.001 0.002 0.025 0.001 0.002 0.018 0.002 0.002 
 198   (0.037) 0.004 0.003 0.010 0.003 0.019 0.034 0.137 0.031 
 190   (0.036) 0.003 0.003 0.010 0.003 0.023 0.034 0.074 0.011 
 186   (0.021) 0.001 0.002 0.008 0.001 0.002 0.021 0.003 0.002 

Locus 13 : Scv31 
15 alleles
3.0% missing data
 193   (0.125) 0.637 0.027 0.072 0.016 0.109 0.127 0.039 0.246 
 201   (0.120) 0.081 0.045 0.243 0.024 0.068 0.123 0.016 0.017 
 187   (0.083) 0.041 0.287 0.024 0.297 0.143 0.081 0.011 0.015 
 207   (0.031) 0.002 0.041 0.008 0.360 0.004 0.029 0.004 0.004 
 195   (0.060) 0.024 0.130 0.017 0.007 0.264 0.059 0.022 0.011 
 185   (0.168) 0.017 0.029 0.119 0.220 0.131 0.166 0.265 0.509 
 189   (0.054) 0.154 0.005 0.259 0.004 0.006 0.051 0.006 0.006 
 205   (0.020) 0.001 0.002 0.007 0.001 0.002 0.021 0.003 0.002 
 191   (0.153) 0.028 0.358 0.048 0.056 0.019 0.158 0.547 0.159 
 197   (0.027) 0.003 0.003 0.007 0.005 0.201 0.026 0.003 0.004 
 199   (0.058) 0.004 0.005 0.067 0.004 0.042 0.058 0.070 0.007 
 203   (0.023) 0.002 0.002 0.082 0.001 0.002 0.022 0.003 0.002 
 209   (0.029) 0.003 0.003 0.019 0.002 0.003 0.030 0.004 0.013 
 213   (0.027) 0.002 0.002 0.022 0.002 0.003 0.029 0.003 0.003 
 181   (0.023) 0.002 0.062 0.006 0.003 0.002 0.021 0.003 0.002 

Locus 14 : Scv6 
8 alleles
0.0% missing data
 191   (0.096) 0.252 0.186 0.215 0.007 0.018 0.096 0.012 0.014 
 195   (0.375) 0.429 0.497 0.281 0.656 0.629 0.375 0.221 0.505 
 197   (0.212) 0.288 0.282 0.107 0.280 0.221 0.209 0.278 0.228 
 201   (0.085) 0.009 0.008 0.131 0.006 0.010 0.089 0.120 0.069 
 205   (0.021) 0.001 0.002 0.060 0.001 0.002 0.019 0.002 0.002 
 193   (0.094) 0.007 0.009 0.121 0.007 0.083 0.092 0.192 0.102 
 199   (0.094) 0.012 0.014 0.036 0.042 0.035 0.100 0.173 0.078 
 181   (0.022) 0.001 0.002 0.049 0.001 0.003 0.021 0.003 0.002 

Values of parameters used in structure:
DATAFILE=M:\STRUCTURE\Squirrel_132_ID_14L_20250816\project_data,	OUTFILE=M:\STRUCTURE\Squirrel_132_ID_14L_20250816\10k_Burnin_100k_MCMC\Results\10k_Burnin_100k_MCMC_run_194,	NUMINDS=132,	NUMLOCI=14,	MISSING=-9,	LABEL=1,	POPDATA=1,	POPFLAG=0,	PHENOTYPE=0,	EXTRACOLS=1,	MAXPOPS=8,	BURNIN=10000,	NUMREPS=100000,	USEPOPINFO=0,	INFERALPHA=1,	INFERLAMBDA=1,	POPSPECIFICLAMBDA=0,	POPALPHAS=0,	COMPUTEPROB=1,	NOADMIX=0,	ADMBURNIN=2500,	UPDATEFREQ=1,	PRINTLIKES=0,	INTERMEDSAVE=0,	PRINTKLD=0,	PRINTNET=0,	PRINTLAMBDA=0,	ANCESTDIST=1,	NUMBOXES=1000,	ANCESTPINT=0.90000,	GENSBACK=2,	MIGRPRIOR=0.05000,	PRINTQHAT=1,	PRINTQSUM=0,	ALPHA=1.0000,	FREQSCORR=1,	FPRIORMEAN=0.0100,	FPRIORSD=0.0500,	ONEFST=0,	LAMBDA=1.0000,	UNIFPRIORALPHA=1,	ALPHAMAX=10.0000,	ALPHAPRIORA=1.0000,	ALPHAPRIORB=2.0000,	ALPHAPROPSD=0.0250,	STARTATPOPINFO=0,	RANDOMIZE=1,	LINKAGE=0,	METROFREQ=10,	REPORTHITRATE=0,	MARKOVPHASE=-1,	PHASED=0,	PLOIDY=2,	PHASEINFO=0	LOCPRIOR=0, 	LOCPRIORINIT=1.000000, 	LOCDATA=0, 	LOCISPOP=0, 	LOCPRIORSTEP=0.100000, 	MAXLOCPRIOR=20.000000, 	SEED=1763828721,	
[STRAT parameters]:    NUMSIMSTATS=1000,	PHENOTYPECOL=-9,	POOLFREQ=10,	LOCUSxONLY=0,	EMERROR=0.00100,	MISSINGPHENO=-9,	