          1*  1 0.0149 0.0148 0.6750 0.0919 0.0142 0.1408 0.0340 0.0094 0.0051 
           3  1 0.9379 0.0083 0.0054 0.0057 0.0207 0.0068 0.0050 0.0058 0.0044 
           6  1 0.9067 0.0122 0.0063 0.0088 0.0117 0.0243 0.0058 0.0165 0.0078 
           8  1 0.0100 0.0115 0.0159 0.0154 0.0143 0.0048 0.0186 0.9061 0.0035 
          10  1 0.0048 0.0038 0.0077 0.0096 0.0370 0.0049 0.8935 0.0344 0.0043 
          11  1 0.0096 0.0094 0.1303 0.6605 0.0644 0.0305 0.0151 0.0419 0.0383 
          12  1 0.0062 0.0037 0.0041 0.0049 0.0069 0.0075 0.9568 0.0053 0.0046 
          16  1 0.9582 0.0039 0.0047 0.0052 0.0061 0.0043 0.0052 0.0083 0.0041 
          18  1 0.0076 0.0070 0.9451 0.0082 0.0066 0.0044 0.0067 0.0098 0.0046 
          19  1 0.0096 0.0250 0.0729 0.8014 0.0172 0.0074 0.0092 0.0283 0.0290 
          21  1 0.9119 0.0045 0.0058 0.0086 0.0210 0.0057 0.0056 0.0316 0.0054 
          23  1 0.0307 0.0090 0.0119 0.0344 0.0127 0.4063 0.4416 0.0138 0.0396 
          24  1 0.0133 0.0070 0.0702 0.4130 0.0125 0.0122 0.3616 0.0786 0.0318 
          25  1 0.1030 0.0067 0.0164 0.0496 0.0088 0.2327 0.4783 0.0969 0.0075 
         26*  1 0.0606 0.0074 0.0195 0.0613 0.2390 0.0111 0.1976 0.3976 0.0059 
          28  1 0.1567 0.0056 0.0077 0.0109 0.0066 0.0120 0.1374 0.6570 0.0061 
          29  1 0.0075 0.0067 0.0189 0.0140 0.0088 0.0056 0.8994 0.0335 0.0055 
          30  1 0.0447 0.2851 0.0186 0.0709 0.3109 0.0334 0.1187 0.1101 0.0076 
          33  1 0.0055 0.0167 0.7729 0.1302 0.0062 0.0209 0.0056 0.0048 0.0371 
          37  1 0.0113 0.0061 0.8851 0.0171 0.0081 0.0113 0.0434 0.0090 0.0087 
          38  1 0.0089 0.0053 0.9043 0.0378 0.0108 0.0044 0.0142 0.0093 0.0050 
          43  1 0.0719 0.0081 0.0085 0.0119 0.0065 0.0156 0.7451 0.1256 0.0069 
          44  1 0.0964 0.0164 0.0069 0.0110 0.1087 0.0049 0.0060 0.7443 0.0053 
          48  1 0.0095 0.0065 0.9454 0.0087 0.0079 0.0049 0.0067 0.0062 0.0041 
          55  1 0.1673 0.0149 0.0105 0.0263 0.0385 0.0402 0.0077 0.6875 0.0070 
          59  1 0.0680 0.0081 0.0051 0.0066 0.8892 0.0075 0.0047 0.0068 0.0040 
          60  1 0.0072 0.0065 0.0131 0.0177 0.0096 0.9044 0.0296 0.0040 0.0080 
          61  1 0.0137 0.0517 0.0070 0.0195 0.0135 0.3672 0.0076 0.0114 0.5083 
          62  1 0.0188 0.0172 0.0220 0.0758 0.0163 0.1044 0.0332 0.0198 0.6926 
          65  1 0.0056 0.0239 0.7999 0.1186 0.0074 0.0157 0.0056 0.0093 0.0140 
          73  1 0.0086 0.7517 0.0084 0.0141 0.0063 0.0362 0.1546 0.0133 0.0068 
          75  1 0.0052 0.0342 0.0113 0.0122 0.0141 0.0045 0.0037 0.0053 0.9095 
          76  1 0.0057 0.0058 0.0037 0.0060 0.0052 0.0109 0.0105 0.0045 0.9476 
          77  1 0.0056 0.0048 0.0060 0.0099 0.0049 0.1754 0.0102 0.0049 0.7782 
          78  1 0.0054 0.6221 0.0105 0.0275 0.0088 0.0396 0.0180 0.0114 0.2567 
          79  1 0.0039 0.0679 0.0079 0.0298 0.0056 0.0085 0.0040 0.0080 0.8644 
          84  1 0.9109 0.0093 0.0060 0.0133 0.0068 0.0204 0.0089 0.0120 0.0124 
          85  1 0.0101 0.0111 0.0085 0.0236 0.0092 0.0088 0.0065 0.9152 0.0069 
          86  1 0.0061 0.0148 0.0086 0.1151 0.0059 0.0091 0.0105 0.8206 0.0093 
          89  1 0.6457 0.0081 0.0163 0.0386 0.0259 0.0398 0.1793 0.0133 0.0329 
          94  1 0.0061 0.0054 0.0125 0.0071 0.0074 0.0063 0.9424 0.0081 0.0047 
          95  1 0.0066 0.0068 0.0064 0.0062 0.9414 0.0121 0.0081 0.0078 0.0046 
          96  1 0.0064 0.0056 0.0052 0.0068 0.0093 0.0059 0.0099 0.9449 0.0061 
          98  1 0.0057 0.0763 0.0057 0.0174 0.0062 0.8279 0.0082 0.0066 0.0461 
         102  1 0.0432 0.0068 0.4803 0.4056 0.0110 0.0132 0.0162 0.0069 0.0169 
         105  1 0.0067 0.9539 0.0088 0.0062 0.0056 0.0047 0.0049 0.0051 0.0042 
         106  1 0.0252 0.2267 0.0164 0.2295 0.0664 0.0277 0.0046 0.0289 0.3746 
         108  1 0.0094 0.7986 0.0659 0.0467 0.0077 0.0330 0.0076 0.0106 0.0205 
         109  1 0.0100 0.7309 0.0104 0.0669 0.0086 0.1122 0.0060 0.0163 0.0387 
         112  1 0.0092 0.0087 0.0175 0.2560 0.0269 0.2039 0.0478 0.2604 0.1695 
         115  1 0.0102 0.0163 0.1890 0.6571 0.0187 0.0440 0.0422 0.0103 0.0122 
         116  1 0.0101 0.0156 0.0113 0.0192 0.0075 0.0052 0.0063 0.9184 0.0064 
         117  1 0.8961 0.0115 0.0114 0.0125 0.0068 0.0118 0.0247 0.0182 0.0069 
         129  1 0.0710 0.0063 0.0082 0.0104 0.0441 0.0073 0.0097 0.8397 0.0032 
         132  1 0.0168 0.0077 0.0487 0.0623 0.0111 0.6960 0.1406 0.0073 0.0094 
         133  1 0.0075 0.0699 0.0049 0.0102 0.0049 0.8350 0.0052 0.0045 0.0577 
         137  1 0.0103 0.0126 0.0085 0.0234 0.0106 0.4882 0.0184 0.0109 0.4171 
         139  1 0.0056 0.0090 0.0114 0.0193 0.0148 0.0059 0.0058 0.0084 0.9197 
         140  1 0.0301 0.7375 0.0133 0.0414 0.0312 0.0752 0.0057 0.0156 0.0499 
         142  1 0.0224 0.0075 0.0060 0.0105 0.0154 0.0386 0.0107 0.0070 0.8820 
         144  1 0.0052 0.9516 0.0054 0.0052 0.0101 0.0083 0.0040 0.0043 0.0059 
         145  1 0.0166 0.0155 0.0081 0.0268 0.0051 0.0953 0.0062 0.0105 0.8158 
         147  1 0.0041 0.9395 0.0056 0.0089 0.0037 0.0074 0.0042 0.0088 0.0177 
         160  1 0.0078 0.0044 0.0062 0.0052 0.0069 0.0049 0.9547 0.0059 0.0040 
        162*  1 0.0057 0.0064 0.0049 0.0069 0.0079 0.0060 0.0112 0.9445 0.0064 
         166  1 0.0074 0.0164 0.0044 0.0065 0.0086 0.9390 0.0045 0.0056 0.0076 
         177  1 0.0046 0.0041 0.0036 0.0050 0.0034 0.0061 0.0042 0.0037 0.9653 
         178  1 0.0114 0.0132 0.0104 0.0274 0.0059 0.0494 0.0272 0.0123 0.8429 
         186  1 0.9656 0.0035 0.0039 0.0040 0.0066 0.0041 0.0044 0.0045 0.0034 
         189  1 0.0060 0.0039 0.0061 0.0079 0.0078 0.0048 0.0129 0.9405 0.0100 
         190  1 0.0717 0.0075 0.0176 0.0360 0.0249 0.0272 0.0482 0.7538 0.0131 
         191  1 0.4247 0.0629 0.0111 0.0257 0.0170 0.0110 0.0166 0.4104 0.0206 
         193  1 0.0504 0.0323 0.0138 0.0416 0.0190 0.1723 0.0208 0.0221 0.6277 
         202  1 0.0114 0.0078 0.0249 0.5130 0.0235 0.0378 0.2555 0.1149 0.0112 
         204  1 0.1151 0.0064 0.0048 0.0068 0.1985 0.0053 0.0083 0.6510 0.0038 
         211  1 0.0145 0.0658 0.0181 0.1024 0.0115 0.6046 0.1180 0.0086 0.0565 
         216  1 0.0055 0.5613 0.0054 0.0202 0.0049 0.3423 0.0209 0.0075 0.0321 
         222  1 0.0053 0.8177 0.0458 0.0634 0.0065 0.0189 0.0050 0.0254 0.0119 
         224  1 0.0088 0.0084 0.0083 0.0087 0.0063 0.0052 0.0135 0.9342 0.0065 
         226  1 0.0371 0.0044 0.0077 0.0130 0.9151 0.0075 0.0046 0.0063 0.0042 
         229  1 0.0778 0.0183 0.0211 0.3404 0.0101 0.0372 0.0286 0.4256 0.0408 
         230  1 0.0100 0.0116 0.0127 0.0955 0.4345 0.0124 0.0243 0.3431 0.0560 
         232  1 0.0665 0.0183 0.0153 0.1722 0.1050 0.1720 0.2920 0.0544 0.1042 
         238  1 0.0031 0.0247 0.1748 0.6270 0.0283 0.0359 0.0069 0.0209 0.0785 
         242  1 0.0058 0.0082 0.9124 0.0417 0.0071 0.0096 0.0039 0.0072 0.0040 
         243  1 0.0165 0.0160 0.4497 0.3260 0.0325 0.1230 0.0071 0.0078 0.0214 
         244  1 0.0083 0.0067 0.2062 0.6506 0.0062 0.0185 0.0089 0.0111 0.0835 
         251  1 0.0147 0.0097 0.0880 0.7420 0.0068 0.0175 0.0764 0.0270 0.0179 
         266  1 0.0121 0.0090 0.0816 0.3639 0.0092 0.1705 0.0049 0.0075 0.3413 
         267  1 0.0256 0.7175 0.0167 0.0284 0.0466 0.1336 0.0062 0.0137 0.0117 
         268  1 0.0103 0.1080 0.0074 0.0330 0.0042 0.4347 0.0361 0.0047 0.3617 
         270  1 0.0150 0.0104 0.0090 0.0102 0.0163 0.0076 0.0210 0.9043 0.0062 
         276  1 0.1834 0.0443 0.0179 0.0484 0.0769 0.0512 0.0211 0.5096 0.0473 
         298  1 0.0331 0.6178 0.0127 0.0246 0.0080 0.0831 0.0128 0.0079 0.1999 
         306  1 0.0109 0.0141 0.0208 0.0540 0.0073 0.7906 0.0060 0.0139 0.0823 
         308  1 0.0102 0.0744 0.0322 0.0940 0.0066 0.0418 0.0770 0.0121 0.6517 
         311  1 0.0074 0.1994 0.0406 0.4702 0.0125 0.2025 0.0189 0.0235 0.0251 
         323  1 0.1175 0.0077 0.0095 0.0082 0.8262 0.0097 0.0055 0.0064 0.0092 
         327  1 0.0269 0.0114 0.0189 0.0627 0.0121 0.0319 0.1920 0.6365 0.0076 
         334  1 0.0051 0.0164 0.3628 0.5570 0.0042 0.0223 0.0078 0.0127 0.0115 
         338  1 0.0254 0.2973 0.0159 0.2866 0.0280 0.2380 0.0235 0.0369 0.0485 
         341  1 0.2951 0.0082 0.0171 0.0180 0.5686 0.0617 0.0105 0.0127 0.0083 
         346  1 0.0093 0.0061 0.0065 0.0159 0.0196 0.6777 0.0421 0.0079 0.2148 
         348  1 0.0108 0.5890 0.0148 0.0389 0.0061 0.0222 0.0062 0.0094 0.3026 
         351  1 0.0159 0.0089 0.1775 0.3526 0.0088 0.3677 0.0467 0.0104 0.0116 
         362  1 0.0277 0.0077 0.0057 0.0108 0.2554 0.0074 0.0472 0.6327 0.0054 
         364  1 0.0092 0.0082 0.8368 0.0623 0.0145 0.0375 0.0114 0.0059 0.0142 
         366  1 0.0089 0.0184 0.8300 0.0701 0.0159 0.0275 0.0068 0.0159 0.0066 
         376  1 0.8896 0.0038 0.0065 0.0124 0.0210 0.0128 0.0136 0.0213 0.0188 
         377  1 0.0358 0.0635 0.0160 0.1313 0.0187 0.0299 0.3545 0.3322 0.0181 
         378  1 0.0297 0.0057 0.0042 0.0074 0.0056 0.0155 0.9058 0.0072 0.0189 
         388  1 0.0123 0.5598 0.0190 0.0413 0.0117 0.2929 0.0322 0.0143 0.0165 
         391  1 0.1210 0.0189 0.0148 0.0898 0.2427 0.3069 0.1710 0.0134 0.0216 
         401  1 0.0224 0.0072 0.0459 0.4063 0.1955 0.0123 0.0087 0.1326 0.1689 
         406  1 0.0264 0.0637 0.0286 0.1102 0.1625 0.5368 0.0159 0.0155 0.0405 
         412  1 0.0258 0.0766 0.0188 0.1149 0.0210 0.6230 0.0309 0.0319 0.0571 
         413  1 0.0070 0.0342 0.0283 0.1487 0.0044 0.0595 0.0087 0.0509 0.6582 
         421  1 0.0239 0.0167 0.0141 0.0854 0.0249 0.0319 0.0090 0.7546 0.0394 
         423  1 0.0063 0.0464 0.0235 0.0773 0.0305 0.0081 0.0099 0.7854 0.0126 
         424  1 0.1046 0.0196 0.0228 0.0422 0.1006 0.6409 0.0237 0.0119 0.0338 
         426  1 0.3017 0.0082 0.0176 0.0347 0.0099 0.0501 0.5336 0.0258 0.0185 
         430  1 0.0459 0.0183 0.0059 0.0218 0.0128 0.7337 0.0120 0.0127 0.1369 
         435  1 0.0057 0.0234 0.0041 0.0085 0.0039 0.0366 0.0137 0.0076 0.8965 
         476  1 0.1104 0.0048 0.0154 0.0304 0.6448 0.0079 0.0111 0.1631 0.0123 
         478  1 0.7355 0.0091 0.0327 0.0243 0.0225 0.0165 0.0153 0.1375 0.0066 
         484  1 0.0160 0.5337 0.0062 0.0142 0.0159 0.3557 0.0087 0.0065 0.0432 
         489  1 0.0080 0.2258 0.0058 0.0245 0.0069 0.0444 0.6203 0.0559 0.0084 
         493  1 0.0033 0.0078 0.8869 0.0242 0.0400 0.0119 0.0101 0.0074 0.0084 
         494  1 0.0099 0.0079 0.6581 0.2428 0.0126 0.0056 0.0375 0.0171 0.0085 
         500  1 0.0081 0.0044 0.0069 0.0157 0.5042 0.0058 0.0104 0.4396 0.0050 
         504  1 0.0084 0.5903 0.0286 0.0936 0.0229 0.1163 0.0552 0.0632 0.0215 
         506  1 0.0127 0.9258 0.0050 0.0064 0.0127 0.0105 0.0053 0.0174 0.0041 
