

----------------------------------------------------
STRUCTURE by Pritchard, Stephens and Donnelly (2000)
     and Falush, Stephens and Pritchard (2003)
       Code by Pritchard, Falush and Hubisz
             Version 2.3.4 (Jul 2012)
----------------------------------------------------



Command line arguments:   bin\structure -m M:\STRUCTURE\Squirrel_132_ID_14L_20250816\10k_Burnin_100k_MCMC\mainparams -e M:\STRUCTURE\Squirrel_132_ID_14L_20250816\10k_Burnin_100k_MCMC\extraparams 
Input File:    M:\STRUCTURE\Squirrel_132_ID_14L_20250816\project_data

Run parameters:
   132 individuals
   14 loci
   7 populations assumed
   10000 Burn-in period
   100000 Reps


--------------------------------------------
Proportion of membership of each pre-defined
 population in each of the 7 clusters

Given    Inferred Clusters                                   Number of
 Pop       1      2      3      4      5      6      7      Individuals

  1:     0.143  0.160  0.135  0.110  0.139  0.180  0.133      132
--------------------------------------------

Allele-freq. divergence among pops (Net nucleotide distance),
computed using point estimates of P.

      1       2       3       4       5       6       7      
 1      -    0.0675  0.1173  0.1145  0.1198  0.0767  0.0811  
 2   0.0675     -    0.0701  0.1013  0.0767  0.0544  0.0626  
 3   0.1173  0.0701     -    0.1602  0.0997  0.0826  0.0758  
 4   0.1145  0.1013  0.1602     -    0.1126  0.0843  0.0911  
 5   0.1198  0.0767  0.0997  0.1126     -    0.0832  0.0628  
 6   0.0767  0.0544  0.0826  0.0843  0.0832     -    0.0777  
 7   0.0811  0.0626  0.0758  0.0911  0.0628  0.0777     -    

Average distances (expected heterozygosity) between individuals in same cluster:
cluster  1  : 0.4608 
cluster  2  : 0.6600 
cluster  3  : 0.5412 
cluster  4  : 0.4201 
cluster  5  : 0.5934 
cluster  6  : 0.5520 
cluster  7  : 0.5455 

--------------------------------------------
Estimated Ln Prob of Data   = -4191.7
Mean value of ln likelihood = -3970.4
Variance of ln likelihood   = 442.7
Mean value of alpha         = 0.0477

Mean value of lambda        = 0.9996

Mean value of Fst_1         = 0.2990
Mean value of Fst_2         = 0.0556
Mean value of Fst_3         = 0.2134
Mean value of Fst_4         = 0.3401
Mean value of Fst_5         = 0.1821
Mean value of Fst_6         = 0.1949
Mean value of Fst_7         = 0.2151


Inferred ancestry of individuals:
        Label (%Miss) Pop:  Inferred clusters (and 90% probability intervals)
  1       1*    (0)    1 :  0.017 0.807 0.016 0.033 0.006 0.010 0.111     (0.000,0.114) (0.402,1.000) (0.000,0.104) (0.000,0.241) (0.000,0.031) (0.000,0.058) (0.000,0.500) 
  2        3    (0)    1 :  0.959 0.006 0.008 0.006 0.005 0.006 0.009     (0.813,1.000) (0.000,0.034) (0.000,0.052) (0.000,0.035) (0.000,0.028) (0.000,0.035) (0.000,0.052) 
  3        6    (0)    1 :  0.919 0.006 0.012 0.008 0.011 0.019 0.023     (0.647,1.000) (0.000,0.037) (0.000,0.073) (0.000,0.048) (0.000,0.069) (0.000,0.130) (0.000,0.165) 
  4        8    (0)    1 :  0.010 0.013 0.010 0.021 0.004 0.936 0.005     (0.000,0.060) (0.000,0.083) (0.000,0.063) (0.000,0.146) (0.000,0.023) (0.701,1.000) (0.000,0.029) 
  5       10    (0)    1 :  0.012 0.008 0.004 0.928 0.005 0.038 0.005     (0.000,0.077) (0.000,0.048) (0.000,0.023) (0.676,1.000) (0.000,0.025) (0.000,0.260) (0.000,0.030) 
  6       11    (0)    1 :  0.030 0.621 0.015 0.029 0.072 0.136 0.096     (0.000,0.221) (0.000,1.000) (0.000,0.091) (0.000,0.207) (0.000,0.516) (0.000,0.708) (0.000,0.572) 
  7       12    (0)    1 :  0.007 0.005 0.004 0.964 0.005 0.006 0.009     (0.000,0.041) (0.000,0.028) (0.000,0.024) (0.832,1.000) (0.000,0.028) (0.000,0.031) (0.000,0.047) 
  8       16    (7)    1 :  0.953 0.007 0.005 0.008 0.006 0.016 0.006     (0.782,1.000) (0.000,0.036) (0.000,0.029) (0.000,0.046) (0.000,0.034) (0.000,0.101) (0.000,0.032) 
  9       18    (0)    1 :  0.009 0.955 0.007 0.008 0.005 0.011 0.005     (0.000,0.052) (0.788,1.000) (0.000,0.043) (0.000,0.046) (0.000,0.028) (0.000,0.065) (0.000,0.030) 
 10       19    (0)    1 :  0.016 0.791 0.050 0.016 0.056 0.059 0.012     (0.000,0.106) (0.051,1.000) (0.000,0.368) (0.000,0.103) (0.000,0.377) (0.000,0.416) (0.000,0.069) 
 11       21    (7)    1 :  0.934 0.007 0.006 0.008 0.008 0.030 0.008     (0.706,1.000) (0.000,0.037) (0.000,0.034) (0.000,0.045) (0.000,0.043) (0.000,0.203) (0.000,0.048) 
 12       23    (7)    1 :  0.020 0.013 0.010 0.454 0.043 0.017 0.444     (0.000,0.136) (0.000,0.074) (0.000,0.057) (0.000,0.988) (0.000,0.292) (0.000,0.112) (0.000,1.000) 
 13       24    (7)    1 :  0.018 0.231 0.010 0.568 0.057 0.099 0.017     (0.000,0.129) (0.000,0.812) (0.000,0.062) (0.000,0.998) (0.000,0.345) (0.000,0.559) (0.000,0.114) 
 14       25    (7)    1 :  0.057 0.022 0.007 0.539 0.010 0.099 0.267     (0.000,0.337) (0.000,0.151) (0.000,0.039) (0.000,0.990) (0.000,0.059) (0.000,0.433) (0.000,0.836) 
 15      26*    (0)    1 :  0.275 0.028 0.009 0.297 0.006 0.372 0.013     (0.000,0.791) (0.000,0.194) (0.000,0.050) (0.000,0.724) (0.000,0.033) (0.000,0.978) (0.000,0.083) 
 16       28    (0)    1 :  0.047 0.007 0.007 0.197 0.007 0.722 0.014     (0.000,0.353) (0.000,0.040) (0.000,0.038) (0.000,0.976) (0.000,0.040) (0.000,1.000) (0.000,0.091) 
 17       29    (0)    1 :  0.007 0.015 0.007 0.930 0.006 0.029 0.006     (0.000,0.039) (0.000,0.104) (0.000,0.038) (0.685,1.000) (0.000,0.033) (0.000,0.212) (0.000,0.032) 
 18       30    (0)    1 :  0.225 0.031 0.380 0.189 0.008 0.137 0.031     (0.000,0.838) (0.000,0.199) (0.000,0.810) (0.000,0.709) (0.000,0.044) (0.000,0.691) (0.000,0.212) 
 19       33    (0)    1 :  0.006 0.936 0.013 0.005 0.019 0.005 0.016     (0.000,0.035) (0.715,1.000) (0.000,0.086) (0.000,0.029) (0.000,0.130) (0.000,0.030) (0.000,0.106) 
 20       37    (0)    1 :  0.011 0.913 0.007 0.040 0.009 0.010 0.011     (0.000,0.070) (0.624,1.000) (0.000,0.040) (0.000,0.280) (0.000,0.054) (0.000,0.056) (0.000,0.066) 
 21       38    (0)    1 :  0.009 0.948 0.006 0.015 0.005 0.011 0.005     (0.000,0.057) (0.764,1.000) (0.000,0.034) (0.000,0.106) (0.000,0.027) (0.000,0.068) (0.000,0.027) 
 22       43    (0)    1 :  0.033 0.009 0.009 0.804 0.007 0.121 0.018     (0.000,0.230) (0.000,0.050) (0.000,0.057) (0.449,1.000) (0.000,0.039) (0.000,0.489) (0.000,0.123) 
 23       44    (0)    1 :  0.227 0.007 0.018 0.007 0.006 0.729 0.005     (0.000,0.625) (0.000,0.039) (0.000,0.116) (0.000,0.037) (0.000,0.034) (0.301,1.000) (0.000,0.030) 
 24       48    (0)    1 :  0.013 0.953 0.008 0.008 0.005 0.007 0.006     (0.000,0.082) (0.784,1.000) (0.000,0.045) (0.000,0.049) (0.000,0.026) (0.000,0.039) (0.000,0.032) 
 25       55    (0)    1 :  0.110 0.012 0.019 0.010 0.008 0.794 0.047     (0.000,0.552) (0.000,0.074) (0.000,0.135) (0.000,0.062) (0.000,0.043) (0.337,1.000) (0.000,0.312) 
 26       59    (0)    1 :  0.958 0.008 0.009 0.005 0.005 0.008 0.008     (0.806,1.000) (0.000,0.044) (0.000,0.058) (0.000,0.028) (0.000,0.025) (0.000,0.046) (0.000,0.046) 
 27       60    (0)    1 :  0.009 0.011 0.007 0.027 0.009 0.005 0.933     (0.000,0.051) (0.000,0.070) (0.000,0.042) (0.000,0.195) (0.000,0.048) (0.000,0.026) (0.697,1.000) 
 28       61    (0)    1 :  0.017 0.010 0.059 0.008 0.535 0.013 0.359     (0.000,0.111) (0.000,0.057) (0.000,0.379) (0.000,0.045) (0.000,1.000) (0.000,0.078) (0.000,0.997) 
 29       62    (0)    1 :  0.017 0.027 0.021 0.036 0.747 0.027 0.125     (0.000,0.115) (0.000,0.185) (0.000,0.144) (0.000,0.263) (0.000,1.000) (0.000,0.184) (0.000,0.861) 
 30       65    (0)    1 :  0.006 0.931 0.021 0.006 0.012 0.009 0.014     (0.000,0.036) (0.708,1.000) (0.000,0.149) (0.000,0.034) (0.000,0.085) (0.000,0.050) (0.000,0.091) 
 31       73    (0)    1 :  0.007 0.010 0.789 0.142 0.007 0.013 0.033     (0.000,0.043) (0.000,0.055) (0.422,1.000) (0.000,0.492) (0.000,0.039) (0.000,0.082) (0.000,0.236) 
 32       75    (0)    1 :  0.008 0.010 0.039 0.004 0.928 0.006 0.005     (0.000,0.053) (0.000,0.067) (0.000,0.260) (0.000,0.023) (0.677,1.000) (0.000,0.034) (0.000,0.028) 
 33       76    (0)    1 :  0.006 0.004 0.007 0.011 0.954 0.005 0.013     (0.000,0.036) (0.000,0.024) (0.000,0.040) (0.000,0.065) (0.787,1.000) (0.000,0.028) (0.000,0.080) 
 34       77    (0)    1 :  0.006 0.009 0.006 0.011 0.780 0.005 0.184     (0.000,0.033) (0.000,0.051) (0.000,0.032) (0.000,0.066) (0.067,1.000) (0.000,0.029) (0.000,0.860) 
 35       78    (0)    1 :  0.007 0.014 0.664 0.018 0.244 0.014 0.039     (0.000,0.041) (0.000,0.088) (0.005,1.000) (0.000,0.127) (0.000,0.873) (0.000,0.085) (0.000,0.291) 
 36       79    (0)    1 :  0.005 0.011 0.064 0.004 0.899 0.008 0.009     (0.000,0.028) (0.000,0.068) (0.000,0.369) (0.000,0.026) (0.584,1.000) (0.000,0.050) (0.000,0.049) 
 37       84    (0)    1 :  0.828 0.012 0.016 0.022 0.028 0.039 0.054     (0.446,1.000) (0.000,0.077) (0.000,0.112) (0.000,0.153) (0.000,0.198) (0.000,0.266) (0.000,0.353) 
 38       85    (0)    1 :  0.009 0.010 0.011 0.007 0.008 0.946 0.009     (0.000,0.059) (0.000,0.058) (0.000,0.065) (0.000,0.039) (0.000,0.044) (0.757,1.000) (0.000,0.055) 
 39       86    (0)    1 :  0.005 0.020 0.017 0.018 0.011 0.919 0.011     (0.000,0.031) (0.000,0.137) (0.000,0.116) (0.000,0.115) (0.000,0.064) (0.654,1.000) (0.000,0.068) 
 40       89    (0)    1 :  0.616 0.026 0.012 0.191 0.058 0.021 0.077     (0.187,0.970) (0.000,0.180) (0.000,0.069) (0.000,0.600) (0.000,0.355) (0.000,0.137) (0.000,0.502) 
 41       94    (0)    1 :  0.008 0.011 0.006 0.956 0.005 0.009 0.007     (0.000,0.045) (0.000,0.064) (0.000,0.034) (0.800,1.000) (0.000,0.028) (0.000,0.054) (0.000,0.038) 
 42       95    (0)    1 :  0.922 0.014 0.015 0.007 0.006 0.018 0.019     (0.655,1.000) (0.000,0.085) (0.000,0.102) (0.000,0.037) (0.000,0.033) (0.000,0.116) (0.000,0.130) 
 43       96    (0)    1 :  0.007 0.005 0.007 0.022 0.007 0.946 0.006     (0.000,0.036) (0.000,0.029) (0.000,0.040) (0.000,0.090) (0.000,0.040) (0.773,1.000) (0.000,0.034) 
 44       98    (0)    1 :  0.006 0.008 0.140 0.009 0.069 0.007 0.762     (0.000,0.035) (0.000,0.043) (0.000,0.983) (0.000,0.049) (0.000,0.627) (0.000,0.041) (0.000,1.000) 
 45      102    (0)    1 :  0.032 0.905 0.008 0.016 0.016 0.007 0.015     (0.000,0.233) (0.628,1.000) (0.000,0.047) (0.000,0.111) (0.000,0.115) (0.000,0.041) (0.000,0.103) 
 46      105    (0)    1 :  0.006 0.009 0.963 0.006 0.005 0.006 0.005     (0.000,0.037) (0.000,0.054) (0.833,1.000) (0.000,0.034) (0.000,0.028) (0.000,0.031) (0.000,0.029) 
 47      106    (0)    1 :  0.111 0.024 0.312 0.005 0.489 0.032 0.027     (0.000,0.429) (0.000,0.163) (0.000,0.772) (0.000,0.027) (0.000,0.989) (0.000,0.225) (0.000,0.185) 
 48      108    (0)    1 :  0.009 0.085 0.825 0.010 0.023 0.011 0.038     (0.000,0.055) (0.000,0.457) (0.437,1.000) (0.000,0.059) (0.000,0.157) (0.000,0.062) (0.000,0.242) 
 49      109    (0)    1 :  0.011 0.012 0.837 0.007 0.030 0.015 0.089     (0.000,0.070) (0.000,0.065) (0.341,1.000) (0.000,0.039) (0.000,0.219) (0.000,0.101) (0.000,0.540) 
 50      112    (0)    1 :  0.015 0.042 0.011 0.052 0.195 0.385 0.300     (0.000,0.102) (0.000,0.299) (0.000,0.060) (0.000,0.377) (0.000,0.918) (0.000,0.929) (0.000,0.909) 
 51      115    (0)    1 :  0.013 0.816 0.021 0.060 0.014 0.015 0.060     (0.000,0.082) (0.321,1.000) (0.000,0.146) (0.000,0.359) (0.000,0.082) (0.000,0.090) (0.000,0.431) 
 52      116    (0)    1 :  0.010 0.013 0.020 0.007 0.007 0.936 0.006     (0.000,0.060) (0.000,0.078) (0.000,0.142) (0.000,0.041) (0.000,0.039) (0.702,1.000) (0.000,0.032) 
 53      117    (0)    1 :  0.705 0.019 0.020 0.133 0.015 0.069 0.041     (0.000,1.000) (0.000,0.122) (0.000,0.134) (0.000,0.825) (0.000,0.092) (0.000,0.439) (0.000,0.297) 
 54      129    (0)    1 :  0.092 0.009 0.007 0.020 0.004 0.860 0.008     (0.000,0.519) (0.000,0.055) (0.000,0.039) (0.000,0.110) (0.000,0.021) (0.387,1.000) (0.000,0.046) 
 55      132    (0)    1 :  0.014 0.055 0.009 0.152 0.010 0.007 0.753     (0.000,0.084) (0.000,0.378) (0.000,0.050) (0.000,0.588) (0.000,0.060) (0.000,0.040) (0.170,1.000) 
 56      133    (0)    1 :  0.007 0.007 0.127 0.006 0.086 0.005 0.762     (0.000,0.038) (0.000,0.036) (0.000,0.973) (0.000,0.033) (0.000,0.830) (0.000,0.027) (0.000,1.000) 
 57      137    (7)    1 :  0.011 0.013 0.015 0.021 0.430 0.012 0.499     (0.000,0.065) (0.000,0.079) (0.000,0.091) (0.000,0.146) (0.000,0.999) (0.000,0.073) (0.000,0.999) 
 58      139    (0)    1 :  0.009 0.015 0.012 0.007 0.942 0.009 0.006     (0.000,0.058) (0.000,0.096) (0.000,0.070) (0.000,0.042) (0.742,1.000) (0.000,0.054) (0.000,0.034) 
 59      140    (0)    1 :  0.034 0.015 0.829 0.006 0.037 0.013 0.066     (0.000,0.242) (0.000,0.093) (0.389,1.000) (0.000,0.034) (0.000,0.260) (0.000,0.076) (0.000,0.458) 
 60      142    (0)    1 :  0.025 0.008 0.009 0.012 0.907 0.007 0.031     (0.000,0.188) (0.000,0.046) (0.000,0.051) (0.000,0.082) (0.605,1.000) (0.000,0.042) (0.000,0.225) 
 61      144    (0)    1 :  0.008 0.005 0.963 0.004 0.006 0.005 0.009     (0.000,0.048) (0.000,0.030) (0.826,1.000) (0.000,0.024) (0.000,0.035) (0.000,0.026) (0.000,0.054) 
 62      145    (0)    1 :  0.010 0.009 0.016 0.006 0.873 0.010 0.075     (0.000,0.060) (0.000,0.054) (0.000,0.110) (0.000,0.036) (0.042,1.000) (0.000,0.055) (0.000,0.799) 
 63      147    (0)    1 :  0.005 0.007 0.949 0.005 0.020 0.008 0.007     (0.000,0.026) (0.000,0.043) (0.767,1.000) (0.000,0.026) (0.000,0.132) (0.000,0.047) (0.000,0.041) 
 64      160    (0)    1 :  0.008 0.006 0.005 0.963 0.005 0.007 0.006     (0.000,0.049) (0.000,0.037) (0.000,0.027) (0.827,1.000) (0.000,0.024) (0.000,0.041) (0.000,0.031) 
 65     162*    (0)    1 :  0.007 0.006 0.007 0.026 0.007 0.942 0.006     (0.000,0.035) (0.000,0.030) (0.000,0.039) (0.000,0.120) (0.000,0.039) (0.751,1.000) (0.000,0.036) 
 66      166    (0)    1 :  0.009 0.005 0.018 0.005 0.008 0.007 0.948     (0.000,0.055) (0.000,0.029) (0.000,0.102) (0.000,0.026) (0.000,0.042) (0.000,0.037) (0.766,1.000) 
 67      177    (0)    1 :  0.005 0.004 0.004 0.005 0.971 0.004 0.007     (0.000,0.027) (0.000,0.023) (0.000,0.025) (0.000,0.025) (0.865,1.000) (0.000,0.023) (0.000,0.038) 
 68      178    (0)    1 :  0.008 0.017 0.015 0.029 0.850 0.015 0.066     (0.000,0.050) (0.000,0.113) (0.000,0.105) (0.000,0.210) (0.415,1.000) (0.000,0.095) (0.000,0.466) 
 69      186    (0)    1 :  0.970 0.005 0.004 0.006 0.005 0.006 0.005     (0.862,1.000) (0.000,0.026) (0.000,0.021) (0.000,0.031) (0.000,0.025) (0.000,0.032) (0.000,0.028) 
 70      189    (0)    1 :  0.007 0.006 0.005 0.013 0.008 0.956 0.005     (0.000,0.035) (0.000,0.035) (0.000,0.026) (0.000,0.086) (0.000,0.050) (0.797,1.000) (0.000,0.029) 
 71      190    (0)    1 :  0.055 0.021 0.010 0.114 0.017 0.750 0.033     (0.000,0.357) (0.000,0.141) (0.000,0.057) (0.000,0.795) (0.000,0.117) (0.000,1.000) (0.000,0.240) 
 72      191    (0)    1 :  0.317 0.010 0.046 0.019 0.027 0.567 0.014     (0.000,0.857) (0.000,0.057) (0.000,0.311) (0.000,0.132) (0.000,0.192) (0.000,1.000) (0.000,0.086) 
 73      193    (0)    1 :  0.044 0.015 0.035 0.022 0.661 0.025 0.198     (0.000,0.318) (0.000,0.094) (0.000,0.252) (0.000,0.150) (0.000,1.000) (0.000,0.169) (0.000,0.995) 
 74      202    (0)    1 :  0.020 0.122 0.012 0.413 0.021 0.306 0.104     (0.000,0.139) (0.000,0.635) (0.000,0.074) (0.000,0.897) (0.000,0.150) (0.000,0.758) (0.000,0.649) 
 75      204    (0)    1 :  0.384 0.005 0.007 0.010 0.004 0.584 0.006     (0.000,1.000) (0.000,0.027) (0.000,0.037) (0.000,0.060) (0.000,0.024) (0.000,1.000) (0.000,0.034) 
 76      211    (0)    1 :  0.017 0.027 0.071 0.122 0.066 0.009 0.688     (0.000,0.118) (0.000,0.180) (0.000,0.489) (0.000,0.595) (0.000,0.352) (0.000,0.052) (0.000,1.000) 
 77      216    (0)    1 :  0.006 0.008 0.650 0.024 0.032 0.008 0.272     (0.000,0.033) (0.000,0.043) (0.062,1.000) (0.000,0.174) (0.000,0.212) (0.000,0.048) (0.000,0.835) 
 78      222    (0)    1 :  0.005 0.032 0.910 0.006 0.014 0.019 0.014     (0.000,0.031) (0.000,0.234) (0.580,1.000) (0.000,0.030) (0.000,0.088) (0.000,0.121) (0.000,0.073) 
 79      224    (0)    1 :  0.008 0.008 0.011 0.014 0.007 0.946 0.006     (0.000,0.044) (0.000,0.046) (0.000,0.069) (0.000,0.095) (0.000,0.040) (0.753,1.000) (0.000,0.031) 
 80      226    (0)    1 :  0.952 0.010 0.006 0.005 0.005 0.008 0.014     (0.780,1.000) (0.000,0.063) (0.000,0.032) (0.000,0.031) (0.000,0.027) (0.000,0.044) (0.000,0.092) 
 81      229    (0)    1 :  0.033 0.084 0.047 0.085 0.073 0.622 0.056     (0.000,0.236) (0.000,0.545) (0.000,0.352) (0.000,0.569) (0.000,0.376) (0.000,0.997) (0.000,0.359) 
 82      230    (0)    1 :  0.043 0.024 0.019 0.040 0.048 0.812 0.013     (0.000,0.304) (0.000,0.151) (0.000,0.131) (0.000,0.286) (0.000,0.295) (0.350,1.000) (0.000,0.083) 
 83      232    (0)    1 :  0.151 0.034 0.022 0.318 0.122 0.115 0.238     (0.000,0.631) (0.000,0.237) (0.000,0.147) (0.000,0.773) (0.000,0.608) (0.000,0.651) (0.000,0.918) 
 84      238    (0)    1 :  0.008 0.651 0.036 0.010 0.182 0.046 0.067     (0.000,0.044) (0.042,1.000) (0.000,0.260) (0.000,0.061) (0.000,0.627) (0.000,0.320) (0.000,0.438) 
 85      242    (0)    1 :  0.007 0.962 0.008 0.004 0.004 0.008 0.008     (0.000,0.039) (0.823,1.000) (0.000,0.042) (0.000,0.025) (0.000,0.022) (0.000,0.042) (0.000,0.046) 
 86      243    (0)    1 :  0.026 0.792 0.021 0.009 0.023 0.010 0.118     (0.000,0.189) (0.358,1.000) (0.000,0.144) (0.000,0.054) (0.000,0.167) (0.000,0.062) (0.000,0.566) 
 87      244    (0)    1 :  0.007 0.790 0.009 0.011 0.139 0.015 0.028     (0.000,0.043) (0.370,1.000) (0.000,0.053) (0.000,0.072) (0.000,0.562) (0.000,0.106) (0.000,0.202) 
 88      251    (0)    1 :  0.010 0.697 0.017 0.157 0.034 0.049 0.035     (0.000,0.062) (0.191,1.000) (0.000,0.107) (0.000,0.620) (0.000,0.227) (0.000,0.361) (0.000,0.259) 
 89      266    (0)    1 :  0.013 0.193 0.013 0.007 0.492 0.010 0.272     (0.000,0.082) (0.000,0.661) (0.000,0.080) (0.000,0.039) (0.000,0.959) (0.000,0.063) (0.000,0.838) 
 90      267    (0)    1 :  0.045 0.016 0.815 0.007 0.011 0.015 0.091     (0.000,0.308) (0.000,0.102) (0.349,1.000) (0.000,0.042) (0.000,0.067) (0.000,0.098) (0.000,0.524) 
 91      268    (0)    1 :  0.007 0.012 0.139 0.043 0.393 0.006 0.401     (0.000,0.038) (0.000,0.073) (0.000,0.826) (0.000,0.292) (0.000,0.998) (0.000,0.031) (0.000,0.999) 
 92      270    (0)    1 :  0.025 0.010 0.012 0.025 0.007 0.914 0.008     (0.000,0.171) (0.000,0.052) (0.000,0.074) (0.000,0.172) (0.000,0.040) (0.614,1.000) (0.000,0.049) 
 93      276    (0)    1 :  0.266 0.019 0.044 0.024 0.054 0.528 0.066     (0.000,0.814) (0.000,0.116) (0.000,0.312) (0.000,0.165) (0.000,0.369) (0.000,1.000) (0.000,0.446) 
 94      298    (7)    1 :  0.023 0.016 0.609 0.014 0.235 0.009 0.094     (0.000,0.169) (0.000,0.105) (0.000,1.000) (0.000,0.091) (0.000,0.948) (0.000,0.050) (0.000,0.568) 
 95      306    (0)    1 :  0.011 0.022 0.018 0.006 0.084 0.012 0.847     (0.000,0.071) (0.000,0.154) (0.000,0.129) (0.000,0.034) (0.000,0.457) (0.000,0.076) (0.453,1.000) 
 96      308    (0)    1 :  0.009 0.038 0.095 0.084 0.713 0.013 0.048     (0.000,0.052) (0.000,0.270) (0.000,0.562) (0.000,0.408) (0.129,1.000) (0.000,0.081) (0.000,0.338) 
 97      311    (7)    1 :  0.011 0.119 0.455 0.032 0.045 0.040 0.298     (0.000,0.065) (0.000,0.697) (0.000,0.999) (0.000,0.229) (0.000,0.312) (0.000,0.294) (0.000,0.998) 
 98      323    (0)    1 :  0.960 0.008 0.008 0.005 0.005 0.008 0.006     (0.813,1.000) (0.000,0.047) (0.000,0.044) (0.000,0.028) (0.000,0.026) (0.000,0.050) (0.000,0.034) 
 99      327    (0)    1 :  0.025 0.023 0.015 0.279 0.009 0.609 0.040     (0.000,0.172) (0.000,0.161) (0.000,0.099) (0.000,0.871) (0.000,0.051) (0.000,0.999) (0.000,0.281) 
100      334    (0)    1 :  0.005 0.888 0.031 0.010 0.021 0.017 0.028     (0.000,0.027) (0.528,1.000) (0.000,0.211) (0.000,0.062) (0.000,0.139) (0.000,0.090) (0.000,0.204) 
101      338    (0)    1 :  0.039 0.028 0.529 0.033 0.061 0.045 0.266     (0.000,0.284) (0.000,0.187) (0.000,1.000) (0.000,0.242) (0.000,0.402) (0.000,0.322) (0.000,0.930) 
102      341    (0)    1 :  0.924 0.012 0.007 0.008 0.006 0.008 0.035     (0.668,1.000) (0.000,0.074) (0.000,0.039) (0.000,0.044) (0.000,0.031) (0.000,0.046) (0.000,0.235) 
103      346    (0)    1 :  0.012 0.008 0.007 0.041 0.185 0.009 0.737     (0.000,0.072) (0.000,0.043) (0.000,0.040) (0.000,0.301) (0.000,0.975) (0.000,0.056) (0.000,1.000) 
104      348    (0)    1 :  0.008 0.019 0.676 0.007 0.264 0.010 0.016     (0.000,0.048) (0.000,0.129) (0.000,1.000) (0.000,0.039) (0.000,0.927) (0.000,0.058) (0.000,0.101) 
105      351    (0)    1 :  0.013 0.467 0.010 0.055 0.013 0.011 0.431     (0.000,0.084) (0.000,1.000) (0.000,0.058) (0.000,0.349) (0.000,0.072) (0.000,0.064) (0.000,1.000) 
106      362    (0)    1 :  0.138 0.007 0.008 0.077 0.006 0.754 0.009     (0.000,0.806) (0.000,0.038) (0.000,0.048) (0.000,0.530) (0.000,0.034) (0.000,1.000) (0.000,0.054) 
107      364    (0)    1 :  0.011 0.922 0.009 0.011 0.013 0.006 0.027     (0.000,0.072) (0.659,1.000) (0.000,0.052) (0.000,0.072) (0.000,0.082) (0.000,0.034) (0.000,0.197) 
108      366    (0)    1 :  0.013 0.895 0.028 0.008 0.007 0.019 0.031     (0.000,0.084) (0.560,1.000) (0.000,0.188) (0.000,0.044) (0.000,0.037) (0.000,0.125) (0.000,0.223) 
109      376    (0)    1 :  0.912 0.007 0.004 0.016 0.020 0.026 0.016     (0.654,1.000) (0.000,0.038) (0.000,0.022) (0.000,0.104) (0.000,0.137) (0.000,0.180) (0.000,0.105) 
110      377    (7)    1 :  0.027 0.021 0.074 0.383 0.025 0.432 0.038     (0.000,0.189) (0.000,0.130) (0.000,0.388) (0.000,0.943) (0.000,0.163) (0.000,0.991) (0.000,0.273) 
111      378    (0)    1 :  0.016 0.005 0.006 0.934 0.016 0.007 0.016     (0.000,0.110) (0.000,0.028) (0.000,0.037) (0.725,1.000) (0.000,0.107) (0.000,0.041) (0.000,0.107) 
112      388    (0)    1 :  0.013 0.016 0.724 0.034 0.013 0.012 0.188     (0.000,0.086) (0.000,0.096) (0.000,1.000) (0.000,0.249) (0.000,0.084) (0.000,0.077) (0.000,0.912) 
113      391    (0)    1 :  0.448 0.015 0.015 0.173 0.015 0.009 0.325     (0.000,0.870) (0.000,0.086) (0.000,0.098) (0.000,0.542) (0.000,0.092) (0.000,0.051) (0.000,0.948) 
114      401    (0)    1 :  0.156 0.212 0.009 0.018 0.274 0.310 0.020     (0.000,0.659) (0.000,0.796) (0.000,0.055) (0.000,0.108) (0.000,0.692) (0.000,0.750) (0.000,0.128) 
115      406    (0)    1 :  0.085 0.054 0.103 0.017 0.040 0.017 0.684     (0.000,0.548) (0.000,0.383) (0.000,0.740) (0.000,0.110) (0.000,0.282) (0.000,0.117) (0.000,1.000) 
116      412    (7)    1 :  0.026 0.026 0.141 0.042 0.068 0.034 0.662     (0.000,0.187) (0.000,0.161) (0.000,0.929) (0.000,0.309) (0.000,0.496) (0.000,0.245) (0.000,1.000) 
117      413    (0)    1 :  0.005 0.039 0.052 0.013 0.795 0.047 0.048     (0.000,0.031) (0.000,0.274) (0.000,0.349) (0.000,0.085) (0.251,1.000) (0.000,0.323) (0.000,0.332) 
118      421    (0)    1 :  0.019 0.018 0.023 0.011 0.045 0.844 0.039     (0.000,0.136) (0.000,0.124) (0.000,0.168) (0.000,0.066) (0.000,0.311) (0.487,1.000) (0.000,0.261) 
119      423    (0)    1 :  0.013 0.026 0.055 0.011 0.014 0.872 0.010     (0.000,0.084) (0.000,0.174) (0.000,0.393) (0.000,0.072) (0.000,0.082) (0.442,1.000) (0.000,0.052) 
120      424    (0)    1 :  0.173 0.021 0.021 0.026 0.036 0.013 0.710     (0.000,0.870) (0.000,0.137) (0.000,0.147) (0.000,0.183) (0.000,0.261) (0.000,0.079) (0.000,1.000) 
121      426    (0)    1 :  0.112 0.028 0.013 0.671 0.026 0.037 0.113     (0.000,0.545) (0.000,0.196) (0.000,0.082) (0.000,1.000) (0.000,0.182) (0.000,0.252) (0.000,0.842) 
122      430    (7)    1 :  0.025 0.006 0.023 0.012 0.129 0.013 0.791     (0.000,0.168) (0.000,0.035) (0.000,0.139) (0.000,0.074) (0.000,0.710) (0.000,0.080) (0.018,1.000) 
123      435    (0)    1 :  0.005 0.005 0.024 0.015 0.918 0.008 0.024     (0.000,0.029) (0.000,0.026) (0.000,0.171) (0.000,0.102) (0.647,1.000) (0.000,0.045) (0.000,0.155) 
124      476    (0)    1 :  0.773 0.028 0.006 0.014 0.025 0.142 0.012     (0.334,1.000) (0.000,0.192) (0.000,0.031) (0.000,0.092) (0.000,0.171) (0.000,0.597) (0.000,0.081) 
125      478    (0)    1 :  0.714 0.029 0.010 0.017 0.008 0.204 0.018     (0.274,0.999) (0.000,0.201) (0.000,0.068) (0.000,0.118) (0.000,0.045) (0.000,0.667) (0.000,0.126) 
126      484    (0)    1 :  0.020 0.007 0.620 0.010 0.042 0.007 0.293     (0.000,0.144) (0.000,0.037) (0.037,1.000) (0.000,0.065) (0.000,0.290) (0.000,0.042) (0.000,0.816) 
127      489    (0)    1 :  0.007 0.007 0.214 0.641 0.010 0.057 0.064     (0.000,0.040) (0.000,0.035) (0.000,0.621) (0.000,1.000) (0.000,0.051) (0.000,0.407) (0.000,0.526) 
128      493    (0)    1 :  0.007 0.946 0.008 0.011 0.008 0.008 0.011     (0.000,0.042) (0.761,1.000) (0.000,0.047) (0.000,0.067) (0.000,0.047) (0.000,0.049) (0.000,0.071) 
129      494    (0)    1 :  0.011 0.899 0.009 0.042 0.010 0.023 0.006     (0.000,0.070) (0.590,1.000) (0.000,0.054) (0.000,0.288) (0.000,0.063) (0.000,0.167) (0.000,0.034) 
130      500    (0)    1 :  0.061 0.009 0.005 0.012 0.004 0.903 0.006     (0.000,0.426) (0.000,0.047) (0.000,0.028) (0.000,0.063) (0.000,0.025) (0.501,1.000) (0.000,0.035) 
131      504    (0)    1 :  0.011 0.051 0.706 0.064 0.021 0.057 0.090     (0.000,0.073) (0.000,0.345) (0.119,1.000) (0.000,0.340) (0.000,0.128) (0.000,0.350) (0.000,0.541) 
132      506    (0)    1 :  0.016 0.005 0.943 0.006 0.005 0.017 0.008     (0.000,0.105) (0.000,0.029) (0.729,1.000) (0.000,0.034) (0.000,0.025) (0.000,0.111) (0.000,0.041) 


Estimated Allele Frequencies in each cluster
First column gives estimated ancestral frequencies


Locus 1 : Rsu5 
5 alleles
0.0% missing data
 137   (0.727) 0.969 0.663 0.456 0.886 0.775 0.964 0.873 
 135   (0.092) 0.016 0.110 0.018 0.042 0.049 0.009 0.097 
 139   (0.102) 0.010 0.186 0.013 0.066 0.097 0.021 0.017 
 133   (0.026) 0.002 0.024 0.003 0.002 0.003 0.002 0.003 
 131   (0.053) 0.003 0.016 0.510 0.004 0.077 0.005 0.010 

Locus 2 : Scv1 
5 alleles
0.0% missing data
 181   (0.542) 0.958 0.664 0.364 0.777 0.338 0.595 0.371 
 179   (0.190) 0.017 0.167 0.105 0.084 0.222 0.138 0.345 
 177   (0.118) 0.013 0.066 0.221 0.125 0.088 0.018 0.247 
 185   (0.121) 0.010 0.063 0.308 0.011 0.349 0.246 0.033 
 171   (0.029) 0.002 0.040 0.003 0.003 0.004 0.003 0.003 

Locus 3 : Rsu4 
9 alleles
0.0% missing data
 267   (0.196) 0.143 0.289 0.168 0.088 0.078 0.282 0.034 
 263   (0.326) 0.518 0.249 0.338 0.784 0.487 0.234 0.445 
 259   (0.057) 0.215 0.018 0.006 0.045 0.007 0.233 0.009 
 287   (0.165) 0.106 0.129 0.186 0.044 0.055 0.200 0.400 
 275   (0.043) 0.003 0.104 0.005 0.003 0.012 0.004 0.009 
 279   (0.067) 0.006 0.091 0.010 0.014 0.220 0.008 0.018 
 283   (0.080) 0.005 0.051 0.280 0.006 0.132 0.007 0.074 
 291   (0.037) 0.003 0.029 0.004 0.012 0.005 0.030 0.007 
 271   (0.028) 0.002 0.041 0.003 0.002 0.003 0.002 0.003 

Locus 4 : Rsu6 
5 alleles
0.0% missing data
 120   (0.258) 0.277 0.208 0.078 0.535 0.209 0.265 0.368 
 126   (0.595) 0.562 0.642 0.903 0.381 0.769 0.515 0.615 
 124   (0.089) 0.158 0.064 0.012 0.079 0.015 0.197 0.011 
 130   (0.033) 0.002 0.077 0.003 0.002 0.004 0.003 0.003 
 114   (0.025) 0.002 0.008 0.003 0.002 0.003 0.020 0.003 

Locus 5 : Scv23 
3 alleles
0.8% missing data
 158   (0.519) 0.372 0.468 0.759 0.502 0.593 0.743 0.472 
 164   (0.189) 0.432 0.254 0.128 0.073 0.031 0.049 0.259 
 160   (0.291) 0.195 0.278 0.113 0.425 0.376 0.207 0.269 

Locus 6 : Scv13 
5 alleles
0.0% missing data
 182   (0.717) 0.803 0.675 0.886 0.973 0.622 0.900 0.904 
 180   (0.089) 0.164 0.117 0.010 0.012 0.015 0.075 0.018 
 172   (0.088) 0.006 0.069 0.084 0.007 0.220 0.008 0.053 
 184   (0.067) 0.024 0.116 0.016 0.006 0.016 0.013 0.015 
 174   (0.039) 0.002 0.023 0.004 0.003 0.127 0.004 0.010 

Locus 7 : Scv32 
18 alleles
0.0% missing data
 236   (0.035) 0.002 0.125 0.004 0.003 0.005 0.003 0.005 
 238   (0.044) 0.003 0.024 0.080 0.005 0.006 0.004 0.192 
 234   (0.136) 0.346 0.069 0.099 0.072 0.618 0.023 0.343 
 246   (0.049) 0.314 0.016 0.009 0.009 0.013 0.173 0.007 
 248   (0.087) 0.006 0.123 0.022 0.406 0.012 0.145 0.054 
 262   (0.102) 0.019 0.064 0.047 0.189 0.052 0.247 0.102 
 232   (0.183) 0.146 0.335 0.438 0.016 0.094 0.157 0.075 
 250   (0.028) 0.004 0.010 0.003 0.254 0.004 0.003 0.028 
 228   (0.025) 0.002 0.037 0.003 0.003 0.004 0.003 0.003 
 220   (0.040) 0.079 0.015 0.004 0.010 0.006 0.197 0.006 
 264   (0.055) 0.040 0.049 0.006 0.007 0.014 0.007 0.111 
 252   (0.046) 0.004 0.015 0.086 0.004 0.079 0.015 0.008 
 254   (0.053) 0.004 0.031 0.077 0.006 0.077 0.005 0.036 
 242   (0.021) 0.001 0.039 0.002 0.002 0.002 0.002 0.002 
 266   (0.024) 0.002 0.009 0.054 0.002 0.004 0.002 0.018 
 244   (0.032) 0.002 0.011 0.059 0.011 0.005 0.010 0.005 
 226   (0.019) 0.024 0.006 0.002 0.001 0.002 0.002 0.003 
 240   (0.023) 0.001 0.021 0.002 0.002 0.005 0.002 0.003 

Locus 8 : Scv8 
6 alleles
0.0% missing data
 200   (0.610) 0.842 0.651 0.623 0.824 0.385 0.663 0.832 
 202   (0.101) 0.007 0.151 0.097 0.008 0.059 0.009 0.066 
 194   (0.101) 0.138 0.046 0.012 0.020 0.158 0.116 0.055 
 204   (0.051) 0.004 0.029 0.006 0.133 0.009 0.037 0.010 
 198   (0.065) 0.005 0.086 0.008 0.010 0.012 0.167 0.011 
 188   (0.073) 0.005 0.038 0.255 0.005 0.376 0.006 0.026 

Locus 9 : Scv9 
5 alleles
0.0% missing data
 198   (0.303) 0.421 0.204 0.271 0.477 0.477 0.106 0.665 
 200   (0.354) 0.378 0.502 0.309 0.392 0.130 0.519 0.107 
 196   (0.271) 0.036 0.271 0.406 0.126 0.283 0.369 0.217 
 204   (0.047) 0.163 0.015 0.009 0.004 0.085 0.005 0.008 
 202   (0.024) 0.002 0.008 0.004 0.002 0.025 0.002 0.003 

Locus 10 : Rsu1 
6 alleles
0.0% missing data
 189   (0.293) 0.479 0.492 0.101 0.060 0.304 0.059 0.246 
 185   (0.277) 0.160 0.203 0.783 0.059 0.172 0.251 0.496 
 177   (0.084) 0.012 0.052 0.061 0.014 0.037 0.147 0.014 
 181   (0.241) 0.049 0.218 0.044 0.808 0.473 0.204 0.226 
 193   (0.060) 0.077 0.020 0.007 0.054 0.008 0.254 0.013 
 197   (0.045) 0.225 0.014 0.005 0.004 0.005 0.086 0.005 

Locus 11 : Scv14 
7 alleles
4.5% missing data
 196   (0.530) 0.922 0.460 0.618 0.908 0.674 0.760 0.494 
 198   (0.078) 0.006 0.100 0.024 0.008 0.035 0.007 0.253 
 194   (0.145) 0.024 0.192 0.066 0.045 0.181 0.096 0.038 
 202   (0.174) 0.043 0.201 0.285 0.022 0.089 0.125 0.197 
 204   (0.024) 0.002 0.023 0.002 0.002 0.003 0.002 0.003 
 190   (0.024) 0.002 0.010 0.003 0.014 0.004 0.008 0.006 
 200   (0.025) 0.002 0.012 0.003 0.002 0.014 0.002 0.010 

Locus 12 : Scv16 
7 alleles
0.0% missing data
 182   (0.393) 0.219 0.288 0.322 0.787 0.592 0.568 0.539 
 184   (0.409) 0.758 0.519 0.619 0.197 0.186 0.271 0.406 
 188   (0.069) 0.014 0.122 0.008 0.005 0.008 0.149 0.008 
 200   (0.025) 0.002 0.024 0.003 0.002 0.003 0.002 0.003 
 198   (0.043) 0.003 0.014 0.020 0.005 0.131 0.004 0.031 
 190   (0.037) 0.003 0.012 0.025 0.003 0.074 0.003 0.009 
 186   (0.024) 0.002 0.020 0.003 0.002 0.006 0.002 0.004 

Locus 13 : Scv31 
15 alleles
3.0% missing data
 193   (0.118) 0.016 0.096 0.135 0.614 0.039 0.024 0.230 
 201   (0.114) 0.023 0.210 0.065 0.083 0.016 0.058 0.019 
 187   (0.087) 0.300 0.032 0.134 0.066 0.012 0.268 0.016 
 207   (0.037) 0.362 0.011 0.004 0.003 0.005 0.038 0.004 
 195   (0.062) 0.007 0.020 0.254 0.024 0.025 0.125 0.013 
 185   (0.168) 0.218 0.136 0.141 0.017 0.265 0.033 0.488 
 189   (0.061) 0.004 0.186 0.007 0.144 0.007 0.006 0.007 
 205   (0.023) 0.002 0.022 0.003 0.002 0.004 0.003 0.003 
 191   (0.123) 0.051 0.063 0.016 0.027 0.543 0.365 0.186 
 197   (0.029) 0.005 0.009 0.183 0.004 0.003 0.004 0.004 
 199   (0.060) 0.004 0.070 0.044 0.005 0.064 0.006 0.008 
 203   (0.031) 0.002 0.060 0.003 0.002 0.004 0.003 0.003 
 209   (0.033) 0.002 0.035 0.004 0.003 0.005 0.003 0.014 
 213   (0.029) 0.002 0.041 0.004 0.002 0.004 0.003 0.004 
 181   (0.028) 0.003 0.009 0.003 0.002 0.003 0.061 0.003 

Locus 14 : Scv6 
8 alleles
0.0% missing data
 191   (0.101) 0.007 0.183 0.021 0.254 0.012 0.176 0.015 
 195   (0.356) 0.653 0.302 0.598 0.420 0.225 0.499 0.511 
 197   (0.224) 0.282 0.134 0.225 0.291 0.273 0.283 0.218 
 201   (0.078) 0.005 0.137 0.009 0.010 0.118 0.008 0.068 
 205   (0.027) 0.002 0.041 0.003 0.002 0.003 0.002 0.003 
 193   (0.098) 0.007 0.109 0.087 0.008 0.195 0.010 0.090 
 199   (0.090) 0.043 0.052 0.054 0.013 0.172 0.019 0.092 
 181   (0.027) 0.002 0.041 0.003 0.002 0.003 0.002 0.003 

Values of parameters used in structure:
DATAFILE=M:\STRUCTURE\Squirrel_132_ID_14L_20250816\project_data,	OUTFILE=M:\STRUCTURE\Squirrel_132_ID_14L_20250816\10k_Burnin_100k_MCMC\Results\10k_Burnin_100k_MCMC_run_154,	NUMINDS=132,	NUMLOCI=14,	MISSING=-9,	LABEL=1,	POPDATA=1,	POPFLAG=0,	PHENOTYPE=0,	EXTRACOLS=1,	MAXPOPS=7,	BURNIN=10000,	NUMREPS=100000,	USEPOPINFO=0,	INFERALPHA=1,	INFERLAMBDA=1,	POPSPECIFICLAMBDA=0,	POPALPHAS=0,	COMPUTEPROB=1,	NOADMIX=0,	ADMBURNIN=2500,	UPDATEFREQ=1,	PRINTLIKES=0,	INTERMEDSAVE=0,	PRINTKLD=0,	PRINTNET=0,	PRINTLAMBDA=0,	ANCESTDIST=1,	NUMBOXES=1000,	ANCESTPINT=0.90000,	GENSBACK=2,	MIGRPRIOR=0.05000,	PRINTQHAT=1,	PRINTQSUM=0,	ALPHA=1.0000,	FREQSCORR=1,	FPRIORMEAN=0.0100,	FPRIORSD=0.0500,	ONEFST=0,	LAMBDA=1.0000,	UNIFPRIORALPHA=1,	ALPHAMAX=10.0000,	ALPHAPRIORA=1.0000,	ALPHAPRIORB=2.0000,	ALPHAPROPSD=0.0250,	STARTATPOPINFO=0,	RANDOMIZE=1,	LINKAGE=0,	METROFREQ=10,	REPORTHITRATE=0,	MARKOVPHASE=-1,	PHASED=0,	PLOIDY=2,	PHASEINFO=0	LOCPRIOR=0, 	LOCPRIORINIT=1.000000, 	LOCDATA=0, 	LOCISPOP=0, 	LOCPRIORSTEP=0.100000, 	MAXLOCPRIOR=20.000000, 	SEED=1763824844,	
[STRAT parameters]:    NUMSIMSTATS=1000,	PHENOTYPECOL=-9,	POOLFREQ=10,	LOCUSxONLY=0,	EMERROR=0.00100,	MISSINGPHENO=-9,	