

----------------------------------------------------
STRUCTURE by Pritchard, Stephens and Donnelly (2000)
     and Falush, Stephens and Pritchard (2003)
       Code by Pritchard, Falush and Hubisz
             Version 2.3.4 (Jul 2012)
----------------------------------------------------



Command line arguments:   bin\structure -m M:\STRUCTURE\Squirrel_132_ID_14L_20250816\10k_Burnin_100k_MCMC\mainparams -e M:\STRUCTURE\Squirrel_132_ID_14L_20250816\10k_Burnin_100k_MCMC\extraparams 
Input File:    M:\STRUCTURE\Squirrel_132_ID_14L_20250816\project_data

Run parameters:
   132 individuals
   14 loci
   3 populations assumed
   10000 Burn-in period
   100000 Reps


--------------------------------------------
Proportion of membership of each pre-defined
 population in each of the 3 clusters

Given    Inferred Clusters       Number of
 Pop       1      2      3      Individuals

  1:     0.373  0.428  0.199      132
--------------------------------------------

Allele-freq. divergence among pops (Net nucleotide distance),
computed using point estimates of P.

      1       2       3      
 1      -    0.0453  0.0395  
 2   0.0453     -    0.0356  
 3   0.0395  0.0356     -    

Average distances (expected heterozygosity) between individuals in same cluster:
cluster  1  : 0.6066 
cluster  2  : 0.5450 
cluster  3  : 0.6677 

--------------------------------------------
Estimated Ln Prob of Data   = -4467.2
Mean value of ln likelihood = -4359.1
Variance of ln likelihood   = 216.2
Mean value of alpha         = 0.0398

Mean value of lambda        = 1.0281

Mean value of Fst_1         = 0.1356
Mean value of Fst_2         = 0.1507
Mean value of Fst_3         = 0.0268


Inferred ancestry of individuals:
        Label (%Miss) Pop:  Inferred clusters (and 90% probability intervals)
  1       1*    (0)    1 :  0.018 0.017 0.965     (0.000,0.120) (0.000,0.112) (0.764,1.000) 
  2        3    (0)    1 :  0.011 0.979 0.010     (0.000,0.062) (0.864,1.000) (0.000,0.054) 
  3        6    (0)    1 :  0.023 0.970 0.007     (0.000,0.166) (0.802,1.000) (0.000,0.035) 
  4        8    (0)    1 :  0.006 0.979 0.015     (0.000,0.031) (0.877,1.000) (0.000,0.082) 
  5       10    (0)    1 :  0.006 0.983 0.011     (0.000,0.032) (0.905,1.000) (0.000,0.047) 
  6       11    (0)    1 :  0.026 0.104 0.871     (0.000,0.175) (0.000,0.789) (0.062,1.000) 
  7       12    (0)    1 :  0.011 0.972 0.017     (0.000,0.055) (0.841,1.000) (0.000,0.089) 
  8       16    (7)    1 :  0.006 0.984 0.010     (0.000,0.033) (0.900,1.000) (0.000,0.053) 
  9       18    (0)    1 :  0.005 0.009 0.985     (0.000,0.028) (0.000,0.050) (0.911,1.000) 
 10       19    (0)    1 :  0.028 0.026 0.945     (0.000,0.191) (0.000,0.190) (0.646,1.000) 
 11       21    (7)    1 :  0.009 0.982 0.009     (0.000,0.047) (0.887,1.000) (0.000,0.051) 
 12       23    (7)    1 :  0.242 0.725 0.033     (0.000,1.000) (0.000,1.000) (0.000,0.198) 
 13       24    (7)    1 :  0.020 0.395 0.585     (0.000,0.142) (0.000,1.000) (0.000,1.000) 
 14       25    (7)    1 :  0.035 0.911 0.054     (0.000,0.264) (0.500,1.000) (0.000,0.378) 
 15      26*    (0)    1 :  0.005 0.979 0.016     (0.000,0.025) (0.871,1.000) (0.000,0.107) 
 16       28    (0)    1 :  0.006 0.989 0.005     (0.000,0.031) (0.932,1.000) (0.000,0.028) 
 17       29    (0)    1 :  0.007 0.965 0.028     (0.000,0.034) (0.828,1.000) (0.000,0.129) 
 18       30    (0)    1 :  0.217 0.674 0.109     (0.000,0.935) (0.000,1.000) (0.000,0.992) 
 19       33    (0)    1 :  0.016 0.005 0.979     (0.000,0.102) (0.000,0.025) (0.873,1.000) 
 20       37    (0)    1 :  0.008 0.014 0.977     (0.000,0.046) (0.000,0.086) (0.858,1.000) 
 21       38    (0)    1 :  0.005 0.012 0.983     (0.000,0.024) (0.000,0.070) (0.899,1.000) 
 22       43    (0)    1 :  0.007 0.977 0.016     (0.000,0.040) (0.857,1.000) (0.000,0.099) 
 23       44    (0)    1 :  0.009 0.983 0.008     (0.000,0.054) (0.892,1.000) (0.000,0.040) 
 24       48    (0)    1 :  0.005 0.009 0.986     (0.000,0.026) (0.000,0.047) (0.916,1.000) 
 25       55    (0)    1 :  0.015 0.977 0.009     (0.000,0.094) (0.849,1.000) (0.000,0.044) 
 26       59    (0)    1 :  0.010 0.972 0.018     (0.000,0.058) (0.834,1.000) (0.000,0.091) 
 27       60    (0)    1 :  0.837 0.017 0.146     (0.000,1.000) (0.000,0.106) (0.000,1.000) 
 28       61    (0)    1 :  0.985 0.009 0.007     (0.908,1.000) (0.000,0.044) (0.000,0.034) 
 29       62    (0)    1 :  0.923 0.047 0.029     (0.463,1.000) (0.000,0.311) (0.000,0.173) 
 30       65    (0)    1 :  0.017 0.006 0.977     (0.000,0.116) (0.000,0.031) (0.853,1.000) 
 31       73    (0)    1 :  0.926 0.050 0.024     (0.592,1.000) (0.000,0.340) (0.000,0.161) 
 32       75    (0)    1 :  0.979 0.005 0.016     (0.868,1.000) (0.000,0.028) (0.000,0.103) 
 33       76    (0)    1 :  0.988 0.007 0.006     (0.925,1.000) (0.000,0.036) (0.000,0.029) 
 34       77    (0)    1 :  0.984 0.007 0.009     (0.903,1.000) (0.000,0.036) (0.000,0.047) 
 35       78    (0)    1 :  0.986 0.007 0.007     (0.914,1.000) (0.000,0.037) (0.000,0.036) 
 36       79    (0)    1 :  0.981 0.004 0.015     (0.877,1.000) (0.000,0.024) (0.000,0.102) 
 37       84    (0)    1 :  0.028 0.962 0.010     (0.000,0.209) (0.752,1.000) (0.000,0.055) 
 38       85    (0)    1 :  0.018 0.936 0.046     (0.000,0.120) (0.598,1.000) (0.000,0.315) 
 39       86    (0)    1 :  0.041 0.854 0.105     (0.000,0.312) (0.172,1.000) (0.000,0.771) 
 40       89    (0)    1 :  0.026 0.952 0.021     (0.000,0.180) (0.702,1.000) (0.000,0.135) 
 41       94    (0)    1 :  0.005 0.875 0.120     (0.000,0.028) (0.000,1.000) (0.000,0.998) 
 42       95    (0)    1 :  0.022 0.936 0.042     (0.000,0.155) (0.607,1.000) (0.000,0.232) 
 43       96    (0)    1 :  0.010 0.982 0.008     (0.000,0.059) (0.889,1.000) (0.000,0.037) 
 44       98    (0)    1 :  0.982 0.009 0.009     (0.889,1.000) (0.000,0.051) (0.000,0.047) 
 45      102    (0)    1 :  0.012 0.015 0.973     (0.000,0.080) (0.000,0.100) (0.820,1.000) 
 46      105    (0)    1 :  0.968 0.010 0.022     (0.794,1.000) (0.000,0.054) (0.000,0.156) 
 47      106    (0)    1 :  0.902 0.062 0.037     (0.565,1.000) (0.000,0.320) (0.000,0.231) 
 48      108    (0)    1 :  0.907 0.014 0.078     (0.478,1.000) (0.000,0.092) (0.000,0.501) 
 49      109    (0)    1 :  0.970 0.021 0.009     (0.805,1.000) (0.000,0.153) (0.000,0.048) 
 50      112    (0)    1 :  0.235 0.685 0.079     (0.000,1.000) (0.000,1.000) (0.000,0.666) 
 51      115    (0)    1 :  0.018 0.022 0.960     (0.000,0.111) (0.000,0.133) (0.739,1.000) 
 52      116    (0)    1 :  0.017 0.944 0.039     (0.000,0.111) (0.658,1.000) (0.000,0.273) 
 53      117    (0)    1 :  0.019 0.973 0.008     (0.000,0.123) (0.825,1.000) (0.000,0.041) 
 54      129    (0)    1 :  0.004 0.990 0.006     (0.000,0.022) (0.938,1.000) (0.000,0.030) 
 55      132    (0)    1 :  0.388 0.066 0.547     (0.000,1.000) (0.000,0.481) (0.000,1.000) 
 56      133    (0)    1 :  0.986 0.007 0.008     (0.915,1.000) (0.000,0.035) (0.000,0.040) 
 57      137    (7)    1 :  0.977 0.014 0.008     (0.860,1.000) (0.000,0.083) (0.000,0.044) 
 58      139    (0)    1 :  0.959 0.009 0.032     (0.742,1.000) (0.000,0.051) (0.000,0.218) 
 59      140    (0)    1 :  0.972 0.013 0.015     (0.831,1.000) (0.000,0.070) (0.000,0.075) 
 60      142    (0)    1 :  0.981 0.011 0.008     (0.881,1.000) (0.000,0.066) (0.000,0.041) 
 61      144    (0)    1 :  0.986 0.007 0.008     (0.912,1.000) (0.000,0.036) (0.000,0.039) 
 62      145    (0)    1 :  0.976 0.016 0.008     (0.858,1.000) (0.000,0.086) (0.000,0.042) 
 63      147    (0)    1 :  0.986 0.006 0.008     (0.912,1.000) (0.000,0.036) (0.000,0.040) 
 64      160    (0)    1 :  0.006 0.970 0.024     (0.000,0.031) (0.865,1.000) (0.000,0.088) 
 65     162*    (0)    1 :  0.010 0.982 0.008     (0.000,0.057) (0.889,1.000) (0.000,0.038) 
 66      166    (0)    1 :  0.986 0.007 0.007     (0.915,1.000) (0.000,0.036) (0.000,0.037) 
 67      177    (0)    1 :  0.989 0.004 0.006     (0.934,1.000) (0.000,0.022) (0.000,0.033) 
 68      178    (0)    1 :  0.977 0.012 0.011     (0.854,1.000) (0.000,0.072) (0.000,0.058) 
 69      186    (0)    1 :  0.007 0.984 0.009     (0.000,0.037) (0.900,1.000) (0.000,0.050) 
 70      189    (0)    1 :  0.007 0.983 0.010     (0.000,0.041) (0.895,1.000) (0.000,0.049) 
 71      190    (0)    1 :  0.009 0.979 0.012     (0.000,0.049) (0.873,1.000) (0.000,0.061) 
 72      191    (0)    1 :  0.016 0.977 0.007     (0.000,0.103) (0.853,1.000) (0.000,0.036) 
 73      193    (0)    1 :  0.890 0.099 0.011     (0.000,1.000) (0.000,0.995) (0.000,0.055) 
 74      202    (0)    1 :  0.022 0.697 0.282     (0.000,0.146) (0.000,1.000) (0.000,1.000) 
 75      204    (0)    1 :  0.004 0.991 0.004     (0.000,0.022) (0.947,1.000) (0.000,0.023) 
 76      211    (0)    1 :  0.931 0.022 0.046     (0.570,1.000) (0.000,0.155) (0.000,0.289) 
 77      216    (0)    1 :  0.986 0.008 0.006     (0.916,1.000) (0.000,0.040) (0.000,0.030) 
 78      222    (0)    1 :  0.916 0.011 0.073     (0.408,1.000) (0.000,0.054) (0.000,0.572) 
 79      224    (0)    1 :  0.011 0.975 0.014     (0.000,0.062) (0.844,1.000) (0.000,0.076) 
 80      226    (0)    1 :  0.013 0.899 0.088     (0.000,0.080) (0.332,1.000) (0.000,0.656) 
 81      229    (0)    1 :  0.041 0.839 0.120     (0.000,0.303) (0.000,1.000) (0.000,0.950) 
 82      230    (0)    1 :  0.036 0.913 0.051     (0.000,0.232) (0.554,1.000) (0.000,0.340) 
 83      232    (0)    1 :  0.056 0.921 0.022     (0.000,0.416) (0.488,1.000) (0.000,0.104) 
 84      238    (0)    1 :  0.167 0.015 0.819     (0.000,0.798) (0.000,0.091) (0.173,1.000) 
 85      242    (0)    1 :  0.005 0.006 0.989     (0.000,0.028) (0.000,0.029) (0.933,1.000) 
 86      243    (0)    1 :  0.061 0.018 0.921     (0.000,0.407) (0.000,0.113) (0.550,1.000) 
 87      244    (0)    1 :  0.037 0.012 0.951     (0.000,0.275) (0.000,0.073) (0.689,1.000) 
 88      251    (0)    1 :  0.028 0.050 0.922     (0.000,0.179) (0.000,0.374) (0.526,1.000) 
 89      266    (0)    1 :  0.664 0.008 0.328     (0.000,1.000) (0.000,0.044) (0.000,1.000) 
 90      267    (0)    1 :  0.944 0.038 0.018     (0.650,1.000) (0.000,0.282) (0.000,0.117) 
 91      268    (0)    1 :  0.985 0.007 0.008     (0.906,1.000) (0.000,0.036) (0.000,0.045) 
 92      270    (0)    1 :  0.009 0.979 0.012     (0.000,0.050) (0.872,1.000) (0.000,0.062) 
 93      276    (0)    1 :  0.035 0.952 0.012     (0.000,0.274) (0.672,1.000) (0.000,0.073) 
 94      298    (7)    1 :  0.983 0.008 0.009     (0.895,1.000) (0.000,0.039) (0.000,0.049) 
 95      306    (0)    1 :  0.966 0.006 0.028     (0.815,1.000) (0.000,0.033) (0.000,0.146) 
 96      308    (0)    1 :  0.964 0.014 0.022     (0.766,1.000) (0.000,0.084) (0.000,0.149) 
 97      311    (7)    1 :  0.775 0.023 0.202     (0.000,1.000) (0.000,0.156) (0.000,1.000) 
 98      323    (0)    1 :  0.012 0.966 0.022     (0.000,0.073) (0.790,1.000) (0.000,0.121) 
 99      327    (0)    1 :  0.009 0.975 0.016     (0.000,0.053) (0.843,1.000) (0.000,0.087) 
100      334    (0)    1 :  0.025 0.007 0.968     (0.000,0.179) (0.000,0.034) (0.791,1.000) 
101      338    (0)    1 :  0.935 0.038 0.027     (0.574,1.000) (0.000,0.253) (0.000,0.143) 
102      341    (0)    1 :  0.029 0.935 0.036     (0.000,0.202) (0.601,1.000) (0.000,0.220) 
103      346    (0)    1 :  0.942 0.042 0.016     (0.618,1.000) (0.000,0.296) (0.000,0.069) 
104      348    (0)    1 :  0.983 0.006 0.011     (0.895,1.000) (0.000,0.034) (0.000,0.060) 
105      351    (0)    1 :  0.039 0.019 0.942     (0.000,0.266) (0.000,0.124) (0.631,1.000) 
106      362    (0)    1 :  0.006 0.988 0.006     (0.000,0.030) (0.931,1.000) (0.000,0.029) 
107      364    (0)    1 :  0.012 0.008 0.980     (0.000,0.073) (0.000,0.041) (0.874,1.000) 
108      366    (0)    1 :  0.017 0.015 0.969     (0.000,0.105) (0.000,0.091) (0.795,1.000) 
109      376    (0)    1 :  0.007 0.984 0.009     (0.000,0.036) (0.900,1.000) (0.000,0.050) 
110      377    (7)    1 :  0.088 0.880 0.032     (0.000,0.533) (0.385,1.000) (0.000,0.206) 
111      378    (0)    1 :  0.013 0.980 0.007     (0.000,0.070) (0.884,1.000) (0.000,0.031) 
112      388    (0)    1 :  0.956 0.020 0.024     (0.714,1.000) (0.000,0.138) (0.000,0.155) 
113      391    (0)    1 :  0.194 0.760 0.046     (0.000,1.000) (0.000,1.000) (0.000,0.326) 
114      401    (0)    1 :  0.092 0.425 0.483     (0.000,0.528) (0.000,0.999) (0.000,1.000) 
115      406    (0)    1 :  0.821 0.069 0.110     (0.000,1.000) (0.000,0.526) (0.000,0.997) 
116      412    (7)    1 :  0.884 0.082 0.034     (0.122,1.000) (0.000,0.647) (0.000,0.192) 
117      413    (0)    1 :  0.933 0.012 0.055     (0.594,1.000) (0.000,0.066) (0.000,0.369) 
118      421    (0)    1 :  0.048 0.928 0.024     (0.000,0.360) (0.566,1.000) (0.000,0.164) 
119      423    (0)    1 :  0.067 0.815 0.119     (0.000,0.482) (0.000,1.000) (0.000,0.979) 
120      424    (0)    1 :  0.764 0.189 0.047     (0.000,1.000) (0.000,1.000) (0.000,0.323) 
121      426    (0)    1 :  0.020 0.965 0.015     (0.000,0.119) (0.781,1.000) (0.000,0.082) 
122      430    (7)    1 :  0.976 0.017 0.007     (0.855,1.000) (0.000,0.103) (0.000,0.031) 
123      435    (0)    1 :  0.987 0.008 0.004     (0.923,1.000) (0.000,0.045) (0.000,0.021) 
124      476    (0)    1 :  0.007 0.971 0.022     (0.000,0.038) (0.815,1.000) (0.000,0.156) 
125      478    (0)    1 :  0.006 0.985 0.008     (0.000,0.032) (0.911,1.000) (0.000,0.044) 
126      484    (0)    1 :  0.985 0.009 0.007     (0.903,1.000) (0.000,0.049) (0.000,0.035) 
127      489    (0)    1 :  0.253 0.726 0.021     (0.000,1.000) (0.000,1.000) (0.000,0.110) 
128      493    (0)    1 :  0.008 0.008 0.984     (0.000,0.045) (0.000,0.044) (0.900,1.000) 
129      494    (0)    1 :  0.006 0.020 0.974     (0.000,0.035) (0.000,0.137) (0.827,1.000) 
130      500    (0)    1 :  0.004 0.984 0.012     (0.000,0.020) (0.925,1.000) (0.000,0.047) 
131      504    (0)    1 :  0.837 0.067 0.096     (0.328,1.000) (0.000,0.432) (0.000,0.572) 
132      506    (0)    1 :  0.921 0.069 0.010     (0.541,1.000) (0.000,0.444) (0.000,0.053) 


Estimated Allele Frequencies in each cluster
First column gives estimated ancestral frequencies


Locus 1 : Rsu5 
5 alleles
0.0% missing data
 137   (0.685) 0.699 0.948 0.680 
 135   (0.107) 0.048 0.025 0.103 
 139   (0.139) 0.040 0.024 0.175 
 133   (0.027) 0.002 0.001 0.022 
 131   (0.041) 0.212 0.002 0.019 

Locus 2 : Scv1 
5 alleles
0.0% missing data
 181   (0.556) 0.350 0.753 0.630 
 179   (0.182) 0.214 0.091 0.175 
 177   (0.105) 0.185 0.050 0.075 
 185   (0.123) 0.249 0.104 0.084 
 171   (0.034) 0.002 0.002 0.036 

Locus 3 : Rsu4 
9 alleles
0.0% missing data
 267   (0.221) 0.088 0.185 0.264 
 263   (0.298) 0.428 0.463 0.277 
 259   (0.035) 0.002 0.187 0.016 
 287   (0.162) 0.210 0.137 0.142 
 275   (0.058) 0.007 0.003 0.085 
 279   (0.090) 0.084 0.007 0.098 
 283   (0.063) 0.176 0.003 0.049 
 291   (0.042) 0.003 0.014 0.034 
 271   (0.031) 0.002 0.002 0.035 

Locus 4 : Rsu6 
5 alleles
0.0% missing data
 120   (0.253) 0.219 0.323 0.236 
 126   (0.596) 0.770 0.515 0.619 
 124   (0.078) 0.006 0.151 0.069 
 130   (0.046) 0.003 0.002 0.063 
 114   (0.027) 0.002 0.009 0.013 

Locus 5 : Scv23 
3 alleles
0.8% missing data
 158   (0.485) 0.626 0.557 0.473 
 164   (0.237) 0.118 0.191 0.256 
 160   (0.277) 0.257 0.252 0.272 

Locus 6 : Scv13 
5 alleles
0.0% missing data
 182   (0.693) 0.807 0.891 0.688 
 180   (0.095) 0.006 0.088 0.106 
 172   (0.076) 0.128 0.004 0.066 
 184   (0.087) 0.013 0.014 0.103 
 174   (0.050) 0.047 0.002 0.037 

Locus 7 : Scv32 
18 alleles
0.0% missing data
 236   (0.049) 0.004 0.002 0.096 
 238   (0.044) 0.092 0.002 0.038 
 234   (0.093) 0.381 0.151 0.066 
 246   (0.040) 0.008 0.179 0.020 
 248   (0.108) 0.021 0.154 0.141 
 262   (0.093) 0.066 0.153 0.083 
 232   (0.204) 0.203 0.121 0.283 
 250   (0.036) 0.005 0.071 0.020 
 228   (0.027) 0.002 0.001 0.033 
 220   (0.033) 0.002 0.113 0.021 
 264   (0.062) 0.033 0.024 0.054 
 252   (0.038) 0.061 0.008 0.018 
 254   (0.038) 0.069 0.002 0.028 
 242   (0.028) 0.002 0.001 0.034 
 266   (0.026) 0.028 0.001 0.014 
 244   (0.033) 0.021 0.008 0.018 
 226   (0.024) 0.002 0.008 0.012 
 240   (0.022) 0.002 0.001 0.020 

Locus 8 : Scv8 
6 alleles
0.0% missing data
 200   (0.622) 0.598 0.769 0.662 
 202   (0.103) 0.077 0.005 0.127 
 194   (0.083) 0.073 0.102 0.049 
 204   (0.052) 0.004 0.047 0.040 
 198   (0.082) 0.007 0.073 0.084 
 188   (0.058) 0.241 0.003 0.038 

Locus 9 : Scv9 
5 alleles
0.0% missing data
 198   (0.271) 0.456 0.318 0.243 
 200   (0.383) 0.181 0.432 0.453 
 196   (0.263) 0.312 0.198 0.264 
 204   (0.057) 0.041 0.051 0.028 
 202   (0.026) 0.011 0.001 0.012 

Locus 10 : Rsu1 
6 alleles
0.0% missing data
 189   (0.363) 0.213 0.186 0.461 
 185   (0.230) 0.498 0.184 0.202 
 177   (0.083) 0.035 0.069 0.060 
 181   (0.249) 0.249 0.300 0.239 
 193   (0.038) 0.002 0.152 0.019 
 197   (0.037) 0.003 0.109 0.019 

Locus 11 : Scv14 
7 alleles
4.5% missing data
 196   (0.473) 0.617 0.849 0.456 
 198   (0.093) 0.090 0.005 0.111 
 194   (0.161) 0.090 0.064 0.178 
 202   (0.191) 0.193 0.073 0.200 
 204   (0.027) 0.002 0.001 0.023 
 190   (0.027) 0.002 0.006 0.016 
 200   (0.027) 0.006 0.001 0.017 

Locus 12 : Scv16 
7 alleles
0.0% missing data
 182   (0.341) 0.492 0.513 0.313 
 184   (0.451) 0.390 0.410 0.508 
 188   (0.089) 0.006 0.071 0.105 
 200   (0.027) 0.002 0.001 0.022 
 198   (0.034) 0.069 0.002 0.015 
 190   (0.031) 0.040 0.002 0.014 
 186   (0.027) 0.002 0.001 0.021 

Locus 13 : Scv31 
15 alleles
3.0% missing data
 193   (0.132) 0.143 0.152 0.129 
 201   (0.119) 0.026 0.054 0.169 
 187   (0.066) 0.050 0.230 0.039 
 207   (0.031) 0.002 0.139 0.014 
 195   (0.057) 0.097 0.065 0.029 
 185   (0.147) 0.303 0.093 0.146 
 189   (0.094) 0.006 0.035 0.156 
 205   (0.024) 0.002 0.001 0.021 
 191   (0.115) 0.260 0.187 0.087 
 197   (0.039) 0.060 0.010 0.020 
 199   (0.056) 0.042 0.003 0.059 
 203   (0.034) 0.002 0.002 0.048 
 209   (0.031) 0.002 0.002 0.035 
 213   (0.029) 0.002 0.001 0.035 
 181   (0.026) 0.002 0.027 0.012 

Locus 14 : Scv6 
8 alleles
0.0% missing data
 191   (0.137) 0.014 0.134 0.172 
 195   (0.341) 0.441 0.536 0.322 
 197   (0.174) 0.242 0.286 0.136 
 201   (0.103) 0.057 0.006 0.139 
 205   (0.034) 0.002 0.002 0.036 
 193   (0.095) 0.133 0.006 0.101 
 199   (0.083) 0.108 0.030 0.058 
 181   (0.034) 0.002 0.002 0.036 

Values of parameters used in structure:
DATAFILE=M:\STRUCTURE\Squirrel_132_ID_14L_20250816\project_data,	OUTFILE=M:\STRUCTURE\Squirrel_132_ID_14L_20250816\10k_Burnin_100k_MCMC\Results\10k_Burnin_100k_MCMC_run_73,	NUMINDS=132,	NUMLOCI=14,	MISSING=-9,	LABEL=1,	POPDATA=1,	POPFLAG=0,	PHENOTYPE=0,	EXTRACOLS=1,	MAXPOPS=3,	BURNIN=10000,	NUMREPS=100000,	USEPOPINFO=0,	INFERALPHA=1,	INFERLAMBDA=1,	POPSPECIFICLAMBDA=0,	POPALPHAS=0,	COMPUTEPROB=1,	NOADMIX=0,	ADMBURNIN=2500,	UPDATEFREQ=1,	PRINTLIKES=0,	INTERMEDSAVE=0,	PRINTKLD=0,	PRINTNET=0,	PRINTLAMBDA=0,	ANCESTDIST=1,	NUMBOXES=1000,	ANCESTPINT=0.90000,	GENSBACK=2,	MIGRPRIOR=0.05000,	PRINTQHAT=1,	PRINTQSUM=0,	ALPHA=1.0000,	FREQSCORR=1,	FPRIORMEAN=0.0100,	FPRIORSD=0.0500,	ONEFST=0,	LAMBDA=1.0000,	UNIFPRIORALPHA=1,	ALPHAMAX=10.0000,	ALPHAPRIORA=1.0000,	ALPHAPRIORB=2.0000,	ALPHAPROPSD=0.0250,	STARTATPOPINFO=0,	RANDOMIZE=1,	LINKAGE=0,	METROFREQ=10,	REPORTHITRATE=0,	MARKOVPHASE=-1,	PHASED=0,	PLOIDY=2,	PHASEINFO=0	LOCPRIOR=0, 	LOCPRIORINIT=1.000000, 	LOCDATA=0, 	LOCISPOP=0, 	LOCPRIORSTEP=0.100000, 	MAXLOCPRIOR=20.000000, 	SEED=1763819017,	
[STRAT parameters]:    NUMSIMSTATS=1000,	PHENOTYPECOL=-9,	POOLFREQ=10,	LOCUSxONLY=0,	EMERROR=0.00100,	MISSINGPHENO=-9,	