

----------------------------------------------------
STRUCTURE by Pritchard, Stephens and Donnelly (2000)
     and Falush, Stephens and Pritchard (2003)
       Code by Pritchard, Falush and Hubisz
             Version 2.3.4 (Jul 2012)
----------------------------------------------------



Command line arguments:   bin\structure -m M:\STRUCTURE\Squirrel_132_ID_14L_20250816\10k_Burnin_100k_MCMC\mainparams -e M:\STRUCTURE\Squirrel_132_ID_14L_20250816\10k_Burnin_100k_MCMC\extraparams 
Input File:    M:\STRUCTURE\Squirrel_132_ID_14L_20250816\project_data

Run parameters:
   132 individuals
   14 loci
   9 populations assumed
   10000 Burn-in period
   100000 Reps


--------------------------------------------
Proportion of membership of each pre-defined
 population in each of the 9 clusters

Given    Inferred Clusters                                                 Number of
 Pop       1      2      3      4      5      6      7      8      9      Individuals

  1:     0.099  0.102  0.105  0.138  0.092  0.166  0.105  0.096  0.097      132
--------------------------------------------

Allele-freq. divergence among pops (Net nucleotide distance),
computed using point estimates of P.

      1       2       3       4       5       6       7       8       9      
 1      -    0.1137  0.1241  0.1232  0.1185  0.0951  0.2036  0.0854  0.1322  
 2   0.1137     -    0.0955  0.0997  0.0804  0.0987  0.1165  0.0471  0.0971  
 3   0.1241  0.0955     -    0.0749  0.0901  0.0687  0.0999  0.0222  0.1123  
 4   0.1232  0.0997  0.0749     -    0.1081  0.0780  0.1388  0.0594  0.1365  
 5   0.1185  0.0804  0.0901  0.1081     -    0.0682  0.0999  0.0423  0.0725  
 6   0.0951  0.0987  0.0687  0.0780  0.0682     -    0.1091  0.0337  0.1070  
 7   0.2036  0.1165  0.0999  0.1388  0.0999  0.1091     -    0.0745  0.1480  
 8   0.0854  0.0471  0.0222  0.0594  0.0423  0.0337  0.0745     -    0.0589  
 9   0.1322  0.0971  0.1123  0.1365  0.0725  0.1070  0.1480  0.0589     -    

Average distances (expected heterozygosity) between individuals in same cluster:
cluster  1  : 0.3955 
cluster  2  : 0.5271 
cluster  3  : 0.6368 
cluster  4  : 0.4569 
cluster  5  : 0.5210 
cluster  6  : 0.5449 
cluster  7  : 0.5006 
cluster  8  : 0.6705 
cluster  9  : 0.5801 

--------------------------------------------
Estimated Ln Prob of Data   = -4197.2
Mean value of ln likelihood = -3907.8
Variance of ln likelihood   = 578.9
Mean value of alpha         = 0.0459

Mean value of lambda        = 0.9293

Mean value of Fst_1         = 0.3782
Mean value of Fst_2         = 0.2666
Mean value of Fst_3         = 0.1068
Mean value of Fst_4         = 0.3012
Mean value of Fst_5         = 0.2507
Mean value of Fst_6         = 0.2034
Mean value of Fst_7         = 0.2829
Mean value of Fst_8         = 0.0036
Mean value of Fst_9         = 0.2365


Inferred ancestry of individuals:
        Label (%Miss) Pop:  Inferred clusters (and 90% probability intervals)
  1       1*    (0)    1 :  0.037 0.196 0.652 0.016 0.008 0.010 0.010 0.067 0.005     (0.000,0.264) (0.000,0.589) (0.019,0.998) (0.000,0.102) (0.000,0.043) (0.000,0.057) (0.000,0.056) (0.000,0.602) (0.000,0.028) 
  2        3    (0)    1 :  0.006 0.007 0.005 0.948 0.008 0.007 0.009 0.006 0.004     (0.000,0.032) (0.000,0.044) (0.000,0.027) (0.783,1.000) (0.000,0.045) (0.000,0.038) (0.000,0.057) (0.000,0.033) (0.000,0.023) 
  3        6    (0)    1 :  0.008 0.020 0.006 0.901 0.015 0.021 0.011 0.010 0.010     (0.000,0.042) (0.000,0.141) (0.000,0.031) (0.616,1.000) (0.000,0.098) (0.000,0.138) (0.000,0.066) (0.000,0.057) (0.000,0.062) 
  4        8    (0)    1 :  0.024 0.005 0.016 0.010 0.006 0.911 0.012 0.013 0.004     (0.000,0.168) (0.000,0.027) (0.000,0.105) (0.000,0.056) (0.000,0.032) (0.635,1.000) (0.000,0.076) (0.000,0.075) (0.000,0.019) 
  5       10    (0)    1 :  0.920 0.005 0.007 0.009 0.004 0.037 0.004 0.009 0.005     (0.669,1.000) (0.000,0.026) (0.000,0.042) (0.000,0.059) (0.000,0.023) (0.000,0.256) (0.000,0.021) (0.000,0.053) (0.000,0.027) 
  6       11    (0)    1 :  0.015 0.033 0.141 0.019 0.042 0.039 0.010 0.674 0.028     (0.000,0.097) (0.000,0.235) (0.000,0.873) (0.000,0.129) (0.000,0.298) (0.000,0.286) (0.000,0.058) (0.000,1.000) (0.000,0.199) 
  7       12    (0)    1 :  0.957 0.007 0.004 0.006 0.006 0.005 0.004 0.005 0.005     (0.816,1.000) (0.000,0.041) (0.000,0.024) (0.000,0.034) (0.000,0.032) (0.000,0.030) (0.000,0.020) (0.000,0.029) (0.000,0.026) 
  8       16    (7)    1 :  0.007 0.006 0.006 0.942 0.007 0.015 0.005 0.007 0.005     (0.000,0.044) (0.000,0.032) (0.000,0.029) (0.754,1.000) (0.000,0.039) (0.000,0.099) (0.000,0.025) (0.000,0.039) (0.000,0.030) 
  9       18    (0)    1 :  0.007 0.004 0.942 0.007 0.008 0.011 0.007 0.009 0.004     (0.000,0.042) (0.000,0.023) (0.756,1.000) (0.000,0.041) (0.000,0.046) (0.000,0.068) (0.000,0.041) (0.000,0.050) (0.000,0.021) 
 10       19    (0)    1 :  0.010 0.007 0.067 0.013 0.014 0.026 0.024 0.803 0.035     (0.000,0.059) (0.000,0.040) (0.000,0.539) (0.000,0.084) (0.000,0.084) (0.000,0.180) (0.000,0.152) (0.003,1.000) (0.000,0.249) 
 11       21    (7)    1 :  0.007 0.007 0.006 0.925 0.010 0.025 0.005 0.008 0.006     (0.000,0.042) (0.000,0.040) (0.000,0.034) (0.694,1.000) (0.000,0.060) (0.000,0.177) (0.000,0.030) (0.000,0.048) (0.000,0.031) 
 12       23    (7)    1 :  0.468 0.240 0.013 0.019 0.148 0.017 0.010 0.049 0.037     (0.000,0.954) (0.000,0.956) (0.000,0.086) (0.000,0.127) (0.000,0.622) (0.000,0.113) (0.000,0.056) (0.000,0.364) (0.000,0.262) 
 13       24    (7)    1 :  0.428 0.015 0.080 0.015 0.016 0.072 0.008 0.337 0.029     (0.000,0.954) (0.000,0.098) (0.000,0.480) (0.000,0.104) (0.000,0.101) (0.000,0.460) (0.000,0.050) (0.000,0.991) (0.000,0.199) 
 14       25    (7)    1 :  0.464 0.220 0.016 0.055 0.038 0.124 0.006 0.072 0.006     (0.000,0.892) (0.000,0.765) (0.000,0.105) (0.000,0.334) (0.000,0.264) (0.000,0.457) (0.000,0.032) (0.000,0.502) (0.000,0.035) 
 15      26*    (0)    1 :  0.259 0.014 0.021 0.262 0.007 0.378 0.007 0.049 0.005     (0.000,0.676) (0.000,0.090) (0.000,0.144) (0.000,0.795) (0.000,0.041) (0.000,0.970) (0.000,0.037) (0.000,0.340) (0.000,0.027) 
 16       28    (0)    1 :  0.116 0.015 0.006 0.036 0.007 0.798 0.006 0.010 0.006     (0.000,0.721) (0.000,0.101) (0.000,0.035) (0.000,0.263) (0.000,0.038) (0.000,1.000) (0.000,0.032) (0.000,0.053) (0.000,0.034) 
 17       29    (0)    1 :  0.917 0.005 0.016 0.006 0.006 0.025 0.006 0.012 0.006     (0.667,1.000) (0.000,0.028) (0.000,0.115) (0.000,0.034) (0.000,0.032) (0.000,0.178) (0.000,0.037) (0.000,0.077) (0.000,0.031) 
 18       30    (0)    1 :  0.206 0.031 0.021 0.184 0.012 0.137 0.317 0.087 0.006     (0.000,0.719) (0.000,0.219) (0.000,0.124) (0.000,0.766) (0.000,0.067) (0.000,0.710) (0.000,0.702) (0.000,0.720) (0.000,0.035) 
 19       33    (0)    1 :  0.006 0.019 0.718 0.006 0.006 0.005 0.016 0.150 0.074     (0.000,0.034) (0.000,0.129) (0.000,1.000) (0.000,0.037) (0.000,0.033) (0.000,0.029) (0.000,0.114) (0.000,0.981) (0.000,0.373) 
 20       37    (0)    1 :  0.045 0.012 0.879 0.011 0.009 0.009 0.006 0.021 0.009     (0.000,0.305) (0.000,0.077) (0.555,1.000) (0.000,0.068) (0.000,0.053) (0.000,0.053) (0.000,0.034) (0.000,0.103) (0.000,0.058) 
 21       38    (0)    1 :  0.016 0.004 0.913 0.009 0.007 0.011 0.006 0.030 0.005     (0.000,0.115) (0.000,0.024) (0.645,1.000) (0.000,0.053) (0.000,0.037) (0.000,0.061) (0.000,0.031) (0.000,0.181) (0.000,0.025) 
 22       43    (0)    1 :  0.748 0.017 0.008 0.034 0.007 0.159 0.008 0.013 0.007     (0.411,0.998) (0.000,0.116) (0.000,0.044) (0.000,0.226) (0.000,0.043) (0.000,0.521) (0.000,0.048) (0.000,0.081) (0.000,0.037) 
 23       44    (0)    1 :  0.006 0.005 0.007 0.226 0.013 0.704 0.021 0.013 0.005     (0.000,0.037) (0.000,0.026) (0.000,0.039) (0.000,0.621) (0.000,0.078) (0.241,1.000) (0.000,0.146) (0.000,0.061) (0.000,0.026) 
 24       48    (0)    1 :  0.008 0.004 0.945 0.011 0.007 0.007 0.007 0.008 0.004     (0.000,0.044) (0.000,0.024) (0.768,1.000) (0.000,0.067) (0.000,0.041) (0.000,0.037) (0.000,0.039) (0.000,0.045) (0.000,0.021) 
 25       55    (0)    1 :  0.009 0.052 0.010 0.083 0.013 0.792 0.014 0.021 0.007     (0.000,0.052) (0.000,0.324) (0.000,0.059) (0.000,0.476) (0.000,0.079) (0.373,1.000) (0.000,0.090) (0.000,0.129) (0.000,0.042) 
 26       59    (0)    1 :  0.005 0.007 0.008 0.945 0.006 0.008 0.009 0.008 0.004     (0.000,0.028) (0.000,0.041) (0.000,0.047) (0.770,1.000) (0.000,0.034) (0.000,0.045) (0.000,0.059) (0.000,0.043) (0.000,0.023) 
 27       60    (0)    1 :  0.024 0.911 0.013 0.010 0.009 0.005 0.005 0.012 0.013     (0.000,0.174) (0.653,1.000) (0.000,0.084) (0.000,0.058) (0.000,0.051) (0.000,0.027) (0.000,0.026) (0.000,0.071) (0.000,0.078) 
 28       61    (0)    1 :  0.008 0.236 0.009 0.015 0.159 0.015 0.059 0.024 0.477     (0.000,0.046) (0.000,0.832) (0.000,0.048) (0.000,0.091) (0.000,0.853) (0.000,0.093) (0.000,0.367) (0.000,0.146) (0.000,0.989) 
 29       62    (0)    1 :  0.053 0.031 0.025 0.015 0.687 0.016 0.011 0.054 0.109     (0.000,0.361) (0.000,0.221) (0.000,0.175) (0.000,0.091) (0.000,1.000) (0.000,0.100) (0.000,0.065) (0.000,0.402) (0.000,0.632) 
 30       65    (0)    1 :  0.006 0.017 0.770 0.006 0.008 0.009 0.021 0.149 0.014     (0.000,0.034) (0.000,0.122) (0.000,1.000) (0.000,0.033) (0.000,0.043) (0.000,0.054) (0.000,0.147) (0.000,0.964) (0.000,0.099) 
 31       73    (0)    1 :  0.177 0.048 0.008 0.007 0.024 0.012 0.702 0.016 0.006     (0.000,0.520) (0.000,0.349) (0.000,0.044) (0.000,0.037) (0.000,0.169) (0.000,0.074) (0.345,0.997) (0.000,0.088) (0.000,0.032) 
 32       75    (0)    1 :  0.004 0.005 0.011 0.008 0.008 0.005 0.042 0.011 0.906     (0.000,0.021) (0.000,0.026) (0.000,0.067) (0.000,0.049) (0.000,0.045) (0.000,0.029) (0.000,0.260) (0.000,0.065) (0.641,1.000) 
 33       76    (0)    1 :  0.012 0.010 0.004 0.006 0.042 0.005 0.006 0.007 0.909     (0.000,0.076) (0.000,0.056) (0.000,0.022) (0.000,0.033) (0.000,0.330) (0.000,0.029) (0.000,0.032) (0.000,0.038) (0.571,1.000) 
 34       77    (0)    1 :  0.010 0.122 0.006 0.006 0.012 0.005 0.005 0.009 0.825     (0.000,0.066) (0.000,0.606) (0.000,0.032) (0.000,0.031) (0.000,0.062) (0.000,0.027) (0.000,0.027) (0.000,0.052) (0.327,1.000) 
 35       78    (0)    1 :  0.015 0.024 0.011 0.006 0.034 0.013 0.573 0.029 0.295     (0.000,0.109) (0.000,0.175) (0.000,0.064) (0.000,0.033) (0.000,0.256) (0.000,0.084) (0.086,0.988) (0.000,0.198) (0.000,0.746) 
 36       79    (0)    1 :  0.005 0.007 0.010 0.005 0.091 0.009 0.084 0.049 0.741     (0.000,0.031) (0.000,0.037) (0.000,0.066) (0.000,0.026) (0.000,0.806) (0.000,0.054) (0.000,0.412) (0.000,0.315) (0.000,1.000) 
 37       84    (0)    1 :  0.019 0.027 0.008 0.797 0.075 0.032 0.012 0.021 0.009     (0.000,0.127) (0.000,0.193) (0.000,0.046) (0.414,1.000) (0.000,0.388) (0.000,0.226) (0.000,0.078) (0.000,0.144) (0.000,0.054) 
 38       85    (0)    1 :  0.007 0.009 0.010 0.009 0.014 0.909 0.012 0.025 0.006     (0.000,0.040) (0.000,0.050) (0.000,0.052) (0.000,0.056) (0.000,0.089) (0.638,1.000) (0.000,0.075) (0.000,0.126) (0.000,0.033) 
 39       86    (0)    1 :  0.011 0.010 0.010 0.005 0.019 0.830 0.015 0.091 0.009     (0.000,0.073) (0.000,0.060) (0.000,0.059) (0.000,0.027) (0.000,0.122) (0.338,1.000) (0.000,0.107) (0.000,0.572) (0.000,0.049) 
 40       89    (0)    1 :  0.180 0.033 0.018 0.587 0.103 0.016 0.007 0.036 0.019     (0.000,0.572) (0.000,0.244) (0.000,0.125) (0.135,0.942) (0.000,0.489) (0.000,0.092) (0.000,0.038) (0.000,0.254) (0.000,0.133) 
 41       94    (0)    1 :  0.939 0.006 0.014 0.007 0.008 0.009 0.005 0.008 0.004     (0.753,1.000) (0.000,0.034) (0.000,0.093) (0.000,0.042) (0.000,0.047) (0.000,0.056) (0.000,0.032) (0.000,0.044) (0.000,0.024) 
 42       95    (0)    1 :  0.007 0.018 0.015 0.901 0.008 0.018 0.014 0.013 0.006     (0.000,0.037) (0.000,0.126) (0.000,0.101) (0.615,1.000) (0.000,0.043) (0.000,0.112) (0.000,0.093) (0.000,0.069) (0.000,0.031) 
 43       96    (0)    1 :  0.009 0.005 0.005 0.006 0.009 0.946 0.006 0.007 0.006     (0.000,0.057) (0.000,0.027) (0.000,0.029) (0.000,0.035) (0.000,0.052) (0.769,1.000) (0.000,0.035) (0.000,0.037) (0.000,0.035) 
 44       98    (0)    1 :  0.009 0.694 0.005 0.006 0.192 0.007 0.044 0.020 0.023     (0.000,0.059) (0.000,1.000) (0.000,0.029) (0.000,0.029) (0.000,0.993) (0.000,0.043) (0.000,0.297) (0.000,0.103) (0.000,0.129) 
 45      102    (0)    1 :  0.020 0.013 0.452 0.030 0.015 0.007 0.007 0.445 0.011     (0.000,0.140) (0.000,0.084) (0.000,0.998) (0.000,0.216) (0.000,0.105) (0.000,0.043) (0.000,0.039) (0.000,0.999) (0.000,0.076) 
 46      105    (0)    1 :  0.005 0.005 0.007 0.005 0.005 0.005 0.958 0.006 0.004     (0.000,0.030) (0.000,0.026) (0.000,0.044) (0.000,0.030) (0.000,0.027) (0.000,0.026) (0.822,1.000) (0.000,0.033) (0.000,0.023) 
 47      106    (0)    1 :  0.004 0.017 0.015 0.082 0.201 0.021 0.156 0.261 0.242     (0.000,0.022) (0.000,0.115) (0.000,0.096) (0.000,0.388) (0.000,0.755) (0.000,0.147) (0.000,0.625) (0.000,0.988) (0.000,0.700) 
 48      108    (0)    1 :  0.008 0.042 0.051 0.008 0.008 0.009 0.806 0.041 0.027     (0.000,0.049) (0.000,0.244) (0.000,0.332) (0.000,0.043) (0.000,0.044) (0.000,0.054) (0.452,1.000) (0.000,0.296) (0.000,0.193) 
 49      109    (0)    1 :  0.006 0.086 0.011 0.012 0.078 0.020 0.636 0.098 0.053     (0.000,0.037) (0.000,0.501) (0.000,0.063) (0.000,0.074) (0.000,0.459) (0.000,0.142) (0.000,1.000) (0.000,0.697) (0.000,0.332) 
 50      112    (0)    1 :  0.060 0.087 0.020 0.013 0.158 0.232 0.009 0.277 0.144     (0.000,0.403) (0.000,0.501) (0.000,0.123) (0.000,0.082) (0.000,0.807) (0.000,0.806) (0.000,0.048) (0.000,0.991) (0.000,0.736) 
 51      115    (0)    1 :  0.047 0.074 0.249 0.012 0.016 0.010 0.016 0.560 0.015     (0.000,0.306) (0.000,0.493) (0.000,0.984) (0.000,0.075) (0.000,0.084) (0.000,0.056) (0.000,0.101) (0.000,1.000) (0.000,0.095) 
 52      116    (0)    1 :  0.008 0.005 0.012 0.009 0.027 0.888 0.022 0.024 0.005     (0.000,0.043) (0.000,0.027) (0.000,0.076) (0.000,0.053) (0.000,0.195) (0.549,1.000) (0.000,0.157) (0.000,0.158) (0.000,0.027) 
 53      117    (0)    1 :  0.100 0.028 0.016 0.712 0.019 0.067 0.018 0.027 0.013     (0.000,0.641) (0.000,0.197) (0.000,0.110) (0.000,1.000) (0.000,0.127) (0.000,0.436) (0.000,0.119) (0.000,0.171) (0.000,0.080) 
 54      129    (0)    1 :  0.010 0.008 0.008 0.075 0.005 0.875 0.006 0.010 0.003     (0.000,0.054) (0.000,0.047) (0.000,0.049) (0.000,0.465) (0.000,0.027) (0.473,1.000) (0.000,0.036) (0.000,0.052) (0.000,0.018) 
 55      132    (0)    1 :  0.123 0.765 0.037 0.016 0.010 0.007 0.007 0.025 0.010     (0.000,0.525) (0.287,1.000) (0.000,0.273) (0.000,0.109) (0.000,0.055) (0.000,0.043) (0.000,0.036) (0.000,0.161) (0.000,0.058) 
 56      133    (0)    1 :  0.006 0.708 0.005 0.006 0.181 0.005 0.041 0.014 0.034     (0.000,0.034) (0.000,1.000) (0.000,0.027) (0.000,0.033) (0.000,0.994) (0.000,0.024) (0.000,0.266) (0.000,0.066) (0.000,0.219) 
 57      137    (7)    1 :  0.018 0.485 0.009 0.009 0.053 0.010 0.011 0.023 0.382     (0.000,0.127) (0.000,0.991) (0.000,0.054) (0.000,0.051) (0.000,0.378) (0.000,0.059) (0.000,0.068) (0.000,0.144) (0.000,0.982) 
 58      139    (0)    1 :  0.007 0.005 0.010 0.008 0.009 0.008 0.009 0.012 0.932     (0.000,0.039) (0.000,0.029) (0.000,0.065) (0.000,0.050) (0.000,0.048) (0.000,0.050) (0.000,0.050) (0.000,0.072) (0.718,1.000) 
 59      140    (0)    1 :  0.006 0.062 0.015 0.040 0.085 0.016 0.673 0.040 0.064     (0.000,0.033) (0.000,0.428) (0.000,0.090) (0.000,0.284) (0.000,0.563) (0.000,0.100) (0.139,0.999) (0.000,0.277) (0.000,0.377) 
 60      142    (0)    1 :  0.014 0.022 0.008 0.042 0.235 0.010 0.009 0.019 0.642     (0.000,0.091) (0.000,0.150) (0.000,0.047) (0.000,0.302) (0.000,0.975) (0.000,0.056) (0.000,0.052) (0.000,0.117) (0.000,1.000) 
 61      144    (0)    1 :  0.004 0.008 0.005 0.007 0.006 0.004 0.955 0.005 0.005     (0.000,0.023) (0.000,0.053) (0.000,0.027) (0.000,0.043) (0.000,0.031) (0.000,0.022) (0.812,1.000) (0.000,0.029) (0.000,0.030) 
 62      145    (0)    1 :  0.005 0.007 0.007 0.007 0.934 0.006 0.007 0.008 0.020     (0.000,0.026) (0.000,0.038) (0.000,0.036) (0.000,0.037) (0.726,1.000) (0.000,0.031) (0.000,0.042) (0.000,0.043) (0.000,0.124) 
 63      147    (0)    1 :  0.005 0.008 0.006 0.004 0.012 0.008 0.916 0.012 0.030     (0.000,0.026) (0.000,0.047) (0.000,0.032) (0.000,0.022) (0.000,0.072) (0.000,0.050) (0.664,1.000) (0.000,0.071) (0.000,0.208) 
 64      160    (0)    1 :  0.955 0.005 0.006 0.007 0.005 0.007 0.004 0.005 0.004     (0.810,1.000) (0.000,0.029) (0.000,0.036) (0.000,0.043) (0.000,0.025) (0.000,0.037) (0.000,0.025) (0.000,0.030) (0.000,0.024) 
 65     162*    (0)    1 :  0.012 0.005 0.006 0.006 0.010 0.941 0.006 0.008 0.006     (0.000,0.078) (0.000,0.031) (0.000,0.030) (0.000,0.030) (0.000,0.060) (0.750,1.000) (0.000,0.031) (0.000,0.041) (0.000,0.035) 
 66      166    (0)    1 :  0.005 0.930 0.005 0.011 0.010 0.006 0.016 0.007 0.010     (0.000,0.026) (0.707,1.000) (0.000,0.027) (0.000,0.068) (0.000,0.054) (0.000,0.033) (0.000,0.100) (0.000,0.037) (0.000,0.057) 
 67      177    (0)    1 :  0.004 0.005 0.003 0.004 0.006 0.004 0.004 0.005 0.965     (0.000,0.021) (0.000,0.030) (0.000,0.019) (0.000,0.022) (0.000,0.030) (0.000,0.021) (0.000,0.020) (0.000,0.024) (0.854,1.000) 
 68      178    (0)    1 :  0.030 0.039 0.010 0.009 0.033 0.013 0.013 0.024 0.829     (0.000,0.221) (0.000,0.278) (0.000,0.061) (0.000,0.054) (0.000,0.231) (0.000,0.088) (0.000,0.083) (0.000,0.164) (0.422,1.000) 
 69      186    (0)    1 :  0.005 0.005 0.005 0.963 0.005 0.005 0.004 0.005 0.004     (0.000,0.027) (0.000,0.026) (0.000,0.025) (0.844,1.000) (0.000,0.026) (0.000,0.030) (0.000,0.021) (0.000,0.026) (0.000,0.021) 
 70      189    (0)    1 :  0.012 0.004 0.006 0.006 0.013 0.940 0.004 0.007 0.007     (0.000,0.082) (0.000,0.022) (0.000,0.035) (0.000,0.036) (0.000,0.078) (0.742,1.000) (0.000,0.022) (0.000,0.036) (0.000,0.039) 
 71      190    (0)    1 :  0.069 0.025 0.019 0.050 0.028 0.757 0.009 0.031 0.012     (0.000,0.483) (0.000,0.177) (0.000,0.127) (0.000,0.335) (0.000,0.200) (0.151,1.000) (0.000,0.052) (0.000,0.198) (0.000,0.079) 
 72      191    (0)    1 :  0.017 0.009 0.008 0.324 0.096 0.473 0.031 0.026 0.015     (0.000,0.118) (0.000,0.053) (0.000,0.045) (0.000,0.833) (0.000,0.505) (0.000,0.994) (0.000,0.228) (0.000,0.168) (0.000,0.102) 
 73      193    (0)    1 :  0.016 0.011 0.008 0.019 0.904 0.010 0.010 0.010 0.013     (0.000,0.106) (0.000,0.062) (0.000,0.046) (0.000,0.129) (0.621,1.000) (0.000,0.056) (0.000,0.061) (0.000,0.055) (0.000,0.077) 
 74      202    (0)    1 :  0.232 0.036 0.026 0.013 0.053 0.108 0.007 0.516 0.008     (0.000,0.691) (0.000,0.255) (0.000,0.186) (0.000,0.079) (0.000,0.376) (0.000,0.563) (0.000,0.040) (0.000,0.999) (0.000,0.045) 
 75      204    (0)    1 :  0.009 0.005 0.005 0.345 0.006 0.613 0.007 0.007 0.004     (0.000,0.051) (0.000,0.029) (0.000,0.025) (0.000,1.000) (0.000,0.032) (0.000,1.000) (0.000,0.037) (0.000,0.037) (0.000,0.021) 
 76      211    (0)    1 :  0.091 0.664 0.017 0.018 0.021 0.010 0.038 0.068 0.073     (0.000,0.495) (0.023,0.999) (0.000,0.106) (0.000,0.127) (0.000,0.136) (0.000,0.061) (0.000,0.275) (0.000,0.490) (0.000,0.365) 
 77      216    (0)    1 :  0.015 0.478 0.006 0.005 0.012 0.007 0.427 0.018 0.032     (0.000,0.101) (0.000,0.896) (0.000,0.031) (0.000,0.027) (0.000,0.066) (0.000,0.040) (0.000,0.959) (0.000,0.108) (0.000,0.208) 
 78      222    (0)    1 :  0.005 0.013 0.032 0.006 0.244 0.012 0.630 0.048 0.009     (0.000,0.024) (0.000,0.074) (0.000,0.235) (0.000,0.032) (0.000,0.935) (0.000,0.063) (0.000,1.000) (0.000,0.360) (0.000,0.052) 
 79      224    (0)    1 :  0.013 0.005 0.009 0.007 0.020 0.921 0.010 0.010 0.005     (0.000,0.086) (0.000,0.026) (0.000,0.054) (0.000,0.041) (0.000,0.120) (0.679,1.000) (0.000,0.059) (0.000,0.050) (0.000,0.029) 
 80      226    (0)    1 :  0.005 0.011 0.009 0.932 0.006 0.008 0.005 0.021 0.005     (0.000,0.029) (0.000,0.072) (0.000,0.049) (0.720,1.000) (0.000,0.030) (0.000,0.043) (0.000,0.024) (0.000,0.145) (0.000,0.027) 
 81      229    (0)    1 :  0.050 0.025 0.023 0.024 0.077 0.416 0.020 0.344 0.019     (0.000,0.376) (0.000,0.184) (0.000,0.157) (0.000,0.164) (0.000,0.398) (0.000,0.963) (0.000,0.138) (0.000,0.998) (0.000,0.130) 
 82      230    (0)    1 :  0.038 0.010 0.016 0.034 0.014 0.664 0.015 0.160 0.049     (0.000,0.279) (0.000,0.059) (0.000,0.091) (0.000,0.251) (0.000,0.083) (0.000,1.000) (0.000,0.106) (0.000,0.969) (0.000,0.296) 
 83      232    (0)    1 :  0.274 0.061 0.018 0.110 0.284 0.063 0.016 0.130 0.045     (0.000,0.728) (0.000,0.415) (0.000,0.120) (0.000,0.560) (0.000,0.903) (0.000,0.448) (0.000,0.104) (0.000,0.823) (0.000,0.327) 
 84      238    (0)    1 :  0.007 0.015 0.087 0.005 0.042 0.018 0.018 0.771 0.037     (0.000,0.038) (0.000,0.103) (0.000,0.614) (0.000,0.029) (0.000,0.316) (0.000,0.119) (0.000,0.128) (0.000,1.000) (0.000,0.261) 
 85      242    (0)    1 :  0.004 0.011 0.910 0.006 0.006 0.007 0.009 0.043 0.004     (0.000,0.024) (0.000,0.071) (0.632,1.000) (0.000,0.036) (0.000,0.032) (0.000,0.042) (0.000,0.053) (0.000,0.228) (0.000,0.023) 
 86      243    (0)    1 :  0.008 0.083 0.420 0.023 0.034 0.010 0.014 0.388 0.020     (0.000,0.046) (0.000,0.472) (0.000,0.994) (0.000,0.165) (0.000,0.254) (0.000,0.055) (0.000,0.092) (0.000,0.999) (0.000,0.142) 
 87      244    (0)    1 :  0.010 0.015 0.201 0.006 0.010 0.012 0.006 0.593 0.148     (0.000,0.061) (0.000,0.098) (0.000,0.805) (0.000,0.032) (0.000,0.062) (0.000,0.074) (0.000,0.032) (0.000,1.000) (0.000,0.597) 
 88      251    (0)    1 :  0.087 0.016 0.100 0.009 0.037 0.021 0.011 0.702 0.016     (0.000,0.495) (0.000,0.094) (0.000,0.718) (0.000,0.055) (0.000,0.263) (0.000,0.140) (0.000,0.064) (0.000,1.000) (0.000,0.104) 
 89      266    (0)    1 :  0.006 0.111 0.067 0.010 0.055 0.009 0.009 0.438 0.295     (0.000,0.033) (0.000,0.532) (0.000,0.404) (0.000,0.062) (0.000,0.418) (0.000,0.055) (0.000,0.054) (0.000,0.997) (0.000,0.780) 
 90      267    (0)    1 :  0.006 0.161 0.019 0.052 0.024 0.020 0.655 0.049 0.014     (0.000,0.037) (0.000,0.648) (0.000,0.132) (0.000,0.342) (0.000,0.161) (0.000,0.140) (0.021,1.000) (0.000,0.369) (0.000,0.089) 
 91      268    (0)    1 :  0.030 0.452 0.007 0.006 0.046 0.005 0.055 0.027 0.372     (0.000,0.220) (0.000,0.995) (0.000,0.037) (0.000,0.037) (0.000,0.362) (0.000,0.026) (0.000,0.385) (0.000,0.156) (0.000,0.978) 
 92      270    (0)    1 :  0.021 0.008 0.010 0.019 0.012 0.901 0.014 0.010 0.005     (0.000,0.147) (0.000,0.047) (0.000,0.059) (0.000,0.127) (0.000,0.078) (0.617,1.000) (0.000,0.090) (0.000,0.057) (0.000,0.027) 
 93      276    (0)    1 :  0.020 0.028 0.016 0.260 0.079 0.487 0.033 0.045 0.032     (0.000,0.139) (0.000,0.201) (0.000,0.101) (0.000,0.793) (0.000,0.497) (0.000,0.998) (0.000,0.239) (0.000,0.340) (0.000,0.230) 
 94      298    (7)    1 :  0.013 0.111 0.012 0.023 0.029 0.008 0.594 0.030 0.181     (0.000,0.089) (0.000,0.594) (0.000,0.071) (0.000,0.165) (0.000,0.182) (0.000,0.044) (0.031,0.988) (0.000,0.216) (0.000,0.660) 
 95      306    (0)    1 :  0.006 0.568 0.014 0.007 0.346 0.008 0.010 0.032 0.009     (0.000,0.034) (0.216,0.940) (0.000,0.091) (0.000,0.042) (0.000,0.699) (0.000,0.046) (0.000,0.060) (0.000,0.215) (0.000,0.054) 
 96      308    (0)    1 :  0.107 0.037 0.036 0.009 0.073 0.013 0.081 0.101 0.544     (0.000,0.456) (0.000,0.264) (0.000,0.260) (0.000,0.051) (0.000,0.486) (0.000,0.083) (0.000,0.523) (0.000,0.714) (0.000,0.992) 
 97      311    (7)    1 :  0.015 0.062 0.037 0.008 0.544 0.021 0.081 0.225 0.007     (0.000,0.097) (0.000,0.440) (0.000,0.255) (0.000,0.044) (0.000,0.999) (0.000,0.145) (0.000,0.612) (0.000,0.984) (0.000,0.043) 
 98      323    (0)    1 :  0.005 0.005 0.009 0.948 0.006 0.007 0.008 0.007 0.004     (0.000,0.028) (0.000,0.030) (0.000,0.054) (0.782,1.000) (0.000,0.032) (0.000,0.042) (0.000,0.047) (0.000,0.039) (0.000,0.024) 
 99      327    (0)    1 :  0.213 0.039 0.018 0.025 0.020 0.616 0.010 0.052 0.007     (0.000,0.685) (0.000,0.275) (0.000,0.121) (0.000,0.178) (0.000,0.137) (0.000,0.995) (0.000,0.052) (0.000,0.383) (0.000,0.040) 
100      334    (0)    1 :  0.010 0.031 0.371 0.005 0.024 0.013 0.016 0.522 0.009     (0.000,0.058) (0.000,0.218) (0.000,0.998) (0.000,0.025) (0.000,0.158) (0.000,0.076) (0.000,0.100) (0.000,1.000) (0.000,0.055) 
101      338    (0)    1 :  0.034 0.106 0.017 0.022 0.481 0.035 0.121 0.168 0.014     (0.000,0.234) (0.000,0.602) (0.000,0.106) (0.000,0.154) (0.000,0.998) (0.000,0.266) (0.000,0.747) (0.000,0.963) (0.000,0.083) 
102      341    (0)    1 :  0.008 0.027 0.012 0.914 0.008 0.009 0.006 0.010 0.006     (0.000,0.044) (0.000,0.192) (0.000,0.078) (0.657,1.000) (0.000,0.045) (0.000,0.047) (0.000,0.032) (0.000,0.061) (0.000,0.032) 
103      346    (0)    1 :  0.037 0.449 0.008 0.014 0.013 0.010 0.005 0.019 0.446     (0.000,0.277) (0.000,0.998) (0.000,0.043) (0.000,0.079) (0.000,0.072) (0.000,0.055) (0.000,0.026) (0.000,0.100) (0.000,0.999) 
104      348    (0)    1 :  0.007 0.013 0.020 0.008 0.215 0.009 0.508 0.052 0.168     (0.000,0.041) (0.000,0.077) (0.000,0.139) (0.000,0.046) (0.000,0.680) (0.000,0.053) (0.000,0.986) (0.000,0.375) (0.000,0.604) 
105      351    (0)    1 :  0.058 0.502 0.196 0.012 0.018 0.011 0.010 0.182 0.012     (0.000,0.361) (0.000,0.999) (0.000,0.953) (0.000,0.078) (0.000,0.110) (0.000,0.069) (0.000,0.057) (0.000,0.968) (0.000,0.068) 
106      362    (0)    1 :  0.065 0.007 0.006 0.148 0.009 0.740 0.007 0.012 0.005     (0.000,0.439) (0.000,0.040) (0.000,0.035) (0.000,0.851) (0.000,0.050) (0.000,1.000) (0.000,0.041) (0.000,0.061) (0.000,0.027) 
107      364    (0)    1 :  0.013 0.041 0.837 0.012 0.019 0.006 0.008 0.052 0.011     (0.000,0.084) (0.000,0.273) (0.412,1.000) (0.000,0.074) (0.000,0.132) (0.000,0.035) (0.000,0.048) (0.000,0.375) (0.000,0.072) 
108      366    (0)    1 :  0.008 0.025 0.800 0.012 0.011 0.018 0.022 0.095 0.009     (0.000,0.047) (0.000,0.183) (0.000,1.000) (0.000,0.073) (0.000,0.064) (0.000,0.127) (0.000,0.158) (0.000,0.890) (0.000,0.055) 
109      376    (0)    1 :  0.014 0.010 0.006 0.900 0.017 0.024 0.004 0.010 0.015     (0.000,0.093) (0.000,0.057) (0.000,0.036) (0.641,1.000) (0.000,0.121) (0.000,0.169) (0.000,0.019) (0.000,0.060) (0.000,0.104) 
110      377    (7)    1 :  0.253 0.017 0.012 0.026 0.223 0.321 0.048 0.090 0.010     (0.000,0.825) (0.000,0.102) (0.000,0.073) (0.000,0.181) (0.000,0.914) (0.000,0.923) (0.000,0.306) (0.000,0.637) (0.000,0.054) 
111      378    (0)    1 :  0.919 0.013 0.004 0.013 0.015 0.007 0.005 0.007 0.017     (0.699,1.000) (0.000,0.084) (0.000,0.023) (0.000,0.088) (0.000,0.103) (0.000,0.038) (0.000,0.028) (0.000,0.041) (0.000,0.117) 
112      388    (0)    1 :  0.037 0.361 0.019 0.011 0.083 0.016 0.405 0.051 0.015     (0.000,0.271) (0.000,0.978) (0.000,0.130) (0.000,0.070) (0.000,0.574) (0.000,0.109) (0.000,0.996) (0.000,0.385) (0.000,0.097) 
113      391    (0)    1 :  0.157 0.159 0.013 0.467 0.099 0.008 0.016 0.072 0.009     (0.000,0.505) (0.000,0.733) (0.000,0.078) (0.000,0.873) (0.000,0.572) (0.000,0.046) (0.000,0.104) (0.000,0.555) (0.000,0.049) 
114      401    (0)    1 :  0.011 0.007 0.062 0.075 0.112 0.187 0.006 0.477 0.062     (0.000,0.068) (0.000,0.037) (0.000,0.429) (0.000,0.488) (0.000,0.593) (0.000,0.668) (0.000,0.036) (0.000,0.999) (0.000,0.391) 
115      406    (0)    1 :  0.017 0.358 0.041 0.118 0.221 0.015 0.057 0.140 0.033     (0.000,0.112) (0.000,0.983) (0.000,0.294) (0.000,0.634) (0.000,0.950) (0.000,0.102) (0.000,0.378) (0.000,0.926) (0.000,0.218) 
116      412    (7)    1 :  0.028 0.239 0.016 0.023 0.575 0.026 0.024 0.054 0.014     (0.000,0.202) (0.000,0.989) (0.000,0.097) (0.000,0.164) (0.000,1.000) (0.000,0.194) (0.000,0.150) (0.000,0.415) (0.000,0.084) 
117      413    (0)    1 :  0.007 0.009 0.039 0.004 0.845 0.016 0.015 0.042 0.024     (0.000,0.042) (0.000,0.050) (0.000,0.255) (0.000,0.021) (0.453,1.000) (0.000,0.093) (0.000,0.093) (0.000,0.297) (0.000,0.167) 
118      421    (0)    1 :  0.010 0.029 0.014 0.019 0.089 0.739 0.015 0.057 0.027     (0.000,0.061) (0.000,0.203) (0.000,0.093) (0.000,0.135) (0.000,0.517) (0.230,1.000) (0.000,0.099) (0.000,0.405) (0.000,0.195) 
119      423    (0)    1 :  0.011 0.007 0.028 0.017 0.152 0.675 0.042 0.058 0.008     (0.000,0.071) (0.000,0.040) (0.000,0.199) (0.000,0.118) (0.000,0.823) (0.000,1.000) (0.000,0.308) (0.000,0.456) (0.000,0.048) 
120      424    (0)    1 :  0.021 0.283 0.027 0.232 0.341 0.011 0.019 0.052 0.015     (0.000,0.136) (0.000,0.986) (0.000,0.195) (0.000,0.859) (0.000,0.985) (0.000,0.068) (0.000,0.123) (0.000,0.385) (0.000,0.090) 
121      426    (0)    1 :  0.630 0.062 0.025 0.115 0.052 0.033 0.009 0.051 0.022     (0.001,0.997) (0.000,0.452) (0.000,0.178) (0.000,0.543) (0.000,0.365) (0.000,0.227) (0.000,0.053) (0.000,0.369) (0.000,0.152) 
122      430    (7)    1 :  0.012 0.325 0.006 0.021 0.574 0.011 0.017 0.014 0.019     (0.000,0.071) (0.000,0.954) (0.000,0.034) (0.000,0.141) (0.000,0.998) (0.000,0.060) (0.000,0.112) (0.000,0.077) (0.000,0.118) 
123      435    (0)    1 :  0.014 0.014 0.004 0.005 0.369 0.008 0.028 0.013 0.544     (0.000,0.092) (0.000,0.091) (0.000,0.023) (0.000,0.031) (0.000,0.972) (0.000,0.043) (0.000,0.187) (0.000,0.070) (0.000,0.995) 
124      476    (0)    1 :  0.013 0.007 0.024 0.741 0.018 0.128 0.005 0.040 0.024     (0.000,0.089) (0.000,0.038) (0.000,0.165) (0.291,0.999) (0.000,0.128) (0.000,0.581) (0.000,0.026) (0.000,0.279) (0.000,0.169) 
125      478    (0)    1 :  0.016 0.016 0.027 0.699 0.013 0.189 0.009 0.026 0.006     (0.000,0.105) (0.000,0.104) (0.000,0.186) (0.252,0.995) (0.000,0.083) (0.000,0.650) (0.000,0.055) (0.000,0.192) (0.000,0.031) 
126      484    (0)    1 :  0.009 0.384 0.006 0.019 0.043 0.007 0.474 0.015 0.043     (0.000,0.053) (0.000,0.865) (0.000,0.034) (0.000,0.130) (0.000,0.331) (0.000,0.040) (0.000,0.982) (0.000,0.079) (0.000,0.302) 
127      489    (0)    1 :  0.504 0.046 0.006 0.007 0.242 0.042 0.134 0.015 0.006     (0.000,0.992) (0.000,0.320) (0.000,0.029) (0.000,0.038) (0.000,0.970) (0.000,0.313) (0.000,0.548) (0.000,0.079) (0.000,0.033) 
128      493    (0)    1 :  0.012 0.010 0.897 0.007 0.016 0.008 0.007 0.033 0.008     (0.000,0.078) (0.000,0.066) (0.608,1.000) (0.000,0.044) (0.000,0.111) (0.000,0.051) (0.000,0.044) (0.000,0.210) (0.000,0.043) 
129      494    (0)    1 :  0.043 0.006 0.667 0.010 0.011 0.022 0.008 0.227 0.007     (0.000,0.294) (0.000,0.032) (0.000,1.000) (0.000,0.065) (0.000,0.069) (0.000,0.155) (0.000,0.050) (0.000,0.993) (0.000,0.041) 
130      500    (0)    1 :  0.009 0.006 0.007 0.060 0.006 0.881 0.005 0.021 0.004     (0.000,0.053) (0.000,0.034) (0.000,0.041) (0.000,0.423) (0.000,0.032) (0.432,1.000) (0.000,0.026) (0.000,0.104) (0.000,0.023) 
131      504    (0)    1 :  0.078 0.146 0.037 0.012 0.023 0.065 0.517 0.099 0.023     (0.000,0.389) (0.000,0.662) (0.000,0.264) (0.000,0.077) (0.000,0.154) (0.000,0.395) (0.000,0.978) (0.000,0.722) (0.000,0.157) 
132      506    (0)    1 :  0.005 0.010 0.005 0.014 0.010 0.020 0.924 0.008 0.004     (0.000,0.028) (0.000,0.057) (0.000,0.028) (0.000,0.095) (0.000,0.051) (0.000,0.141) (0.665,1.000) (0.000,0.039) (0.000,0.022) 


Estimated Allele Frequencies in each cluster
First column gives estimated ancestral frequencies


Locus 1 : Rsu5 
5 alleles
0.0% missing data
 137   (0.738) 0.906 0.897 0.625 0.969 0.822 0.967 0.322 0.738 0.825 
 135   (0.082) 0.043 0.068 0.130 0.016 0.071 0.008 0.012 0.081 0.034 
 139   (0.115) 0.047 0.016 0.204 0.011 0.086 0.019 0.014 0.119 0.049 
 133   (0.021) 0.001 0.002 0.030 0.001 0.003 0.002 0.002 0.019 0.003 
 131   (0.045) 0.003 0.016 0.012 0.003 0.019 0.004 0.650 0.042 0.089 

Locus 2 : Scv1 
5 alleles
0.0% missing data
 181   (0.540) 0.828 0.337 0.715 0.958 0.334 0.599 0.371 0.541 0.369 
 179   (0.184) 0.067 0.412 0.155 0.016 0.098 0.144 0.084 0.183 0.281 
 177   (0.110) 0.091 0.215 0.055 0.013 0.316 0.014 0.194 0.109 0.025 
 185   (0.138) 0.011 0.032 0.054 0.011 0.247 0.241 0.349 0.136 0.321 
 171   (0.029) 0.003 0.003 0.021 0.002 0.004 0.003 0.003 0.030 0.004 

Locus 3 : Rsu4 
9 alleles
0.0% missing data
 267   (0.211) 0.095 0.056 0.328 0.140 0.051 0.280 0.143 0.214 0.103 
 263   (0.312) 0.810 0.352 0.252 0.519 0.728 0.213 0.372 0.308 0.317 
 259   (0.046) 0.030 0.007 0.012 0.219 0.009 0.255 0.005 0.043 0.006 
 287   (0.181) 0.036 0.451 0.129 0.105 0.139 0.210 0.144 0.180 0.080 
 275   (0.039) 0.003 0.006 0.140 0.003 0.006 0.003 0.004 0.039 0.009 
 279   (0.077) 0.012 0.019 0.046 0.006 0.018 0.009 0.009 0.082 0.300 
 283   (0.071) 0.005 0.099 0.036 0.005 0.039 0.006 0.318 0.069 0.176 
 291   (0.038) 0.006 0.006 0.017 0.003 0.007 0.021 0.004 0.040 0.005 
 271   (0.026) 0.002 0.003 0.040 0.002 0.003 0.002 0.003 0.026 0.003 

Locus 4 : Rsu6 
5 alleles
0.0% missing data
 120   (0.238) 0.541 0.448 0.202 0.281 0.153 0.270 0.052 0.235 0.220 
 126   (0.624) 0.377 0.536 0.620 0.562 0.826 0.512 0.931 0.628 0.761 
 124   (0.093) 0.078 0.011 0.055 0.153 0.014 0.197 0.012 0.094 0.013 
 130   (0.024) 0.002 0.003 0.117 0.002 0.003 0.002 0.002 0.023 0.003 
 114   (0.021) 0.002 0.002 0.006 0.001 0.004 0.019 0.003 0.019 0.003 

Locus 5 : Scv23 
3 alleles
0.8% missing data
 158   (0.529) 0.465 0.459 0.456 0.371 0.655 0.742 0.830 0.529 0.553 
 164   (0.175) 0.074 0.301 0.288 0.443 0.073 0.053 0.096 0.174 0.028 
 160   (0.296) 0.461 0.240 0.256 0.186 0.272 0.205 0.074 0.297 0.419 

Locus 6 : Scv13 
5 alleles
0.0% missing data
 182   (0.717) 0.975 0.939 0.720 0.807 0.902 0.909 0.901 0.711 0.482 
 180   (0.098) 0.012 0.014 0.101 0.165 0.025 0.070 0.010 0.101 0.015 
 172   (0.075) 0.005 0.032 0.039 0.006 0.024 0.007 0.076 0.075 0.355 
 184   (0.067) 0.005 0.009 0.127 0.019 0.031 0.010 0.008 0.069 0.013 
 174   (0.042) 0.003 0.006 0.013 0.003 0.019 0.004 0.004 0.044 0.135 

Locus 7 : Scv32 
18 alleles
0.0% missing data
 236   (0.043) 0.003 0.006 0.141 0.003 0.006 0.004 0.004 0.046 0.006 
 238   (0.040) 0.003 0.284 0.020 0.003 0.022 0.004 0.057 0.038 0.006 
 234   (0.135) 0.065 0.313 0.052 0.348 0.426 0.020 0.054 0.133 0.651 
 246   (0.045) 0.006 0.005 0.012 0.314 0.018 0.183 0.006 0.043 0.009 
 248   (0.090) 0.418 0.075 0.123 0.007 0.033 0.155 0.019 0.090 0.012 
 262   (0.119) 0.188 0.070 0.042 0.020 0.132 0.243 0.028 0.123 0.024 
 232   (0.175) 0.014 0.048 0.420 0.142 0.201 0.149 0.557 0.175 0.030 
 250   (0.029) 0.269 0.021 0.008 0.004 0.008 0.003 0.003 0.028 0.004 
 228   (0.029) 0.002 0.003 0.011 0.002 0.004 0.003 0.003 0.031 0.004 
 220   (0.046) 0.005 0.006 0.013 0.076 0.008 0.200 0.005 0.046 0.006 
 264   (0.053) 0.007 0.094 0.060 0.045 0.025 0.007 0.006 0.052 0.025 
 252   (0.040) 0.004 0.011 0.011 0.003 0.007 0.012 0.102 0.038 0.104 
 254   (0.050) 0.005 0.045 0.021 0.003 0.011 0.005 0.082 0.048 0.104 
 242   (0.023) 0.002 0.003 0.038 0.002 0.003 0.002 0.002 0.023 0.003 
 266   (0.028) 0.002 0.010 0.008 0.002 0.051 0.003 0.025 0.028 0.004 
 244   (0.023) 0.005 0.003 0.007 0.002 0.039 0.006 0.044 0.022 0.003 
 226   (0.016) 0.001 0.002 0.005 0.023 0.002 0.002 0.002 0.016 0.002 
 240   (0.018) 0.001 0.002 0.010 0.001 0.002 0.002 0.002 0.019 0.005 

Locus 8 : Scv8 
6 alleles
0.0% missing data
 200   (0.641) 0.834 0.851 0.630 0.844 0.552 0.671 0.608 0.647 0.419 
 202   (0.086) 0.006 0.083 0.200 0.006 0.107 0.008 0.056 0.084 0.029 
 194   (0.086) 0.014 0.024 0.032 0.137 0.270 0.119 0.009 0.082 0.038 
 204   (0.051) 0.132 0.007 0.017 0.004 0.014 0.033 0.005 0.052 0.008 
 198   (0.071) 0.008 0.009 0.088 0.005 0.023 0.164 0.008 0.072 0.013 
 188   (0.065) 0.005 0.025 0.033 0.004 0.034 0.006 0.314 0.063 0.493 

Locus 9 : Scv9 
5 alleles
0.0% missing data
 198   (0.298) 0.494 0.730 0.165 0.424 0.304 0.101 0.291 0.295 0.562 
 200   (0.345) 0.396 0.097 0.572 0.376 0.154 0.535 0.362 0.346 0.103 
 196   (0.293) 0.105 0.165 0.246 0.037 0.525 0.358 0.336 0.297 0.203 
 204   (0.044) 0.003 0.006 0.012 0.162 0.012 0.004 0.006 0.043 0.106 
 202   (0.020) 0.001 0.002 0.005 0.001 0.005 0.002 0.004 0.019 0.026 

Locus 10 : Rsu1 
6 alleles
0.0% missing data
 189   (0.316) 0.046 0.220 0.559 0.481 0.305 0.055 0.076 0.323 0.264 
 185   (0.263) 0.049 0.566 0.181 0.154 0.428 0.248 0.812 0.259 0.090 
 177   (0.083) 0.012 0.011 0.028 0.011 0.019 0.141 0.071 0.084 0.037 
 181   (0.247) 0.850 0.188 0.208 0.047 0.229 0.196 0.033 0.246 0.596 
 193   (0.054) 0.040 0.011 0.015 0.077 0.012 0.272 0.005 0.052 0.007 
 197   (0.038) 0.003 0.004 0.010 0.230 0.007 0.088 0.004 0.036 0.005 

Locus 11 : Scv14 
7 alleles
4.5% missing data
 196   (0.526) 0.922 0.374 0.494 0.924 0.736 0.798 0.617 0.520 0.659 
 198   (0.076) 0.007 0.332 0.095 0.006 0.015 0.007 0.023 0.076 0.048 
 194   (0.140) 0.042 0.025 0.229 0.022 0.144 0.072 0.048 0.140 0.187 
 202   (0.195) 0.021 0.260 0.152 0.044 0.094 0.116 0.306 0.201 0.091 
 204   (0.021) 0.002 0.003 0.016 0.002 0.003 0.002 0.002 0.021 0.003 
 190   (0.021) 0.005 0.003 0.006 0.002 0.004 0.003 0.002 0.021 0.003 
 200   (0.021) 0.002 0.005 0.008 0.002 0.004 0.002 0.002 0.022 0.009 

Locus 12 : Scv16 
7 alleles
0.0% missing data
 182   (0.427) 0.804 0.533 0.210 0.216 0.670 0.559 0.245 0.432 0.555 
 184   (0.410) 0.184 0.403 0.564 0.765 0.295 0.273 0.712 0.411 0.163 
 188   (0.053) 0.004 0.006 0.175 0.012 0.007 0.159 0.006 0.051 0.007 
 200   (0.020) 0.001 0.002 0.026 0.001 0.003 0.002 0.002 0.020 0.003 
 198   (0.036) 0.003 0.037 0.009 0.003 0.015 0.003 0.015 0.034 0.173 
 190   (0.034) 0.002 0.016 0.009 0.003 0.007 0.003 0.018 0.033 0.097 
 186   (0.020) 0.001 0.002 0.007 0.001 0.003 0.002 0.002 0.021 0.003 

Locus 13 : Scv31 
15 alleles
3.0% missing data
 193   (0.111) 0.643 0.354 0.065 0.015 0.044 0.024 0.073 0.113 0.040 
 201   (0.115) 0.079 0.017 0.243 0.022 0.023 0.049 0.080 0.118 0.017 
 187   (0.081) 0.042 0.015 0.023 0.297 0.017 0.299 0.156 0.079 0.012 
 207   (0.031) 0.002 0.003 0.008 0.367 0.005 0.038 0.003 0.030 0.004 
 195   (0.065) 0.018 0.010 0.018 0.007 0.124 0.122 0.232 0.063 0.019 
 185   (0.176) 0.018 0.496 0.117 0.224 0.169 0.028 0.130 0.176 0.338 
 189   (0.054) 0.155 0.006 0.265 0.004 0.008 0.005 0.006 0.053 0.007 
 205   (0.019) 0.001 0.002 0.006 0.001 0.003 0.002 0.002 0.020 0.003 
 191   (0.159) 0.025 0.060 0.048 0.048 0.573 0.353 0.019 0.161 0.448 
 197   (0.027) 0.004 0.004 0.007 0.004 0.006 0.004 0.238 0.026 0.004 
 199   (0.059) 0.005 0.008 0.064 0.004 0.012 0.006 0.050 0.058 0.094 
 203   (0.026) 0.002 0.003 0.083 0.002 0.004 0.002 0.003 0.025 0.003 
 209   (0.028) 0.003 0.017 0.020 0.002 0.004 0.003 0.003 0.029 0.006 
 213   (0.026) 0.002 0.004 0.027 0.002 0.005 0.002 0.003 0.027 0.003 
 181   (0.022) 0.002 0.002 0.006 0.002 0.004 0.063 0.002 0.021 0.003 

Locus 14 : Scv6 
8 alleles
0.0% missing data
 191   (0.093) 0.260 0.016 0.224 0.006 0.013 0.192 0.016 0.093 0.013 
 195   (0.397) 0.403 0.532 0.281 0.665 0.391 0.488 0.643 0.397 0.204 
 197   (0.205) 0.307 0.244 0.100 0.280 0.050 0.285 0.224 0.203 0.426 
 201   (0.087) 0.010 0.089 0.131 0.006 0.043 0.008 0.010 0.090 0.142 
 205   (0.021) 0.001 0.002 0.061 0.001 0.003 0.002 0.002 0.020 0.002 
 193   (0.102) 0.008 0.090 0.122 0.007 0.124 0.010 0.080 0.101 0.187 
 199   (0.074) 0.009 0.024 0.031 0.033 0.374 0.013 0.024 0.076 0.023 
 181   (0.022) 0.001 0.002 0.051 0.001 0.003 0.002 0.002 0.021 0.003 

Values of parameters used in structure:
DATAFILE=M:\STRUCTURE\Squirrel_132_ID_14L_20250816\project_data,	OUTFILE=M:\STRUCTURE\Squirrel_132_ID_14L_20250816\10k_Burnin_100k_MCMC\Results\10k_Burnin_100k_MCMC_run_225,	NUMINDS=132,	NUMLOCI=14,	MISSING=-9,	LABEL=1,	POPDATA=1,	POPFLAG=0,	PHENOTYPE=0,	EXTRACOLS=1,	MAXPOPS=9,	BURNIN=10000,	NUMREPS=100000,	USEPOPINFO=0,	INFERALPHA=1,	INFERLAMBDA=1,	POPSPECIFICLAMBDA=0,	POPALPHAS=0,	COMPUTEPROB=1,	NOADMIX=0,	ADMBURNIN=2500,	UPDATEFREQ=1,	PRINTLIKES=0,	INTERMEDSAVE=0,	PRINTKLD=0,	PRINTNET=0,	PRINTLAMBDA=0,	ANCESTDIST=1,	NUMBOXES=1000,	ANCESTPINT=0.90000,	GENSBACK=2,	MIGRPRIOR=0.05000,	PRINTQHAT=1,	PRINTQSUM=0,	ALPHA=1.0000,	FREQSCORR=1,	FPRIORMEAN=0.0100,	FPRIORSD=0.0500,	ONEFST=0,	LAMBDA=1.0000,	UNIFPRIORALPHA=1,	ALPHAMAX=10.0000,	ALPHAPRIORA=1.0000,	ALPHAPRIORB=2.0000,	ALPHAPROPSD=0.0250,	STARTATPOPINFO=0,	RANDOMIZE=1,	LINKAGE=0,	METROFREQ=10,	REPORTHITRATE=0,	MARKOVPHASE=-1,	PHASED=0,	PLOIDY=2,	PHASEINFO=0	LOCPRIOR=0, 	LOCPRIORINIT=1.000000, 	LOCDATA=0, 	LOCISPOP=0, 	LOCPRIORSTEP=0.100000, 	MAXLOCPRIOR=20.000000, 	SEED=1763832018,	
[STRAT parameters]:    NUMSIMSTATS=1000,	PHENOTYPECOL=-9,	POOLFREQ=10,	LOCUSxONLY=0,	EMERROR=0.00100,	MISSINGPHENO=-9,	