          1*  1 0.0051 0.0106 0.0120 0.0811 0.0145 0.0348 0.2125 0.0103 0.6191 
           3  1 0.0041 0.0061 0.0072 0.0058 0.9489 0.0058 0.0074 0.0093 0.0055 
           6  1 0.0109 0.0187 0.0156 0.0089 0.9016 0.0070 0.0212 0.0107 0.0054 
           8  1 0.0039 0.9133 0.0078 0.0139 0.0091 0.0198 0.0048 0.0118 0.0156 
          10  1 0.0048 0.0441 0.0049 0.0085 0.0105 0.9105 0.0051 0.0038 0.0078 
          11  1 0.0263 0.0414 0.1001 0.6234 0.0195 0.0149 0.0291 0.0090 0.1363 
          12  1 0.0051 0.0054 0.0056 0.0052 0.0065 0.9570 0.0069 0.0038 0.0046 
          16  1 0.0048 0.0165 0.0069 0.0070 0.9414 0.0074 0.0055 0.0046 0.0058 
          18  1 0.0040 0.0090 0.0083 0.0094 0.0078 0.0064 0.0040 0.0071 0.9440 
          19  1 0.0330 0.0280 0.0671 0.7259 0.0133 0.0110 0.0075 0.0232 0.0910 
          21  1 0.0063 0.0259 0.0104 0.0088 0.9228 0.0076 0.0070 0.0054 0.0058 
          23  1 0.0340 0.0166 0.1241 0.0455 0.0203 0.4249 0.3132 0.0095 0.0119 
          24  1 0.0290 0.0669 0.0476 0.3605 0.0141 0.3952 0.0162 0.0075 0.0631 
          25  1 0.0064 0.1160 0.0339 0.0752 0.0535 0.4313 0.2627 0.0055 0.0155 
         26*  1 0.0050 0.3921 0.0109 0.0525 0.2499 0.2480 0.0158 0.0076 0.0181 
          28  1 0.0061 0.7934 0.0078 0.0104 0.0385 0.1160 0.0154 0.0061 0.0063 
          29  1 0.0059 0.0280 0.0075 0.0138 0.0063 0.9108 0.0059 0.0062 0.0157 
          30  1 0.0070 0.1433 0.0211 0.0863 0.1779 0.1919 0.0304 0.3240 0.0182 
          33  1 0.0676 0.0048 0.0115 0.1514 0.0060 0.0059 0.0216 0.0168 0.7144 
          37  1 0.0097 0.0094 0.0106 0.0240 0.0104 0.0475 0.0128 0.0061 0.8694 
          38  1 0.0046 0.0093 0.0086 0.0457 0.0098 0.0162 0.0044 0.0054 0.8962 
          43  1 0.0068 0.1518 0.0072 0.0152 0.0359 0.7486 0.0188 0.0077 0.0078 
          44  1 0.0050 0.6801 0.0156 0.0108 0.2489 0.0061 0.0046 0.0207 0.0083 
          48  1 0.0036 0.0059 0.0075 0.0077 0.0095 0.0072 0.0048 0.0066 0.9472 
          55  1 0.0069 0.7816 0.0136 0.0239 0.0881 0.0085 0.0515 0.0151 0.0108 
          59  1 0.0044 0.0079 0.0062 0.0069 0.9450 0.0051 0.0072 0.0095 0.0078 
          60  1 0.0108 0.0047 0.0117 0.0119 0.0086 0.0232 0.9120 0.0054 0.0117 
          61  1 0.4990 0.0138 0.1370 0.0188 0.0153 0.0074 0.2461 0.0547 0.0079 
          62  1 0.1632 0.0149 0.6364 0.0419 0.0163 0.0490 0.0464 0.0114 0.0205 
          65  1 0.0147 0.0096 0.0141 0.1466 0.0057 0.0061 0.0166 0.0219 0.7646 
          73  1 0.0059 0.0122 0.0253 0.0138 0.0078 0.1651 0.0452 0.7172 0.0073 
          75  1 0.9072 0.0052 0.0080 0.0123 0.0077 0.0037 0.0043 0.0411 0.0104 
          76  1 0.9300 0.0050 0.0231 0.0067 0.0058 0.0107 0.0096 0.0053 0.0037 
          77  1 0.8353 0.0047 0.0113 0.0099 0.0057 0.0104 0.1118 0.0052 0.0056 
          78  1 0.3056 0.0130 0.0343 0.0268 0.0063 0.0155 0.0237 0.5645 0.0104 
          79  1 0.7914 0.0087 0.0552 0.0407 0.0045 0.0048 0.0070 0.0766 0.0111 
          84  1 0.0113 0.0299 0.0683 0.0213 0.8039 0.0171 0.0291 0.0115 0.0077 
          85  1 0.0068 0.9157 0.0154 0.0170 0.0091 0.0062 0.0080 0.0133 0.0086 
          86  1 0.0094 0.8239 0.0281 0.0884 0.0053 0.0099 0.0094 0.0158 0.0099 
          89  1 0.0213 0.0145 0.1017 0.0455 0.5767 0.1804 0.0363 0.0073 0.0164 
          94  1 0.0045 0.0088 0.0079 0.0071 0.0067 0.9369 0.0058 0.0056 0.0167 
          95  1 0.0059 0.0169 0.0077 0.0121 0.9020 0.0067 0.0182 0.0145 0.0160 
          96  1 0.0064 0.9433 0.0092 0.0075 0.0064 0.0107 0.0052 0.0060 0.0054 
          98  1 0.0434 0.0077 0.1261 0.0225 0.0060 0.0104 0.7023 0.0756 0.0060 
         102  1 0.0101 0.0064 0.0495 0.4868 0.0291 0.0183 0.0127 0.0066 0.3804 
         105  1 0.0045 0.0050 0.0054 0.0057 0.0055 0.0048 0.0046 0.9566 0.0079 
         106  1 0.2538 0.0191 0.1969 0.2619 0.0840 0.0042 0.0167 0.1494 0.0140 
         108  1 0.0265 0.0095 0.0138 0.0443 0.0079 0.0080 0.0382 0.7962 0.0556 
         109  1 0.0474 0.0201 0.0739 0.0853 0.0097 0.0066 0.0818 0.6639 0.0112 
         112  1 0.1654 0.2337 0.1701 0.2151 0.0139 0.0570 0.1146 0.0091 0.0212 
         115  1 0.0141 0.0098 0.0614 0.5928 0.0128 0.0431 0.0547 0.0150 0.1963 
         116  1 0.0051 0.8768 0.0363 0.0252 0.0105 0.0072 0.0049 0.0215 0.0124 
         117  1 0.0130 0.0596 0.0184 0.0274 0.7250 0.0831 0.0372 0.0204 0.0158 
         129  1 0.0036 0.8799 0.0052 0.0097 0.0720 0.0085 0.0075 0.0062 0.0074 
         132  1 0.0109 0.0072 0.0146 0.0280 0.0161 0.1156 0.7672 0.0075 0.0328 
         133  1 0.0610 0.0047 0.1172 0.0144 0.0058 0.0059 0.7164 0.0695 0.0051 
         137  1 0.3823 0.0106 0.0443 0.0268 0.0100 0.0176 0.4870 0.0121 0.0093 
         139  1 0.9247 0.0080 0.0104 0.0157 0.0087 0.0060 0.0057 0.0101 0.0108 
         140  1 0.0540 0.0154 0.0722 0.0477 0.0418 0.0056 0.0575 0.6897 0.0161 
         142  1 0.6917 0.0092 0.1846 0.0183 0.0397 0.0139 0.0254 0.0089 0.0083 
         144  1 0.0059 0.0041 0.0057 0.0054 0.0071 0.0043 0.0079 0.9548 0.0049 
         145  1 0.1011 0.0061 0.8363 0.0075 0.0072 0.0046 0.0230 0.0076 0.0066 
         147  1 0.0303 0.0083 0.0129 0.0099 0.0042 0.0043 0.0072 0.9170 0.0059 
         160  1 0.0045 0.0062 0.0044 0.0054 0.0076 0.9556 0.0055 0.0044 0.0064 
        162*  1 0.0058 0.9433 0.0098 0.0068 0.0056 0.0122 0.0052 0.0061 0.0053 
         166  1 0.0094 0.0060 0.0090 0.0063 0.0106 0.0045 0.9313 0.0182 0.0047 
         177  1 0.9660 0.0037 0.0057 0.0045 0.0041 0.0038 0.0049 0.0038 0.0036 
         178  1 0.8541 0.0141 0.0267 0.0180 0.0081 0.0279 0.0299 0.0121 0.0091 
         186  1 0.0041 0.0055 0.0048 0.0048 0.9627 0.0051 0.0053 0.0037 0.0042 
         189  1 0.0075 0.9383 0.0129 0.0068 0.0064 0.0132 0.0042 0.0039 0.0067 
         190  1 0.0124 0.7527 0.0275 0.0362 0.0525 0.0664 0.0250 0.0092 0.0182 
         191  1 0.0148 0.4458 0.1051 0.0279 0.3410 0.0169 0.0093 0.0309 0.0082 
         193  1 0.0747 0.0102 0.8112 0.0128 0.0207 0.0143 0.0338 0.0132 0.0091 
         202  1 0.0078 0.1137 0.0796 0.4964 0.0122 0.2165 0.0438 0.0074 0.0227 
         204  1 0.0040 0.6134 0.0056 0.0072 0.3445 0.0087 0.0054 0.0062 0.0050 
         211  1 0.0793 0.0089 0.0304 0.0672 0.0151 0.0885 0.6507 0.0408 0.0190 
         216  1 0.0335 0.0070 0.0110 0.0178 0.0045 0.0154 0.4465 0.4592 0.0050 
         222  1 0.0112 0.0151 0.2172 0.0579 0.0058 0.0048 0.0131 0.6371 0.0378 
         224  1 0.0054 0.9142 0.0255 0.0101 0.0075 0.0129 0.0050 0.0099 0.0094 
         226  1 0.0050 0.0070 0.0072 0.0183 0.9339 0.0048 0.0116 0.0048 0.0074 
         229  1 0.0214 0.3909 0.1028 0.3472 0.0214 0.0453 0.0298 0.0184 0.0229 
         230  1 0.0498 0.6756 0.0295 0.1245 0.0361 0.0428 0.0099 0.0167 0.0152 
         232  1 0.0515 0.0659 0.2855 0.1099 0.1122 0.2688 0.0746 0.0155 0.0161 
         238  1 0.0477 0.0171 0.0810 0.6956 0.0052 0.0068 0.0193 0.0205 0.1068 
         242  1 0.0042 0.0074 0.0066 0.0550 0.0066 0.0042 0.0124 0.0085 0.8951 
         243  1 0.0229 0.0092 0.0593 0.3260 0.0238 0.0072 0.0986 0.0163 0.4369 
         244  1 0.1342 0.0126 0.0503 0.5913 0.0063 0.0086 0.0139 0.0057 0.1772 
         251  1 0.0152 0.0218 0.0750 0.6642 0.0102 0.0855 0.0149 0.0101 0.1031 
         266  1 0.3130 0.0091 0.0715 0.3997 0.0094 0.0055 0.1146 0.0101 0.0671 
         267  1 0.0118 0.0183 0.0202 0.0325 0.0503 0.0065 0.1526 0.6881 0.0197 
         268  1 0.4247 0.0051 0.0309 0.0266 0.0062 0.0347 0.4115 0.0536 0.0066 
         270  1 0.0054 0.8968 0.0111 0.0105 0.0227 0.0223 0.0077 0.0133 0.0102 
         276  1 0.0353 0.4421 0.0941 0.0454 0.2811 0.0210 0.0288 0.0354 0.0168 
         298  1 0.2114 0.0081 0.0252 0.0312 0.0219 0.0124 0.0943 0.5830 0.0125 
         306  1 0.0184 0.0079 0.3086 0.0239 0.0090 0.0056 0.6038 0.0107 0.0119 
         308  1 0.5866 0.0132 0.0694 0.0977 0.0085 0.0916 0.0344 0.0650 0.0337 
         311  1 0.0091 0.0195 0.5370 0.2249 0.0083 0.0138 0.0683 0.0809 0.0383 
         323  1 0.0045 0.0074 0.0057 0.0065 0.9494 0.0047 0.0052 0.0077 0.0090 
         327  1 0.0074 0.6111 0.0236 0.0619 0.0245 0.2094 0.0342 0.0098 0.0181 
         334  1 0.0083 0.0122 0.0596 0.6402 0.0046 0.0085 0.0181 0.0163 0.2321 
         338  1 0.0179 0.0353 0.4441 0.1825 0.0223 0.0322 0.1157 0.1342 0.0157 
         341  1 0.0067 0.0084 0.0078 0.0101 0.9112 0.0070 0.0287 0.0067 0.0135 
         346  1 0.3915 0.0093 0.0115 0.0145 0.0124 0.0352 0.5134 0.0055 0.0068 
         348  1 0.1903 0.0086 0.1940 0.0555 0.0080 0.0064 0.0125 0.5061 0.0186 
         351  1 0.0109 0.0093 0.0427 0.2610 0.0134 0.0483 0.4510 0.0094 0.1539 
         362  1 0.0053 0.7488 0.0088 0.0106 0.1390 0.0660 0.0072 0.0076 0.0067 
         364  1 0.0119 0.0060 0.0242 0.0671 0.0112 0.0129 0.0443 0.0083 0.8141 
         366  1 0.0095 0.0190 0.0135 0.0914 0.0122 0.0074 0.0293 0.0202 0.7977 
         376  1 0.0164 0.0260 0.0170 0.0092 0.8960 0.0156 0.0098 0.0038 0.0062 
         377  1 0.0120 0.3073 0.2213 0.0859 0.0293 0.2708 0.0178 0.0402 0.0154 
         378  1 0.0177 0.0068 0.0146 0.0070 0.0149 0.9136 0.0154 0.0055 0.0045 
         388  1 0.0141 0.0163 0.0573 0.0516 0.0103 0.0365 0.3544 0.4394 0.0203 
         391  1 0.0098 0.0082 0.0762 0.0669 0.4466 0.1400 0.2230 0.0159 0.0134 
         401  1 0.0650 0.1731 0.1435 0.4556 0.0783 0.0108 0.0076 0.0065 0.0596 
         406  1 0.0297 0.0151 0.1871 0.1168 0.1138 0.0171 0.4028 0.0724 0.0451 
         412  1 0.0182 0.0244 0.5050 0.0508 0.0250 0.0268 0.2993 0.0346 0.0160 
         413  1 0.0912 0.0161 0.7729 0.0438 0.0039 0.0076 0.0146 0.0157 0.0342 
         421  1 0.0273 0.7137 0.1106 0.0574 0.0208 0.0105 0.0296 0.0148 0.0154 
         423  1 0.0086 0.6523 0.1844 0.0546 0.0165 0.0113 0.0076 0.0384 0.0264 
         424  1 0.0170 0.0117 0.2510 0.0425 0.2114 0.0225 0.3996 0.0194 0.0249 
         426  1 0.0241 0.0316 0.0534 0.0531 0.1175 0.5908 0.0940 0.0103 0.0253 
         430  1 0.0365 0.0107 0.4731 0.0156 0.0213 0.0115 0.4035 0.0218 0.0060 
         435  1 0.5983 0.0077 0.3173 0.0102 0.0056 0.0130 0.0191 0.0246 0.0042 
         476  1 0.0235 0.1235 0.0198 0.0397 0.7438 0.0129 0.0074 0.0045 0.0248 
         478  1 0.0065 0.1877 0.0138 0.0228 0.7031 0.0153 0.0153 0.0085 0.0270 
         484  1 0.0486 0.0073 0.0312 0.0139 0.0180 0.0086 0.3665 0.4999 0.0061 
         489  1 0.0067 0.0359 0.2491 0.0178 0.0068 0.5032 0.0333 0.1415 0.0057 
         493  1 0.0077 0.0078 0.0189 0.0346 0.0080 0.0120 0.0107 0.0077 0.8928 
         494  1 0.0073 0.0205 0.0318 0.2236 0.0116 0.0431 0.0057 0.0085 0.6480 
         500  1 0.0047 0.8691 0.0075 0.0228 0.0685 0.0090 0.0060 0.0043 0.0081 
         504  1 0.0231 0.0654 0.0306 0.1063 0.0118 0.0710 0.1317 0.5298 0.0304 
         506  1 0.0042 0.0185 0.0078 0.0067 0.0142 0.0047 0.0088 0.9299 0.0053 
