

----------------------------------------------------
STRUCTURE by Pritchard, Stephens and Donnelly (2000)
     and Falush, Stephens and Pritchard (2003)
       Code by Pritchard, Falush and Hubisz
             Version 2.3.4 (Jul 2012)
----------------------------------------------------



Command line arguments:   bin\structure -m M:\STRUCTURE\Squirrel_132_ID_14L_20250816\10k_Burnin_100k_MCMC\mainparams -e M:\STRUCTURE\Squirrel_132_ID_14L_20250816\10k_Burnin_100k_MCMC\extraparams 
Input File:    M:\STRUCTURE\Squirrel_132_ID_14L_20250816\project_data

Run parameters:
   132 individuals
   14 loci
   9 populations assumed
   10000 Burn-in period
   100000 Reps


--------------------------------------------
Proportion of membership of each pre-defined
 population in each of the 9 clusters

Given    Inferred Clusters                                                 Number of
 Pop       1      2      3      4      5      6      7      8      9      Individuals

  1:     0.168  0.099  0.103  0.104  0.098  0.098  0.089  0.137  0.104      132
--------------------------------------------

Allele-freq. divergence among pops (Net nucleotide distance),
computed using point estimates of P.

      1       2       3       4       5       6       7       8       9      
 1      -    0.0957  0.1019  0.0698  0.1082  0.0345  0.0702  0.0788  0.1102  
 2   0.0957     -    0.1166  0.1259  0.1326  0.0857  0.1194  0.1241  0.2048  
 3   0.1019  0.1166     -    0.1001  0.0987  0.0493  0.0867  0.1036  0.1197  
 4   0.0698  0.1259  0.1001     -    0.1134  0.0230  0.0928  0.0755  0.1012  
 5   0.1082  0.1326  0.0987  0.1134     -    0.0589  0.0753  0.1371  0.1476  
 6   0.0345  0.0857  0.0493  0.0230  0.0589     -    0.0448  0.0598  0.0748  
 7   0.0702  0.1194  0.0867  0.0928  0.0753  0.0448     -    0.1091  0.1033  
 8   0.0788  0.1241  0.1036  0.0755  0.1371  0.0598  0.1091     -    0.1396  
 9   0.1102  0.2048  0.1197  0.1012  0.1476  0.0748  0.1033  0.1396     -    

Average distances (expected heterozygosity) between individuals in same cluster:
cluster  1  : 0.5442 
cluster  2  : 0.3933 
cluster  3  : 0.5240 
cluster  4  : 0.6357 
cluster  5  : 0.5819 
cluster  6  : 0.6724 
cluster  7  : 0.5120 
cluster  8  : 0.4562 
cluster  9  : 0.5003 

--------------------------------------------
Estimated Ln Prob of Data   = -4187.6
Mean value of ln likelihood = -3906.9
Variance of ln likelihood   = 561.4
Mean value of alpha         = 0.0454

Mean value of lambda        = 0.9426

Mean value of Fst_1         = 0.2067
Mean value of Fst_2         = 0.3827
Mean value of Fst_3         = 0.2697
Mean value of Fst_4         = 0.1105
Mean value of Fst_5         = 0.2333
Mean value of Fst_6         = 0.0018
Mean value of Fst_7         = 0.2574
Mean value of Fst_8         = 0.3051
Mean value of Fst_9         = 0.2820


Inferred ancestry of individuals:
        Label (%Miss) Pop:  Inferred clusters (and 90% probability intervals)
  1       1*    (0)    1 :  0.010 0.036 0.206 0.646 0.006 0.063 0.008 0.015 0.010     (0.000,0.057) (0.000,0.256) (0.000,0.591) (0.020,0.997) (0.000,0.031) (0.000,0.533) (0.000,0.042) (0.000,0.097) (0.000,0.059) 
  2        3    (0)    1 :  0.007 0.006 0.007 0.005 0.005 0.006 0.008 0.948 0.009     (0.000,0.038) (0.000,0.031) (0.000,0.039) (0.000,0.028) (0.000,0.025) (0.000,0.032) (0.000,0.048) (0.783,1.000) (0.000,0.056) 
  3        6    (0)    1 :  0.023 0.007 0.021 0.006 0.010 0.010 0.020 0.893 0.010     (0.000,0.160) (0.000,0.042) (0.000,0.148) (0.000,0.032) (0.000,0.062) (0.000,0.053) (0.000,0.135) (0.592,1.000) (0.000,0.063) 
  4        8    (0)    1 :  0.916 0.019 0.005 0.014 0.004 0.014 0.006 0.009 0.013     (0.654,1.000) (0.000,0.128) (0.000,0.027) (0.000,0.095) (0.000,0.020) (0.000,0.079) (0.000,0.034) (0.000,0.047) (0.000,0.082) 
  5       10    (0)    1 :  0.041 0.915 0.005 0.007 0.005 0.009 0.004 0.010 0.004     (0.000,0.276) (0.653,1.000) (0.000,0.029) (0.000,0.043) (0.000,0.025) (0.000,0.052) (0.000,0.023) (0.000,0.061) (0.000,0.020) 
  6       11    (0)    1 :  0.039 0.014 0.028 0.123 0.026 0.696 0.045 0.021 0.008     (0.000,0.286) (0.000,0.091) (0.000,0.194) (0.000,0.855) (0.000,0.172) (0.000,1.000) (0.000,0.319) (0.000,0.142) (0.000,0.049) 
  7       12    (0)    1 :  0.006 0.958 0.006 0.004 0.005 0.005 0.006 0.006 0.004     (0.000,0.031) (0.821,1.000) (0.000,0.034) (0.000,0.023) (0.000,0.026) (0.000,0.026) (0.000,0.033) (0.000,0.034) (0.000,0.020) 
  8       16    (7)    1 :  0.017 0.008 0.005 0.006 0.005 0.007 0.007 0.940 0.005     (0.000,0.109) (0.000,0.047) (0.000,0.029) (0.000,0.032) (0.000,0.027) (0.000,0.039) (0.000,0.042) (0.746,1.000) (0.000,0.026) 
  9       18    (0)    1 :  0.009 0.007 0.004 0.945 0.004 0.008 0.008 0.008 0.007     (0.000,0.053) (0.000,0.039) (0.000,0.021) (0.770,1.000) (0.000,0.020) (0.000,0.045) (0.000,0.049) (0.000,0.046) (0.000,0.039) 
 10       19    (0)    1 :  0.024 0.010 0.006 0.065 0.034 0.809 0.013 0.014 0.026     (0.000,0.167) (0.000,0.058) (0.000,0.033) (0.000,0.535) (0.000,0.244) (0.032,1.000) (0.000,0.078) (0.000,0.092) (0.000,0.177) 
 11       21    (7)    1 :  0.026 0.007 0.007 0.006 0.007 0.008 0.011 0.924 0.005     (0.000,0.181) (0.000,0.040) (0.000,0.038) (0.000,0.031) (0.000,0.039) (0.000,0.044) (0.000,0.066) (0.693,1.000) (0.000,0.028) 
 12       23    (7)    1 :  0.016 0.501 0.200 0.013 0.031 0.041 0.167 0.021 0.009     (0.000,0.109) (0.000,0.957) (0.000,0.912) (0.000,0.081) (0.000,0.223) (0.000,0.299) (0.000,0.639) (0.000,0.146) (0.000,0.053) 
 13       24    (7)    1 :  0.080 0.375 0.016 0.072 0.032 0.391 0.014 0.013 0.008     (0.000,0.508) (0.000,0.940) (0.000,0.104) (0.000,0.460) (0.000,0.222) (0.000,0.996) (0.000,0.087) (0.000,0.092) (0.000,0.043) 
 14       25    (7)    1 :  0.118 0.488 0.198 0.015 0.006 0.075 0.036 0.058 0.006     (0.000,0.447) (0.000,0.916) (0.000,0.729) (0.000,0.102) (0.000,0.036) (0.000,0.514) (0.000,0.248) (0.000,0.337) (0.000,0.032) 
 15      26*    (0)    1 :  0.434 0.246 0.015 0.019 0.005 0.046 0.007 0.221 0.007     (0.000,0.983) (0.000,0.669) (0.000,0.103) (0.000,0.131) (0.000,0.027) (0.000,0.322) (0.000,0.039) (0.000,0.748) (0.000,0.038) 
 16       28    (0)    1 :  0.810 0.108 0.016 0.006 0.006 0.010 0.007 0.032 0.005     (0.005,1.000) (0.000,0.701) (0.000,0.110) (0.000,0.036) (0.000,0.034) (0.000,0.056) (0.000,0.042) (0.000,0.232) (0.000,0.031) 
 17       29    (0)    1 :  0.029 0.913 0.005 0.016 0.005 0.013 0.006 0.006 0.006     (0.000,0.204) (0.648,1.000) (0.000,0.029) (0.000,0.114) (0.000,0.028) (0.000,0.081) (0.000,0.034) (0.000,0.036) (0.000,0.036) 
 18       30    (0)    1 :  0.155 0.194 0.032 0.022 0.007 0.100 0.013 0.176 0.301     (0.000,0.731) (0.000,0.711) (0.000,0.229) (0.000,0.134) (0.000,0.036) (0.000,0.818) (0.000,0.072) (0.000,0.801) (0.000,0.690) 
 19       33    (0)    1 :  0.005 0.006 0.018 0.728 0.070 0.143 0.006 0.006 0.017     (0.000,0.028) (0.000,0.037) (0.000,0.129) (0.000,1.000) (0.000,0.361) (0.000,0.974) (0.000,0.033) (0.000,0.035) (0.000,0.117) 
 20       37    (0)    1 :  0.010 0.044 0.012 0.884 0.009 0.015 0.010 0.010 0.007     (0.000,0.057) (0.000,0.301) (0.000,0.078) (0.568,1.000) (0.000,0.055) (0.000,0.079) (0.000,0.061) (0.000,0.061) (0.000,0.037) 
 21       38    (0)    1 :  0.010 0.015 0.004 0.911 0.004 0.034 0.007 0.010 0.006     (0.000,0.056) (0.000,0.108) (0.000,0.023) (0.634,1.000) (0.000,0.025) (0.000,0.198) (0.000,0.036) (0.000,0.060) (0.000,0.033) 
 22       43    (0)    1 :  0.159 0.743 0.018 0.008 0.007 0.015 0.007 0.035 0.008     (0.000,0.525) (0.405,0.998) (0.000,0.129) (0.000,0.043) (0.000,0.038) (0.000,0.096) (0.000,0.038) (0.000,0.236) (0.000,0.052) 
 23       44    (0)    1 :  0.694 0.006 0.005 0.007 0.005 0.012 0.014 0.237 0.020     (0.236,1.000) (0.000,0.034) (0.000,0.026) (0.000,0.039) (0.000,0.027) (0.000,0.058) (0.000,0.083) (0.000,0.624) (0.000,0.136) 
 24       48    (0)    1 :  0.006 0.007 0.004 0.948 0.004 0.008 0.007 0.010 0.007     (0.000,0.033) (0.000,0.038) (0.000,0.024) (0.779,1.000) (0.000,0.020) (0.000,0.043) (0.000,0.039) (0.000,0.059) (0.000,0.037) 
 25       55    (0)    1 :  0.794 0.010 0.049 0.010 0.007 0.022 0.013 0.082 0.013     (0.373,1.000) (0.000,0.058) (0.000,0.312) (0.000,0.058) (0.000,0.041) (0.000,0.130) (0.000,0.083) (0.000,0.467) (0.000,0.089) 
 26       59    (0)    1 :  0.007 0.005 0.007 0.007 0.004 0.007 0.006 0.948 0.009     (0.000,0.039) (0.000,0.027) (0.000,0.038) (0.000,0.042) (0.000,0.023) (0.000,0.039) (0.000,0.033) (0.782,1.000) (0.000,0.058) 
 27       60    (0)    1 :  0.005 0.022 0.918 0.011 0.011 0.010 0.008 0.010 0.005     (0.000,0.027) (0.000,0.159) (0.669,1.000) (0.000,0.072) (0.000,0.064) (0.000,0.059) (0.000,0.044) (0.000,0.061) (0.000,0.027) 
 28       61    (0)    1 :  0.014 0.007 0.234 0.008 0.493 0.024 0.144 0.014 0.061     (0.000,0.087) (0.000,0.042) (0.000,0.809) (0.000,0.044) (0.000,0.990) (0.000,0.142) (0.000,0.768) (0.000,0.092) (0.000,0.380) 
 29       62    (0)    1 :  0.015 0.048 0.030 0.024 0.098 0.042 0.718 0.015 0.010     (0.000,0.093) (0.000,0.335) (0.000,0.217) (0.000,0.172) (0.000,0.579) (0.000,0.303) (0.075,1.000) (0.000,0.095) (0.000,0.062) 
 30       65    (0)    1 :  0.010 0.006 0.019 0.772 0.015 0.144 0.007 0.006 0.022     (0.000,0.057) (0.000,0.031) (0.000,0.131) (0.000,1.000) (0.000,0.105) (0.000,0.964) (0.000,0.036) (0.000,0.032) (0.000,0.153) 
 31       73    (0)    1 :  0.012 0.181 0.052 0.007 0.005 0.014 0.020 0.008 0.701     (0.000,0.073) (0.000,0.520) (0.000,0.374) (0.000,0.040) (0.000,0.029) (0.000,0.082) (0.000,0.133) (0.000,0.043) (0.358,0.995) 
 32       75    (0)    1 :  0.005 0.004 0.005 0.010 0.909 0.013 0.006 0.008 0.040     (0.000,0.030) (0.000,0.021) (0.000,0.025) (0.000,0.065) (0.646,1.000) (0.000,0.074) (0.000,0.032) (0.000,0.054) (0.000,0.257) 
 33       76    (0)    1 :  0.005 0.011 0.010 0.004 0.944 0.006 0.010 0.005 0.005     (0.000,0.029) (0.000,0.069) (0.000,0.058) (0.000,0.020) (0.764,1.000) (0.000,0.034) (0.000,0.056) (0.000,0.031) (0.000,0.028) 
 34       77    (0)    1 :  0.005 0.010 0.130 0.006 0.819 0.009 0.012 0.005 0.005     (0.000,0.026) (0.000,0.059) (0.000,0.658) (0.000,0.033) (0.274,1.000) (0.000,0.050) (0.000,0.071) (0.000,0.030) (0.000,0.026) 
 35       78    (0)    1 :  0.013 0.015 0.030 0.010 0.301 0.029 0.032 0.007 0.564     (0.000,0.077) (0.000,0.103) (0.000,0.222) (0.000,0.055) (0.000,0.728) (0.000,0.185) (0.000,0.239) (0.000,0.039) (0.075,0.978) 
 36       79    (0)    1 :  0.008 0.005 0.007 0.010 0.808 0.054 0.020 0.005 0.083     (0.000,0.053) (0.000,0.028) (0.000,0.036) (0.000,0.067) (0.437,1.000) (0.000,0.332) (0.000,0.140) (0.000,0.030) (0.000,0.413) 
 37       84    (0)    1 :  0.033 0.023 0.026 0.008 0.010 0.024 0.078 0.787 0.012     (0.000,0.229) (0.000,0.165) (0.000,0.184) (0.000,0.045) (0.000,0.055) (0.000,0.162) (0.000,0.402) (0.386,1.000) (0.000,0.075) 
 38       85    (0)    1 :  0.919 0.007 0.009 0.009 0.006 0.015 0.014 0.009 0.012     (0.667,1.000) (0.000,0.039) (0.000,0.054) (0.000,0.049) (0.000,0.034) (0.000,0.081) (0.000,0.083) (0.000,0.052) (0.000,0.080) 
 39       86    (0)    1 :  0.828 0.010 0.009 0.010 0.008 0.096 0.020 0.005 0.015     (0.317,1.000) (0.000,0.067) (0.000,0.057) (0.000,0.056) (0.000,0.042) (0.000,0.591) (0.000,0.132) (0.000,0.025) (0.000,0.100) 
 40       89    (0)    1 :  0.018 0.191 0.027 0.016 0.018 0.043 0.105 0.575 0.007     (0.000,0.110) (0.000,0.581) (0.000,0.191) (0.000,0.104) (0.000,0.124) (0.000,0.303) (0.000,0.493) (0.106,0.930) (0.000,0.040) 
 41       94    (0)    1 :  0.009 0.937 0.006 0.016 0.005 0.007 0.008 0.007 0.006     (0.000,0.054) (0.747,1.000) (0.000,0.033) (0.000,0.109) (0.000,0.025) (0.000,0.043) (0.000,0.050) (0.000,0.041) (0.000,0.033) 
 42       95    (0)    1 :  0.018 0.007 0.018 0.016 0.006 0.013 0.007 0.900 0.015     (0.000,0.119) (0.000,0.038) (0.000,0.125) (0.000,0.101) (0.000,0.031) (0.000,0.071) (0.000,0.042) (0.606,1.000) (0.000,0.097) 
 43       96    (0)    1 :  0.946 0.010 0.005 0.005 0.006 0.006 0.009 0.006 0.006     (0.770,1.000) (0.000,0.063) (0.000,0.027) (0.000,0.028) (0.000,0.035) (0.000,0.033) (0.000,0.053) (0.000,0.032) (0.000,0.031) 
 44       98    (0)    1 :  0.008 0.010 0.781 0.005 0.023 0.020 0.108 0.005 0.040     (0.000,0.047) (0.000,0.061) (0.000,1.000) (0.000,0.030) (0.000,0.134) (0.000,0.103) (0.000,0.940) (0.000,0.029) (0.000,0.250) 
 45      102    (0)    1 :  0.007 0.018 0.012 0.403 0.011 0.500 0.015 0.028 0.006     (0.000,0.041) (0.000,0.127) (0.000,0.081) (0.000,0.996) (0.000,0.071) (0.000,1.000) (0.000,0.100) (0.000,0.210) (0.000,0.037) 
 46      105    (0)    1 :  0.005 0.005 0.005 0.007 0.004 0.006 0.005 0.006 0.959     (0.000,0.028) (0.000,0.025) (0.000,0.025) (0.000,0.043) (0.000,0.021) (0.000,0.031) (0.000,0.026) (0.000,0.030) (0.825,1.000) 
 47      106    (0)    1 :  0.018 0.004 0.017 0.016 0.222 0.288 0.190 0.088 0.156     (0.000,0.127) (0.000,0.021) (0.000,0.110) (0.000,0.106) (0.000,0.687) (0.000,0.989) (0.000,0.729) (0.000,0.404) (0.000,0.615) 
 48      108    (0)    1 :  0.009 0.008 0.039 0.047 0.025 0.041 0.007 0.008 0.815     (0.000,0.055) (0.000,0.047) (0.000,0.231) (0.000,0.312) (0.000,0.179) (0.000,0.289) (0.000,0.039) (0.000,0.044) (0.473,1.000) 
 49      109    (0)    1 :  0.018 0.006 0.091 0.012 0.049 0.095 0.080 0.011 0.638     (0.000,0.131) (0.000,0.032) (0.000,0.501) (0.000,0.070) (0.000,0.313) (0.000,0.648) (0.000,0.450) (0.000,0.074) (0.000,0.999) 
 50      112    (0)    1 :  0.241 0.052 0.088 0.018 0.169 0.242 0.167 0.014 0.009     (0.000,0.806) (0.000,0.369) (0.000,0.492) (0.000,0.116) (0.000,0.794) (0.000,0.986) (0.000,0.792) (0.000,0.089) (0.000,0.048) 
 51      115    (0)    1 :  0.010 0.048 0.062 0.221 0.013 0.600 0.018 0.013 0.014     (0.000,0.056) (0.000,0.310) (0.000,0.421) (0.000,0.976) (0.000,0.081) (0.000,1.000) (0.000,0.088) (0.000,0.084) (0.000,0.089) 
 52      116    (0)    1 :  0.881 0.007 0.005 0.012 0.005 0.029 0.030 0.009 0.022     (0.523,1.000) (0.000,0.037) (0.000,0.028) (0.000,0.078) (0.000,0.024) (0.000,0.181) (0.000,0.222) (0.000,0.049) (0.000,0.159) 
 53      117    (0)    1 :  0.073 0.130 0.032 0.015 0.014 0.026 0.020 0.673 0.018     (0.000,0.454) (0.000,0.781) (0.000,0.224) (0.000,0.104) (0.000,0.088) (0.000,0.165) (0.000,0.129) (0.000,1.000) (0.000,0.119) 
 54      129    (0)    1 :  0.897 0.010 0.007 0.008 0.004 0.009 0.005 0.054 0.006     (0.568,1.000) (0.000,0.056) (0.000,0.044) (0.000,0.047) (0.000,0.019) (0.000,0.047) (0.000,0.026) (0.000,0.358) (0.000,0.034) 
 55      132    (0)    1 :  0.007 0.119 0.766 0.037 0.011 0.028 0.010 0.015 0.007     (0.000,0.042) (0.000,0.523) (0.293,1.000) (0.000,0.259) (0.000,0.070) (0.000,0.174) (0.000,0.058) (0.000,0.107) (0.000,0.038) 
 56      133    (0)    1 :  0.005 0.006 0.799 0.005 0.033 0.010 0.104 0.006 0.032     (0.000,0.024) (0.000,0.034) (0.000,1.000) (0.000,0.029) (0.000,0.220) (0.000,0.049) (0.000,0.941) (0.000,0.033) (0.000,0.188) 
 57      137    (7)    1 :  0.010 0.017 0.517 0.010 0.360 0.023 0.043 0.009 0.010     (0.000,0.062) (0.000,0.115) (0.000,0.995) (0.000,0.058) (0.000,0.975) (0.000,0.151) (0.000,0.304) (0.000,0.051) (0.000,0.063) 
 58      139    (0)    1 :  0.008 0.007 0.005 0.010 0.926 0.016 0.009 0.009 0.010     (0.000,0.049) (0.000,0.039) (0.000,0.030) (0.000,0.065) (0.698,1.000) (0.000,0.093) (0.000,0.051) (0.000,0.055) (0.000,0.056) 
 59      140    (0)    1 :  0.016 0.006 0.058 0.014 0.059 0.047 0.098 0.039 0.664     (0.000,0.098) (0.000,0.032) (0.000,0.402) (0.000,0.084) (0.000,0.361) (0.000,0.329) (0.000,0.624) (0.000,0.275) (0.011,0.999) 
 60      142    (0)    1 :  0.010 0.014 0.024 0.008 0.681 0.020 0.192 0.044 0.008     (0.000,0.058) (0.000,0.092) (0.000,0.159) (0.000,0.046) (0.141,1.000) (0.000,0.122) (0.000,0.755) (0.000,0.310) (0.000,0.049) 
 61      144    (0)    1 :  0.004 0.004 0.008 0.005 0.006 0.005 0.006 0.007 0.955     (0.000,0.024) (0.000,0.022) (0.000,0.052) (0.000,0.027) (0.000,0.034) (0.000,0.026) (0.000,0.030) (0.000,0.040) (0.812,1.000) 
 62      145    (0)    1 :  0.005 0.004 0.007 0.006 0.016 0.007 0.942 0.007 0.006     (0.000,0.029) (0.000,0.023) (0.000,0.037) (0.000,0.035) (0.000,0.090) (0.000,0.035) (0.752,1.000) (0.000,0.035) (0.000,0.036) 
 63      147    (0)    1 :  0.008 0.004 0.008 0.006 0.029 0.010 0.011 0.004 0.919     (0.000,0.048) (0.000,0.025) (0.000,0.050) (0.000,0.032) (0.000,0.203) (0.000,0.063) (0.000,0.067) (0.000,0.022) (0.676,1.000) 
 64      160    (0)    1 :  0.007 0.955 0.005 0.006 0.004 0.006 0.004 0.007 0.005     (0.000,0.042) (0.810,1.000) (0.000,0.028) (0.000,0.036) (0.000,0.023) (0.000,0.030) (0.000,0.024) (0.000,0.043) (0.000,0.026) 
 65     162*    (0)    1 :  0.943 0.012 0.005 0.005 0.006 0.007 0.011 0.006 0.006     (0.753,1.000) (0.000,0.072) (0.000,0.028) (0.000,0.029) (0.000,0.033) (0.000,0.036) (0.000,0.063) (0.000,0.031) (0.000,0.032) 
 66      166    (0)    1 :  0.006 0.005 0.933 0.005 0.009 0.007 0.009 0.011 0.016     (0.000,0.035) (0.000,0.027) (0.718,1.000) (0.000,0.025) (0.000,0.050) (0.000,0.036) (0.000,0.049) (0.000,0.065) (0.000,0.099) 
 67      177    (0)    1 :  0.004 0.004 0.005 0.004 0.966 0.005 0.006 0.004 0.004     (0.000,0.019) (0.000,0.021) (0.000,0.026) (0.000,0.020) (0.852,1.000) (0.000,0.027) (0.000,0.031) (0.000,0.022) (0.000,0.020) 
 68      178    (0)    1 :  0.015 0.030 0.037 0.010 0.848 0.024 0.015 0.010 0.011     (0.000,0.098) (0.000,0.222) (0.000,0.272) (0.000,0.063) (0.498,1.000) (0.000,0.165) (0.000,0.091) (0.000,0.060) (0.000,0.069) 
 69      186    (0)    1 :  0.006 0.005 0.005 0.004 0.004 0.005 0.005 0.962 0.004     (0.000,0.032) (0.000,0.029) (0.000,0.027) (0.000,0.024) (0.000,0.021) (0.000,0.024) (0.000,0.028) (0.838,1.000) (0.000,0.020) 
 70      189    (0)    1 :  0.939 0.012 0.004 0.006 0.007 0.008 0.013 0.006 0.004     (0.744,1.000) (0.000,0.079) (0.000,0.021) (0.000,0.033) (0.000,0.042) (0.000,0.041) (0.000,0.086) (0.000,0.034) (0.000,0.023) 
 71      190    (0)    1 :  0.761 0.073 0.022 0.019 0.012 0.034 0.025 0.046 0.009     (0.130,1.000) (0.000,0.510) (0.000,0.157) (0.000,0.132) (0.000,0.081) (0.000,0.217) (0.000,0.180) (0.000,0.312) (0.000,0.050) 
 72      191    (0)    1 :  0.472 0.016 0.009 0.008 0.015 0.029 0.090 0.329 0.032     (0.000,0.993) (0.000,0.106) (0.000,0.058) (0.000,0.048) (0.000,0.102) (0.000,0.182) (0.000,0.504) (0.000,0.840) (0.000,0.240) 
 73      193    (0)    1 :  0.009 0.015 0.010 0.008 0.011 0.010 0.908 0.018 0.011     (0.000,0.052) (0.000,0.099) (0.000,0.054) (0.000,0.046) (0.000,0.067) (0.000,0.051) (0.636,1.000) (0.000,0.120) (0.000,0.068) 
 74      202    (0)    1 :  0.106 0.229 0.026 0.022 0.007 0.542 0.049 0.013 0.007     (0.000,0.557) (0.000,0.678) (0.000,0.169) (0.000,0.142) (0.000,0.042) (0.000,0.999) (0.000,0.350) (0.000,0.083) (0.000,0.041) 
 75      204    (0)    1 :  0.683 0.009 0.005 0.005 0.004 0.006 0.006 0.276 0.006     (0.000,1.000) (0.000,0.055) (0.000,0.030) (0.000,0.028) (0.000,0.021) (0.000,0.033) (0.000,0.031) (0.000,0.998) (0.000,0.034) 
 76      211    (0)    1 :  0.010 0.095 0.654 0.020 0.080 0.067 0.016 0.017 0.040     (0.000,0.063) (0.000,0.511) (0.049,0.998) (0.000,0.132) (0.000,0.375) (0.000,0.480) (0.000,0.106) (0.000,0.117) (0.000,0.291) 
 77      216    (0)    1 :  0.008 0.015 0.507 0.005 0.032 0.017 0.010 0.005 0.402     (0.000,0.043) (0.000,0.103) (0.000,0.919) (0.000,0.028) (0.000,0.207) (0.000,0.103) (0.000,0.055) (0.000,0.026) (0.000,0.923) 
 78      222    (0)    1 :  0.015 0.006 0.017 0.045 0.008 0.060 0.192 0.005 0.652     (0.000,0.074) (0.000,0.028) (0.000,0.106) (0.000,0.318) (0.000,0.046) (0.000,0.464) (0.000,0.887) (0.000,0.031) (0.000,1.000) 
 79      224    (0)    1 :  0.920 0.013 0.005 0.009 0.005 0.010 0.020 0.008 0.010     (0.664,1.000) (0.000,0.085) (0.000,0.027) (0.000,0.049) (0.000,0.030) (0.000,0.051) (0.000,0.133) (0.000,0.042) (0.000,0.067) 
 80      226    (0)    1 :  0.008 0.005 0.011 0.008 0.005 0.021 0.006 0.930 0.005     (0.000,0.045) (0.000,0.028) (0.000,0.070) (0.000,0.049) (0.000,0.027) (0.000,0.133) (0.000,0.033) (0.721,1.000) (0.000,0.027) 
 81      229    (0)    1 :  0.439 0.051 0.029 0.024 0.018 0.323 0.079 0.020 0.017     (0.000,0.965) (0.000,0.379) (0.000,0.218) (0.000,0.165) (0.000,0.122) (0.000,0.997) (0.000,0.402) (0.000,0.134) (0.000,0.104) 
 82      230    (0)    1 :  0.698 0.036 0.010 0.015 0.048 0.132 0.014 0.033 0.015     (0.000,1.000) (0.000,0.261) (0.000,0.064) (0.000,0.083) (0.000,0.290) (0.000,0.915) (0.000,0.077) (0.000,0.239) (0.000,0.105) 
 83      232    (0)    1 :  0.055 0.274 0.051 0.018 0.052 0.113 0.305 0.119 0.014     (0.000,0.398) (0.000,0.718) (0.000,0.362) (0.000,0.112) (0.000,0.369) (0.000,0.769) (0.000,0.925) (0.000,0.573) (0.000,0.089) 
 84      238    (0)    1 :  0.017 0.006 0.017 0.102 0.039 0.760 0.036 0.005 0.018     (0.000,0.113) (0.000,0.037) (0.000,0.113) (0.000,0.702) (0.000,0.271) (0.000,1.000) (0.000,0.258) (0.000,0.029) (0.000,0.120) 
 85      242    (0)    1 :  0.008 0.004 0.012 0.928 0.004 0.024 0.005 0.006 0.009     (0.000,0.045) (0.000,0.022) (0.000,0.076) (0.708,1.000) (0.000,0.023) (0.000,0.118) (0.000,0.028) (0.000,0.035) (0.000,0.051) 
 86      243    (0)    1 :  0.009 0.008 0.099 0.451 0.022 0.342 0.033 0.023 0.013     (0.000,0.056) (0.000,0.048) (0.000,0.509) (0.000,0.995) (0.000,0.159) (0.000,0.999) (0.000,0.245) (0.000,0.165) (0.000,0.077) 
 87      244    (0)    1 :  0.012 0.009 0.015 0.199 0.140 0.602 0.011 0.006 0.006     (0.000,0.080) (0.000,0.057) (0.000,0.091) (0.000,0.800) (0.000,0.579) (0.000,1.000) (0.000,0.063) (0.000,0.035) (0.000,0.032) 
 88      251    (0)    1 :  0.024 0.082 0.016 0.077 0.014 0.727 0.041 0.010 0.010     (0.000,0.160) (0.000,0.482) (0.000,0.094) (0.000,0.595) (0.000,0.085) (0.000,1.000) (0.000,0.297) (0.000,0.057) (0.000,0.058) 
 89      266    (0)    1 :  0.010 0.006 0.107 0.062 0.325 0.440 0.031 0.010 0.010     (0.000,0.060) (0.000,0.031) (0.000,0.519) (0.000,0.387) (0.000,0.798) (0.000,0.997) (0.000,0.225) (0.000,0.059) (0.000,0.059) 
 90      267    (0)    1 :  0.019 0.006 0.168 0.021 0.012 0.043 0.022 0.049 0.659     (0.000,0.131) (0.000,0.037) (0.000,0.670) (0.000,0.147) (0.000,0.074) (0.000,0.313) (0.000,0.146) (0.000,0.330) (0.022,1.000) 
 91      268    (0)    1 :  0.005 0.031 0.484 0.006 0.386 0.023 0.012 0.006 0.046     (0.000,0.028) (0.000,0.239) (0.000,0.995) (0.000,0.035) (0.000,0.981) (0.000,0.131) (0.000,0.064) (0.000,0.033) (0.000,0.322) 
 92      270    (0)    1 :  0.902 0.020 0.009 0.010 0.005 0.011 0.012 0.019 0.013     (0.616,1.000) (0.000,0.138) (0.000,0.052) (0.000,0.056) (0.000,0.028) (0.000,0.059) (0.000,0.072) (0.000,0.132) (0.000,0.089) 
 93      276    (0)    1 :  0.435 0.021 0.030 0.016 0.040 0.049 0.087 0.288 0.033     (0.000,0.998) (0.000,0.147) (0.000,0.217) (0.000,0.104) (0.000,0.288) (0.000,0.370) (0.000,0.520) (0.000,0.806) (0.000,0.243) 
 94      298    (7)    1 :  0.008 0.013 0.107 0.012 0.194 0.033 0.015 0.024 0.593     (0.000,0.046) (0.000,0.088) (0.000,0.590) (0.000,0.076) (0.000,0.677) (0.000,0.236) (0.000,0.097) (0.000,0.175) (0.016,0.987) 
 95      306    (0)    1 :  0.007 0.006 0.554 0.014 0.010 0.030 0.363 0.008 0.010     (0.000,0.037) (0.000,0.033) (0.204,0.917) (0.000,0.084) (0.000,0.053) (0.000,0.190) (0.000,0.709) (0.000,0.041) (0.000,0.058) 
 96      308    (0)    1 :  0.012 0.103 0.031 0.038 0.574 0.106 0.057 0.008 0.071     (0.000,0.078) (0.000,0.453) (0.000,0.223) (0.000,0.270) (0.000,0.993) (0.000,0.723) (0.000,0.395) (0.000,0.047) (0.000,0.469) 
 97      311    (7)    1 :  0.020 0.013 0.069 0.040 0.008 0.194 0.574 0.008 0.076     (0.000,0.134) (0.000,0.080) (0.000,0.509) (0.000,0.272) (0.000,0.044) (0.000,0.977) (0.000,0.999) (0.000,0.046) (0.000,0.528) 
 98      323    (0)    1 :  0.008 0.005 0.005 0.009 0.004 0.006 0.006 0.948 0.009     (0.000,0.046) (0.000,0.026) (0.000,0.029) (0.000,0.053) (0.000,0.023) (0.000,0.035) (0.000,0.032) (0.782,1.000) (0.000,0.053) 
 99      327    (0)    1 :  0.636 0.197 0.038 0.018 0.007 0.055 0.020 0.019 0.009     (0.021,0.996) (0.000,0.651) (0.000,0.264) (0.000,0.124) (0.000,0.041) (0.000,0.403) (0.000,0.142) (0.000,0.131) (0.000,0.055) 
100      334    (0)    1 :  0.013 0.009 0.032 0.307 0.009 0.593 0.018 0.005 0.015     (0.000,0.083) (0.000,0.053) (0.000,0.223) (0.000,0.997) (0.000,0.050) (0.000,1.000) (0.000,0.117) (0.000,0.026) (0.000,0.089) 
101      338    (0)    1 :  0.033 0.036 0.106 0.017 0.015 0.146 0.513 0.021 0.114     (0.000,0.243) (0.000,0.243) (0.000,0.615) (0.000,0.105) (0.000,0.084) (0.000,0.938) (0.000,0.998) (0.000,0.139) (0.000,0.669) 
102      341    (0)    1 :  0.008 0.007 0.023 0.010 0.006 0.011 0.008 0.921 0.006     (0.000,0.047) (0.000,0.039) (0.000,0.159) (0.000,0.064) (0.000,0.031) (0.000,0.065) (0.000,0.044) (0.684,1.000) (0.000,0.032) 
103      346    (0)    1 :  0.010 0.037 0.475 0.007 0.422 0.018 0.014 0.013 0.005     (0.000,0.055) (0.000,0.270) (0.000,0.998) (0.000,0.040) (0.000,0.998) (0.000,0.107) (0.000,0.077) (0.000,0.076) (0.000,0.030) 
104      348    (0)    1 :  0.009 0.007 0.017 0.019 0.152 0.059 0.206 0.008 0.524     (0.000,0.049) (0.000,0.039) (0.000,0.103) (0.000,0.129) (0.000,0.574) (0.000,0.447) (0.000,0.664) (0.000,0.049) (0.000,0.983) 
105      351    (0)    1 :  0.010 0.052 0.496 0.178 0.012 0.216 0.015 0.013 0.008     (0.000,0.060) (0.000,0.334) (0.000,0.999) (0.000,0.933) (0.000,0.067) (0.000,0.983) (0.000,0.090) (0.000,0.088) (0.000,0.049) 
106      362    (0)    1 :  0.801 0.054 0.007 0.006 0.005 0.011 0.008 0.102 0.007     (0.000,1.000) (0.000,0.392) (0.000,0.039) (0.000,0.033) (0.000,0.027) (0.000,0.055) (0.000,0.044) (0.000,0.680) (0.000,0.038) 
107      364    (0)    1 :  0.006 0.012 0.040 0.827 0.011 0.065 0.018 0.011 0.008     (0.000,0.033) (0.000,0.084) (0.000,0.273) (0.325,1.000) (0.000,0.073) (0.000,0.530) (0.000,0.124) (0.000,0.072) (0.000,0.047) 
108      366    (0)    1 :  0.018 0.008 0.025 0.804 0.009 0.091 0.013 0.012 0.021     (0.000,0.120) (0.000,0.044) (0.000,0.185) (0.000,1.000) (0.000,0.052) (0.000,0.868) (0.000,0.072) (0.000,0.077) (0.000,0.144) 
109      376    (0)    1 :  0.025 0.015 0.009 0.006 0.016 0.010 0.017 0.900 0.003     (0.000,0.171) (0.000,0.096) (0.000,0.050) (0.000,0.030) (0.000,0.111) (0.000,0.057) (0.000,0.116) (0.644,1.000) (0.000,0.018) 
110      377    (7)    1 :  0.328 0.275 0.015 0.013 0.010 0.093 0.192 0.025 0.049     (0.000,0.925) (0.000,0.856) (0.000,0.084) (0.000,0.073) (0.000,0.054) (0.000,0.665) (0.000,0.904) (0.000,0.177) (0.000,0.311) 
111      378    (0)    1 :  0.007 0.920 0.013 0.004 0.015 0.007 0.014 0.014 0.005     (0.000,0.036) (0.701,1.000) (0.000,0.085) (0.000,0.024) (0.000,0.104) (0.000,0.040) (0.000,0.099) (0.000,0.096) (0.000,0.029) 
112      388    (0)    1 :  0.018 0.037 0.389 0.020 0.013 0.051 0.063 0.012 0.398     (0.000,0.126) (0.000,0.272) (0.000,0.982) (0.000,0.136) (0.000,0.077) (0.000,0.375) (0.000,0.450) (0.000,0.071) (0.000,0.993) 
113      391    (0)    1 :  0.008 0.163 0.134 0.011 0.008 0.076 0.098 0.484 0.016     (0.000,0.048) (0.000,0.515) (0.000,0.672) (0.000,0.068) (0.000,0.047) (0.000,0.573) (0.000,0.569) (0.000,0.886) (0.000,0.110) 
114      401    (0)    1 :  0.182 0.010 0.008 0.057 0.060 0.454 0.136 0.087 0.006     (0.000,0.668) (0.000,0.057) (0.000,0.041) (0.000,0.405) (0.000,0.382) (0.000,0.999) (0.000,0.631) (0.000,0.526) (0.000,0.035) 
115      406    (0)    1 :  0.017 0.017 0.354 0.042 0.031 0.130 0.223 0.127 0.059     (0.000,0.112) (0.000,0.116) (0.000,0.987) (0.000,0.304) (0.000,0.211) (0.000,0.885) (0.000,0.951) (0.000,0.658) (0.000,0.391) 
116      412    (7)    1 :  0.026 0.028 0.240 0.015 0.016 0.054 0.578 0.022 0.020     (0.000,0.185) (0.000,0.206) (0.000,0.990) (0.000,0.089) (0.000,0.100) (0.000,0.412) (0.000,1.000) (0.000,0.153) (0.000,0.116) 
117      413    (0)    1 :  0.013 0.007 0.008 0.038 0.025 0.039 0.853 0.004 0.013     (0.000,0.079) (0.000,0.036) (0.000,0.045) (0.000,0.250) (0.000,0.172) (0.000,0.280) (0.475,1.000) (0.000,0.020) (0.000,0.078) 
118      421    (0)    1 :  0.727 0.009 0.027 0.015 0.030 0.065 0.093 0.018 0.015     (0.171,1.000) (0.000,0.058) (0.000,0.192) (0.000,0.102) (0.000,0.224) (0.000,0.493) (0.000,0.530) (0.000,0.124) (0.000,0.097) 
119      423    (0)    1 :  0.664 0.010 0.007 0.029 0.008 0.062 0.164 0.014 0.042     (0.000,1.000) (0.000,0.060) (0.000,0.039) (0.000,0.204) (0.000,0.046) (0.000,0.501) (0.000,0.881) (0.000,0.097) (0.000,0.310) 
120      424    (0)    1 :  0.011 0.021 0.250 0.029 0.015 0.053 0.363 0.240 0.018     (0.000,0.063) (0.000,0.145) (0.000,0.969) (0.000,0.211) (0.000,0.098) (0.000,0.390) (0.000,0.985) (0.000,0.886) (0.000,0.121) 
121      426    (0)    1 :  0.033 0.657 0.050 0.027 0.021 0.049 0.050 0.103 0.009     (0.000,0.222) (0.090,0.998) (0.000,0.353) (0.000,0.192) (0.000,0.149) (0.000,0.354) (0.000,0.349) (0.000,0.527) (0.000,0.054) 
122      430    (7)    1 :  0.009 0.011 0.312 0.006 0.018 0.016 0.590 0.020 0.018     (0.000,0.051) (0.000,0.064) (0.000,0.888) (0.000,0.035) (0.000,0.116) (0.000,0.073) (0.000,0.997) (0.000,0.132) (0.000,0.116) 
123      435    (0)    1 :  0.008 0.014 0.016 0.004 0.576 0.011 0.337 0.005 0.028     (0.000,0.045) (0.000,0.091) (0.000,0.100) (0.000,0.023) (0.026,0.996) (0.000,0.062) (0.000,0.814) (0.000,0.029) (0.000,0.191) 
124      476    (0)    1 :  0.122 0.013 0.007 0.023 0.025 0.038 0.018 0.751 0.004     (0.000,0.564) (0.000,0.088) (0.000,0.037) (0.000,0.159) (0.000,0.175) (0.000,0.270) (0.000,0.127) (0.323,0.999) (0.000,0.024) 
125      478    (0)    1 :  0.196 0.016 0.015 0.027 0.006 0.024 0.013 0.695 0.008     (0.000,0.654) (0.000,0.102) (0.000,0.098) (0.000,0.190) (0.000,0.034) (0.000,0.172) (0.000,0.084) (0.260,0.994) (0.000,0.053) 
126      484    (0)    1 :  0.007 0.010 0.416 0.006 0.046 0.015 0.023 0.018 0.459     (0.000,0.040) (0.000,0.058) (0.000,0.895) (0.000,0.035) (0.000,0.319) (0.000,0.080) (0.000,0.140) (0.000,0.124) (0.000,0.969) 
127      489    (0)    1 :  0.038 0.513 0.034 0.006 0.007 0.016 0.245 0.007 0.136     (0.000,0.276) (0.000,0.994) (0.000,0.183) (0.000,0.031) (0.000,0.035) (0.000,0.076) (0.000,0.977) (0.000,0.037) (0.000,0.549) 
128      493    (0)    1 :  0.007 0.012 0.010 0.900 0.008 0.033 0.016 0.008 0.007     (0.000,0.042) (0.000,0.077) (0.000,0.066) (0.621,1.000) (0.000,0.047) (0.000,0.213) (0.000,0.110) (0.000,0.045) (0.000,0.040) 
129      494    (0)    1 :  0.022 0.037 0.006 0.668 0.007 0.229 0.012 0.011 0.008     (0.000,0.156) (0.000,0.264) (0.000,0.032) (0.000,1.000) (0.000,0.044) (0.000,0.993) (0.000,0.070) (0.000,0.065) (0.000,0.053) 
130      500    (0)    1 :  0.897 0.009 0.006 0.008 0.005 0.018 0.005 0.048 0.004     (0.517,1.000) (0.000,0.053) (0.000,0.030) (0.000,0.043) (0.000,0.024) (0.000,0.081) (0.000,0.028) (0.000,0.343) (0.000,0.024) 
131      504    (0)    1 :  0.071 0.079 0.150 0.034 0.023 0.111 0.020 0.011 0.500     (0.000,0.418) (0.000,0.394) (0.000,0.689) (0.000,0.242) (0.000,0.166) (0.000,0.782) (0.000,0.123) (0.000,0.072) (0.000,0.967) 
132      506    (0)    1 :  0.018 0.005 0.010 0.005 0.004 0.007 0.009 0.015 0.926     (0.000,0.126) (0.000,0.028) (0.000,0.055) (0.000,0.028) (0.000,0.021) (0.000,0.038) (0.000,0.051) (0.000,0.095) (0.680,1.000) 


Estimated Allele Frequencies in each cluster
First column gives estimated ancestral frequencies


Locus 1 : Rsu5 
5 alleles
0.0% missing data
 137   (0.730) 0.966 0.908 0.905 0.625 0.815 0.730 0.826 0.968 0.320 
 135   (0.084) 0.008 0.046 0.059 0.134 0.034 0.084 0.074 0.017 0.012 
 139   (0.122) 0.020 0.041 0.016 0.201 0.054 0.125 0.085 0.011 0.014 
 133   (0.020) 0.002 0.001 0.002 0.030 0.003 0.020 0.003 0.001 0.002 
 131   (0.043) 0.004 0.003 0.018 0.011 0.095 0.042 0.013 0.003 0.651 

Locus 2 : Scv1 
5 alleles
0.0% missing data
 181   (0.539) 0.606 0.827 0.329 0.721 0.368 0.540 0.346 0.958 0.368 
 179   (0.181) 0.141 0.063 0.421 0.151 0.288 0.181 0.083 0.016 0.083 
 177   (0.112) 0.014 0.097 0.213 0.055 0.025 0.112 0.316 0.014 0.197 
 185   (0.138) 0.237 0.010 0.034 0.054 0.315 0.137 0.250 0.011 0.348 
 171   (0.030) 0.003 0.002 0.003 0.019 0.004 0.031 0.005 0.002 0.003 

Locus 3 : Rsu4 
9 alleles
0.0% missing data
 267   (0.209) 0.280 0.093 0.056 0.328 0.099 0.211 0.047 0.142 0.144 
 263   (0.312) 0.216 0.815 0.343 0.250 0.330 0.309 0.738 0.517 0.372 
 259   (0.045) 0.251 0.028 0.007 0.012 0.006 0.044 0.009 0.223 0.005 
 287   (0.173) 0.211 0.036 0.448 0.129 0.075 0.172 0.146 0.100 0.142 
 275   (0.039) 0.003 0.003 0.006 0.141 0.009 0.039 0.005 0.003 0.004 
 279   (0.082) 0.009 0.011 0.021 0.045 0.288 0.085 0.019 0.007 0.010 
 283   (0.075) 0.007 0.005 0.111 0.037 0.183 0.074 0.025 0.005 0.317 
 291   (0.038) 0.020 0.006 0.005 0.016 0.005 0.039 0.007 0.003 0.004 
 271   (0.027) 0.002 0.002 0.003 0.042 0.004 0.027 0.004 0.002 0.003 

Locus 4 : Rsu6 
5 alleles
0.0% missing data
 120   (0.238) 0.268 0.539 0.456 0.203 0.225 0.236 0.143 0.284 0.050 
 126   (0.623) 0.505 0.386 0.529 0.617 0.757 0.626 0.835 0.566 0.934 
 124   (0.094) 0.206 0.072 0.011 0.055 0.013 0.095 0.015 0.147 0.012 
 130   (0.024) 0.002 0.002 0.002 0.118 0.003 0.023 0.003 0.001 0.002 
 114   (0.021) 0.018 0.002 0.002 0.006 0.003 0.021 0.004 0.001 0.003 

Locus 5 : Scv23 
3 alleles
0.8% missing data
 158   (0.533) 0.743 0.461 0.450 0.456 0.552 0.533 0.661 0.367 0.832 
 164   (0.176) 0.055 0.079 0.303 0.289 0.028 0.175 0.065 0.445 0.096 
 160   (0.292) 0.202 0.460 0.247 0.255 0.420 0.292 0.274 0.189 0.072 

Locus 6 : Scv13 
5 alleles
0.0% missing data
 182   (0.710) 0.909 0.975 0.938 0.718 0.483 0.707 0.905 0.803 0.900 
 180   (0.101) 0.070 0.012 0.013 0.098 0.015 0.102 0.026 0.167 0.010 
 172   (0.078) 0.007 0.005 0.033 0.040 0.342 0.078 0.026 0.006 0.077 
 184   (0.068) 0.010 0.005 0.009 0.131 0.013 0.068 0.034 0.020 0.008 
 174   (0.044) 0.004 0.003 0.006 0.013 0.148 0.045 0.009 0.003 0.004 

Locus 7 : Scv32 
18 alleles
0.0% missing data
 236   (0.042) 0.004 0.003 0.006 0.145 0.006 0.044 0.006 0.003 0.004 
 238   (0.039) 0.003 0.003 0.286 0.019 0.006 0.038 0.021 0.003 0.057 
 234   (0.138) 0.019 0.070 0.328 0.051 0.651 0.136 0.418 0.349 0.052 
 246   (0.045) 0.185 0.007 0.005 0.012 0.009 0.044 0.018 0.312 0.006 
 248   (0.097) 0.154 0.415 0.072 0.123 0.013 0.097 0.037 0.007 0.020 
 262   (0.118) 0.249 0.179 0.071 0.040 0.024 0.121 0.136 0.017 0.027 
 232   (0.163) 0.142 0.013 0.045 0.422 0.027 0.163 0.209 0.145 0.555 
 250   (0.031) 0.003 0.276 0.015 0.008 0.004 0.030 0.009 0.005 0.003 
 228   (0.028) 0.002 0.002 0.003 0.010 0.004 0.030 0.004 0.002 0.003 
 220   (0.046) 0.201 0.005 0.005 0.013 0.006 0.046 0.008 0.075 0.005 
 264   (0.053) 0.006 0.006 0.090 0.060 0.024 0.052 0.027 0.047 0.006 
 252   (0.040) 0.012 0.003 0.011 0.011 0.101 0.040 0.006 0.003 0.101 
 254   (0.047) 0.004 0.005 0.041 0.019 0.109 0.047 0.008 0.003 0.082 
 242   (0.025) 0.002 0.002 0.003 0.037 0.003 0.025 0.003 0.002 0.003 
 266   (0.027) 0.003 0.002 0.009 0.008 0.004 0.027 0.054 0.002 0.025 
 244   (0.025) 0.007 0.006 0.004 0.009 0.003 0.024 0.031 0.002 0.048 
 226   (0.018) 0.002 0.001 0.002 0.005 0.002 0.018 0.003 0.023 0.002 
 240   (0.018) 0.002 0.001 0.002 0.010 0.004 0.018 0.002 0.001 0.002 

Locus 8 : Scv8 
6 alleles
0.0% missing data
 200   (0.651) 0.675 0.838 0.852 0.630 0.407 0.654 0.564 0.843 0.606 
 202   (0.083) 0.007 0.006 0.087 0.202 0.026 0.082 0.104 0.006 0.057 
 194   (0.084) 0.116 0.014 0.021 0.029 0.037 0.082 0.279 0.138 0.009 
 204   (0.052) 0.032 0.129 0.007 0.017 0.008 0.053 0.015 0.004 0.005 
 198   (0.068) 0.163 0.008 0.009 0.089 0.013 0.068 0.022 0.005 0.007 
 188   (0.062) 0.005 0.004 0.025 0.033 0.509 0.061 0.015 0.004 0.316 

Locus 9 : Scv9 
5 alleles
0.0% missing data
 198   (0.296) 0.100 0.501 0.730 0.162 0.556 0.294 0.303 0.428 0.286 
 200   (0.342) 0.542 0.392 0.091 0.573 0.102 0.342 0.159 0.369 0.362 
 196   (0.296) 0.352 0.102 0.171 0.249 0.214 0.298 0.523 0.037 0.342 
 204   (0.046) 0.004 0.003 0.006 0.012 0.100 0.045 0.012 0.165 0.007 
 202   (0.021) 0.002 0.001 0.002 0.005 0.028 0.020 0.003 0.001 0.004 

Locus 10 : Rsu1 
6 alleles
0.0% missing data
 189   (0.319) 0.055 0.044 0.209 0.561 0.262 0.323 0.318 0.487 0.076 
 185   (0.260) 0.243 0.047 0.586 0.178 0.088 0.259 0.420 0.156 0.811 
 177   (0.082) 0.143 0.011 0.011 0.026 0.040 0.083 0.017 0.010 0.072 
 181   (0.246) 0.195 0.851 0.181 0.209 0.597 0.245 0.226 0.048 0.031 
 193   (0.054) 0.272 0.044 0.010 0.015 0.007 0.053 0.012 0.071 0.005 
 197   (0.039) 0.092 0.003 0.004 0.010 0.005 0.038 0.007 0.227 0.004 

Locus 11 : Scv14 
7 alleles
4.5% missing data
 196   (0.524) 0.800 0.923 0.358 0.496 0.660 0.521 0.753 0.924 0.619 
 198   (0.074) 0.007 0.007 0.327 0.094 0.047 0.074 0.015 0.005 0.024 
 194   (0.139) 0.069 0.042 0.022 0.232 0.183 0.139 0.145 0.021 0.049 
 202   (0.201) 0.117 0.021 0.283 0.151 0.094 0.205 0.077 0.044 0.303 
 204   (0.020) 0.002 0.002 0.002 0.014 0.003 0.020 0.003 0.002 0.002 
 190   (0.021) 0.003 0.005 0.003 0.006 0.003 0.021 0.004 0.002 0.002 
 200   (0.021) 0.002 0.002 0.005 0.007 0.010 0.021 0.003 0.002 0.002 

Locus 12 : Scv16 
7 alleles
0.0% missing data
 182   (0.426) 0.559 0.806 0.551 0.203 0.545 0.428 0.672 0.211 0.244 
 184   (0.412) 0.274 0.182 0.388 0.567 0.166 0.412 0.301 0.770 0.712 
 188   (0.051) 0.157 0.004 0.005 0.178 0.006 0.049 0.007 0.011 0.005 
 200   (0.020) 0.002 0.001 0.002 0.026 0.003 0.020 0.003 0.001 0.002 
 198   (0.034) 0.003 0.003 0.035 0.009 0.183 0.033 0.007 0.002 0.016 
 190   (0.036) 0.003 0.002 0.017 0.009 0.094 0.035 0.007 0.003 0.018 
 186   (0.021) 0.002 0.001 0.002 0.007 0.003 0.022 0.003 0.001 0.002 

Locus 13 : Scv31 
15 alleles
3.0% missing data
 193   (0.114) 0.027 0.646 0.352 0.062 0.040 0.115 0.042 0.014 0.069 
 201   (0.113) 0.050 0.080 0.016 0.246 0.016 0.115 0.024 0.021 0.079 
 187   (0.081) 0.307 0.039 0.014 0.023 0.012 0.080 0.018 0.288 0.158 
 207   (0.030) 0.035 0.002 0.003 0.008 0.004 0.029 0.005 0.373 0.003 
 195   (0.067) 0.120 0.019 0.010 0.018 0.017 0.066 0.117 0.007 0.242 
 185   (0.178) 0.028 0.017 0.511 0.117 0.338 0.177 0.153 0.228 0.128 
 189   (0.052) 0.005 0.156 0.005 0.268 0.006 0.051 0.007 0.003 0.005 
 205   (0.019) 0.002 0.001 0.002 0.006 0.003 0.020 0.003 0.001 0.002 
 191   (0.151) 0.348 0.023 0.049 0.045 0.455 0.152 0.596 0.049 0.018 
 197   (0.031) 0.004 0.004 0.004 0.008 0.004 0.030 0.007 0.005 0.233 
 199   (0.059) 0.006 0.004 0.007 0.064 0.090 0.059 0.013 0.004 0.051 
 203   (0.027) 0.002 0.002 0.003 0.086 0.003 0.026 0.004 0.002 0.003 
 209   (0.030) 0.003 0.003 0.017 0.020 0.006 0.031 0.005 0.002 0.003 
 213   (0.026) 0.002 0.002 0.004 0.024 0.003 0.027 0.004 0.002 0.003 
 181   (0.023) 0.063 0.002 0.002 0.006 0.003 0.022 0.004 0.002 0.002 

Locus 14 : Scv6 
8 alleles
0.0% missing data
 191   (0.097) 0.191 0.257 0.016 0.225 0.013 0.097 0.013 0.007 0.016 
 195   (0.387) 0.484 0.412 0.524 0.277 0.212 0.388 0.380 0.671 0.643 
 197   (0.204) 0.291 0.302 0.247 0.100 0.413 0.203 0.048 0.273 0.225 
 201   (0.091) 0.008 0.009 0.087 0.131 0.138 0.092 0.044 0.006 0.010 
 205   (0.021) 0.002 0.001 0.002 0.062 0.002 0.020 0.002 0.001 0.002 
 193   (0.105) 0.010 0.008 0.100 0.125 0.198 0.104 0.114 0.007 0.079 
 199   (0.072) 0.012 0.009 0.021 0.029 0.020 0.073 0.395 0.033 0.022 
 181   (0.023) 0.002 0.001 0.003 0.051 0.003 0.023 0.003 0.001 0.003 

Values of parameters used in structure:
DATAFILE=M:\STRUCTURE\Squirrel_132_ID_14L_20250816\project_data,	OUTFILE=M:\STRUCTURE\Squirrel_132_ID_14L_20250816\10k_Burnin_100k_MCMC\Results\10k_Burnin_100k_MCMC_run_202,	NUMINDS=132,	NUMLOCI=14,	MISSING=-9,	LABEL=1,	POPDATA=1,	POPFLAG=0,	PHENOTYPE=0,	EXTRACOLS=1,	MAXPOPS=9,	BURNIN=10000,	NUMREPS=100000,	USEPOPINFO=0,	INFERALPHA=1,	INFERLAMBDA=1,	POPSPECIFICLAMBDA=0,	POPALPHAS=0,	COMPUTEPROB=1,	NOADMIX=0,	ADMBURNIN=2500,	UPDATEFREQ=1,	PRINTLIKES=0,	INTERMEDSAVE=0,	PRINTKLD=0,	PRINTNET=0,	PRINTLAMBDA=0,	ANCESTDIST=1,	NUMBOXES=1000,	ANCESTPINT=0.90000,	GENSBACK=2,	MIGRPRIOR=0.05000,	PRINTQHAT=1,	PRINTQSUM=0,	ALPHA=1.0000,	FREQSCORR=1,	FPRIORMEAN=0.0100,	FPRIORSD=0.0500,	ONEFST=0,	LAMBDA=1.0000,	UNIFPRIORALPHA=1,	ALPHAMAX=10.0000,	ALPHAPRIORA=1.0000,	ALPHAPRIORB=2.0000,	ALPHAPROPSD=0.0250,	STARTATPOPINFO=0,	RANDOMIZE=1,	LINKAGE=0,	METROFREQ=10,	REPORTHITRATE=0,	MARKOVPHASE=-1,	PHASED=0,	PLOIDY=2,	PHASEINFO=0	LOCPRIOR=0, 	LOCPRIORINIT=1.000000, 	LOCDATA=0, 	LOCISPOP=0, 	LOCPRIORSTEP=0.100000, 	MAXLOCPRIOR=20.000000, 	SEED=1763829532,	
[STRAT parameters]:    NUMSIMSTATS=1000,	PHENOTYPECOL=-9,	POOLFREQ=10,	LOCUSxONLY=0,	EMERROR=0.00100,	MISSINGPHENO=-9,	