          1*  1 0.0155 0.9704 0.0141 
           3  1 0.9788 0.0094 0.0118 
           6  1 0.9692 0.0074 0.0234 
           8  1 0.9798 0.0142 0.0060 
          10  1 0.9826 0.0115 0.0059 
          11  1 0.1003 0.8721 0.0276 
          12  1 0.9703 0.0194 0.0104 
          16  1 0.9846 0.0093 0.0061 
          18  1 0.0082 0.9868 0.0050 
          19  1 0.0235 0.9472 0.0293 
          21  1 0.9827 0.0083 0.0090 
          23  1 0.7083 0.0416 0.2502 
          24  1 0.4026 0.5769 0.0205 
          25  1 0.9040 0.0611 0.0349 
         26*  1 0.9791 0.0158 0.0050 
          28  1 0.9889 0.0059 0.0052 
          29  1 0.9685 0.0252 0.0063 
          30  1 0.6555 0.1258 0.2186 
          33  1 0.0050 0.9790 0.0160 
          37  1 0.0160 0.9764 0.0075 
          38  1 0.0126 0.9832 0.0043 
          43  1 0.9763 0.0166 0.0071 
          44  1 0.9832 0.0076 0.0092 
          48  1 0.0086 0.9861 0.0053 
          55  1 0.9773 0.0085 0.0142 
          59  1 0.9684 0.0214 0.0102 
          60  1 0.0174 0.1733 0.8093 
          61  1 0.0079 0.0063 0.9858 
          62  1 0.0541 0.0297 0.9162 
          65  1 0.0064 0.9791 0.0145 
          73  1 0.0512 0.0270 0.9218 
          75  1 0.0058 0.0171 0.9771 
          76  1 0.0067 0.0056 0.9877 
          77  1 0.0073 0.0087 0.9840 
          78  1 0.0078 0.0080 0.9842 
          79  1 0.0047 0.0179 0.9774 
          84  1 0.9637 0.0099 0.0264 
          85  1 0.9360 0.0482 0.0158 
          86  1 0.8339 0.1261 0.0400 
          89  1 0.9546 0.0199 0.0254 
          94  1 0.8784 0.1164 0.0053 
          95  1 0.9138 0.0644 0.0219 
          96  1 0.9837 0.0071 0.0092 
          98  1 0.0093 0.0099 0.9808 
         102  1 0.0156 0.9727 0.0117 
         105  1 0.0101 0.0227 0.9672 
         106  1 0.0666 0.0432 0.8902 
         108  1 0.0155 0.0820 0.9025 
         109  1 0.0225 0.0109 0.9666 
         112  1 0.6819 0.0873 0.2308 
         115  1 0.0198 0.9625 0.0177 
         116  1 0.9397 0.0433 0.0171 
         117  1 0.9740 0.0083 0.0177 
         129  1 0.9906 0.0053 0.0041 
         132  1 0.0591 0.5837 0.3572 
         133  1 0.0065 0.0065 0.9870 
         137  1 0.0141 0.0099 0.9760 
         139  1 0.0099 0.0385 0.9516 
         140  1 0.0126 0.0210 0.9664 
         142  1 0.0127 0.0081 0.9793 
         144  1 0.0061 0.0068 0.9871 
         145  1 0.0151 0.0092 0.9757 
         147  1 0.0063 0.0075 0.9862 
         160  1 0.9720 0.0219 0.0061 
        162*  1 0.9828 0.0073 0.0099 
         166  1 0.0072 0.0072 0.9856 
         177  1 0.0047 0.0062 0.9891 
         178  1 0.0130 0.0121 0.9749 
         186  1 0.9843 0.0087 0.0070 
         189  1 0.9804 0.0123 0.0073 
         190  1 0.9805 0.0112 0.0083 
         191  1 0.9778 0.0067 0.0156 
         193  1 0.1008 0.0119 0.8873 
         202  1 0.6596 0.3201 0.0203 
         204  1 0.9917 0.0043 0.0040 
         211  1 0.0242 0.0644 0.9114 
         216  1 0.0072 0.0055 0.9873 
         222  1 0.0108 0.0679 0.9213 
         224  1 0.9760 0.0132 0.0107 
         226  1 0.8734 0.1151 0.0116 
         229  1 0.8331 0.1258 0.0411 
         230  1 0.9029 0.0611 0.0361 
         232  1 0.9282 0.0233 0.0485 
         238  1 0.0154 0.8385 0.1461 
         242  1 0.0058 0.9893 0.0049 
         243  1 0.0169 0.9315 0.0516 
         244  1 0.0106 0.9549 0.0345 
         251  1 0.0474 0.9233 0.0293 
         266  1 0.0090 0.3614 0.6296 
         267  1 0.0369 0.0209 0.9423 
         268  1 0.0068 0.0073 0.9858 
         270  1 0.9812 0.0103 0.0085 
         276  1 0.9536 0.0124 0.0340 
         298  1 0.0073 0.0087 0.9840 
         306  1 0.0062 0.0295 0.9643 
         308  1 0.0134 0.0250 0.9616 
         311  1 0.0213 0.2218 0.7569 
         323  1 0.9561 0.0315 0.0124 
         327  1 0.9756 0.0157 0.0086 
         334  1 0.0072 0.9707 0.0221 
         338  1 0.0428 0.0292 0.9280 
         341  1 0.9358 0.0393 0.0249 
         346  1 0.0424 0.0157 0.9419 
         348  1 0.0065 0.0107 0.9828 
         351  1 0.0188 0.9476 0.0335 
         362  1 0.9886 0.0059 0.0055 
         364  1 0.0079 0.9786 0.0135 
         366  1 0.0134 0.9694 0.0172 
         376  1 0.9840 0.0088 0.0072 
         377  1 0.8789 0.0340 0.0871 
         378  1 0.9792 0.0076 0.0133 
         388  1 0.0214 0.0260 0.9527 
         391  1 0.7420 0.0565 0.2015 
         401  1 0.4179 0.4960 0.0862 
         406  1 0.0656 0.1160 0.8184 
         412  1 0.0808 0.0347 0.8845 
         413  1 0.0134 0.0588 0.9278 
         421  1 0.9271 0.0253 0.0476 
         423  1 0.8119 0.1162 0.0719 
         424  1 0.1751 0.0513 0.7736 
         426  1 0.9651 0.0167 0.0182 
         430  1 0.0201 0.0073 0.9727 
         435  1 0.0079 0.0045 0.9876 
         476  1 0.9693 0.0243 0.0064 
         478  1 0.9852 0.0084 0.0064 
         484  1 0.0086 0.0071 0.9843 
         489  1 0.7395 0.0232 0.2373 
         493  1 0.0073 0.9853 0.0073 
         494  1 0.0197 0.9740 0.0063 
         500  1 0.9815 0.0141 0.0043 
         504  1 0.0667 0.0920 0.8412 
         506  1 0.0681 0.0109 0.9210 
