

----------------------------------------------------
STRUCTURE by Pritchard, Stephens and Donnelly (2000)
     and Falush, Stephens and Pritchard (2003)
       Code by Pritchard, Falush and Hubisz
             Version 2.3.4 (Jul 2012)
----------------------------------------------------



Command line arguments:   bin\structure -m M:\STRUCTURE\Squirrel_132_ID_14L_20250816\10k_Burnin_100k_MCMC\mainparams -e M:\STRUCTURE\Squirrel_132_ID_14L_20250816\10k_Burnin_100k_MCMC\extraparams 
Input File:    M:\STRUCTURE\Squirrel_132_ID_14L_20250816\project_data

Run parameters:
   132 individuals
   14 loci
   4 populations assumed
   10000 Burn-in period
   100000 Reps


--------------------------------------------
Proportion of membership of each pre-defined
 population in each of the 4 clusters

Given    Inferred Clusters              Number of
 Pop       1      2      3      4      Individuals

  1:     0.189  0.346  0.156  0.310      132
--------------------------------------------

Allele-freq. divergence among pops (Net nucleotide distance),
computed using point estimates of P.

      1       2       3       4      
 1      -    0.0417  0.0650  0.0371  
 2   0.0417     -    0.0701  0.0543  
 3   0.0650  0.0701     -    0.0553  
 4   0.0371  0.0543  0.0553     -    

Average distances (expected heterozygosity) between individuals in same cluster:
cluster  1  : 0.6664 
cluster  2  : 0.6067 
cluster  3  : 0.4886 
cluster  4  : 0.5436 

--------------------------------------------
Estimated Ln Prob of Data   = -4414.2
Mean value of ln likelihood = -4249.7
Variance of ln likelihood   = 328.9
Mean value of alpha         = 0.0448

Mean value of lambda        = 0.9927

Mean value of Fst_1         = 0.0289
Mean value of Fst_2         = 0.1378
Mean value of Fst_3         = 0.2159
Mean value of Fst_4         = 0.1742


Inferred ancestry of individuals:
        Label (%Miss) Pop:  Inferred clusters (and 90% probability intervals)
  1       1*    (0)    1 :  0.895 0.015 0.078 0.012     (0.465,1.000) (0.000,0.098) (0.000,0.495) (0.000,0.070) 
  2        3    (0)    1 :  0.009 0.011 0.011 0.968     (0.000,0.052) (0.000,0.070) (0.000,0.063) (0.817,1.000) 
  3        6    (0)    1 :  0.007 0.019 0.011 0.962     (0.000,0.039) (0.000,0.130) (0.000,0.058) (0.778,1.000) 
  4        8    (0)    1 :  0.021 0.007 0.024 0.949     (0.000,0.130) (0.000,0.035) (0.000,0.145) (0.713,1.000) 
  5       10    (0)    1 :  0.011 0.005 0.934 0.051     (0.000,0.066) (0.000,0.026) (0.648,1.000) (0.000,0.326) 
  6       11    (0)    1 :  0.834 0.034 0.036 0.095     (0.000,1.000) (0.000,0.237) (0.000,0.257) (0.000,0.768) 
  7       12    (0)    1 :  0.006 0.005 0.983 0.007     (0.000,0.030) (0.000,0.027) (0.901,1.000) (0.000,0.036) 
  8       16    (7)    1 :  0.010 0.007 0.008 0.976     (0.000,0.052) (0.000,0.037) (0.000,0.045) (0.861,1.000) 
  9       18    (0)    1 :  0.977 0.006 0.007 0.010     (0.866,1.000) (0.000,0.030) (0.000,0.042) (0.000,0.059) 
 10       19    (0)    1 :  0.922 0.031 0.013 0.034     (0.567,1.000) (0.000,0.215) (0.000,0.076) (0.000,0.255) 
 11       21    (7)    1 :  0.009 0.009 0.010 0.972     (0.000,0.050) (0.000,0.050) (0.000,0.055) (0.837,1.000) 
 12       23    (7)    1 :  0.016 0.066 0.898 0.020     (0.000,0.098) (0.000,0.439) (0.492,1.000) (0.000,0.137) 
 13       24    (7)    1 :  0.299 0.018 0.640 0.043     (0.000,1.000) (0.000,0.119) (0.000,1.000) (0.000,0.301) 
 14       25    (7)    1 :  0.018 0.012 0.889 0.080     (0.000,0.106) (0.000,0.075) (0.528,1.000) (0.000,0.403) 
 15      26*    (0)    1 :  0.029 0.008 0.232 0.731     (0.000,0.209) (0.000,0.042) (0.000,0.628) (0.347,1.000) 
 16       28    (0)    1 :  0.009 0.006 0.232 0.752     (0.000,0.050) (0.000,0.035) (0.000,1.000) (0.000,1.000) 
 17       29    (0)    1 :  0.018 0.006 0.953 0.023     (0.000,0.122) (0.000,0.032) (0.728,1.000) (0.000,0.153) 
 18       30    (0)    1 :  0.072 0.175 0.063 0.690     (0.000,0.637) (0.000,0.730) (0.000,0.507) (0.000,1.000) 
 19       33    (0)    1 :  0.972 0.016 0.007 0.005     (0.837,1.000) (0.000,0.104) (0.000,0.042) (0.000,0.029) 
 20       37    (0)    1 :  0.945 0.008 0.036 0.011     (0.677,1.000) (0.000,0.046) (0.000,0.268) (0.000,0.067) 
 21       38    (0)    1 :  0.973 0.005 0.012 0.011     (0.838,1.000) (0.000,0.025) (0.000,0.077) (0.000,0.063) 
 22       43    (0)    1 :  0.011 0.008 0.889 0.092     (0.000,0.056) (0.000,0.048) (0.520,1.000) (0.000,0.454) 
 23       44    (0)    1 :  0.007 0.008 0.006 0.979     (0.000,0.036) (0.000,0.045) (0.000,0.032) (0.880,1.000) 
 24       48    (0)    1 :  0.977 0.006 0.008 0.009     (0.866,1.000) (0.000,0.031) (0.000,0.045) (0.000,0.052) 
 25       55    (0)    1 :  0.009 0.016 0.010 0.964     (0.000,0.052) (0.000,0.109) (0.000,0.059) (0.792,1.000) 
 26       59    (0)    1 :  0.010 0.009 0.007 0.974     (0.000,0.058) (0.000,0.051) (0.000,0.037) (0.852,1.000) 
 27       60    (0)    1 :  0.120 0.400 0.472 0.008     (0.000,0.938) (0.000,1.000) (0.000,1.000) (0.000,0.044) 
 28       61    (0)    1 :  0.007 0.973 0.010 0.010     (0.000,0.040) (0.845,1.000) (0.000,0.056) (0.000,0.056) 
 29       62    (0)    1 :  0.032 0.892 0.044 0.032     (0.000,0.191) (0.394,1.000) (0.000,0.324) (0.000,0.165) 
 30       65    (0)    1 :  0.969 0.017 0.006 0.008     (0.822,1.000) (0.000,0.123) (0.000,0.033) (0.000,0.044) 
 31       73    (0)    1 :  0.022 0.822 0.137 0.020     (0.000,0.143) (0.417,1.000) (0.000,0.528) (0.000,0.131) 
 32       75    (0)    1 :  0.020 0.968 0.005 0.007     (0.000,0.137) (0.813,1.000) (0.000,0.027) (0.000,0.038) 
 33       76    (0)    1 :  0.006 0.970 0.018 0.006     (0.000,0.035) (0.825,1.000) (0.000,0.125) (0.000,0.033) 
 34       77    (0)    1 :  0.013 0.944 0.037 0.005     (0.000,0.074) (0.677,1.000) (0.000,0.259) (0.000,0.028) 
 35       78    (0)    1 :  0.009 0.976 0.008 0.008     (0.000,0.046) (0.858,1.000) (0.000,0.047) (0.000,0.044) 
 36       79    (0)    1 :  0.020 0.970 0.006 0.005     (0.000,0.138) (0.825,1.000) (0.000,0.031) (0.000,0.026) 
 37       84    (0)    1 :  0.012 0.035 0.024 0.929     (0.000,0.068) (0.000,0.258) (0.000,0.165) (0.614,1.000) 
 38       85    (0)    1 :  0.024 0.015 0.008 0.953     (0.000,0.140) (0.000,0.093) (0.000,0.035) (0.739,1.000) 
 39       86    (0)    1 :  0.173 0.038 0.042 0.747     (0.000,0.941) (0.000,0.288) (0.000,0.265) (0.000,1.000) 
 40       89    (0)    1 :  0.041 0.043 0.404 0.511     (0.000,0.286) (0.000,0.314) (0.000,1.000) (0.000,1.000) 
 41       94    (0)    1 :  0.012 0.004 0.976 0.008     (0.000,0.067) (0.000,0.023) (0.866,1.000) (0.000,0.041) 
 42       95    (0)    1 :  0.016 0.015 0.010 0.958     (0.000,0.085) (0.000,0.099) (0.000,0.055) (0.765,1.000) 
 43       96    (0)    1 :  0.009 0.010 0.044 0.937     (0.000,0.048) (0.000,0.063) (0.000,0.261) (0.665,1.000) 
 44       98    (0)    1 :  0.011 0.963 0.016 0.010     (0.000,0.060) (0.788,1.000) (0.000,0.106) (0.000,0.057) 
 45      102    (0)    1 :  0.954 0.011 0.021 0.013     (0.743,1.000) (0.000,0.075) (0.000,0.149) (0.000,0.086) 
 46      105    (0)    1 :  0.024 0.956 0.007 0.013     (0.000,0.171) (0.754,1.000) (0.000,0.042) (0.000,0.082) 
 47      106    (0)    1 :  0.041 0.872 0.008 0.079     (0.000,0.259) (0.502,1.000) (0.000,0.049) (0.000,0.367) 
 48      108    (0)    1 :  0.089 0.880 0.011 0.020     (0.000,0.539) (0.423,1.000) (0.000,0.069) (0.000,0.134) 
 49      109    (0)    1 :  0.014 0.938 0.010 0.038     (0.000,0.071) (0.679,1.000) (0.000,0.060) (0.000,0.257) 
 50      112    (0)    1 :  0.120 0.211 0.359 0.309     (0.000,0.836) (0.000,0.999) (0.000,1.000) (0.000,1.000) 
 51      115    (0)    1 :  0.894 0.025 0.069 0.012     (0.486,1.000) (0.000,0.165) (0.000,0.424) (0.000,0.065) 
 52      116    (0)    1 :  0.038 0.015 0.011 0.936     (0.000,0.258) (0.000,0.092) (0.000,0.061) (0.649,1.000) 
 53      117    (0)    1 :  0.012 0.027 0.172 0.789     (0.000,0.070) (0.000,0.188) (0.000,1.000) (0.000,1.000) 
 54      129    (0)    1 :  0.007 0.005 0.011 0.977     (0.000,0.038) (0.000,0.026) (0.000,0.057) (0.876,1.000) 
 55      132    (0)    1 :  0.195 0.134 0.660 0.010     (0.000,0.998) (0.000,0.750) (0.000,1.000) (0.000,0.058) 
 56      133    (0)    1 :  0.009 0.974 0.010 0.007     (0.000,0.050) (0.848,1.000) (0.000,0.057) (0.000,0.041) 
 57      137    (7)    1 :  0.011 0.917 0.058 0.013     (0.000,0.060) (0.528,1.000) (0.000,0.417) (0.000,0.076) 
 58      139    (0)    1 :  0.038 0.941 0.009 0.012     (0.000,0.262) (0.673,1.000) (0.000,0.051) (0.000,0.074) 
 59      140    (0)    1 :  0.017 0.948 0.006 0.029     (0.000,0.087) (0.704,1.000) (0.000,0.034) (0.000,0.181) 
 60      142    (0)    1 :  0.009 0.962 0.018 0.012     (0.000,0.050) (0.776,1.000) (0.000,0.122) (0.000,0.069) 
 61      144    (0)    1 :  0.008 0.978 0.005 0.009     (0.000,0.044) (0.875,1.000) (0.000,0.028) (0.000,0.049) 
 62      145    (0)    1 :  0.010 0.963 0.009 0.018     (0.000,0.052) (0.795,1.000) (0.000,0.051) (0.000,0.102) 
 63      147    (0)    1 :  0.008 0.978 0.005 0.009     (0.000,0.048) (0.871,1.000) (0.000,0.027) (0.000,0.054) 
 64      160    (0)    1 :  0.007 0.005 0.980 0.009     (0.000,0.037) (0.000,0.024) (0.884,1.000) (0.000,0.050) 
 65     162*    (0)    1 :  0.010 0.013 0.054 0.923     (0.000,0.055) (0.000,0.077) (0.000,0.347) (0.572,1.000) 
 66      166    (0)    1 :  0.009 0.948 0.034 0.009     (0.000,0.050) (0.728,1.000) (0.000,0.153) (0.000,0.047) 
 67      177    (0)    1 :  0.007 0.981 0.006 0.005     (0.000,0.037) (0.893,1.000) (0.000,0.035) (0.000,0.030) 
 68      178    (0)    1 :  0.012 0.944 0.033 0.010     (0.000,0.068) (0.681,1.000) (0.000,0.243) (0.000,0.061) 
 69      186    (0)    1 :  0.009 0.007 0.010 0.975     (0.000,0.047) (0.000,0.039) (0.000,0.053) (0.853,1.000) 
 70      189    (0)    1 :  0.013 0.008 0.024 0.956     (0.000,0.072) (0.000,0.043) (0.000,0.153) (0.754,1.000) 
 71      190    (0)    1 :  0.015 0.010 0.132 0.843     (0.000,0.086) (0.000,0.062) (0.000,0.996) (0.000,1.000) 
 72      191    (0)    1 :  0.008 0.017 0.013 0.962     (0.000,0.044) (0.000,0.113) (0.000,0.080) (0.778,1.000) 
 73      193    (0)    1 :  0.014 0.905 0.034 0.047     (0.000,0.075) (0.433,1.000) (0.000,0.236) (0.000,0.331) 
 74      202    (0)    1 :  0.200 0.013 0.694 0.093     (0.000,0.860) (0.000,0.081) (0.033,1.000) (0.000,0.496) 
 75      204    (0)    1 :  0.005 0.004 0.010 0.981     (0.000,0.025) (0.000,0.023) (0.000,0.048) (0.897,1.000) 
 76      211    (0)    1 :  0.042 0.536 0.411 0.010     (0.000,0.295) (0.000,1.000) (0.000,1.000) (0.000,0.056) 
 77      216    (0)    1 :  0.007 0.961 0.027 0.006     (0.000,0.037) (0.765,1.000) (0.000,0.193) (0.000,0.033) 
 78      222    (0)    1 :  0.089 0.883 0.017 0.011     (0.000,0.661) (0.308,1.000) (0.000,0.108) (0.000,0.061) 
 79      224    (0)    1 :  0.021 0.011 0.024 0.944     (0.000,0.112) (0.000,0.066) (0.000,0.166) (0.695,1.000) 
 80      226    (0)    1 :  0.041 0.011 0.010 0.939     (0.000,0.280) (0.000,0.065) (0.000,0.055) (0.656,1.000) 
 81      229    (0)    1 :  0.133 0.046 0.037 0.784     (0.000,0.894) (0.000,0.333) (0.000,0.254) (0.000,1.000) 
 82      230    (0)    1 :  0.045 0.037 0.022 0.897     (0.000,0.284) (0.000,0.235) (0.000,0.135) (0.524,1.000) 
 83      232    (0)    1 :  0.049 0.115 0.509 0.327     (0.000,0.343) (0.000,0.607) (0.000,1.000) (0.000,1.000) 
 84      238    (0)    1 :  0.762 0.209 0.013 0.016     (0.088,1.000) (0.000,0.840) (0.000,0.079) (0.000,0.106) 
 85      242    (0)    1 :  0.982 0.006 0.005 0.008     (0.896,1.000) (0.000,0.032) (0.000,0.025) (0.000,0.043) 
 86      243    (0)    1 :  0.912 0.055 0.014 0.019     (0.547,1.000) (0.000,0.380) (0.000,0.084) (0.000,0.128) 
 87      244    (0)    1 :  0.938 0.038 0.012 0.012     (0.667,1.000) (0.000,0.271) (0.000,0.073) (0.000,0.076) 
 88      251    (0)    1 :  0.844 0.025 0.105 0.025     (0.370,1.000) (0.000,0.177) (0.000,0.568) (0.000,0.178) 
 89      266    (0)    1 :  0.359 0.619 0.012 0.010     (0.000,1.000) (0.000,1.000) (0.000,0.063) (0.000,0.060) 
 90      267    (0)    1 :  0.027 0.891 0.017 0.065     (0.000,0.181) (0.511,1.000) (0.000,0.109) (0.000,0.404) 
 91      268    (0)    1 :  0.008 0.955 0.031 0.006     (0.000,0.047) (0.734,1.000) (0.000,0.226) (0.000,0.032) 
 92      270    (0)    1 :  0.011 0.010 0.017 0.962     (0.000,0.064) (0.000,0.059) (0.000,0.105) (0.780,1.000) 
 93      276    (0)    1 :  0.015 0.042 0.021 0.922     (0.000,0.091) (0.000,0.316) (0.000,0.140) (0.572,1.000) 
 94      298    (7)    1 :  0.010 0.971 0.009 0.010     (0.000,0.057) (0.833,1.000) (0.000,0.049) (0.000,0.055) 
 95      306    (0)    1 :  0.042 0.915 0.035 0.008     (0.000,0.275) (0.469,1.000) (0.000,0.232) (0.000,0.041) 
 96      308    (0)    1 :  0.026 0.915 0.050 0.009     (0.000,0.172) (0.576,1.000) (0.000,0.340) (0.000,0.055) 
 97      311    (7)    1 :  0.216 0.732 0.029 0.022     (0.000,1.000) (0.000,1.000) (0.000,0.204) (0.000,0.149) 
 98      323    (0)    1 :  0.011 0.009 0.007 0.972     (0.000,0.065) (0.000,0.055) (0.000,0.037) (0.840,1.000) 
 99      327    (0)    1 :  0.028 0.012 0.617 0.344     (0.000,0.171) (0.000,0.068) (0.000,1.000) (0.000,0.988) 
100      334    (0)    1 :  0.954 0.026 0.013 0.007     (0.742,1.000) (0.000,0.186) (0.000,0.062) (0.000,0.040) 
101      338    (0)    1 :  0.039 0.893 0.033 0.034     (0.000,0.242) (0.409,1.000) (0.000,0.242) (0.000,0.238) 
102      341    (0)    1 :  0.036 0.023 0.078 0.863     (0.000,0.236) (0.000,0.157) (0.000,0.524) (0.345,1.000) 
103      346    (0)    1 :  0.015 0.542 0.426 0.017     (0.000,0.085) (0.000,1.000) (0.000,1.000) (0.000,0.092) 
104      348    (0)    1 :  0.012 0.975 0.005 0.008     (0.000,0.071) (0.854,1.000) (0.000,0.029) (0.000,0.045) 
105      351    (0)    1 :  0.837 0.035 0.115 0.013     (0.098,1.000) (0.000,0.248) (0.000,0.708) (0.000,0.076) 
106      362    (0)    1 :  0.006 0.006 0.037 0.951     (0.000,0.032) (0.000,0.035) (0.000,0.244) (0.719,1.000) 
107      364    (0)    1 :  0.966 0.014 0.012 0.008     (0.800,1.000) (0.000,0.087) (0.000,0.079) (0.000,0.045) 
108      366    (0)    1 :  0.955 0.016 0.014 0.015     (0.738,1.000) (0.000,0.096) (0.000,0.085) (0.000,0.089) 
109      376    (0)    1 :  0.010 0.008 0.020 0.962     (0.000,0.052) (0.000,0.043) (0.000,0.133) (0.782,1.000) 
110      377    (7)    1 :  0.043 0.053 0.660 0.244     (0.000,0.292) (0.000,0.386) (0.000,1.000) (0.000,0.874) 
111      378    (0)    1 :  0.005 0.009 0.976 0.010     (0.000,0.027) (0.000,0.056) (0.861,1.000) (0.000,0.060) 
112      388    (0)    1 :  0.029 0.882 0.073 0.016     (0.000,0.199) (0.436,1.000) (0.000,0.463) (0.000,0.101) 
113      391    (0)    1 :  0.046 0.167 0.631 0.156     (0.000,0.347) (0.000,0.797) (0.036,1.000) (0.000,0.657) 
114      401    (0)    1 :  0.373 0.099 0.015 0.514     (0.000,1.000) (0.000,0.507) (0.000,0.076) (0.000,1.000) 
115      406    (0)    1 :  0.135 0.683 0.113 0.069     (0.000,0.992) (0.000,1.000) (0.000,0.833) (0.000,0.499) 
116      412    (7)    1 :  0.037 0.806 0.106 0.050     (0.000,0.236) (0.000,1.000) (0.000,0.739) (0.000,0.372) 
117      413    (0)    1 :  0.062 0.912 0.013 0.014     (0.000,0.403) (0.533,1.000) (0.000,0.075) (0.000,0.074) 
118      421    (0)    1 :  0.046 0.065 0.035 0.855     (0.000,0.329) (0.000,0.433) (0.000,0.256) (0.379,1.000) 
119      423    (0)    1 :  0.135 0.063 0.023 0.779     (0.000,0.969) (0.000,0.460) (0.000,0.154) (0.000,1.000) 
120      424    (0)    1 :  0.058 0.521 0.369 0.051     (0.000,0.416) (0.000,1.000) (0.000,1.000) (0.000,0.386) 
121      426    (0)    1 :  0.020 0.017 0.902 0.061     (0.000,0.139) (0.000,0.109) (0.510,1.000) (0.000,0.415) 
122      430    (7)    1 :  0.008 0.945 0.029 0.019     (0.000,0.040) (0.689,1.000) (0.000,0.167) (0.000,0.113) 
123      435    (0)    1 :  0.005 0.969 0.019 0.006     (0.000,0.028) (0.820,1.000) (0.000,0.131) (0.000,0.034) 
124      476    (0)    1 :  0.021 0.007 0.010 0.962     (0.000,0.147) (0.000,0.039) (0.000,0.061) (0.786,1.000) 
125      478    (0)    1 :  0.009 0.007 0.014 0.969     (0.000,0.052) (0.000,0.041) (0.000,0.089) (0.817,1.000) 
126      484    (0)    1 :  0.008 0.969 0.012 0.011     (0.000,0.045) (0.819,1.000) (0.000,0.077) (0.000,0.064) 
127      489    (0)    1 :  0.008 0.068 0.899 0.025     (0.000,0.041) (0.000,0.456) (0.486,1.000) (0.000,0.179) 
128      493    (0)    1 :  0.974 0.009 0.010 0.007     (0.847,1.000) (0.000,0.053) (0.000,0.062) (0.000,0.040) 
129      494    (0)    1 :  0.947 0.008 0.029 0.016     (0.693,1.000) (0.000,0.044) (0.000,0.219) (0.000,0.105) 
130      500    (0)    1 :  0.011 0.005 0.012 0.971     (0.000,0.054) (0.000,0.026) (0.000,0.069) (0.846,1.000) 
131      504    (0)    1 :  0.084 0.818 0.047 0.050     (0.000,0.517) (0.354,1.000) (0.000,0.296) (0.000,0.358) 
132      506    (0)    1 :  0.012 0.848 0.014 0.126     (0.000,0.065) (0.410,1.000) (0.000,0.088) (0.000,0.567) 


Estimated Allele Frequencies in each cluster
First column gives estimated ancestral frequencies


Locus 1 : Rsu5 
5 alleles
0.0% missing data
 137   (0.705) 0.686 0.687 0.854 0.976 
 135   (0.099) 0.102 0.043 0.078 0.007 
 139   (0.132) 0.170 0.041 0.062 0.013 
 133   (0.025) 0.022 0.002 0.002 0.001 
 131   (0.039) 0.019 0.228 0.004 0.002 

Locus 2 : Scv1 
5 alleles
0.0% missing data
 181   (0.576) 0.641 0.340 0.663 0.770 
 179   (0.189) 0.176 0.216 0.142 0.080 
 177   (0.094) 0.068 0.177 0.178 0.007 
 185   (0.110) 0.079 0.266 0.013 0.142 
 171   (0.031) 0.036 0.002 0.003 0.002 

Locus 3 : Rsu4 
9 alleles
0.0% missing data
 267   (0.217) 0.267 0.090 0.075 0.231 
 263   (0.305) 0.270 0.421 0.684 0.356 
 259   (0.044) 0.020 0.003 0.045 0.234 
 287   (0.168) 0.144 0.196 0.144 0.154 
 275   (0.054) 0.087 0.007 0.005 0.003 
 279   (0.084) 0.093 0.089 0.020 0.007 
 283   (0.057) 0.048 0.188 0.005 0.003 
 291   (0.042) 0.035 0.003 0.019 0.010 
 271   (0.030) 0.036 0.002 0.003 0.002 

Locus 4 : Rsu6 
5 alleles
0.0% missing data
 120   (0.254) 0.224 0.199 0.473 0.268 
 126   (0.599) 0.634 0.790 0.475 0.526 
 124   (0.081) 0.067 0.007 0.046 0.193 
 130   (0.041) 0.064 0.003 0.004 0.002 
 114   (0.025) 0.012 0.002 0.003 0.011 

Locus 5 : Scv23 
3 alleles
0.8% missing data
 158   (0.486) 0.471 0.633 0.510 0.575 
 164   (0.235) 0.257 0.107 0.157 0.214 
 160   (0.279) 0.272 0.260 0.333 0.211 

Locus 6 : Scv13 
5 alleles
0.0% missing data
 182   (0.708) 0.685 0.798 0.956 0.858 
 180   (0.091) 0.108 0.007 0.017 0.116 
 172   (0.075) 0.068 0.133 0.014 0.005 
 184   (0.080) 0.104 0.012 0.008 0.019 
 174   (0.046) 0.035 0.050 0.004 0.003 

Locus 7 : Scv32 
18 alleles
0.0% missing data
 236   (0.045) 0.099 0.004 0.004 0.003 
 238   (0.050) 0.037 0.086 0.036 0.003 
 234   (0.112) 0.076 0.396 0.114 0.163 
 246   (0.044) 0.022 0.008 0.024 0.234 
 248   (0.104) 0.127 0.013 0.330 0.079 
 262   (0.100) 0.083 0.064 0.130 0.158 
 232   (0.186) 0.285 0.211 0.021 0.165 
 250   (0.025) 0.012 0.002 0.208 0.002 
 228   (0.026) 0.034 0.002 0.003 0.002 
 220   (0.042) 0.025 0.003 0.026 0.144 
 264   (0.061) 0.055 0.021 0.062 0.016 
 252   (0.037) 0.018 0.064 0.004 0.011 
 254   (0.040) 0.029 0.071 0.008 0.002 
 242   (0.026) 0.034 0.002 0.003 0.002 
 266   (0.026) 0.014 0.029 0.003 0.002 
 244   (0.034) 0.019 0.020 0.019 0.004 
 226   (0.022) 0.011 0.002 0.002 0.011 
 240   (0.021) 0.020 0.002 0.002 0.001 

Locus 8 : Scv8 
6 alleles
0.0% missing data
 200   (0.622) 0.651 0.576 0.806 0.765 
 202   (0.100) 0.131 0.077 0.018 0.006 
 194   (0.088) 0.053 0.078 0.041 0.122 
 204   (0.053) 0.039 0.004 0.105 0.014 
 198   (0.084) 0.089 0.007 0.025 0.089 
 188   (0.053) 0.037 0.258 0.005 0.003 

Locus 9 : Scv9 
5 alleles
0.0% missing data
 198   (0.271) 0.229 0.443 0.507 0.253 
 200   (0.383) 0.461 0.177 0.318 0.470 
 196   (0.266) 0.271 0.326 0.160 0.209 
 204   (0.056) 0.028 0.043 0.013 0.067 
 202   (0.024) 0.011 0.011 0.002 0.001 

Locus 10 : Rsu1 
6 alleles
0.0% missing data
 189   (0.352) 0.462 0.211 0.120 0.230 
 185   (0.235) 0.210 0.521 0.094 0.222 
 177   (0.080) 0.061 0.036 0.015 0.088 
 181   (0.249) 0.226 0.226 0.700 0.135 
 193   (0.051) 0.025 0.004 0.066 0.175 
 197   (0.033) 0.016 0.002 0.004 0.150 

Locus 11 : Scv14 
7 alleles
4.5% missing data
 196   (0.499) 0.460 0.612 0.831 0.840 
 198   (0.098) 0.111 0.078 0.058 0.006 
 194   (0.159) 0.183 0.095 0.064 0.057 
 202   (0.171) 0.194 0.205 0.024 0.092 
 204   (0.024) 0.022 0.002 0.003 0.001 
 190   (0.025) 0.014 0.002 0.018 0.002 
 200   (0.025) 0.017 0.006 0.003 0.002 

Locus 12 : Scv16 
7 alleles
0.0% missing data
 182   (0.362) 0.318 0.489 0.693 0.419 
 184   (0.447) 0.505 0.389 0.285 0.479 
 188   (0.080) 0.105 0.005 0.008 0.096 
 200   (0.025) 0.022 0.002 0.002 0.001 
 198   (0.033) 0.016 0.071 0.007 0.002 
 190   (0.029) 0.014 0.042 0.003 0.002 
 186   (0.025) 0.021 0.003 0.002 0.001 

Locus 13 : Scv31 
15 alleles
3.0% missing data
 193   (0.107) 0.099 0.115 0.512 0.016 
 201   (0.126) 0.180 0.028 0.065 0.046 
 187   (0.076) 0.040 0.048 0.087 0.280 
 207   (0.027) 0.013 0.002 0.003 0.188 
 195   (0.066) 0.035 0.101 0.046 0.073 
 185   (0.158) 0.153 0.307 0.085 0.109 
 189   (0.083) 0.152 0.006 0.104 0.005 
 205   (0.022) 0.021 0.002 0.002 0.001 
 191   (0.129) 0.096 0.276 0.073 0.224 
 197   (0.037) 0.020 0.063 0.006 0.014 
 199   (0.054) 0.060 0.045 0.006 0.003 
 203   (0.035) 0.050 0.002 0.003 0.002 
 209   (0.029) 0.035 0.002 0.004 0.002 
 213   (0.029) 0.035 0.002 0.003 0.002 
 181   (0.023) 0.011 0.002 0.002 0.035 

Locus 14 : Scv6 
8 alleles
0.0% missing data
 191   (0.142) 0.173 0.015 0.199 0.095 
 195   (0.349) 0.320 0.429 0.506 0.549 
 197   (0.187) 0.143 0.237 0.241 0.304 
 201   (0.098) 0.138 0.058 0.024 0.006 
 205   (0.030) 0.036 0.002 0.003 0.002 
 193   (0.085) 0.098 0.142 0.009 0.007 
 199   (0.078) 0.057 0.116 0.016 0.035 
 181   (0.030) 0.036 0.002 0.003 0.002 

Values of parameters used in structure:
DATAFILE=M:\STRUCTURE\Squirrel_132_ID_14L_20250816\project_data,	OUTFILE=M:\STRUCTURE\Squirrel_132_ID_14L_20250816\10k_Burnin_100k_MCMC\Results\10k_Burnin_100k_MCMC_run_93,	NUMINDS=132,	NUMLOCI=14,	MISSING=-9,	LABEL=1,	POPDATA=1,	POPFLAG=0,	PHENOTYPE=0,	EXTRACOLS=1,	MAXPOPS=4,	BURNIN=10000,	NUMREPS=100000,	USEPOPINFO=0,	INFERALPHA=1,	INFERLAMBDA=1,	POPSPECIFICLAMBDA=0,	POPALPHAS=0,	COMPUTEPROB=1,	NOADMIX=0,	ADMBURNIN=2500,	UPDATEFREQ=1,	PRINTLIKES=0,	INTERMEDSAVE=0,	PRINTKLD=0,	PRINTNET=0,	PRINTLAMBDA=0,	ANCESTDIST=1,	NUMBOXES=1000,	ANCESTPINT=0.90000,	GENSBACK=2,	MIGRPRIOR=0.05000,	PRINTQHAT=1,	PRINTQSUM=0,	ALPHA=1.0000,	FREQSCORR=1,	FPRIORMEAN=0.0100,	FPRIORSD=0.0500,	ONEFST=0,	LAMBDA=1.0000,	UNIFPRIORALPHA=1,	ALPHAMAX=10.0000,	ALPHAPRIORA=1.0000,	ALPHAPRIORB=2.0000,	ALPHAPROPSD=0.0250,	STARTATPOPINFO=0,	RANDOMIZE=1,	LINKAGE=0,	METROFREQ=10,	REPORTHITRATE=0,	MARKOVPHASE=-1,	PHASED=0,	PLOIDY=2,	PHASEINFO=0	LOCPRIOR=0, 	LOCPRIORINIT=1.000000, 	LOCDATA=0, 	LOCISPOP=0, 	LOCPRIORSTEP=0.100000, 	MAXLOCPRIOR=20.000000, 	SEED=1763820232,	
[STRAT parameters]:    NUMSIMSTATS=1000,	PHENOTYPECOL=-9,	POOLFREQ=10,	LOCUSxONLY=0,	EMERROR=0.00100,	MISSINGPHENO=-9,	