          1*  1 0.8814 0.0154 0.0607 0.0093 0.0252 0.0080 
           3  1 0.0055 0.9700 0.0058 0.0064 0.0072 0.0051 
           6  1 0.0065 0.9312 0.0089 0.0236 0.0136 0.0162 
           8  1 0.0126 0.0080 0.0117 0.9554 0.0084 0.0039 
          10  1 0.0102 0.0119 0.9054 0.0628 0.0046 0.0051 
          11  1 0.7663 0.0234 0.0272 0.0870 0.0213 0.0748 
          12  1 0.0048 0.0065 0.9726 0.0057 0.0046 0.0057 
          16  1 0.0069 0.9595 0.0068 0.0165 0.0048 0.0055 
          18  1 0.9636 0.0076 0.0071 0.0101 0.0069 0.0047 
          19  1 0.8493 0.0143 0.0121 0.0490 0.0348 0.0406 
          21  1 0.0066 0.9442 0.0074 0.0287 0.0055 0.0077 
          23  1 0.0150 0.0375 0.7956 0.0183 0.0179 0.1157 
          24  1 0.2708 0.0158 0.5488 0.1136 0.0101 0.0408 
          25  1 0.0193 0.0745 0.7979 0.0821 0.0093 0.0169 
         26*  1 0.0315 0.1883 0.2590 0.5048 0.0107 0.0056 
          28  1 0.0072 0.0329 0.1329 0.8128 0.0067 0.0075 
          29  1 0.0152 0.0066 0.9214 0.0446 0.0066 0.0056 
          30  1 0.0360 0.2000 0.0865 0.1894 0.4784 0.0096 
          33  1 0.9503 0.0064 0.0055 0.0047 0.0119 0.0212 
          37  1 0.9289 0.0098 0.0372 0.0087 0.0071 0.0083 
          38  1 0.9591 0.0087 0.0124 0.0103 0.0048 0.0048 
          43  1 0.0098 0.0320 0.8075 0.1329 0.0102 0.0076 
          44  1 0.0069 0.1867 0.0056 0.7833 0.0111 0.0063 
          48  1 0.9643 0.0115 0.0066 0.0069 0.0062 0.0045 
          55  1 0.0125 0.0867 0.0120 0.8533 0.0245 0.0110 
          59  1 0.0067 0.9686 0.0044 0.0077 0.0078 0.0048 
          60  1 0.1682 0.0299 0.2657 0.0067 0.2396 0.2898 
          61  1 0.0085 0.0147 0.0084 0.0092 0.0615 0.8977 
          62  1 0.0193 0.0128 0.0231 0.0176 0.0182 0.9090 
          65  1 0.9459 0.0058 0.0060 0.0090 0.0220 0.0113 
          73  1 0.0117 0.0082 0.1030 0.0159 0.8540 0.0071 
          75  1 0.0160 0.0094 0.0040 0.0054 0.0635 0.9018 
          76  1 0.0046 0.0051 0.0080 0.0045 0.0080 0.9698 
          77  1 0.0063 0.0050 0.0100 0.0043 0.0061 0.9682 
          78  1 0.0121 0.0059 0.0169 0.0133 0.8276 0.1242 
          79  1 0.0113 0.0042 0.0043 0.0075 0.0687 0.9040 
          84  1 0.0119 0.8715 0.0214 0.0407 0.0231 0.0314 
          85  1 0.0103 0.0087 0.0062 0.9567 0.0106 0.0075 
          86  1 0.0236 0.0050 0.0161 0.9302 0.0152 0.0099 
          89  1 0.0314 0.6446 0.2368 0.0162 0.0163 0.0546 
          94  1 0.0117 0.0064 0.9639 0.0082 0.0049 0.0049 
          95  1 0.0138 0.9369 0.0067 0.0194 0.0164 0.0068 
          96  1 0.0052 0.0065 0.0097 0.9660 0.0055 0.0071 
          98  1 0.0099 0.0096 0.0133 0.0086 0.7826 0.1760 
         102  1 0.9190 0.0327 0.0181 0.0069 0.0083 0.0150 
         105  1 0.0093 0.0068 0.0056 0.0059 0.9672 0.0052 
         106  1 0.0297 0.1409 0.0065 0.0367 0.3134 0.4729 
         108  1 0.0672 0.0100 0.0102 0.0110 0.8769 0.0248 
         109  1 0.0075 0.0101 0.0056 0.0129 0.9473 0.0165 
         112  1 0.0429 0.0178 0.0761 0.2753 0.0145 0.5734 
         115  1 0.8721 0.0114 0.0657 0.0120 0.0264 0.0124 
         116  1 0.0123 0.0084 0.0066 0.9536 0.0121 0.0070 
         117  1 0.0171 0.7618 0.1123 0.0661 0.0257 0.0169 
         129  1 0.0081 0.0542 0.0101 0.9167 0.0069 0.0040 
         132  1 0.2641 0.0218 0.5378 0.0067 0.0922 0.0773 
         133  1 0.0086 0.0109 0.0112 0.0053 0.7528 0.2112 
         137  1 0.0108 0.0131 0.0247 0.0096 0.0361 0.9056 
         139  1 0.0235 0.0107 0.0063 0.0099 0.0280 0.9216 
         140  1 0.0103 0.0172 0.0056 0.0107 0.9332 0.0230 
         142  1 0.0065 0.0166 0.0094 0.0061 0.0104 0.9511 
         144  1 0.0051 0.0068 0.0042 0.0047 0.9738 0.0055 
         145  1 0.0084 0.0104 0.0068 0.0089 0.0145 0.9510 
         147  1 0.0062 0.0040 0.0039 0.0096 0.9682 0.0082 
         160  1 0.0064 0.0075 0.9693 0.0075 0.0046 0.0046 
        162*  1 0.0054 0.0055 0.0117 0.9641 0.0062 0.0071 
         166  1 0.0113 0.0151 0.0109 0.0066 0.7104 0.2455 
         177  1 0.0042 0.0041 0.0039 0.0037 0.0060 0.9780 
         178  1 0.0186 0.0080 0.0233 0.0134 0.0381 0.8986 
         186  1 0.0046 0.9767 0.0054 0.0053 0.0037 0.0043 
         189  1 0.0061 0.0064 0.0107 0.9649 0.0040 0.0079 
         190  1 0.0242 0.0525 0.0959 0.7964 0.0121 0.0190 
         191  1 0.0102 0.2822 0.0197 0.6312 0.0292 0.0275 
         193  1 0.0151 0.0443 0.0233 0.0189 0.0303 0.8682 
         202  1 0.1201 0.0214 0.5836 0.2443 0.0099 0.0208 
         204  1 0.0054 0.2880 0.0101 0.6863 0.0060 0.0043 
         211  1 0.0461 0.0140 0.3926 0.0082 0.4249 0.1141 
         216  1 0.0066 0.0051 0.0215 0.0064 0.9252 0.0351 
         222  1 0.0311 0.0043 0.0089 0.0248 0.9143 0.0165 
         224  1 0.0082 0.0068 0.0116 0.9593 0.0076 0.0065 
         226  1 0.0096 0.9664 0.0055 0.0072 0.0058 0.0055 
         229  1 0.0983 0.0333 0.0442 0.6595 0.0876 0.0771 
         230  1 0.0287 0.0348 0.0237 0.8483 0.0171 0.0474 
         232  1 0.0441 0.1949 0.3963 0.1043 0.0336 0.2268 
         238  1 0.7061 0.0071 0.0113 0.0342 0.0473 0.1940 
         242  1 0.9709 0.0063 0.0043 0.0070 0.0073 0.0041 
         243  1 0.8706 0.0311 0.0104 0.0098 0.0437 0.0344 
         244  1 0.8284 0.0068 0.0110 0.0161 0.0101 0.1277 
         251  1 0.7741 0.0104 0.1274 0.0422 0.0180 0.0278 
         266  1 0.2004 0.0145 0.0094 0.0093 0.0225 0.7438 
         267  1 0.0133 0.0338 0.0078 0.0135 0.9215 0.0100 
         268  1 0.0112 0.0082 0.0449 0.0052 0.6799 0.2505 
         270  1 0.0085 0.0179 0.0158 0.9403 0.0105 0.0071 
         276  1 0.0202 0.2414 0.0227 0.5993 0.0412 0.0751 
         298  1 0.0110 0.0152 0.0103 0.0064 0.8521 0.1050 
         306  1 0.0803 0.0117 0.0256 0.0087 0.1755 0.6982 
         308  1 0.0458 0.0084 0.0997 0.0144 0.1959 0.6358 
         311  1 0.1577 0.0108 0.0338 0.0355 0.6842 0.0781 
         323  1 0.0079 0.9696 0.0046 0.0076 0.0059 0.0043 
         327  1 0.0251 0.0219 0.3673 0.5595 0.0172 0.0091 
         334  1 0.9158 0.0045 0.0097 0.0133 0.0422 0.0146 
         338  1 0.0241 0.0294 0.0279 0.0243 0.8209 0.0735 
         341  1 0.0081 0.9622 0.0085 0.0077 0.0063 0.0071 
         346  1 0.0104 0.0225 0.0748 0.0100 0.0188 0.8635 
         348  1 0.0179 0.0069 0.0059 0.0095 0.7914 0.1683 
         351  1 0.8226 0.0157 0.0950 0.0099 0.0257 0.0311 
         362  1 0.0064 0.0972 0.0438 0.8400 0.0066 0.0061 
         364  1 0.9468 0.0106 0.0112 0.0057 0.0109 0.0150 
         366  1 0.9311 0.0129 0.0089 0.0168 0.0203 0.0099 
         376  1 0.0075 0.9312 0.0141 0.0252 0.0045 0.0175 
         377  1 0.0195 0.0268 0.4820 0.3978 0.0541 0.0198 
         378  1 0.0048 0.0131 0.9541 0.0067 0.0068 0.0144 
         388  1 0.0136 0.0097 0.0279 0.0115 0.9237 0.0136 
         391  1 0.0137 0.6147 0.3164 0.0069 0.0161 0.0323 
         401  1 0.2823 0.1330 0.0123 0.3168 0.0126 0.2430 
         406  1 0.0912 0.1731 0.0371 0.0142 0.5251 0.1593 
         412  1 0.0350 0.0353 0.0789 0.0385 0.5581 0.2542 
         413  1 0.0311 0.0051 0.0105 0.0319 0.0257 0.8957 
         421  1 0.0209 0.0193 0.0125 0.8567 0.0301 0.0605 
         423  1 0.0250 0.0094 0.0112 0.9120 0.0288 0.0136 
         424  1 0.0370 0.5484 0.1043 0.0115 0.0728 0.2260 
         426  1 0.0241 0.0868 0.8203 0.0294 0.0124 0.0271 
         430  1 0.0108 0.0438 0.0291 0.0153 0.1552 0.7457 
         435  1 0.0043 0.0046 0.0124 0.0059 0.0281 0.9446 
         476  1 0.0308 0.7768 0.0156 0.1525 0.0052 0.0190 
         478  1 0.0294 0.7217 0.0173 0.2091 0.0141 0.0083 
         484  1 0.0068 0.0152 0.0093 0.0069 0.9102 0.0517 
         489  1 0.0063 0.0069 0.8046 0.0513 0.1216 0.0093 
         493  1 0.9593 0.0067 0.0103 0.0075 0.0081 0.0081 
         494  1 0.9210 0.0096 0.0345 0.0192 0.0070 0.0087 
         500  1 0.0079 0.0371 0.0083 0.9377 0.0047 0.0044 
         504  1 0.0359 0.0085 0.0331 0.0496 0.8558 0.0172 
         506  1 0.0058 0.0199 0.0066 0.0235 0.9393 0.0049 
