

----------------------------------------------------
STRUCTURE by Pritchard, Stephens and Donnelly (2000)
     and Falush, Stephens and Pritchard (2003)
       Code by Pritchard, Falush and Hubisz
             Version 2.3.4 (Jul 2012)
----------------------------------------------------



Command line arguments:   bin\structure -m M:\STRUCTURE\Squirrel_132_ID_14L_20250816\10k_Burnin_100k_MCMC\mainparams -e M:\STRUCTURE\Squirrel_132_ID_14L_20250816\10k_Burnin_100k_MCMC\extraparams 
Input File:    M:\STRUCTURE\Squirrel_132_ID_14L_20250816\project_data

Run parameters:
   132 individuals
   14 loci
   5 populations assumed
   10000 Burn-in period
   100000 Reps


--------------------------------------------
Proportion of membership of each pre-defined
 population in each of the 5 clusters

Given    Inferred Clusters                     Number of
 Pop       1      2      3      4      5      Individuals

  1:     0.150  0.342  0.192  0.135  0.181      132
--------------------------------------------

Allele-freq. divergence among pops (Net nucleotide distance),
computed using point estimates of P.

      1       2       3       4       5      
 1      -    0.0855  0.0725  0.0963  0.0611  
 2   0.0855     -    0.0588  0.0833  0.0461  
 3   0.0725  0.0588     -    0.0735  0.0488  
 4   0.0963  0.0833  0.0735     -    0.0794  
 5   0.0611  0.0461  0.0488  0.0794     -    

Average distances (expected heterozygosity) between individuals in same cluster:
cluster  1  : 0.4635 
cluster  2  : 0.6077 
cluster  3  : 0.5522 
cluster  4  : 0.4611 
cluster  5  : 0.6636 

--------------------------------------------
Estimated Ln Prob of Data   = -4298.5
Mean value of ln likelihood = -4140.9
Variance of ln likelihood   = 315.2
Mean value of alpha         = 0.0471

Mean value of lambda        = 1.0156

Mean value of Fst_1         = 0.2836
Mean value of Fst_2         = 0.1418
Mean value of Fst_3         = 0.1879
Mean value of Fst_4         = 0.2607
Mean value of Fst_5         = 0.0384


Inferred ancestry of individuals:
        Label (%Miss) Pop:  Inferred clusters (and 90% probability intervals)
  1       1*    (0)    1 :  0.018 0.016 0.009 0.060 0.897     (0.000,0.116) (0.000,0.105) (0.000,0.051) (0.000,0.399) (0.525,1.000) 
  2        3    (0)    1 :  0.975 0.007 0.007 0.006 0.006     (0.866,1.000) (0.000,0.038) (0.000,0.038) (0.000,0.034) (0.000,0.031) 
  3        6    (0)    1 :  0.949 0.016 0.019 0.009 0.007     (0.733,1.000) (0.000,0.101) (0.000,0.128) (0.000,0.055) (0.000,0.037) 
  4        8    (0)    1 :  0.009 0.006 0.956 0.015 0.014     (0.000,0.051) (0.000,0.031) (0.772,1.000) (0.000,0.092) (0.000,0.088) 
  5       10    (0)    1 :  0.013 0.005 0.075 0.896 0.012     (0.000,0.088) (0.000,0.026) (0.000,0.426) (0.539,1.000) (0.000,0.070) 
  6       11    (0)    1 :  0.026 0.043 0.088 0.028 0.815     (0.000,0.192) (0.000,0.313) (0.000,0.596) (0.000,0.193) (0.004,1.000) 
  7       12    (0)    1 :  0.007 0.005 0.006 0.976 0.005     (0.000,0.040) (0.000,0.028) (0.000,0.034) (0.874,1.000) (0.000,0.026) 
  8       16    (7)    1 :  0.964 0.005 0.015 0.008 0.007     (0.811,1.000) (0.000,0.029) (0.000,0.094) (0.000,0.048) (0.000,0.040) 
  9       18    (0)    1 :  0.009 0.006 0.011 0.008 0.966     (0.000,0.054) (0.000,0.031) (0.000,0.068) (0.000,0.043) (0.824,1.000) 
 10       19    (0)    1 :  0.014 0.037 0.046 0.012 0.891     (0.000,0.088) (0.000,0.265) (0.000,0.333) (0.000,0.073) (0.489,1.000) 
 11       21    (7)    1 :  0.946 0.007 0.031 0.009 0.007     (0.730,1.000) (0.000,0.042) (0.000,0.210) (0.000,0.050) (0.000,0.038) 
 12       23    (7)    1 :  0.030 0.080 0.018 0.857 0.015     (0.000,0.221) (0.000,0.473) (0.000,0.122) (0.440,1.000) (0.000,0.091) 
 13       24    (7)    1 :  0.016 0.021 0.125 0.508 0.330     (0.000,0.114) (0.000,0.147) (0.000,0.670) (0.000,1.000) (0.000,0.997) 
 14       25    (7)    1 :  0.063 0.014 0.085 0.821 0.018     (0.000,0.348) (0.000,0.087) (0.000,0.402) (0.480,1.000) (0.000,0.116) 
 15      26*    (0)    1 :  0.204 0.008 0.501 0.254 0.034     (0.000,0.773) (0.000,0.043) (0.000,1.000) (0.000,0.669) (0.000,0.244) 
 16       28    (0)    1 :  0.037 0.008 0.825 0.122 0.008     (0.000,0.279) (0.000,0.045) (0.000,1.000) (0.000,0.862) (0.000,0.046) 
 17       29    (0)    1 :  0.007 0.006 0.052 0.917 0.017     (0.000,0.042) (0.000,0.034) (0.000,0.360) (0.577,1.000) (0.000,0.118) 
 18       30    (0)    1 :  0.347 0.200 0.290 0.083 0.079     (0.000,1.000) (0.000,0.790) (0.000,1.000) (0.000,0.597) (0.000,0.633) 
 19       33    (0)    1 :  0.007 0.018 0.005 0.007 0.964     (0.000,0.039) (0.000,0.120) (0.000,0.028) (0.000,0.039) (0.807,1.000) 
 20       37    (0)    1 :  0.012 0.008 0.010 0.039 0.931     (0.000,0.072) (0.000,0.049) (0.000,0.056) (0.000,0.287) (0.643,1.000) 
 21       38    (0)    1 :  0.010 0.005 0.012 0.013 0.960     (0.000,0.059) (0.000,0.030) (0.000,0.070) (0.000,0.089) (0.789,1.000) 
 22       43    (0)    1 :  0.037 0.009 0.137 0.806 0.011     (0.000,0.250) (0.000,0.057) (0.000,0.537) (0.424,1.000) (0.000,0.063) 
 23       44    (0)    1 :  0.198 0.009 0.779 0.006 0.007     (0.000,0.605) (0.000,0.051) (0.361,1.000) (0.000,0.036) (0.000,0.037) 
 24       48    (0)    1 :  0.015 0.005 0.008 0.008 0.964     (0.000,0.095) (0.000,0.030) (0.000,0.043) (0.000,0.044) (0.809,1.000) 
 25       55    (0)    1 :  0.093 0.017 0.861 0.014 0.014     (0.000,0.510) (0.000,0.117) (0.429,1.000) (0.000,0.089) (0.000,0.093) 
 26       59    (0)    1 :  0.974 0.006 0.008 0.005 0.007     (0.862,1.000) (0.000,0.036) (0.000,0.043) (0.000,0.028) (0.000,0.041) 
 27       60    (0)    1 :  0.026 0.481 0.006 0.327 0.159     (0.000,0.193) (0.000,1.000) (0.000,0.034) (0.000,1.000) (0.000,0.985) 
 28       61    (0)    1 :  0.011 0.963 0.009 0.009 0.008     (0.000,0.068) (0.804,1.000) (0.000,0.053) (0.000,0.050) (0.000,0.045) 
 29       62    (0)    1 :  0.017 0.880 0.022 0.050 0.031     (0.000,0.101) (0.438,1.000) (0.000,0.136) (0.000,0.358) (0.000,0.191) 
 30       65    (0)    1 :  0.006 0.022 0.008 0.006 0.957     (0.000,0.035) (0.000,0.154) (0.000,0.047) (0.000,0.034) (0.778,1.000) 
 31       73    (0)    1 :  0.011 0.791 0.024 0.154 0.019     (0.000,0.069) (0.395,1.000) (0.000,0.164) (0.000,0.547) (0.000,0.126) 
 32       75    (0)    1 :  0.011 0.960 0.006 0.005 0.019     (0.000,0.070) (0.791,1.000) (0.000,0.033) (0.000,0.027) (0.000,0.131) 
 33       76    (0)    1 :  0.006 0.963 0.006 0.019 0.006     (0.000,0.037) (0.800,1.000) (0.000,0.032) (0.000,0.135) (0.000,0.032) 
 34       77    (0)    1 :  0.006 0.946 0.005 0.032 0.010     (0.000,0.034) (0.713,1.000) (0.000,0.031) (0.000,0.230) (0.000,0.056) 
 35       78    (0)    1 :  0.006 0.967 0.010 0.009 0.008     (0.000,0.036) (0.824,1.000) (0.000,0.059) (0.000,0.053) (0.000,0.047) 
 36       79    (0)    1 :  0.004 0.968 0.007 0.006 0.015     (0.000,0.023) (0.831,1.000) (0.000,0.040) (0.000,0.031) (0.000,0.104) 
 37       84    (0)    1 :  0.881 0.040 0.039 0.026 0.015     (0.531,1.000) (0.000,0.274) (0.000,0.267) (0.000,0.181) (0.000,0.096) 
 38       85    (0)    1 :  0.009 0.010 0.964 0.006 0.011     (0.000,0.054) (0.000,0.059) (0.807,1.000) (0.000,0.036) (0.000,0.059) 
 39       86    (0)    1 :  0.005 0.014 0.940 0.015 0.026     (0.000,0.031) (0.000,0.087) (0.707,1.000) (0.000,0.105) (0.000,0.182) 
 40       89    (0)    1 :  0.635 0.045 0.017 0.274 0.029     (0.213,0.994) (0.000,0.323) (0.000,0.107) (0.000,0.693) (0.000,0.204) 
 41       94    (0)    1 :  0.007 0.005 0.009 0.967 0.012     (0.000,0.040) (0.000,0.029) (0.000,0.054) (0.825,1.000) (0.000,0.070) 
 42       95    (0)    1 :  0.949 0.012 0.018 0.008 0.013     (0.729,1.000) (0.000,0.074) (0.000,0.116) (0.000,0.043) (0.000,0.078) 
 43       96    (0)    1 :  0.007 0.007 0.970 0.011 0.006     (0.000,0.037) (0.000,0.041) (0.840,1.000) (0.000,0.065) (0.000,0.032) 
 44       98    (0)    1 :  0.010 0.956 0.010 0.015 0.010     (0.000,0.059) (0.771,1.000) (0.000,0.060) (0.000,0.101) (0.000,0.053) 
 45      102    (0)    1 :  0.033 0.013 0.007 0.020 0.926     (0.000,0.233) (0.000,0.089) (0.000,0.041) (0.000,0.143) (0.663,1.000) 
 46      105    (0)    1 :  0.012 0.941 0.012 0.008 0.026     (0.000,0.077) (0.710,1.000) (0.000,0.075) (0.000,0.049) (0.000,0.184) 
 47      106    (0)    1 :  0.126 0.834 0.018 0.006 0.017     (0.000,0.430) (0.520,1.000) (0.000,0.124) (0.000,0.032) (0.000,0.103) 
 48      108    (0)    1 :  0.013 0.873 0.019 0.013 0.082     (0.000,0.084) (0.458,1.000) (0.000,0.131) (0.000,0.080) (0.000,0.487) 
 49      109    (0)    1 :  0.035 0.899 0.046 0.008 0.013     (0.000,0.234) (0.607,1.000) (0.000,0.290) (0.000,0.043) (0.000,0.070) 
 50      112    (0)    1 :  0.031 0.206 0.474 0.207 0.082     (0.000,0.229) (0.000,0.929) (0.000,1.000) (0.000,0.861) (0.000,0.584) 
 51      115    (0)    1 :  0.014 0.024 0.013 0.072 0.877     (0.000,0.088) (0.000,0.155) (0.000,0.073) (0.000,0.410) (0.476,1.000) 
 52      116    (0)    1 :  0.010 0.009 0.961 0.007 0.013     (0.000,0.054) (0.000,0.053) (0.793,1.000) (0.000,0.037) (0.000,0.083) 
 53      117    (0)    1 :  0.754 0.022 0.068 0.139 0.017     (0.000,1.000) (0.000,0.142) (0.000,0.427) (0.000,0.937) (0.000,0.110) 
 54      129    (0)    1 :  0.057 0.005 0.920 0.010 0.008     (0.000,0.371) (0.000,0.028) (0.598,1.000) (0.000,0.054) (0.000,0.052) 
 55      132    (0)    1 :  0.023 0.154 0.007 0.556 0.259     (0.000,0.164) (0.000,0.749) (0.000,0.038) (0.000,1.000) (0.000,0.996) 
 56      133    (0)    1 :  0.010 0.965 0.006 0.011 0.008     (0.000,0.062) (0.811,1.000) (0.000,0.030) (0.000,0.070) (0.000,0.045) 
 57      137    (7)    1 :  0.015 0.921 0.010 0.044 0.011     (0.000,0.090) (0.590,1.000) (0.000,0.057) (0.000,0.322) (0.000,0.058) 
 58      139    (0)    1 :  0.015 0.932 0.010 0.009 0.033     (0.000,0.104) (0.668,1.000) (0.000,0.064) (0.000,0.053) (0.000,0.231) 
 59      140    (0)    1 :  0.025 0.932 0.019 0.007 0.016     (0.000,0.169) (0.656,1.000) (0.000,0.109) (0.000,0.040) (0.000,0.086) 
 60      142    (0)    1 :  0.024 0.944 0.007 0.016 0.009     (0.000,0.174) (0.709,1.000) (0.000,0.042) (0.000,0.106) (0.000,0.050) 
 61      144    (0)    1 :  0.013 0.965 0.007 0.005 0.009     (0.000,0.085) (0.814,1.000) (0.000,0.044) (0.000,0.029) (0.000,0.050) 
 62      145    (0)    1 :  0.019 0.950 0.013 0.008 0.009     (0.000,0.127) (0.735,1.000) (0.000,0.078) (0.000,0.047) (0.000,0.050) 
 63      147    (0)    1 :  0.005 0.966 0.015 0.005 0.008     (0.000,0.030) (0.821,1.000) (0.000,0.106) (0.000,0.027) (0.000,0.047) 
 64      160    (0)    1 :  0.008 0.005 0.009 0.972 0.006     (0.000,0.049) (0.000,0.026) (0.000,0.049) (0.848,1.000) (0.000,0.034) 
 65     162*    (0)    1 :  0.007 0.007 0.968 0.012 0.006     (0.000,0.037) (0.000,0.038) (0.827,1.000) (0.000,0.075) (0.000,0.033) 
 66      166    (0)    1 :  0.014 0.951 0.007 0.019 0.009     (0.000,0.079) (0.750,1.000) (0.000,0.040) (0.000,0.079) (0.000,0.049) 
 67      177    (0)    1 :  0.005 0.976 0.005 0.006 0.007     (0.000,0.031) (0.874,1.000) (0.000,0.028) (0.000,0.032) (0.000,0.041) 
 68      178    (0)    1 :  0.008 0.933 0.012 0.033 0.014     (0.000,0.044) (0.660,1.000) (0.000,0.076) (0.000,0.245) (0.000,0.077) 
 69      186    (0)    1 :  0.979 0.004 0.006 0.006 0.005     (0.891,1.000) (0.000,0.023) (0.000,0.033) (0.000,0.031) (0.000,0.026) 
 70      189    (0)    1 :  0.007 0.006 0.970 0.011 0.006     (0.000,0.039) (0.000,0.030) (0.841,1.000) (0.000,0.070) (0.000,0.032) 
 71      190    (0)    1 :  0.055 0.017 0.813 0.092 0.024     (0.000,0.353) (0.000,0.109) (0.141,1.000) (0.000,0.668) (0.000,0.163) 
 72      191    (0)    1 :  0.320 0.050 0.594 0.024 0.012     (0.000,0.875) (0.000,0.347) (0.000,1.000) (0.000,0.172) (0.000,0.067) 
 73      193    (0)    1 :  0.047 0.886 0.023 0.031 0.013     (0.000,0.341) (0.448,1.000) (0.000,0.149) (0.000,0.221) (0.000,0.072) 
 74      202    (0)    1 :  0.021 0.014 0.238 0.590 0.137     (0.000,0.143) (0.000,0.090) (0.000,0.697) (0.121,1.000) (0.000,0.661) 
 75      204    (0)    1 :  0.325 0.005 0.654 0.010 0.005     (0.000,1.000) (0.000,0.031) (0.000,1.000) (0.000,0.057) (0.000,0.029) 
 76      211    (0)    1 :  0.016 0.569 0.008 0.367 0.040     (0.000,0.107) (0.000,1.000) (0.000,0.045) (0.000,0.997) (0.000,0.282) 
 77      216    (0)    1 :  0.006 0.953 0.007 0.028 0.007     (0.000,0.031) (0.746,1.000) (0.000,0.040) (0.000,0.200) (0.000,0.034) 
 78      222    (0)    1 :  0.007 0.879 0.048 0.017 0.050     (0.000,0.038) (0.422,1.000) (0.000,0.385) (0.000,0.106) (0.000,0.368) 
 79      224    (0)    1 :  0.008 0.008 0.962 0.012 0.008     (0.000,0.047) (0.000,0.048) (0.803,1.000) (0.000,0.080) (0.000,0.046) 
 80      226    (0)    1 :  0.969 0.006 0.008 0.006 0.011     (0.835,1.000) (0.000,0.032) (0.000,0.047) (0.000,0.033) (0.000,0.068) 
 81      229    (0)    1 :  0.042 0.131 0.646 0.050 0.130     (0.000,0.288) (0.000,0.542) (0.000,1.000) (0.000,0.366) (0.000,0.795) 
 82      230    (0)    1 :  0.034 0.037 0.870 0.023 0.035     (0.000,0.242) (0.000,0.239) (0.471,1.000) (0.000,0.162) (0.000,0.228) 
 83      232    (0)    1 :  0.229 0.140 0.110 0.470 0.050     (0.000,0.723) (0.000,0.639) (0.000,0.640) (0.000,0.997) (0.000,0.357) 
 84      238    (0)    1 :  0.008 0.244 0.034 0.013 0.701     (0.000,0.045) (0.000,0.869) (0.000,0.243) (0.000,0.087) (0.003,1.000) 
 85      242    (0)    1 :  0.006 0.006 0.008 0.005 0.975     (0.000,0.037) (0.000,0.034) (0.000,0.043) (0.000,0.026) (0.867,1.000) 
 86      243    (0)    1 :  0.032 0.062 0.010 0.013 0.882     (0.000,0.240) (0.000,0.395) (0.000,0.064) (0.000,0.079) (0.511,1.000) 
 87      244    (0)    1 :  0.007 0.045 0.017 0.012 0.918     (0.000,0.043) (0.000,0.309) (0.000,0.118) (0.000,0.081) (0.618,1.000) 
 88      251    (0)    1 :  0.011 0.026 0.043 0.118 0.803     (0.000,0.068) (0.000,0.175) (0.000,0.320) (0.000,0.580) (0.329,1.000) 
 89      266    (0)    1 :  0.011 0.669 0.011 0.010 0.298     (0.000,0.066) (0.000,1.000) (0.000,0.069) (0.000,0.057) (0.000,0.990) 
 90      267    (0)    1 :  0.103 0.827 0.036 0.012 0.023     (0.000,0.481) (0.444,1.000) (0.000,0.260) (0.000,0.067) (0.000,0.154) 
 91      268    (0)    1 :  0.007 0.947 0.005 0.032 0.009     (0.000,0.039) (0.720,1.000) (0.000,0.028) (0.000,0.230) (0.000,0.050) 
 92      270    (0)    1 :  0.018 0.009 0.950 0.015 0.009     (0.000,0.121) (0.000,0.049) (0.738,1.000) (0.000,0.093) (0.000,0.051) 
 93      276    (0)    1 :  0.239 0.102 0.609 0.028 0.022     (0.000,0.815) (0.000,0.583) (0.000,1.000) (0.000,0.200) (0.000,0.139) 
 94      298    (7)    1 :  0.014 0.959 0.007 0.009 0.010     (0.000,0.095) (0.785,1.000) (0.000,0.041) (0.000,0.052) (0.000,0.056) 
 95      306    (0)    1 :  0.009 0.920 0.007 0.024 0.040     (0.000,0.053) (0.571,1.000) (0.000,0.038) (0.000,0.145) (0.000,0.261) 
 96      308    (0)    1 :  0.008 0.893 0.011 0.061 0.027     (0.000,0.050) (0.541,1.000) (0.000,0.066) (0.000,0.373) (0.000,0.179) 
 97      311    (7)    1 :  0.011 0.757 0.032 0.026 0.173     (0.000,0.069) (0.000,1.000) (0.000,0.225) (0.000,0.185) (0.000,0.988) 
 98      323    (0)    1 :  0.973 0.006 0.008 0.005 0.008     (0.858,1.000) (0.000,0.030) (0.000,0.047) (0.000,0.027) (0.000,0.043) 
 99      327    (0)    1 :  0.026 0.013 0.595 0.339 0.027     (0.000,0.184) (0.000,0.082) (0.000,1.000) (0.000,0.989) (0.000,0.191) 
100      334    (0)    1 :  0.005 0.031 0.015 0.015 0.933     (0.000,0.028) (0.000,0.223) (0.000,0.083) (0.000,0.067) (0.670,1.000) 
101      338    (0)    1 :  0.023 0.890 0.028 0.033 0.027     (0.000,0.156) (0.488,1.000) (0.000,0.184) (0.000,0.233) (0.000,0.157) 
102      341    (0)    1 :  0.961 0.007 0.008 0.014 0.010     (0.799,1.000) (0.000,0.038) (0.000,0.048) (0.000,0.089) (0.000,0.057) 
103      346    (0)    1 :  0.040 0.625 0.012 0.300 0.022     (0.000,0.292) (0.000,1.000) (0.000,0.067) (0.000,1.000) (0.000,0.129) 
104      348    (0)    1 :  0.006 0.967 0.009 0.005 0.013     (0.000,0.037) (0.825,1.000) (0.000,0.050) (0.000,0.031) (0.000,0.077) 
105      351    (0)    1 :  0.018 0.035 0.010 0.104 0.832     (0.000,0.124) (0.000,0.256) (0.000,0.060) (0.000,0.614) (0.217,1.000) 
106      362    (0)    1 :  0.107 0.006 0.836 0.043 0.007     (0.000,0.767) (0.000,0.035) (0.000,1.000) (0.000,0.307) (0.000,0.041) 
107      364    (0)    1 :  0.011 0.014 0.006 0.012 0.957     (0.000,0.071) (0.000,0.090) (0.000,0.034) (0.000,0.073) (0.770,1.000) 
108      366    (0)    1 :  0.014 0.015 0.020 0.011 0.940     (0.000,0.088) (0.000,0.092) (0.000,0.142) (0.000,0.066) (0.691,1.000) 
109      376    (0)    1 :  0.941 0.010 0.024 0.016 0.008     (0.713,1.000) (0.000,0.064) (0.000,0.170) (0.000,0.105) (0.000,0.046) 
110      377    (7)    1 :  0.025 0.047 0.393 0.511 0.024     (0.000,0.174) (0.000,0.332) (0.000,0.998) (0.000,0.999) (0.000,0.161) 
111      378    (0)    1 :  0.014 0.009 0.008 0.964 0.005     (0.000,0.089) (0.000,0.057) (0.000,0.043) (0.810,1.000) (0.000,0.028) 
112      388    (0)    1 :  0.012 0.873 0.019 0.064 0.031     (0.000,0.082) (0.457,1.000) (0.000,0.132) (0.000,0.412) (0.000,0.214) 
113      391    (0)    1 :  0.572 0.034 0.008 0.373 0.014     (0.037,0.926) (0.000,0.244) (0.000,0.041) (0.007,0.784) (0.000,0.078) 
114      401    (0)    1 :  0.103 0.115 0.322 0.011 0.449     (0.000,0.598) (0.000,0.575) (0.000,0.782) (0.000,0.065) (0.000,0.999) 
115      406    (0)    1 :  0.179 0.630 0.018 0.065 0.109     (0.000,0.774) (0.000,1.000) (0.000,0.121) (0.000,0.455) (0.000,0.874) 
116      412    (7)    1 :  0.032 0.800 0.043 0.083 0.042     (0.000,0.229) (0.015,1.000) (0.000,0.320) (0.000,0.569) (0.000,0.277) 
117      413    (0)    1 :  0.006 0.882 0.046 0.012 0.054     (0.000,0.033) (0.443,1.000) (0.000,0.335) (0.000,0.073) (0.000,0.348) 
118      421    (0)    1 :  0.022 0.052 0.890 0.015 0.022     (0.000,0.156) (0.000,0.337) (0.547,1.000) (0.000,0.091) (0.000,0.153) 
119      423    (0)    1 :  0.011 0.023 0.927 0.011 0.027     (0.000,0.071) (0.000,0.149) (0.628,1.000) (0.000,0.067) (0.000,0.173) 
120      424    (0)    1 :  0.464 0.317 0.012 0.166 0.041     (0.000,1.000) (0.000,1.000) (0.000,0.075) (0.000,0.918) (0.000,0.287) 
121      426    (0)    1 :  0.073 0.018 0.028 0.858 0.023     (0.000,0.466) (0.000,0.119) (0.000,0.199) (0.438,1.000) (0.000,0.160) 
122      430    (7)    1 :  0.032 0.926 0.012 0.023 0.007     (0.000,0.227) (0.617,1.000) (0.000,0.067) (0.000,0.142) (0.000,0.040) 
123      435    (0)    1 :  0.006 0.960 0.009 0.020 0.005     (0.000,0.034) (0.784,1.000) (0.000,0.052) (0.000,0.142) (0.000,0.027) 
124      476    (0)    1 :  0.779 0.011 0.160 0.018 0.033     (0.307,1.000) (0.000,0.071) (0.000,0.640) (0.000,0.124) (0.000,0.217) 
125      478    (0)    1 :  0.728 0.012 0.214 0.018 0.028     (0.244,1.000) (0.000,0.080) (0.000,0.713) (0.000,0.126) (0.000,0.203) 
126      484    (0)    1 :  0.016 0.956 0.008 0.012 0.008     (0.000,0.111) (0.771,1.000) (0.000,0.046) (0.000,0.074) (0.000,0.046) 
127      489    (0)    1 :  0.007 0.069 0.068 0.848 0.008     (0.000,0.040) (0.000,0.446) (0.000,0.423) (0.396,1.000) (0.000,0.042) 
128      493    (0)    1 :  0.007 0.009 0.008 0.012 0.964     (0.000,0.041) (0.000,0.055) (0.000,0.044) (0.000,0.077) (0.808,1.000) 
129      494    (0)    1 :  0.011 0.008 0.020 0.032 0.928     (0.000,0.072) (0.000,0.048) (0.000,0.143) (0.000,0.234) (0.654,1.000) 
130      500    (0)    1 :  0.047 0.005 0.930 0.010 0.009     (0.000,0.325) (0.000,0.028) (0.622,1.000) (0.000,0.058) (0.000,0.047) 
131      504    (0)    1 :  0.014 0.796 0.075 0.045 0.070     (0.000,0.090) (0.380,1.000) (0.000,0.420) (0.000,0.288) (0.000,0.439) 
132      506    (0)    1 :  0.105 0.766 0.107 0.010 0.012     (0.000,0.511) (0.337,1.000) (0.000,0.561) (0.000,0.057) (0.000,0.062) 


Estimated Allele Frequencies in each cluster
First column gives estimated ancestral frequencies


Locus 1 : Rsu5 
5 alleles
0.0% missing data
 137   (0.715) 0.959 0.688 0.960 0.858 0.682 
 135   (0.100) 0.026 0.040 0.009 0.080 0.103 
 139   (0.120) 0.010 0.040 0.025 0.057 0.177 
 133   (0.027) 0.002 0.002 0.002 0.002 0.023 
 131   (0.039) 0.003 0.231 0.004 0.003 0.015 

Locus 2 : Scv1 
5 alleles
0.0% missing data
 181   (0.586) 0.953 0.333 0.601 0.676 0.659 
 179   (0.179) 0.017 0.222 0.142 0.116 0.174 
 177   (0.100) 0.020 0.177 0.014 0.195 0.065 
 185   (0.103) 0.009 0.266 0.240 0.009 0.065 
 171   (0.032) 0.002 0.002 0.003 0.003 0.038 

Locus 3 : Rsu4 
9 alleles
0.0% missing data
 267   (0.217) 0.145 0.087 0.280 0.072 0.277 
 263   (0.299) 0.535 0.413 0.242 0.725 0.260 
 259   (0.059) 0.194 0.004 0.233 0.036 0.022 
 287   (0.175) 0.108 0.203 0.196 0.125 0.141 
 275   (0.047) 0.003 0.007 0.004 0.004 0.092 
 279   (0.078) 0.006 0.090 0.010 0.016 0.097 
 283   (0.055) 0.004 0.191 0.005 0.005 0.045 
 291   (0.041) 0.003 0.003 0.027 0.015 0.031 
 271   (0.029) 0.002 0.002 0.002 0.003 0.037 

Locus 4 : Rsu6 
5 alleles
0.0% missing data
 120   (0.265) 0.279 0.201 0.262 0.492 0.226 
 126   (0.573) 0.575 0.787 0.511 0.456 0.624 
 124   (0.097) 0.141 0.008 0.204 0.047 0.072 
 130   (0.039) 0.003 0.003 0.003 0.003 0.068 
 114   (0.025) 0.002 0.002 0.019 0.002 0.010 

Locus 5 : Scv23 
3 alleles
0.8% missing data
 158   (0.491) 0.376 0.634 0.729 0.497 0.465 
 164   (0.219) 0.432 0.101 0.060 0.137 0.256 
 160   (0.290) 0.192 0.265 0.211 0.366 0.279 

Locus 6 : Scv13 
5 alleles
0.0% missing data
 182   (0.709) 0.810 0.792 0.906 0.963 0.679 
 180   (0.100) 0.158 0.008 0.071 0.015 0.114 
 172   (0.071) 0.006 0.136 0.006 0.011 0.067 
 184   (0.075) 0.023 0.012 0.013 0.007 0.109 
 174   (0.045) 0.003 0.052 0.004 0.004 0.031 

Locus 7 : Scv32 
18 alleles
0.0% missing data
 236   (0.043) 0.003 0.003 0.004 0.004 0.108 
 238   (0.047) 0.004 0.089 0.004 0.029 0.037 
 234   (0.106) 0.348 0.399 0.020 0.108 0.067 
 246   (0.050) 0.295 0.007 0.169 0.011 0.019 
 248   (0.094) 0.007 0.011 0.145 0.354 0.127 
 262   (0.100) 0.021 0.065 0.249 0.136 0.079 
 232   (0.188) 0.150 0.211 0.163 0.020 0.303 
 250   (0.024) 0.003 0.002 0.002 0.242 0.010 
 228   (0.026) 0.002 0.002 0.002 0.003 0.035 
 220   (0.044) 0.069 0.003 0.189 0.013 0.022 
 264   (0.063) 0.060 0.018 0.010 0.042 0.055 
 252   (0.036) 0.003 0.064 0.017 0.004 0.014 
 254   (0.041) 0.003 0.073 0.004 0.008 0.028 
 242   (0.027) 0.002 0.002 0.002 0.002 0.036 
 266   (0.028) 0.002 0.030 0.003 0.003 0.012 
 244   (0.033) 0.003 0.019 0.012 0.017 0.015 
 226   (0.024) 0.024 0.002 0.002 0.002 0.009 
 240   (0.024) 0.002 0.002 0.002 0.002 0.022 

Locus 8 : Scv8 
6 alleles
0.0% missing data
 200   (0.629) 0.842 0.573 0.679 0.831 0.663 
 202   (0.089) 0.006 0.079 0.008 0.014 0.135 
 194   (0.101) 0.139 0.076 0.114 0.029 0.051 
 204   (0.057) 0.005 0.004 0.035 0.108 0.037 
 198   (0.071) 0.005 0.006 0.160 0.014 0.081 
 188   (0.053) 0.003 0.262 0.005 0.005 0.034 

Locus 9 : Scv9 
5 alleles
0.0% missing data
 198   (0.282) 0.429 0.453 0.119 0.525 0.233 
 200   (0.394) 0.371 0.171 0.518 0.332 0.478 
 196   (0.251) 0.037 0.329 0.357 0.136 0.261 
 204   (0.048) 0.161 0.036 0.005 0.005 0.019 
 202   (0.025) 0.002 0.011 0.002 0.002 0.010 

Locus 10 : Rsu1 
6 alleles
0.0% missing data
 189   (0.310) 0.475 0.203 0.059 0.089 0.472 
 185   (0.251) 0.191 0.522 0.263 0.073 0.207 
 177   (0.080) 0.009 0.036 0.143 0.012 0.056 
 181   (0.246) 0.050 0.232 0.201 0.766 0.222 
 193   (0.065) 0.070 0.004 0.244 0.055 0.025 
 197   (0.048) 0.205 0.003 0.090 0.005 0.018 

Locus 11 : Scv14 
7 alleles
4.5% missing data
 196   (0.511) 0.916 0.602 0.767 0.845 0.457 
 198   (0.089) 0.007 0.083 0.008 0.047 0.115 
 194   (0.153) 0.024 0.094 0.096 0.062 0.183 
 202   (0.169) 0.047 0.210 0.120 0.023 0.194 
 204   (0.026) 0.002 0.002 0.002 0.003 0.022 
 190   (0.026) 0.002 0.002 0.006 0.017 0.013 
 200   (0.025) 0.002 0.007 0.002 0.003 0.016 

Locus 12 : Scv16 
7 alleles
0.0% missing data
 182   (0.371) 0.226 0.495 0.562 0.733 0.310 
 184   (0.432) 0.751 0.379 0.285 0.246 0.511 
 188   (0.081) 0.015 0.005 0.143 0.007 0.111 
 200   (0.026) 0.002 0.002 0.002 0.002 0.023 
 198   (0.033) 0.002 0.072 0.003 0.006 0.013 
 190   (0.031) 0.002 0.043 0.003 0.003 0.011 
 186   (0.026) 0.002 0.003 0.002 0.002 0.021 

Locus 13 : Scv31 
15 alleles
3.0% missing data
 193   (0.104) 0.013 0.116 0.026 0.577 0.099 
 201   (0.123) 0.024 0.028 0.057 0.072 0.191 
 187   (0.088) 0.290 0.038 0.279 0.050 0.041 
 207   (0.038) 0.331 0.003 0.040 0.003 0.014 
 195   (0.065) 0.007 0.102 0.123 0.044 0.026 
 185   (0.146) 0.237 0.309 0.034 0.052 0.146 
 189   (0.072) 0.005 0.005 0.007 0.118 0.162 
 205   (0.025) 0.002 0.002 0.002 0.002 0.022 
 191   (0.136) 0.063 0.279 0.351 0.059 0.086 
 197   (0.037) 0.015 0.063 0.012 0.007 0.016 
 199   (0.054) 0.004 0.045 0.005 0.005 0.062 
 203   (0.033) 0.002 0.002 0.003 0.003 0.053 
 209   (0.030) 0.002 0.002 0.003 0.004 0.037 
 213   (0.027) 0.002 0.002 0.003 0.003 0.037 
 181   (0.024) 0.002 0.002 0.057 0.002 0.009 

Locus 14 : Scv6 
8 alleles
0.0% missing data
 191   (0.126) 0.009 0.013 0.175 0.201 0.172 
 195   (0.357) 0.658 0.418 0.487 0.498 0.310 
 197   (0.207) 0.270 0.244 0.298 0.254 0.142 
 201   (0.090) 0.006 0.058 0.009 0.020 0.144 
 205   (0.031) 0.002 0.002 0.003 0.003 0.038 
 193   (0.078) 0.006 0.144 0.008 0.008 0.100 
 199   (0.080) 0.047 0.121 0.018 0.014 0.056 
 181   (0.030) 0.002 0.002 0.003 0.003 0.038 

Values of parameters used in structure:
DATAFILE=M:\STRUCTURE\Squirrel_132_ID_14L_20250816\project_data,	OUTFILE=M:\STRUCTURE\Squirrel_132_ID_14L_20250816\10k_Burnin_100k_MCMC\Results\10k_Burnin_100k_MCMC_run_121,	NUMINDS=132,	NUMLOCI=14,	MISSING=-9,	LABEL=1,	POPDATA=1,	POPFLAG=0,	PHENOTYPE=0,	EXTRACOLS=1,	MAXPOPS=5,	BURNIN=10000,	NUMREPS=100000,	USEPOPINFO=0,	INFERALPHA=1,	INFERLAMBDA=1,	POPSPECIFICLAMBDA=0,	POPALPHAS=0,	COMPUTEPROB=1,	NOADMIX=0,	ADMBURNIN=2500,	UPDATEFREQ=1,	PRINTLIKES=0,	INTERMEDSAVE=0,	PRINTKLD=0,	PRINTNET=0,	PRINTLAMBDA=0,	ANCESTDIST=1,	NUMBOXES=1000,	ANCESTPINT=0.90000,	GENSBACK=2,	MIGRPRIOR=0.05000,	PRINTQHAT=1,	PRINTQSUM=0,	ALPHA=1.0000,	FREQSCORR=1,	FPRIORMEAN=0.0100,	FPRIORSD=0.0500,	ONEFST=0,	LAMBDA=1.0000,	UNIFPRIORALPHA=1,	ALPHAMAX=10.0000,	ALPHAPRIORA=1.0000,	ALPHAPRIORB=2.0000,	ALPHAPROPSD=0.0250,	STARTATPOPINFO=0,	RANDOMIZE=1,	LINKAGE=0,	METROFREQ=10,	REPORTHITRATE=0,	MARKOVPHASE=-1,	PHASED=0,	PLOIDY=2,	PHASEINFO=0	LOCPRIOR=0, 	LOCPRIORINIT=1.000000, 	LOCDATA=0, 	LOCISPOP=0, 	LOCPRIORSTEP=0.100000, 	MAXLOCPRIOR=20.000000, 	SEED=1763822218,	
[STRAT parameters]:    NUMSIMSTATS=1000,	PHENOTYPECOL=-9,	POOLFREQ=10,	LOCUSxONLY=0,	EMERROR=0.00100,	MISSINGPHENO=-9,	