          1*  1 0.0685 0.0096 0.8891 0.0165 0.0164 
           3  1 0.0066 0.0066 0.0061 0.9742 0.0066 
           6  1 0.0101 0.0214 0.0067 0.9462 0.0157 
           8  1 0.0144 0.9584 0.0121 0.0093 0.0058 
          10  1 0.8905 0.0773 0.0122 0.0150 0.0050 
          11  1 0.0292 0.0860 0.8145 0.0285 0.0418 
          12  1 0.9752 0.0068 0.0056 0.0069 0.0055 
          16  1 0.0076 0.0154 0.0069 0.9646 0.0054 
          18  1 0.0068 0.0124 0.9668 0.0087 0.0054 
          19  1 0.0134 0.0516 0.8838 0.0141 0.0372 
          21  1 0.0083 0.0308 0.0073 0.9466 0.0069 
          23  1 0.8559 0.0187 0.0152 0.0327 0.0775 
          24  1 0.4782 0.1242 0.3613 0.0157 0.0206 
          25  1 0.8165 0.0863 0.0195 0.0644 0.0133 
         26*  1 0.2338 0.5097 0.0420 0.2066 0.0079 
          28  1 0.1149 0.8310 0.0086 0.0380 0.0074 
          29  1 0.9057 0.0609 0.0192 0.0083 0.0060 
          30  1 0.0794 0.2802 0.1040 0.3527 0.1837 
          33  1 0.0071 0.0050 0.9629 0.0062 0.0188 
          37  1 0.0387 0.0099 0.9317 0.0110 0.0087 
          38  1 0.0142 0.0102 0.9609 0.0097 0.0049 
          43  1 0.8002 0.1380 0.0118 0.0407 0.0092 
          44  1 0.0064 0.7795 0.0073 0.1992 0.0077 
          48  1 0.0078 0.0082 0.9653 0.0129 0.0058 
          55  1 0.0158 0.8586 0.0152 0.0919 0.0185 
          59  1 0.0049 0.0079 0.0074 0.9736 0.0063 
          60  1 0.3694 0.0065 0.1669 0.0260 0.4312 
          61  1 0.0101 0.0092 0.0077 0.0109 0.9621 
          62  1 0.0501 0.0231 0.0270 0.0153 0.8844 
          65  1 0.0066 0.0098 0.9550 0.0064 0.0221 
          73  1 0.1500 0.0252 0.0185 0.0118 0.7945 
          75  1 0.0049 0.0061 0.0185 0.0102 0.9603 
          76  1 0.0215 0.0058 0.0058 0.0062 0.9607 
          77  1 0.0405 0.0058 0.0102 0.0063 0.9372 
          78  1 0.0087 0.0102 0.0083 0.0064 0.9664 
          79  1 0.0056 0.0074 0.0141 0.0042 0.9686 
          84  1 0.0217 0.0401 0.0155 0.8794 0.0434 
          85  1 0.0066 0.9629 0.0118 0.0091 0.0096 
          86  1 0.0162 0.9343 0.0295 0.0052 0.0147 
          89  1 0.2690 0.0210 0.0291 0.6329 0.0480 
          94  1 0.9666 0.0086 0.0127 0.0072 0.0050 
          95  1 0.0079 0.0193 0.0121 0.9488 0.0119 
          96  1 0.0115 0.9691 0.0059 0.0066 0.0069 
          98  1 0.0163 0.0091 0.0099 0.0090 0.9557 
         102  1 0.0198 0.0072 0.9306 0.0296 0.0129 
         105  1 0.0079 0.0122 0.0237 0.0145 0.9417 
         106  1 0.0057 0.0170 0.0188 0.1383 0.8202 
         108  1 0.0120 0.0195 0.0885 0.0144 0.8656 
         109  1 0.0077 0.0467 0.0126 0.0331 0.9000 
         112  1 0.2215 0.4498 0.0910 0.0309 0.2068 
         115  1 0.0690 0.0120 0.8810 0.0138 0.0242 
         116  1 0.0075 0.9598 0.0140 0.0098 0.0089 
         117  1 0.1174 0.0696 0.0189 0.7737 0.0203 
         129  1 0.0102 0.9110 0.0084 0.0652 0.0052 
         132  1 0.5751 0.0076 0.2472 0.0231 0.1470 
         133  1 0.0113 0.0056 0.0084 0.0110 0.9636 
         137  1 0.0539 0.0100 0.0112 0.0153 0.9096 
         139  1 0.0091 0.0104 0.0308 0.0145 0.9353 
         140  1 0.0075 0.0211 0.0186 0.0284 0.9244 
         142  1 0.0161 0.0075 0.0092 0.0253 0.9420 
         144  1 0.0054 0.0079 0.0088 0.0127 0.9652 
         145  1 0.0088 0.0142 0.0098 0.0187 0.9485 
         147  1 0.0049 0.0145 0.0080 0.0053 0.9673 
         160  1 0.9705 0.0094 0.0070 0.0087 0.0044 
        162*  1 0.0128 0.9672 0.0061 0.0065 0.0074 
         166  1 0.0379 0.0074 0.0099 0.0137 0.9311 
         177  1 0.0062 0.0054 0.0071 0.0051 0.9762 
         178  1 0.0374 0.0118 0.0135 0.0079 0.9294 
         186  1 0.0059 0.0062 0.0048 0.9787 0.0043 
         189  1 0.0119 0.9693 0.0062 0.0069 0.0057 
         190  1 0.0883 0.8136 0.0266 0.0559 0.0156 
         191  1 0.0244 0.5978 0.0136 0.3169 0.0474 
         193  1 0.0349 0.0225 0.0135 0.0471 0.8821 
         202  1 0.5726 0.2249 0.1665 0.0221 0.0140 
         204  1 0.0097 0.6627 0.0055 0.3167 0.0055 
         211  1 0.3967 0.0085 0.0395 0.0165 0.5389 
         216  1 0.0311 0.0070 0.0063 0.0053 0.9503 
         222  1 0.0145 0.0476 0.0486 0.0064 0.8828 
         224  1 0.0128 0.9631 0.0086 0.0077 0.0078 
         226  1 0.0067 0.0077 0.0119 0.9678 0.0060 
         229  1 0.0452 0.6642 0.1269 0.0412 0.1224 
         230  1 0.0226 0.8634 0.0402 0.0348 0.0391 
         232  1 0.4691 0.1118 0.0522 0.2158 0.1511 
         238  1 0.0134 0.0347 0.6865 0.0073 0.2580 
         242  1 0.0045 0.0082 0.9745 0.0070 0.0058 
         243  1 0.0131 0.0101 0.8836 0.0320 0.0612 
         244  1 0.0128 0.0169 0.9154 0.0079 0.0470 
         251  1 0.1138 0.0449 0.8028 0.0116 0.0268 
         266  1 0.0101 0.0100 0.3006 0.0113 0.6680 
         267  1 0.0126 0.0352 0.0249 0.1027 0.8246 
         268  1 0.0360 0.0049 0.0099 0.0066 0.9427 
         270  1 0.0163 0.9469 0.0087 0.0204 0.0078 
         276  1 0.0280 0.6199 0.0232 0.2361 0.0928 
         298  1 0.0096 0.0077 0.0101 0.0149 0.9577 
         306  1 0.0321 0.0072 0.0407 0.0091 0.9109 
         308  1 0.0558 0.0114 0.0273 0.0080 0.8976 
         311  1 0.0254 0.0357 0.2001 0.0114 0.7274 
         323  1 0.0052 0.0090 0.0077 0.9722 0.0059 
         327  1 0.3333 0.6009 0.0289 0.0233 0.0136 
         334  1 0.0094 0.0153 0.9407 0.0047 0.0299 
         338  1 0.0381 0.0313 0.0300 0.0229 0.8777 
         341  1 0.0153 0.0082 0.0100 0.9595 0.0069 
         346  1 0.3436 0.0123 0.0188 0.0363 0.5891 
         348  1 0.0055 0.0086 0.0124 0.0063 0.9672 
         351  1 0.1101 0.0111 0.8291 0.0164 0.0333 
         362  1 0.0445 0.8146 0.0070 0.1275 0.0064 
         364  1 0.0115 0.0062 0.9572 0.0112 0.0139 
         366  1 0.0135 0.0174 0.9383 0.0149 0.0159 
         376  1 0.0170 0.0267 0.0082 0.9381 0.0101 
         377  1 0.5076 0.3954 0.0231 0.0268 0.0472 
         378  1 0.9669 0.0071 0.0051 0.0114 0.0094 
         388  1 0.0657 0.0176 0.0320 0.0120 0.8726 
         391  1 0.3709 0.0073 0.0117 0.5792 0.0310 
         401  1 0.0115 0.3256 0.4572 0.0949 0.1108 
         406  1 0.0688 0.0187 0.1293 0.1719 0.6113 
         412  1 0.0843 0.0425 0.0392 0.0328 0.8013 
         413  1 0.0124 0.0482 0.0475 0.0056 0.8863 
         421  1 0.0161 0.8810 0.0238 0.0226 0.0564 
         423  1 0.0122 0.9271 0.0234 0.0123 0.0250 
         424  1 0.1847 0.0127 0.0386 0.4671 0.2968 
         426  1 0.8545 0.0300 0.0238 0.0732 0.0186 
         430  1 0.0251 0.0143 0.0081 0.0293 0.9232 
         435  1 0.0200 0.0087 0.0049 0.0059 0.9605 
         476  1 0.0175 0.1644 0.0353 0.7720 0.0109 
         478  1 0.0182 0.2159 0.0296 0.7252 0.0112 
         484  1 0.0125 0.0077 0.0085 0.0160 0.9553 
         489  1 0.8435 0.0671 0.0074 0.0077 0.0743 
         493  1 0.0118 0.0084 0.9626 0.0070 0.0102 
         494  1 0.0307 0.0209 0.9294 0.0107 0.0083 
         500  1 0.0101 0.9279 0.0105 0.0466 0.0049 
         504  1 0.0446 0.0739 0.0737 0.0134 0.7945 
         506  1 0.0108 0.1130 0.0110 0.1003 0.7649 
