          1*  1 0.0935 0.0089 0.0563 0.7947 0.0235 0.0085 0.0146 
           3  1 0.0055 0.0048 0.0052 0.0051 0.0076 0.0062 0.9655 
           6  1 0.0089 0.0153 0.0070 0.0058 0.0123 0.0207 0.9300 
           8  1 0.0134 0.0036 0.0153 0.0135 0.0086 0.9374 0.0081 
          10  1 0.0106 0.0050 0.9061 0.0084 0.0044 0.0539 0.0117 
          11  1 0.6848 0.0431 0.0133 0.1798 0.0131 0.0456 0.0203 
          12  1 0.0047 0.0051 0.9709 0.0044 0.0040 0.0052 0.0057 
          16  1 0.0061 0.0054 0.0064 0.0056 0.0047 0.0163 0.9556 
          18  1 0.0115 0.0043 0.0059 0.9551 0.0060 0.0100 0.0073 
          19  1 0.7953 0.0227 0.0091 0.1042 0.0260 0.0303 0.0124 
          21  1 0.0079 0.0073 0.0072 0.0055 0.0055 0.0288 0.9376 
          23  1 0.0468 0.1292 0.7357 0.0148 0.0180 0.0201 0.0354 
          24  1 0.4165 0.0275 0.3654 0.0926 0.0086 0.0757 0.0136 
          25  1 0.0786 0.0191 0.6867 0.0168 0.0090 0.1156 0.0743 
         26*  1 0.0647 0.0052 0.2047 0.0231 0.0097 0.4849 0.2076 
          28  1 0.0103 0.0076 0.0840 0.0063 0.0061 0.8597 0.0260 
          29  1 0.0129 0.0053 0.9204 0.0153 0.0061 0.0335 0.0065 
          30  1 0.1088 0.0091 0.0939 0.0277 0.4021 0.1670 0.1914 
          33  1 0.1688 0.0324 0.0057 0.7629 0.0192 0.0047 0.0063 
          37  1 0.0195 0.0095 0.0364 0.9100 0.0062 0.0087 0.0098 
          38  1 0.0263 0.0042 0.0143 0.9311 0.0047 0.0095 0.0100 
          43  1 0.0138 0.0081 0.7522 0.0093 0.0098 0.1709 0.0359 
          44  1 0.0098 0.0058 0.0055 0.0061 0.0113 0.7732 0.1882 
          48  1 0.0090 0.0038 0.0063 0.9580 0.0062 0.0061 0.0105 
          55  1 0.0210 0.0101 0.0108 0.0114 0.0220 0.8445 0.0802 
          59  1 0.0068 0.0045 0.0047 0.0071 0.0074 0.0079 0.9617 
          60  1 0.3085 0.2745 0.1417 0.1395 0.1051 0.0062 0.0244 
          61  1 0.0215 0.8850 0.0081 0.0070 0.0563 0.0093 0.0129 
          62  1 0.0433 0.8708 0.0237 0.0186 0.0155 0.0157 0.0123 
          65  1 0.1693 0.0130 0.0057 0.7760 0.0230 0.0076 0.0054 
          73  1 0.0134 0.0072 0.1149 0.0093 0.8331 0.0142 0.0080 
          75  1 0.0792 0.7891 0.0036 0.0157 0.0965 0.0058 0.0100 
          76  1 0.0060 0.9659 0.0085 0.0038 0.0068 0.0042 0.0048 
          77  1 0.0112 0.9584 0.0094 0.0055 0.0066 0.0042 0.0048 
          78  1 0.0190 0.1618 0.0168 0.0107 0.7745 0.0114 0.0058 
          79  1 0.0391 0.8558 0.0041 0.0073 0.0824 0.0074 0.0040 
          84  1 0.0235 0.0303 0.0196 0.0088 0.0175 0.0325 0.8678 
          85  1 0.0132 0.0072 0.0062 0.0087 0.0114 0.9442 0.0092 
          86  1 0.1026 0.0105 0.0114 0.0108 0.0158 0.8439 0.0049 
          89  1 0.0414 0.0531 0.2176 0.0217 0.0129 0.0144 0.6390 
          94  1 0.0063 0.0049 0.9563 0.0128 0.0050 0.0083 0.0063 
          95  1 0.0130 0.0072 0.0060 0.0148 0.0149 0.0192 0.9250 
          96  1 0.0060 0.0061 0.0141 0.0050 0.0062 0.9563 0.0062 
          98  1 0.0406 0.3549 0.0135 0.0068 0.5659 0.0084 0.0100 
         102  1 0.4731 0.0147 0.0178 0.4523 0.0077 0.0067 0.0276 
         105  1 0.0072 0.0048 0.0052 0.0100 0.9614 0.0055 0.0059 
         106  1 0.3316 0.2884 0.0051 0.0147 0.2288 0.0243 0.1071 
         108  1 0.0462 0.0223 0.0083 0.0603 0.8428 0.0113 0.0089 
         109  1 0.0259 0.0239 0.0056 0.0079 0.9135 0.0141 0.0091 
         112  1 0.1856 0.4570 0.0599 0.0218 0.0117 0.2481 0.0160 
         115  1 0.5915 0.0127 0.0448 0.3100 0.0203 0.0093 0.0115 
         116  1 0.0213 0.0064 0.0058 0.0102 0.0117 0.9363 0.0084 
         117  1 0.0242 0.0178 0.1002 0.0155 0.0216 0.0639 0.7568 
         129  1 0.0086 0.0038 0.0090 0.0072 0.0067 0.9027 0.0619 
         132  1 0.2112 0.0759 0.3821 0.2443 0.0574 0.0068 0.0224 
         133  1 0.0295 0.3998 0.0104 0.0068 0.5370 0.0048 0.0116 
         137  1 0.0294 0.8950 0.0228 0.0089 0.0233 0.0094 0.0112 
         139  1 0.1130 0.8063 0.0067 0.0168 0.0364 0.0089 0.0118 
         140  1 0.0211 0.0293 0.0053 0.0113 0.9006 0.0101 0.0223 
         142  1 0.0101 0.9432 0.0097 0.0062 0.0090 0.0059 0.0159 
         144  1 0.0056 0.0053 0.0038 0.0050 0.9686 0.0046 0.0071 
         145  1 0.0138 0.9386 0.0060 0.0083 0.0133 0.0087 0.0112 
         147  1 0.0072 0.0101 0.0037 0.0052 0.9609 0.0088 0.0041 
         160  1 0.0055 0.0041 0.9647 0.0066 0.0041 0.0074 0.0076 
        162*  1 0.0061 0.0068 0.0151 0.0051 0.0061 0.9553 0.0055 
         166  1 0.0448 0.3199 0.0078 0.0113 0.5955 0.0067 0.0140 
         177  1 0.0058 0.9732 0.0041 0.0038 0.0052 0.0039 0.0040 
         178  1 0.0276 0.8932 0.0203 0.0116 0.0292 0.0111 0.0071 
         186  1 0.0042 0.0042 0.0044 0.0042 0.0035 0.0055 0.9739 
         189  1 0.0071 0.0074 0.0107 0.0058 0.0038 0.9590 0.0062 
         190  1 0.0312 0.0180 0.0632 0.0198 0.0121 0.8017 0.0541 
         191  1 0.0211 0.0272 0.0195 0.0092 0.0309 0.5951 0.2971 
         193  1 0.0328 0.8350 0.0210 0.0137 0.0279 0.0206 0.0491 
         202  1 0.5099 0.0128 0.3268 0.0221 0.0087 0.1064 0.0133 
         204  1 0.0060 0.0044 0.0083 0.0046 0.0053 0.6827 0.2887 
         211  1 0.1999 0.1383 0.2833 0.0435 0.3115 0.0080 0.0155 
         216  1 0.0210 0.0640 0.0258 0.0061 0.8712 0.0066 0.0053 
         222  1 0.0805 0.0117 0.0075 0.0294 0.8503 0.0163 0.0042 
         224  1 0.0078 0.0064 0.0107 0.0076 0.0072 0.9539 0.0064 
         226  1 0.0184 0.0055 0.0048 0.0080 0.0056 0.0075 0.9501 
         229  1 0.3924 0.0588 0.0354 0.0304 0.0410 0.4155 0.0264 
         230  1 0.1360 0.0397 0.0220 0.0143 0.0169 0.7359 0.0352 
         232  1 0.1375 0.1991 0.3603 0.0201 0.0296 0.0770 0.1765 
         238  1 0.7395 0.0731 0.0080 0.1318 0.0254 0.0171 0.0052 
         242  1 0.0281 0.0040 0.0041 0.9434 0.0075 0.0067 0.0062 
         243  1 0.4106 0.0409 0.0091 0.4662 0.0381 0.0086 0.0264 
         244  1 0.7141 0.0641 0.0080 0.1880 0.0076 0.0121 0.0062 
         251  1 0.7162 0.0203 0.0812 0.1352 0.0135 0.0242 0.0094 
         266  1 0.3524 0.5309 0.0058 0.0783 0.0141 0.0080 0.0105 
         267  1 0.0197 0.0113 0.0070 0.0145 0.8979 0.0127 0.0370 
         268  1 0.0440 0.4200 0.0447 0.0090 0.4699 0.0048 0.0075 
         270  1 0.0096 0.0069 0.0164 0.0080 0.0096 0.9316 0.0179 
         276  1 0.0356 0.0700 0.0205 0.0146 0.0340 0.5937 0.2315 
         298  1 0.0275 0.1758 0.0107 0.0110 0.7536 0.0066 0.0149 
         306  1 0.2899 0.5410 0.0126 0.0509 0.0884 0.0079 0.0094 
         308  1 0.1251 0.5556 0.0797 0.0360 0.1821 0.0134 0.0082 
         311  1 0.4898 0.0537 0.0251 0.0480 0.3511 0.0241 0.0081 
         323  1 0.0060 0.0044 0.0044 0.0088 0.0064 0.0082 0.9618 
         327  1 0.0596 0.0099 0.2573 0.0228 0.0164 0.6107 0.0233 
         334  1 0.5785 0.0104 0.0085 0.3566 0.0304 0.0109 0.0046 
         338  1 0.2628 0.0884 0.0281 0.0183 0.5460 0.0283 0.0282 
         341  1 0.0092 0.0065 0.0081 0.0091 0.0064 0.0077 0.9530 
         346  1 0.0445 0.8429 0.0608 0.0089 0.0123 0.0096 0.0210 
         348  1 0.0374 0.2126 0.0061 0.0158 0.7108 0.0094 0.0079 
         351  1 0.4718 0.0340 0.0527 0.3988 0.0178 0.0098 0.0151 
         362  1 0.0097 0.0058 0.0427 0.0058 0.0071 0.8244 0.1045 
         364  1 0.0477 0.0179 0.0121 0.8951 0.0109 0.0059 0.0104 
         366  1 0.0968 0.0103 0.0084 0.8340 0.0211 0.0172 0.0123 
         376  1 0.0094 0.0175 0.0128 0.0060 0.0039 0.0239 0.9265 
         377  1 0.1049 0.0171 0.4519 0.0138 0.0490 0.3378 0.0255 
         378  1 0.0063 0.0133 0.9499 0.0042 0.0066 0.0064 0.0134 
         388  1 0.0308 0.0158 0.0345 0.0155 0.8835 0.0102 0.0098 
         391  1 0.0734 0.0304 0.2634 0.0129 0.0161 0.0072 0.5967 
         401  1 0.5150 0.1273 0.0090 0.0736 0.0083 0.1897 0.0770 
         406  1 0.1957 0.1941 0.0293 0.0530 0.3483 0.0160 0.1635 
         412  1 0.1431 0.3248 0.0636 0.0265 0.3647 0.0400 0.0373 
         413  1 0.0999 0.8032 0.0079 0.0269 0.0248 0.0323 0.0050 
         421  1 0.0532 0.0567 0.0093 0.0156 0.0245 0.8208 0.0199 
         423  1 0.0564 0.0148 0.0102 0.0245 0.0301 0.8539 0.0101 
         424  1 0.1168 0.2004 0.0663 0.0327 0.0524 0.0114 0.5200 
         426  1 0.0372 0.0264 0.7697 0.0235 0.0129 0.0302 0.1000 
         430  1 0.0432 0.7396 0.0231 0.0104 0.1261 0.0146 0.0430 
         435  1 0.0072 0.9367 0.0123 0.0040 0.0299 0.0057 0.0041 
         476  1 0.0357 0.0167 0.0143 0.0238 0.0049 0.1475 0.7571 
         478  1 0.0259 0.0082 0.0143 0.0303 0.0100 0.1995 0.7118 
         484  1 0.0170 0.0831 0.0105 0.0065 0.8584 0.0072 0.0173 
         489  1 0.0138 0.0081 0.7884 0.0055 0.1335 0.0440 0.0067 
         493  1 0.0422 0.0089 0.0127 0.9122 0.0087 0.0078 0.0075 
         494  1 0.2587 0.0077 0.0332 0.6646 0.0064 0.0204 0.0091 
         500  1 0.0189 0.0043 0.0095 0.0075 0.0046 0.9045 0.0508 
         504  1 0.0486 0.0202 0.0396 0.0265 0.8048 0.0504 0.0099 
         506  1 0.0067 0.0046 0.0054 0.0053 0.9443 0.0175 0.0161 
