

----------------------------------------------------
STRUCTURE by Pritchard, Stephens and Donnelly (2000)
     and Falush, Stephens and Pritchard (2003)
       Code by Pritchard, Falush and Hubisz
             Version 2.3.4 (Jul 2012)
----------------------------------------------------



Command line arguments:   bin\structure -m M:\STRUCTURE\Squirrel_132_ID_14L_20250816\10k_Burnin_100k_MCMC\mainparams -e M:\STRUCTURE\Squirrel_132_ID_14L_20250816\10k_Burnin_100k_MCMC\extraparams 
Input File:    M:\STRUCTURE\Squirrel_132_ID_14L_20250816\project_data

Run parameters:
   132 individuals
   14 loci
   9 populations assumed
   10000 Burn-in period
   100000 Reps


--------------------------------------------
Proportion of membership of each pre-defined
 population in each of the 9 clusters

Given    Inferred Clusters                                                 Number of
 Pop       1      2      3      4      5      6      7      8      9      Individuals

  1:     0.111  0.097  0.092  0.099  0.103  0.138  0.096  0.164  0.099      132
--------------------------------------------

Allele-freq. divergence among pops (Net nucleotide distance),
computed using point estimates of P.

      1       2       3       4       5       6       7       8       9      
 1      -    0.0679  0.0966  0.1113  0.0960  0.1337  0.1407  0.1021  0.1951  
 2   0.0679     -    0.0443  0.0474  0.0239  0.0604  0.0593  0.0343  0.0834  
 3   0.0966  0.0443     -    0.0836  0.0946  0.1102  0.0734  0.0699  0.1169  
 4   0.1113  0.0474  0.0836     -    0.0981  0.1005  0.0978  0.1010  0.1124  
 5   0.0960  0.0239  0.0946  0.0981     -    0.0758  0.1142  0.0701  0.1246  
 6   0.1337  0.0604  0.1102  0.1005  0.0758     -    0.1375  0.0792  0.1227  
 7   0.1407  0.0593  0.0734  0.0978  0.1142  0.1375     -    0.1081  0.1319  
 8   0.1021  0.0343  0.0699  0.1010  0.0701  0.0792  0.1081     -    0.0940  
 9   0.1951  0.0834  0.1169  0.1124  0.1246  0.1227  0.1319  0.0940     -    

Average distances (expected heterozygosity) between individuals in same cluster:
cluster  1  : 0.5133 
cluster  2  : 0.6706 
cluster  3  : 0.5145 
cluster  4  : 0.5260 
cluster  5  : 0.6347 
cluster  6  : 0.4559 
cluster  7  : 0.5805 
cluster  8  : 0.5443 
cluster  9  : 0.3975 

--------------------------------------------
Estimated Ln Prob of Data   = -4195.1
Mean value of ln likelihood = -3907.3
Variance of ln likelihood   = 575.5
Mean value of alpha         = 0.0463

Mean value of lambda        = 0.9383

Mean value of Fst_1         = 0.2584
Mean value of Fst_2         = 0.0057
Mean value of Fst_3         = 0.2608
Mean value of Fst_4         = 0.2694
Mean value of Fst_5         = 0.1137
Mean value of Fst_6         = 0.3053
Mean value of Fst_7         = 0.2355
Mean value of Fst_8         = 0.2057
Mean value of Fst_9         = 0.3743


Inferred ancestry of individuals:
        Label (%Miss) Pop:  Inferred clusters (and 90% probability intervals)
  1       1*    (0)    1 :  0.011 0.061 0.007 0.223 0.637 0.016 0.005 0.010 0.032     (0.000,0.062) (0.000,0.514) (0.000,0.039) (0.000,0.606) (0.037,0.995) (0.000,0.107) (0.000,0.027) (0.000,0.055) (0.000,0.236) 
  2        3    (0)    1 :  0.009 0.006 0.008 0.007 0.005 0.947 0.004 0.007 0.006     (0.000,0.057) (0.000,0.033) (0.000,0.048) (0.000,0.039) (0.000,0.027) (0.779,1.000) (0.000,0.024) (0.000,0.038) (0.000,0.032) 
  3        6    (0)    1 :  0.011 0.011 0.017 0.021 0.006 0.896 0.011 0.020 0.007     (0.000,0.070) (0.000,0.062) (0.000,0.117) (0.000,0.149) (0.000,0.033) (0.599,1.000) (0.000,0.064) (0.000,0.132) (0.000,0.042) 
  4        8    (0)    1 :  0.013 0.014 0.007 0.005 0.015 0.009 0.004 0.909 0.024     (0.000,0.087) (0.000,0.076) (0.000,0.037) (0.000,0.028) (0.000,0.100) (0.000,0.050) (0.000,0.021) (0.630,1.000) (0.000,0.168) 
  5       10    (0)    1 :  0.004 0.009 0.004 0.005 0.007 0.010 0.005 0.038 0.919     (0.000,0.021) (0.000,0.051) (0.000,0.023) (0.000,0.027) (0.000,0.039) (0.000,0.064) (0.000,0.026) (0.000,0.260) (0.665,1.000) 
  6       11    (0)    1 :  0.009 0.666 0.049 0.034 0.138 0.020 0.026 0.041 0.016     (0.000,0.056) (0.000,1.000) (0.000,0.358) (0.000,0.250) (0.000,0.848) (0.000,0.138) (0.000,0.179) (0.000,0.302) (0.000,0.112) 
  7       12    (0)    1 :  0.004 0.005 0.007 0.007 0.005 0.006 0.005 0.005 0.956     (0.000,0.024) (0.000,0.026) (0.000,0.038) (0.000,0.037) (0.000,0.025) (0.000,0.033) (0.000,0.027) (0.000,0.029) (0.815,1.000) 
  8       16    (7)    1 :  0.005 0.007 0.007 0.006 0.006 0.939 0.005 0.016 0.008     (0.000,0.026) (0.000,0.042) (0.000,0.041) (0.000,0.032) (0.000,0.035) (0.746,1.000) (0.000,0.028) (0.000,0.104) (0.000,0.045) 
  9       18    (0)    1 :  0.008 0.009 0.009 0.004 0.942 0.008 0.004 0.010 0.007     (0.000,0.044) (0.000,0.050) (0.000,0.051) (0.000,0.023) (0.759,1.000) (0.000,0.045) (0.000,0.022) (0.000,0.059) (0.000,0.040) 
 10       19    (0)    1 :  0.026 0.797 0.014 0.007 0.065 0.014 0.038 0.030 0.010     (0.000,0.172) (0.018,1.000) (0.000,0.086) (0.000,0.037) (0.000,0.501) (0.000,0.089) (0.000,0.272) (0.000,0.220) (0.000,0.063) 
 11       21    (7)    1 :  0.005 0.009 0.011 0.007 0.006 0.920 0.007 0.028 0.008     (0.000,0.029) (0.000,0.053) (0.000,0.067) (0.000,0.040) (0.000,0.030) (0.679,1.000) (0.000,0.036) (0.000,0.193) (0.000,0.044) 
 12       23    (7)    1 :  0.011 0.052 0.155 0.242 0.013 0.021 0.032 0.016 0.458     (0.000,0.065) (0.000,0.379) (0.000,0.630) (0.000,0.929) (0.000,0.085) (0.000,0.148) (0.000,0.231) (0.000,0.108) (0.000,0.939) 
 13       24    (7)    1 :  0.008 0.352 0.016 0.015 0.067 0.014 0.032 0.069 0.426     (0.000,0.046) (0.000,0.994) (0.000,0.099) (0.000,0.099) (0.000,0.426) (0.000,0.097) (0.000,0.227) (0.000,0.457) (0.000,0.962) 
 14       25    (7)    1 :  0.006 0.076 0.038 0.229 0.015 0.056 0.006 0.102 0.472     (0.000,0.034) (0.000,0.519) (0.000,0.264) (0.000,0.755) (0.000,0.094) (0.000,0.333) (0.000,0.034) (0.000,0.424) (0.000,0.932) 
 15      26*    (0)    1 :  0.008 0.054 0.008 0.018 0.017 0.257 0.005 0.373 0.259     (0.000,0.047) (0.000,0.377) (0.000,0.046) (0.000,0.131) (0.000,0.119) (0.000,0.785) (0.000,0.026) (0.000,0.969) (0.000,0.701) 
 16       28    (0)    1 :  0.006 0.010 0.009 0.016 0.006 0.041 0.006 0.737 0.170     (0.000,0.034) (0.000,0.058) (0.000,0.049) (0.000,0.110) (0.000,0.031) (0.000,0.310) (0.000,0.035) (0.000,1.000) (0.000,0.917) 
 17       29    (0)    1 :  0.006 0.013 0.006 0.006 0.015 0.006 0.006 0.025 0.917     (0.000,0.036) (0.000,0.077) (0.000,0.033) (0.000,0.030) (0.000,0.108) (0.000,0.036) (0.000,0.032) (0.000,0.182) (0.666,1.000) 
 18       30    (0)    1 :  0.328 0.087 0.013 0.025 0.019 0.175 0.008 0.129 0.215     (0.000,0.733) (0.000,0.725) (0.000,0.074) (0.000,0.180) (0.000,0.112) (0.000,0.767) (0.000,0.041) (0.000,0.670) (0.000,0.729) 
 19       33    (0)    1 :  0.017 0.132 0.006 0.020 0.732 0.006 0.076 0.005 0.006     (0.000,0.120) (0.000,0.965) (0.000,0.030) (0.000,0.143) (0.000,1.000) (0.000,0.035) (0.000,0.382) (0.000,0.028) (0.000,0.035) 
 20       37    (0)    1 :  0.007 0.018 0.010 0.013 0.878 0.010 0.009 0.009 0.046     (0.000,0.041) (0.000,0.092) (0.000,0.062) (0.000,0.085) (0.556,1.000) (0.000,0.061) (0.000,0.055) (0.000,0.052) (0.000,0.310) 
 21       38    (0)    1 :  0.006 0.036 0.006 0.005 0.907 0.010 0.005 0.010 0.015     (0.000,0.031) (0.000,0.219) (0.000,0.033) (0.000,0.026) (0.626,1.000) (0.000,0.064) (0.000,0.025) (0.000,0.062) (0.000,0.109) 
 22       43    (0)    1 :  0.008 0.015 0.007 0.017 0.007 0.033 0.007 0.138 0.768     (0.000,0.056) (0.000,0.095) (0.000,0.042) (0.000,0.121) (0.000,0.042) (0.000,0.223) (0.000,0.040) (0.000,0.496) (0.428,0.999) 
 23       44    (0)    1 :  0.017 0.014 0.015 0.005 0.008 0.242 0.005 0.688 0.006     (0.000,0.117) (0.000,0.071) (0.000,0.088) (0.000,0.026) (0.000,0.044) (0.000,0.625) (0.000,0.025) (0.227,1.000) (0.000,0.036) 
 24       48    (0)    1 :  0.007 0.008 0.007 0.005 0.946 0.010 0.004 0.006 0.007     (0.000,0.037) (0.000,0.039) (0.000,0.043) (0.000,0.028) (0.777,1.000) (0.000,0.061) (0.000,0.021) (0.000,0.035) (0.000,0.040) 
 25       55    (0)    1 :  0.015 0.024 0.014 0.050 0.010 0.101 0.007 0.769 0.010     (0.000,0.101) (0.000,0.154) (0.000,0.086) (0.000,0.313) (0.000,0.063) (0.000,0.517) (0.000,0.043) (0.306,1.000) (0.000,0.058) 
 26       59    (0)    1 :  0.010 0.007 0.006 0.007 0.008 0.944 0.004 0.008 0.005     (0.000,0.062) (0.000,0.041) (0.000,0.033) (0.000,0.043) (0.000,0.045) (0.770,1.000) (0.000,0.024) (0.000,0.045) (0.000,0.031) 
 27       60    (0)    1 :  0.005 0.011 0.009 0.914 0.012 0.009 0.013 0.005 0.022     (0.000,0.030) (0.000,0.062) (0.000,0.054) (0.658,1.000) (0.000,0.081) (0.000,0.052) (0.000,0.085) (0.000,0.024) (0.000,0.161) 
 28       61    (0)    1 :  0.060 0.021 0.164 0.227 0.009 0.018 0.480 0.014 0.008     (0.000,0.376) (0.000,0.126) (0.000,0.859) (0.000,0.840) (0.000,0.049) (0.000,0.117) (0.000,0.990) (0.000,0.086) (0.000,0.043) 
 29       62    (0)    1 :  0.012 0.049 0.700 0.031 0.025 0.013 0.107 0.016 0.046     (0.000,0.078) (0.000,0.365) (0.000,1.000) (0.000,0.222) (0.000,0.187) (0.000,0.080) (0.000,0.640) (0.000,0.101) (0.000,0.323) 
 30       65    (0)    1 :  0.022 0.165 0.008 0.018 0.750 0.006 0.016 0.009 0.006     (0.000,0.157) (0.000,0.976) (0.000,0.043) (0.000,0.127) (0.000,1.000) (0.000,0.032) (0.000,0.110) (0.000,0.054) (0.000,0.035) 
 31       73    (0)    1 :  0.728 0.015 0.022 0.048 0.008 0.007 0.006 0.013 0.154     (0.370,0.999) (0.000,0.079) (0.000,0.147) (0.000,0.348) (0.000,0.040) (0.000,0.042) (0.000,0.031) (0.000,0.081) (0.000,0.498) 
 32       75    (0)    1 :  0.044 0.012 0.008 0.005 0.010 0.009 0.903 0.005 0.004     (0.000,0.272) (0.000,0.067) (0.000,0.045) (0.000,0.026) (0.000,0.067) (0.000,0.058) (0.626,1.000) (0.000,0.031) (0.000,0.021) 
 33       76    (0)    1 :  0.006 0.007 0.036 0.010 0.004 0.006 0.915 0.005 0.010     (0.000,0.036) (0.000,0.038) (0.000,0.272) (0.000,0.058) (0.000,0.022) (0.000,0.034) (0.611,1.000) (0.000,0.031) (0.000,0.063) 
 34       77    (0)    1 :  0.005 0.010 0.012 0.135 0.006 0.005 0.811 0.005 0.011     (0.000,0.029) (0.000,0.054) (0.000,0.071) (0.000,0.697) (0.000,0.033) (0.000,0.031) (0.236,1.000) (0.000,0.026) (0.000,0.070) 
 35       78    (0)    1 :  0.613 0.028 0.035 0.023 0.011 0.006 0.255 0.012 0.017     (0.168,0.992) (0.000,0.195) (0.000,0.261) (0.000,0.165) (0.000,0.063) (0.000,0.036) (0.000,0.695) (0.000,0.075) (0.000,0.120) 
 36       79    (0)    1 :  0.086 0.047 0.080 0.007 0.010 0.005 0.750 0.009 0.005     (0.000,0.426) (0.000,0.306) (0.000,0.747) (0.000,0.040) (0.000,0.065) (0.000,0.029) (0.000,1.000) (0.000,0.053) (0.000,0.029) 
 37       84    (0)    1 :  0.011 0.026 0.080 0.027 0.008 0.785 0.010 0.033 0.019     (0.000,0.076) (0.000,0.183) (0.000,0.406) (0.000,0.194) (0.000,0.045) (0.407,1.000) (0.000,0.057) (0.000,0.229) (0.000,0.130) 
 38       85    (0)    1 :  0.013 0.016 0.014 0.009 0.009 0.009 0.006 0.917 0.007     (0.000,0.082) (0.000,0.093) (0.000,0.092) (0.000,0.053) (0.000,0.053) (0.000,0.053) (0.000,0.034) (0.666,1.000) (0.000,0.044) 
 39       86    (0)    1 :  0.015 0.089 0.021 0.009 0.010 0.005 0.009 0.831 0.010     (0.000,0.104) (0.000,0.553) (0.000,0.140) (0.000,0.056) (0.000,0.060) (0.000,0.028) (0.000,0.048) (0.347,1.000) (0.000,0.069) 
 40       89    (0)    1 :  0.007 0.054 0.104 0.036 0.018 0.576 0.023 0.015 0.168     (0.000,0.043) (0.000,0.369) (0.000,0.494) (0.000,0.260) (0.000,0.118) (0.110,0.935) (0.000,0.168) (0.000,0.088) (0.000,0.562) 
 41       94    (0)    1 :  0.006 0.008 0.008 0.006 0.015 0.007 0.004 0.009 0.938     (0.000,0.033) (0.000,0.043) (0.000,0.051) (0.000,0.034) (0.000,0.096) (0.000,0.042) (0.000,0.024) (0.000,0.053) (0.747,1.000) 
 42       95    (0)    1 :  0.014 0.012 0.007 0.019 0.015 0.903 0.006 0.017 0.007     (0.000,0.096) (0.000,0.064) (0.000,0.042) (0.000,0.133) (0.000,0.095) (0.618,1.000) (0.000,0.031) (0.000,0.110) (0.000,0.038) 
 43       96    (0)    1 :  0.006 0.007 0.009 0.005 0.005 0.006 0.007 0.945 0.010     (0.000,0.033) (0.000,0.038) (0.000,0.048) (0.000,0.029) (0.000,0.029) (0.000,0.030) (0.000,0.038) (0.768,1.000) (0.000,0.061) 
 44       98    (0)    1 :  0.042 0.022 0.236 0.647 0.006 0.006 0.025 0.008 0.009     (0.000,0.279) (0.000,0.121) (0.000,0.997) (0.000,1.000) (0.000,0.032) (0.000,0.031) (0.000,0.154) (0.000,0.047) (0.000,0.054) 
 45      102    (0)    1 :  0.006 0.465 0.015 0.013 0.438 0.028 0.012 0.007 0.017     (0.000,0.038) (0.000,1.000) (0.000,0.099) (0.000,0.086) (0.000,0.997) (0.000,0.202) (0.000,0.078) (0.000,0.040) (0.000,0.117) 
 46      105    (0)    1 :  0.955 0.006 0.005 0.005 0.008 0.006 0.004 0.005 0.005     (0.812,1.000) (0.000,0.035) (0.000,0.028) (0.000,0.027) (0.000,0.046) (0.000,0.033) (0.000,0.024) (0.000,0.027) (0.000,0.030) 
 47      106    (0)    1 :  0.184 0.292 0.150 0.018 0.017 0.086 0.229 0.020 0.004     (0.000,0.655) (0.000,0.993) (0.000,0.676) (0.000,0.116) (0.000,0.114) (0.000,0.398) (0.000,0.692) (0.000,0.140) (0.000,0.021) 
 48      108    (0)    1 :  0.807 0.038 0.008 0.045 0.054 0.007 0.024 0.010 0.009     (0.447,1.000) (0.000,0.273) (0.000,0.040) (0.000,0.257) (0.000,0.340) (0.000,0.040) (0.000,0.169) (0.000,0.062) (0.000,0.053) 
 49      109    (0)    1 :  0.708 0.076 0.065 0.062 0.011 0.011 0.043 0.018 0.007     (0.064,1.000) (0.000,0.538) (0.000,0.400) (0.000,0.373) (0.000,0.060) (0.000,0.070) (0.000,0.285) (0.000,0.125) (0.000,0.039) 
 50      112    (0)    1 :  0.009 0.209 0.180 0.107 0.020 0.013 0.156 0.254 0.052     (0.000,0.051) (0.000,0.971) (0.000,0.816) (0.000,0.551) (0.000,0.131) (0.000,0.080) (0.000,0.765) (0.000,0.805) (0.000,0.363) 
 51      115    (0)    1 :  0.017 0.624 0.015 0.066 0.197 0.013 0.014 0.011 0.042     (0.000,0.111) (0.000,1.000) (0.000,0.079) (0.000,0.452) (0.000,0.963) (0.000,0.083) (0.000,0.092) (0.000,0.059) (0.000,0.289) 
 52      116    (0)    1 :  0.021 0.029 0.032 0.005 0.013 0.010 0.005 0.877 0.007     (0.000,0.147) (0.000,0.179) (0.000,0.235) (0.000,0.026) (0.000,0.086) (0.000,0.055) (0.000,0.026) (0.497,1.000) (0.000,0.042) 
 53      117    (0)    1 :  0.019 0.026 0.020 0.033 0.017 0.665 0.013 0.069 0.138     (0.000,0.130) (0.000,0.174) (0.000,0.139) (0.000,0.236) (0.000,0.111) (0.000,1.000) (0.000,0.085) (0.000,0.448) (0.000,0.843) 
 54      129    (0)    1 :  0.007 0.009 0.005 0.008 0.008 0.071 0.004 0.877 0.011     (0.000,0.039) (0.000,0.051) (0.000,0.027) (0.000,0.045) (0.000,0.051) (0.000,0.441) (0.000,0.020) (0.491,1.000) (0.000,0.061) 
 55      132    (0)    1 :  0.007 0.022 0.009 0.793 0.030 0.015 0.010 0.008 0.106     (0.000,0.039) (0.000,0.142) (0.000,0.051) (0.357,1.000) (0.000,0.213) (0.000,0.098) (0.000,0.062) (0.000,0.044) (0.000,0.495) 
 56      133    (0)    1 :  0.040 0.014 0.227 0.664 0.005 0.006 0.032 0.005 0.006     (0.000,0.261) (0.000,0.067) (0.000,0.997) (0.000,1.000) (0.000,0.028) (0.000,0.034) (0.000,0.220) (0.000,0.026) (0.000,0.034) 
 57      137    (7)    1 :  0.012 0.028 0.051 0.476 0.009 0.011 0.384 0.011 0.019     (0.000,0.076) (0.000,0.182) (0.000,0.371) (0.000,0.994) (0.000,0.053) (0.000,0.065) (0.000,0.985) (0.000,0.066) (0.000,0.133) 
 58      139    (0)    1 :  0.010 0.014 0.009 0.006 0.011 0.008 0.929 0.008 0.006     (0.000,0.055) (0.000,0.084) (0.000,0.052) (0.000,0.031) (0.000,0.068) (0.000,0.053) (0.707,1.000) (0.000,0.044) (0.000,0.035) 
 59      140    (0)    1 :  0.726 0.038 0.065 0.044 0.014 0.036 0.054 0.016 0.006     (0.237,1.000) (0.000,0.257) (0.000,0.448) (0.000,0.326) (0.000,0.084) (0.000,0.257) (0.000,0.335) (0.000,0.097) (0.000,0.032) 
 60      142    (0)    1 :  0.009 0.019 0.252 0.019 0.008 0.040 0.629 0.010 0.014     (0.000,0.055) (0.000,0.111) (0.000,0.963) (0.000,0.129) (0.000,0.046) (0.000,0.288) (0.000,0.999) (0.000,0.061) (0.000,0.094) 
 61      144    (0)    1 :  0.955 0.005 0.005 0.008 0.005 0.007 0.006 0.004 0.004     (0.811,1.000) (0.000,0.028) (0.000,0.031) (0.000,0.051) (0.000,0.027) (0.000,0.045) (0.000,0.034) (0.000,0.024) (0.000,0.023) 
 62      145    (0)    1 :  0.007 0.007 0.940 0.006 0.006 0.006 0.017 0.006 0.005     (0.000,0.042) (0.000,0.036) (0.748,1.000) (0.000,0.035) (0.000,0.036) (0.000,0.034) (0.000,0.101) (0.000,0.031) (0.000,0.026) 
 63      147    (0)    1 :  0.928 0.010 0.011 0.007 0.006 0.004 0.021 0.008 0.004     (0.703,1.000) (0.000,0.059) (0.000,0.061) (0.000,0.044) (0.000,0.037) (0.000,0.022) (0.000,0.154) (0.000,0.048) (0.000,0.024) 
 64      160    (0)    1 :  0.005 0.005 0.005 0.006 0.006 0.008 0.004 0.007 0.954     (0.000,0.028) (0.000,0.030) (0.000,0.027) (0.000,0.031) (0.000,0.036) (0.000,0.047) (0.000,0.024) (0.000,0.039) (0.805,1.000) 
 65     162*    (0)    1 :  0.006 0.009 0.010 0.005 0.005 0.006 0.006 0.939 0.013     (0.000,0.035) (0.000,0.041) (0.000,0.060) (0.000,0.031) (0.000,0.028) (0.000,0.032) (0.000,0.036) (0.740,1.000) (0.000,0.082) 
 66      166    (0)    1 :  0.018 0.007 0.011 0.925 0.005 0.011 0.012 0.006 0.005     (0.000,0.112) (0.000,0.040) (0.000,0.060) (0.688,1.000) (0.000,0.026) (0.000,0.067) (0.000,0.070) (0.000,0.034) (0.000,0.027) 
 67      177    (0)    1 :  0.004 0.004 0.006 0.005 0.003 0.004 0.965 0.004 0.004     (0.000,0.023) (0.000,0.024) (0.000,0.031) (0.000,0.028) (0.000,0.018) (0.000,0.022) (0.853,1.000) (0.000,0.019) (0.000,0.023) 
 68      178    (0)    1 :  0.014 0.028 0.036 0.043 0.010 0.009 0.815 0.015 0.029     (0.000,0.098) (0.000,0.189) (0.000,0.270) (0.000,0.311) (0.000,0.059) (0.000,0.059) (0.399,1.000) (0.000,0.100) (0.000,0.214) 
 69      186    (0)    1 :  0.004 0.004 0.005 0.005 0.005 0.963 0.004 0.006 0.005     (0.000,0.020) (0.000,0.024) (0.000,0.028) (0.000,0.027) (0.000,0.025) (0.841,1.000) (0.000,0.023) (0.000,0.030) (0.000,0.028) 
 70      189    (0)    1 :  0.004 0.007 0.017 0.004 0.006 0.007 0.007 0.935 0.013     (0.000,0.023) (0.000,0.037) (0.000,0.092) (0.000,0.023) (0.000,0.032) (0.000,0.036) (0.000,0.038) (0.730,1.000) (0.000,0.087) 
 71      190    (0)    1 :  0.009 0.031 0.029 0.026 0.018 0.050 0.013 0.740 0.085     (0.000,0.048) (0.000,0.200) (0.000,0.211) (0.000,0.190) (0.000,0.122) (0.000,0.336) (0.000,0.081) (0.019,1.000) (0.000,0.582) 
 72      191    (0)    1 :  0.033 0.024 0.102 0.008 0.009 0.339 0.015 0.454 0.017     (0.000,0.242) (0.000,0.146) (0.000,0.533) (0.000,0.048) (0.000,0.051) (0.000,0.829) (0.000,0.099) (0.000,0.990) (0.000,0.111) 
 73      193    (0)    1 :  0.011 0.009 0.906 0.010 0.009 0.018 0.012 0.009 0.015     (0.000,0.068) (0.000,0.052) (0.630,1.000) (0.000,0.059) (0.000,0.053) (0.000,0.124) (0.000,0.073) (0.000,0.054) (0.000,0.102) 
 74      202    (0)    1 :  0.008 0.558 0.041 0.035 0.019 0.012 0.008 0.113 0.205     (0.000,0.046) (0.000,0.999) (0.000,0.294) (0.000,0.244) (0.000,0.114) (0.000,0.073) (0.000,0.048) (0.000,0.577) (0.000,0.656) 
 75      204    (0)    1 :  0.007 0.006 0.005 0.006 0.005 0.312 0.004 0.645 0.010     (0.000,0.037) (0.000,0.034) (0.000,0.030) (0.000,0.031) (0.000,0.027) (0.000,0.999) (0.000,0.021) (0.000,1.000) (0.000,0.056) 
 76      211    (0)    1 :  0.051 0.072 0.019 0.671 0.017 0.017 0.063 0.010 0.080     (0.000,0.351) (0.000,0.517) (0.000,0.126) (0.019,0.999) (0.000,0.112) (0.000,0.116) (0.000,0.337) (0.000,0.061) (0.000,0.458) 
 77      216    (0)    1 :  0.463 0.021 0.011 0.439 0.005 0.005 0.032 0.007 0.016     (0.000,0.982) (0.000,0.133) (0.000,0.061) (0.000,0.881) (0.000,0.029) (0.000,0.027) (0.000,0.209) (0.000,0.041) (0.000,0.109) 
 78      222    (0)    1 :  0.709 0.055 0.153 0.012 0.038 0.005 0.008 0.014 0.005     (0.003,1.000) (0.000,0.430) (0.000,0.849) (0.000,0.069) (0.000,0.276) (0.000,0.030) (0.000,0.048) (0.000,0.075) (0.000,0.026) 
 79      224    (0)    1 :  0.010 0.011 0.026 0.005 0.009 0.008 0.005 0.911 0.014     (0.000,0.067) (0.000,0.053) (0.000,0.156) (0.000,0.030) (0.000,0.053) (0.000,0.042) (0.000,0.030) (0.634,1.000) (0.000,0.092) 
 80      226    (0)    1 :  0.005 0.020 0.006 0.011 0.008 0.931 0.005 0.008 0.005     (0.000,0.027) (0.000,0.138) (0.000,0.033) (0.000,0.072) (0.000,0.046) (0.719,1.000) (0.000,0.027) (0.000,0.047) (0.000,0.029) 
 81      229    (0)    1 :  0.021 0.358 0.078 0.028 0.021 0.019 0.018 0.403 0.054     (0.000,0.134) (0.000,0.998) (0.000,0.415) (0.000,0.208) (0.000,0.139) (0.000,0.122) (0.000,0.128) (0.000,0.958) (0.000,0.406) 
 82      230    (0)    1 :  0.016 0.131 0.014 0.009 0.015 0.030 0.052 0.694 0.039     (0.000,0.111) (0.000,0.924) (0.000,0.086) (0.000,0.057) (0.000,0.088) (0.000,0.221) (0.000,0.307) (0.000,1.000) (0.000,0.283) 
 83      232    (0)    1 :  0.016 0.127 0.295 0.056 0.020 0.114 0.048 0.064 0.260     (0.000,0.105) (0.000,0.803) (0.000,0.919) (0.000,0.384) (0.000,0.130) (0.000,0.563) (0.000,0.347) (0.000,0.461) (0.000,0.706) 
 84      238    (0)    1 :  0.022 0.716 0.052 0.017 0.121 0.006 0.041 0.019 0.007     (0.000,0.156) (0.000,1.000) (0.000,0.376) (0.000,0.111) (0.000,0.730) (0.000,0.031) (0.000,0.287) (0.000,0.125) (0.000,0.042) 
 85      242    (0)    1 :  0.009 0.038 0.005 0.012 0.914 0.006 0.004 0.007 0.004     (0.000,0.058) (0.000,0.187) (0.000,0.030) (0.000,0.077) (0.650,1.000) (0.000,0.037) (0.000,0.024) (0.000,0.042) (0.000,0.022) 
 86      243    (0)    1 :  0.016 0.342 0.031 0.093 0.454 0.024 0.021 0.010 0.008     (0.000,0.104) (0.000,0.998) (0.000,0.219) (0.000,0.490) (0.000,0.994) (0.000,0.179) (0.000,0.152) (0.000,0.056) (0.000,0.049) 
 87      244    (0)    1 :  0.006 0.560 0.011 0.015 0.218 0.007 0.162 0.013 0.009     (0.000,0.035) (0.000,1.000) (0.000,0.065) (0.000,0.095) (0.000,0.810) (0.000,0.037) (0.000,0.619) (0.000,0.083) (0.000,0.054) 
 88      251    (0)    1 :  0.010 0.706 0.037 0.016 0.096 0.009 0.015 0.027 0.083     (0.000,0.064) (0.000,1.000) (0.000,0.264) (0.000,0.095) (0.000,0.678) (0.000,0.052) (0.000,0.092) (0.000,0.189) (0.000,0.490) 
 89      266    (0)    1 :  0.010 0.363 0.060 0.126 0.075 0.010 0.338 0.010 0.006     (0.000,0.062) (0.000,0.993) (0.000,0.459) (0.000,0.552) (0.000,0.419) (0.000,0.064) (0.000,0.811) (0.000,0.060) (0.000,0.033) 
 90      267    (0)    1 :  0.716 0.033 0.023 0.124 0.019 0.049 0.012 0.017 0.007     (0.231,1.000) (0.000,0.236) (0.000,0.148) (0.000,0.550) (0.000,0.131) (0.000,0.327) (0.000,0.071) (0.000,0.116) (0.000,0.040) 
 91      268    (0)    1 :  0.057 0.027 0.046 0.445 0.007 0.006 0.374 0.005 0.033     (0.000,0.398) (0.000,0.150) (0.000,0.349) (0.000,0.992) (0.000,0.038) (0.000,0.034) (0.000,0.983) (0.000,0.026) (0.000,0.239) 
 92      270    (0)    1 :  0.013 0.012 0.012 0.008 0.010 0.021 0.005 0.896 0.023     (0.000,0.086) (0.000,0.062) (0.000,0.077) (0.000,0.045) (0.000,0.057) (0.000,0.143) (0.000,0.030) (0.596,1.000) (0.000,0.161) 
 93      276    (0)    1 :  0.031 0.043 0.102 0.029 0.017 0.286 0.034 0.435 0.024     (0.000,0.224) (0.000,0.311) (0.000,0.560) (0.000,0.207) (0.000,0.112) (0.000,0.794) (0.000,0.250) (0.000,0.997) (0.000,0.165) 
 94      298    (7)    1 :  0.597 0.029 0.032 0.120 0.012 0.020 0.167 0.007 0.014     (0.013,0.993) (0.000,0.202) (0.000,0.195) (0.000,0.611) (0.000,0.069) (0.000,0.146) (0.000,0.653) (0.000,0.042) (0.000,0.094) 
 95      306    (0)    1 :  0.011 0.025 0.360 0.563 0.012 0.007 0.009 0.007 0.006     (0.000,0.066) (0.000,0.129) (0.000,0.702) (0.220,0.929) (0.000,0.072) (0.000,0.039) (0.000,0.052) (0.000,0.043) (0.000,0.032) 
 96      308    (0)    1 :  0.080 0.119 0.080 0.039 0.033 0.009 0.536 0.015 0.089     (0.000,0.505) (0.000,0.784) (0.000,0.529) (0.000,0.280) (0.000,0.239) (0.000,0.050) (0.000,0.992) (0.000,0.098) (0.000,0.429) 
 97      311    (7)    1 :  0.118 0.222 0.511 0.053 0.044 0.008 0.008 0.021 0.015     (0.000,0.743) (0.000,0.987) (0.000,0.999) (0.000,0.382) (0.000,0.296) (0.000,0.045) (0.000,0.041) (0.000,0.146) (0.000,0.096) 
 98      323    (0)    1 :  0.008 0.006 0.006 0.005 0.009 0.947 0.004 0.009 0.005     (0.000,0.047) (0.000,0.034) (0.000,0.032) (0.000,0.030) (0.000,0.053) (0.780,1.000) (0.000,0.024) (0.000,0.050) (0.000,0.027) 
 99      327    (0)    1 :  0.011 0.054 0.021 0.036 0.018 0.023 0.007 0.621 0.209     (0.000,0.062) (0.000,0.395) (0.000,0.145) (0.000,0.253) (0.000,0.124) (0.000,0.162) (0.000,0.036) (0.000,0.995) (0.000,0.674) 
100      334    (0)    1 :  0.016 0.670 0.016 0.028 0.237 0.005 0.008 0.012 0.009     (0.000,0.101) (0.000,1.000) (0.000,0.104) (0.000,0.191) (0.000,0.989) (0.000,0.025) (0.000,0.042) (0.000,0.071) (0.000,0.052) 
101      338    (0)    1 :  0.181 0.194 0.418 0.089 0.016 0.022 0.015 0.033 0.031     (0.000,0.879) (0.000,0.976) (0.000,0.995) (0.000,0.544) (0.000,0.104) (0.000,0.158) (0.000,0.088) (0.000,0.236) (0.000,0.217) 
102      341    (0)    1 :  0.006 0.011 0.008 0.029 0.012 0.912 0.006 0.007 0.007     (0.000,0.034) (0.000,0.064) (0.000,0.045) (0.000,0.205) (0.000,0.078) (0.653,1.000) (0.000,0.034) (0.000,0.042) (0.000,0.040) 
103      346    (0)    1 :  0.006 0.016 0.015 0.463 0.007 0.012 0.436 0.010 0.035     (0.000,0.031) (0.000,0.090) (0.000,0.077) (0.000,0.998) (0.000,0.037) (0.000,0.069) (0.000,0.998) (0.000,0.060) (0.000,0.261) 
104      348    (0)    1 :  0.575 0.059 0.171 0.012 0.018 0.008 0.142 0.009 0.007     (0.000,0.995) (0.000,0.437) (0.000,0.618) (0.000,0.073) (0.000,0.117) (0.000,0.046) (0.000,0.558) (0.000,0.051) (0.000,0.043) 
105      351    (0)    1 :  0.009 0.214 0.017 0.534 0.142 0.013 0.011 0.011 0.049     (0.000,0.054) (0.000,0.982) (0.000,0.101) (0.000,0.999) (0.000,0.841) (0.000,0.079) (0.000,0.062) (0.000,0.068) (0.000,0.324) 
106      362    (0)    1 :  0.007 0.012 0.009 0.008 0.006 0.130 0.005 0.749 0.074     (0.000,0.042) (0.000,0.060) (0.000,0.051) (0.000,0.043) (0.000,0.035) (0.000,0.781) (0.000,0.029) (0.000,1.000) (0.000,0.513) 
107      364    (0)    1 :  0.008 0.058 0.021 0.043 0.827 0.012 0.011 0.006 0.013     (0.000,0.049) (0.000,0.466) (0.000,0.148) (0.000,0.283) (0.369,1.000) (0.000,0.075) (0.000,0.073) (0.000,0.032) (0.000,0.089) 
108      366    (0)    1 :  0.023 0.082 0.011 0.030 0.806 0.012 0.010 0.018 0.008     (0.000,0.164) (0.000,0.774) (0.000,0.064) (0.000,0.219) (0.008,1.000) (0.000,0.073) (0.000,0.058) (0.000,0.123) (0.000,0.050) 
109      376    (0)    1 :  0.004 0.010 0.019 0.009 0.006 0.896 0.017 0.024 0.015     (0.000,0.020) (0.000,0.057) (0.000,0.133) (0.000,0.052) (0.000,0.031) (0.633,1.000) (0.000,0.118) (0.000,0.168) (0.000,0.105) 
110      377    (7)    1 :  0.050 0.105 0.200 0.016 0.015 0.030 0.009 0.314 0.263     (0.000,0.310) (0.000,0.718) (0.000,0.881) (0.000,0.091) (0.000,0.090) (0.000,0.209) (0.000,0.047) (0.000,0.914) (0.000,0.847) 
111      378    (0)    1 :  0.005 0.007 0.016 0.014 0.004 0.014 0.016 0.007 0.916     (0.000,0.030) (0.000,0.041) (0.000,0.113) (0.000,0.089) (0.000,0.025) (0.000,0.098) (0.000,0.112) (0.000,0.039) (0.690,1.000) 
112      388    (0)    1 :  0.481 0.050 0.069 0.305 0.019 0.012 0.014 0.016 0.035     (0.000,0.998) (0.000,0.369) (0.000,0.475) (0.000,0.933) (0.000,0.128) (0.000,0.075) (0.000,0.092) (0.000,0.104) (0.000,0.254) 
113      391    (0)    1 :  0.017 0.092 0.096 0.166 0.012 0.453 0.008 0.009 0.147     (0.000,0.109) (0.000,0.687) (0.000,0.559) (0.000,0.726) (0.000,0.074) (0.000,0.868) (0.000,0.047) (0.000,0.049) (0.000,0.496) 
114      401    (0)    1 :  0.007 0.477 0.106 0.008 0.062 0.076 0.066 0.187 0.011     (0.000,0.040) (0.000,0.999) (0.000,0.557) (0.000,0.043) (0.000,0.427) (0.000,0.502) (0.000,0.405) (0.000,0.667) (0.000,0.069) 
115      406    (0)    1 :  0.070 0.150 0.231 0.327 0.043 0.118 0.031 0.016 0.015     (0.000,0.458) (0.000,0.920) (0.000,0.952) (0.000,0.976) (0.000,0.304) (0.000,0.634) (0.000,0.211) (0.000,0.105) (0.000,0.100) 
116      412    (7)    1 :  0.028 0.060 0.591 0.212 0.016 0.024 0.015 0.026 0.027     (0.000,0.175) (0.000,0.479) (0.000,1.000) (0.000,0.981) (0.000,0.102) (0.000,0.167) (0.000,0.089) (0.000,0.188) (0.000,0.195) 
117      413    (0)    1 :  0.017 0.055 0.822 0.009 0.039 0.004 0.031 0.016 0.008     (0.000,0.108) (0.000,0.370) (0.362,1.000) (0.000,0.053) (0.000,0.263) (0.000,0.023) (0.000,0.206) (0.000,0.092) (0.000,0.043) 
118      421    (0)    1 :  0.017 0.057 0.099 0.026 0.015 0.019 0.023 0.733 0.010     (0.000,0.121) (0.000,0.420) (0.000,0.547) (0.000,0.183) (0.000,0.097) (0.000,0.133) (0.000,0.170) (0.194,1.000) (0.000,0.059) 
119      423    (0)    1 :  0.043 0.064 0.138 0.007 0.026 0.016 0.009 0.687 0.010     (0.000,0.313) (0.000,0.532) (0.000,0.843) (0.000,0.039) (0.000,0.189) (0.000,0.109) (0.000,0.053) (0.000,1.000) (0.000,0.064) 
120      424    (0)    1 :  0.018 0.047 0.354 0.279 0.027 0.231 0.015 0.010 0.018     (0.000,0.114) (0.000,0.348) (0.000,0.987) (0.000,0.985) (0.000,0.197) (0.000,0.845) (0.000,0.095) (0.000,0.061) (0.000,0.113) 
121      426    (0)    1 :  0.010 0.053 0.052 0.061 0.027 0.105 0.025 0.033 0.635     (0.000,0.059) (0.000,0.371) (0.000,0.363) (0.000,0.451) (0.000,0.191) (0.000,0.524) (0.000,0.170) (0.000,0.225) (0.004,0.997) 
122      430    (7)    1 :  0.020 0.016 0.576 0.327 0.006 0.016 0.017 0.010 0.012     (0.000,0.130) (0.000,0.082) (0.000,0.996) (0.000,0.946) (0.000,0.034) (0.000,0.107) (0.000,0.105) (0.000,0.055) (0.000,0.072) 
123      435    (0)    1 :  0.030 0.011 0.407 0.013 0.004 0.005 0.509 0.008 0.013     (0.000,0.194) (0.000,0.060) (0.000,0.961) (0.000,0.079) (0.000,0.022) (0.000,0.029) (0.000,0.991) (0.000,0.041) (0.000,0.085) 
124      476    (0)    1 :  0.005 0.035 0.016 0.007 0.024 0.742 0.025 0.134 0.013     (0.000,0.026) (0.000,0.239) (0.000,0.114) (0.000,0.040) (0.000,0.164) (0.305,0.999) (0.000,0.175) (0.000,0.588) (0.000,0.088) 
125      478    (0)    1 :  0.009 0.026 0.013 0.016 0.028 0.700 0.006 0.186 0.016     (0.000,0.054) (0.000,0.185) (0.000,0.088) (0.000,0.105) (0.000,0.194) (0.288,0.993) (0.000,0.033) (0.000,0.626) (0.000,0.104) 
126      484    (0)    1 :  0.514 0.018 0.048 0.331 0.007 0.022 0.043 0.008 0.010     (0.000,0.990) (0.000,0.100) (0.000,0.383) (0.000,0.820) (0.000,0.038) (0.000,0.157) (0.000,0.301) (0.000,0.044) (0.000,0.058) 
127      489    (0)    1 :  0.159 0.017 0.241 0.033 0.006 0.007 0.006 0.042 0.489     (0.000,0.573) (0.000,0.085) (0.000,0.985) (0.000,0.202) (0.000,0.032) (0.000,0.043) (0.000,0.033) (0.000,0.304) (0.000,0.991) 
128      493    (0)    1 :  0.008 0.035 0.018 0.011 0.892 0.008 0.008 0.009 0.012     (0.000,0.047) (0.000,0.220) (0.000,0.121) (0.000,0.072) (0.599,1.000) (0.000,0.047) (0.000,0.044) (0.000,0.058) (0.000,0.080) 
129      494    (0)    1 :  0.008 0.237 0.011 0.006 0.660 0.010 0.007 0.021 0.039     (0.000,0.052) (0.000,0.995) (0.000,0.067) (0.000,0.034) (0.000,1.000) (0.000,0.062) (0.000,0.042) (0.000,0.151) (0.000,0.275) 
130      500    (0)    1 :  0.005 0.013 0.006 0.006 0.008 0.057 0.005 0.892 0.009     (0.000,0.026) (0.000,0.068) (0.000,0.029) (0.000,0.032) (0.000,0.043) (0.000,0.392) (0.000,0.026) (0.519,1.000) (0.000,0.053) 
131      504    (0)    1 :  0.561 0.089 0.025 0.116 0.033 0.012 0.021 0.062 0.080     (0.000,0.986) (0.000,0.633) (0.000,0.172) (0.000,0.607) (0.000,0.237) (0.000,0.078) (0.000,0.145) (0.000,0.376) (0.000,0.387) 
132      506    (0)    1 :  0.933 0.006 0.008 0.008 0.005 0.013 0.004 0.017 0.005     (0.709,1.000) (0.000,0.034) (0.000,0.048) (0.000,0.043) (0.000,0.027) (0.000,0.082) (0.000,0.021) (0.000,0.114) (0.000,0.027) 


Estimated Allele Frequencies in each cluster
First column gives estimated ancestral frequencies


Locus 1 : Rsu5 
5 alleles
0.0% missing data
 137   (0.729) 0.358 0.728 0.829 0.895 0.625 0.969 0.820 0.967 0.910 
 135   (0.085) 0.014 0.083 0.068 0.073 0.135 0.016 0.035 0.008 0.039 
 139   (0.120) 0.015 0.129 0.083 0.017 0.198 0.011 0.054 0.019 0.046 
 133   (0.022) 0.002 0.020 0.003 0.002 0.031 0.001 0.003 0.002 0.002 
 131   (0.044) 0.612 0.041 0.017 0.013 0.011 0.003 0.089 0.004 0.003 

Locus 2 : Scv1 
5 alleles
0.0% missing data
 181   (0.533) 0.364 0.534 0.334 0.343 0.724 0.958 0.373 0.601 0.830 
 179   (0.188) 0.089 0.188 0.104 0.421 0.146 0.016 0.280 0.139 0.072 
 177   (0.112) 0.206 0.110 0.322 0.200 0.055 0.013 0.024 0.014 0.084 
 185   (0.138) 0.338 0.137 0.237 0.033 0.055 0.011 0.319 0.243 0.011 
 171   (0.029) 0.003 0.031 0.004 0.003 0.020 0.002 0.004 0.003 0.003 

Locus 3 : Rsu4 
9 alleles
0.0% missing data
 267   (0.207) 0.153 0.211 0.043 0.051 0.326 0.140 0.103 0.284 0.096 
 263   (0.320) 0.358 0.314 0.747 0.361 0.252 0.515 0.312 0.216 0.804 
 259   (0.048) 0.005 0.044 0.011 0.008 0.012 0.225 0.006 0.246 0.038 
 287   (0.175) 0.156 0.172 0.129 0.454 0.129 0.102 0.081 0.212 0.034 
 275   (0.035) 0.003 0.035 0.005 0.006 0.144 0.002 0.010 0.003 0.002 
 279   (0.080) 0.010 0.087 0.017 0.020 0.044 0.006 0.302 0.009 0.013 
 283   (0.075) 0.308 0.072 0.037 0.091 0.037 0.005 0.178 0.007 0.006 
 291   (0.036) 0.004 0.039 0.006 0.006 0.014 0.002 0.005 0.021 0.005 
 271   (0.026) 0.003 0.026 0.003 0.003 0.041 0.002 0.003 0.002 0.002 

Locus 4 : Rsu6 
5 alleles
0.0% missing data
 120   (0.242) 0.056 0.239 0.164 0.454 0.201 0.282 0.219 0.264 0.544 
 126   (0.622) 0.927 0.628 0.815 0.531 0.618 0.564 0.762 0.513 0.373 
 124   (0.091) 0.012 0.091 0.014 0.011 0.055 0.151 0.013 0.202 0.080 
 130   (0.024) 0.002 0.022 0.003 0.003 0.120 0.002 0.003 0.002 0.002 
 114   (0.021) 0.003 0.019 0.004 0.002 0.006 0.001 0.003 0.019 0.002 

Locus 5 : Scv23 
3 alleles
0.8% missing data
 158   (0.535) 0.812 0.536 0.651 0.465 0.457 0.369 0.552 0.746 0.463 
 164   (0.172) 0.106 0.170 0.072 0.299 0.287 0.444 0.028 0.051 0.073 
 160   (0.293) 0.082 0.293 0.277 0.236 0.255 0.188 0.421 0.203 0.464 

Locus 6 : Scv13 
5 alleles
0.0% missing data
 182   (0.715) 0.892 0.710 0.908 0.939 0.715 0.804 0.476 0.909 0.975 
 180   (0.098) 0.011 0.102 0.024 0.014 0.099 0.168 0.015 0.070 0.012 
 172   (0.076) 0.084 0.076 0.021 0.032 0.039 0.006 0.352 0.007 0.006 
 184   (0.069) 0.009 0.070 0.029 0.009 0.134 0.019 0.014 0.011 0.005 
 174   (0.042) 0.005 0.042 0.017 0.006 0.013 0.003 0.143 0.004 0.003 

Locus 7 : Scv32 
18 alleles
0.0% missing data
 236   (0.042) 0.004 0.045 0.006 0.006 0.148 0.003 0.006 0.004 0.003 
 238   (0.038) 0.065 0.035 0.019 0.290 0.017 0.003 0.005 0.003 0.003 
 234   (0.143) 0.065 0.139 0.435 0.304 0.053 0.348 0.656 0.020 0.068 
 246   (0.050) 0.007 0.047 0.017 0.006 0.013 0.317 0.009 0.183 0.007 
 248   (0.097) 0.022 0.101 0.037 0.083 0.116 0.007 0.013 0.152 0.416 
 262   (0.119) 0.030 0.125 0.138 0.064 0.041 0.019 0.026 0.246 0.189 
 232   (0.161) 0.521 0.161 0.205 0.045 0.427 0.145 0.027 0.145 0.013 
 250   (0.030) 0.003 0.029 0.008 0.020 0.008 0.005 0.004 0.003 0.268 
 228   (0.026) 0.003 0.030 0.004 0.003 0.010 0.002 0.004 0.002 0.002 
 220   (0.044) 0.005 0.045 0.007 0.006 0.012 0.074 0.006 0.205 0.005 
 264   (0.053) 0.006 0.051 0.025 0.099 0.060 0.043 0.026 0.007 0.006 
 252   (0.042) 0.099 0.039 0.007 0.010 0.011 0.003 0.104 0.013 0.004 
 254   (0.046) 0.084 0.045 0.010 0.047 0.017 0.003 0.097 0.004 0.004 
 242   (0.024) 0.002 0.024 0.003 0.003 0.038 0.002 0.003 0.002 0.002 
 266   (0.026) 0.031 0.026 0.045 0.008 0.007 0.002 0.004 0.003 0.002 
 244   (0.024) 0.049 0.023 0.028 0.003 0.008 0.002 0.003 0.006 0.006 
 226   (0.018) 0.002 0.017 0.003 0.002 0.005 0.023 0.002 0.002 0.001 
 240   (0.018) 0.002 0.018 0.002 0.002 0.010 0.001 0.005 0.002 0.001 

Locus 8 : Scv8 
6 alleles
0.0% missing data
 200   (0.653) 0.609 0.661 0.559 0.854 0.628 0.844 0.419 0.672 0.833 
 202   (0.085) 0.066 0.083 0.091 0.084 0.205 0.006 0.030 0.008 0.006 
 194   (0.083) 0.009 0.078 0.282 0.024 0.029 0.137 0.035 0.115 0.016 
 204   (0.050) 0.005 0.051 0.014 0.007 0.016 0.004 0.008 0.033 0.132 
 198   (0.067) 0.008 0.067 0.022 0.009 0.090 0.005 0.013 0.167 0.008 
 188   (0.063) 0.303 0.059 0.031 0.022 0.032 0.004 0.495 0.006 0.004 

Locus 9 : Scv9 
5 alleles
0.0% missing data
 198   (0.300) 0.277 0.295 0.315 0.748 0.161 0.424 0.571 0.096 0.494 
 200   (0.346) 0.346 0.349 0.149 0.099 0.575 0.375 0.102 0.538 0.398 
 196   (0.288) 0.365 0.294 0.521 0.144 0.248 0.036 0.195 0.360 0.104 
 204   (0.046) 0.007 0.044 0.011 0.007 0.012 0.164 0.105 0.004 0.004 
 202   (0.020) 0.004 0.019 0.005 0.002 0.005 0.001 0.027 0.002 0.001 

Locus 10 : Rsu1 
6 alleles
0.0% missing data
 189   (0.311) 0.082 0.320 0.306 0.225 0.562 0.483 0.264 0.055 0.045 
 185   (0.268) 0.805 0.265 0.418 0.549 0.176 0.154 0.093 0.244 0.054 
 177   (0.080) 0.068 0.082 0.019 0.012 0.026 0.011 0.037 0.144 0.011 
 181   (0.248) 0.035 0.246 0.239 0.199 0.212 0.048 0.594 0.196 0.840 
 193   (0.055) 0.006 0.053 0.012 0.011 0.015 0.073 0.008 0.272 0.047 
 197   (0.037) 0.004 0.034 0.007 0.004 0.009 0.231 0.005 0.089 0.004 

Locus 11 : Scv14 
7 alleles
4.5% missing data
 196   (0.532) 0.624 0.522 0.743 0.364 0.500 0.927 0.653 0.796 0.925 
 198   (0.071) 0.022 0.070 0.013 0.349 0.093 0.005 0.049 0.006 0.006 
 194   (0.136) 0.052 0.138 0.136 0.025 0.234 0.020 0.188 0.073 0.040 
 202   (0.198) 0.295 0.207 0.098 0.251 0.145 0.043 0.092 0.117 0.021 
 204   (0.020) 0.002 0.020 0.003 0.002 0.016 0.002 0.003 0.002 0.002 
 190   (0.021) 0.002 0.022 0.004 0.003 0.006 0.002 0.003 0.003 0.005 
 200   (0.022) 0.002 0.021 0.004 0.005 0.008 0.002 0.011 0.002 0.002 

Locus 12 : Scv16 
7 alleles
0.0% missing data
 182   (0.429) 0.267 0.436 0.685 0.519 0.199 0.213 0.558 0.558 0.803 
 184   (0.407) 0.686 0.408 0.281 0.415 0.569 0.768 0.163 0.273 0.184 
 188   (0.052) 0.006 0.049 0.007 0.006 0.180 0.011 0.007 0.159 0.004 
 200   (0.022) 0.002 0.021 0.003 0.003 0.026 0.001 0.003 0.002 0.001 
 198   (0.036) 0.018 0.033 0.014 0.039 0.009 0.002 0.171 0.003 0.003 
 190   (0.035) 0.020 0.033 0.006 0.015 0.009 0.003 0.096 0.003 0.003 
 186   (0.020) 0.002 0.020 0.003 0.002 0.008 0.001 0.003 0.002 0.001 

Locus 13 : Scv31 
15 alleles
3.0% missing data
 193   (0.120) 0.086 0.124 0.042 0.361 0.061 0.015 0.042 0.026 0.630 
 201   (0.112) 0.073 0.115 0.022 0.018 0.249 0.020 0.016 0.048 0.082 
 187   (0.082) 0.154 0.079 0.016 0.012 0.022 0.292 0.012 0.298 0.053 
 207   (0.032) 0.004 0.029 0.006 0.004 0.008 0.375 0.004 0.033 0.002 
 195   (0.062) 0.243 0.061 0.100 0.009 0.017 0.006 0.016 0.122 0.017 
 185   (0.177) 0.134 0.176 0.180 0.490 0.117 0.224 0.338 0.028 0.018 
 189   (0.055) 0.006 0.053 0.007 0.006 0.271 0.003 0.007 0.005 0.157 
 205   (0.020) 0.002 0.022 0.003 0.002 0.006 0.001 0.003 0.002 0.001 
 191   (0.148) 0.018 0.150 0.592 0.058 0.045 0.047 0.450 0.356 0.023 
 197   (0.028) 0.218 0.027 0.005 0.003 0.007 0.004 0.004 0.004 0.004 
 199   (0.057) 0.050 0.056 0.011 0.008 0.065 0.004 0.092 0.005 0.005 
 203   (0.024) 0.003 0.023 0.003 0.003 0.086 0.002 0.003 0.002 0.002 
 209   (0.030) 0.003 0.031 0.004 0.019 0.019 0.002 0.007 0.003 0.003 
 213   (0.030) 0.003 0.033 0.004 0.004 0.020 0.002 0.004 0.003 0.002 
 181   (0.023) 0.002 0.022 0.004 0.003 0.006 0.003 0.003 0.064 0.002 

Locus 14 : Scv6 
8 alleles
0.0% missing data
 191   (0.095) 0.017 0.095 0.013 0.017 0.227 0.007 0.013 0.189 0.265 
 195   (0.389) 0.629 0.390 0.385 0.522 0.278 0.670 0.207 0.491 0.394 
 197   (0.204) 0.228 0.200 0.049 0.250 0.099 0.276 0.427 0.284 0.311 
 201   (0.091) 0.010 0.095 0.042 0.097 0.128 0.006 0.142 0.008 0.009 
 205   (0.022) 0.002 0.020 0.003 0.002 0.063 0.001 0.003 0.002 0.001 
 193   (0.101) 0.083 0.099 0.132 0.084 0.126 0.007 0.182 0.010 0.008 
 199   (0.077) 0.029 0.080 0.374 0.025 0.028 0.032 0.024 0.013 0.009 
 181   (0.023) 0.002 0.022 0.003 0.003 0.051 0.001 0.003 0.002 0.002 

Values of parameters used in structure:
DATAFILE=M:\STRUCTURE\Squirrel_132_ID_14L_20250816\project_data,	OUTFILE=M:\STRUCTURE\Squirrel_132_ID_14L_20250816\10k_Burnin_100k_MCMC\Results\10k_Burnin_100k_MCMC_run_208,	NUMINDS=132,	NUMLOCI=14,	MISSING=-9,	LABEL=1,	POPDATA=1,	POPFLAG=0,	PHENOTYPE=0,	EXTRACOLS=1,	MAXPOPS=9,	BURNIN=10000,	NUMREPS=100000,	USEPOPINFO=0,	INFERALPHA=1,	INFERLAMBDA=1,	POPSPECIFICLAMBDA=0,	POPALPHAS=0,	COMPUTEPROB=1,	NOADMIX=0,	ADMBURNIN=2500,	UPDATEFREQ=1,	PRINTLIKES=0,	INTERMEDSAVE=0,	PRINTKLD=0,	PRINTNET=0,	PRINTLAMBDA=0,	ANCESTDIST=1,	NUMBOXES=1000,	ANCESTPINT=0.90000,	GENSBACK=2,	MIGRPRIOR=0.05000,	PRINTQHAT=1,	PRINTQSUM=0,	ALPHA=1.0000,	FREQSCORR=1,	FPRIORMEAN=0.0100,	FPRIORSD=0.0500,	ONEFST=0,	LAMBDA=1.0000,	UNIFPRIORALPHA=1,	ALPHAMAX=10.0000,	ALPHAPRIORA=1.0000,	ALPHAPRIORB=2.0000,	ALPHAPROPSD=0.0250,	STARTATPOPINFO=0,	RANDOMIZE=1,	LINKAGE=0,	METROFREQ=10,	REPORTHITRATE=0,	MARKOVPHASE=-1,	PHASED=0,	PLOIDY=2,	PHASEINFO=0	LOCPRIOR=0, 	LOCPRIORINIT=1.000000, 	LOCDATA=0, 	LOCISPOP=0, 	LOCPRIORSTEP=0.100000, 	MAXLOCPRIOR=20.000000, 	SEED=1763830177,	
[STRAT parameters]:    NUMSIMSTATS=1000,	PHENOTYPECOL=-9,	POOLFREQ=10,	LOCUSxONLY=0,	EMERROR=0.00100,	MISSINGPHENO=-9,	