

----------------------------------------------------
STRUCTURE by Pritchard, Stephens and Donnelly (2000)
     and Falush, Stephens and Pritchard (2003)
       Code by Pritchard, Falush and Hubisz
             Version 2.3.4 (Jul 2012)
----------------------------------------------------



Command line arguments:   bin\structure -m M:\STRUCTURE\Squirrel_132_ID_14L_20250816\10k_Burnin_100k_MCMC\mainparams -e M:\STRUCTURE\Squirrel_132_ID_14L_20250816\10k_Burnin_100k_MCMC\extraparams 
Input File:    M:\STRUCTURE\Squirrel_132_ID_14L_20250816\project_data

Run parameters:
   132 individuals
   14 loci
   10 populations assumed
   10000 Burn-in period
   100000 Reps


--------------------------------------------
Proportion of membership of each pre-defined
 population in each of the 10 clusters

Given    Inferred Clusters                                                        Number of
 Pop       1      2      3      4      5      6      7      8      9     10      Individuals

  1:     0.136  0.097  0.088  0.163  0.083  0.086  0.100  0.076  0.095  0.077      132
--------------------------------------------

Allele-freq. divergence among pops (Net nucleotide distance),
computed using point estimates of P.

      1       2       3       4       5       6       7       8       9      10      
 1      -    0.1244  0.1042  0.0799  0.1573  0.0598  0.0771  0.0818  0.1390  0.1203  
 2   0.1244     -    0.1153  0.0953  0.2240  0.0841  0.1265  0.1135  0.1335  0.1258  
 3   0.1042  0.1153     -    0.1061  0.1420  0.0510  0.1025  0.0503  0.1030  0.1049  
 4   0.0799  0.0953  0.1061     -    0.1342  0.0344  0.0716  0.0500  0.1101  0.0805  
 5   0.1573  0.2240  0.1420  0.1342     -    0.0928  0.1185  0.0821  0.1709  0.1372  
 6   0.0598  0.0841  0.0510  0.0344  0.0928     -    0.0252  0.0143  0.0597  0.0535  
 7   0.0771  0.1265  0.1025  0.0716  0.1185  0.0252     -    0.0539  0.1173  0.1067  
 8   0.0818  0.1135  0.0503  0.0500  0.0821  0.0143  0.0539     -    0.0786  0.0519  
 9   0.1390  0.1335  0.1030  0.1101  0.1709  0.0597  0.1173  0.0786     -    0.0781  
10   0.1203  0.1258  0.1049  0.0805  0.1372  0.0535  0.1067  0.0519  0.0781     -    

Average distances (expected heterozygosity) between individuals in same cluster:
cluster  1  : 0.4549 
cluster  2  : 0.3948 
cluster  3  : 0.5199 
cluster  4  : 0.5418 
cluster  5  : 0.4620 
cluster  6  : 0.6678 
cluster  7  : 0.6326 
cluster  8  : 0.6098 
cluster  9  : 0.5777 
cluster 10  : 0.4933 

--------------------------------------------
Estimated Ln Prob of Data   = -4319.0
Mean value of ln likelihood = -3877.9
Variance of ln likelihood   = 882.2
Mean value of alpha         = 0.0438

Mean value of lambda        = 0.9133

Mean value of Fst_1         = 0.3059
Mean value of Fst_2         = 0.3814
Mean value of Fst_3         = 0.2898
Mean value of Fst_4         = 0.2089
Mean value of Fst_5         = 0.3578
Mean value of Fst_6         = 0.0033
Mean value of Fst_7         = 0.1179
Mean value of Fst_8         = 0.1711
Mean value of Fst_9         = 0.2375
Mean value of Fst_10         = 0.2942


Inferred ancestry of individuals:
        Label (%Miss) Pop:  Inferred clusters (and 90% probability intervals)
  1       1*    (0)    1 :  0.015 0.034 0.210 0.010 0.007 0.054 0.624 0.036 0.005 0.006     (0.000,0.099) (0.000,0.244) (0.000,0.589) (0.000,0.056) (0.000,0.036) (0.000,0.427) (0.000,0.992) (0.000,0.222) (0.000,0.026) (0.000,0.034) 
  2        3    (0)    1 :  0.944 0.005 0.006 0.006 0.008 0.006 0.005 0.007 0.004 0.008     (0.775,1.000) (0.000,0.029) (0.000,0.032) (0.000,0.036) (0.000,0.051) (0.000,0.030) (0.000,0.027) (0.000,0.036) (0.000,0.023) (0.000,0.047) 
  3        6    (0)    1 :  0.888 0.008 0.020 0.020 0.008 0.009 0.005 0.014 0.010 0.017     (0.589,1.000) (0.000,0.043) (0.000,0.147) (0.000,0.132) (0.000,0.050) (0.000,0.050) (0.000,0.029) (0.000,0.088) (0.000,0.060) (0.000,0.119) 
  4        8    (0)    1 :  0.009 0.022 0.004 0.906 0.012 0.013 0.014 0.010 0.004 0.006     (0.000,0.048) (0.000,0.157) (0.000,0.024) (0.633,1.000) (0.000,0.077) (0.000,0.076) (0.000,0.097) (0.000,0.055) (0.000,0.019) (0.000,0.029) 
  5       10    (0)    1 :  0.010 0.914 0.005 0.038 0.003 0.008 0.007 0.006 0.005 0.004     (0.000,0.060) (0.653,1.000) (0.000,0.025) (0.000,0.261) (0.000,0.017) (0.000,0.049) (0.000,0.041) (0.000,0.033) (0.000,0.025) (0.000,0.021) 
  6       11    (0)    1 :  0.019 0.014 0.029 0.043 0.009 0.556 0.125 0.136 0.024 0.044     (0.000,0.132) (0.000,0.095) (0.000,0.219) (0.000,0.332) (0.000,0.050) (0.000,1.000) (0.000,0.802) (0.000,0.970) (0.000,0.160) (0.000,0.311) 
  7       12    (0)    1 :  0.006 0.952 0.007 0.005 0.004 0.005 0.004 0.005 0.004 0.006     (0.000,0.035) (0.802,1.000) (0.000,0.039) (0.000,0.029) (0.000,0.020) (0.000,0.026) (0.000,0.021) (0.000,0.028) (0.000,0.024) (0.000,0.032) 
  8       16    (7)    1 :  0.936 0.008 0.005 0.015 0.004 0.007 0.006 0.006 0.005 0.008     (0.738,1.000) (0.000,0.047) (0.000,0.028) (0.000,0.096) (0.000,0.023) (0.000,0.036) (0.000,0.034) (0.000,0.031) (0.000,0.026) (0.000,0.048) 
  9       18    (0)    1 :  0.007 0.006 0.004 0.009 0.007 0.009 0.940 0.006 0.004 0.008     (0.000,0.040) (0.000,0.033) (0.000,0.022) (0.000,0.054) (0.000,0.037) (0.000,0.050) (0.754,1.000) (0.000,0.034) (0.000,0.019) (0.000,0.046) 
 10       19    (0)    1 :  0.012 0.009 0.006 0.029 0.017 0.697 0.060 0.124 0.034 0.012     (0.000,0.078) (0.000,0.051) (0.000,0.031) (0.000,0.203) (0.000,0.109) (0.000,1.000) (0.000,0.471) (0.000,0.934) (0.000,0.240) (0.000,0.068) 
 11       21    (7)    1 :  0.915 0.007 0.007 0.028 0.005 0.008 0.006 0.007 0.006 0.012     (0.668,1.000) (0.000,0.041) (0.000,0.038) (0.000,0.193) (0.000,0.029) (0.000,0.047) (0.000,0.029) (0.000,0.035) (0.000,0.034) (0.000,0.078) 
 12       23    (7)    1 :  0.019 0.444 0.236 0.015 0.007 0.044 0.012 0.048 0.035 0.140     (0.000,0.133) (0.000,0.925) (0.000,0.957) (0.000,0.095) (0.000,0.039) (0.000,0.327) (0.000,0.072) (0.000,0.347) (0.000,0.252) (0.000,0.595) 
 13       24    (7)    1 :  0.013 0.400 0.017 0.062 0.006 0.301 0.063 0.095 0.028 0.015     (0.000,0.087) (0.000,0.949) (0.000,0.103) (0.000,0.419) (0.000,0.032) (0.000,0.989) (0.000,0.425) (0.000,0.762) (0.000,0.200) (0.000,0.090) 
 14       25    (7)    1 :  0.051 0.453 0.232 0.107 0.005 0.065 0.014 0.037 0.006 0.031     (0.000,0.315) (0.000,0.900) (0.000,0.790) (0.000,0.431) (0.000,0.024) (0.000,0.475) (0.000,0.089) (0.000,0.255) (0.000,0.032) (0.000,0.218) 
 15      26*    (0)    1 :  0.239 0.246 0.016 0.389 0.007 0.047 0.018 0.027 0.005 0.007     (0.000,0.756) (0.000,0.676) (0.000,0.112) (0.000,0.963) (0.000,0.037) (0.000,0.335) (0.000,0.122) (0.000,0.184) (0.000,0.024) (0.000,0.037) 
 16       28    (0)    1 :  0.039 0.151 0.019 0.747 0.005 0.010 0.006 0.008 0.006 0.008     (0.000,0.304) (0.000,0.903) (0.000,0.137) (0.000,1.000) (0.000,0.032) (0.000,0.053) (0.000,0.032) (0.000,0.041) (0.000,0.032) (0.000,0.048) 
 17       29    (0)    1 :  0.006 0.910 0.005 0.025 0.006 0.013 0.014 0.009 0.006 0.006     (0.000,0.032) (0.648,1.000) (0.000,0.028) (0.000,0.178) (0.000,0.032) (0.000,0.082) (0.000,0.099) (0.000,0.051) (0.000,0.034) (0.000,0.031) 
 18       30    (0)    1 :  0.161 0.218 0.021 0.147 0.286 0.072 0.021 0.055 0.007 0.011     (0.000,0.733) (0.000,0.737) (0.000,0.144) (0.000,0.699) (0.000,0.640) (0.000,0.605) (0.000,0.131) (0.000,0.429) (0.000,0.035) (0.000,0.066) 
 19       33    (0)    1 :  0.006 0.006 0.020 0.005 0.013 0.111 0.706 0.046 0.081 0.005     (0.000,0.032) (0.000,0.033) (0.000,0.143) (0.000,0.025) (0.000,0.092) (0.000,0.931) (0.000,1.000) (0.000,0.282) (0.000,0.392) (0.000,0.029) 
 20       37    (0)    1 :  0.010 0.042 0.013 0.009 0.006 0.016 0.877 0.009 0.009 0.010     (0.000,0.067) (0.000,0.292) (0.000,0.087) (0.000,0.052) (0.000,0.035) (0.000,0.087) (0.563,1.000) (0.000,0.046) (0.000,0.053) (0.000,0.058) 
 21       38    (0)    1 :  0.009 0.014 0.005 0.010 0.006 0.024 0.909 0.012 0.004 0.006     (0.000,0.055) (0.000,0.099) (0.000,0.026) (0.000,0.060) (0.000,0.031) (0.000,0.143) (0.636,1.000) (0.000,0.054) (0.000,0.022) (0.000,0.035) 
 22       43    (0)    1 :  0.031 0.762 0.018 0.136 0.006 0.014 0.008 0.013 0.007 0.006     (0.000,0.214) (0.429,0.998) (0.000,0.124) (0.000,0.492) (0.000,0.036) (0.000,0.086) (0.000,0.043) (0.000,0.081) (0.000,0.038) (0.000,0.035) 
 23       44    (0)    1 :  0.251 0.006 0.004 0.666 0.025 0.014 0.007 0.008 0.004 0.013     (0.000,0.639) (0.000,0.033) (0.000,0.023) (0.140,0.999) (0.000,0.188) (0.000,0.069) (0.000,0.041) (0.000,0.041) (0.000,0.023) (0.000,0.079) 
 24       48    (0)    1 :  0.010 0.006 0.004 0.006 0.007 0.007 0.943 0.006 0.003 0.007     (0.000,0.057) (0.000,0.037) (0.000,0.024) (0.000,0.031) (0.000,0.037) (0.000,0.038) (0.768,1.000) (0.000,0.033) (0.000,0.019) (0.000,0.037) 
 25       55    (0)    1 :  0.090 0.009 0.051 0.769 0.011 0.021 0.010 0.021 0.008 0.010     (0.000,0.508) (0.000,0.053) (0.000,0.320) (0.319,1.000) (0.000,0.073) (0.000,0.124) (0.000,0.056) (0.000,0.151) (0.000,0.044) (0.000,0.059) 
 26       59    (0)    1 :  0.941 0.005 0.007 0.007 0.008 0.007 0.008 0.007 0.004 0.006     (0.759,1.000) (0.000,0.026) (0.000,0.040) (0.000,0.041) (0.000,0.051) (0.000,0.040) (0.000,0.041) (0.000,0.041) (0.000,0.021) (0.000,0.033) 
 27       60    (0)    1 :  0.010 0.025 0.896 0.005 0.004 0.011 0.014 0.014 0.013 0.008     (0.000,0.059) (0.000,0.185) (0.612,1.000) (0.000,0.024) (0.000,0.022) (0.000,0.062) (0.000,0.092) (0.000,0.090) (0.000,0.082) (0.000,0.045) 
 28       61    (0)    1 :  0.015 0.007 0.195 0.015 0.051 0.021 0.007 0.051 0.493 0.145     (0.000,0.096) (0.000,0.038) (0.000,0.758) (0.000,0.097) (0.000,0.334) (0.000,0.117) (0.000,0.041) (0.000,0.370) (0.000,0.986) (0.000,0.786) 
 29       62    (0)    1 :  0.012 0.046 0.028 0.016 0.011 0.048 0.024 0.060 0.116 0.640     (0.000,0.077) (0.000,0.323) (0.000,0.191) (0.000,0.103) (0.000,0.067) (0.000,0.354) (0.000,0.174) (0.000,0.487) (0.000,0.673) (0.000,0.999) 
 30       65    (0)    1 :  0.006 0.006 0.016 0.008 0.017 0.154 0.734 0.039 0.013 0.007     (0.000,0.031) (0.000,0.031) (0.000,0.108) (0.000,0.048) (0.000,0.120) (0.000,0.966) (0.000,1.000) (0.000,0.251) (0.000,0.093) (0.000,0.037) 
 31       73    (0)    1 :  0.007 0.170 0.062 0.013 0.627 0.017 0.008 0.063 0.005 0.027     (0.000,0.038) (0.000,0.529) (0.000,0.423) (0.000,0.083) (0.257,0.980) (0.000,0.105) (0.000,0.047) (0.000,0.429) (0.000,0.028) (0.000,0.199) 
 32       75    (0)    1 :  0.008 0.004 0.005 0.005 0.038 0.013 0.010 0.013 0.896 0.008     (0.000,0.053) (0.000,0.020) (0.000,0.027) (0.000,0.029) (0.000,0.238) (0.000,0.080) (0.000,0.062) (0.000,0.084) (0.629,1.000) (0.000,0.044) 
 33       76    (0)    1 :  0.006 0.011 0.009 0.005 0.005 0.007 0.004 0.009 0.917 0.028     (0.000,0.031) (0.000,0.067) (0.000,0.053) (0.000,0.028) (0.000,0.030) (0.000,0.036) (0.000,0.019) (0.000,0.051) (0.648,1.000) (0.000,0.189) 
 34       77    (0)    1 :  0.006 0.009 0.128 0.005 0.005 0.009 0.005 0.009 0.813 0.012     (0.000,0.030) (0.000,0.055) (0.000,0.653) (0.000,0.024) (0.000,0.025) (0.000,0.047) (0.000,0.029) (0.000,0.046) (0.275,1.000) (0.000,0.073) 
 35       78    (0)    1 :  0.007 0.013 0.022 0.013 0.459 0.039 0.011 0.109 0.303 0.026     (0.000,0.038) (0.000,0.088) (0.000,0.149) (0.000,0.077) (0.000,0.903) (0.000,0.279) (0.000,0.062) (0.000,0.717) (0.000,0.731) (0.000,0.189) 
 36       79    (0)    1 :  0.005 0.004 0.006 0.008 0.098 0.052 0.010 0.023 0.722 0.071     (0.000,0.026) (0.000,0.024) (0.000,0.036) (0.000,0.049) (0.000,0.433) (0.000,0.341) (0.000,0.063) (0.000,0.160) (0.001,1.000) (0.000,0.597) 
 37       84    (0)    1 :  0.771 0.020 0.022 0.032 0.012 0.023 0.006 0.025 0.008 0.081     (0.384,0.999) (0.000,0.142) (0.000,0.151) (0.000,0.226) (0.000,0.079) (0.000,0.162) (0.000,0.035) (0.000,0.178) (0.000,0.047) (0.000,0.411) 
 38       85    (0)    1 :  0.009 0.006 0.008 0.905 0.014 0.016 0.009 0.015 0.006 0.013     (0.000,0.051) (0.000,0.034) (0.000,0.043) (0.635,1.000) (0.000,0.096) (0.000,0.089) (0.000,0.054) (0.000,0.085) (0.000,0.030) (0.000,0.075) 
 39       86    (0)    1 :  0.005 0.009 0.010 0.810 0.015 0.083 0.008 0.034 0.008 0.017     (0.000,0.026) (0.000,0.062) (0.000,0.057) (0.329,1.000) (0.000,0.103) (0.000,0.515) (0.000,0.048) (0.000,0.243) (0.000,0.044) (0.000,0.107) 
 40       89    (0)    1 :  0.566 0.163 0.037 0.016 0.006 0.043 0.015 0.038 0.019 0.097     (0.070,0.921) (0.000,0.565) (0.000,0.273) (0.000,0.099) (0.000,0.030) (0.000,0.297) (0.000,0.098) (0.000,0.270) (0.000,0.135) (0.000,0.472) 
 41       94    (0)    1 :  0.006 0.935 0.005 0.009 0.005 0.007 0.013 0.007 0.004 0.007     (0.000,0.036) (0.745,1.000) (0.000,0.028) (0.000,0.054) (0.000,0.027) (0.000,0.043) (0.000,0.087) (0.000,0.045) (0.000,0.023) (0.000,0.046) 
 42       95    (0)    1 :  0.894 0.007 0.016 0.018 0.012 0.015 0.013 0.011 0.006 0.007     (0.594,1.000) (0.000,0.035) (0.000,0.111) (0.000,0.113) (0.000,0.082) (0.000,0.074) (0.000,0.085) (0.000,0.062) (0.000,0.030) (0.000,0.040) 
 43       96    (0)    1 :  0.006 0.009 0.005 0.942 0.005 0.007 0.005 0.007 0.005 0.008     (0.000,0.033) (0.000,0.055) (0.000,0.027) (0.762,1.000) (0.000,0.025) (0.000,0.035) (0.000,0.026) (0.000,0.035) (0.000,0.029) (0.000,0.045) 
 44       98    (0)    1 :  0.006 0.010 0.456 0.007 0.027 0.023 0.005 0.324 0.024 0.119     (0.000,0.031) (0.000,0.062) (0.000,1.000) (0.000,0.041) (0.000,0.141) (0.000,0.117) (0.000,0.026) (0.000,0.999) (0.000,0.132) (0.000,0.952) 
 45      102    (0)    1 :  0.029 0.017 0.011 0.007 0.005 0.424 0.406 0.077 0.010 0.015     (0.000,0.216) (0.000,0.116) (0.000,0.071) (0.000,0.038) (0.000,0.027) (0.000,0.998) (0.000,0.992) (0.000,0.742) (0.000,0.064) (0.000,0.102) 
 46      105    (0)    1 :  0.005 0.004 0.004 0.004 0.959 0.005 0.006 0.005 0.004 0.004     (0.000,0.029) (0.000,0.023) (0.000,0.022) (0.000,0.023) (0.832,1.000) (0.000,0.026) (0.000,0.032) (0.000,0.026) (0.000,0.020) (0.000,0.022) 
 47      106    (0)    1 :  0.088 0.004 0.015 0.017 0.099 0.233 0.013 0.208 0.229 0.093     (0.000,0.395) (0.000,0.022) (0.000,0.096) (0.000,0.115) (0.000,0.514) (0.000,0.983) (0.000,0.087) (0.000,0.868) (0.000,0.719) (0.000,0.561) 
 48      108    (0)    1 :  0.007 0.007 0.052 0.008 0.806 0.030 0.043 0.015 0.027 0.007     (0.000,0.038) (0.000,0.037) (0.000,0.270) (0.000,0.046) (0.478,0.999) (0.000,0.220) (0.000,0.289) (0.000,0.084) (0.000,0.190) (0.000,0.036) 
 49      109    (0)    1 :  0.010 0.006 0.034 0.014 0.289 0.051 0.008 0.506 0.043 0.039     (0.000,0.064) (0.000,0.034) (0.000,0.234) (0.000,0.089) (0.000,0.972) (0.000,0.387) (0.000,0.046) (0.000,0.999) (0.000,0.278) (0.000,0.278) 
 50      112    (0)    1 :  0.012 0.046 0.089 0.237 0.008 0.216 0.015 0.070 0.141 0.166     (0.000,0.072) (0.000,0.330) (0.000,0.506) (0.000,0.786) (0.000,0.045) (0.000,0.972) (0.000,0.095) (0.000,0.559) (0.000,0.727) (0.000,0.814) 
 51      115    (0)    1 :  0.012 0.039 0.071 0.010 0.013 0.508 0.181 0.138 0.014 0.013     (0.000,0.074) (0.000,0.271) (0.000,0.487) (0.000,0.055) (0.000,0.087) (0.000,1.000) (0.000,0.950) (0.000,0.959) (0.000,0.091) (0.000,0.065) 
 52      116    (0)    1 :  0.009 0.008 0.004 0.869 0.021 0.025 0.014 0.014 0.005 0.031     (0.000,0.050) (0.000,0.041) (0.000,0.023) (0.501,1.000) (0.000,0.150) (0.000,0.160) (0.000,0.094) (0.000,0.084) (0.000,0.026) (0.000,0.228) 
 53      117    (0)    1 :  0.644 0.132 0.028 0.075 0.020 0.027 0.014 0.026 0.013 0.020     (0.000,0.999) (0.000,0.801) (0.000,0.197) (0.000,0.475) (0.000,0.140) (0.000,0.176) (0.000,0.094) (0.000,0.172) (0.000,0.082) (0.000,0.136) 
 54      129    (0)    1 :  0.063 0.009 0.007 0.882 0.005 0.009 0.007 0.010 0.003 0.005     (0.000,0.409) (0.000,0.048) (0.000,0.040) (0.525,1.000) (0.000,0.027) (0.000,0.050) (0.000,0.043) (0.000,0.060) (0.000,0.018) (0.000,0.025) 
 55      132    (0)    1 :  0.015 0.092 0.788 0.007 0.006 0.023 0.028 0.023 0.010 0.008     (0.000,0.104) (0.000,0.466) (0.312,1.000) (0.000,0.040) (0.000,0.031) (0.000,0.138) (0.000,0.202) (0.000,0.124) (0.000,0.058) (0.000,0.046) 
 56      133    (0)    1 :  0.006 0.006 0.477 0.004 0.027 0.014 0.005 0.310 0.039 0.112     (0.000,0.034) (0.000,0.033) (0.000,1.000) (0.000,0.024) (0.000,0.147) (0.000,0.063) (0.000,0.025) (0.000,0.999) (0.000,0.266) (0.000,0.951) 
 57      137    (7)    1 :  0.009 0.018 0.421 0.010 0.008 0.024 0.009 0.062 0.406 0.032     (0.000,0.052) (0.000,0.125) (0.000,0.985) (0.000,0.063) (0.000,0.050) (0.000,0.146) (0.000,0.054) (0.000,0.456) (0.000,0.984) (0.000,0.211) 
 58      139    (0)    1 :  0.008 0.006 0.006 0.008 0.007 0.014 0.010 0.011 0.919 0.010     (0.000,0.048) (0.000,0.037) (0.000,0.029) (0.000,0.046) (0.000,0.041) (0.000,0.079) (0.000,0.064) (0.000,0.063) (0.679,1.000) (0.000,0.055) 
 59      140    (0)    1 :  0.032 0.005 0.039 0.017 0.483 0.036 0.015 0.261 0.056 0.055     (0.000,0.235) (0.000,0.029) (0.000,0.295) (0.000,0.109) (0.000,0.982) (0.000,0.243) (0.000,0.088) (0.000,0.956) (0.000,0.359) (0.000,0.409) 
 60      142    (0)    1 :  0.042 0.012 0.017 0.008 0.008 0.017 0.008 0.017 0.609 0.262     (0.000,0.299) (0.000,0.073) (0.000,0.110) (0.000,0.047) (0.000,0.049) (0.000,0.103) (0.000,0.042) (0.000,0.104) (0.000,0.998) (0.000,0.941) 
 61      144    (0)    1 :  0.007 0.004 0.007 0.004 0.951 0.005 0.005 0.007 0.005 0.005     (0.000,0.041) (0.000,0.020) (0.000,0.045) (0.000,0.021) (0.807,1.000) (0.000,0.027) (0.000,0.024) (0.000,0.040) (0.000,0.031) (0.000,0.028) 
 62      145    (0)    1 :  0.006 0.004 0.005 0.005 0.006 0.007 0.006 0.007 0.013 0.942     (0.000,0.030) (0.000,0.020) (0.000,0.027) (0.000,0.026) (0.000,0.032) (0.000,0.036) (0.000,0.034) (0.000,0.039) (0.000,0.082) (0.760,1.000) 
 63      147    (0)    1 :  0.004 0.005 0.007 0.008 0.883 0.011 0.005 0.041 0.027 0.009     (0.000,0.023) (0.000,0.025) (0.000,0.040) (0.000,0.050) (0.564,1.000) (0.000,0.067) (0.000,0.030) (0.000,0.299) (0.000,0.190) (0.000,0.056) 
 64      160    (0)    1 :  0.007 0.951 0.005 0.007 0.004 0.005 0.006 0.004 0.004 0.005     (0.000,0.044) (0.801,1.000) (0.000,0.029) (0.000,0.038) (0.000,0.025) (0.000,0.028) (0.000,0.036) (0.000,0.023) (0.000,0.023) (0.000,0.026) 
 65     162*    (0)    1 :  0.005 0.011 0.005 0.940 0.005 0.007 0.005 0.008 0.006 0.009     (0.000,0.027) (0.000,0.063) (0.000,0.027) (0.751,1.000) (0.000,0.026) (0.000,0.035) (0.000,0.030) (0.000,0.041) (0.000,0.035) (0.000,0.049) 
 66      166    (0)    1 :  0.011 0.004 0.910 0.006 0.013 0.007 0.005 0.020 0.013 0.011     (0.000,0.069) (0.000,0.024) (0.636,1.000) (0.000,0.031) (0.000,0.083) (0.000,0.038) (0.000,0.024) (0.000,0.110) (0.000,0.077) (0.000,0.061) 
 67      177    (0)    1 :  0.004 0.004 0.005 0.003 0.004 0.004 0.003 0.004 0.963 0.006     (0.000,0.021) (0.000,0.019) (0.000,0.025) (0.000,0.018) (0.000,0.019) (0.000,0.023) (0.000,0.018) (0.000,0.023) (0.847,1.000) (0.000,0.031) 
 68      178    (0)    1 :  0.008 0.026 0.034 0.013 0.021 0.024 0.009 0.024 0.814 0.027     (0.000,0.051) (0.000,0.192) (0.000,0.257) (0.000,0.089) (0.000,0.151) (0.000,0.160) (0.000,0.054) (0.000,0.167) (0.413,1.000) (0.000,0.179) 
 69      186    (0)    1 :  0.960 0.005 0.005 0.005 0.004 0.004 0.004 0.004 0.004 0.005     (0.834,1.000) (0.000,0.027) (0.000,0.026) (0.000,0.029) (0.000,0.019) (0.000,0.021) (0.000,0.023) (0.000,0.022) (0.000,0.019) (0.000,0.028) 
 70      189    (0)    1 :  0.007 0.012 0.004 0.933 0.004 0.007 0.006 0.006 0.006 0.016     (0.000,0.037) (0.000,0.077) (0.000,0.021) (0.724,1.000) (0.000,0.018) (0.000,0.035) (0.000,0.032) (0.000,0.029) (0.000,0.034) (0.000,0.103) 
 71      190    (0)    1 :  0.047 0.081 0.023 0.729 0.007 0.033 0.017 0.019 0.012 0.031     (0.000,0.315) (0.000,0.574) (0.000,0.172) (0.008,0.999) (0.000,0.043) (0.000,0.218) (0.000,0.116) (0.000,0.107) (0.000,0.079) (0.000,0.226) 
 72      191    (0)    1 :  0.346 0.017 0.007 0.441 0.025 0.028 0.008 0.036 0.016 0.076     (0.000,0.847) (0.000,0.117) (0.000,0.040) (0.000,0.986) (0.000,0.182) (0.000,0.176) (0.000,0.045) (0.000,0.266) (0.000,0.107) (0.000,0.449) 
 73      193    (0)    1 :  0.018 0.014 0.011 0.009 0.010 0.009 0.008 0.010 0.011 0.900     (0.000,0.125) (0.000,0.095) (0.000,0.061) (0.000,0.051) (0.000,0.065) (0.000,0.049) (0.000,0.045) (0.000,0.057) (0.000,0.063) (0.626,1.000) 
 74      202    (0)    1 :  0.012 0.214 0.037 0.113 0.006 0.473 0.020 0.074 0.008 0.043     (0.000,0.074) (0.000,0.667) (0.000,0.263) (0.000,0.572) (0.000,0.032) (0.000,0.998) (0.000,0.129) (0.000,0.632) (0.000,0.042) (0.000,0.306) 
 75      204    (0)    1 :  0.286 0.009 0.005 0.667 0.006 0.006 0.005 0.006 0.004 0.005     (0.000,0.998) (0.000,0.053) (0.000,0.030) (0.000,1.000) (0.000,0.033) (0.000,0.032) (0.000,0.025) (0.000,0.033) (0.000,0.020) (0.000,0.029) 
 76      211    (0)    1 :  0.017 0.086 0.647 0.009 0.045 0.061 0.016 0.037 0.064 0.018     (0.000,0.121) (0.000,0.489) (0.012,0.997) (0.000,0.053) (0.000,0.315) (0.000,0.450) (0.000,0.097) (0.000,0.263) (0.000,0.337) (0.000,0.120) 
 77      216    (0)    1 :  0.005 0.012 0.451 0.007 0.408 0.015 0.005 0.060 0.029 0.008     (0.000,0.025) (0.000,0.077) (0.000,0.829) (0.000,0.036) (0.000,0.878) (0.000,0.085) (0.000,0.025) (0.000,0.464) (0.000,0.188) (0.000,0.044) 
 78      222    (0)    1 :  0.004 0.004 0.008 0.008 0.310 0.041 0.024 0.521 0.007 0.073     (0.000,0.023) (0.000,0.020) (0.000,0.041) (0.000,0.040) (0.000,0.995) (0.000,0.295) (0.000,0.176) (0.000,1.000) (0.000,0.037) (0.000,0.604) 
 79      224    (0)    1 :  0.008 0.013 0.005 0.911 0.008 0.009 0.010 0.009 0.005 0.023     (0.000,0.043) (0.000,0.082) (0.000,0.024) (0.641,1.000) (0.000,0.053) (0.000,0.046) (0.000,0.053) (0.000,0.047) (0.000,0.028) (0.000,0.146) 
 80      226    (0)    1 :  0.929 0.005 0.010 0.008 0.004 0.018 0.007 0.009 0.005 0.005     (0.718,1.000) (0.000,0.026) (0.000,0.059) (0.000,0.041) (0.000,0.022) (0.000,0.127) (0.000,0.038) (0.000,0.054) (0.000,0.025) (0.000,0.028) 
 81      229    (0)    1 :  0.016 0.058 0.021 0.369 0.026 0.303 0.017 0.106 0.017 0.066     (0.000,0.096) (0.000,0.442) (0.000,0.155) (0.000,0.929) (0.000,0.195) (0.000,0.995) (0.000,0.106) (0.000,0.873) (0.000,0.119) (0.000,0.358) 
 82      230    (0)    1 :  0.031 0.036 0.008 0.658 0.010 0.143 0.014 0.040 0.048 0.013     (0.000,0.224) (0.000,0.260) (0.000,0.049) (0.000,0.999) (0.000,0.063) (0.000,0.947) (0.000,0.083) (0.000,0.230) (0.000,0.292) (0.000,0.081) 
 83      232    (0)    1 :  0.112 0.250 0.050 0.057 0.013 0.124 0.016 0.069 0.045 0.263     (0.000,0.559) (0.000,0.703) (0.000,0.361) (0.000,0.417) (0.000,0.080) (0.000,0.823) (0.000,0.101) (0.000,0.505) (0.000,0.331) (0.000,0.876) 
 84      238    (0)    1 :  0.005 0.006 0.014 0.017 0.015 0.678 0.106 0.087 0.041 0.031     (0.000,0.030) (0.000,0.035) (0.000,0.083) (0.000,0.111) (0.000,0.105) (0.000,1.000) (0.000,0.725) (0.000,0.803) (0.000,0.286) (0.000,0.226) 
 85      242    (0)    1 :  0.007 0.004 0.011 0.007 0.008 0.019 0.904 0.031 0.004 0.005     (0.000,0.037) (0.000,0.024) (0.000,0.073) (0.000,0.036) (0.000,0.051) (0.000,0.085) (0.628,1.000) (0.000,0.127) (0.000,0.021) (0.000,0.027) 
 86      243    (0)    1 :  0.021 0.008 0.067 0.008 0.010 0.327 0.399 0.119 0.019 0.021     (0.000,0.152) (0.000,0.044) (0.000,0.428) (0.000,0.049) (0.000,0.060) (0.000,0.997) (0.000,0.987) (0.000,0.813) (0.000,0.138) (0.000,0.143) 
 87      244    (0)    1 :  0.007 0.010 0.013 0.012 0.005 0.551 0.176 0.072 0.145 0.009     (0.000,0.037) (0.000,0.059) (0.000,0.082) (0.000,0.075) (0.000,0.028) (0.000,1.000) (0.000,0.753) (0.000,0.781) (0.000,0.599) (0.000,0.051) 
 88      251    (0)    1 :  0.009 0.071 0.015 0.019 0.010 0.623 0.081 0.128 0.014 0.031     (0.000,0.054) (0.000,0.450) (0.000,0.082) (0.000,0.127) (0.000,0.055) (0.000,1.000) (0.000,0.626) (0.000,0.951) (0.000,0.083) (0.000,0.224) 
 89      266    (0)    1 :  0.010 0.005 0.111 0.008 0.008 0.376 0.065 0.061 0.316 0.038     (0.000,0.059) (0.000,0.029) (0.000,0.528) (0.000,0.051) (0.000,0.051) (0.000,0.993) (0.000,0.391) (0.000,0.476) (0.000,0.796) (0.000,0.281) 
 90      267    (0)    1 :  0.037 0.006 0.066 0.015 0.322 0.039 0.016 0.475 0.011 0.013     (0.000,0.270) (0.000,0.034) (0.000,0.415) (0.000,0.089) (0.000,0.985) (0.000,0.280) (0.000,0.100) (0.000,1.000) (0.000,0.069) (0.000,0.072) 
 91      268    (0)    1 :  0.006 0.036 0.366 0.005 0.076 0.028 0.007 0.085 0.370 0.021     (0.000,0.036) (0.000,0.263) (0.000,0.984) (0.000,0.025) (0.000,0.492) (0.000,0.169) (0.000,0.038) (0.000,0.612) (0.000,0.973) (0.000,0.109) 
 92      270    (0)    1 :  0.020 0.019 0.008 0.892 0.014 0.011 0.010 0.009 0.005 0.012     (0.000,0.131) (0.000,0.134) (0.000,0.044) (0.597,1.000) (0.000,0.096) (0.000,0.061) (0.000,0.056) (0.000,0.048) (0.000,0.028) (0.000,0.077) 
 93      276    (0)    1 :  0.296 0.022 0.026 0.407 0.031 0.045 0.015 0.025 0.037 0.097     (0.000,0.803) (0.000,0.151) (0.000,0.186) (0.000,0.994) (0.000,0.226) (0.000,0.332) (0.000,0.090) (0.000,0.161) (0.000,0.268) (0.000,0.547) 
 94      298    (7)    1 :  0.019 0.012 0.090 0.007 0.638 0.025 0.010 0.025 0.156 0.019     (0.000,0.142) (0.000,0.076) (0.000,0.533) (0.000,0.036) (0.188,0.990) (0.000,0.172) (0.000,0.060) (0.000,0.159) (0.000,0.586) (0.000,0.124) 
 95      306    (0)    1 :  0.007 0.005 0.545 0.006 0.008 0.026 0.012 0.018 0.009 0.363     (0.000,0.038) (0.000,0.030) (0.208,0.885) (0.000,0.033) (0.000,0.045) (0.000,0.165) (0.000,0.072) (0.000,0.115) (0.000,0.055) (0.000,0.692) 
 96      308    (0)    1 :  0.008 0.082 0.032 0.012 0.064 0.135 0.032 0.066 0.496 0.072     (0.000,0.048) (0.000,0.415) (0.000,0.233) (0.000,0.075) (0.000,0.428) (0.000,0.867) (0.000,0.241) (0.000,0.472) (0.000,0.985) (0.000,0.463) 
 97      311    (7)    1 :  0.007 0.015 0.027 0.019 0.030 0.150 0.030 0.456 0.008 0.258     (0.000,0.042) (0.000,0.100) (0.000,0.177) (0.000,0.130) (0.000,0.196) (0.000,0.927) (0.000,0.217) (0.000,0.998) (0.000,0.043) (0.000,0.970) 
 98      323    (0)    1 :  0.945 0.005 0.005 0.009 0.007 0.006 0.008 0.006 0.004 0.006     (0.773,1.000) (0.000,0.026) (0.000,0.026) (0.000,0.045) (0.000,0.045) (0.000,0.030) (0.000,0.045) (0.000,0.032) (0.000,0.021) (0.000,0.032) 
 99      327    (0)    1 :  0.019 0.199 0.039 0.594 0.007 0.056 0.016 0.047 0.006 0.016     (0.000,0.132) (0.000,0.673) (0.000,0.279) (0.000,0.988) (0.000,0.036) (0.000,0.402) (0.000,0.106) (0.000,0.335) (0.000,0.033) (0.000,0.109) 
100      334    (0)    1 :  0.005 0.009 0.025 0.013 0.015 0.457 0.302 0.149 0.008 0.018     (0.000,0.025) (0.000,0.055) (0.000,0.162) (0.000,0.072) (0.000,0.100) (0.000,1.000) (0.000,0.993) (0.000,0.977) (0.000,0.042) (0.000,0.123) 
101      338    (0)    1 :  0.020 0.025 0.050 0.022 0.053 0.102 0.012 0.503 0.014 0.200     (0.000,0.134) (0.000,0.180) (0.000,0.354) (0.000,0.152) (0.000,0.400) (0.000,0.815) (0.000,0.070) (0.000,0.999) (0.000,0.080) (0.000,0.920) 
102      341    (0)    1 :  0.907 0.007 0.027 0.008 0.005 0.010 0.012 0.009 0.006 0.009     (0.642,1.000) (0.000,0.038) (0.000,0.189) (0.000,0.043) (0.000,0.027) (0.000,0.057) (0.000,0.079) (0.000,0.051) (0.000,0.034) (0.000,0.050) 
103      346    (0)    1 :  0.014 0.030 0.430 0.008 0.004 0.016 0.007 0.019 0.460 0.012     (0.000,0.082) (0.000,0.220) (0.000,0.997) (0.000,0.047) (0.000,0.022) (0.000,0.087) (0.000,0.034) (0.000,0.103) (0.000,0.998) (0.000,0.061) 
104      348    (0)    1 :  0.008 0.006 0.011 0.009 0.367 0.058 0.018 0.247 0.162 0.114     (0.000,0.047) (0.000,0.036) (0.000,0.060) (0.000,0.050) (0.000,0.895) (0.000,0.441) (0.000,0.123) (0.000,0.954) (0.000,0.607) (0.000,0.536) 
105      351    (0)    1 :  0.013 0.042 0.504 0.009 0.010 0.153 0.150 0.095 0.010 0.014     (0.000,0.081) (0.000,0.291) (0.000,0.999) (0.000,0.056) (0.000,0.061) (0.000,0.939) (0.000,0.865) (0.000,0.836) (0.000,0.054) (0.000,0.083) 
106      362    (0)    1 :  0.112 0.052 0.007 0.784 0.006 0.011 0.006 0.009 0.005 0.008     (0.000,0.759) (0.000,0.381) (0.000,0.037) (0.000,1.000) (0.000,0.035) (0.000,0.052) (0.000,0.032) (0.000,0.048) (0.000,0.026) (0.000,0.042) 
107      364    (0)    1 :  0.011 0.013 0.041 0.006 0.007 0.048 0.810 0.033 0.012 0.019     (0.000,0.069) (0.000,0.088) (0.000,0.267) (0.000,0.034) (0.000,0.041) (0.000,0.323) (0.296,1.000) (0.000,0.190) (0.000,0.075) (0.000,0.137) 
108      366    (0)    1 :  0.011 0.007 0.030 0.018 0.017 0.071 0.790 0.037 0.010 0.008     (0.000,0.070) (0.000,0.041) (0.000,0.222) (0.000,0.122) (0.000,0.115) (0.000,0.654) (0.002,1.000) (0.000,0.239) (0.000,0.057) (0.000,0.045) 
109      376    (0)    1 :  0.895 0.015 0.008 0.022 0.003 0.010 0.005 0.007 0.015 0.019     (0.634,1.000) (0.000,0.100) (0.000,0.048) (0.000,0.157) (0.000,0.017) (0.000,0.056) (0.000,0.029) (0.000,0.038) (0.000,0.108) (0.000,0.135) 
110      377    (7)    1 :  0.028 0.242 0.013 0.333 0.022 0.077 0.011 0.118 0.010 0.146     (0.000,0.197) (0.000,0.814) (0.000,0.070) (0.000,0.908) (0.000,0.161) (0.000,0.580) (0.000,0.065) (0.000,0.586) (0.000,0.051) (0.000,0.814) 
111      378    (0)    1 :  0.014 0.910 0.013 0.006 0.005 0.008 0.004 0.009 0.015 0.018     (0.000,0.091) (0.678,1.000) (0.000,0.079) (0.000,0.034) (0.000,0.027) (0.000,0.042) (0.000,0.023) (0.000,0.053) (0.000,0.102) (0.000,0.125) 
112      388    (0)    1 :  0.009 0.025 0.149 0.012 0.176 0.030 0.013 0.546 0.010 0.030     (0.000,0.054) (0.000,0.186) (0.000,0.774) (0.000,0.073) (0.000,0.928) (0.000,0.164) (0.000,0.078) (0.000,1.000) (0.000,0.057) (0.000,0.208) 
113      391    (0)    1 :  0.448 0.143 0.162 0.007 0.012 0.077 0.011 0.041 0.008 0.091     (0.000,0.859) (0.000,0.495) (0.000,0.733) (0.000,0.040) (0.000,0.073) (0.000,0.604) (0.000,0.067) (0.000,0.287) (0.000,0.044) (0.000,0.533) 
114      401    (0)    1 :  0.063 0.012 0.006 0.166 0.005 0.465 0.048 0.084 0.057 0.093     (0.000,0.443) (0.000,0.068) (0.000,0.034) (0.000,0.638) (0.000,0.028) (0.000,0.999) (0.000,0.356) (0.000,0.706) (0.000,0.381) (0.000,0.528) 
115      406    (0)    1 :  0.136 0.017 0.208 0.016 0.030 0.139 0.034 0.243 0.028 0.149     (0.000,0.663) (0.000,0.114) (0.000,0.903) (0.000,0.106) (0.000,0.207) (0.000,0.893) (0.000,0.245) (0.000,0.964) (0.000,0.193) (0.000,0.843) 
116      412    (7)    1 :  0.026 0.029 0.122 0.026 0.013 0.051 0.015 0.332 0.014 0.373     (0.000,0.189) (0.000,0.216) (0.000,0.848) (0.000,0.183) (0.000,0.066) (0.000,0.391) (0.000,0.089) (0.000,0.996) (0.000,0.087) (0.000,0.996) 
117      413    (0)    1 :  0.004 0.007 0.008 0.015 0.013 0.040 0.045 0.048 0.026 0.793     (0.000,0.020) (0.000,0.042) (0.000,0.047) (0.000,0.096) (0.000,0.080) (0.000,0.284) (0.000,0.282) (0.000,0.348) (0.000,0.171) (0.314,1.000) 
118      421    (0)    1 :  0.017 0.010 0.028 0.721 0.011 0.055 0.012 0.047 0.022 0.078     (0.000,0.116) (0.000,0.053) (0.000,0.199) (0.177,0.999) (0.000,0.068) (0.000,0.403) (0.000,0.073) (0.000,0.339) (0.000,0.157) (0.000,0.489) 
119      423    (0)    1 :  0.014 0.010 0.007 0.683 0.031 0.059 0.027 0.065 0.008 0.097     (0.000,0.097) (0.000,0.063) (0.000,0.036) (0.000,1.000) (0.000,0.224) (0.000,0.479) (0.000,0.189) (0.000,0.487) (0.000,0.041) (0.000,0.672) 
120      424    (0)    1 :  0.232 0.018 0.239 0.010 0.015 0.057 0.028 0.053 0.014 0.334     (0.000,0.827) (0.000,0.118) (0.000,0.964) (0.000,0.063) (0.000,0.098) (0.000,0.444) (0.000,0.199) (0.000,0.386) (0.000,0.087) (0.000,0.970) 
121      426    (0)    1 :  0.091 0.615 0.066 0.031 0.008 0.056 0.023 0.042 0.020 0.049     (0.000,0.501) (0.000,0.995) (0.000,0.492) (0.000,0.212) (0.000,0.048) (0.000,0.401) (0.000,0.161) (0.000,0.292) (0.000,0.142) (0.000,0.346) 
122      430    (7)    1 :  0.017 0.011 0.301 0.009 0.015 0.014 0.006 0.027 0.015 0.585     (0.000,0.118) (0.000,0.062) (0.000,0.857) (0.000,0.048) (0.000,0.093) (0.000,0.070) (0.000,0.029) (0.000,0.190) (0.000,0.091) (0.000,0.993) 
123      435    (0)    1 :  0.005 0.012 0.011 0.008 0.025 0.011 0.005 0.025 0.479 0.420     (0.000,0.025) (0.000,0.072) (0.000,0.064) (0.000,0.043) (0.000,0.171) (0.000,0.059) (0.000,0.024) (0.000,0.185) (0.000,0.983) (0.000,0.949) 
124      476    (0)    1 :  0.736 0.012 0.006 0.127 0.004 0.040 0.023 0.016 0.022 0.014     (0.310,0.999) (0.000,0.083) (0.000,0.035) (0.000,0.564) (0.000,0.022) (0.000,0.273) (0.000,0.161) (0.000,0.098) (0.000,0.163) (0.000,0.099) 
125      478    (0)    1 :  0.702 0.014 0.013 0.178 0.008 0.023 0.028 0.017 0.006 0.011     (0.304,0.992) (0.000,0.087) (0.000,0.081) (0.000,0.606) (0.000,0.052) (0.000,0.170) (0.000,0.198) (0.000,0.115) (0.000,0.031) (0.000,0.068) 
126      484    (0)    1 :  0.017 0.009 0.252 0.007 0.307 0.018 0.006 0.320 0.038 0.024     (0.000,0.115) (0.000,0.054) (0.000,0.796) (0.000,0.043) (0.000,0.878) (0.000,0.101) (0.000,0.033) (0.000,0.994) (0.000,0.280) (0.000,0.145) 
127      489    (0)    1 :  0.007 0.493 0.045 0.036 0.071 0.019 0.006 0.167 0.006 0.151     (0.000,0.040) (0.000,0.984) (0.000,0.325) (0.000,0.265) (0.000,0.437) (0.000,0.093) (0.000,0.028) (0.000,0.656) (0.000,0.033) (0.000,0.920) 
128      493    (0)    1 :  0.008 0.012 0.009 0.008 0.005 0.034 0.878 0.024 0.007 0.015     (0.000,0.045) (0.000,0.080) (0.000,0.053) (0.000,0.052) (0.000,0.030) (0.000,0.217) (0.554,1.000) (0.000,0.145) (0.000,0.040) (0.000,0.106) 
129      494    (0)    1 :  0.011 0.039 0.006 0.019 0.008 0.167 0.660 0.073 0.006 0.010     (0.000,0.070) (0.000,0.278) (0.000,0.036) (0.000,0.130) (0.000,0.050) (0.000,0.973) (0.000,1.000) (0.000,0.817) (0.000,0.036) (0.000,0.064) 
130      500    (0)    1 :  0.050 0.008 0.006 0.885 0.004 0.022 0.009 0.008 0.004 0.004     (0.000,0.352) (0.000,0.050) (0.000,0.031) (0.478,1.000) (0.000,0.023) (0.000,0.108) (0.000,0.045) (0.000,0.038) (0.000,0.023) (0.000,0.024) 
131      504    (0)    1 :  0.012 0.064 0.084 0.064 0.345 0.120 0.032 0.239 0.022 0.018     (0.000,0.079) (0.000,0.367) (0.000,0.529) (0.000,0.401) (0.000,0.880) (0.000,0.782) (0.000,0.231) (0.000,0.944) (0.000,0.160) (0.000,0.115) 
132      506    (0)    1 :  0.019 0.005 0.008 0.026 0.706 0.011 0.006 0.209 0.005 0.007     (0.000,0.133) (0.000,0.026) (0.000,0.044) (0.000,0.188) (0.000,1.000) (0.000,0.057) (0.000,0.029) (0.000,0.956) (0.000,0.024) (0.000,0.042) 


Estimated Allele Frequencies in each cluster
First column gives estimated ancestral frequencies


Locus 1 : Rsu5 
5 alleles
0.0% missing data
 137   (0.739) 0.970 0.912 0.894 0.968 0.243 0.739 0.619 0.757 0.831 0.810 
 135   (0.083) 0.015 0.038 0.076 0.008 0.011 0.082 0.135 0.046 0.034 0.076 
 139   (0.109) 0.010 0.045 0.017 0.018 0.013 0.113 0.203 0.062 0.049 0.095 
 133   (0.021) 0.001 0.002 0.002 0.002 0.002 0.019 0.031 0.007 0.003 0.003 
 131   (0.049) 0.003 0.003 0.010 0.004 0.731 0.046 0.012 0.129 0.084 0.017 

Locus 2 : Scv1 
5 alleles
0.0% missing data
 181   (0.535) 0.958 0.832 0.338 0.606 0.405 0.537 0.723 0.394 0.369 0.325 
 179   (0.181) 0.016 0.067 0.455 0.136 0.075 0.181 0.150 0.161 0.285 0.101 
 177   (0.115) 0.013 0.088 0.172 0.014 0.115 0.113 0.055 0.292 0.024 0.316 
 185   (0.139) 0.011 0.011 0.031 0.241 0.402 0.138 0.054 0.140 0.319 0.253 
 171   (0.030) 0.002 0.002 0.003 0.003 0.003 0.031 0.019 0.013 0.004 0.005 

Locus 3 : Rsu4 
9 alleles
0.0% missing data
 267   (0.201) 0.139 0.096 0.040 0.281 0.075 0.204 0.331 0.226 0.101 0.036 
 263   (0.322) 0.515 0.807 0.351 0.216 0.450 0.318 0.254 0.287 0.308 0.812 
 259   (0.048) 0.229 0.036 0.009 0.248 0.005 0.045 0.012 0.017 0.007 0.009 
 287   (0.174) 0.100 0.033 0.487 0.213 0.096 0.173 0.125 0.253 0.085 0.086 
 275   (0.036) 0.002 0.002 0.006 0.003 0.003 0.036 0.147 0.014 0.009 0.005 
 279   (0.080) 0.006 0.012 0.021 0.009 0.008 0.085 0.041 0.044 0.303 0.016 
 283   (0.076) 0.005 0.006 0.076 0.007 0.357 0.075 0.036 0.129 0.179 0.026 
 291   (0.038) 0.003 0.006 0.007 0.021 0.004 0.040 0.015 0.018 0.005 0.007 
 271   (0.025) 0.002 0.002 0.003 0.002 0.002 0.025 0.040 0.011 0.003 0.003 

Locus 4 : Rsu6 
5 alleles
0.0% missing data
 120   (0.240) 0.285 0.551 0.466 0.266 0.054 0.238 0.202 0.198 0.222 0.148 
 126   (0.625) 0.563 0.367 0.518 0.510 0.931 0.629 0.616 0.748 0.760 0.832 
 124   (0.091) 0.149 0.079 0.011 0.203 0.011 0.093 0.054 0.039 0.013 0.014 
 130   (0.024) 0.002 0.002 0.003 0.002 0.002 0.023 0.123 0.008 0.003 0.003 
 114   (0.019) 0.001 0.001 0.002 0.018 0.003 0.018 0.005 0.006 0.003 0.004 

Locus 5 : Scv23 
3 alleles
0.8% missing data
 158   (0.534) 0.367 0.457 0.491 0.747 0.889 0.535 0.458 0.511 0.546 0.687 
 164   (0.176) 0.445 0.074 0.282 0.054 0.057 0.175 0.291 0.226 0.028 0.059 
 160   (0.289) 0.188 0.469 0.227 0.199 0.053 0.290 0.251 0.263 0.426 0.254 

Locus 6 : Scv13 
5 alleles
0.0% missing data
 182   (0.724) 0.804 0.976 0.942 0.911 0.934 0.719 0.722 0.813 0.471 0.920 
 180   (0.095) 0.169 0.011 0.014 0.068 0.009 0.097 0.098 0.046 0.014 0.024 
 172   (0.074) 0.006 0.005 0.028 0.007 0.047 0.074 0.037 0.082 0.358 0.019 
 184   (0.066) 0.018 0.005 0.009 0.010 0.006 0.067 0.130 0.044 0.013 0.020 
 174   (0.041) 0.003 0.003 0.006 0.004 0.004 0.042 0.013 0.016 0.144 0.017 

Locus 7 : Scv32 
18 alleles
0.0% missing data
 236   (0.043) 0.003 0.003 0.007 0.004 0.004 0.045 0.145 0.019 0.006 0.006 
 238   (0.042) 0.003 0.003 0.322 0.004 0.028 0.040 0.018 0.086 0.006 0.019 
 234   (0.142) 0.347 0.066 0.266 0.019 0.036 0.140 0.050 0.240 0.661 0.469 
 246   (0.041) 0.318 0.006 0.006 0.187 0.005 0.040 0.010 0.023 0.008 0.013 
 248   (0.093) 0.007 0.417 0.098 0.153 0.017 0.094 0.121 0.058 0.012 0.032 
 262   (0.116) 0.018 0.186 0.049 0.246 0.021 0.121 0.039 0.131 0.024 0.112 
 232   (0.170) 0.147 0.013 0.044 0.143 0.664 0.169 0.433 0.111 0.029 0.232 
 250   (0.027) 0.004 0.272 0.024 0.003 0.002 0.027 0.007 0.012 0.003 0.008 
 228   (0.028) 0.002 0.002 0.003 0.003 0.003 0.030 0.010 0.014 0.004 0.004 
 220   (0.048) 0.073 0.006 0.006 0.204 0.004 0.049 0.013 0.019 0.006 0.009 
 264   (0.052) 0.044 0.006 0.107 0.006 0.005 0.051 0.060 0.024 0.026 0.029 
 252   (0.043) 0.003 0.004 0.009 0.012 0.066 0.041 0.011 0.066 0.101 0.007 
 254   (0.045) 0.003 0.005 0.043 0.004 0.106 0.045 0.018 0.032 0.096 0.010 
 242   (0.025) 0.002 0.002 0.003 0.002 0.002 0.025 0.038 0.010 0.003 0.004 
 266   (0.025) 0.002 0.002 0.005 0.002 0.010 0.024 0.006 0.077 0.004 0.023 
 244   (0.025) 0.002 0.005 0.003 0.006 0.022 0.024 0.007 0.067 0.003 0.018 
 226   (0.016) 0.023 0.001 0.002 0.001 0.002 0.015 0.004 0.006 0.002 0.002 
 240   (0.018) 0.001 0.001 0.002 0.002 0.002 0.018 0.009 0.006 0.005 0.002 

Locus 8 : Scv8 
6 alleles
0.0% missing data
 200   (0.652) 0.843 0.836 0.857 0.673 0.609 0.657 0.629 0.693 0.422 0.510 
 202   (0.082) 0.006 0.006 0.079 0.007 0.032 0.080 0.206 0.130 0.032 0.072 
 194   (0.079) 0.138 0.015 0.025 0.116 0.007 0.077 0.028 0.030 0.031 0.350 
 204   (0.049) 0.004 0.131 0.008 0.031 0.005 0.050 0.016 0.026 0.007 0.015 
 198   (0.066) 0.005 0.008 0.009 0.167 0.006 0.067 0.087 0.032 0.012 0.020 
 188   (0.072) 0.005 0.005 0.022 0.006 0.341 0.070 0.034 0.089 0.496 0.034 

Locus 9 : Scv9 
5 alleles
0.0% missing data
 198   (0.295) 0.423 0.494 0.782 0.093 0.383 0.293 0.154 0.218 0.571 0.347 
 200   (0.343) 0.373 0.399 0.098 0.545 0.401 0.344 0.585 0.228 0.101 0.147 
 196   (0.297) 0.038 0.102 0.111 0.356 0.205 0.300 0.244 0.525 0.199 0.491 
 204   (0.044) 0.165 0.003 0.006 0.004 0.006 0.043 0.011 0.022 0.104 0.010 
 202   (0.020) 0.001 0.001 0.002 0.002 0.005 0.020 0.005 0.007 0.025 0.005 

Locus 10 : Rsu1 
6 alleles
0.0% missing data
 189   (0.308) 0.488 0.044 0.221 0.052 0.062 0.314 0.566 0.230 0.258 0.328 
 185   (0.271) 0.153 0.053 0.530 0.241 0.807 0.268 0.174 0.560 0.096 0.386 
 177   (0.078) 0.010 0.011 0.012 0.143 0.094 0.080 0.024 0.037 0.034 0.019 
 181   (0.249) 0.048 0.843 0.221 0.197 0.028 0.248 0.211 0.135 0.600 0.248 
 193   (0.055) 0.070 0.046 0.013 0.275 0.005 0.054 0.014 0.024 0.007 0.012 
 197   (0.039) 0.230 0.003 0.005 0.093 0.003 0.037 0.010 0.013 0.005 0.006 

Locus 11 : Scv14 
7 alleles
4.5% missing data
 196   (0.540) 0.928 0.927 0.354 0.804 0.560 0.534 0.505 0.578 0.661 0.780 
 198   (0.066) 0.005 0.006 0.400 0.006 0.023 0.066 0.090 0.029 0.049 0.013 
 194   (0.141) 0.020 0.039 0.027 0.072 0.030 0.141 0.233 0.127 0.186 0.129 
 202   (0.193) 0.042 0.020 0.207 0.111 0.381 0.198 0.145 0.244 0.089 0.068 
 204   (0.020) 0.002 0.002 0.003 0.002 0.002 0.020 0.015 0.007 0.003 0.003 
 190   (0.020) 0.002 0.005 0.004 0.003 0.002 0.021 0.005 0.008 0.003 0.004 
 200   (0.020) 0.001 0.001 0.005 0.002 0.002 0.020 0.007 0.007 0.010 0.003 

Locus 12 : Scv16 
7 alleles
0.0% missing data
 182   (0.431) 0.210 0.806 0.480 0.559 0.191 0.435 0.198 0.526 0.559 0.708 
 184   (0.415) 0.772 0.182 0.453 0.271 0.756 0.415 0.568 0.410 0.160 0.259 
 188   (0.049) 0.011 0.004 0.006 0.161 0.005 0.047 0.185 0.017 0.006 0.007 
 200   (0.019) 0.001 0.001 0.002 0.002 0.002 0.019 0.025 0.007 0.003 0.002 
 198   (0.033) 0.002 0.003 0.038 0.003 0.026 0.032 0.008 0.015 0.173 0.015 
 190   (0.033) 0.002 0.002 0.019 0.003 0.018 0.032 0.008 0.017 0.097 0.006 
 186   (0.021) 0.001 0.001 0.002 0.002 0.002 0.021 0.007 0.007 0.003 0.003 

Locus 13 : Scv31 
15 alleles
3.0% missing data
 193   (0.122) 0.015 0.633 0.385 0.025 0.060 0.124 0.060 0.161 0.040 0.031 
 201   (0.111) 0.019 0.081 0.018 0.046 0.110 0.113 0.248 0.057 0.016 0.021 
 187   (0.082) 0.288 0.049 0.013 0.306 0.094 0.081 0.022 0.130 0.012 0.015 
 207   (0.026) 0.379 0.002 0.003 0.031 0.003 0.025 0.006 0.009 0.003 0.005 
 195   (0.068) 0.007 0.018 0.011 0.122 0.215 0.066 0.018 0.180 0.020 0.058 
 185   (0.181) 0.226 0.017 0.465 0.028 0.120 0.181 0.114 0.259 0.343 0.156 
 189   (0.052) 0.003 0.161 0.006 0.005 0.005 0.051 0.276 0.020 0.006 0.007 
 205   (0.018) 0.001 0.001 0.002 0.002 0.002 0.019 0.005 0.008 0.003 0.002 
 191   (0.156) 0.047 0.023 0.057 0.355 0.018 0.158 0.045 0.075 0.444 0.674 
 197   (0.025) 0.003 0.003 0.003 0.003 0.304 0.024 0.007 0.022 0.003 0.005 
 199   (0.058) 0.004 0.005 0.009 0.005 0.058 0.057 0.064 0.031 0.094 0.010 
 203   (0.024) 0.002 0.002 0.003 0.002 0.002 0.023 0.087 0.010 0.003 0.003 
 209   (0.030) 0.002 0.003 0.020 0.003 0.003 0.030 0.018 0.013 0.006 0.004 
 213   (0.025) 0.002 0.002 0.004 0.002 0.003 0.026 0.024 0.017 0.003 0.004 
 181   (0.023) 0.002 0.002 0.003 0.064 0.002 0.022 0.006 0.008 0.003 0.004 

Locus 14 : Scv6 
8 alleles
0.0% missing data
 191   (0.096) 0.007 0.265 0.017 0.192 0.013 0.096 0.232 0.047 0.013 0.013 
 195   (0.396) 0.673 0.395 0.520 0.489 0.664 0.396 0.275 0.508 0.201 0.350 
 197   (0.204) 0.275 0.313 0.264 0.287 0.218 0.202 0.097 0.160 0.433 0.049 
 201   (0.085) 0.006 0.008 0.105 0.008 0.009 0.087 0.129 0.047 0.142 0.046 
 205   (0.020) 0.001 0.001 0.002 0.002 0.002 0.019 0.064 0.006 0.002 0.002 
 193   (0.100) 0.007 0.008 0.067 0.010 0.074 0.100 0.124 0.121 0.181 0.132 
 199   (0.077) 0.030 0.009 0.022 0.012 0.017 0.078 0.029 0.103 0.024 0.405 
 181   (0.022) 0.001 0.001 0.003 0.002 0.002 0.022 0.050 0.008 0.003 0.003 

Values of parameters used in structure:
DATAFILE=M:\STRUCTURE\Squirrel_132_ID_14L_20250816\project_data,	OUTFILE=M:\STRUCTURE\Squirrel_132_ID_14L_20250816\10k_Burnin_100k_MCMC\Results\10k_Burnin_100k_MCMC_run_233,	NUMINDS=132,	NUMLOCI=14,	MISSING=-9,	LABEL=1,	POPDATA=1,	POPFLAG=0,	PHENOTYPE=0,	EXTRACOLS=1,	MAXPOPS=10,	BURNIN=10000,	NUMREPS=100000,	USEPOPINFO=0,	INFERALPHA=1,	INFERLAMBDA=1,	POPSPECIFICLAMBDA=0,	POPALPHAS=0,	COMPUTEPROB=1,	NOADMIX=0,	ADMBURNIN=2500,	UPDATEFREQ=1,	PRINTLIKES=0,	INTERMEDSAVE=0,	PRINTKLD=0,	PRINTNET=0,	PRINTLAMBDA=0,	ANCESTDIST=1,	NUMBOXES=1000,	ANCESTPINT=0.90000,	GENSBACK=2,	MIGRPRIOR=0.05000,	PRINTQHAT=1,	PRINTQSUM=0,	ALPHA=1.0000,	FREQSCORR=1,	FPRIORMEAN=0.0100,	FPRIORSD=0.0500,	ONEFST=0,	LAMBDA=1.0000,	UNIFPRIORALPHA=1,	ALPHAMAX=10.0000,	ALPHAPRIORA=1.0000,	ALPHAPRIORB=2.0000,	ALPHAPROPSD=0.0250,	STARTATPOPINFO=0,	RANDOMIZE=1,	LINKAGE=0,	METROFREQ=10,	REPORTHITRATE=0,	MARKOVPHASE=-1,	PHASED=0,	PLOIDY=2,	PHASEINFO=0	LOCPRIOR=0, 	LOCPRIORINIT=1.000000, 	LOCDATA=0, 	LOCISPOP=0, 	LOCPRIORSTEP=0.100000, 	MAXLOCPRIOR=20.000000, 	SEED=1763832948,	
[STRAT parameters]:    NUMSIMSTATS=1000,	PHENOTYPECOL=-9,	POOLFREQ=10,	LOCUSxONLY=0,	EMERROR=0.00100,	MISSINGPHENO=-9,	