          1*  1 0.9385 0.0615 
           3  1 0.0152 0.9848 
           6  1 0.0229 0.9771 
           8  1 0.0109 0.9891 
          10  1 0.0086 0.9914 
          11  1 0.5221 0.4779 
          12  1 0.0153 0.9847 
          16  1 0.0095 0.9905 
          18  1 0.7717 0.2283 
          19  1 0.9327 0.0673 
          21  1 0.0108 0.9892 
          23  1 0.2239 0.7761 
          24  1 0.1786 0.8214 
          25  1 0.0411 0.9589 
         26*  1 0.0074 0.9926 
          28  1 0.0071 0.9929 
          29  1 0.0110 0.9890 
          30  1 0.3504 0.6496 
          33  1 0.9902 0.0098 
          37  1 0.7426 0.2574 
          38  1 0.7023 0.2977 
          43  1 0.0119 0.9881 
          44  1 0.0113 0.9887 
          48  1 0.7743 0.2257 
          55  1 0.0185 0.9815 
          59  1 0.0138 0.9862 
          60  1 0.9811 0.0189 
          61  1 0.9846 0.0154 
          62  1 0.8568 0.1432 
          65  1 0.9213 0.0787 
          73  1 0.9537 0.0463 
          75  1 0.9933 0.0067 
          76  1 0.9890 0.0110 
          77  1 0.9887 0.0113 
          78  1 0.9902 0.0098 
          79  1 0.9937 0.0063 
          84  1 0.0205 0.9795 
          85  1 0.0291 0.9709 
          86  1 0.0748 0.9252 
          89  1 0.0215 0.9785 
          94  1 0.0161 0.9839 
          95  1 0.0272 0.9728 
          96  1 0.0103 0.9897 
          98  1 0.9864 0.0136 
         102  1 0.7719 0.2281 
         105  1 0.9907 0.0093 
         106  1 0.9438 0.0562 
         108  1 0.9869 0.0131 
         109  1 0.9714 0.0286 
         112  1 0.2890 0.7110 
         115  1 0.7642 0.2358 
         116  1 0.0377 0.9623 
         117  1 0.0242 0.9758 
         129  1 0.0061 0.9939 
         132  1 0.9393 0.0607 
         133  1 0.9905 0.0095 
         137  1 0.9699 0.0301 
         139  1 0.9888 0.0112 
         140  1 0.9778 0.0222 
         142  1 0.9769 0.0231 
         144  1 0.9918 0.0082 
         145  1 0.9087 0.0913 
         147  1 0.9920 0.0080 
         160  1 0.0107 0.9893 
        162*  1 0.0119 0.9881 
         166  1 0.9879 0.0121 
         177  1 0.9924 0.0076 
         178  1 0.9818 0.0182 
         186  1 0.0097 0.9903 
         189  1 0.0102 0.9898 
         190  1 0.0126 0.9874 
         191  1 0.0147 0.9853 
         193  1 0.5733 0.4267 
         202  1 0.0924 0.9076 
         204  1 0.0056 0.9944 
         211  1 0.9714 0.0286 
         216  1 0.9895 0.0105 
         222  1 0.9890 0.0110 
         224  1 0.0147 0.9853 
         226  1 0.0275 0.9725 
         229  1 0.1186 0.8814 
         230  1 0.0435 0.9565 
         232  1 0.0608 0.9392 
         238  1 0.9773 0.0227 
         242  1 0.9729 0.0271 
         243  1 0.9663 0.0337 
         244  1 0.9767 0.0233 
         251  1 0.9012 0.0988 
         266  1 0.9883 0.0117 
         267  1 0.9634 0.0366 
         268  1 0.9908 0.0092 
         270  1 0.0126 0.9874 
         276  1 0.0285 0.9715 
         298  1 0.9892 0.0108 
         306  1 0.9901 0.0099 
         308  1 0.9855 0.0145 
         311  1 0.9776 0.0224 
         323  1 0.0161 0.9839 
         327  1 0.0123 0.9877 
         334  1 0.9657 0.0343 
         338  1 0.9298 0.0702 
         341  1 0.0382 0.9618 
         346  1 0.9011 0.0989 
         348  1 0.9915 0.0085 
         351  1 0.9597 0.0403 
         362  1 0.0073 0.9927 
         364  1 0.9748 0.0252 
         366  1 0.9325 0.0675 
         376  1 0.0099 0.9901 
         377  1 0.0718 0.9282 
         378  1 0.0123 0.9877 
         388  1 0.9784 0.0216 
         391  1 0.1560 0.8440 
         401  1 0.3908 0.6092 
         406  1 0.8959 0.1041 
         412  1 0.8171 0.1829 
         413  1 0.9749 0.0251 
         421  1 0.0391 0.9609 
         423  1 0.1402 0.8598 
         424  1 0.7832 0.2168 
         426  1 0.0237 0.9763 
         430  1 0.9329 0.0671 
         435  1 0.9815 0.0185 
         476  1 0.0168 0.9832 
         478  1 0.0089 0.9911 
         484  1 0.9892 0.0108 
         489  1 0.1602 0.8398 
         493  1 0.8052 0.1948 
         494  1 0.7099 0.2901 
         500  1 0.0065 0.9935 
         504  1 0.9695 0.0305 
         506  1 0.8924 0.1076 
