

----------------------------------------------------
STRUCTURE by Pritchard, Stephens and Donnelly (2000)
     and Falush, Stephens and Pritchard (2003)
       Code by Pritchard, Falush and Hubisz
             Version 2.3.4 (Jul 2012)
----------------------------------------------------



Command line arguments:   bin\structure -m M:\STRUCTURE\Squirrel_132_ID_14L_20250816\10k_Burnin_100k_MCMC\mainparams -e M:\STRUCTURE\Squirrel_132_ID_14L_20250816\10k_Burnin_100k_MCMC\extraparams 
Input File:    M:\STRUCTURE\Squirrel_132_ID_14L_20250816\project_data

Run parameters:
   132 individuals
   14 loci
   7 populations assumed
   10000 Burn-in period
   100000 Reps


--------------------------------------------
Proportion of membership of each pre-defined
 population in each of the 7 clusters

Given    Inferred Clusters                                   Number of
 Pop       1      2      3      4      5      6      7      Individuals

  1:     0.136  0.161  0.137  0.181  0.110  0.134  0.142      132
--------------------------------------------

Allele-freq. divergence among pops (Net nucleotide distance),
computed using point estimates of P.

      1       2       3       4       5       6       7      
 1      -    0.0771  0.0994  0.0843  0.1137  0.0620  0.1197  
 2   0.0771     -    0.0695  0.0544  0.1014  0.0624  0.0669  
 3   0.0994  0.0695     -    0.0823  0.1594  0.0739  0.1162  
 4   0.0843  0.0544  0.0823     -    0.0846  0.0770  0.0765  
 5   0.1137  0.1014  0.1594  0.0846     -    0.0908  0.1144  
 6   0.0620  0.0624  0.0739  0.0770  0.0908     -    0.0809  
 7   0.1197  0.0669  0.1162  0.0765  0.1144  0.0809     -    

Average distances (expected heterozygosity) between individuals in same cluster:
cluster  1  : 0.5943 
cluster  2  : 0.6593 
cluster  3  : 0.5428 
cluster  4  : 0.5512 
cluster  5  : 0.4186 
cluster  6  : 0.5464 
cluster  7  : 0.4611 

--------------------------------------------
Estimated Ln Prob of Data   = -4196.8
Mean value of ln likelihood = -3970.7
Variance of ln likelihood   = 452.1
Mean value of alpha         = 0.0479

Mean value of lambda        = 0.9998

Mean value of Fst_1         = 0.1838
Mean value of Fst_2         = 0.0554
Mean value of Fst_3         = 0.2122
Mean value of Fst_4         = 0.1954
Mean value of Fst_5         = 0.3413
Mean value of Fst_6         = 0.2158
Mean value of Fst_7         = 0.2948


Inferred ancestry of individuals:
        Label (%Miss) Pop:  Inferred clusters (and 90% probability intervals)
  1       1*    (0)    1 :  0.006 0.814 0.015 0.010 0.033 0.105 0.017     (0.000,0.033) (0.414,1.000) (0.000,0.100) (0.000,0.057) (0.000,0.240) (0.000,0.482) (0.000,0.118) 
  2        3    (0)    1 :  0.005 0.006 0.008 0.007 0.006 0.008 0.959     (0.000,0.029) (0.000,0.032) (0.000,0.050) (0.000,0.039) (0.000,0.035) (0.000,0.049) (0.811,1.000) 
  3        6    (0)    1 :  0.012 0.007 0.013 0.019 0.009 0.024 0.916     (0.000,0.074) (0.000,0.038) (0.000,0.081) (0.000,0.127) (0.000,0.050) (0.000,0.173) (0.640,1.000) 
  4        8    (0)    1 :  0.004 0.014 0.012 0.929 0.028 0.005 0.009     (0.000,0.023) (0.000,0.085) (0.000,0.073) (0.671,1.000) (0.000,0.196) (0.000,0.028) (0.000,0.048) 
  5       10    (0)    1 :  0.005 0.008 0.004 0.039 0.927 0.005 0.011     (0.000,0.027) (0.000,0.049) (0.000,0.025) (0.000,0.262) (0.674,1.000) (0.000,0.029) (0.000,0.072) 
  6       11    (0)    1 :  0.066 0.656 0.013 0.117 0.031 0.088 0.029     (0.000,0.476) (0.000,1.000) (0.000,0.075) (0.000,0.646) (0.000,0.216) (0.000,0.538) (0.000,0.214) 
  7       12    (0)    1 :  0.005 0.005 0.004 0.006 0.964 0.009 0.007     (0.000,0.030) (0.000,0.030) (0.000,0.023) (0.000,0.032) (0.832,1.000) (0.000,0.047) (0.000,0.040) 
  8       16    (7)    1 :  0.006 0.007 0.005 0.015 0.009 0.006 0.952     (0.000,0.034) (0.000,0.035) (0.000,0.027) (0.000,0.093) (0.000,0.051) (0.000,0.037) (0.780,1.000) 
  9       18    (0)    1 :  0.005 0.956 0.008 0.010 0.008 0.005 0.009     (0.000,0.029) (0.795,1.000) (0.000,0.045) (0.000,0.059) (0.000,0.046) (0.000,0.027) (0.000,0.051) 
 10       19    (0)    1 :  0.058 0.810 0.041 0.049 0.015 0.012 0.015     (0.000,0.388) (0.255,1.000) (0.000,0.294) (0.000,0.349) (0.000,0.094) (0.000,0.068) (0.000,0.101) 
 11       21    (7)    1 :  0.008 0.007 0.006 0.029 0.008 0.008 0.934     (0.000,0.049) (0.000,0.037) (0.000,0.033) (0.000,0.197) (0.000,0.046) (0.000,0.049) (0.709,1.000) 
 12       23    (7)    1 :  0.042 0.013 0.010 0.017 0.446 0.450 0.022     (0.000,0.290) (0.000,0.075) (0.000,0.058) (0.000,0.113) (0.000,0.987) (0.000,1.000) (0.000,0.152) 
 13       24    (7)    1 :  0.062 0.222 0.009 0.107 0.562 0.018 0.018     (0.000,0.360) (0.000,0.804) (0.000,0.057) (0.000,0.589) (0.000,0.997) (0.000,0.117) (0.000,0.129) 
 14       25    (7)    1 :  0.010 0.021 0.007 0.104 0.534 0.268 0.056     (0.000,0.062) (0.000,0.142) (0.000,0.041) (0.000,0.437) (0.000,0.985) (0.000,0.809) (0.000,0.332) 
 15      26*    (0)    1 :  0.006 0.028 0.008 0.396 0.304 0.011 0.247     (0.000,0.035) (0.000,0.197) (0.000,0.048) (0.000,0.978) (0.000,0.739) (0.000,0.066) (0.000,0.782) 
 16       28    (0)    1 :  0.007 0.008 0.006 0.731 0.194 0.013 0.041     (0.000,0.043) (0.000,0.043) (0.000,0.038) (0.000,1.000) (0.000,0.974) (0.000,0.087) (0.000,0.306) 
 17       29    (0)    1 :  0.005 0.015 0.007 0.029 0.931 0.006 0.007     (0.000,0.030) (0.000,0.106) (0.000,0.040) (0.000,0.207) (0.689,1.000) (0.000,0.033) (0.000,0.040) 
 18       30    (0)    1 :  0.007 0.029 0.376 0.158 0.177 0.030 0.223     (0.000,0.042) (0.000,0.175) (0.000,0.833) (0.000,0.737) (0.000,0.699) (0.000,0.202) (0.000,0.855) 
 19       33    (0)    1 :  0.020 0.935 0.013 0.005 0.006 0.015 0.006     (0.000,0.144) (0.712,1.000) (0.000,0.086) (0.000,0.029) (0.000,0.033) (0.000,0.097) (0.000,0.036) 
 20       37    (0)    1 :  0.009 0.912 0.007 0.009 0.041 0.011 0.011     (0.000,0.055) (0.620,1.000) (0.000,0.040) (0.000,0.051) (0.000,0.293) (0.000,0.069) (0.000,0.068) 
 21       38    (0)    1 :  0.005 0.950 0.006 0.010 0.015 0.005 0.009     (0.000,0.029) (0.769,1.000) (0.000,0.032) (0.000,0.061) (0.000,0.102) (0.000,0.027) (0.000,0.054) 
 22       43    (0)    1 :  0.007 0.010 0.010 0.129 0.797 0.017 0.030     (0.000,0.041) (0.000,0.057) (0.000,0.062) (0.000,0.503) (0.435,1.000) (0.000,0.120) (0.000,0.210) 
 23       44    (0)    1 :  0.007 0.007 0.019 0.735 0.006 0.006 0.219     (0.000,0.038) (0.000,0.041) (0.000,0.125) (0.302,1.000) (0.000,0.036) (0.000,0.032) (0.000,0.614) 
 24       48    (0)    1 :  0.005 0.953 0.008 0.007 0.009 0.006 0.013     (0.000,0.026) (0.782,1.000) (0.000,0.047) (0.000,0.040) (0.000,0.050) (0.000,0.031) (0.000,0.084) 
 25       55    (0)    1 :  0.007 0.013 0.018 0.807 0.011 0.045 0.098     (0.000,0.044) (0.000,0.084) (0.000,0.124) (0.365,1.000) (0.000,0.067) (0.000,0.299) (0.000,0.528) 
 26       59    (0)    1 :  0.005 0.008 0.008 0.008 0.005 0.008 0.958     (0.000,0.025) (0.000,0.045) (0.000,0.052) (0.000,0.045) (0.000,0.030) (0.000,0.047) (0.808,1.000) 
 27       60    (0)    1 :  0.009 0.012 0.007 0.005 0.030 0.929 0.008     (0.000,0.050) (0.000,0.070) (0.000,0.042) (0.000,0.026) (0.000,0.216) (0.680,1.000) (0.000,0.051) 
 28       61    (0)    1 :  0.530 0.010 0.063 0.014 0.008 0.358 0.016     (0.000,1.000) (0.000,0.057) (0.000,0.402) (0.000,0.088) (0.000,0.048) (0.000,0.995) (0.000,0.103) 
 29       62    (0)    1 :  0.697 0.027 0.021 0.025 0.036 0.178 0.015     (0.000,1.000) (0.000,0.191) (0.000,0.148) (0.000,0.173) (0.000,0.262) (0.000,0.977) (0.000,0.100) 
 30       65    (0)    1 :  0.012 0.932 0.021 0.009 0.006 0.014 0.006     (0.000,0.081) (0.713,1.000) (0.000,0.147) (0.000,0.052) (0.000,0.034) (0.000,0.089) (0.000,0.036) 
 31       73    (0)    1 :  0.007 0.011 0.783 0.013 0.143 0.035 0.009     (0.000,0.044) (0.000,0.063) (0.419,1.000) (0.000,0.083) (0.000,0.493) (0.000,0.253) (0.000,0.050) 
 32       75    (0)    1 :  0.928 0.011 0.037 0.006 0.004 0.005 0.009     (0.683,1.000) (0.000,0.069) (0.000,0.250) (0.000,0.034) (0.000,0.024) (0.000,0.027) (0.000,0.056) 
 33       76    (0)    1 :  0.953 0.005 0.007 0.005 0.011 0.013 0.006     (0.783,1.000) (0.000,0.027) (0.000,0.038) (0.000,0.030) (0.000,0.074) (0.000,0.082) (0.000,0.034) 
 34       77    (0)    1 :  0.772 0.009 0.006 0.005 0.010 0.192 0.006     (0.002,1.000) (0.000,0.050) (0.000,0.034) (0.000,0.028) (0.000,0.061) (0.000,0.928) (0.000,0.032) 
 35       78    (0)    1 :  0.230 0.014 0.677 0.012 0.018 0.041 0.007     (0.000,0.793) (0.000,0.088) (0.114,1.000) (0.000,0.075) (0.000,0.128) (0.000,0.299) (0.000,0.039) 
 36       79    (0)    1 :  0.898 0.011 0.064 0.009 0.004 0.010 0.005     (0.589,1.000) (0.000,0.069) (0.000,0.357) (0.000,0.059) (0.000,0.025) (0.000,0.057) (0.000,0.026) 
 37       84    (0)    1 :  0.026 0.012 0.018 0.036 0.026 0.057 0.826     (0.000,0.181) (0.000,0.079) (0.000,0.122) (0.000,0.244) (0.000,0.186) (0.000,0.367) (0.442,1.000) 
 38       85    (0)    1 :  0.007 0.010 0.011 0.947 0.007 0.009 0.009     (0.000,0.040) (0.000,0.059) (0.000,0.071) (0.757,1.000) (0.000,0.039) (0.000,0.053) (0.000,0.054) 
 39       86    (0)    1 :  0.010 0.021 0.017 0.922 0.014 0.011 0.005     (0.000,0.058) (0.000,0.149) (0.000,0.116) (0.668,1.000) (0.000,0.100) (0.000,0.066) (0.000,0.028) 
 40       89    (0)    1 :  0.056 0.025 0.012 0.021 0.194 0.078 0.615     (0.000,0.342) (0.000,0.170) (0.000,0.073) (0.000,0.133) (0.000,0.604) (0.000,0.487) (0.189,0.968) 
 41       94    (0)    1 :  0.005 0.012 0.005 0.008 0.956 0.007 0.007     (0.000,0.027) (0.000,0.073) (0.000,0.031) (0.000,0.050) (0.803,1.000) (0.000,0.037) (0.000,0.040) 
 42       95    (0)    1 :  0.006 0.014 0.013 0.017 0.007 0.019 0.924     (0.000,0.034) (0.000,0.084) (0.000,0.084) (0.000,0.109) (0.000,0.037) (0.000,0.132) (0.661,1.000) 
 43       96    (0)    1 :  0.007 0.006 0.007 0.957 0.011 0.006 0.007     (0.000,0.041) (0.000,0.032) (0.000,0.037) (0.800,1.000) (0.000,0.068) (0.000,0.032) (0.000,0.039) 
 44       98    (0)    1 :  0.039 0.008 0.178 0.007 0.009 0.752 0.007     (0.000,0.236) (0.000,0.043) (0.000,0.995) (0.000,0.039) (0.000,0.053) (0.000,1.000) (0.000,0.036) 
 45      102    (0)    1 :  0.018 0.898 0.008 0.008 0.017 0.015 0.036     (0.000,0.128) (0.616,1.000) (0.000,0.048) (0.000,0.046) (0.000,0.119) (0.000,0.102) (0.000,0.251) 
 46      105    (0)    1 :  0.005 0.009 0.963 0.006 0.006 0.005 0.006     (0.000,0.027) (0.000,0.055) (0.827,1.000) (0.000,0.031) (0.000,0.035) (0.000,0.030) (0.000,0.036) 
 47      106    (0)    1 :  0.486 0.026 0.310 0.030 0.005 0.027 0.117     (0.000,0.985) (0.000,0.178) (0.000,0.763) (0.000,0.210) (0.000,0.027) (0.000,0.183) (0.000,0.446) 
 48      108    (0)    1 :  0.025 0.087 0.821 0.011 0.009 0.037 0.009     (0.000,0.176) (0.000,0.469) (0.424,1.000) (0.000,0.071) (0.000,0.055) (0.000,0.234) (0.000,0.052) 
 49      109    (0)    1 :  0.029 0.010 0.839 0.016 0.007 0.088 0.010     (0.000,0.209) (0.000,0.056) (0.303,1.000) (0.000,0.108) (0.000,0.039) (0.000,0.568) (0.000,0.065) 
 50      112    (0)    1 :  0.187 0.040 0.012 0.367 0.059 0.319 0.016     (0.000,0.905) (0.000,0.287) (0.000,0.069) (0.000,0.926) (0.000,0.415) (0.000,0.930) (0.000,0.107) 
 51      115    (0)    1 :  0.015 0.814 0.023 0.013 0.059 0.064 0.012     (0.000,0.090) (0.308,1.000) (0.000,0.159) (0.000,0.078) (0.000,0.349) (0.000,0.445) (0.000,0.076) 
 52      116    (0)    1 :  0.008 0.014 0.020 0.934 0.009 0.006 0.010     (0.000,0.045) (0.000,0.087) (0.000,0.139) (0.695,1.000) (0.000,0.050) (0.000,0.034) (0.000,0.051) 
 53      117    (0)    1 :  0.015 0.016 0.022 0.067 0.157 0.042 0.681     (0.000,0.092) (0.000,0.109) (0.000,0.147) (0.000,0.437) (0.000,0.921) (0.000,0.307) (0.000,1.000) 
 54      129    (0)    1 :  0.004 0.009 0.007 0.877 0.016 0.008 0.080     (0.000,0.022) (0.000,0.055) (0.000,0.038) (0.445,1.000) (0.000,0.084) (0.000,0.049) (0.000,0.492) 
 55      132    (0)    1 :  0.010 0.064 0.010 0.007 0.166 0.728 0.016     (0.000,0.060) (0.000,0.424) (0.000,0.051) (0.000,0.042) (0.000,0.611) (0.064,1.000) (0.000,0.105) 
 56      133    (0)    1 :  0.053 0.007 0.160 0.005 0.007 0.761 0.007     (0.000,0.406) (0.000,0.037) (0.000,0.989) (0.000,0.028) (0.000,0.038) (0.000,1.000) (0.000,0.038) 
 57      137    (7)    1 :  0.411 0.012 0.017 0.012 0.022 0.512 0.012     (0.000,0.999) (0.000,0.075) (0.000,0.107) (0.000,0.075) (0.000,0.153) (0.000,1.000) (0.000,0.073) 
 58      139    (0)    1 :  0.941 0.014 0.012 0.009 0.007 0.007 0.010     (0.743,1.000) (0.000,0.089) (0.000,0.068) (0.000,0.057) (0.000,0.044) (0.000,0.038) (0.000,0.062) 
 59      140    (0)    1 :  0.038 0.015 0.832 0.013 0.006 0.064 0.032     (0.000,0.260) (0.000,0.092) (0.395,1.000) (0.000,0.078) (0.000,0.033) (0.000,0.434) (0.000,0.230) 
 60      142    (0)    1 :  0.892 0.007 0.009 0.008 0.012 0.047 0.025     (0.536,1.000) (0.000,0.041) (0.000,0.050) (0.000,0.044) (0.000,0.081) (0.000,0.339) (0.000,0.185) 
 61      144    (0)    1 :  0.006 0.006 0.963 0.005 0.004 0.008 0.008     (0.000,0.035) (0.000,0.031) (0.828,1.000) (0.000,0.026) (0.000,0.025) (0.000,0.047) (0.000,0.048) 
 62      145    (0)    1 :  0.823 0.009 0.016 0.011 0.007 0.124 0.011     (0.000,1.000) (0.000,0.051) (0.000,0.108) (0.000,0.063) (0.000,0.040) (0.000,0.982) (0.000,0.064) 
 63      147    (0)    1 :  0.019 0.006 0.951 0.008 0.004 0.007 0.005     (0.000,0.128) (0.000,0.037) (0.775,1.000) (0.000,0.048) (0.000,0.025) (0.000,0.038) (0.000,0.026) 
 64      160    (0)    1 :  0.005 0.007 0.005 0.008 0.962 0.006 0.008     (0.000,0.026) (0.000,0.040) (0.000,0.027) (0.000,0.043) (0.826,1.000) (0.000,0.030) (0.000,0.048) 
 65     162*    (0)    1 :  0.007 0.006 0.007 0.954 0.014 0.006 0.006     (0.000,0.038) (0.000,0.032) (0.000,0.040) (0.788,1.000) (0.000,0.083) (0.000,0.037) (0.000,0.033) 
 66      166    (0)    1 :  0.008 0.005 0.019 0.006 0.005 0.949 0.008     (0.000,0.042) (0.000,0.029) (0.000,0.113) (0.000,0.034) (0.000,0.026) (0.762,1.000) (0.000,0.046) 
 67      177    (0)    1 :  0.971 0.004 0.005 0.004 0.004 0.007 0.005     (0.865,1.000) (0.000,0.022) (0.000,0.027) (0.000,0.023) (0.000,0.023) (0.000,0.038) (0.000,0.025) 
 68      178    (0)    1 :  0.861 0.015 0.015 0.013 0.026 0.060 0.009     (0.462,1.000) (0.000,0.095) (0.000,0.106) (0.000,0.087) (0.000,0.195) (0.000,0.422) (0.000,0.054) 
 69      186    (0)    1 :  0.005 0.005 0.004 0.006 0.006 0.005 0.969     (0.000,0.026) (0.000,0.026) (0.000,0.022) (0.000,0.034) (0.000,0.032) (0.000,0.031) (0.858,1.000) 
 70      189    (0)    1 :  0.010 0.007 0.004 0.954 0.013 0.005 0.007     (0.000,0.056) (0.000,0.036) (0.000,0.023) (0.789,1.000) (0.000,0.085) (0.000,0.028) (0.000,0.041) 
 71      190    (0)    1 :  0.017 0.020 0.010 0.758 0.105 0.032 0.057     (0.000,0.115) (0.000,0.135) (0.000,0.060) (0.001,1.000) (0.000,0.719) (0.000,0.233) (0.000,0.361) 
 72      191    (0)    1 :  0.029 0.011 0.046 0.555 0.022 0.014 0.323     (0.000,0.201) (0.000,0.066) (0.000,0.309) (0.000,1.000) (0.000,0.150) (0.000,0.087) (0.000,0.877) 
 73      193    (0)    1 :  0.627 0.015 0.033 0.021 0.021 0.242 0.042     (0.000,1.000) (0.000,0.090) (0.000,0.242) (0.000,0.138) (0.000,0.141) (0.000,0.999) (0.000,0.299) 
 74      202    (0)    1 :  0.020 0.139 0.012 0.292 0.403 0.113 0.020     (0.000,0.137) (0.000,0.640) (0.000,0.078) (0.000,0.742) (0.000,0.872) (0.000,0.683) (0.000,0.138) 
 75      204    (0)    1 :  0.004 0.005 0.007 0.603 0.011 0.006 0.363     (0.000,0.024) (0.000,0.030) (0.000,0.038) (0.000,1.000) (0.000,0.063) (0.000,0.035) (0.000,1.000) 
 76      211    (0)    1 :  0.060 0.030 0.098 0.010 0.130 0.656 0.017     (0.000,0.332) (0.000,0.212) (0.000,0.645) (0.000,0.057) (0.000,0.608) (0.000,1.000) (0.000,0.110) 
 77      216    (0)    1 :  0.033 0.008 0.661 0.008 0.023 0.261 0.006     (0.000,0.217) (0.000,0.040) (0.081,1.000) (0.000,0.047) (0.000,0.171) (0.000,0.824) (0.000,0.032) 
 78      222    (0)    1 :  0.013 0.033 0.903 0.021 0.007 0.017 0.005     (0.000,0.075) (0.000,0.242) (0.551,1.000) (0.000,0.135) (0.000,0.036) (0.000,0.090) (0.000,0.030) 
 79      224    (0)    1 :  0.007 0.009 0.010 0.947 0.013 0.006 0.008     (0.000,0.038) (0.000,0.049) (0.000,0.061) (0.756,1.000) (0.000,0.084) (0.000,0.035) (0.000,0.049) 
 80      226    (0)    1 :  0.005 0.010 0.006 0.007 0.005 0.013 0.953     (0.000,0.029) (0.000,0.060) (0.000,0.032) (0.000,0.041) (0.000,0.030) (0.000,0.087) (0.783,1.000) 
 81      229    (0)    1 :  0.069 0.076 0.051 0.612 0.090 0.066 0.037     (0.000,0.364) (0.000,0.492) (0.000,0.366) (0.000,0.996) (0.000,0.601) (0.000,0.390) (0.000,0.258) 
 82      230    (0)    1 :  0.050 0.028 0.017 0.809 0.038 0.013 0.045     (0.000,0.305) (0.000,0.170) (0.000,0.121) (0.323,1.000) (0.000,0.277) (0.000,0.086) (0.000,0.330) 
 83      232    (0)    1 :  0.127 0.037 0.023 0.112 0.323 0.225 0.153     (0.000,0.626) (0.000,0.268) (0.000,0.157) (0.000,0.628) (0.000,0.774) (0.000,0.875) (0.000,0.645) 
 84      238    (0)    1 :  0.180 0.651 0.039 0.043 0.009 0.069 0.008     (0.000,0.624) (0.017,1.000) (0.000,0.280) (0.000,0.300) (0.000,0.056) (0.000,0.448) (0.000,0.046) 
 85      242    (0)    1 :  0.004 0.962 0.008 0.008 0.004 0.008 0.007     (0.000,0.024) (0.825,1.000) (0.000,0.045) (0.000,0.041) (0.000,0.023) (0.000,0.046) (0.000,0.036) 
 86      243    (0)    1 :  0.023 0.788 0.025 0.010 0.008 0.119 0.027     (0.000,0.166) (0.355,1.000) (0.000,0.173) (0.000,0.059) (0.000,0.046) (0.000,0.565) (0.000,0.199) 
 87      244    (0)    1 :  0.142 0.781 0.008 0.017 0.012 0.033 0.007     (0.000,0.567) (0.357,1.000) (0.000,0.049) (0.000,0.116) (0.000,0.076) (0.000,0.236) (0.000,0.043) 
 88      251    (0)    1 :  0.032 0.700 0.017 0.040 0.170 0.030 0.011     (0.000,0.223) (0.204,1.000) (0.000,0.105) (0.000,0.301) (0.000,0.634) (0.000,0.207) (0.000,0.064) 
 89      266    (0)    1 :  0.499 0.173 0.013 0.011 0.007 0.286 0.012     (0.000,0.957) (0.000,0.639) (0.000,0.083) (0.000,0.070) (0.000,0.037) (0.000,0.834) (0.000,0.076) 
 90      267    (0)    1 :  0.010 0.016 0.815 0.016 0.007 0.092 0.045     (0.000,0.061) (0.000,0.102) (0.328,1.000) (0.000,0.107) (0.000,0.038) (0.000,0.545) (0.000,0.310) 
 91      268    (0)    1 :  0.373 0.012 0.175 0.005 0.044 0.384 0.007     (0.000,0.997) (0.000,0.070) (0.000,0.941) (0.000,0.028) (0.000,0.301) (0.000,0.999) (0.000,0.040) 
 92      270    (0)    1 :  0.007 0.009 0.011 0.918 0.024 0.009 0.022     (0.000,0.040) (0.000,0.050) (0.000,0.066) (0.633,1.000) (0.000,0.166) (0.000,0.057) (0.000,0.150) 
 93      276    (0)    1 :  0.048 0.022 0.035 0.529 0.024 0.070 0.271     (0.000,0.345) (0.000,0.143) (0.000,0.259) (0.000,1.000) (0.000,0.171) (0.000,0.464) (0.000,0.829) 
 94      298    (7)    1 :  0.203 0.016 0.647 0.009 0.015 0.086 0.024     (0.000,0.899) (0.000,0.097) (0.000,1.000) (0.000,0.051) (0.000,0.101) (0.000,0.548) (0.000,0.174) 
 95      306    (0)    1 :  0.078 0.021 0.018 0.012 0.006 0.853 0.011     (0.000,0.452) (0.000,0.141) (0.000,0.120) (0.000,0.078) (0.000,0.035) (0.458,1.000) (0.000,0.072) 
 96      308    (0)    1 :  0.701 0.037 0.097 0.015 0.089 0.052 0.009     (0.011,1.000) (0.000,0.267) (0.000,0.578) (0.000,0.092) (0.000,0.427) (0.000,0.354) (0.000,0.054) 
 97      311    (7)    1 :  0.045 0.117 0.452 0.043 0.034 0.299 0.010     (0.000,0.308) (0.000,0.656) (0.000,0.998) (0.000,0.306) (0.000,0.239) (0.000,0.998) (0.000,0.060) 
 98      323    (0)    1 :  0.005 0.008 0.008 0.007 0.005 0.006 0.960     (0.000,0.027) (0.000,0.046) (0.000,0.046) (0.000,0.043) (0.000,0.029) (0.000,0.035) (0.818,1.000) 
 99      327    (0)    1 :  0.009 0.024 0.015 0.615 0.278 0.032 0.028     (0.000,0.054) (0.000,0.165) (0.000,0.097) (0.000,0.999) (0.000,0.837) (0.000,0.226) (0.000,0.196) 
100      334    (0)    1 :  0.020 0.883 0.033 0.017 0.011 0.031 0.005     (0.000,0.130) (0.506,1.000) (0.000,0.230) (0.000,0.088) (0.000,0.062) (0.000,0.219) (0.000,0.026) 
101      338    (0)    1 :  0.059 0.028 0.525 0.040 0.031 0.277 0.039     (0.000,0.395) (0.000,0.189) (0.000,1.000) (0.000,0.299) (0.000,0.229) (0.000,0.939) (0.000,0.286) 
102      341    (0)    1 :  0.006 0.012 0.007 0.008 0.008 0.037 0.922     (0.000,0.035) (0.000,0.071) (0.000,0.037) (0.000,0.047) (0.000,0.045) (0.000,0.242) (0.667,1.000) 
103      346    (0)    1 :  0.169 0.008 0.007 0.009 0.044 0.752 0.011     (0.000,0.962) (0.000,0.044) (0.000,0.037) (0.000,0.052) (0.000,0.307) (0.000,1.000) (0.000,0.068) 
104      348    (0)    1 :  0.261 0.019 0.675 0.010 0.006 0.020 0.008     (0.000,0.941) (0.000,0.124) (0.000,1.000) (0.000,0.054) (0.000,0.037) (0.000,0.135) (0.000,0.049) 
105      351    (0)    1 :  0.013 0.502 0.010 0.011 0.057 0.392 0.015     (0.000,0.080) (0.000,1.000) (0.000,0.057) (0.000,0.067) (0.000,0.355) (0.000,0.999) (0.000,0.093) 
106      362    (0)    1 :  0.006 0.007 0.009 0.743 0.083 0.009 0.143     (0.000,0.032) (0.000,0.039) (0.000,0.050) (0.000,1.000) (0.000,0.548) (0.000,0.051) (0.000,0.833) 
107      364    (0)    1 :  0.013 0.923 0.009 0.006 0.011 0.027 0.011     (0.000,0.082) (0.670,1.000) (0.000,0.048) (0.000,0.036) (0.000,0.074) (0.000,0.194) (0.000,0.070) 
108      366    (0)    1 :  0.007 0.904 0.025 0.015 0.008 0.028 0.012     (0.000,0.039) (0.594,1.000) (0.000,0.172) (0.000,0.099) (0.000,0.044) (0.000,0.204) (0.000,0.078) 
109      376    (0)    1 :  0.019 0.007 0.004 0.025 0.016 0.016 0.913     (0.000,0.130) (0.000,0.038) (0.000,0.021) (0.000,0.175) (0.000,0.107) (0.000,0.110) (0.654,1.000) 
110      377    (7)    1 :  0.020 0.021 0.083 0.430 0.382 0.037 0.027     (0.000,0.126) (0.000,0.138) (0.000,0.413) (0.000,0.990) (0.000,0.946) (0.000,0.254) (0.000,0.191) 
111      378    (0)    1 :  0.017 0.005 0.006 0.007 0.934 0.016 0.015     (0.000,0.117) (0.000,0.028) (0.000,0.036) (0.000,0.038) (0.727,1.000) (0.000,0.104) (0.000,0.104) 
112      388    (0)    1 :  0.012 0.016 0.717 0.014 0.038 0.191 0.013     (0.000,0.075) (0.000,0.099) (0.000,1.000) (0.000,0.086) (0.000,0.271) (0.000,0.935) (0.000,0.082) 
113      391    (0)    1 :  0.015 0.013 0.015 0.009 0.165 0.328 0.454     (0.000,0.097) (0.000,0.078) (0.000,0.096) (0.000,0.052) (0.000,0.536) (0.000,0.914) (0.000,0.878) 
114      401    (0)    1 :  0.270 0.223 0.011 0.309 0.016 0.023 0.149     (0.000,0.698) (0.000,0.833) (0.000,0.061) (0.000,0.741) (0.000,0.098) (0.000,0.154) (0.000,0.658) 
115      406    (0)    1 :  0.041 0.052 0.101 0.016 0.017 0.681 0.094     (0.000,0.275) (0.000,0.368) (0.000,0.705) (0.000,0.106) (0.000,0.112) (0.000,1.000) (0.000,0.573) 
116      412    (7)    1 :  0.066 0.029 0.152 0.034 0.039 0.652 0.029     (0.000,0.481) (0.000,0.180) (0.000,0.960) (0.000,0.244) (0.000,0.281) (0.000,1.000) (0.000,0.205) 
117      413    (0)    1 :  0.765 0.039 0.050 0.044 0.013 0.084 0.005     (0.000,1.000) (0.000,0.277) (0.000,0.339) (0.000,0.314) (0.000,0.085) (0.000,0.712) (0.000,0.030) 
118      421    (0)    1 :  0.041 0.017 0.022 0.844 0.011 0.045 0.019     (0.000,0.293) (0.000,0.118) (0.000,0.154) (0.479,1.000) (0.000,0.068) (0.000,0.296) (0.000,0.134) 
119      423    (0)    1 :  0.014 0.025 0.047 0.879 0.012 0.011 0.013     (0.000,0.085) (0.000,0.172) (0.000,0.342) (0.482,1.000) (0.000,0.077) (0.000,0.057) (0.000,0.086) 
120      424    (0)    1 :  0.036 0.022 0.022 0.012 0.025 0.693 0.189     (0.000,0.257) (0.000,0.144) (0.000,0.151) (0.000,0.078) (0.000,0.170) (0.000,1.000) (0.000,0.927) 
121      426    (0)    1 :  0.028 0.027 0.014 0.035 0.675 0.101 0.120     (0.000,0.196) (0.000,0.186) (0.000,0.085) (0.000,0.243) (0.000,1.000) (0.000,0.754) (0.000,0.562) 
122      430    (7)    1 :  0.124 0.007 0.023 0.014 0.013 0.791 0.028     (0.000,0.721) (0.000,0.037) (0.000,0.141) (0.000,0.085) (0.000,0.082) (0.010,1.000) (0.000,0.190) 
123      435    (0)    1 :  0.903 0.005 0.027 0.008 0.014 0.038 0.005     (0.574,1.000) (0.000,0.025) (0.000,0.185) (0.000,0.045) (0.000,0.095) (0.000,0.284) (0.000,0.027) 
124      476    (0)    1 :  0.025 0.029 0.005 0.138 0.015 0.012 0.776     (0.000,0.171) (0.000,0.198) (0.000,0.030) (0.000,0.596) (0.000,0.101) (0.000,0.075) (0.335,1.000) 
125      478    (0)    1 :  0.007 0.031 0.011 0.205 0.018 0.017 0.711     (0.000,0.043) (0.000,0.213) (0.000,0.076) (0.000,0.679) (0.000,0.123) (0.000,0.120) (0.257,0.999) 
126      484    (0)    1 :  0.031 0.007 0.634 0.008 0.010 0.291 0.019     (0.000,0.229) (0.000,0.039) (0.070,1.000) (0.000,0.046) (0.000,0.064) (0.000,0.828) (0.000,0.129) 
127      489    (0)    1 :  0.009 0.007 0.215 0.052 0.644 0.066 0.007     (0.000,0.048) (0.000,0.037) (0.000,0.628) (0.000,0.383) (0.000,1.000) (0.000,0.546) (0.000,0.038) 
128      493    (0)    1 :  0.008 0.947 0.008 0.008 0.010 0.011 0.007     (0.000,0.050) (0.764,1.000) (0.000,0.046) (0.000,0.048) (0.000,0.067) (0.000,0.074) (0.000,0.040) 
129      494    (0)    1 :  0.010 0.901 0.009 0.022 0.041 0.006 0.011     (0.000,0.061) (0.593,1.000) (0.000,0.053) (0.000,0.156) (0.000,0.288) (0.000,0.036) (0.000,0.071) 
130      500    (0)    1 :  0.005 0.008 0.005 0.911 0.009 0.007 0.055     (0.000,0.026) (0.000,0.047) (0.000,0.027) (0.569,1.000) (0.000,0.058) (0.000,0.038) (0.000,0.377) 
131      504    (0)    1 :  0.021 0.050 0.696 0.056 0.069 0.094 0.013     (0.000,0.138) (0.000,0.343) (0.025,1.000) (0.000,0.355) (0.000,0.353) (0.000,0.590) (0.000,0.080) 
132      506    (0)    1 :  0.005 0.005 0.945 0.016 0.006 0.007 0.015     (0.000,0.026) (0.000,0.029) (0.739,1.000) (0.000,0.108) (0.000,0.032) (0.000,0.042) (0.000,0.099) 


Estimated Allele Frequencies in each cluster
First column gives estimated ancestral frequencies


Locus 1 : Rsu5 
5 alleles
0.0% missing data
 137   (0.732) 0.772 0.666 0.461 0.964 0.891 0.871 0.969 
 135   (0.091) 0.049 0.109 0.018 0.009 0.040 0.097 0.017 
 139   (0.100) 0.099 0.185 0.013 0.021 0.064 0.019 0.009 
 133   (0.025) 0.003 0.024 0.003 0.002 0.002 0.003 0.002 
 131   (0.052) 0.077 0.016 0.506 0.004 0.004 0.010 0.003 

Locus 2 : Scv1 
5 alleles
0.0% missing data
 181   (0.541) 0.341 0.663 0.360 0.595 0.781 0.368 0.957 
 179   (0.190) 0.224 0.167 0.107 0.139 0.084 0.342 0.017 
 177   (0.117) 0.083 0.066 0.222 0.018 0.121 0.248 0.014 
 185   (0.123) 0.348 0.064 0.307 0.246 0.010 0.039 0.010 
 171   (0.029) 0.004 0.040 0.003 0.003 0.003 0.003 0.002 

Locus 3 : Rsu4 
9 alleles
0.0% missing data
 267   (0.198) 0.080 0.290 0.163 0.282 0.088 0.034 0.145 
 263   (0.325) 0.478 0.250 0.341 0.232 0.788 0.448 0.518 
 259   (0.056) 0.007 0.017 0.006 0.234 0.044 0.009 0.213 
 287   (0.167) 0.055 0.129 0.187 0.202 0.043 0.396 0.106 
 275   (0.043) 0.013 0.102 0.005 0.004 0.003 0.009 0.003 
 279   (0.066) 0.225 0.090 0.010 0.008 0.014 0.018 0.006 
 283   (0.079) 0.132 0.050 0.281 0.007 0.006 0.073 0.005 
 291   (0.040) 0.005 0.031 0.005 0.029 0.011 0.007 0.003 
 271   (0.028) 0.003 0.040 0.003 0.002 0.002 0.003 0.002 

Locus 4 : Rsu6 
5 alleles
0.0% missing data
 120   (0.259) 0.207 0.210 0.084 0.264 0.536 0.365 0.276 
 126   (0.596) 0.771 0.642 0.897 0.514 0.381 0.619 0.566 
 124   (0.089) 0.015 0.064 0.012 0.200 0.079 0.011 0.154 
 130   (0.033) 0.004 0.077 0.003 0.003 0.002 0.003 0.002 
 114   (0.023) 0.003 0.008 0.003 0.020 0.002 0.002 0.002 

Locus 5 : Scv23 
3 alleles
0.8% missing data
 158   (0.519) 0.593 0.469 0.757 0.742 0.505 0.475 0.372 
 164   (0.190) 0.031 0.253 0.128 0.052 0.075 0.253 0.432 
 160   (0.290) 0.376 0.278 0.115 0.206 0.421 0.272 0.196 

Locus 6 : Scv13 
5 alleles
0.0% missing data
 182   (0.717) 0.612 0.676 0.887 0.902 0.973 0.906 0.803 
 180   (0.089) 0.015 0.118 0.010 0.074 0.012 0.017 0.164 
 172   (0.088) 0.226 0.069 0.084 0.008 0.007 0.053 0.007 
 184   (0.067) 0.017 0.115 0.015 0.013 0.006 0.015 0.024 
 174   (0.038) 0.131 0.022 0.004 0.003 0.003 0.010 0.002 

Locus 7 : Scv32 
18 alleles
0.0% missing data
 236   (0.034) 0.005 0.123 0.004 0.003 0.002 0.005 0.002 
 238   (0.042) 0.006 0.024 0.082 0.004 0.005 0.188 0.003 
 234   (0.128) 0.620 0.065 0.101 0.021 0.073 0.348 0.346 
 246   (0.049) 0.013 0.016 0.009 0.175 0.009 0.006 0.311 
 248   (0.091) 0.012 0.125 0.022 0.146 0.407 0.050 0.007 
 262   (0.101) 0.051 0.064 0.047 0.245 0.190 0.102 0.020 
 232   (0.185) 0.090 0.336 0.434 0.156 0.016 0.080 0.148 
 250   (0.033) 0.004 0.011 0.004 0.004 0.253 0.029 0.005 
 228   (0.024) 0.004 0.038 0.003 0.002 0.003 0.003 0.002 
 220   (0.041) 0.006 0.016 0.005 0.198 0.008 0.006 0.078 
 264   (0.053) 0.014 0.049 0.006 0.007 0.006 0.110 0.039 
 252   (0.046) 0.080 0.015 0.085 0.015 0.004 0.009 0.004 
 254   (0.053) 0.076 0.031 0.081 0.005 0.007 0.036 0.004 
 242   (0.025) 0.003 0.040 0.003 0.002 0.002 0.003 0.002 
 266   (0.024) 0.004 0.009 0.054 0.003 0.002 0.018 0.002 
 244   (0.029) 0.004 0.010 0.058 0.009 0.011 0.005 0.002 
 226   (0.022) 0.003 0.007 0.002 0.002 0.002 0.003 0.025 
 240   (0.021) 0.004 0.020 0.002 0.002 0.002 0.003 0.001 

Locus 8 : Scv8 
6 alleles
0.0% missing data
 200   (0.613) 0.383 0.652 0.625 0.665 0.824 0.825 0.841 
 202   (0.100) 0.059 0.150 0.095 0.009 0.008 0.067 0.007 
 194   (0.099) 0.153 0.045 0.011 0.115 0.019 0.062 0.138 
 204   (0.050) 0.009 0.029 0.006 0.037 0.133 0.010 0.004 
 198   (0.064) 0.012 0.085 0.008 0.167 0.010 0.011 0.005 
 188   (0.074) 0.384 0.038 0.255 0.006 0.005 0.025 0.005 

Locus 9 : Scv9 
5 alleles
0.0% missing data
 198   (0.300) 0.477 0.203 0.275 0.106 0.478 0.662 0.422 
 200   (0.353) 0.130 0.501 0.309 0.520 0.389 0.107 0.375 
 196   (0.275) 0.281 0.273 0.403 0.368 0.127 0.221 0.037 
 204   (0.047) 0.087 0.015 0.009 0.004 0.004 0.008 0.164 
 202   (0.025) 0.026 0.008 0.004 0.002 0.002 0.003 0.002 

Locus 10 : Rsu1 
6 alleles
0.0% missing data
 189   (0.295) 0.304 0.493 0.103 0.059 0.060 0.243 0.480 
 185   (0.275) 0.166 0.202 0.781 0.252 0.059 0.495 0.160 
 177   (0.084) 0.038 0.053 0.060 0.146 0.014 0.014 0.011 
 181   (0.239) 0.479 0.218 0.045 0.202 0.808 0.230 0.050 
 193   (0.060) 0.008 0.020 0.007 0.254 0.055 0.013 0.075 
 197   (0.046) 0.006 0.014 0.005 0.087 0.005 0.005 0.224 

Locus 11 : Scv14 
7 alleles
4.5% missing data
 196   (0.536) 0.676 0.463 0.612 0.765 0.909 0.500 0.920 
 198   (0.078) 0.037 0.100 0.024 0.007 0.009 0.249 0.006 
 194   (0.141) 0.180 0.192 0.064 0.094 0.044 0.042 0.025 
 202   (0.174) 0.086 0.200 0.292 0.123 0.022 0.191 0.044 
 204   (0.024) 0.003 0.023 0.003 0.002 0.002 0.003 0.002 
 190   (0.024) 0.003 0.011 0.003 0.007 0.013 0.006 0.002 
 200   (0.024) 0.015 0.011 0.003 0.002 0.002 0.009 0.002 

Locus 12 : Scv16 
7 alleles
0.0% missing data
 182   (0.388) 0.586 0.286 0.323 0.567 0.786 0.546 0.218 
 184   (0.414) 0.190 0.522 0.615 0.273 0.198 0.401 0.758 
 188   (0.067) 0.008 0.122 0.007 0.149 0.005 0.007 0.014 
 200   (0.024) 0.003 0.023 0.003 0.002 0.002 0.003 0.002 
 198   (0.043) 0.132 0.014 0.023 0.004 0.005 0.031 0.003 
 190   (0.038) 0.076 0.012 0.025 0.003 0.003 0.009 0.003 
 186   (0.025) 0.006 0.020 0.003 0.002 0.002 0.004 0.002 

Locus 13 : Scv31 
15 alleles
3.0% missing data
 193   (0.117) 0.039 0.096 0.135 0.024 0.615 0.223 0.015 
 201   (0.110) 0.016 0.208 0.064 0.056 0.085 0.018 0.023 
 187   (0.083) 0.012 0.031 0.132 0.272 0.065 0.015 0.297 
 207   (0.039) 0.005 0.012 0.005 0.039 0.003 0.005 0.361 
 195   (0.065) 0.026 0.022 0.253 0.125 0.025 0.013 0.008 
 185   (0.166) 0.262 0.137 0.145 0.032 0.017 0.486 0.219 
 189   (0.061) 0.007 0.185 0.007 0.006 0.144 0.007 0.004 
 205   (0.025) 0.004 0.023 0.003 0.003 0.002 0.003 0.002 
 191   (0.125) 0.543 0.063 0.017 0.364 0.025 0.195 0.053 
 197   (0.031) 0.004 0.010 0.181 0.005 0.004 0.004 0.006 
 199   (0.059) 0.066 0.069 0.044 0.006 0.005 0.007 0.004 
 203   (0.033) 0.004 0.060 0.004 0.003 0.002 0.004 0.002 
 209   (0.032) 0.005 0.036 0.004 0.003 0.003 0.012 0.002 
 213   (0.026) 0.004 0.040 0.004 0.003 0.002 0.004 0.002 
 181   (0.026) 0.003 0.008 0.003 0.062 0.002 0.003 0.003 

Locus 14 : Scv6 
8 alleles
0.0% missing data
 191   (0.099) 0.012 0.182 0.020 0.177 0.252 0.014 0.007 
 195   (0.361) 0.225 0.305 0.598 0.498 0.422 0.505 0.657 
 197   (0.225) 0.278 0.133 0.223 0.285 0.291 0.219 0.278 
 201   (0.076) 0.119 0.138 0.009 0.007 0.010 0.065 0.005 
 205   (0.028) 0.003 0.042 0.003 0.002 0.002 0.003 0.002 
 193   (0.097) 0.194 0.109 0.090 0.010 0.008 0.091 0.007 
 199   (0.087) 0.165 0.051 0.054 0.018 0.013 0.100 0.042 
 181   (0.028) 0.003 0.041 0.003 0.002 0.002 0.003 0.002 

Values of parameters used in structure:
DATAFILE=M:\STRUCTURE\Squirrel_132_ID_14L_20250816\project_data,	OUTFILE=M:\STRUCTURE\Squirrel_132_ID_14L_20250816\10k_Burnin_100k_MCMC\Results\10k_Burnin_100k_MCMC_run_160,	NUMINDS=132,	NUMLOCI=14,	MISSING=-9,	LABEL=1,	POPDATA=1,	POPFLAG=0,	PHENOTYPE=0,	EXTRACOLS=1,	MAXPOPS=7,	BURNIN=10000,	NUMREPS=100000,	USEPOPINFO=0,	INFERALPHA=1,	INFERLAMBDA=1,	POPSPECIFICLAMBDA=0,	POPALPHAS=0,	COMPUTEPROB=1,	NOADMIX=0,	ADMBURNIN=2500,	UPDATEFREQ=1,	PRINTLIKES=0,	INTERMEDSAVE=0,	PRINTKLD=0,	PRINTNET=0,	PRINTLAMBDA=0,	ANCESTDIST=1,	NUMBOXES=1000,	ANCESTPINT=0.90000,	GENSBACK=2,	MIGRPRIOR=0.05000,	PRINTQHAT=1,	PRINTQSUM=0,	ALPHA=1.0000,	FREQSCORR=1,	FPRIORMEAN=0.0100,	FPRIORSD=0.0500,	ONEFST=0,	LAMBDA=1.0000,	UNIFPRIORALPHA=1,	ALPHAMAX=10.0000,	ALPHAPRIORA=1.0000,	ALPHAPRIORB=2.0000,	ALPHAPROPSD=0.0250,	STARTATPOPINFO=0,	RANDOMIZE=1,	LINKAGE=0,	METROFREQ=10,	REPORTHITRATE=0,	MARKOVPHASE=-1,	PHASED=0,	PLOIDY=2,	PHASEINFO=0	LOCPRIOR=0, 	LOCPRIORINIT=1.000000, 	LOCDATA=0, 	LOCISPOP=0, 	LOCPRIORSTEP=0.100000, 	MAXLOCPRIOR=20.000000, 	SEED=1763825400,	
[STRAT parameters]:    NUMSIMSTATS=1000,	PHENOTYPECOL=-9,	POOLFREQ=10,	LOCUSxONLY=0,	EMERROR=0.00100,	MISSINGPHENO=-9,	