

----------------------------------------------------
STRUCTURE by Pritchard, Stephens and Donnelly (2000)
     and Falush, Stephens and Pritchard (2003)
       Code by Pritchard, Falush and Hubisz
             Version 2.3.4 (Jul 2012)
----------------------------------------------------



Command line arguments:   bin\structure -m M:\STRUCTURE\Squirrel_132_ID_14L_20250816\10k_Burnin_100k_MCMC\mainparams -e M:\STRUCTURE\Squirrel_132_ID_14L_20250816\10k_Burnin_100k_MCMC\extraparams 
Input File:    M:\STRUCTURE\Squirrel_132_ID_14L_20250816\project_data

Run parameters:
   132 individuals
   14 loci
   8 populations assumed
   10000 Burn-in period
   100000 Reps


--------------------------------------------
Proportion of membership of each pre-defined
 population in each of the 8 clusters

Given    Inferred Clusters                                          Number of
 Pop       1      2      3      4      5      6      7      8      Individuals

  1:     0.141  0.122  0.104  0.118  0.119  0.107  0.125  0.164      132
--------------------------------------------

Allele-freq. divergence among pops (Net nucleotide distance),
computed using point estimates of P.

      1       2       3       4       5       6       7       8      
 1      -    0.1222  0.1188  0.0770  0.1262  0.0625  0.0707  0.0768  
 2   0.1222     -    0.1183  0.0453  0.1155  0.0499  0.0902  0.0904  
 3   0.1188  0.1183     -    0.0870  0.1807  0.0800  0.1142  0.0905  
 4   0.0770  0.0453  0.0870     -    0.0725  0.0092  0.0614  0.0553  
 5   0.1262  0.1155  0.1807  0.0725     -    0.0645  0.0845  0.0952  
 6   0.0625  0.0499  0.0800  0.0092  0.0645     -    0.0311  0.0446  
 7   0.0707  0.0902  0.1142  0.0614  0.0845  0.0311     -    0.0622  
 8   0.0768  0.0904  0.0905  0.0553  0.0952  0.0446  0.0622     -    

Average distances (expected heterozygosity) between individuals in same cluster:
cluster  1  : 0.4590 
cluster  2  : 0.5924 
cluster  3  : 0.4055 
cluster  4  : 0.5699 
cluster  5  : 0.5239 
cluster  6  : 0.6395 
cluster  7  : 0.6474 
cluster  8  : 0.5457 

--------------------------------------------
Estimated Ln Prob of Data   = -4360.3
Mean value of ln likelihood = -3941.4
Variance of ln likelihood   = 837.7
Mean value of alpha         = 0.0468

Mean value of lambda        = 0.9522

Mean value of Fst_1         = 0.3006
Mean value of Fst_2         = 0.1991
Mean value of Fst_3         = 0.3604
Mean value of Fst_4         = 0.2259
Mean value of Fst_5         = 0.2419
Mean value of Fst_6         = 0.0985
Mean value of Fst_7         = 0.0859
Mean value of Fst_8         = 0.2058


Inferred ancestry of individuals:
        Label (%Miss) Pop:  Inferred clusters (and 90% probability intervals)
  1       1*    (0)    1 :  0.017 0.007 0.036 0.075 0.014 0.105 0.734 0.011     (0.000,0.112) (0.000,0.037) (0.000,0.254) (0.000,0.430) (0.000,0.088) (0.000,0.600) (0.192,1.000) (0.000,0.063) 
  2        3    (0)    1 :  0.954 0.005 0.005 0.008 0.009 0.007 0.005 0.007     (0.798,1.000) (0.000,0.026) (0.000,0.029) (0.000,0.045) (0.000,0.057) (0.000,0.036) (0.000,0.028) (0.000,0.037) 
  3        6    (0)    1 :  0.909 0.011 0.008 0.021 0.011 0.015 0.006 0.019     (0.626,1.000) (0.000,0.067) (0.000,0.043) (0.000,0.145) (0.000,0.073) (0.000,0.099) (0.000,0.034) (0.000,0.127) 
  4        8    (0)    1 :  0.011 0.004 0.024 0.069 0.012 0.013 0.015 0.852     (0.000,0.064) (0.000,0.022) (0.000,0.168) (0.000,0.620) (0.000,0.078) (0.000,0.063) (0.000,0.103) (0.189,1.000) 
  5       10    (0)    1 :  0.011 0.005 0.915 0.006 0.004 0.009 0.008 0.042     (0.000,0.073) (0.000,0.026) (0.647,1.000) (0.000,0.030) (0.000,0.022) (0.000,0.051) (0.000,0.045) (0.000,0.280) 
  6       11    (0)    1 :  0.027 0.038 0.017 0.089 0.011 0.482 0.283 0.053     (0.000,0.200) (0.000,0.267) (0.000,0.123) (0.000,0.663) (0.000,0.067) (0.000,1.000) (0.000,0.990) (0.000,0.385) 
  7       12    (0)    1 :  0.007 0.005 0.960 0.008 0.004 0.006 0.005 0.006     (0.000,0.036) (0.000,0.028) (0.822,1.000) (0.000,0.040) (0.000,0.023) (0.000,0.035) (0.000,0.026) (0.000,0.032) 
  8       16    (7)    1 :  0.946 0.006 0.008 0.007 0.005 0.006 0.006 0.015     (0.763,1.000) (0.000,0.030) (0.000,0.050) (0.000,0.043) (0.000,0.027) (0.000,0.035) (0.000,0.033) (0.000,0.095) 
  9       18    (0)    1 :  0.008 0.005 0.007 0.007 0.008 0.008 0.948 0.010     (0.000,0.046) (0.000,0.026) (0.000,0.040) (0.000,0.039) (0.000,0.045) (0.000,0.040) (0.774,1.000) (0.000,0.063) 
 10       19    (0)    1 :  0.014 0.051 0.012 0.021 0.030 0.504 0.330 0.037     (0.000,0.092) (0.000,0.356) (0.000,0.075) (0.000,0.122) (0.000,0.204) (0.000,1.000) (0.000,0.998) (0.000,0.271) 
 11       21    (7)    1 :  0.929 0.008 0.007 0.010 0.005 0.008 0.006 0.027     (0.702,1.000) (0.000,0.042) (0.000,0.041) (0.000,0.059) (0.000,0.030) (0.000,0.044) (0.000,0.035) (0.000,0.184) 
 12       23    (7)    1 :  0.024 0.040 0.476 0.275 0.010 0.145 0.013 0.017     (0.000,0.166) (0.000,0.280) (0.000,0.979) (0.000,0.950) (0.000,0.059) (0.000,0.837) (0.000,0.077) (0.000,0.118) 
 13       24    (7)    1 :  0.015 0.037 0.441 0.016 0.008 0.276 0.114 0.093     (0.000,0.101) (0.000,0.253) (0.000,0.971) (0.000,0.100) (0.000,0.047) (0.000,0.994) (0.000,0.575) (0.000,0.555) 
 14       25    (7)    1 :  0.058 0.009 0.523 0.150 0.007 0.140 0.018 0.096     (0.000,0.342) (0.000,0.055) (0.000,0.953) (0.000,0.657) (0.000,0.038) (0.000,0.687) (0.000,0.119) (0.000,0.424) 
 15      26*    (0)    1 :  0.255 0.006 0.248 0.015 0.008 0.055 0.019 0.394     (0.000,0.794) (0.000,0.032) (0.000,0.683) (0.000,0.078) (0.000,0.044) (0.000,0.384) (0.000,0.134) (0.000,0.984) 
 16       28    (0)    1 :  0.050 0.006 0.195 0.052 0.006 0.013 0.007 0.670     (0.000,0.373) (0.000,0.037) (0.000,0.963) (0.000,0.421) (0.000,0.035) (0.000,0.078) (0.000,0.039) (0.000,1.000) 
 17       29    (0)    1 :  0.007 0.006 0.919 0.007 0.007 0.009 0.015 0.030     (0.000,0.039) (0.000,0.030) (0.657,1.000) (0.000,0.038) (0.000,0.040) (0.000,0.056) (0.000,0.102) (0.000,0.219) 
 18       30    (0)    1 :  0.199 0.008 0.186 0.031 0.359 0.063 0.020 0.135     (0.000,0.798) (0.000,0.041) (0.000,0.704) (0.000,0.212) (0.000,0.773) (0.000,0.502) (0.000,0.118) (0.000,0.673) 
 19       33    (0)    1 :  0.006 0.043 0.006 0.015 0.016 0.101 0.808 0.005     (0.000,0.035) (0.000,0.286) (0.000,0.034) (0.000,0.100) (0.000,0.105) (0.000,0.931) (0.000,1.000) (0.000,0.029) 
 20       37    (0)    1 :  0.011 0.009 0.042 0.011 0.007 0.013 0.898 0.009     (0.000,0.071) (0.000,0.055) (0.000,0.296) (0.000,0.068) (0.000,0.038) (0.000,0.073) (0.591,1.000) (0.000,0.054) 
 21       38    (0)    1 :  0.010 0.005 0.015 0.006 0.006 0.020 0.929 0.009     (0.000,0.061) (0.000,0.028) (0.000,0.102) (0.000,0.036) (0.000,0.033) (0.000,0.093) (0.702,1.000) (0.000,0.054) 
 22       43    (0)    1 :  0.033 0.007 0.780 0.018 0.008 0.016 0.008 0.130     (0.000,0.225) (0.000,0.038) (0.426,1.000) (0.000,0.122) (0.000,0.053) (0.000,0.112) (0.000,0.046) (0.000,0.501) 
 23       44    (0)    1 :  0.235 0.006 0.007 0.064 0.020 0.008 0.007 0.653     (0.000,0.627) (0.000,0.034) (0.000,0.037) (0.000,0.617) (0.000,0.133) (0.000,0.041) (0.000,0.039) (0.000,1.000) 
 24       48    (0)    1 :  0.011 0.004 0.007 0.006 0.007 0.007 0.952 0.006     (0.000,0.065) (0.000,0.024) (0.000,0.043) (0.000,0.034) (0.000,0.040) (0.000,0.035) (0.787,1.000) (0.000,0.035) 
 25       55    (0)    1 :  0.117 0.008 0.009 0.081 0.017 0.033 0.011 0.724     (0.000,0.564) (0.000,0.043) (0.000,0.056) (0.000,0.541) (0.000,0.114) (0.000,0.242) (0.000,0.067) (0.008,1.000) 
 26       59    (0)    1 :  0.952 0.004 0.005 0.007 0.009 0.007 0.007 0.008     (0.793,1.000) (0.000,0.022) (0.000,0.029) (0.000,0.040) (0.000,0.056) (0.000,0.042) (0.000,0.044) (0.000,0.044) 
 27       60    (0)    1 :  0.010 0.032 0.029 0.556 0.007 0.348 0.014 0.005     (0.000,0.057) (0.000,0.126) (0.000,0.208) (0.000,1.000) (0.000,0.038) (0.000,1.000) (0.000,0.077) (0.000,0.026) 
 28       61    (0)    1 :  0.017 0.503 0.008 0.282 0.055 0.114 0.008 0.013     (0.000,0.111) (0.000,0.998) (0.000,0.045) (0.000,0.985) (0.000,0.366) (0.000,0.725) (0.000,0.043) (0.000,0.080) 
 29       62    (0)    1 :  0.015 0.529 0.040 0.297 0.016 0.065 0.022 0.016     (0.000,0.093) (0.000,1.000) (0.000,0.291) (0.000,0.996) (0.000,0.105) (0.000,0.492) (0.000,0.151) (0.000,0.102) 
 30       65    (0)    1 :  0.006 0.013 0.006 0.013 0.022 0.070 0.861 0.009     (0.000,0.036) (0.000,0.089) (0.000,0.033) (0.000,0.087) (0.000,0.152) (0.000,0.575) (0.356,1.000) (0.000,0.055) 
 31       73    (0)    1 :  0.009 0.007 0.158 0.029 0.753 0.024 0.008 0.012     (0.000,0.051) (0.000,0.039) (0.000,0.504) (0.000,0.209) (0.395,1.000) (0.000,0.168) (0.000,0.046) (0.000,0.073) 
 32       75    (0)    1 :  0.009 0.915 0.004 0.006 0.043 0.008 0.010 0.005     (0.000,0.055) (0.646,1.000) (0.000,0.022) (0.000,0.031) (0.000,0.282) (0.000,0.046) (0.000,0.064) (0.000,0.030) 
 33       76    (0)    1 :  0.006 0.931 0.012 0.027 0.007 0.009 0.004 0.005     (0.000,0.034) (0.699,1.000) (0.000,0.076) (0.000,0.154) (0.000,0.038) (0.000,0.051) (0.000,0.023) (0.000,0.029) 
 34       77    (0)    1 :  0.006 0.771 0.011 0.134 0.005 0.062 0.007 0.005     (0.000,0.032) (0.001,1.000) (0.000,0.067) (0.000,0.848) (0.000,0.030) (0.000,0.434) (0.000,0.040) (0.000,0.027) 
 35       78    (0)    1 :  0.007 0.269 0.017 0.039 0.617 0.029 0.011 0.011     (0.000,0.037) (0.000,0.825) (0.000,0.124) (0.000,0.285) (0.015,0.998) (0.000,0.205) (0.000,0.068) (0.000,0.067) 
 36       79    (0)    1 :  0.005 0.820 0.004 0.048 0.078 0.025 0.010 0.009     (0.000,0.027) (0.275,1.000) (0.000,0.025) (0.000,0.333) (0.000,0.409) (0.000,0.180) (0.000,0.065) (0.000,0.056) 
 37       84    (0)    1 :  0.808 0.023 0.022 0.057 0.013 0.032 0.009 0.036     (0.413,1.000) (0.000,0.163) (0.000,0.151) (0.000,0.360) (0.000,0.089) (0.000,0.229) (0.000,0.055) (0.000,0.250) 
 38       85    (0)    1 :  0.009 0.007 0.007 0.051 0.012 0.018 0.009 0.887     (0.000,0.055) (0.000,0.042) (0.000,0.040) (0.000,0.331) (0.000,0.074) (0.000,0.090) (0.000,0.054) (0.413,1.000) 
 39       86    (0)    1 :  0.005 0.010 0.012 0.028 0.017 0.075 0.012 0.841     (0.000,0.030) (0.000,0.059) (0.000,0.078) (0.000,0.164) (0.000,0.115) (0.000,0.523) (0.000,0.073) (0.295,1.000) 
 40       89    (0)    1 :  0.602 0.047 0.191 0.064 0.009 0.049 0.021 0.018     (0.174,0.955) (0.000,0.312) (0.000,0.597) (0.000,0.410) (0.000,0.053) (0.000,0.346) (0.000,0.142) (0.000,0.108) 
 41       94    (0)    1 :  0.007 0.005 0.945 0.008 0.005 0.007 0.014 0.009     (0.000,0.040) (0.000,0.027) (0.770,1.000) (0.000,0.046) (0.000,0.034) (0.000,0.038) (0.000,0.089) (0.000,0.059) 
 42       95    (0)    1 :  0.908 0.006 0.006 0.014 0.014 0.017 0.014 0.020     (0.628,1.000) (0.000,0.034) (0.000,0.036) (0.000,0.086) (0.000,0.094) (0.000,0.105) (0.000,0.090) (0.000,0.122) 
 43       96    (0)    1 :  0.007 0.006 0.010 0.008 0.006 0.006 0.005 0.952     (0.000,0.036) (0.000,0.034) (0.000,0.064) (0.000,0.042) (0.000,0.033) (0.000,0.032) (0.000,0.030) (0.786,1.000) 
 44       98    (0)    1 :  0.006 0.028 0.008 0.621 0.039 0.284 0.007 0.007     (0.000,0.031) (0.000,0.167) (0.000,0.051) (0.000,1.000) (0.000,0.264) (0.000,0.999) (0.000,0.035) (0.000,0.044) 
 45      102    (0)    1 :  0.033 0.018 0.018 0.014 0.007 0.252 0.652 0.007     (0.000,0.235) (0.000,0.126) (0.000,0.125) (0.000,0.092) (0.000,0.042) (0.000,0.997) (0.000,1.000) (0.000,0.040) 
 46      105    (0)    1 :  0.006 0.004 0.006 0.005 0.960 0.006 0.008 0.005     (0.000,0.034) (0.000,0.024) (0.000,0.032) (0.000,0.027) (0.827,1.000) (0.000,0.032) (0.000,0.050) (0.000,0.027) 
 47      106    (0)    1 :  0.098 0.403 0.005 0.083 0.238 0.127 0.020 0.025     (0.000,0.416) (0.000,0.933) (0.000,0.025) (0.000,0.528) (0.000,0.700) (0.000,0.923) (0.000,0.134) (0.000,0.181) 
 48      108    (0)    1 :  0.008 0.025 0.009 0.022 0.811 0.046 0.069 0.010     (0.000,0.049) (0.000,0.177) (0.000,0.051) (0.000,0.156) (0.428,1.000) (0.000,0.295) (0.000,0.397) (0.000,0.062) 
 49      109    (0)    1 :  0.011 0.040 0.007 0.070 0.758 0.081 0.014 0.020     (0.000,0.065) (0.000,0.274) (0.000,0.041) (0.000,0.441) (0.093,1.000) (0.000,0.541) (0.000,0.079) (0.000,0.149) 
 50      112    (0)    1 :  0.016 0.168 0.052 0.249 0.009 0.209 0.025 0.271     (0.000,0.107) (0.000,0.828) (0.000,0.368) (0.000,0.891) (0.000,0.052) (0.000,0.970) (0.000,0.164) (0.000,0.852) 
 51      115    (0)    1 :  0.014 0.017 0.058 0.030 0.019 0.429 0.420 0.013     (0.000,0.095) (0.000,0.106) (0.000,0.354) (0.000,0.206) (0.000,0.122) (0.000,1.000) (0.000,0.999) (0.000,0.073) 
 52      116    (0)    1 :  0.010 0.006 0.009 0.116 0.020 0.019 0.014 0.805     (0.000,0.058) (0.000,0.035) (0.000,0.052) (0.000,0.958) (0.000,0.140) (0.000,0.103) (0.000,0.084) (0.000,1.000) 
 53      117    (0)    1 :  0.703 0.014 0.122 0.031 0.019 0.029 0.016 0.064     (0.000,1.000) (0.000,0.089) (0.000,0.747) (0.000,0.220) (0.000,0.126) (0.000,0.204) (0.000,0.110) (0.000,0.421) 
 54      129    (0)    1 :  0.085 0.004 0.012 0.012 0.007 0.009 0.008 0.864     (0.000,0.491) (0.000,0.021) (0.000,0.064) (0.000,0.066) (0.000,0.040) (0.000,0.050) (0.000,0.051) (0.438,1.000) 
 55      132    (0)    1 :  0.017 0.019 0.160 0.427 0.010 0.307 0.053 0.007     (0.000,0.113) (0.000,0.098) (0.000,0.592) (0.000,1.000) (0.000,0.051) (0.000,0.995) (0.000,0.372) (0.000,0.042) 
 56      133    (0)    1 :  0.006 0.037 0.006 0.618 0.038 0.284 0.006 0.005     (0.000,0.035) (0.000,0.252) (0.000,0.034) (0.000,1.000) (0.000,0.244) (0.000,0.999) (0.000,0.030) (0.000,0.025) 
 57      137    (7)    1 :  0.011 0.392 0.022 0.349 0.013 0.190 0.011 0.011     (0.000,0.063) (0.000,0.996) (0.000,0.151) (0.000,0.997) (0.000,0.082) (0.000,0.903) (0.000,0.067) (0.000,0.069) 
 58      139    (0)    1 :  0.010 0.932 0.007 0.008 0.011 0.012 0.012 0.008     (0.000,0.063) (0.714,1.000) (0.000,0.039) (0.000,0.045) (0.000,0.066) (0.000,0.064) (0.000,0.079) (0.000,0.052) 
 59      140    (0)    1 :  0.038 0.046 0.006 0.067 0.764 0.048 0.015 0.016     (0.000,0.272) (0.000,0.306) (0.000,0.035) (0.000,0.465) (0.279,1.000) (0.000,0.357) (0.000,0.093) (0.000,0.095) 
 60      142    (0)    1 :  0.030 0.795 0.012 0.120 0.009 0.018 0.008 0.008     (0.000,0.226) (0.003,1.000) (0.000,0.077) (0.000,0.848) (0.000,0.055) (0.000,0.111) (0.000,0.043) (0.000,0.043) 
 61      144    (0)    1 :  0.008 0.006 0.004 0.007 0.958 0.007 0.005 0.005     (0.000,0.045) (0.000,0.035) (0.000,0.025) (0.000,0.041) (0.816,1.000) (0.000,0.040) (0.000,0.027) (0.000,0.025) 
 62      145    (0)    1 :  0.009 0.596 0.006 0.347 0.012 0.013 0.008 0.008     (0.000,0.051) (0.000,1.000) (0.000,0.032) (0.000,1.000) (0.000,0.079) (0.000,0.064) (0.000,0.045) (0.000,0.043) 
 63      147    (0)    1 :  0.004 0.023 0.005 0.009 0.938 0.009 0.006 0.008     (0.000,0.024) (0.000,0.159) (0.000,0.026) (0.000,0.051) (0.728,1.000) (0.000,0.053) (0.000,0.030) (0.000,0.047) 
 64      160    (0)    1 :  0.008 0.004 0.958 0.005 0.005 0.006 0.007 0.007     (0.000,0.047) (0.000,0.024) (0.815,1.000) (0.000,0.027) (0.000,0.026) (0.000,0.033) (0.000,0.039) (0.000,0.037) 
 65     162*    (0)    1 :  0.007 0.007 0.012 0.008 0.006 0.007 0.006 0.948     (0.000,0.036) (0.000,0.038) (0.000,0.074) (0.000,0.045) (0.000,0.033) (0.000,0.035) (0.000,0.030) (0.767,1.000) 
 66      166    (0)    1 :  0.010 0.032 0.005 0.571 0.025 0.346 0.005 0.006     (0.000,0.061) (0.000,0.111) (0.000,0.027) (0.000,1.000) (0.000,0.136) (0.000,1.000) (0.000,0.028) (0.000,0.034) 
 67      177    (0)    1 :  0.004 0.968 0.004 0.006 0.005 0.005 0.004 0.004     (0.000,0.025) (0.857,1.000) (0.000,0.023) (0.000,0.034) (0.000,0.025) (0.000,0.030) (0.000,0.020) (0.000,0.020) 
 68      178    (0)    1 :  0.009 0.841 0.028 0.046 0.016 0.035 0.011 0.013     (0.000,0.052) (0.425,1.000) (0.000,0.205) (0.000,0.344) (0.000,0.110) (0.000,0.255) (0.000,0.071) (0.000,0.088) 
 69      186    (0)    1 :  0.966 0.004 0.006 0.006 0.004 0.005 0.005 0.005     (0.848,1.000) (0.000,0.023) (0.000,0.030) (0.000,0.031) (0.000,0.021) (0.000,0.026) (0.000,0.025) (0.000,0.031) 
 70      189    (0)    1 :  0.007 0.008 0.014 0.107 0.004 0.006 0.006 0.848     (0.000,0.041) (0.000,0.046) (0.000,0.092) (0.000,0.974) (0.000,0.022) (0.000,0.032) (0.000,0.034) (0.000,1.000) 
 71      190    (0)    1 :  0.054 0.015 0.085 0.033 0.009 0.037 0.021 0.748     (0.000,0.351) (0.000,0.096) (0.000,0.573) (0.000,0.231) (0.000,0.054) (0.000,0.246) (0.000,0.143) (0.021,1.000) 
 72      191    (0)    1 :  0.329 0.022 0.017 0.120 0.037 0.021 0.010 0.444     (0.000,0.844) (0.000,0.155) (0.000,0.113) (0.000,0.809) (0.000,0.267) (0.000,0.131) (0.000,0.057) (0.000,0.995) 
 73      193    (0)    1 :  0.033 0.460 0.018 0.391 0.026 0.039 0.013 0.019     (0.000,0.246) (0.000,1.000) (0.000,0.124) (0.000,1.000) (0.000,0.192) (0.000,0.237) (0.000,0.082) (0.000,0.116) 
 74      202    (0)    1 :  0.015 0.012 0.291 0.051 0.009 0.367 0.050 0.204     (0.000,0.100) (0.000,0.073) (0.000,0.755) (0.000,0.371) (0.000,0.054) (0.000,0.998) (0.000,0.351) (0.000,0.724) 
 75      204    (0)    1 :  0.323 0.004 0.010 0.006 0.007 0.006 0.005 0.639     (0.000,1.000) (0.000,0.022) (0.000,0.055) (0.000,0.031) (0.000,0.036) (0.000,0.035) (0.000,0.028) (0.000,1.000) 
 76      211    (0)    1 :  0.017 0.068 0.113 0.364 0.082 0.326 0.020 0.011     (0.000,0.116) (0.000,0.369) (0.000,0.558) (0.000,0.997) (0.000,0.560) (0.000,0.992) (0.000,0.133) (0.000,0.063) 
 77      216    (0)    1 :  0.006 0.041 0.024 0.190 0.558 0.168 0.006 0.007     (0.000,0.030) (0.000,0.260) (0.000,0.172) (0.000,0.799) (0.001,0.999) (0.000,0.754) (0.000,0.034) (0.000,0.040) 
 78      222    (0)    1 :  0.005 0.011 0.006 0.120 0.770 0.039 0.032 0.017     (0.000,0.031) (0.000,0.068) (0.000,0.028) (0.000,0.757) (0.129,1.000) (0.000,0.276) (0.000,0.235) (0.000,0.098) 
 79      224    (0)    1 :  0.008 0.006 0.014 0.122 0.010 0.007 0.009 0.824     (0.000,0.044) (0.000,0.037) (0.000,0.087) (0.000,0.986) (0.000,0.060) (0.000,0.038) (0.000,0.046) (0.000,1.000) 
 80      226    (0)    1 :  0.941 0.005 0.005 0.009 0.005 0.016 0.010 0.009     (0.746,1.000) (0.000,0.026) (0.000,0.031) (0.000,0.054) (0.000,0.028) (0.000,0.103) (0.000,0.055) (0.000,0.052) 
 81      229    (0)    1 :  0.027 0.041 0.060 0.069 0.023 0.302 0.037 0.441     (0.000,0.185) (0.000,0.272) (0.000,0.436) (0.000,0.416) (0.000,0.161) (0.000,0.999) (0.000,0.265) (0.000,0.979) 
 82      230    (0)    1 :  0.041 0.045 0.033 0.028 0.017 0.127 0.021 0.688     (0.000,0.294) (0.000,0.285) (0.000,0.236) (0.000,0.148) (0.000,0.121) (0.000,0.952) (0.000,0.126) (0.000,1.000) 
 83      232    (0)    1 :  0.146 0.083 0.307 0.229 0.019 0.118 0.024 0.075     (0.000,0.631) (0.000,0.491) (0.000,0.759) (0.000,0.864) (0.000,0.124) (0.000,0.752) (0.000,0.157) (0.000,0.498) 
 84      238    (0)    1 :  0.007 0.087 0.008 0.058 0.026 0.481 0.302 0.031     (0.000,0.038) (0.000,0.463) (0.000,0.043) (0.000,0.399) (0.000,0.193) (0.000,1.000) (0.000,0.969) (0.000,0.227) 
 85      242    (0)    1 :  0.006 0.004 0.004 0.008 0.008 0.023 0.939 0.007     (0.000,0.036) (0.000,0.024) (0.000,0.023) (0.000,0.044) (0.000,0.047) (0.000,0.098) (0.752,1.000) (0.000,0.041) 
 86      243    (0)    1 :  0.025 0.022 0.009 0.095 0.017 0.201 0.622 0.010     (0.000,0.186) (0.000,0.155) (0.000,0.052) (0.000,0.526) (0.000,0.110) (0.000,0.987) (0.000,1.000) (0.000,0.060) 
 87      244    (0)    1 :  0.007 0.146 0.010 0.017 0.007 0.399 0.399 0.014     (0.000,0.041) (0.000,0.600) (0.000,0.063) (0.000,0.107) (0.000,0.039) (0.000,1.000) (0.000,0.994) (0.000,0.092) 
 88      251    (0)    1 :  0.010 0.027 0.101 0.043 0.012 0.472 0.304 0.032     (0.000,0.063) (0.000,0.167) (0.000,0.531) (0.000,0.315) (0.000,0.070) (0.000,1.000) (0.000,0.986) (0.000,0.222) 
 89      266    (0)    1 :  0.011 0.378 0.006 0.136 0.012 0.323 0.123 0.011     (0.000,0.072) (0.000,0.859) (0.000,0.037) (0.000,0.679) (0.000,0.073) (0.000,0.994) (0.000,0.549) (0.000,0.067) 
 90      267    (0)    1 :  0.049 0.012 0.007 0.066 0.751 0.077 0.019 0.020     (0.000,0.321) (0.000,0.072) (0.000,0.039) (0.000,0.446) (0.218,1.000) (0.000,0.511) (0.000,0.125) (0.000,0.135) 
 91      268    (0)    1 :  0.007 0.392 0.039 0.274 0.091 0.182 0.009 0.005     (0.000,0.042) (0.000,0.996) (0.000,0.275) (0.000,0.994) (0.000,0.583) (0.000,0.916) (0.000,0.050) (0.000,0.029) 
 92      270    (0)    1 :  0.026 0.007 0.025 0.034 0.013 0.012 0.011 0.872     (0.000,0.184) (0.000,0.036) (0.000,0.175) (0.000,0.237) (0.000,0.085) (0.000,0.065) (0.000,0.059) (0.448,1.000) 
 93      276    (0)    1 :  0.278 0.047 0.024 0.138 0.037 0.040 0.017 0.420     (0.000,0.808) (0.000,0.329) (0.000,0.171) (0.000,0.800) (0.000,0.270) (0.000,0.287) (0.000,0.106) (0.000,0.999) 
 94      298    (7)    1 :  0.022 0.217 0.015 0.066 0.602 0.057 0.014 0.009     (0.000,0.158) (0.000,0.867) (0.000,0.099) (0.000,0.472) (0.000,0.999) (0.000,0.422) (0.000,0.087) (0.000,0.048) 
 95      306    (0)    1 :  0.011 0.079 0.006 0.583 0.016 0.276 0.018 0.010     (0.000,0.073) (0.000,0.469) (0.000,0.035) (0.000,1.000) (0.000,0.101) (0.000,0.964) (0.000,0.117) (0.000,0.062) 
 96      308    (0)    1 :  0.009 0.640 0.083 0.061 0.091 0.064 0.037 0.014     (0.000,0.053) (0.000,1.000) (0.000,0.414) (0.000,0.420) (0.000,0.550) (0.000,0.444) (0.000,0.266) (0.000,0.091) 
 97      311    (7)    1 :  0.009 0.023 0.019 0.302 0.196 0.357 0.060 0.035     (0.000,0.053) (0.000,0.144) (0.000,0.130) (0.000,0.995) (0.000,0.920) (0.000,1.000) (0.000,0.405) (0.000,0.253) 
 98      323    (0)    1 :  0.954 0.005 0.005 0.006 0.007 0.006 0.009 0.008     (0.796,1.000) (0.000,0.027) (0.000,0.028) (0.000,0.033) (0.000,0.045) (0.000,0.035) (0.000,0.051) (0.000,0.047) 
 99      327    (0)    1 :  0.024 0.008 0.245 0.028 0.012 0.055 0.019 0.609     (0.000,0.166) (0.000,0.045) (0.000,0.729) (0.000,0.207) (0.000,0.071) (0.000,0.384) (0.000,0.129) (0.000,0.998) 
100      334    (0)    1 :  0.005 0.013 0.010 0.025 0.019 0.428 0.485 0.014     (0.000,0.027) (0.000,0.083) (0.000,0.056) (0.000,0.166) (0.000,0.130) (0.000,1.000) (0.000,1.000) (0.000,0.076) 
101      338    (0)    1 :  0.032 0.041 0.031 0.286 0.305 0.240 0.019 0.045     (0.000,0.239) (0.000,0.297) (0.000,0.222) (0.000,0.966) (0.000,0.985) (0.000,0.984) (0.000,0.119) (0.000,0.334) 
102      341    (0)    1 :  0.918 0.006 0.007 0.023 0.007 0.018 0.012 0.008     (0.661,1.000) (0.000,0.034) (0.000,0.043) (0.000,0.159) (0.000,0.038) (0.000,0.125) (0.000,0.076) (0.000,0.047) 
103      346    (0)    1 :  0.012 0.254 0.046 0.454 0.006 0.211 0.007 0.010     (0.000,0.073) (0.000,0.994) (0.000,0.323) (0.000,1.000) (0.000,0.033) (0.000,0.986) (0.000,0.038) (0.000,0.054) 
104      348    (0)    1 :  0.009 0.285 0.007 0.062 0.583 0.028 0.017 0.009     (0.000,0.052) (0.000,0.906) (0.000,0.041) (0.000,0.432) (0.000,0.999) (0.000,0.168) (0.000,0.113) (0.000,0.053) 
105      351    (0)    1 :  0.015 0.013 0.053 0.246 0.010 0.367 0.287 0.010     (0.000,0.097) (0.000,0.076) (0.000,0.340) (0.000,0.992) (0.000,0.056) (0.000,0.999) (0.000,0.993) (0.000,0.060) 
106      362    (0)    1 :  0.140 0.006 0.056 0.009 0.007 0.009 0.006 0.767     (0.000,0.871) (0.000,0.032) (0.000,0.408) (0.000,0.052) (0.000,0.043) (0.000,0.049) (0.000,0.036) (0.000,1.000) 
107      364    (0)    1 :  0.012 0.014 0.013 0.031 0.009 0.041 0.875 0.006     (0.000,0.074) (0.000,0.089) (0.000,0.083) (0.000,0.223) (0.000,0.052) (0.000,0.261) (0.528,1.000) (0.000,0.034) 
108      366    (0)    1 :  0.012 0.011 0.008 0.020 0.024 0.056 0.851 0.018     (0.000,0.078) (0.000,0.059) (0.000,0.047) (0.000,0.144) (0.000,0.162) (0.000,0.397) (0.372,1.000) (0.000,0.119) 
109      376    (0)    1 :  0.910 0.017 0.014 0.015 0.004 0.010 0.006 0.023     (0.656,1.000) (0.000,0.116) (0.000,0.093) (0.000,0.107) (0.000,0.020) (0.000,0.060) (0.000,0.033) (0.000,0.161) 
110      377    (7)    1 :  0.026 0.017 0.299 0.157 0.062 0.066 0.015 0.357     (0.000,0.186) (0.000,0.096) (0.000,0.878) (0.000,0.926) (0.000,0.358) (0.000,0.482) (0.000,0.090) (0.000,0.968) 
111      378    (0)    1 :  0.016 0.016 0.925 0.014 0.006 0.010 0.005 0.007     (0.000,0.111) (0.000,0.112) (0.707,1.000) (0.000,0.094) (0.000,0.035) (0.000,0.060) (0.000,0.026) (0.000,0.037) 
112      388    (0)    1 :  0.013 0.014 0.033 0.167 0.576 0.162 0.019 0.015     (0.000,0.084) (0.000,0.089) (0.000,0.243) (0.000,0.873) (0.000,1.000) (0.000,0.882) (0.000,0.129) (0.000,0.096) 
113      391    (0)    1 :  0.484 0.014 0.170 0.190 0.015 0.106 0.014 0.008     (0.000,0.892) (0.000,0.087) (0.000,0.526) (0.000,0.758) (0.000,0.095) (0.000,0.639) (0.000,0.081) (0.000,0.046) 
114      401    (0)    1 :  0.099 0.152 0.012 0.059 0.007 0.318 0.102 0.251     (0.000,0.577) (0.000,0.587) (0.000,0.072) (0.000,0.439) (0.000,0.041) (0.000,0.999) (0.000,0.583) (0.000,0.749) 
115      406    (0)    1 :  0.104 0.033 0.017 0.471 0.065 0.251 0.043 0.015     (0.000,0.604) (0.000,0.231) (0.000,0.113) (0.000,1.000) (0.000,0.443) (0.000,0.985) (0.000,0.299) (0.000,0.098) 
116      412    (7)    1 :  0.025 0.038 0.032 0.607 0.049 0.195 0.020 0.034     (0.000,0.179) (0.000,0.265) (0.000,0.228) (0.000,1.000) (0.000,0.365) (0.000,0.987) (0.000,0.118) (0.000,0.250) 
117      413    (0)    1 :  0.005 0.486 0.009 0.304 0.030 0.098 0.035 0.032     (0.000,0.028) (0.000,1.000) (0.000,0.056) (0.000,0.998) (0.000,0.218) (0.000,0.798) (0.000,0.250) (0.000,0.230) 
118      421    (0)    1 :  0.021 0.032 0.010 0.159 0.017 0.046 0.015 0.699     (0.000,0.147) (0.000,0.235) (0.000,0.061) (0.000,0.942) (0.000,0.117) (0.000,0.306) (0.000,0.093) (0.000,1.000) 
119      423    (0)    1 :  0.016 0.011 0.010 0.169 0.041 0.040 0.023 0.690     (0.000,0.112) (0.000,0.066) (0.000,0.058) (0.000,0.986) (0.000,0.302) (0.000,0.234) (0.000,0.153) (0.000,1.000) 
120      424    (0)    1 :  0.227 0.032 0.023 0.476 0.021 0.183 0.024 0.012     (0.000,0.943) (0.000,0.228) (0.000,0.160) (0.000,1.000) (0.000,0.142) (0.000,0.971) (0.000,0.163) (0.000,0.076) 
121      426    (0)    1 :  0.109 0.024 0.677 0.053 0.011 0.067 0.028 0.031     (0.000,0.538) (0.000,0.169) (0.092,0.999) (0.000,0.368) (0.000,0.063) (0.000,0.474) (0.000,0.194) (0.000,0.220) 
122      430    (7)    1 :  0.025 0.129 0.014 0.598 0.024 0.192 0.006 0.012     (0.000,0.169) (0.000,0.728) (0.000,0.088) (0.000,1.000) (0.000,0.154) (0.000,0.971) (0.000,0.035) (0.000,0.073) 
123      435    (0)    1 :  0.005 0.773 0.013 0.157 0.027 0.012 0.005 0.007     (0.000,0.028) (0.000,1.000) (0.000,0.081) (0.000,0.845) (0.000,0.186) (0.000,0.071) (0.000,0.025) (0.000,0.040) 
124      476    (0)    1 :  0.761 0.021 0.013 0.014 0.005 0.025 0.028 0.132     (0.340,1.000) (0.000,0.151) (0.000,0.092) (0.000,0.091) (0.000,0.028) (0.000,0.181) (0.000,0.190) (0.000,0.578) 
125      478    (0)    1 :  0.701 0.007 0.015 0.029 0.009 0.022 0.026 0.191     (0.266,0.997) (0.000,0.038) (0.000,0.097) (0.000,0.203) (0.000,0.060) (0.000,0.151) (0.000,0.186) (0.000,0.640) 
126      484    (0)    1 :  0.018 0.037 0.010 0.222 0.548 0.151 0.007 0.007     (0.000,0.124) (0.000,0.268) (0.000,0.058) (0.000,0.774) (0.002,0.998) (0.000,0.740) (0.000,0.037) (0.000,0.043) 
127      489    (0)    1 :  0.007 0.010 0.555 0.161 0.176 0.031 0.006 0.053     (0.000,0.043) (0.000,0.048) (0.000,0.998) (0.000,0.959) (0.000,0.590) (0.000,0.184) (0.000,0.032) (0.000,0.392) 
128      493    (0)    1 :  0.008 0.008 0.012 0.015 0.007 0.026 0.916 0.008     (0.000,0.044) (0.000,0.048) (0.000,0.077) (0.000,0.102) (0.000,0.043) (0.000,0.149) (0.664,1.000) (0.000,0.049) 
129      494    (0)    1 :  0.011 0.008 0.040 0.010 0.008 0.118 0.783 0.021     (0.000,0.070) (0.000,0.051) (0.000,0.281) (0.000,0.057) (0.000,0.051) (0.000,0.950) (0.000,1.000) (0.000,0.148) 
130      500    (0)    1 :  0.065 0.004 0.009 0.009 0.005 0.012 0.009 0.886     (0.000,0.456) (0.000,0.024) (0.000,0.056) (0.000,0.045) (0.000,0.026) (0.000,0.055) (0.000,0.052) (0.451,1.000) 
131      504    (0)    1 :  0.013 0.020 0.068 0.076 0.595 0.122 0.044 0.062     (0.000,0.083) (0.000,0.140) (0.000,0.360) (0.000,0.526) (0.000,0.997) (0.000,0.724) (0.000,0.300) (0.000,0.377) 
132      506    (0)    1 :  0.014 0.004 0.005 0.008 0.935 0.007 0.005 0.021     (0.000,0.091) (0.000,0.022) (0.000,0.028) (0.000,0.044) (0.700,1.000) (0.000,0.038) (0.000,0.030) (0.000,0.144) 


Estimated Allele Frequencies in each cluster
First column gives estimated ancestral frequencies


Locus 1 : Rsu5 
5 alleles
0.0% missing data
 137   (0.733) 0.968 0.796 0.904 0.874 0.392 0.792 0.643 0.962 
 135   (0.087) 0.018 0.046 0.042 0.072 0.016 0.080 0.123 0.009 
 139   (0.110) 0.010 0.076 0.049 0.038 0.013 0.087 0.193 0.023 
 133   (0.023) 0.002 0.003 0.002 0.003 0.002 0.013 0.028 0.002 
 131   (0.047) 0.003 0.079 0.003 0.013 0.577 0.028 0.013 0.004 

Locus 2 : Scv1 
5 alleles
0.0% missing data
 181   (0.533) 0.955 0.351 0.800 0.365 0.364 0.466 0.695 0.602 
 179   (0.187) 0.017 0.242 0.079 0.263 0.097 0.259 0.156 0.135 
 177   (0.117) 0.015 0.066 0.108 0.250 0.210 0.159 0.060 0.018 
 185   (0.134) 0.010 0.337 0.010 0.118 0.326 0.094 0.059 0.242 
 171   (0.030) 0.002 0.004 0.003 0.004 0.003 0.022 0.030 0.003 

Locus 3 : Rsu4 
9 alleles
0.0% missing data
 267   (0.206) 0.140 0.084 0.089 0.069 0.158 0.156 0.308 0.278 
 263   (0.323) 0.519 0.436 0.800 0.497 0.350 0.337 0.251 0.227 
 259   (0.052) 0.219 0.007 0.041 0.047 0.006 0.029 0.015 0.221 
 287   (0.170) 0.103 0.066 0.039 0.283 0.168 0.268 0.131 0.225 
 275   (0.039) 0.003 0.010 0.003 0.006 0.004 0.025 0.127 0.003 
 279   (0.073) 0.006 0.243 0.012 0.019 0.010 0.064 0.062 0.010 
 283   (0.075) 0.005 0.146 0.006 0.069 0.297 0.075 0.042 0.007 
 291   (0.038) 0.003 0.005 0.008 0.007 0.004 0.029 0.020 0.027 
 271   (0.026) 0.002 0.003 0.002 0.003 0.003 0.016 0.043 0.002 

Locus 4 : Rsu6 
5 alleles
0.0% missing data
 120   (0.246) 0.279 0.212 0.542 0.319 0.065 0.299 0.207 0.252 
 126   (0.611) 0.566 0.768 0.383 0.656 0.917 0.608 0.628 0.517 
 124   (0.093) 0.152 0.014 0.071 0.016 0.013 0.066 0.058 0.211 
 130   (0.028) 0.002 0.003 0.002 0.003 0.003 0.014 0.100 0.002 
 114   (0.022) 0.002 0.003 0.002 0.006 0.003 0.012 0.007 0.018 

Locus 5 : Scv23 
3 alleles
0.8% missing data
 158   (0.534) 0.372 0.584 0.477 0.548 0.795 0.511 0.459 0.743 
 164   (0.177) 0.438 0.029 0.074 0.183 0.113 0.214 0.277 0.052 
 160   (0.289) 0.190 0.387 0.449 0.269 0.092 0.275 0.264 0.204 

Locus 6 : Scv13 
5 alleles
0.0% missing data
 182   (0.719) 0.804 0.581 0.974 0.903 0.895 0.786 0.702 0.906 
 180   (0.094) 0.167 0.015 0.012 0.025 0.010 0.070 0.106 0.068 
 172   (0.080) 0.006 0.265 0.006 0.040 0.080 0.065 0.051 0.008 
 184   (0.066) 0.020 0.014 0.005 0.019 0.010 0.048 0.124 0.014 
 174   (0.040) 0.003 0.125 0.003 0.014 0.004 0.030 0.017 0.004 

Locus 7 : Scv32 
18 alleles
0.0% missing data
 236   (0.035) 0.002 0.005 0.002 0.005 0.004 0.028 0.137 0.003 
 238   (0.044) 0.003 0.010 0.005 0.124 0.077 0.116 0.025 0.004 
 234   (0.133) 0.349 0.627 0.072 0.350 0.074 0.201 0.059 0.020 
 246   (0.048) 0.312 0.011 0.007 0.026 0.008 0.029 0.014 0.177 
 248   (0.093) 0.007 0.012 0.417 0.069 0.021 0.084 0.122 0.136 
 262   (0.111) 0.021 0.037 0.177 0.114 0.033 0.116 0.048 0.257 
 232   (0.179) 0.145 0.075 0.015 0.133 0.490 0.134 0.384 0.139 
 250   (0.031) 0.005 0.004 0.268 0.014 0.003 0.026 0.009 0.003 
 228   (0.025) 0.002 0.004 0.002 0.004 0.003 0.022 0.021 0.003 
 220   (0.044) 0.075 0.006 0.006 0.008 0.005 0.031 0.014 0.215 
 264   (0.052) 0.043 0.019 0.006 0.072 0.006 0.064 0.055 0.007 
 252   (0.043) 0.003 0.085 0.004 0.008 0.094 0.027 0.013 0.014 
 254   (0.048) 0.003 0.085 0.005 0.025 0.083 0.046 0.023 0.004 
 242   (0.023) 0.002 0.003 0.002 0.003 0.002 0.015 0.041 0.002 
 266   (0.028) 0.002 0.005 0.002 0.023 0.040 0.024 0.009 0.003 
 244   (0.024) 0.002 0.003 0.007 0.020 0.052 0.014 0.008 0.008 
 226   (0.020) 0.024 0.003 0.001 0.003 0.002 0.011 0.006 0.002 
 240   (0.019) 0.001 0.005 0.001 0.002 0.002 0.013 0.014 0.002 

Locus 8 : Scv8 
6 alleles
0.0% missing data
 200   (0.635) 0.842 0.397 0.830 0.722 0.615 0.731 0.636 0.685 
 202   (0.090) 0.006 0.051 0.007 0.071 0.078 0.081 0.181 0.009 
 194   (0.089) 0.139 0.120 0.018 0.130 0.010 0.059 0.037 0.105 
 204   (0.051) 0.004 0.008 0.131 0.012 0.006 0.037 0.021 0.035 
 198   (0.068) 0.005 0.013 0.009 0.035 0.008 0.046 0.089 0.160 
 188   (0.068) 0.004 0.411 0.005 0.030 0.283 0.046 0.036 0.006 

Locus 9 : Scv9 
5 alleles
0.0% missing data
 198   (0.295) 0.425 0.507 0.498 0.499 0.283 0.439 0.181 0.099 
 200   (0.353) 0.374 0.121 0.386 0.137 0.335 0.261 0.544 0.541 
 196   (0.285) 0.036 0.255 0.111 0.352 0.370 0.261 0.256 0.354 
 204   (0.045) 0.164 0.092 0.004 0.008 0.008 0.027 0.013 0.004 
 202   (0.022) 0.001 0.025 0.002 0.004 0.004 0.012 0.006 0.002 

Locus 10 : Rsu1 
6 alleles
0.0% missing data
 189   (0.300) 0.479 0.293 0.049 0.232 0.090 0.289 0.526 0.064 
 185   (0.270) 0.160 0.148 0.056 0.478 0.796 0.366 0.191 0.233 
 177   (0.083) 0.011 0.036 0.011 0.025 0.065 0.060 0.036 0.143 
 181   (0.243) 0.049 0.508 0.829 0.227 0.038 0.223 0.217 0.203 
 193   (0.061) 0.074 0.008 0.051 0.027 0.006 0.039 0.018 0.266 
 197   (0.043) 0.225 0.005 0.004 0.010 0.004 0.023 0.012 0.092 

Locus 11 : Scv14 
7 alleles
4.5% missing data
 196   (0.527) 0.924 0.667 0.916 0.569 0.622 0.470 0.483 0.786 
 198   (0.077) 0.006 0.046 0.008 0.153 0.025 0.158 0.101 0.007 
 194   (0.138) 0.022 0.180 0.043 0.091 0.056 0.100 0.208 0.076 
 202   (0.194) 0.043 0.090 0.021 0.175 0.291 0.229 0.171 0.121 
 204   (0.021) 0.002 0.003 0.002 0.003 0.002 0.013 0.020 0.002 
 190   (0.022) 0.002 0.003 0.008 0.004 0.002 0.015 0.008 0.006 
 200   (0.021) 0.002 0.011 0.002 0.005 0.002 0.015 0.009 0.002 

Locus 12 : Scv16 
7 alleles
0.0% missing data
 182   (0.414) 0.218 0.577 0.794 0.597 0.283 0.479 0.235 0.564 
 184   (0.412) 0.762 0.183 0.192 0.339 0.662 0.408 0.552 0.279 
 188   (0.058) 0.012 0.007 0.004 0.026 0.007 0.031 0.154 0.146 
 200   (0.021) 0.001 0.003 0.001 0.003 0.002 0.012 0.026 0.002 
 198   (0.039) 0.003 0.144 0.004 0.024 0.021 0.033 0.011 0.004 
 190   (0.034) 0.003 0.083 0.003 0.008 0.022 0.023 0.010 0.003 
 186   (0.022) 0.001 0.004 0.001 0.003 0.003 0.015 0.012 0.002 

Locus 13 : Scv31 
15 alleles
3.0% missing data
 193   (0.121) 0.016 0.044 0.631 0.149 0.112 0.203 0.079 0.028 
 201   (0.111) 0.022 0.016 0.080 0.022 0.070 0.081 0.231 0.050 
 187   (0.090) 0.294 0.012 0.055 0.018 0.145 0.057 0.028 0.304 
 207   (0.033) 0.366 0.004 0.002 0.011 0.004 0.018 0.009 0.032 
 195   (0.061) 0.007 0.023 0.021 0.077 0.247 0.038 0.018 0.113 
 185   (0.171) 0.222 0.282 0.017 0.376 0.131 0.293 0.124 0.029 
 189   (0.056) 0.004 0.007 0.150 0.007 0.006 0.031 0.235 0.005 
 205   (0.021) 0.001 0.004 0.002 0.003 0.003 0.015 0.012 0.002 
 191   (0.151) 0.054 0.514 0.026 0.301 0.019 0.138 0.055 0.355 
 197   (0.023) 0.004 0.003 0.003 0.004 0.208 0.014 0.007 0.003 
 199   (0.056) 0.004 0.075 0.004 0.008 0.045 0.037 0.067 0.006 
 203   (0.025) 0.002 0.003 0.002 0.003 0.003 0.014 0.073 0.002 
 209   (0.030) 0.002 0.006 0.003 0.009 0.003 0.025 0.026 0.003 
 213   (0.028) 0.002 0.004 0.002 0.004 0.003 0.022 0.029 0.003 
 181   (0.024) 0.003 0.003 0.002 0.007 0.003 0.013 0.007 0.063 

Locus 14 : Scv6 
8 alleles
0.0% missing data
 191   (0.100) 0.007 0.013 0.259 0.019 0.019 0.068 0.206 0.190 
 195   (0.370) 0.661 0.217 0.414 0.482 0.621 0.431 0.290 0.490 
 197   (0.216) 0.279 0.324 0.295 0.179 0.227 0.218 0.114 0.280 
 201   (0.085) 0.006 0.124 0.010 0.055 0.010 0.089 0.132 0.008 
 205   (0.023) 0.001 0.003 0.002 0.003 0.002 0.012 0.053 0.002 
 193   (0.095) 0.007 0.188 0.007 0.106 0.082 0.089 0.117 0.010 
 199   (0.086) 0.038 0.129 0.011 0.153 0.036 0.079 0.038 0.018 
 181   (0.025) 0.002 0.003 0.002 0.003 0.003 0.014 0.049 0.002 

Values of parameters used in structure:
DATAFILE=M:\STRUCTURE\Squirrel_132_ID_14L_20250816\project_data,	OUTFILE=M:\STRUCTURE\Squirrel_132_ID_14L_20250816\10k_Burnin_100k_MCMC\Results\10k_Burnin_100k_MCMC_run_186,	NUMINDS=132,	NUMLOCI=14,	MISSING=-9,	LABEL=1,	POPDATA=1,	POPFLAG=0,	PHENOTYPE=0,	EXTRACOLS=1,	MAXPOPS=8,	BURNIN=10000,	NUMREPS=100000,	USEPOPINFO=0,	INFERALPHA=1,	INFERLAMBDA=1,	POPSPECIFICLAMBDA=0,	POPALPHAS=0,	COMPUTEPROB=1,	NOADMIX=0,	ADMBURNIN=2500,	UPDATEFREQ=1,	PRINTLIKES=0,	INTERMEDSAVE=0,	PRINTKLD=0,	PRINTNET=0,	PRINTLAMBDA=0,	ANCESTDIST=1,	NUMBOXES=1000,	ANCESTPINT=0.90000,	GENSBACK=2,	MIGRPRIOR=0.05000,	PRINTQHAT=1,	PRINTQSUM=0,	ALPHA=1.0000,	FREQSCORR=1,	FPRIORMEAN=0.0100,	FPRIORSD=0.0500,	ONEFST=0,	LAMBDA=1.0000,	UNIFPRIORALPHA=1,	ALPHAMAX=10.0000,	ALPHAPRIORA=1.0000,	ALPHAPRIORB=2.0000,	ALPHAPROPSD=0.0250,	STARTATPOPINFO=0,	RANDOMIZE=1,	LINKAGE=0,	METROFREQ=10,	REPORTHITRATE=0,	MARKOVPHASE=-1,	PHASED=0,	PLOIDY=2,	PHASEINFO=0	LOCPRIOR=0, 	LOCPRIORINIT=1.000000, 	LOCDATA=0, 	LOCISPOP=0, 	LOCPRIORSTEP=0.100000, 	MAXLOCPRIOR=20.000000, 	SEED=1763827941,	
[STRAT parameters]:    NUMSIMSTATS=1000,	PHENOTYPECOL=-9,	POOLFREQ=10,	LOCUSxONLY=0,	EMERROR=0.00100,	MISSINGPHENO=-9,	