

----------------------------------------------------
STRUCTURE by Pritchard, Stephens and Donnelly (2000)
     and Falush, Stephens and Pritchard (2003)
       Code by Pritchard, Falush and Hubisz
             Version 2.3.4 (Jul 2012)
----------------------------------------------------



Command line arguments:   bin\structure -m M:\STRUCTURE\Squirrel_132_ID_14L_20250816\10k_Burnin_100k_MCMC\mainparams -e M:\STRUCTURE\Squirrel_132_ID_14L_20250816\10k_Burnin_100k_MCMC\extraparams 
Input File:    M:\STRUCTURE\Squirrel_132_ID_14L_20250816\project_data

Run parameters:
   132 individuals
   14 loci
   10 populations assumed
   10000 Burn-in period
   100000 Reps


--------------------------------------------
Proportion of membership of each pre-defined
 population in each of the 10 clusters

Given    Inferred Clusters                                                        Number of
 Pop       1      2      3      4      5      6      7      8      9     10      Individuals

  1:     0.086  0.082  0.133  0.088  0.094  0.151  0.102  0.098  0.084  0.081      132
--------------------------------------------

Allele-freq. divergence among pops (Net nucleotide distance),
computed using point estimates of P.

      1       2       3       4       5       6       7       8       9      10      
 1      -    0.0160  0.0825  0.1075  0.0927  0.0688  0.0746  0.0679  0.0108  0.0127  
 2   0.0160     -    0.0881  0.0912  0.1040  0.0482  0.0680  0.0672  0.0245  0.0050  
 3   0.0825  0.0881     -    0.1546  0.1258  0.0791  0.0767  0.1384  0.0641  0.0726  
 4   0.1075  0.0912  0.1546     -    0.2225  0.1313  0.1146  0.1647  0.0966  0.0906  
 5   0.0927  0.1040  0.1258  0.2225     -    0.0947  0.1261  0.1340  0.0817  0.0940  
 6   0.0688  0.0482  0.0791  0.1313  0.0947     -    0.0712  0.1101  0.0495  0.0456  
 7   0.0746  0.0680  0.0767  0.1146  0.1261  0.0712     -    0.1147  0.0400  0.0469  
 8   0.0679  0.0672  0.1384  0.1647  0.1340  0.1101  0.1147     -    0.0661  0.0570  
 9   0.0108  0.0245  0.0641  0.0966  0.0817  0.0495  0.0400  0.0661     -    0.0117  
10   0.0127  0.0050  0.0726  0.0906  0.0940  0.0456  0.0469  0.0570  0.0117     -    

Average distances (expected heterozygosity) between individuals in same cluster:
cluster  1  : 0.5637 
cluster  2  : 0.5789 
cluster  3  : 0.4537 
cluster  4  : 0.4703 
cluster  5  : 0.3935 
cluster  6  : 0.5384 
cluster  7  : 0.6353 
cluster  8  : 0.5801 
cluster  9  : 0.6329 
cluster 10  : 0.6242 

--------------------------------------------
Estimated Ln Prob of Data   = -4226.8
Mean value of ln likelihood = -3867.2
Variance of ln likelihood   = 719.1
Mean value of alpha         = 0.0442

Mean value of lambda        = 0.9278

Mean value of Fst_1         = 0.2774
Mean value of Fst_2         = 0.2514
Mean value of Fst_3         = 0.3095
Mean value of Fst_4         = 0.3406
Mean value of Fst_5         = 0.3844
Mean value of Fst_6         = 0.2176
Mean value of Fst_7         = 0.1145
Mean value of Fst_8         = 0.2315
Mean value of Fst_9         = 0.1214
Mean value of Fst_10         = 0.1542


Inferred ancestry of individuals:
        Label (%Miss) Pop:  Inferred clusters (and 90% probability intervals)
  1       1*    (0)    1 :  0.150 0.015 0.014 0.007 0.030 0.010 0.588 0.005 0.127 0.055     (0.000,0.572) (0.000,0.082) (0.000,0.087) (0.000,0.039) (0.000,0.221) (0.000,0.057) (0.000,0.990) (0.000,0.025) (0.000,0.617) (0.000,0.461) 
  2        3    (0)    1 :  0.008 0.007 0.940 0.010 0.006 0.007 0.005 0.004 0.006 0.007     (0.000,0.046) (0.000,0.039) (0.758,1.000) (0.000,0.065) (0.000,0.032) (0.000,0.038) (0.000,0.028) (0.000,0.022) (0.000,0.032) (0.000,0.037) 
  3        6    (0)    1 :  0.020 0.015 0.885 0.010 0.008 0.020 0.005 0.010 0.013 0.014     (0.000,0.138) (0.000,0.098) (0.581,1.000) (0.000,0.059) (0.000,0.045) (0.000,0.140) (0.000,0.028) (0.000,0.061) (0.000,0.080) (0.000,0.093) 
  4        8    (0)    1 :  0.005 0.103 0.010 0.012 0.024 0.805 0.016 0.004 0.011 0.010     (0.000,0.027) (0.000,0.853) (0.000,0.053) (0.000,0.078) (0.000,0.171) (0.000,1.000) (0.000,0.107) (0.000,0.019) (0.000,0.057) (0.000,0.052) 
  5       10    (0)    1 :  0.004 0.006 0.009 0.004 0.912 0.041 0.006 0.004 0.007 0.007     (0.000,0.024) (0.000,0.029) (0.000,0.056) (0.000,0.019) (0.645,1.000) (0.000,0.276) (0.000,0.036) (0.000,0.023) (0.000,0.040) (0.000,0.035) 
  6       11    (0)    1 :  0.042 0.077 0.019 0.008 0.014 0.033 0.115 0.023 0.391 0.278     (0.000,0.264) (0.000,0.662) (0.000,0.137) (0.000,0.045) (0.000,0.093) (0.000,0.240) (0.000,0.781) (0.000,0.148) (0.000,0.999) (0.000,0.997) 
  7       12    (0)    1 :  0.007 0.006 0.007 0.004 0.950 0.005 0.005 0.005 0.006 0.005     (0.000,0.037) (0.000,0.030) (0.000,0.037) (0.000,0.022) (0.793,1.000) (0.000,0.028) (0.000,0.025) (0.000,0.027) (0.000,0.033) (0.000,0.029) 
  8       16    (7)    1 :  0.007 0.008 0.934 0.004 0.008 0.016 0.006 0.005 0.006 0.006     (0.000,0.038) (0.000,0.042) (0.731,1.000) (0.000,0.024) (0.000,0.046) (0.000,0.107) (0.000,0.033) (0.000,0.028) (0.000,0.032) (0.000,0.035) 
  9       18    (0)    1 :  0.006 0.007 0.007 0.007 0.006 0.009 0.940 0.004 0.007 0.007     (0.000,0.031) (0.000,0.042) (0.000,0.039) (0.000,0.041) (0.000,0.037) (0.000,0.052) (0.757,1.000) (0.000,0.020) (0.000,0.034) (0.000,0.036) 
 10       19    (0)    1 :  0.009 0.022 0.012 0.019 0.010 0.028 0.065 0.035 0.438 0.362     (0.000,0.049) (0.000,0.124) (0.000,0.077) (0.000,0.117) (0.000,0.060) (0.000,0.192) (0.000,0.512) (0.000,0.254) (0.000,0.999) (0.000,0.999) 
 11       21    (7)    1 :  0.009 0.008 0.913 0.005 0.007 0.029 0.006 0.007 0.008 0.008     (0.000,0.051) (0.000,0.045) (0.665,1.000) (0.000,0.028) (0.000,0.042) (0.000,0.198) (0.000,0.031) (0.000,0.039) (0.000,0.043) (0.000,0.045) 
 12       23    (7)    1 :  0.264 0.070 0.017 0.007 0.370 0.017 0.010 0.032 0.147 0.065     (0.000,0.974) (0.000,0.472) (0.000,0.112) (0.000,0.040) (0.000,0.902) (0.000,0.117) (0.000,0.063) (0.000,0.231) (0.000,0.948) (0.000,0.444) 
 13       24    (7)    1 :  0.017 0.016 0.012 0.007 0.384 0.075 0.060 0.025 0.243 0.162     (0.000,0.109) (0.000,0.092) (0.000,0.079) (0.000,0.037) (0.000,0.939) (0.000,0.483) (0.000,0.416) (0.000,0.177) (0.000,0.977) (0.000,0.927) 
 14       25    (7)    1 :  0.211 0.036 0.043 0.005 0.402 0.096 0.013 0.005 0.152 0.037     (0.000,0.799) (0.000,0.260) (0.000,0.280) (0.000,0.025) (0.000,0.877) (0.000,0.409) (0.000,0.079) (0.000,0.030) (0.000,0.759) (0.000,0.266) 
 15      26*    (0)    1 :  0.014 0.013 0.224 0.007 0.234 0.423 0.016 0.004 0.039 0.025     (0.000,0.092) (0.000,0.063) (0.000,0.765) (0.000,0.037) (0.000,0.690) (0.000,0.983) (0.000,0.107) (0.000,0.024) (0.000,0.286) (0.000,0.176) 
 16       28    (0)    1 :  0.013 0.077 0.041 0.005 0.173 0.655 0.006 0.006 0.015 0.009     (0.000,0.083) (0.000,0.716) (0.000,0.317) (0.000,0.031) (0.000,0.905) (0.000,1.000) (0.000,0.031) (0.000,0.036) (0.000,0.091) (0.000,0.053) 
 17       29    (0)    1 :  0.006 0.008 0.006 0.006 0.908 0.025 0.014 0.005 0.013 0.010     (0.000,0.032) (0.000,0.040) (0.000,0.032) (0.000,0.033) (0.640,1.000) (0.000,0.177) (0.000,0.098) (0.000,0.029) (0.000,0.071) (0.000,0.055) 
 18       30    (0)    1 :  0.021 0.028 0.157 0.287 0.224 0.141 0.019 0.006 0.057 0.060     (0.000,0.132) (0.000,0.185) (0.000,0.737) (0.000,0.642) (0.000,0.736) (0.000,0.698) (0.000,0.126) (0.000,0.034) (0.000,0.460) (0.000,0.493) 
 19       33    (0)    1 :  0.015 0.009 0.006 0.015 0.005 0.005 0.714 0.073 0.087 0.070     (0.000,0.097) (0.000,0.049) (0.000,0.031) (0.000,0.108) (0.000,0.029) (0.000,0.026) (0.000,1.000) (0.000,0.370) (0.000,0.849) (0.000,0.702) 
 20       37    (0)    1 :  0.012 0.009 0.010 0.007 0.048 0.009 0.868 0.009 0.015 0.014     (0.000,0.076) (0.000,0.054) (0.000,0.061) (0.000,0.039) (0.000,0.316) (0.000,0.049) (0.545,1.000) (0.000,0.055) (0.000,0.082) (0.000,0.070) 
 21       38    (0)    1 :  0.006 0.007 0.010 0.005 0.014 0.010 0.912 0.005 0.019 0.013     (0.000,0.032) (0.000,0.038) (0.000,0.061) (0.000,0.028) (0.000,0.094) (0.000,0.056) (0.651,1.000) (0.000,0.025) (0.000,0.098) (0.000,0.065) 
 22       43    (0)    1 :  0.012 0.020 0.029 0.007 0.767 0.123 0.008 0.006 0.015 0.012     (0.000,0.084) (0.000,0.142) (0.000,0.207) (0.000,0.041) (0.433,0.999) (0.000,0.474) (0.000,0.042) (0.000,0.036) (0.000,0.100) (0.000,0.079) 
 23       44    (0)    1 :  0.010 0.111 0.241 0.028 0.006 0.571 0.008 0.005 0.009 0.011     (0.000,0.045) (0.000,0.920) (0.000,0.644) (0.000,0.204) (0.000,0.036) (0.000,0.998) (0.000,0.041) (0.000,0.026) (0.000,0.041) (0.000,0.055) 
 24       48    (0)    1 :  0.006 0.006 0.010 0.007 0.007 0.006 0.941 0.003 0.007 0.007     (0.000,0.033) (0.000,0.034) (0.000,0.063) (0.000,0.037) (0.000,0.039) (0.000,0.032) (0.762,1.000) (0.000,0.018) (0.000,0.036) (0.000,0.038) 
 25       55    (0)    1 :  0.033 0.090 0.095 0.012 0.008 0.693 0.010 0.007 0.032 0.019     (0.000,0.240) (0.000,0.633) (0.000,0.511) (0.000,0.081) (0.000,0.044) (0.000,1.000) (0.000,0.059) (0.000,0.042) (0.000,0.235) (0.000,0.129) 
 26       59    (0)    1 :  0.006 0.007 0.940 0.009 0.005 0.008 0.007 0.004 0.007 0.007     (0.000,0.034) (0.000,0.040) (0.761,1.000) (0.000,0.059) (0.000,0.027) (0.000,0.049) (0.000,0.042) (0.000,0.022) (0.000,0.038) (0.000,0.040) 
 27       60    (0)    1 :  0.535 0.039 0.009 0.004 0.023 0.005 0.012 0.012 0.347 0.015     (0.000,1.000) (0.000,0.184) (0.000,0.053) (0.000,0.022) (0.000,0.169) (0.000,0.025) (0.000,0.078) (0.000,0.072) (0.000,0.999) (0.000,0.092) 
 28       61    (0)    1 :  0.156 0.089 0.014 0.056 0.007 0.015 0.008 0.517 0.061 0.076     (0.000,0.715) (0.000,0.588) (0.000,0.085) (0.000,0.354) (0.000,0.042) (0.000,0.097) (0.000,0.042) (0.000,0.987) (0.000,0.448) (0.000,0.531) 
 29       62    (0)    1 :  0.263 0.293 0.015 0.010 0.049 0.015 0.022 0.110 0.042 0.181     (0.000,0.987) (0.000,0.986) (0.000,0.094) (0.000,0.065) (0.000,0.341) (0.000,0.088) (0.000,0.149) (0.000,0.686) (0.000,0.292) (0.000,0.948) 
 30       65    (0)    1 :  0.013 0.019 0.005 0.019 0.006 0.009 0.775 0.014 0.079 0.060     (0.000,0.083) (0.000,0.123) (0.000,0.030) (0.000,0.135) (0.000,0.032) (0.000,0.053) (0.000,1.000) (0.000,0.097) (0.000,0.695) (0.000,0.453) 
 31       73    (0)    1 :  0.049 0.045 0.007 0.646 0.159 0.012 0.008 0.006 0.036 0.032     (0.000,0.355) (0.000,0.325) (0.000,0.037) (0.284,0.983) (0.000,0.509) (0.000,0.075) (0.000,0.040) (0.000,0.032) (0.000,0.276) (0.000,0.239) 
 32       75    (0)    1 :  0.006 0.009 0.008 0.039 0.004 0.005 0.011 0.901 0.008 0.010     (0.000,0.031) (0.000,0.049) (0.000,0.048) (0.000,0.249) (0.000,0.021) (0.000,0.028) (0.000,0.068) (0.633,1.000) (0.000,0.046) (0.000,0.054) 
 33       76    (0)    1 :  0.010 0.019 0.006 0.005 0.010 0.005 0.004 0.924 0.007 0.010     (0.000,0.056) (0.000,0.091) (0.000,0.031) (0.000,0.030) (0.000,0.066) (0.000,0.029) (0.000,0.020) (0.694,1.000) (0.000,0.037) (0.000,0.057) 
 34       77    (0)    1 :  0.067 0.013 0.005 0.005 0.010 0.005 0.006 0.818 0.059 0.013     (0.000,0.436) (0.000,0.068) (0.000,0.029) (0.000,0.026) (0.000,0.060) (0.000,0.027) (0.000,0.031) (0.256,1.000) (0.000,0.403) (0.000,0.066) 
 35       78    (0)    1 :  0.022 0.062 0.006 0.499 0.014 0.012 0.012 0.298 0.026 0.049     (0.000,0.155) (0.000,0.446) (0.000,0.031) (0.000,0.948) (0.000,0.102) (0.000,0.073) (0.000,0.071) (0.000,0.741) (0.000,0.163) (0.000,0.365) 
 36       79    (0)    1 :  0.016 0.044 0.005 0.092 0.004 0.008 0.010 0.766 0.026 0.030     (0.000,0.085) (0.000,0.266) (0.000,0.026) (0.000,0.427) (0.000,0.024) (0.000,0.048) (0.000,0.064) (0.258,1.000) (0.000,0.189) (0.000,0.223) 
 37       84    (0)    1 :  0.042 0.049 0.767 0.013 0.019 0.030 0.007 0.009 0.025 0.040     (0.000,0.287) (0.000,0.325) (0.374,0.999) (0.000,0.086) (0.000,0.130) (0.000,0.212) (0.000,0.041) (0.000,0.051) (0.000,0.174) (0.000,0.278) 
 38       85    (0)    1 :  0.014 0.098 0.009 0.013 0.007 0.805 0.009 0.006 0.018 0.022     (0.000,0.062) (0.000,0.931) (0.000,0.055) (0.000,0.088) (0.000,0.041) (0.000,1.000) (0.000,0.048) (0.000,0.034) (0.000,0.083) (0.000,0.134) 
 39       86    (0)    1 :  0.016 0.040 0.005 0.016 0.010 0.761 0.009 0.008 0.078 0.056     (0.000,0.085) (0.000,0.291) (0.000,0.027) (0.000,0.117) (0.000,0.069) (0.034,1.000) (0.000,0.052) (0.000,0.047) (0.000,0.550) (0.000,0.388) 
 40       89    (0)    1 :  0.070 0.059 0.560 0.006 0.162 0.015 0.017 0.019 0.047 0.045     (0.000,0.425) (0.000,0.376) (0.036,0.912) (0.000,0.033) (0.000,0.562) (0.000,0.082) (0.000,0.111) (0.000,0.133) (0.000,0.335) (0.000,0.319) 
 41       94    (0)    1 :  0.006 0.008 0.007 0.005 0.934 0.008 0.014 0.004 0.007 0.007     (0.000,0.033) (0.000,0.047) (0.000,0.041) (0.000,0.028) (0.746,1.000) (0.000,0.047) (0.000,0.093) (0.000,0.023) (0.000,0.040) (0.000,0.040) 
 42       95    (0)    1 :  0.013 0.010 0.892 0.014 0.006 0.020 0.015 0.006 0.012 0.012     (0.000,0.081) (0.000,0.056) (0.592,1.000) (0.000,0.097) (0.000,0.036) (0.000,0.128) (0.000,0.097) (0.000,0.031) (0.000,0.071) (0.000,0.069) 
 43       96    (0)    1 :  0.007 0.009 0.006 0.005 0.009 0.940 0.005 0.006 0.005 0.008     (0.000,0.036) (0.000,0.049) (0.000,0.030) (0.000,0.028) (0.000,0.058) (0.754,1.000) (0.000,0.027) (0.000,0.032) (0.000,0.030) (0.000,0.040) 
 44       98    (0)    1 :  0.261 0.339 0.005 0.022 0.008 0.006 0.005 0.019 0.031 0.303     (0.000,0.997) (0.000,0.999) (0.000,0.029) (0.000,0.119) (0.000,0.047) (0.000,0.031) (0.000,0.024) (0.000,0.102) (0.000,0.158) (0.000,0.999) 
 45      102    (0)    1 :  0.014 0.013 0.031 0.006 0.017 0.007 0.467 0.011 0.267 0.167     (0.000,0.098) (0.000,0.084) (0.000,0.228) (0.000,0.034) (0.000,0.117) (0.000,0.037) (0.000,0.996) (0.000,0.075) (0.000,0.993) (0.000,0.970) 
 46      105    (0)    1 :  0.005 0.005 0.005 0.958 0.004 0.004 0.006 0.004 0.005 0.005     (0.000,0.025) (0.000,0.025) (0.000,0.026) (0.827,1.000) (0.000,0.023) (0.000,0.022) (0.000,0.038) (0.000,0.019) (0.000,0.025) (0.000,0.027) 
 47      106    (0)    1 :  0.074 0.151 0.081 0.110 0.004 0.017 0.017 0.258 0.163 0.126     (0.000,0.522) (0.000,0.703) (0.000,0.385) (0.000,0.544) (0.000,0.020) (0.000,0.112) (0.000,0.112) (0.000,0.750) (0.000,0.951) (0.000,0.822) 
 48      108    (0)    1 :  0.034 0.009 0.007 0.812 0.007 0.008 0.039 0.024 0.041 0.020     (0.000,0.221) (0.000,0.055) (0.000,0.036) (0.491,0.999) (0.000,0.042) (0.000,0.045) (0.000,0.263) (0.000,0.174) (0.000,0.257) (0.000,0.138) 
 49      109    (0)    1 :  0.056 0.243 0.011 0.381 0.006 0.017 0.009 0.043 0.051 0.184     (0.000,0.375) (0.000,0.993) (0.000,0.066) (0.000,0.992) (0.000,0.037) (0.000,0.117) (0.000,0.049) (0.000,0.282) (0.000,0.366) (0.000,0.980) 
 50      112    (0)    1 :  0.124 0.146 0.012 0.007 0.049 0.194 0.016 0.130 0.174 0.148     (0.000,0.679) (0.000,0.789) (0.000,0.076) (0.000,0.041) (0.000,0.346) (0.000,0.747) (0.000,0.104) (0.000,0.710) (0.000,0.917) (0.000,0.890) 
 51      115    (0)    1 :  0.044 0.030 0.013 0.013 0.042 0.010 0.194 0.015 0.395 0.242     (0.000,0.333) (0.000,0.174) (0.000,0.081) (0.000,0.087) (0.000,0.284) (0.000,0.056) (0.000,0.951) (0.000,0.100) (0.000,0.998) (0.000,0.992) 
 52      116    (0)    1 :  0.015 0.159 0.009 0.019 0.008 0.737 0.014 0.004 0.019 0.016     (0.000,0.082) (0.000,0.982) (0.000,0.048) (0.000,0.137) (0.000,0.049) (0.000,1.000) (0.000,0.088) (0.000,0.024) (0.000,0.095) (0.000,0.092) 
 53      117    (0)    1 :  0.031 0.026 0.630 0.020 0.131 0.073 0.015 0.013 0.030 0.030     (0.000,0.215) (0.000,0.186) (0.000,0.999) (0.000,0.142) (0.000,0.784) (0.000,0.456) (0.000,0.104) (0.000,0.083) (0.000,0.202) (0.000,0.209) 
 54      129    (0)    1 :  0.006 0.017 0.064 0.005 0.014 0.867 0.007 0.003 0.009 0.008     (0.000,0.034) (0.000,0.083) (0.000,0.408) (0.000,0.027) (0.000,0.063) (0.456,1.000) (0.000,0.042) (0.000,0.018) (0.000,0.050) (0.000,0.042) 
 55      132    (0)    1 :  0.482 0.025 0.014 0.005 0.076 0.006 0.022 0.008 0.348 0.013     (0.000,1.000) (0.000,0.093) (0.000,0.093) (0.000,0.028) (0.000,0.429) (0.000,0.034) (0.000,0.156) (0.000,0.049) (0.000,0.999) (0.000,0.074) 
 56      133    (0)    1 :  0.266 0.334 0.006 0.019 0.007 0.004 0.005 0.030 0.033 0.297     (0.000,0.998) (0.000,0.999) (0.000,0.032) (0.000,0.095) (0.000,0.036) (0.000,0.022) (0.000,0.024) (0.000,0.187) (0.000,0.172) (0.000,0.999) 
 57      137    (7)    1 :  0.238 0.081 0.010 0.010 0.019 0.011 0.009 0.416 0.133 0.075     (0.000,0.938) (0.000,0.594) (0.000,0.055) (0.000,0.057) (0.000,0.133) (0.000,0.065) (0.000,0.053) (0.000,0.985) (0.000,0.822) (0.000,0.565) 
 58      139    (0)    1 :  0.007 0.010 0.008 0.007 0.006 0.008 0.010 0.923 0.012 0.010     (0.000,0.041) (0.000,0.053) (0.000,0.050) (0.000,0.039) (0.000,0.034) (0.000,0.046) (0.000,0.059) (0.695,1.000) (0.000,0.064) (0.000,0.054) 
 59      140    (0)    1 :  0.060 0.113 0.035 0.551 0.005 0.019 0.015 0.067 0.040 0.094     (0.000,0.430) (0.000,0.690) (0.000,0.264) (0.000,0.990) (0.000,0.029) (0.000,0.125) (0.000,0.091) (0.000,0.402) (0.000,0.292) (0.000,0.630) 
 60      142    (0)    1 :  0.089 0.096 0.043 0.008 0.013 0.009 0.007 0.655 0.015 0.064     (0.000,0.573) (0.000,0.648) (0.000,0.301) (0.000,0.051) (0.000,0.085) (0.000,0.052) (0.000,0.041) (0.003,0.999) (0.000,0.089) (0.000,0.468) 
 61      144    (0)    1 :  0.006 0.006 0.007 0.951 0.004 0.004 0.004 0.006 0.006 0.007     (0.000,0.037) (0.000,0.037) (0.000,0.040) (0.804,1.000) (0.000,0.020) (0.000,0.020) (0.000,0.023) (0.000,0.033) (0.000,0.033) (0.000,0.038) 
 62      145    (0)    1 :  0.347 0.351 0.006 0.006 0.004 0.005 0.007 0.049 0.007 0.217     (0.000,1.000) (0.000,1.000) (0.000,0.036) (0.000,0.037) (0.000,0.023) (0.000,0.027) (0.000,0.039) (0.000,0.305) (0.000,0.036) (0.000,0.998) 
 63      147    (0)    1 :  0.007 0.023 0.004 0.894 0.005 0.008 0.005 0.030 0.008 0.016     (0.000,0.040) (0.000,0.153) (0.000,0.021) (0.593,1.000) (0.000,0.026) (0.000,0.048) (0.000,0.030) (0.000,0.211) (0.000,0.047) (0.000,0.087) 
 64      160    (0)    1 :  0.005 0.004 0.008 0.005 0.951 0.007 0.006 0.004 0.006 0.005     (0.000,0.029) (0.000,0.024) (0.000,0.045) (0.000,0.026) (0.799,1.000) (0.000,0.036) (0.000,0.036) (0.000,0.022) (0.000,0.030) (0.000,0.026) 
 65     162*    (0)    1 :  0.007 0.011 0.006 0.005 0.011 0.936 0.005 0.006 0.006 0.007     (0.000,0.040) (0.000,0.059) (0.000,0.030) (0.000,0.029) (0.000,0.066) (0.731,1.000) (0.000,0.027) (0.000,0.032) (0.000,0.032) (0.000,0.040) 
 66      166    (0)    1 :  0.533 0.044 0.012 0.014 0.004 0.006 0.004 0.015 0.340 0.028     (0.000,1.000) (0.000,0.253) (0.000,0.073) (0.000,0.082) (0.000,0.024) (0.000,0.031) (0.000,0.022) (0.000,0.088) (0.000,0.999) (0.000,0.142) 
 67      177    (0)    1 :  0.005 0.005 0.004 0.004 0.004 0.003 0.003 0.962 0.005 0.005     (0.000,0.029) (0.000,0.026) (0.000,0.020) (0.000,0.020) (0.000,0.020) (0.000,0.018) (0.000,0.018) (0.842,1.000) (0.000,0.026) (0.000,0.025) 
 68      178    (0)    1 :  0.029 0.023 0.008 0.019 0.029 0.013 0.009 0.820 0.025 0.025     (0.000,0.208) (0.000,0.163) (0.000,0.049) (0.000,0.141) (0.000,0.210) (0.000,0.088) (0.000,0.054) (0.436,1.000) (0.000,0.173) (0.000,0.168) 
 69      186    (0)    1 :  0.005 0.005 0.960 0.004 0.005 0.006 0.004 0.004 0.005 0.004     (0.000,0.028) (0.000,0.024) (0.835,1.000) (0.000,0.019) (0.000,0.026) (0.000,0.029) (0.000,0.022) (0.000,0.020) (0.000,0.024) (0.000,0.024) 
 70      189    (0)    1 :  0.013 0.149 0.007 0.004 0.013 0.789 0.006 0.007 0.006 0.008     (0.000,0.051) (0.000,0.990) (0.000,0.037) (0.000,0.020) (0.000,0.084) (0.000,1.000) (0.000,0.031) (0.000,0.038) (0.000,0.034) (0.000,0.041) 
 71      190    (0)    1 :  0.025 0.029 0.049 0.008 0.082 0.711 0.016 0.012 0.037 0.032     (0.000,0.183) (0.000,0.183) (0.000,0.326) (0.000,0.047) (0.000,0.555) (0.000,0.999) (0.000,0.111) (0.000,0.077) (0.000,0.246) (0.000,0.208) 
 72      191    (0)    1 :  0.041 0.182 0.314 0.020 0.014 0.364 0.007 0.015 0.016 0.027     (0.000,0.319) (0.000,0.924) (0.000,0.815) (0.000,0.149) (0.000,0.093) (0.000,0.977) (0.000,0.042) (0.000,0.100) (0.000,0.088) (0.000,0.191) 
 73      193    (0)    1 :  0.342 0.346 0.019 0.011 0.014 0.009 0.008 0.030 0.014 0.207     (0.000,0.999) (0.000,0.999) (0.000,0.123) (0.000,0.068) (0.000,0.089) (0.000,0.051) (0.000,0.047) (0.000,0.150) (0.000,0.068) (0.000,0.994) 
 74      202    (0)    1 :  0.065 0.029 0.011 0.006 0.189 0.154 0.023 0.008 0.279 0.236     (0.000,0.466) (0.000,0.202) (0.000,0.064) (0.000,0.035) (0.000,0.642) (0.000,0.659) (0.000,0.157) (0.000,0.046) (0.000,0.982) (0.000,0.978) 
 75      204    (0)    1 :  0.005 0.006 0.244 0.006 0.010 0.708 0.004 0.004 0.006 0.005     (0.000,0.030) (0.000,0.031) (0.000,0.995) (0.000,0.034) (0.000,0.056) (0.000,1.000) (0.000,0.024) (0.000,0.020) (0.000,0.035) (0.000,0.029) 
 76      211    (0)    1 :  0.431 0.034 0.015 0.046 0.059 0.009 0.013 0.056 0.303 0.034     (0.000,0.996) (0.000,0.218) (0.000,0.100) (0.000,0.316) (0.000,0.403) (0.000,0.054) (0.000,0.081) (0.000,0.310) (0.000,0.986) (0.000,0.221) 
 77      216    (0)    1 :  0.266 0.046 0.005 0.433 0.014 0.006 0.005 0.027 0.162 0.036     (0.000,0.773) (0.000,0.351) (0.000,0.025) (0.000,0.895) (0.000,0.092) (0.000,0.033) (0.000,0.027) (0.000,0.178) (0.000,0.678) (0.000,0.232) 
 78      222    (0)    1 :  0.075 0.379 0.005 0.339 0.004 0.008 0.024 0.007 0.026 0.134     (0.000,0.654) (0.000,0.997) (0.000,0.025) (0.000,0.993) (0.000,0.018) (0.000,0.040) (0.000,0.180) (0.000,0.041) (0.000,0.150) (0.000,0.954) 
 79      224    (0)    1 :  0.010 0.166 0.007 0.009 0.012 0.763 0.010 0.005 0.008 0.009     (0.000,0.055) (0.000,0.993) (0.000,0.040) (0.000,0.053) (0.000,0.082) (0.000,1.000) (0.000,0.054) (0.000,0.028) (0.000,0.040) (0.000,0.049) 
 80      226    (0)    1 :  0.009 0.007 0.925 0.004 0.005 0.010 0.007 0.005 0.015 0.012     (0.000,0.055) (0.000,0.042) (0.704,1.000) (0.000,0.023) (0.000,0.026) (0.000,0.058) (0.000,0.039) (0.000,0.025) (0.000,0.097) (0.000,0.078) 
 81      229    (0)    1 :  0.034 0.072 0.018 0.022 0.058 0.355 0.018 0.016 0.197 0.210     (0.000,0.245) (0.000,0.470) (0.000,0.120) (0.000,0.153) (0.000,0.419) (0.000,0.931) (0.000,0.121) (0.000,0.110) (0.000,0.977) (0.000,0.977) 
 82      230    (0)    1 :  0.011 0.031 0.035 0.011 0.042 0.646 0.014 0.047 0.069 0.094     (0.000,0.062) (0.000,0.177) (0.000,0.249) (0.000,0.076) (0.000,0.304) (0.000,0.999) (0.000,0.085) (0.000,0.295) (0.000,0.591) (0.000,0.822) 
 83      232    (0)    1 :  0.138 0.147 0.107 0.012 0.251 0.049 0.016 0.047 0.098 0.135     (0.000,0.730) (0.000,0.794) (0.000,0.553) (0.000,0.077) (0.000,0.703) (0.000,0.365) (0.000,0.102) (0.000,0.337) (0.000,0.663) (0.000,0.729) 
 84      238    (0)    1 :  0.024 0.032 0.006 0.019 0.007 0.023 0.147 0.049 0.356 0.338     (0.000,0.174) (0.000,0.228) (0.000,0.032) (0.000,0.128) (0.000,0.038) (0.000,0.167) (0.000,0.795) (0.000,0.328) (0.000,0.998) (0.000,0.998) 
 85      242    (0)    1 :  0.009 0.008 0.006 0.009 0.004 0.007 0.889 0.004 0.028 0.036     (0.000,0.055) (0.000,0.045) (0.000,0.033) (0.000,0.057) (0.000,0.022) (0.000,0.037) (0.476,1.000) (0.000,0.021) (0.000,0.126) (0.000,0.144) 
 86      243    (0)    1 :  0.051 0.060 0.022 0.012 0.008 0.009 0.474 0.022 0.157 0.187     (0.000,0.367) (0.000,0.427) (0.000,0.159) (0.000,0.069) (0.000,0.044) (0.000,0.052) (0.000,0.993) (0.000,0.156) (0.000,0.962) (0.000,0.962) 
 87      244    (0)    1 :  0.013 0.010 0.006 0.006 0.009 0.013 0.210 0.170 0.281 0.282     (0.000,0.082) (0.000,0.054) (0.000,0.035) (0.000,0.032) (0.000,0.059) (0.000,0.085) (0.000,0.791) (0.000,0.629) (0.000,0.996) (0.000,0.996) 
 88      251    (0)    1 :  0.024 0.027 0.009 0.011 0.065 0.022 0.078 0.014 0.423 0.327     (0.000,0.153) (0.000,0.184) (0.000,0.053) (0.000,0.064) (0.000,0.432) (0.000,0.148) (0.000,0.597) (0.000,0.083) (0.000,0.999) (0.000,0.997) 
 89      266    (0)    1 :  0.082 0.036 0.009 0.008 0.005 0.011 0.075 0.349 0.238 0.186     (0.000,0.471) (0.000,0.261) (0.000,0.056) (0.000,0.050) (0.000,0.030) (0.000,0.067) (0.000,0.412) (0.000,0.821) (0.000,0.960) (0.000,0.955) 
 90      267    (0)    1 :  0.085 0.222 0.042 0.396 0.006 0.020 0.018 0.012 0.046 0.153     (0.000,0.530) (0.000,0.992) (0.000,0.296) (0.000,0.990) (0.000,0.031) (0.000,0.143) (0.000,0.122) (0.000,0.073) (0.000,0.339) (0.000,0.972) 
 91      268    (0)    1 :  0.187 0.085 0.007 0.079 0.042 0.005 0.007 0.406 0.094 0.090     (0.000,0.888) (0.000,0.605) (0.000,0.037) (0.000,0.503) (0.000,0.285) (0.000,0.027) (0.000,0.035) (0.000,0.976) (0.000,0.589) (0.000,0.630) 
 92      270    (0)    1 :  0.009 0.063 0.021 0.017 0.024 0.824 0.012 0.005 0.014 0.010     (0.000,0.056) (0.000,0.524) (0.000,0.143) (0.000,0.118) (0.000,0.173) (0.213,1.000) (0.000,0.073) (0.000,0.028) (0.000,0.074) (0.000,0.058) 
 93      276    (0)    1 :  0.052 0.160 0.259 0.030 0.021 0.354 0.014 0.030 0.032 0.047     (0.000,0.373) (0.000,0.934) (0.000,0.778) (0.000,0.225) (0.000,0.154) (0.000,0.992) (0.000,0.087) (0.000,0.229) (0.000,0.219) (0.000,0.351) 
 94      298    (7)    1 :  0.055 0.022 0.022 0.647 0.012 0.007 0.011 0.144 0.051 0.029     (0.000,0.405) (0.000,0.138) (0.000,0.162) (0.180,0.991) (0.000,0.083) (0.000,0.040) (0.000,0.067) (0.000,0.569) (0.000,0.370) (0.000,0.196) 
 95      306    (0)    1 :  0.480 0.144 0.007 0.009 0.006 0.007 0.012 0.010 0.230 0.096     (0.000,0.924) (0.000,0.594) (0.000,0.039) (0.000,0.055) (0.000,0.030) (0.000,0.037) (0.000,0.075) (0.000,0.054) (0.000,0.807) (0.000,0.514) 
 96      308    (0)    1 :  0.054 0.059 0.008 0.068 0.072 0.013 0.034 0.531 0.076 0.085     (0.000,0.364) (0.000,0.419) (0.000,0.048) (0.000,0.454) (0.000,0.388) (0.000,0.082) (0.000,0.248) (0.000,0.990) (0.000,0.553) (0.000,0.592) 
 97      311    (7)    1 :  0.146 0.317 0.007 0.045 0.015 0.022 0.033 0.009 0.121 0.285     (0.000,0.885) (0.000,0.989) (0.000,0.038) (0.000,0.334) (0.000,0.102) (0.000,0.151) (0.000,0.234) (0.000,0.048) (0.000,0.904) (0.000,0.989) 
 98      323    (0)    1 :  0.005 0.006 0.944 0.007 0.005 0.008 0.009 0.004 0.006 0.006     (0.000,0.028) (0.000,0.030) (0.771,1.000) (0.000,0.043) (0.000,0.026) (0.000,0.043) (0.000,0.050) (0.000,0.022) (0.000,0.032) (0.000,0.033) 
 99      327    (0)    1 :  0.034 0.027 0.020 0.008 0.214 0.571 0.018 0.006 0.061 0.041     (0.000,0.250) (0.000,0.198) (0.000,0.137) (0.000,0.044) (0.000,0.676) (0.000,0.984) (0.000,0.121) (0.000,0.036) (0.000,0.416) (0.000,0.291) 
100      334    (0)    1 :  0.020 0.038 0.004 0.012 0.012 0.013 0.243 0.007 0.394 0.257     (0.000,0.127) (0.000,0.237) (0.000,0.023) (0.000,0.073) (0.000,0.062) (0.000,0.074) (0.000,0.988) (0.000,0.036) (0.000,1.000) (0.000,0.997) 
101      338    (0)    1 :  0.153 0.312 0.022 0.075 0.026 0.032 0.013 0.015 0.120 0.232     (0.000,0.828) (0.000,0.991) (0.000,0.158) (0.000,0.560) (0.000,0.184) (0.000,0.239) (0.000,0.078) (0.000,0.091) (0.000,0.845) (0.000,0.978) 
102      341    (0)    1 :  0.023 0.008 0.899 0.005 0.007 0.008 0.013 0.006 0.020 0.010     (0.000,0.160) (0.000,0.048) (0.624,1.000) (0.000,0.028) (0.000,0.038) (0.000,0.046) (0.000,0.081) (0.000,0.034) (0.000,0.135) (0.000,0.057) 
103      346    (0)    1 :  0.274 0.035 0.013 0.005 0.030 0.008 0.006 0.416 0.179 0.034     (0.000,0.988) (0.000,0.187) (0.000,0.078) (0.000,0.024) (0.000,0.227) (0.000,0.045) (0.000,0.035) (0.000,0.996) (0.000,0.964) (0.000,0.204) 
104      348    (0)    1 :  0.063 0.173 0.007 0.411 0.007 0.009 0.019 0.177 0.033 0.102     (0.000,0.440) (0.000,0.768) (0.000,0.040) (0.000,0.933) (0.000,0.041) (0.000,0.050) (0.000,0.130) (0.000,0.624) (0.000,0.213) (0.000,0.611) 
105      351    (0)    1 :  0.271 0.045 0.013 0.010 0.040 0.008 0.122 0.012 0.365 0.113     (0.000,0.988) (0.000,0.328) (0.000,0.081) (0.000,0.064) (0.000,0.283) (0.000,0.046) (0.000,0.782) (0.000,0.063) (0.000,0.997) (0.000,0.854) 
106      362    (0)    1 :  0.007 0.007 0.111 0.007 0.052 0.787 0.006 0.005 0.010 0.009     (0.000,0.040) (0.000,0.039) (0.000,0.767) (0.000,0.038) (0.000,0.388) (0.000,1.000) (0.000,0.031) (0.000,0.027) (0.000,0.050) (0.000,0.046) 
107      364    (0)    1 :  0.031 0.017 0.010 0.007 0.012 0.006 0.819 0.011 0.041 0.044     (0.000,0.222) (0.000,0.116) (0.000,0.063) (0.000,0.044) (0.000,0.082) (0.000,0.034) (0.359,1.000) (0.000,0.071) (0.000,0.281) (0.000,0.286) 
108      366    (0)    1 :  0.028 0.013 0.011 0.021 0.007 0.018 0.803 0.009 0.048 0.043     (0.000,0.204) (0.000,0.072) (0.000,0.064) (0.000,0.148) (0.000,0.040) (0.000,0.121) (0.104,1.000) (0.000,0.051) (0.000,0.325) (0.000,0.251) 
109      376    (0)    1 :  0.012 0.013 0.892 0.003 0.016 0.023 0.006 0.016 0.009 0.011     (0.000,0.081) (0.000,0.083) (0.626,1.000) (0.000,0.018) (0.000,0.105) (0.000,0.158) (0.000,0.029) (0.000,0.113) (0.000,0.051) (0.000,0.070) 
110      377    (7)    1 :  0.092 0.243 0.027 0.020 0.208 0.261 0.011 0.009 0.045 0.083     (0.000,0.663) (0.000,0.964) (0.000,0.191) (0.000,0.142) (0.000,0.771) (0.000,0.868) (0.000,0.065) (0.000,0.048) (0.000,0.324) (0.000,0.561) 
111      378    (0)    1 :  0.017 0.011 0.014 0.005 0.903 0.007 0.005 0.016 0.012 0.010     (0.000,0.108) (0.000,0.073) (0.000,0.094) (0.000,0.029) (0.662,1.000) (0.000,0.042) (0.000,0.025) (0.000,0.114) (0.000,0.063) (0.000,0.065) 
112      388    (0)    1 :  0.172 0.278 0.010 0.214 0.028 0.014 0.014 0.011 0.078 0.180     (0.000,0.858) (0.000,0.996) (0.000,0.059) (0.000,0.950) (0.000,0.206) (0.000,0.085) (0.000,0.090) (0.000,0.063) (0.000,0.545) (0.000,0.987) 
113      391    (0)    1 :  0.189 0.050 0.418 0.012 0.118 0.008 0.012 0.008 0.129 0.055     (0.000,0.806) (0.000,0.371) (0.000,0.838) (0.000,0.074) (0.000,0.464) (0.000,0.047) (0.000,0.072) (0.000,0.047) (0.000,0.751) (0.000,0.393) 
114      401    (0)    1 :  0.034 0.046 0.063 0.005 0.012 0.221 0.059 0.075 0.227 0.257     (0.000,0.250) (0.000,0.355) (0.000,0.448) (0.000,0.029) (0.000,0.073) (0.000,0.720) (0.000,0.415) (0.000,0.441) (0.000,0.986) (0.000,0.989) 
115      406    (0)    1 :  0.203 0.195 0.124 0.035 0.014 0.015 0.033 0.027 0.131 0.223     (0.000,0.926) (0.000,0.949) (0.000,0.629) (0.000,0.242) (0.000,0.091) (0.000,0.096) (0.000,0.240) (0.000,0.191) (0.000,0.842) (0.000,0.962) 
116      412    (7)    1 :  0.210 0.324 0.030 0.017 0.026 0.024 0.015 0.015 0.047 0.292     (0.000,0.975) (0.000,0.995) (0.000,0.221) (0.000,0.091) (0.000,0.189) (0.000,0.165) (0.000,0.089) (0.000,0.089) (0.000,0.345) (0.000,0.995) 
117      413    (0)    1 :  0.295 0.329 0.004 0.013 0.007 0.017 0.037 0.052 0.038 0.209     (0.000,0.996) (0.000,0.997) (0.000,0.021) (0.000,0.076) (0.000,0.036) (0.000,0.108) (0.000,0.252) (0.000,0.371) (0.000,0.268) (0.000,0.986) 
118      421    (0)    1 :  0.061 0.207 0.020 0.011 0.010 0.567 0.013 0.020 0.047 0.044     (0.000,0.423) (0.000,0.963) (0.000,0.146) (0.000,0.066) (0.000,0.057) (0.000,0.997) (0.000,0.077) (0.000,0.147) (0.000,0.325) (0.000,0.308) 
119      423    (0)    1 :  0.073 0.268 0.017 0.027 0.010 0.493 0.025 0.007 0.030 0.050     (0.000,0.610) (0.000,0.992) (0.000,0.122) (0.000,0.195) (0.000,0.058) (0.000,0.999) (0.000,0.169) (0.000,0.036) (0.000,0.158) (0.000,0.387) 
120      424    (0)    1 :  0.341 0.134 0.189 0.016 0.015 0.010 0.023 0.014 0.147 0.111     (0.000,0.990) (0.000,0.791) (0.000,0.784) (0.000,0.100) (0.000,0.092) (0.000,0.059) (0.000,0.166) (0.000,0.086) (0.000,0.928) (0.000,0.717) 
121      426    (0)    1 :  0.084 0.049 0.087 0.009 0.581 0.028 0.023 0.021 0.077 0.040     (0.000,0.627) (0.000,0.341) (0.000,0.488) (0.000,0.052) (0.000,0.993) (0.000,0.196) (0.000,0.168) (0.000,0.149) (0.000,0.594) (0.000,0.295) 
122      430    (7)    1 :  0.428 0.220 0.020 0.015 0.012 0.010 0.006 0.019 0.127 0.144     (0.000,0.990) (0.000,0.925) (0.000,0.133) (0.000,0.095) (0.000,0.070) (0.000,0.051) (0.000,0.030) (0.000,0.115) (0.000,0.715) (0.000,0.848) 
123      435    (0)    1 :  0.141 0.161 0.005 0.027 0.013 0.007 0.004 0.533 0.010 0.100     (0.000,0.712) (0.000,0.793) (0.000,0.028) (0.000,0.183) (0.000,0.086) (0.000,0.037) (0.000,0.023) (0.000,0.992) (0.000,0.055) (0.000,0.626) 
124      476    (0)    1 :  0.011 0.012 0.724 0.004 0.013 0.144 0.023 0.022 0.022 0.025     (0.000,0.067) (0.000,0.072) (0.298,0.998) (0.000,0.021) (0.000,0.085) (0.000,0.596) (0.000,0.161) (0.000,0.158) (0.000,0.153) (0.000,0.183) 
125      478    (0)    1 :  0.013 0.049 0.683 0.008 0.015 0.161 0.025 0.006 0.018 0.023     (0.000,0.079) (0.000,0.345) (0.227,0.990) (0.000,0.052) (0.000,0.096) (0.000,0.595) (0.000,0.178) (0.000,0.032) (0.000,0.123) (0.000,0.163) 
126      484    (0)    1 :  0.155 0.244 0.014 0.305 0.007 0.007 0.006 0.029 0.031 0.203     (0.000,0.758) (0.000,0.987) (0.000,0.090) (0.000,0.857) (0.000,0.044) (0.000,0.040) (0.000,0.032) (0.000,0.207) (0.000,0.226) (0.000,0.977) 
127      489    (0)    1 :  0.122 0.246 0.007 0.076 0.416 0.026 0.006 0.006 0.042 0.054     (0.000,0.836) (0.000,0.967) (0.000,0.041) (0.000,0.451) (0.000,0.966) (0.000,0.169) (0.000,0.027) (0.000,0.032) (0.000,0.284) (0.000,0.432) 
128      493    (0)    1 :  0.012 0.015 0.007 0.006 0.011 0.008 0.892 0.007 0.017 0.024     (0.000,0.076) (0.000,0.106) (0.000,0.042) (0.000,0.032) (0.000,0.070) (0.000,0.051) (0.609,1.000) (0.000,0.043) (0.000,0.095) (0.000,0.151) 
129      494    (0)    1 :  0.009 0.012 0.011 0.009 0.037 0.018 0.703 0.007 0.121 0.073     (0.000,0.050) (0.000,0.070) (0.000,0.067) (0.000,0.056) (0.000,0.263) (0.000,0.126) (0.000,1.000) (0.000,0.043) (0.000,0.943) (0.000,0.725) 
130      500    (0)    1 :  0.007 0.012 0.062 0.004 0.009 0.863 0.009 0.004 0.019 0.011     (0.000,0.035) (0.000,0.056) (0.000,0.448) (0.000,0.023) (0.000,0.058) (0.329,1.000) (0.000,0.047) (0.000,0.023) (0.000,0.085) (0.000,0.045) 
131      504    (0)    1 :  0.056 0.144 0.012 0.375 0.066 0.059 0.030 0.020 0.077 0.161     (0.000,0.404) (0.000,0.845) (0.000,0.078) (0.000,0.901) (0.000,0.361) (0.000,0.383) (0.000,0.210) (0.000,0.136) (0.000,0.545) (0.000,0.858) 
132      506    (0)    1 :  0.014 0.083 0.017 0.786 0.005 0.032 0.006 0.004 0.008 0.045     (0.000,0.075) (0.000,0.573) (0.000,0.121) (0.216,1.000) (0.000,0.027) (0.000,0.239) (0.000,0.030) (0.000,0.023) (0.000,0.046) (0.000,0.361) 


Estimated Allele Frequencies in each cluster
First column gives estimated ancestral frequencies


Locus 1 : Rsu5 
5 alleles
0.0% missing data
 137   (0.737) 0.848 0.841 0.972 0.258 0.922 0.962 0.621 0.825 0.785 0.789 
 135   (0.080) 0.089 0.041 0.013 0.011 0.031 0.008 0.134 0.035 0.084 0.062 
 139   (0.113) 0.044 0.053 0.010 0.013 0.042 0.024 0.202 0.052 0.092 0.089 
 133   (0.021) 0.003 0.003 0.001 0.002 0.002 0.002 0.031 0.003 0.011 0.010 
 131   (0.049) 0.016 0.061 0.003 0.716 0.003 0.005 0.012 0.086 0.028 0.050 

Locus 2 : Scv1 
5 alleles
0.0% missing data
 181   (0.532) 0.345 0.366 0.959 0.394 0.843 0.620 0.723 0.366 0.473 0.430 
 179   (0.188) 0.290 0.156 0.016 0.080 0.071 0.129 0.145 0.284 0.289 0.177 
 177   (0.110) 0.245 0.284 0.012 0.129 0.073 0.014 0.054 0.025 0.122 0.229 
 185   (0.140) 0.116 0.189 0.011 0.395 0.011 0.233 0.056 0.321 0.094 0.145 
 171   (0.030) 0.004 0.005 0.002 0.003 0.003 0.003 0.021 0.004 0.023 0.019 

Locus 3 : Rsu4 
9 alleles
0.0% missing data
 267   (0.210) 0.053 0.148 0.142 0.087 0.102 0.279 0.323 0.100 0.152 0.162 
 263   (0.329) 0.526 0.493 0.516 0.432 0.803 0.211 0.251 0.315 0.348 0.425 
 259   (0.047) 0.010 0.070 0.227 0.005 0.039 0.223 0.012 0.006 0.029 0.022 
 287   (0.172) 0.328 0.159 0.099 0.112 0.030 0.241 0.128 0.081 0.292 0.185 
 275   (0.036) 0.006 0.006 0.002 0.003 0.003 0.003 0.148 0.010 0.024 0.019 
 279   (0.075) 0.018 0.018 0.006 0.008 0.012 0.010 0.043 0.296 0.065 0.052 
 283   (0.073) 0.049 0.094 0.005 0.347 0.005 0.007 0.036 0.183 0.049 0.099 
 291   (0.034) 0.007 0.008 0.002 0.004 0.005 0.023 0.014 0.005 0.028 0.022 
 271   (0.023) 0.003 0.004 0.002 0.002 0.002 0.002 0.044 0.003 0.014 0.014 

Locus 4 : Rsu6 
5 alleles
0.0% missing data
 120   (0.248) 0.327 0.240 0.287 0.054 0.557 0.239 0.203 0.220 0.319 0.242 
 126   (0.617) 0.655 0.726 0.561 0.931 0.359 0.513 0.614 0.762 0.599 0.683 
 124   (0.090) 0.012 0.021 0.149 0.011 0.081 0.229 0.055 0.013 0.059 0.053 
 130   (0.024) 0.003 0.003 0.002 0.002 0.002 0.002 0.122 0.003 0.013 0.011 
 114   (0.020) 0.003 0.009 0.001 0.002 0.002 0.017 0.006 0.003 0.011 0.010 

Locus 5 : Scv23 
3 alleles
0.8% missing data
 158   (0.534) 0.570 0.598 0.364 0.881 0.445 0.739 0.451 0.547 0.544 0.517 
 164   (0.175) 0.206 0.154 0.446 0.060 0.067 0.058 0.289 0.028 0.209 0.189 
 160   (0.290) 0.224 0.249 0.190 0.059 0.487 0.203 0.260 0.424 0.247 0.294 

Locus 6 : Scv13 
5 alleles
0.0% missing data
 182   (0.727) 0.931 0.892 0.801 0.924 0.976 0.906 0.714 0.477 0.802 0.806 
 180   (0.093) 0.020 0.033 0.172 0.009 0.011 0.069 0.100 0.014 0.072 0.059 
 172   (0.074) 0.027 0.039 0.006 0.056 0.005 0.007 0.038 0.348 0.057 0.062 
 184   (0.065) 0.014 0.023 0.018 0.007 0.005 0.014 0.133 0.013 0.042 0.049 
 174   (0.040) 0.008 0.013 0.003 0.004 0.003 0.004 0.014 0.148 0.027 0.025 

Locus 7 : Scv32 
18 alleles
0.0% missing data
 236   (0.040) 0.006 0.007 0.003 0.004 0.003 0.004 0.149 0.006 0.028 0.029 
 238   (0.042) 0.197 0.049 0.003 0.037 0.003 0.004 0.018 0.006 0.153 0.043 
 234   (0.137) 0.324 0.320 0.350 0.037 0.064 0.019 0.051 0.664 0.148 0.294 
 246   (0.047) 0.013 0.045 0.320 0.006 0.007 0.180 0.012 0.009 0.029 0.025 
 248   (0.093) 0.074 0.083 0.007 0.017 0.423 0.130 0.115 0.012 0.118 0.057 
 262   (0.120) 0.072 0.123 0.019 0.021 0.189 0.263 0.039 0.026 0.097 0.144 
 232   (0.163) 0.115 0.172 0.145 0.643 0.013 0.123 0.427 0.028 0.118 0.148 
 250   (0.031) 0.028 0.008 0.004 0.003 0.265 0.004 0.008 0.004 0.034 0.018 
 228   (0.029) 0.004 0.005 0.002 0.003 0.002 0.003 0.010 0.004 0.024 0.021 
 220   (0.045) 0.008 0.010 0.071 0.004 0.005 0.233 0.012 0.006 0.030 0.026 
 264   (0.053) 0.080 0.023 0.040 0.005 0.006 0.006 0.059 0.022 0.078 0.035 
 252   (0.043) 0.011 0.031 0.003 0.076 0.004 0.014 0.011 0.100 0.026 0.036 
 254   (0.050) 0.030 0.020 0.003 0.102 0.005 0.005 0.018 0.096 0.049 0.033 
 242   (0.022) 0.003 0.003 0.001 0.002 0.002 0.002 0.041 0.003 0.015 0.011 
 266   (0.027) 0.016 0.042 0.002 0.015 0.002 0.003 0.007 0.004 0.018 0.036 
 244   (0.024) 0.015 0.055 0.002 0.021 0.005 0.005 0.007 0.003 0.015 0.024 
 226   (0.018) 0.003 0.003 0.023 0.002 0.001 0.002 0.005 0.002 0.009 0.010 
 240   (0.018) 0.002 0.003 0.001 0.002 0.001 0.002 0.010 0.006 0.012 0.011 

Locus 8 : Scv8 
6 alleles
0.0% missing data
 200   (0.653) 0.724 0.620 0.843 0.612 0.831 0.702 0.623 0.413 0.743 0.674 
 202   (0.083) 0.083 0.095 0.006 0.036 0.006 0.008 0.205 0.033 0.077 0.080 
 194   (0.082) 0.143 0.162 0.139 0.008 0.015 0.099 0.030 0.039 0.058 0.114 
 204   (0.048) 0.011 0.015 0.004 0.005 0.135 0.031 0.016 0.007 0.037 0.031 
 198   (0.068) 0.016 0.053 0.005 0.007 0.007 0.153 0.094 0.013 0.045 0.042 
 188   (0.067) 0.022 0.055 0.004 0.333 0.005 0.006 0.033 0.495 0.041 0.059 

Locus 9 : Scv9 
5 alleles
0.0% missing data
 198   (0.303) 0.586 0.273 0.424 0.361 0.490 0.096 0.158 0.563 0.483 0.323 
 200   (0.345) 0.131 0.187 0.372 0.397 0.403 0.569 0.581 0.101 0.262 0.241 
 196   (0.287) 0.271 0.522 0.036 0.232 0.102 0.329 0.245 0.204 0.216 0.402 
 204   (0.045) 0.010 0.012 0.167 0.006 0.003 0.005 0.012 0.105 0.028 0.023 
 202   (0.020) 0.003 0.005 0.001 0.005 0.001 0.002 0.005 0.027 0.011 0.010 

Locus 10 : Rsu1 
6 alleles
0.0% missing data
 189   (0.305) 0.261 0.201 0.494 0.064 0.043 0.062 0.557 0.264 0.299 0.285 
 185   (0.271) 0.461 0.517 0.149 0.811 0.055 0.219 0.176 0.099 0.329 0.424 
 177   (0.080) 0.015 0.036 0.011 0.087 0.012 0.140 0.025 0.036 0.057 0.050 
 181   (0.246) 0.241 0.189 0.046 0.029 0.838 0.202 0.217 0.587 0.252 0.190 
 193   (0.058) 0.016 0.042 0.068 0.005 0.048 0.278 0.015 0.008 0.040 0.032 
 197   (0.040) 0.006 0.016 0.232 0.004 0.004 0.099 0.010 0.005 0.023 0.019 

Locus 11 : Scv14 
7 alleles
4.5% missing data
 196   (0.545) 0.538 0.619 0.929 0.580 0.930 0.822 0.510 0.667 0.477 0.562 
 198   (0.071) 0.233 0.024 0.005 0.024 0.006 0.007 0.090 0.050 0.212 0.043 
 194   (0.129) 0.080 0.154 0.019 0.028 0.036 0.054 0.227 0.178 0.097 0.107 
 202   (0.192) 0.136 0.192 0.042 0.363 0.020 0.108 0.144 0.088 0.172 0.252 
 204   (0.021) 0.003 0.003 0.002 0.002 0.002 0.002 0.017 0.003 0.014 0.012 
 190   (0.020) 0.005 0.004 0.001 0.002 0.005 0.005 0.006 0.003 0.014 0.013 
 200   (0.020) 0.005 0.004 0.002 0.002 0.002 0.002 0.008 0.011 0.014 0.012 

Locus 12 : Scv16 
7 alleles
0.0% missing data
 182   (0.427) 0.562 0.636 0.205 0.192 0.807 0.563 0.193 0.556 0.432 0.572 
 184   (0.411) 0.384 0.294 0.776 0.754 0.181 0.282 0.572 0.166 0.454 0.341 
 188   (0.050) 0.007 0.040 0.012 0.005 0.004 0.144 0.182 0.006 0.028 0.026 
 200   (0.021) 0.003 0.003 0.001 0.002 0.001 0.002 0.027 0.003 0.012 0.010 
 198   (0.038) 0.027 0.014 0.003 0.026 0.003 0.004 0.010 0.171 0.035 0.021 
 190   (0.034) 0.014 0.009 0.003 0.019 0.003 0.003 0.009 0.095 0.026 0.018 
 186   (0.019) 0.003 0.003 0.001 0.002 0.001 0.002 0.008 0.003 0.013 0.012 

Locus 13 : Scv31 
15 alleles
3.0% missing data
 193   (0.120) 0.256 0.087 0.015 0.065 0.626 0.030 0.060 0.041 0.253 0.107 
 201   (0.110) 0.021 0.031 0.019 0.101 0.081 0.046 0.249 0.016 0.079 0.074 
 187   (0.086) 0.019 0.061 0.291 0.115 0.054 0.334 0.023 0.012 0.056 0.066 
 207   (0.028) 0.004 0.021 0.378 0.003 0.002 0.028 0.007 0.003 0.014 0.014 
 195   (0.068) 0.046 0.175 0.007 0.217 0.015 0.102 0.018 0.020 0.044 0.060 
 185   (0.184) 0.325 0.258 0.225 0.114 0.018 0.027 0.116 0.334 0.256 0.288 
 189   (0.050) 0.006 0.008 0.003 0.005 0.165 0.005 0.277 0.006 0.032 0.025 
 205   (0.020) 0.002 0.003 0.001 0.002 0.001 0.002 0.006 0.003 0.014 0.013 
 191   (0.149) 0.282 0.307 0.046 0.017 0.022 0.345 0.045 0.454 0.120 0.240 
 197   (0.026) 0.005 0.009 0.003 0.293 0.003 0.004 0.007 0.003 0.015 0.016 
 199   (0.055) 0.010 0.014 0.004 0.058 0.004 0.006 0.063 0.090 0.037 0.032 
 203   (0.024) 0.003 0.004 0.002 0.002 0.002 0.002 0.085 0.003 0.014 0.013 
 209   (0.031) 0.013 0.007 0.002 0.003 0.003 0.003 0.018 0.007 0.028 0.021 
 213   (0.024) 0.004 0.007 0.002 0.002 0.002 0.002 0.019 0.003 0.022 0.018 
 181   (0.026) 0.004 0.010 0.003 0.003 0.002 0.064 0.007 0.003 0.016 0.012 

Locus 14 : Scv6 
8 alleles
0.0% missing data
 191   (0.096) 0.018 0.029 0.007 0.014 0.275 0.200 0.228 0.013 0.068 0.057 
 195   (0.385) 0.480 0.492 0.673 0.652 0.377 0.475 0.277 0.204 0.440 0.417 
 197   (0.212) 0.176 0.128 0.275 0.224 0.320 0.288 0.100 0.420 0.231 0.148 
 201   (0.088) 0.074 0.035 0.006 0.009 0.008 0.009 0.124 0.141 0.112 0.064 
 205   (0.023) 0.003 0.003 0.001 0.002 0.002 0.002 0.063 0.003 0.012 0.010 
 193   (0.098) 0.079 0.119 0.007 0.077 0.008 0.011 0.127 0.188 0.064 0.140 
 199   (0.075) 0.167 0.190 0.030 0.019 0.009 0.014 0.027 0.027 0.060 0.152 
 181   (0.023) 0.003 0.004 0.001 0.002 0.002 0.002 0.053 0.003 0.013 0.012 

Values of parameters used in structure:
DATAFILE=M:\STRUCTURE\Squirrel_132_ID_14L_20250816\project_data,	OUTFILE=M:\STRUCTURE\Squirrel_132_ID_14L_20250816\10k_Burnin_100k_MCMC\Results\10k_Burnin_100k_MCMC_run_248,	NUMINDS=132,	NUMLOCI=14,	MISSING=-9,	LABEL=1,	POPDATA=1,	POPFLAG=0,	PHENOTYPE=0,	EXTRACOLS=1,	MAXPOPS=10,	BURNIN=10000,	NUMREPS=100000,	USEPOPINFO=0,	INFERALPHA=1,	INFERLAMBDA=1,	POPSPECIFICLAMBDA=0,	POPALPHAS=0,	COMPUTEPROB=1,	NOADMIX=0,	ADMBURNIN=2500,	UPDATEFREQ=1,	PRINTLIKES=0,	INTERMEDSAVE=0,	PRINTKLD=0,	PRINTNET=0,	PRINTLAMBDA=0,	ANCESTDIST=1,	NUMBOXES=1000,	ANCESTPINT=0.90000,	GENSBACK=2,	MIGRPRIOR=0.05000,	PRINTQHAT=1,	PRINTQSUM=0,	ALPHA=1.0000,	FREQSCORR=1,	FPRIORMEAN=0.0100,	FPRIORSD=0.0500,	ONEFST=0,	LAMBDA=1.0000,	UNIFPRIORALPHA=1,	ALPHAMAX=10.0000,	ALPHAPRIORA=1.0000,	ALPHAPRIORB=2.0000,	ALPHAPROPSD=0.0250,	STARTATPOPINFO=0,	RANDOMIZE=1,	LINKAGE=0,	METROFREQ=10,	REPORTHITRATE=0,	MARKOVPHASE=-1,	PHASED=0,	PLOIDY=2,	PHASEINFO=0	LOCPRIOR=0, 	LOCPRIORINIT=1.000000, 	LOCDATA=0, 	LOCISPOP=0, 	LOCPRIORSTEP=0.100000, 	MAXLOCPRIOR=20.000000, 	SEED=1763834730,	
[STRAT parameters]:    NUMSIMSTATS=1000,	PHENOTYPECOL=-9,	POOLFREQ=10,	LOCUSxONLY=0,	EMERROR=0.00100,	MISSINGPHENO=-9,	