          1*  1 0.8199 0.0174 0.0908 0.0173 0.0382 0.0108 0.0056 
           3  1 0.0058 0.0089 0.0079 0.9599 0.0059 0.0065 0.0050 
           6  1 0.0067 0.0133 0.0255 0.9149 0.0079 0.0208 0.0110 
           8  1 0.0143 0.0114 0.0051 0.0101 0.0228 0.9326 0.0038 
          10  1 0.0082 0.0046 0.0050 0.0114 0.9289 0.0372 0.0047 
          11  1 0.6602 0.0145 0.0921 0.0290 0.0285 0.1142 0.0616 
          12  1 0.0050 0.0042 0.0089 0.0069 0.9641 0.0057 0.0051 
          16  1 0.0069 0.0050 0.0060 0.9536 0.0079 0.0146 0.0059 
          18  1 0.9538 0.0080 0.0050 0.0087 0.0084 0.0108 0.0053 
          19  1 0.8207 0.0375 0.0116 0.0156 0.0163 0.0491 0.0492 
          21  1 0.0070 0.0057 0.0093 0.9300 0.0078 0.0316 0.0087 
          23  1 0.0145 0.0115 0.4304 0.0213 0.4674 0.0148 0.0400 
          24  1 0.2360 0.0103 0.0172 0.0184 0.5689 0.0921 0.0572 
          25  1 0.0195 0.0079 0.2507 0.0608 0.5449 0.1070 0.0091 
         26*  1 0.0279 0.0086 0.0104 0.2638 0.3078 0.3750 0.0064 
          28  1 0.0080 0.0060 0.0132 0.0502 0.1847 0.7311 0.0068 
          29  1 0.0164 0.0069 0.0059 0.0067 0.9308 0.0281 0.0053 
          30  1 0.0265 0.3919 0.0332 0.2182 0.1693 0.1530 0.0078 
          33  1 0.9361 0.0139 0.0148 0.0061 0.0054 0.0050 0.0188 
          37  1 0.9088 0.0067 0.0110 0.0112 0.0429 0.0096 0.0097 
          38  1 0.9502 0.0057 0.0047 0.0094 0.0137 0.0108 0.0053 
          43  1 0.0094 0.0094 0.0161 0.0371 0.7917 0.1297 0.0067 
          44  1 0.0080 0.0172 0.0058 0.2268 0.0066 0.7294 0.0061 
          48  1 0.9549 0.0080 0.0058 0.0115 0.0083 0.0069 0.0046 
          55  1 0.0132 0.0180 0.0460 0.0927 0.0100 0.8129 0.0072 
          59  1 0.0074 0.0083 0.0079 0.9588 0.0051 0.0081 0.0044 
          60  1 0.0109 0.0078 0.9311 0.0082 0.0291 0.0046 0.0083 
          61  1 0.0101 0.0575 0.4133 0.0148 0.0076 0.0131 0.4836 
          62  1 0.0266 0.0217 0.1630 0.0184 0.0326 0.0239 0.7138 
          65  1 0.9323 0.0216 0.0128 0.0060 0.0063 0.0094 0.0116 
          73  1 0.0107 0.7908 0.0278 0.0085 0.1427 0.0129 0.0066 
          75  1 0.0109 0.0322 0.0048 0.0085 0.0044 0.0061 0.9331 
          76  1 0.0050 0.0066 0.0136 0.0060 0.0110 0.0052 0.9525 
          77  1 0.0079 0.0060 0.2055 0.0061 0.0111 0.0055 0.7578 
          78  1 0.0152 0.6813 0.0373 0.0065 0.0176 0.0130 0.2291 
          79  1 0.0123 0.0576 0.0087 0.0048 0.0047 0.0082 0.9037 
          84  1 0.0131 0.0156 0.0572 0.8265 0.0234 0.0355 0.0286 
          85  1 0.0114 0.0111 0.0083 0.0101 0.0071 0.9445 0.0075 
          86  1 0.0225 0.0179 0.0111 0.0052 0.0166 0.9168 0.0097 
          89  1 0.0255 0.0132 0.0759 0.6131 0.1996 0.0194 0.0533 
          94  1 0.0122 0.0055 0.0066 0.0070 0.9554 0.0084 0.0049 
          95  1 0.0133 0.0136 0.0185 0.9263 0.0063 0.0164 0.0056 
          96  1 0.0058 0.0065 0.0061 0.0069 0.0108 0.9571 0.0068 
          98  1 0.0074 0.1382 0.7966 0.0059 0.0094 0.0067 0.0358 
         102  1 0.9053 0.0078 0.0154 0.0310 0.0175 0.0072 0.0158 
         105  1 0.0083 0.9634 0.0055 0.0068 0.0061 0.0052 0.0047 
         106  1 0.0255 0.3412 0.0241 0.1183 0.0047 0.0317 0.4544 
         108  1 0.0855 0.8266 0.0348 0.0087 0.0094 0.0108 0.0242 
         109  1 0.0115 0.8608 0.0688 0.0107 0.0070 0.0149 0.0263 
         112  1 0.0416 0.0109 0.3390 0.0142 0.0559 0.3521 0.1863 
         115  1 0.8117 0.0222 0.0571 0.0142 0.0670 0.0137 0.0142 
         116  1 0.0141 0.0212 0.0061 0.0100 0.0079 0.9333 0.0073 
         117  1 0.0179 0.0203 0.0421 0.6978 0.1357 0.0719 0.0143 
         129  1 0.0092 0.0074 0.0075 0.0884 0.0134 0.8703 0.0038 
         132  1 0.0643 0.0097 0.7231 0.0148 0.1719 0.0071 0.0092 
         133  1 0.0072 0.1276 0.7999 0.0065 0.0065 0.0052 0.0471 
         137  1 0.0135 0.0195 0.5497 0.0133 0.0186 0.0118 0.3736 
         139  1 0.0135 0.0104 0.0060 0.0097 0.0071 0.0087 0.9447 
         140  1 0.0148 0.8390 0.0690 0.0295 0.0062 0.0113 0.0303 
         142  1 0.0079 0.0088 0.0414 0.0241 0.0125 0.0073 0.8979 
         144  1 0.0059 0.9619 0.0091 0.0079 0.0044 0.0047 0.0061 
         145  1 0.0090 0.0160 0.1040 0.0094 0.0066 0.0102 0.8448 
         147  1 0.0071 0.9509 0.0067 0.0045 0.0042 0.0082 0.0184 
         160  1 0.0073 0.0046 0.0053 0.0083 0.9625 0.0075 0.0045 
        162*  1 0.0059 0.0069 0.0064 0.0065 0.0144 0.9528 0.0071 
         166  1 0.0051 0.0176 0.9494 0.0091 0.0050 0.0062 0.0076 
         177  1 0.0046 0.0049 0.0068 0.0049 0.0043 0.0041 0.9704 
         178  1 0.0157 0.0143 0.0588 0.0089 0.0285 0.0151 0.8587 
         186  1 0.0046 0.0040 0.0053 0.9710 0.0052 0.0055 0.0043 
         189  1 0.0065 0.0043 0.0051 0.0074 0.0125 0.9555 0.0087 
         190  1 0.0220 0.0096 0.0342 0.0569 0.0915 0.7700 0.0157 
         191  1 0.0107 0.0420 0.0141 0.3190 0.0193 0.5678 0.0271 
         193  1 0.0155 0.0335 0.2263 0.0406 0.0230 0.0222 0.6389 
         202  1 0.1411 0.0125 0.0813 0.0201 0.4284 0.2960 0.0206 
         204  1 0.0054 0.0070 0.0062 0.3664 0.0109 0.6000 0.0041 
         211  1 0.0343 0.1173 0.6224 0.0161 0.1408 0.0103 0.0588 
         216  1 0.0080 0.6781 0.2452 0.0056 0.0249 0.0083 0.0300 
         222  1 0.0261 0.9219 0.0094 0.0049 0.0065 0.0185 0.0127 
         224  1 0.0085 0.0094 0.0058 0.0082 0.0143 0.9467 0.0070 
         226  1 0.0104 0.0054 0.0135 0.9527 0.0053 0.0079 0.0048 
         229  1 0.0887 0.0456 0.0607 0.0359 0.0807 0.6182 0.0700 
         230  1 0.0291 0.0171 0.0132 0.0419 0.0348 0.8165 0.0474 
         232  1 0.0423 0.0233 0.2487 0.1440 0.3245 0.1057 0.1115 
         238  1 0.6740 0.0411 0.0640 0.0079 0.0098 0.0433 0.1599 
         242  1 0.9619 0.0082 0.0074 0.0068 0.0043 0.0072 0.0041 
         243  1 0.7974 0.0203 0.1158 0.0274 0.0083 0.0105 0.0203 
         244  1 0.7908 0.0086 0.0311 0.0077 0.0116 0.0164 0.1338 
         251  1 0.6987 0.0163 0.0333 0.0107 0.1705 0.0431 0.0275 
         266  1 0.2005 0.0135 0.2834 0.0122 0.0064 0.0111 0.4730 
         267  1 0.0174 0.8334 0.0723 0.0450 0.0068 0.0142 0.0109 
         268  1 0.0125 0.1713 0.3827 0.0069 0.0435 0.0053 0.3778 
         270  1 0.0096 0.0116 0.0091 0.0215 0.0218 0.9198 0.0066 
         276  1 0.0226 0.0394 0.0670 0.2679 0.0222 0.5294 0.0515 
         298  1 0.0160 0.6351 0.0987 0.0224 0.0130 0.0085 0.2065 
         306  1 0.0210 0.0189 0.8567 0.0125 0.0064 0.0117 0.0727 
         308  1 0.0412 0.0843 0.0486 0.0082 0.0878 0.0135 0.7165 
         311  1 0.1354 0.4715 0.2739 0.0100 0.0332 0.0379 0.0381 
         323  1 0.0081 0.0075 0.0058 0.9605 0.0051 0.0080 0.0050 
         327  1 0.0262 0.0164 0.0365 0.0254 0.2878 0.5994 0.0082 
         334  1 0.8903 0.0291 0.0287 0.0048 0.0110 0.0144 0.0217 
         338  1 0.0285 0.5632 0.2544 0.0373 0.0300 0.0374 0.0493 
         341  1 0.0130 0.0069 0.0378 0.9201 0.0082 0.0082 0.0060 
         346  1 0.0084 0.0073 0.7819 0.0115 0.0429 0.0094 0.1386 
         348  1 0.0183 0.7079 0.0192 0.0084 0.0063 0.0086 0.2314 
         351  1 0.4949 0.0110 0.3993 0.0149 0.0560 0.0110 0.0129 
         362  1 0.0077 0.0083 0.0093 0.1399 0.0688 0.7603 0.0058 
         364  1 0.9245 0.0084 0.0255 0.0115 0.0120 0.0057 0.0124 
         366  1 0.8990 0.0254 0.0298 0.0126 0.0082 0.0183 0.0067 
         376  1 0.0077 0.0040 0.0152 0.9117 0.0143 0.0272 0.0199 
         377  1 0.0216 0.0818 0.0325 0.0264 0.3993 0.4186 0.0197 
         378  1 0.0052 0.0062 0.0160 0.0152 0.9334 0.0068 0.0172 
         388  1 0.0173 0.7528 0.1582 0.0120 0.0347 0.0124 0.0127 
         391  1 0.0136 0.0161 0.3084 0.4566 0.1819 0.0084 0.0150 
         401  1 0.2167 0.0105 0.0228 0.1475 0.0133 0.3171 0.2721 
         406  1 0.0559 0.0953 0.6886 0.0934 0.0172 0.0156 0.0340 
         412  1 0.0237 0.1326 0.6915 0.0258 0.0379 0.0335 0.0550 
         413  1 0.0421 0.0548 0.0748 0.0054 0.0125 0.0445 0.7661 
         421  1 0.0198 0.0201 0.0459 0.0217 0.0111 0.8401 0.0414 
         423  1 0.0230 0.0488 0.0100 0.0119 0.0128 0.8798 0.0137 
         424  1 0.0214 0.0226 0.7068 0.1737 0.0262 0.0128 0.0365 
         426  1 0.0303 0.0129 0.0958 0.1173 0.6813 0.0371 0.0254 
         430  1 0.0071 0.0262 0.7876 0.0248 0.0124 0.0127 0.1292 
         435  1 0.0054 0.0234 0.0326 0.0051 0.0146 0.0076 0.9113 
         476  1 0.0288 0.0054 0.0113 0.7627 0.0133 0.1528 0.0257 
         478  1 0.0287 0.0107 0.0190 0.7112 0.0174 0.2052 0.0078 
         484  1 0.0085 0.6198 0.2986 0.0197 0.0104 0.0069 0.0361 
         489  1 0.0067 0.2223 0.0551 0.0071 0.6535 0.0469 0.0084 
         493  1 0.9472 0.0078 0.0110 0.0071 0.0106 0.0077 0.0086 
         494  1 0.8960 0.0081 0.0064 0.0103 0.0481 0.0214 0.0099 
         500  1 0.0088 0.0052 0.0068 0.0594 0.0092 0.9064 0.0042 
         504  1 0.0494 0.7160 0.0806 0.0136 0.0633 0.0563 0.0208 
         506  1 0.0055 0.9439 0.0072 0.0171 0.0058 0.0158 0.0046 
