          1*  1 0.0408 0.0055 0.8745 0.0665 0.0126 
           6  1 0.0928 0.0226 0.0095 0.1269 0.7482 
           8  1 0.0085 0.0053 0.0079 0.0062 0.9720 
          11  1 0.0250 0.0300 0.5849 0.0644 0.2958 
          12  1 0.0077 0.0065 0.0125 0.9490 0.0243 
          19  1 0.0323 0.0567 0.8469 0.0173 0.0467 
          23  1 0.0187 0.0219 0.0083 0.9340 0.0171 
          24  1 0.0157 0.0374 0.1723 0.1100 0.6645 
          25  1 0.0118 0.0049 0.0108 0.8284 0.1441 
         26*  1 0.0076 0.0065 0.0159 0.0241 0.9459 
          28  1 0.0067 0.0053 0.0061 0.0312 0.9507 
          29  1 0.0075 0.0080 0.0351 0.1009 0.8484 
          30  1 0.2730 0.0066 0.0178 0.0166 0.6859 
          33  1 0.0084 0.0235 0.9527 0.0109 0.0044 
          37  1 0.0056 0.0076 0.9619 0.0149 0.0101 
          38  1 0.0043 0.0043 0.9702 0.0068 0.0144 
          44  1 0.0132 0.0067 0.0067 0.0088 0.9646 
          48  1 0.0063 0.0049 0.9748 0.0062 0.0078 
          55  1 0.0213 0.0091 0.0113 0.0217 0.9366 
          60  1 0.1187 0.0097 0.0193 0.8464 0.0059 
          61  1 0.0539 0.8723 0.0167 0.0411 0.0160 
          62  1 0.0346 0.6195 0.0247 0.2610 0.0603 
          65  1 0.0237 0.0149 0.9387 0.0140 0.0087 
          73  1 0.9345 0.0085 0.0091 0.0312 0.0167 
          75  1 0.0267 0.9230 0.0284 0.0070 0.0149 
          76  1 0.0056 0.9702 0.0056 0.0126 0.0059 
          78  1 0.1433 0.8245 0.0120 0.0108 0.0093 
          79  1 0.0092 0.9735 0.0067 0.0058 0.0047 
          84  1 0.0139 0.0255 0.0115 0.1572 0.7919 
          85  1 0.0084 0.0102 0.0106 0.0065 0.9643 
          86  1 0.0173 0.0209 0.0180 0.0127 0.9311 
          89  1 0.0294 0.0291 0.0412 0.6415 0.2588 
          94  1 0.0058 0.0069 0.2591 0.6688 0.0594 
          95  1 0.0318 0.0127 0.1023 0.0690 0.7843 
          98  1 0.6577 0.2061 0.0181 0.1061 0.0120 
         102  1 0.0165 0.0138 0.9182 0.0421 0.0094 
         106  1 0.0532 0.8712 0.0262 0.0298 0.0196 
         108  1 0.4240 0.3665 0.1589 0.0306 0.0200 
         109  1 0.9444 0.0321 0.0076 0.0082 0.0077 
         112  1 0.0161 0.1457 0.0528 0.5505 0.2349 
         115  1 0.0465 0.0282 0.8153 0.0704 0.0395 
         117  1 0.0276 0.0280 0.0169 0.1110 0.8164 
         140  1 0.9683 0.0106 0.0066 0.0077 0.0067 
         147  1 0.2328 0.7467 0.0072 0.0059 0.0074 
        162*  1 0.0095 0.0059 0.0059 0.0093 0.9693 
         166  1 0.5652 0.0241 0.0125 0.3863 0.0118 
         177  1 0.0063 0.9680 0.0077 0.0093 0.0087 
         178  1 0.0114 0.9449 0.0085 0.0213 0.0140 
         189  1 0.0045 0.0067 0.0073 0.0086 0.9729 
         190  1 0.0095 0.0058 0.0081 0.0154 0.9613 
         202  1 0.0127 0.0108 0.0559 0.6371 0.2835 
         211  1 0.1199 0.0865 0.0171 0.7676 0.0089 
         216  1 0.7854 0.1402 0.0078 0.0595 0.0070 
         222  1 0.8775 0.0634 0.0258 0.0239 0.0093 
         224  1 0.0123 0.0108 0.0120 0.0111 0.9537 
         229  1 0.0115 0.0221 0.0200 0.0171 0.9293 
         230  1 0.0140 0.0146 0.0124 0.0093 0.9497 
         232  1 0.0266 0.0367 0.0293 0.2670 0.6404 
         238  1 0.0289 0.1339 0.7404 0.0533 0.0436 
         242  1 0.0079 0.0048 0.9758 0.0057 0.0058 
         243  1 0.0583 0.0279 0.8664 0.0332 0.0142 
         244  1 0.0090 0.1032 0.8531 0.0216 0.0131 
         251  1 0.0182 0.0372 0.8435 0.0646 0.0363 
         266  1 0.0577 0.5360 0.2333 0.1519 0.0211 
         267  1 0.9489 0.0095 0.0121 0.0165 0.0130 
         268  1 0.0878 0.8560 0.0114 0.0367 0.0081 
         270  1 0.0091 0.0076 0.0121 0.0097 0.9615 
         276  1 0.0478 0.0208 0.0119 0.0622 0.8573 
         298  1 0.1921 0.7667 0.0113 0.0190 0.0110 
         306  1 0.1744 0.0580 0.0329 0.7228 0.0119 
         308  1 0.0466 0.8612 0.0229 0.0593 0.0100 
         311  1 0.6526 0.0570 0.1531 0.1045 0.0328 
         327  1 0.0203 0.0056 0.0113 0.0417 0.9211 
         338  1 0.7853 0.0606 0.0162 0.1171 0.0208 
         346  1 0.0407 0.1300 0.0112 0.8076 0.0106 
         348  1 0.2111 0.7597 0.0158 0.0065 0.0069 
         351  1 0.0139 0.0150 0.8640 0.0926 0.0145 
         362  1 0.0085 0.0050 0.0071 0.0134 0.9659 
         364  1 0.0097 0.0108 0.9555 0.0173 0.0068 
         366  1 0.0361 0.0106 0.8967 0.0345 0.0221 
         376  1 0.0117 0.0150 0.0233 0.1811 0.7689 
         388  1 0.9649 0.0079 0.0076 0.0129 0.0066 
         391  1 0.0457 0.0141 0.0109 0.9075 0.0219 
         396  1 0.0245 0.0157 0.0130 0.0804 0.8665 
         400  1 0.0202 0.0162 0.4636 0.2989 0.2011 
         401  1 0.0155 0.1287 0.1727 0.0192 0.6639 
         406  1 0.5365 0.0163 0.0450 0.3863 0.0159 
         413  1 0.0439 0.8629 0.0367 0.0299 0.0265 
         421  1 0.0456 0.0453 0.0210 0.1151 0.7729 
         423  1 0.0613 0.0271 0.0475 0.0397 0.8244 
         435  1 0.0237 0.8989 0.0069 0.0629 0.0076 
         476  1 0.0113 0.0128 0.0305 0.0353 0.9102 
         484  1 0.9076 0.0544 0.0076 0.0234 0.0071 
         489  1 0.1226 0.0304 0.0226 0.7331 0.0913 
         492  1 0.1109 0.1087 0.6928 0.0569 0.0307 
         493  1 0.0085 0.0058 0.9600 0.0144 0.0113 
         494  1 0.0053 0.0081 0.9509 0.0146 0.0211 
         500  1 0.0050 0.0037 0.0072 0.0103 0.9739 
         504  1 0.9028 0.0324 0.0217 0.0152 0.0279 
         506  1 0.9571 0.0070 0.0067 0.0095 0.0198 
