

----------------------------------------------------
STRUCTURE by Pritchard, Stephens and Donnelly (2000)
     and Falush, Stephens and Pritchard (2003)
       Code by Pritchard, Falush and Hubisz
             Version 2.3.4 (Jul 2012)
----------------------------------------------------



Command line arguments:   bin\structure -m C:\Users\drenske\Desktop\STRUCTURE\Squirrel_100_ID_16L_20260210\10k_Burnin_100k_MCMC\mainparams -e C:\Users\drenske\Desktop\STRUCTURE\Squirrel_100_ID_16L_20260210\10k_Burnin_100k_MCMC\extraparams 
Input File:    C:\Users\drenske\Desktop\STRUCTURE\Squirrel_100_ID_16L_20260210\project_data

Run parameters:
   100 individuals
   16 loci
   2 populations assumed
   10000 Burn-in period
   100000 Reps


--------------------------------------------
Proportion of membership of each pre-defined
 population in each of the 2 clusters

Given    Inferred Clusters       Number of
 Pop       1      2             Individuals

  1:     0.547  0.453             100
--------------------------------------------

Allele-freq. divergence among pops (Net nucleotide distance),
computed using point estimates of P.

      1       2      
 1      -    0.0248  
 2   0.0248     -    

Average distances (expected heterozygosity) between individuals in same cluster:
cluster  1  : 0.6204 
cluster  2  : 0.6263 

--------------------------------------------
Estimated Ln Prob of Data   = -4022.5
Mean value of ln likelihood = -3956.7
Variance of ln likelihood   = 131.5
Mean value of alpha         = 0.0639

Mean value of lambda        = 1.1250

Mean value of Fst_1         = 0.0467
Mean value of Fst_2         = 0.0849


Inferred ancestry of individuals:
        Label (%Miss) Pop:  Inferred clusters (and 90% probability intervals)
  1       1*    (0)    1 :  0.572 0.428     (0.000,1.000) (0.000,1.000) 
  2        6    (0)    1 :  0.755 0.245     (0.000,1.000) (0.000,1.000) 
  3        8    (0)    1 :  0.988 0.012     (0.927,1.000) (0.000,0.073) 
  4       11    (0)    1 :  0.958 0.042     (0.712,1.000) (0.000,0.288) 
  5       12    (0)    1 :  0.953 0.047     (0.692,1.000) (0.000,0.308) 
  6       19    (0)    1 :  0.673 0.327     (0.000,1.000) (0.000,1.000) 
  7       23    (6)    1 :  0.251 0.749     (0.000,1.000) (0.000,1.000) 
  8       24    (6)    1 :  0.980 0.020     (0.868,1.000) (0.000,0.132) 
  9       25    (6)    1 :  0.887 0.113     (0.332,1.000) (0.000,0.668) 
 10      26*    (0)    1 :  0.991 0.009     (0.947,1.000) (0.000,0.053) 
 11       28    (0)    1 :  0.989 0.011     (0.933,1.000) (0.000,0.067) 
 12       29    (0)    1 :  0.987 0.013     (0.925,1.000) (0.000,0.075) 
 13       30    (0)    1 :  0.881 0.119     (0.233,1.000) (0.000,0.767) 
 14       33    (0)    1 :  0.276 0.724     (0.000,1.000) (0.000,1.000) 
 15       37    (0)    1 :  0.979 0.021     (0.871,1.000) (0.000,0.129) 
 16       38    (0)    1 :  0.987 0.013     (0.926,1.000) (0.000,0.074) 
 17       44    (0)    1 :  0.986 0.014     (0.911,1.000) (0.000,0.089) 
 18       48    (0)    1 :  0.976 0.024     (0.886,1.000) (0.000,0.114) 
 19       55    (0)    1 :  0.966 0.034     (0.763,1.000) (0.000,0.237) 
 20       60    (0)    1 :  0.020 0.980     (0.000,0.116) (0.884,1.000) 
 21       61    (0)    1 :  0.020 0.980     (0.000,0.122) (0.878,1.000) 
 22       62    (0)    1 :  0.189 0.811     (0.000,1.000) (0.000,1.000) 
 23       65    (0)    1 :  0.804 0.196     (0.000,1.000) (0.000,1.000) 
 24       73    (0)    1 :  0.061 0.939     (0.000,0.383) (0.617,1.000) 
 25       75    (0)    1 :  0.024 0.976     (0.000,0.159) (0.841,1.000) 
 26       76    (0)    1 :  0.011 0.989     (0.000,0.068) (0.932,1.000) 
 27       78    (0)    1 :  0.012 0.988     (0.000,0.075) (0.925,1.000) 
 28       79    (0)    1 :  0.013 0.987     (0.000,0.081) (0.919,1.000) 
 29       84    (0)    1 :  0.959 0.041     (0.725,1.000) (0.000,0.275) 
 30       85    (0)    1 :  0.983 0.017     (0.898,1.000) (0.000,0.102) 
 31       86    (0)    1 :  0.973 0.027     (0.816,1.000) (0.000,0.184) 
 32       89    (0)    1 :  0.885 0.115     (0.001,1.000) (0.000,0.999) 
 33       94    (0)    1 :  0.990 0.010     (0.942,1.000) (0.000,0.058) 
 34       95    (0)    1 :  0.966 0.034     (0.770,1.000) (0.000,0.230) 
 35       98    (0)    1 :  0.017 0.983     (0.000,0.105) (0.895,1.000) 
 36      102    (0)    1 :  0.947 0.053     (0.644,1.000) (0.000,0.356) 
 37      106    (0)    1 :  0.044 0.956     (0.000,0.275) (0.725,1.000) 
 38      108    (0)    1 :  0.040 0.960     (0.000,0.271) (0.729,1.000) 
 39      109    (0)    1 :  0.015 0.985     (0.000,0.093) (0.907,1.000) 
 40      112    (0)    1 :  0.502 0.498     (0.000,1.000) (0.000,1.000) 
 41      115    (0)    1 :  0.884 0.116     (0.164,1.000) (0.000,0.836) 
 42      117    (0)    1 :  0.889 0.111     (0.266,1.000) (0.000,0.734) 
 43      140    (0)    1 :  0.027 0.973     (0.000,0.141) (0.859,1.000) 
 44      147    (0)    1 :  0.009 0.991     (0.000,0.056) (0.944,1.000) 
 45     162*    (0)    1 :  0.983 0.017     (0.895,1.000) (0.000,0.105) 
 46      166    (0)    1 :  0.014 0.986     (0.000,0.087) (0.913,1.000) 
 47      177    (0)    1 :  0.019 0.981     (0.000,0.118) (0.882,1.000) 
 48      178    (0)    1 :  0.022 0.978     (0.000,0.144) (0.856,1.000) 
 49      189    (0)    1 :  0.990 0.010     (0.942,1.000) (0.000,0.058) 
 50      190    (0)    1 :  0.986 0.014     (0.918,1.000) (0.000,0.082) 
 51      202    (0)    1 :  0.966 0.034     (0.777,1.000) (0.000,0.223) 
 52      211    (0)    1 :  0.028 0.972     (0.000,0.193) (0.807,1.000) 
 53      216    (0)    1 :  0.010 0.990     (0.000,0.058) (0.942,1.000) 
 54      222    (0)    1 :  0.033 0.967     (0.000,0.229) (0.771,1.000) 
 55      224    (0)    1 :  0.976 0.024     (0.841,1.000) (0.000,0.159) 
 56      229    (0)    1 :  0.966 0.034     (0.769,1.000) (0.000,0.231) 
 57      230    (0)    1 :  0.978 0.022     (0.851,1.000) (0.000,0.149) 
 58      232    (0)    1 :  0.925 0.075     (0.504,1.000) (0.000,0.496) 
 59      238    (0)    1 :  0.503 0.497     (0.000,1.000) (0.000,1.000) 
 60      242    (0)    1 :  0.661 0.339     (0.000,1.000) (0.000,1.000) 
 61      243    (0)    1 :  0.574 0.426     (0.000,1.000) (0.000,1.000) 
 62      244    (0)    1 :  0.480 0.520     (0.000,1.000) (0.000,1.000) 
 63      251    (0)    1 :  0.744 0.256     (0.000,1.000) (0.000,1.000) 
 64      266    (0)    1 :  0.148 0.852     (0.000,0.923) (0.077,1.000) 
 65      267    (0)    1 :  0.033 0.967     (0.000,0.232) (0.768,1.000) 
 66      268    (0)    1 :  0.011 0.989     (0.000,0.069) (0.931,1.000) 
 67      270    (0)    1 :  0.987 0.013     (0.919,1.000) (0.000,0.081) 
 68      276    (0)    1 :  0.909 0.091     (0.323,1.000) (0.000,0.677) 
 69      298    (6)    1 :  0.013 0.987     (0.000,0.079) (0.921,1.000) 
 70      306    (0)    1 :  0.014 0.986     (0.000,0.084) (0.916,1.000) 
 71      308    (0)    1 :  0.016 0.984     (0.000,0.106) (0.894,1.000) 
 72      311    (6)    1 :  0.098 0.902     (0.000,0.815) (0.185,1.000) 
 73      327    (0)    1 :  0.985 0.015     (0.908,1.000) (0.000,0.092) 
 74      338    (0)    1 :  0.031 0.969     (0.000,0.177) (0.823,1.000) 
 75      346    (0)    1 :  0.022 0.978     (0.000,0.131) (0.869,1.000) 
 76      348    (0)    1 :  0.012 0.988     (0.000,0.073) (0.927,1.000) 
 77      351    (0)    1 :  0.680 0.320     (0.000,1.000) (0.000,1.000) 
 78      362    (0)    1 :  0.987 0.013     (0.917,1.000) (0.000,0.083) 
 79      364    (0)    1 :  0.604 0.396     (0.000,1.000) (0.000,1.000) 
 80      366    (0)    1 :  0.588 0.412     (0.000,1.000) (0.000,1.000) 
 81      376    (0)    1 :  0.971 0.029     (0.804,1.000) (0.000,0.196) 
 82      388    (0)    1 :  0.019 0.981     (0.000,0.119) (0.881,1.000) 
 83      391    (0)    1 :  0.224 0.776     (0.000,1.000) (0.000,1.000) 
 84      396   (18)    1 :  0.966 0.034     (0.772,1.000) (0.000,0.228) 
 85      400   (18)    1 :  0.977 0.023     (0.848,1.000) (0.000,0.152) 
 86      401    (0)    1 :  0.950 0.050     (0.653,1.000) (0.000,0.347) 
 87      406    (0)    1 :  0.079 0.921     (0.000,0.572) (0.428,1.000) 
 88      413    (0)    1 :  0.143 0.857     (0.000,1.000) (0.000,1.000) 
 89      421    (0)    1 :  0.948 0.052     (0.639,1.000) (0.000,0.361) 
 90      423    (0)    1 :  0.951 0.049     (0.657,1.000) (0.000,0.343) 
 91      435    (0)    1 :  0.016 0.984     (0.000,0.098) (0.902,1.000) 
 92      476    (0)    1 :  0.983 0.017     (0.888,1.000) (0.000,0.112) 
 93      484    (0)    1 :  0.010 0.990     (0.000,0.064) (0.936,1.000) 
 94      489    (0)    1 :  0.505 0.495     (0.000,1.000) (0.000,1.000) 
 95      492   (18)    1 :  0.616 0.384     (0.000,1.000) (0.000,1.000) 
 96      493    (0)    1 :  0.950 0.050     (0.670,1.000) (0.000,0.330) 
 97      494    (0)    1 :  0.984 0.016     (0.912,1.000) (0.000,0.088) 
 98      500    (0)    1 :  0.993 0.007     (0.956,1.000) (0.000,0.044) 
 99      504    (0)    1 :  0.061 0.939     (0.000,0.385) (0.615,1.000) 
100      506    (0)    1 :  0.052 0.948     (0.000,0.363) (0.637,1.000) 


Estimated Allele Frequencies in each cluster
First column gives estimated ancestral frequencies


Locus 1 : Rsu3 
3 alleles
2.0% missing data
 164   (0.551) 0.568 0.558 
 166   (0.254) 0.190 0.356 
 170   (0.195) 0.243 0.086 

Locus 2 : Rsu5 
5 alleles
2.0% missing data
 137   (0.706) 0.825 0.673 
 135   (0.088) 0.047 0.076 
 139   (0.119) 0.105 0.062 
 133   (0.030) 0.013 0.004 
 131   (0.057) 0.010 0.185 

Locus 3 : Scv1 
5 alleles
1.0% missing data
 181   (0.498) 0.630 0.397 
 179   (0.193) 0.161 0.222 
 177   (0.106) 0.054 0.175 
 185   (0.167) 0.136 0.199 
 171   (0.037) 0.019 0.007 

Locus 4 : Rsu4 
9 alleles
0.0% missing data
 267   (0.195) 0.241 0.129 
 259   (0.071) 0.117 0.011 
 287   (0.163) 0.133 0.236 
 263   (0.307) 0.358 0.359 
 279   (0.082) 0.051 0.069 
 283   (0.055) 0.013 0.169 
 275   (0.053) 0.041 0.014 
 291   (0.037) 0.028 0.005 
 271   (0.036) 0.018 0.008 

Locus 5 : Rsu6 
4 alleles
0.0% missing data
 120   (0.290) 0.314 0.221 
 126   (0.577) 0.533 0.756 
 124   (0.088) 0.126 0.014 
 130   (0.045) 0.027 0.009 

Locus 6 : Scv12 
3 alleles
1.0% missing data
 198   (0.501) 0.483 0.557 
 196   (0.285) 0.247 0.344 
 200   (0.214) 0.271 0.099 

Locus 7 : Scv23 
3 alleles
1.0% missing data
 158   (0.519) 0.529 0.590 
 164   (0.190) 0.172 0.155 
 160   (0.291) 0.299 0.255 

Locus 8 : Scv13 
5 alleles
0.0% missing data
 182   (0.740) 0.822 0.775 
 180   (0.069) 0.094 0.009 
 172   (0.068) 0.020 0.133 
 184   (0.077) 0.051 0.035 
 174   (0.047) 0.013 0.048 

Locus 9 : Scv32 
17 alleles
1.0% missing data
 236   (0.049) 0.039 0.030 
 238   (0.041) 0.011 0.089 
 234   (0.114) 0.087 0.285 
 248   (0.093) 0.166 0.034 
 262   (0.115) 0.171 0.075 
 232   (0.148) 0.184 0.185 
 250   (0.050) 0.043 0.022 
 228   (0.029) 0.016 0.008 
 246   (0.070) 0.111 0.019 
 264   (0.044) 0.018 0.051 
 220   (0.050) 0.085 0.006 
 252   (0.044) 0.015 0.055 
 254   (0.033) 0.006 0.074 
 242   (0.029) 0.020 0.004 
 266   (0.029) 0.006 0.032 
 244   (0.038) 0.015 0.024 
 240   (0.024) 0.008 0.007 

Locus 10 : Scv8 
6 alleles
1.0% missing data
 200   (0.605) 0.703 0.599 
 202   (0.096) 0.051 0.102 
 194   (0.090) 0.070 0.050 
 204   (0.051) 0.055 0.006 
 188   (0.071) 0.018 0.220 
 198   (0.088) 0.104 0.022 

Locus 11 : Scv9 
5 alleles
0.0% missing data
 198   (0.316) 0.299 0.405 
 200   (0.330) 0.423 0.227 
 196   (0.263) 0.244 0.311 
 204   (0.062) 0.028 0.045 
 202   (0.029) 0.005 0.013 

Locus 12 : Rsu1 
6 alleles
0.0% missing data
 189   (0.243) 0.245 0.218 
 185   (0.267) 0.207 0.459 
 177   (0.098) 0.087 0.048 
 181   (0.265) 0.280 0.259 
 193   (0.072) 0.111 0.009 
 197   (0.056) 0.071 0.007 

Locus 13 : Scv14 
7 alleles
3.0% missing data
 196   (0.546) 0.685 0.576 
 198   (0.073) 0.031 0.113 
 194   (0.131) 0.121 0.101 
 202   (0.163) 0.132 0.192 
 204   (0.029) 0.013 0.004 
 190   (0.029) 0.013 0.004 
 200   (0.029) 0.007 0.011 

Locus 14 : Scv16 
7 alleles
0.0% missing data
 182   (0.405) 0.442 0.457 
 184   (0.378) 0.418 0.397 
 188   (0.080) 0.106 0.016 
 200   (0.029) 0.011 0.005 
 198   (0.041) 0.007 0.074 
 190   (0.037) 0.007 0.044 
 186   (0.029) 0.009 0.008 

Locus 15 : Scv31 
15 alleles
2.0% missing data
 193   (0.119) 0.121 0.166 
 201   (0.083) 0.103 0.038 
 187   (0.101) 0.132 0.074 
 207   (0.045) 0.060 0.008 
 195   (0.075) 0.050 0.114 
 185   (0.121) 0.101 0.242 
 189   (0.060) 0.114 0.009 
 205   (0.025) 0.009 0.006 
 191   (0.152) 0.186 0.212 
 197   (0.044) 0.021 0.039 
 199   (0.045) 0.019 0.051 
 203   (0.035) 0.018 0.017 
 209   (0.031) 0.014 0.011 
 181   (0.035) 0.037 0.004 
 213   (0.029) 0.014 0.010 

Locus 16 : Scv6 
8 alleles
0.0% missing data
 191   (0.105) 0.142 0.034 
 195   (0.363) 0.445 0.422 
 197   (0.214) 0.217 0.273 
 201   (0.083) 0.059 0.056 
 193   (0.087) 0.047 0.113 
 205   (0.027) 0.012 0.003 
 199   (0.089) 0.060 0.090 
 181   (0.033) 0.018 0.007 

Values of parameters used in structure:
DATAFILE=C:\Users\drenske\Desktop\STRUCTURE\Squirrel_100_ID_16L_20260210\project_data,	OUTFILE=C:\Users\drenske\Desktop\STRUCTURE\Squirrel_100_ID_16L_20260210\10k_Burnin_100k_MCMC\Results\10k_Burnin_100k_MCMC_run_38,	NUMINDS=100,	NUMLOCI=16,	MISSING=-9,	LABEL=1,	POPDATA=1,	POPFLAG=0,	PHENOTYPE=0,	EXTRACOLS=1,	MAXPOPS=2,	BURNIN=10000,	NUMREPS=100000,	USEPOPINFO=0,	INFERALPHA=1,	INFERLAMBDA=1,	POPSPECIFICLAMBDA=0,	POPALPHAS=0,	COMPUTEPROB=1,	NOADMIX=0,	ADMBURNIN=2500,	UPDATEFREQ=1,	PRINTLIKES=0,	INTERMEDSAVE=0,	PRINTKLD=0,	PRINTNET=0,	PRINTLAMBDA=0,	ANCESTDIST=1,	NUMBOXES=1000,	ANCESTPINT=0.90000,	GENSBACK=2,	MIGRPRIOR=0.05000,	PRINTQHAT=1,	PRINTQSUM=0,	ALPHA=1.0000,	FREQSCORR=1,	FPRIORMEAN=0.0100,	FPRIORSD=0.0500,	ONEFST=0,	LAMBDA=1.0000,	UNIFPRIORALPHA=1,	ALPHAMAX=10.0000,	ALPHAPRIORA=1.0000,	ALPHAPRIORB=2.0000,	ALPHAPROPSD=0.0250,	STARTATPOPINFO=0,	RANDOMIZE=1,	LINKAGE=0,	METROFREQ=10,	REPORTHITRATE=0,	MARKOVPHASE=-1,	PHASED=0,	PLOIDY=2,	PHASEINFO=0	LOCPRIOR=0, 	LOCPRIORINIT=1.000000, 	LOCDATA=0, 	LOCISPOP=0, 	LOCPRIORSTEP=0.100000, 	MAXLOCPRIOR=20.000000, 	SEED=1770756328,	
[STRAT parameters]:    NUMSIMSTATS=1000,	PHENOTYPECOL=-9,	POOLFREQ=10,	LOCUSxONLY=0,	EMERROR=0.00100,	MISSINGPHENO=-9,	