

----------------------------------------------------
STRUCTURE by Pritchard, Stephens and Donnelly (2000)
     and Falush, Stephens and Pritchard (2003)
       Code by Pritchard, Falush and Hubisz
             Version 2.3.4 (Jul 2012)
----------------------------------------------------



Command line arguments:   bin\structure -m C:\Users\drenske\Desktop\STRUCTURE\Squirrel_100_ID_16L_20260210\10k_Burnin_100k_MCMC\mainparams -e C:\Users\drenske\Desktop\STRUCTURE\Squirrel_100_ID_16L_20260210\10k_Burnin_100k_MCMC\extraparams 
Input File:    C:\Users\drenske\Desktop\STRUCTURE\Squirrel_100_ID_16L_20260210\project_data

Run parameters:
   100 individuals
   16 loci
   4 populations assumed
   10000 Burn-in period
   100000 Reps


--------------------------------------------
Proportion of membership of each pre-defined
 population in each of the 4 clusters

Given    Inferred Clusters              Number of
 Pop       1      2      3      4      Individuals

  1:     0.201  0.347  0.226  0.225      100
--------------------------------------------

Allele-freq. divergence among pops (Net nucleotide distance),
computed using point estimates of P.

      1       2       3       4      
 1      -    0.0503  0.0396  0.0384  
 2   0.0503     -    0.0332  0.0398  
 3   0.0396  0.0332     -    0.0402  
 4   0.0384  0.0398  0.0402     -    

Average distances (expected heterozygosity) between individuals in same cluster:
cluster  1  : 0.6228 
cluster  2  : 0.5800 
cluster  3  : 0.6512 
cluster  4  : 0.5825 

--------------------------------------------
Estimated Ln Prob of Data   = -3867.0
Mean value of ln likelihood = -3734.9
Variance of ln likelihood   = 264.2
Mean value of alpha         = 0.0468

Mean value of lambda        = 1.0994

Mean value of Fst_1         = 0.1279
Mean value of Fst_2         = 0.1358
Mean value of Fst_3         = 0.0419
Mean value of Fst_4         = 0.1369


Inferred ancestry of individuals:
        Label (%Miss) Pop:  Inferred clusters (and 90% probability intervals)
  1       1*    (0)    1 :  0.007 0.013 0.873 0.107     (0.000,0.039) (0.000,0.078) (0.425,1.000) (0.000,0.543) 
  2        6    (0)    1 :  0.026 0.795 0.011 0.168     (0.000,0.183) (0.014,1.000) (0.000,0.066) (0.000,0.931) 
  3        8    (0)    1 :  0.006 0.976 0.009 0.008     (0.000,0.036) (0.865,1.000) (0.000,0.053) (0.000,0.047) 
  4       11    (0)    1 :  0.045 0.352 0.575 0.028     (0.000,0.323) (0.000,1.000) (0.000,1.000) (0.000,0.188) 
  5       12    (0)    1 :  0.018 0.517 0.095 0.370     (0.000,0.092) (0.000,1.000) (0.000,0.692) (0.000,1.000) 
  6       19    (0)    1 :  0.088 0.042 0.850 0.021     (0.000,0.699) (0.000,0.290) (0.004,1.000) (0.000,0.130) 
  7       23    (6)    1 :  0.052 0.139 0.024 0.785     (0.000,0.344) (0.000,0.964) (0.000,0.138) (0.000,1.000) 
  8       24    (6)    1 :  0.034 0.777 0.163 0.027     (0.000,0.240) (0.000,1.000) (0.000,0.918) (0.000,0.172) 
  9       25    (6)    1 :  0.009 0.412 0.033 0.546     (0.000,0.049) (0.000,1.000) (0.000,0.209) (0.000,1.000) 
 10      26*    (0)    1 :  0.006 0.972 0.013 0.008     (0.000,0.035) (0.841,1.000) (0.000,0.083) (0.000,0.050) 
 11       28    (0)    1 :  0.006 0.977 0.008 0.009     (0.000,0.032) (0.870,1.000) (0.000,0.042) (0.000,0.052) 
 12       29    (0)    1 :  0.008 0.943 0.028 0.021     (0.000,0.043) (0.701,1.000) (0.000,0.156) (0.000,0.082) 
 13       30    (0)    1 :  0.010 0.698 0.029 0.263     (0.000,0.051) (0.000,1.000) (0.000,0.171) (0.000,0.990) 
 14       33    (0)    1 :  0.027 0.005 0.956 0.012     (0.000,0.191) (0.000,0.029) (0.750,1.000) (0.000,0.070) 
 15       37    (0)    1 :  0.008 0.013 0.972 0.007     (0.000,0.046) (0.000,0.074) (0.840,1.000) (0.000,0.041) 
 16       38    (0)    1 :  0.005 0.014 0.976 0.005     (0.000,0.025) (0.000,0.089) (0.862,1.000) (0.000,0.027) 
 17       44    (0)    1 :  0.008 0.975 0.007 0.010     (0.000,0.046) (0.856,1.000) (0.000,0.040) (0.000,0.059) 
 18       48    (0)    1 :  0.006 0.009 0.979 0.006     (0.000,0.032) (0.000,0.051) (0.880,1.000) (0.000,0.036) 
 19       55    (0)    1 :  0.012 0.954 0.012 0.022     (0.000,0.071) (0.740,1.000) (0.000,0.072) (0.000,0.157) 
 20       60    (0)    1 :  0.028 0.009 0.017 0.946     (0.000,0.132) (0.000,0.051) (0.000,0.097) (0.710,1.000) 
 21       61    (0)    1 :  0.895 0.021 0.017 0.067     (0.487,1.000) (0.000,0.143) (0.000,0.111) (0.000,0.434) 
 22       62    (0)    1 :  0.808 0.092 0.027 0.073     (0.000,1.000) (0.000,0.914) (0.000,0.156) (0.000,0.603) 
 23       65    (0)    1 :  0.015 0.009 0.961 0.016     (0.000,0.103) (0.000,0.048) (0.780,1.000) (0.000,0.106) 
 24       73    (0)    1 :  0.065 0.018 0.010 0.906     (0.000,0.786) (0.000,0.125) (0.000,0.063) (0.067,1.000) 
 25       75    (0)    1 :  0.938 0.016 0.030 0.016     (0.681,1.000) (0.000,0.112) (0.000,0.212) (0.000,0.098) 
 26       76    (0)    1 :  0.974 0.007 0.007 0.013     (0.860,1.000) (0.000,0.039) (0.000,0.035) (0.000,0.059) 
 27       78    (0)    1 :  0.935 0.009 0.011 0.046     (0.644,1.000) (0.000,0.051) (0.000,0.064) (0.000,0.283) 
 28       79    (0)    1 :  0.981 0.005 0.008 0.007     (0.891,1.000) (0.000,0.028) (0.000,0.044) (0.000,0.037) 
 29       84    (0)    1 :  0.026 0.937 0.012 0.025     (0.000,0.183) (0.652,1.000) (0.000,0.067) (0.000,0.165) 
 30       85    (0)    1 :  0.012 0.968 0.013 0.007     (0.000,0.069) (0.817,1.000) (0.000,0.076) (0.000,0.040) 
 31       86    (0)    1 :  0.024 0.943 0.020 0.013     (0.000,0.175) (0.683,1.000) (0.000,0.129) (0.000,0.079) 
 32       89    (0)    1 :  0.048 0.739 0.070 0.143     (0.000,0.338) (0.000,1.000) (0.000,0.541) (0.000,0.955) 
 33       94    (0)    1 :  0.009 0.371 0.550 0.070     (0.000,0.051) (0.000,1.000) (0.000,1.000) (0.000,0.639) 
 34       95    (0)    1 :  0.015 0.802 0.121 0.062     (0.000,0.089) (0.000,1.000) (0.000,0.990) (0.000,0.419) 
 35       98    (0)    1 :  0.313 0.013 0.018 0.656     (0.000,1.000) (0.000,0.079) (0.000,0.101) (0.000,1.000) 
 36      102    (0)    1 :  0.015 0.012 0.947 0.026     (0.000,0.103) (0.000,0.070) (0.710,1.000) (0.000,0.187) 
 37      106    (0)    1 :  0.915 0.024 0.021 0.040     (0.576,1.000) (0.000,0.161) (0.000,0.140) (0.000,0.245) 
 38      108    (0)    1 :  0.482 0.022 0.154 0.342     (0.000,1.000) (0.000,0.156) (0.000,0.740) (0.000,1.000) 
 39      109    (0)    1 :  0.116 0.009 0.009 0.866     (0.000,0.978) (0.000,0.056) (0.000,0.049) (0.000,1.000) 
 40      112    (0)    1 :  0.324 0.442 0.084 0.150     (0.000,1.000) (0.000,1.000) (0.000,0.612) (0.000,0.865) 
 41      115    (0)    1 :  0.029 0.051 0.865 0.055     (0.000,0.184) (0.000,0.369) (0.253,1.000) (0.000,0.389) 
 42      117    (0)    1 :  0.030 0.904 0.016 0.050     (0.000,0.213) (0.480,1.000) (0.000,0.093) (0.000,0.364) 
 43      140    (0)    1 :  0.071 0.012 0.008 0.909     (0.000,0.924) (0.000,0.058) (0.000,0.041) (0.002,1.000) 
 44      147    (0)    1 :  0.932 0.007 0.008 0.052     (0.614,1.000) (0.000,0.041) (0.000,0.048) (0.000,0.341) 
 45     162*    (0)    1 :  0.006 0.978 0.007 0.009     (0.000,0.034) (0.875,1.000) (0.000,0.039) (0.000,0.048) 
 46      166    (0)    1 :  0.051 0.011 0.010 0.928     (0.000,0.301) (0.000,0.069) (0.000,0.056) (0.613,1.000) 
 47      177    (0)    1 :  0.971 0.011 0.010 0.008     (0.834,1.000) (0.000,0.071) (0.000,0.056) (0.000,0.045) 
 48      178    (0)    1 :  0.959 0.016 0.009 0.016     (0.765,1.000) (0.000,0.104) (0.000,0.053) (0.000,0.092) 
 49      189    (0)    1 :  0.007 0.977 0.010 0.006     (0.000,0.041) (0.872,1.000) (0.000,0.052) (0.000,0.029) 
 50      190    (0)    1 :  0.006 0.975 0.009 0.009     (0.000,0.037) (0.858,1.000) (0.000,0.055) (0.000,0.051) 
 51      202    (0)    1 :  0.015 0.586 0.174 0.225     (0.000,0.088) (0.000,1.000) (0.000,0.990) (0.000,0.881) 
 52      211    (0)    1 :  0.146 0.014 0.023 0.817     (0.000,0.538) (0.000,0.084) (0.000,0.138) (0.383,1.000) 
 53      216    (0)    1 :  0.189 0.007 0.009 0.796     (0.000,0.995) (0.000,0.036) (0.000,0.046) (0.000,1.000) 
 54      222    (0)    1 :  0.414 0.017 0.060 0.509     (0.000,1.000) (0.000,0.104) (0.000,0.439) (0.000,1.000) 
 55      224    (0)    1 :  0.013 0.960 0.015 0.012     (0.000,0.081) (0.774,1.000) (0.000,0.090) (0.000,0.068) 
 56      229    (0)    1 :  0.021 0.951 0.017 0.011     (0.000,0.145) (0.725,1.000) (0.000,0.112) (0.000,0.061) 
 57      230    (0)    1 :  0.014 0.959 0.014 0.013     (0.000,0.096) (0.782,1.000) (0.000,0.082) (0.000,0.090) 
 58      232    (0)    1 :  0.036 0.862 0.026 0.075     (0.000,0.258) (0.251,1.000) (0.000,0.145) (0.000,0.522) 
 59      238    (0)    1 :  0.111 0.039 0.803 0.047     (0.000,0.602) (0.000,0.274) (0.200,1.000) (0.000,0.325) 
 60      242    (0)    1 :  0.006 0.006 0.979 0.008     (0.000,0.035) (0.000,0.034) (0.883,1.000) (0.000,0.044) 
 61      243    (0)    1 :  0.032 0.017 0.879 0.071     (0.000,0.226) (0.000,0.108) (0.457,1.000) (0.000,0.455) 
 62      244    (0)    1 :  0.089 0.014 0.885 0.012     (0.000,0.485) (0.000,0.092) (0.484,1.000) (0.000,0.072) 
 63      251    (0)    1 :  0.054 0.051 0.868 0.027     (0.000,0.400) (0.000,0.370) (0.325,1.000) (0.000,0.178) 
 64      266    (0)    1 :  0.538 0.029 0.281 0.152     (0.000,1.000) (0.000,0.208) (0.000,0.997) (0.000,0.760) 
 65      267    (0)    1 :  0.068 0.017 0.014 0.901     (0.000,0.755) (0.000,0.111) (0.000,0.090) (0.044,1.000) 
 66      268    (0)    1 :  0.876 0.010 0.011 0.103     (0.195,1.000) (0.000,0.058) (0.000,0.060) (0.000,0.769) 
 67      270    (0)    1 :  0.009 0.968 0.015 0.008     (0.000,0.053) (0.821,1.000) (0.000,0.081) (0.000,0.048) 
 68      276    (0)    1 :  0.024 0.903 0.013 0.060     (0.000,0.148) (0.470,1.000) (0.000,0.078) (0.000,0.423) 
 69      298    (6)    1 :  0.823 0.011 0.012 0.154     (0.000,1.000) (0.000,0.068) (0.000,0.069) (0.000,0.999) 
 70      306    (0)    1 :  0.086 0.015 0.022 0.877     (0.000,0.524) (0.000,0.104) (0.000,0.133) (0.400,1.000) 
 71      308    (0)    1 :  0.906 0.013 0.023 0.058     (0.517,1.000) (0.000,0.082) (0.000,0.163) (0.000,0.405) 
 72      311    (6)    1 :  0.110 0.033 0.132 0.725     (0.000,0.912) (0.000,0.240) (0.000,0.885) (0.000,1.000) 
 73      327    (0)    1 :  0.006 0.960 0.011 0.022     (0.000,0.032) (0.771,1.000) (0.000,0.066) (0.000,0.151) 
 74      338    (0)    1 :  0.141 0.029 0.017 0.814     (0.000,0.973) (0.000,0.194) (0.000,0.101) (0.000,1.000) 
 75      346    (0)    1 :  0.199 0.020 0.018 0.763     (0.000,1.000) (0.000,0.114) (0.000,0.090) (0.000,1.000) 
 76      348    (0)    1 :  0.927 0.009 0.014 0.050     (0.573,1.000) (0.000,0.049) (0.000,0.087) (0.000,0.331) 
 77      351    (0)    1 :  0.015 0.020 0.929 0.036     (0.000,0.094) (0.000,0.122) (0.618,1.000) (0.000,0.232) 
 78      362    (0)    1 :  0.005 0.978 0.006 0.011     (0.000,0.030) (0.871,1.000) (0.000,0.034) (0.000,0.060) 
 79      364    (0)    1 :  0.012 0.008 0.966 0.014     (0.000,0.071) (0.000,0.042) (0.804,1.000) (0.000,0.089) 
 80      366    (0)    1 :  0.013 0.024 0.898 0.064     (0.000,0.075) (0.000,0.171) (0.483,1.000) (0.000,0.435) 
 81      376    (0)    1 :  0.013 0.934 0.024 0.028     (0.000,0.084) (0.643,1.000) (0.000,0.164) (0.000,0.180) 
 82      388    (0)    1 :  0.072 0.010 0.011 0.908     (0.000,0.933) (0.000,0.057) (0.000,0.063) (0.006,1.000) 
 83      391    (0)    1 :  0.030 0.066 0.023 0.880     (0.000,0.211) (0.000,0.509) (0.000,0.146) (0.287,1.000) 
 84      396   (18)    1 :  0.018 0.941 0.012 0.029     (0.000,0.117) (0.668,1.000) (0.000,0.066) (0.000,0.206) 
 85      400   (18)    1 :  0.025 0.396 0.541 0.039     (0.000,0.154) (0.000,1.000) (0.000,1.000) (0.000,0.222) 
 86      401    (0)    1 :  0.098 0.671 0.217 0.014     (0.000,0.494) (0.002,1.000) (0.000,0.889) (0.000,0.080) 
 87      406    (0)    1 :  0.030 0.017 0.032 0.921     (0.000,0.134) (0.000,0.108) (0.000,0.197) (0.541,1.000) 
 88      413    (0)    1 :  0.912 0.028 0.032 0.027     (0.540,1.000) (0.000,0.190) (0.000,0.221) (0.000,0.172) 
 89      421    (0)    1 :  0.055 0.879 0.026 0.040     (0.000,0.404) (0.440,1.000) (0.000,0.169) (0.000,0.296) 
 90      423    (0)    1 :  0.050 0.875 0.048 0.027     (0.000,0.363) (0.353,1.000) (0.000,0.334) (0.000,0.179) 
 91      435    (0)    1 :  0.936 0.009 0.007 0.048     (0.648,1.000) (0.000,0.048) (0.000,0.042) (0.000,0.321) 
 92      476    (0)    1 :  0.013 0.939 0.031 0.017     (0.000,0.085) (0.682,1.000) (0.000,0.216) (0.000,0.118) 
 93      484    (0)    1 :  0.150 0.007 0.007 0.835     (0.000,0.997) (0.000,0.040) (0.000,0.042) (0.000,1.000) 
 94      489    (0)    1 :  0.087 0.282 0.047 0.584     (0.000,0.691) (0.000,1.000) (0.000,0.320) (0.000,1.000) 
 95      492   (18)    1 :  0.105 0.028 0.797 0.070     (0.000,0.913) (0.000,0.154) (0.000,1.000) (0.000,0.584) 
 96      493    (0)    1 :  0.007 0.012 0.971 0.010     (0.000,0.041) (0.000,0.072) (0.835,1.000) (0.000,0.061) 
 97      494    (0)    1 :  0.008 0.026 0.959 0.007     (0.000,0.049) (0.000,0.180) (0.761,1.000) (0.000,0.035) 
 98      500    (0)    1 :  0.004 0.982 0.007 0.007     (0.000,0.021) (0.900,1.000) (0.000,0.038) (0.000,0.037) 
 99      504    (0)    1 :  0.175 0.041 0.035 0.748     (0.000,0.994) (0.000,0.299) (0.000,0.242) (0.000,1.000) 
100      506    (0)    1 :  0.068 0.028 0.009 0.895     (0.000,0.820) (0.000,0.199) (0.000,0.049) (0.003,1.000) 


Estimated Allele Frequencies in each cluster
First column gives estimated ancestral frequencies


Locus 1 : Rsu3 
3 alleles
2.0% missing data
 164   (0.549) 0.613 0.572 0.580 0.484 
 166   (0.261) 0.280 0.172 0.213 0.445 
 170   (0.190) 0.106 0.256 0.207 0.070 

Locus 2 : Rsu5 
5 alleles
2.0% missing data
 137   (0.671) 0.634 0.926 0.664 0.710 
 135   (0.101) 0.060 0.014 0.109 0.083 
 139   (0.129) 0.100 0.052 0.175 0.025 
 133   (0.029) 0.005 0.003 0.025 0.004 
 131   (0.071) 0.201 0.007 0.028 0.179 

Locus 3 : Scv1 
5 alleles
1.0% missing data
 181   (0.505) 0.362 0.659 0.623 0.378 
 179   (0.217) 0.262 0.146 0.191 0.197 
 177   (0.098) 0.061 0.022 0.066 0.307 
 185   (0.148) 0.308 0.170 0.081 0.113 
 171   (0.033) 0.006 0.003 0.039 0.005 

Locus 4 : Rsu4 
9 alleles
0.0% missing data
 267   (0.204) 0.073 0.242 0.276 0.134 
 259   (0.039) 0.007 0.183 0.014 0.011 
 287   (0.158) 0.076 0.138 0.130 0.383 
 263   (0.312) 0.425 0.377 0.284 0.357 
 279   (0.082) 0.132 0.021 0.090 0.012 
 283   (0.080) 0.260 0.007 0.054 0.079 
 275   (0.050) 0.016 0.005 0.082 0.009 
 291   (0.042) 0.007 0.025 0.031 0.009 
 271   (0.032) 0.005 0.003 0.039 0.005 

Locus 5 : Rsu6 
4 alleles
0.0% missing data
 120   (0.272) 0.206 0.342 0.243 0.262 
 126   (0.622) 0.776 0.483 0.644 0.721 
 124   (0.068) 0.012 0.171 0.056 0.012 
 130   (0.039) 0.006 0.003 0.057 0.005 

Locus 6 : Scv12 
3 alleles
1.0% missing data
 198   (0.567) 0.663 0.389 0.678 0.421 
 196   (0.248) 0.248 0.274 0.165 0.463 
 200   (0.186) 0.088 0.337 0.157 0.116 

Locus 7 : Scv23 
3 alleles
1.0% missing data
 158   (0.495) 0.599 0.601 0.440 0.569 
 164   (0.200) 0.061 0.116 0.254 0.230 
 160   (0.304) 0.340 0.283 0.306 0.201 

Locus 8 : Scv13 
5 alleles
0.0% missing data
 182   (0.697) 0.707 0.880 0.681 0.873 
 180   (0.078) 0.014 0.081 0.103 0.012 
 172   (0.094) 0.180 0.009 0.072 0.081 
 184   (0.080) 0.017 0.026 0.110 0.023 
 174   (0.050) 0.083 0.005 0.035 0.010 

Locus 9 : Scv32 
17 alleles
1.0% missing data
 236   (0.044) 0.008 0.004 0.117 0.007 
 238   (0.039) 0.012 0.003 0.025 0.159 
 234   (0.120) 0.429 0.102 0.073 0.168 
 248   (0.099) 0.020 0.169 0.136 0.065 
 262   (0.099) 0.064 0.234 0.068 0.093 
 232   (0.189) 0.165 0.124 0.293 0.181 
 250   (0.042) 0.008 0.026 0.028 0.071 
 228   (0.028) 0.006 0.003 0.037 0.004 
 246   (0.052) 0.028 0.164 0.028 0.012 
 264   (0.055) 0.020 0.009 0.050 0.068 
 220   (0.034) 0.006 0.129 0.015 0.006 
 252   (0.053) 0.054 0.016 0.020 0.062 
 254   (0.034) 0.140 0.003 0.013 0.019 
 242   (0.028) 0.004 0.002 0.039 0.004 
 266   (0.026) 0.009 0.002 0.011 0.054 
 244   (0.036) 0.023 0.007 0.024 0.025 
 240   (0.023) 0.005 0.002 0.022 0.003 

Locus 10 : Scv8 
6 alleles
1.0% missing data
 200   (0.589) 0.446 0.719 0.642 0.749 
 202   (0.112) 0.092 0.010 0.145 0.080 
 194   (0.089) 0.059 0.076 0.048 0.061 
 204   (0.043) 0.008 0.072 0.026 0.007 
 188   (0.086) 0.377 0.008 0.049 0.088 
 198   (0.081) 0.020 0.115 0.090 0.015 

Locus 11 : Scv9 
5 alleles
0.0% missing data
 198   (0.302) 0.406 0.313 0.253 0.441 
 200   (0.338) 0.221 0.414 0.455 0.189 
 196   (0.271) 0.274 0.242 0.257 0.340 
 204   (0.062) 0.074 0.029 0.025 0.027 
 202   (0.027) 0.025 0.002 0.010 0.004 

Locus 12 : Rsu1 
6 alleles
0.0% missing data
 189   (0.289) 0.199 0.145 0.427 0.188 
 185   (0.272) 0.376 0.214 0.210 0.541 
 177   (0.084) 0.077 0.112 0.053 0.019 
 181   (0.279) 0.336 0.251 0.279 0.237 
 193   (0.040) 0.006 0.172 0.015 0.009 
 197   (0.037) 0.006 0.105 0.016 0.006 

Locus 13 : Scv14 
7 alleles
3.0% missing data
 196   (0.497) 0.572 0.782 0.477 0.633 
 198   (0.088) 0.034 0.008 0.108 0.147 
 194   (0.141) 0.160 0.085 0.162 0.048 
 202   (0.192) 0.210 0.110 0.202 0.152 
 204   (0.027) 0.004 0.003 0.024 0.004 
 190   (0.027) 0.005 0.009 0.013 0.009 
 200   (0.027) 0.014 0.003 0.015 0.007 

Locus 14 : Scv16 
7 alleles
0.0% missing data
 182   (0.376) 0.465 0.509 0.329 0.464 
 184   (0.407) 0.294 0.380 0.480 0.482 
 188   (0.080) 0.013 0.099 0.115 0.011 
 200   (0.027) 0.004 0.002 0.024 0.004 
 198   (0.042) 0.141 0.004 0.015 0.019 
 190   (0.040) 0.077 0.004 0.015 0.017 
 186   (0.027) 0.006 0.003 0.022 0.004 

Locus 15 : Scv31 
15 alleles
2.0% missing data
 193   (0.135) 0.097 0.106 0.107 0.278 
 201   (0.091) 0.025 0.074 0.165 0.019 
 187   (0.062) 0.016 0.198 0.026 0.125 
 207   (0.032) 0.006 0.094 0.012 0.006 
 195   (0.076) 0.172 0.064 0.030 0.071 
 185   (0.158) 0.181 0.081 0.147 0.305 
 189   (0.075) 0.013 0.029 0.196 0.020 
 205   (0.025) 0.005 0.003 0.022 0.004 
 191   (0.125) 0.386 0.263 0.077 0.059 
 197   (0.039) 0.009 0.017 0.015 0.079 
 199   (0.055) 0.064 0.005 0.064 0.013 
 203   (0.035) 0.006 0.003 0.056 0.005 
 209   (0.031) 0.006 0.003 0.039 0.005 
 181   (0.030) 0.005 0.055 0.011 0.004 
 213   (0.031) 0.009 0.003 0.035 0.006 

Locus 16 : Scv6 
8 alleles
0.0% missing data
 191   (0.114) 0.022 0.126 0.165 0.039 
 195   (0.355) 0.303 0.482 0.342 0.576 
 197   (0.195) 0.277 0.296 0.129 0.255 
 201   (0.082) 0.076 0.011 0.139 0.013 
 193   (0.099) 0.183 0.013 0.109 0.043 
 205   (0.027) 0.004 0.002 0.024 0.004 
 199   (0.095) 0.129 0.067 0.052 0.067 
 181   (0.032) 0.005 0.003 0.040 0.004 

Values of parameters used in structure:
DATAFILE=C:\Users\drenske\Desktop\STRUCTURE\Squirrel_100_ID_16L_20260210\project_data,	OUTFILE=C:\Users\drenske\Desktop\STRUCTURE\Squirrel_100_ID_16L_20260210\10k_Burnin_100k_MCMC\Results\10k_Burnin_100k_MCMC_run_90,	NUMINDS=100,	NUMLOCI=16,	MISSING=-9,	LABEL=1,	POPDATA=1,	POPFLAG=0,	PHENOTYPE=0,	EXTRACOLS=1,	MAXPOPS=4,	BURNIN=10000,	NUMREPS=100000,	USEPOPINFO=0,	INFERALPHA=1,	INFERLAMBDA=1,	POPSPECIFICLAMBDA=0,	POPALPHAS=0,	COMPUTEPROB=1,	NOADMIX=0,	ADMBURNIN=2500,	UPDATEFREQ=1,	PRINTLIKES=0,	INTERMEDSAVE=0,	PRINTKLD=0,	PRINTNET=0,	PRINTLAMBDA=0,	ANCESTDIST=1,	NUMBOXES=1000,	ANCESTPINT=0.90000,	GENSBACK=2,	MIGRPRIOR=0.05000,	PRINTQHAT=1,	PRINTQSUM=0,	ALPHA=1.0000,	FREQSCORR=1,	FPRIORMEAN=0.0100,	FPRIORSD=0.0500,	ONEFST=0,	LAMBDA=1.0000,	UNIFPRIORALPHA=1,	ALPHAMAX=10.0000,	ALPHAPRIORA=1.0000,	ALPHAPRIORB=2.0000,	ALPHAPROPSD=0.0250,	STARTATPOPINFO=0,	RANDOMIZE=1,	LINKAGE=0,	METROFREQ=10,	REPORTHITRATE=0,	MARKOVPHASE=-1,	PHASED=0,	PLOIDY=2,	PHASEINFO=0	LOCPRIOR=0, 	LOCPRIORINIT=1.000000, 	LOCDATA=0, 	LOCISPOP=0, 	LOCPRIORSTEP=0.100000, 	MAXLOCPRIOR=20.000000, 	SEED=1770759139,	
[STRAT parameters]:    NUMSIMSTATS=1000,	PHENOTYPECOL=-9,	POOLFREQ=10,	LOCUSxONLY=0,	EMERROR=0.00100,	MISSINGPHENO=-9,	