          1*  1 0.0158 0.0346 0.0309 0.1317 0.0522 0.1005 0.0851 0.4590 0.0849 0.0053 
           6  1 0.1779 0.0634 0.1727 0.1115 0.0823 0.1569 0.0678 0.0106 0.1459 0.0110 
           8  1 0.2677 0.0131 0.1469 0.1698 0.1388 0.0278 0.0775 0.0172 0.1351 0.0060 
          11  1 0.0827 0.0122 0.1770 0.1284 0.1608 0.0331 0.1452 0.1307 0.1192 0.0107 
          12  1 0.0574 0.0081 0.0202 0.0205 0.0656 0.3700 0.1974 0.0606 0.1932 0.0067 
          19  1 0.0436 0.0267 0.0766 0.1244 0.2639 0.0119 0.1821 0.1297 0.1016 0.0394 
          23  1 0.0400 0.0268 0.0202 0.0188 0.0491 0.4581 0.1236 0.0290 0.2137 0.0207 
          24  1 0.1545 0.0110 0.0807 0.1344 0.1847 0.0272 0.1300 0.0496 0.2134 0.0145 
          25  1 0.0565 0.0110 0.0539 0.0384 0.0651 0.4138 0.1137 0.0284 0.2143 0.0050 
         26*  1 0.2928 0.0061 0.0818 0.1397 0.1626 0.0408 0.0919 0.0146 0.1651 0.0046 
          28  1 0.1939 0.0067 0.2035 0.1393 0.1088 0.0899 0.0562 0.0171 0.1793 0.0053 
          29  1 0.2166 0.0060 0.0508 0.1326 0.1723 0.0377 0.1149 0.0393 0.2219 0.0080 
          30  1 0.2094 0.2338 0.0610 0.1252 0.1181 0.0363 0.0735 0.0196 0.1171 0.0060 
          33  1 0.0072 0.0112 0.0303 0.1516 0.0429 0.0185 0.1094 0.5262 0.0681 0.0347 
          37  1 0.0117 0.0053 0.0123 0.1687 0.0163 0.0131 0.0159 0.7268 0.0211 0.0088 
          38  1 0.0161 0.0045 0.0163 0.1682 0.0217 0.0074 0.0200 0.7156 0.0260 0.0042 
          44  1 0.1876 0.0136 0.3782 0.2527 0.0316 0.0616 0.0298 0.0095 0.0295 0.0058 
          48  1 0.0071 0.0058 0.0083 0.1684 0.0120 0.0061 0.0114 0.7678 0.0088 0.0043 
          55  1 0.1941 0.0198 0.2582 0.1880 0.0737 0.1088 0.0658 0.0189 0.0619 0.0108 
          60  1 0.0073 0.0246 0.0077 0.0096 0.0105 0.6702 0.0301 0.0122 0.2208 0.0071 
          61  1 0.0263 0.0575 0.0384 0.0298 0.0420 0.0826 0.0428 0.0213 0.0521 0.6073 
          62  1 0.0617 0.0161 0.1631 0.0918 0.0869 0.1363 0.1243 0.0287 0.0821 0.2091 
          65  1 0.0153 0.0246 0.0213 0.1477 0.1063 0.0140 0.0740 0.5496 0.0297 0.0175 
          73  1 0.0153 0.8457 0.0195 0.0144 0.0174 0.0251 0.0207 0.0106 0.0221 0.0092 
          75  1 0.0186 0.0337 0.0229 0.0268 0.0375 0.0081 0.0345 0.0328 0.0231 0.7621 
          76  1 0.0061 0.0055 0.0069 0.0058 0.0073 0.0121 0.0080 0.0052 0.0085 0.9345 
          78  1 0.0092 0.0928 0.0137 0.0113 0.0128 0.0112 0.0128 0.0123 0.0156 0.8083 
          79  1 0.0064 0.0088 0.0093 0.0080 0.0107 0.0067 0.0115 0.0097 0.0094 0.9193 
          84  1 0.1690 0.0099 0.1925 0.1188 0.1030 0.1175 0.1128 0.0197 0.1429 0.0139 
          85  1 0.1447 0.0076 0.4889 0.2359 0.0284 0.0397 0.0188 0.0098 0.0174 0.0089 
          86  1 0.1514 0.0145 0.3358 0.1542 0.1196 0.0349 0.0850 0.0248 0.0639 0.0158 
          89  1 0.0984 0.0150 0.1590 0.0873 0.0932 0.1784 0.1760 0.0397 0.1385 0.0145 
          94  1 0.0525 0.0049 0.0483 0.0660 0.0684 0.1691 0.1746 0.2454 0.1649 0.0059 
          95  1 0.2402 0.0145 0.0977 0.2228 0.0840 0.0965 0.0951 0.0673 0.0738 0.0082 
          98  1 0.0183 0.3222 0.0305 0.0297 0.0488 0.1639 0.0554 0.0171 0.0788 0.2353 
         102  1 0.0344 0.0153 0.0377 0.0902 0.2463 0.0201 0.1338 0.3386 0.0736 0.0101 
         106  1 0.0220 0.0402 0.0499 0.0393 0.0803 0.0240 0.0642 0.0321 0.0684 0.5797 
         108  1 0.0219 0.3752 0.0306 0.0443 0.0509 0.0417 0.0561 0.0832 0.0504 0.2457 
         109  1 0.0085 0.8487 0.0092 0.0100 0.0151 0.0134 0.0134 0.0096 0.0113 0.0608 
         112  1 0.0784 0.0098 0.2292 0.1431 0.0793 0.1983 0.0843 0.0278 0.0930 0.0569 
         115  1 0.0498 0.0288 0.0912 0.0976 0.2126 0.0325 0.1814 0.1644 0.1212 0.0204 
         117  1 0.2216 0.0158 0.1420 0.1146 0.1301 0.0856 0.0646 0.0141 0.1957 0.0158 
         140  1 0.0079 0.8920 0.0165 0.0110 0.0124 0.0128 0.0114 0.0077 0.0162 0.0122 
         147  1 0.0082 0.1843 0.0113 0.0098 0.0125 0.0063 0.0109 0.0075 0.0185 0.7307 
        162*  1 0.3038 0.0150 0.0916 0.1399 0.1951 0.0146 0.1123 0.0089 0.1110 0.0079 
         166  1 0.0109 0.1581 0.0156 0.0124 0.0135 0.5412 0.0210 0.0099 0.2017 0.0158 
         177  1 0.0104 0.0053 0.0108 0.0103 0.0132 0.0103 0.0159 0.0074 0.0150 0.9016 
         178  1 0.0132 0.0092 0.0124 0.0115 0.0152 0.0185 0.0147 0.0073 0.0140 0.8840 
         189  1 0.1700 0.0042 0.4824 0.2291 0.0246 0.0420 0.0189 0.0107 0.0121 0.0062 
         190  1 0.2129 0.0100 0.0971 0.1417 0.1827 0.0377 0.0948 0.0199 0.1950 0.0083 
         202  1 0.1590 0.0143 0.0481 0.0642 0.1801 0.1724 0.1728 0.0568 0.1255 0.0067 
         211  1 0.0199 0.0744 0.0156 0.0168 0.0395 0.4493 0.0738 0.0223 0.1734 0.1149 
         216  1 0.0083 0.5464 0.0118 0.0090 0.0162 0.1446 0.0161 0.0084 0.0534 0.1858 
         222  1 0.0499 0.5842 0.1382 0.0799 0.0263 0.0145 0.0269 0.0155 0.0326 0.0318 
         224  1 0.1803 0.0113 0.4382 0.2288 0.0243 0.0547 0.0182 0.0149 0.0202 0.0091 
         229  1 0.2181 0.0122 0.0933 0.1347 0.1756 0.0324 0.0913 0.0126 0.2066 0.0232 
         230  1 0.4240 0.0155 0.0445 0.1635 0.1580 0.0091 0.1280 0.0089 0.0350 0.0136 
         232  1 0.1454 0.0337 0.1068 0.0977 0.1380 0.1079 0.1609 0.0519 0.1219 0.0357 
         238  1 0.0474 0.0162 0.0627 0.1176 0.2636 0.0222 0.1688 0.1956 0.0507 0.0551 
         242  1 0.0071 0.0090 0.0295 0.1663 0.0258 0.0074 0.0859 0.6128 0.0507 0.0055 
         243  1 0.0333 0.0460 0.0526 0.1286 0.1806 0.0432 0.1359 0.2826 0.0682 0.0290 
         244  1 0.0307 0.0073 0.0588 0.1260 0.2228 0.0169 0.2094 0.1855 0.0796 0.0631 
         251  1 0.0644 0.0137 0.0839 0.1070 0.2269 0.0253 0.1880 0.1322 0.1386 0.0200 
         266  1 0.0410 0.0164 0.0592 0.0656 0.2289 0.0886 0.1522 0.0865 0.0814 0.1801 
         267  1 0.0187 0.8666 0.0097 0.0136 0.0158 0.0211 0.0154 0.0128 0.0159 0.0104 
         268  1 0.0109 0.0440 0.0133 0.0113 0.0143 0.0403 0.0155 0.0071 0.0245 0.8188 
         270  1 0.1860 0.0129 0.2377 0.1780 0.1093 0.0464 0.0659 0.0355 0.1181 0.0102 
         276  1 0.1953 0.0437 0.2257 0.1750 0.0507 0.1374 0.0699 0.0170 0.0607 0.0246 
         298  1 0.0124 0.1388 0.0156 0.0152 0.0182 0.0277 0.0163 0.0127 0.0168 0.7263 
         306  1 0.0152 0.0529 0.0287 0.0214 0.0380 0.5499 0.0523 0.0179 0.1990 0.0246 
         308  1 0.0144 0.0527 0.0204 0.0204 0.0339 0.0366 0.0404 0.0305 0.0306 0.7201 
         311  1 0.0413 0.3087 0.0615 0.0629 0.1560 0.0484 0.1452 0.0641 0.0925 0.0193 
         327  1 0.1787 0.0285 0.1179 0.1313 0.1774 0.0483 0.1055 0.0295 0.1771 0.0059 
         338  1 0.0342 0.5017 0.0540 0.0438 0.0805 0.0817 0.0703 0.0199 0.0684 0.0456 
         346  1 0.0122 0.0179 0.0161 0.0123 0.0163 0.5860 0.0255 0.0099 0.1958 0.1081 
         348  1 0.0113 0.1986 0.0280 0.0206 0.0399 0.0099 0.0333 0.0192 0.0395 0.5997 
         351  1 0.0422 0.0092 0.0959 0.1245 0.1166 0.0846 0.1361 0.2472 0.1329 0.0107 
         362  1 0.3411 0.0084 0.0354 0.1438 0.1967 0.0122 0.1178 0.0078 0.1313 0.0055 
         364  1 0.0138 0.0097 0.0274 0.1586 0.0378 0.0269 0.0535 0.6138 0.0482 0.0103 
         366  1 0.0278 0.0387 0.0337 0.1361 0.0547 0.0437 0.0924 0.4996 0.0654 0.0078 
         376  1 0.1796 0.0099 0.1915 0.1166 0.1060 0.1316 0.0998 0.0293 0.1239 0.0120 
         388  1 0.0080 0.8947 0.0095 0.0077 0.0098 0.0227 0.0114 0.0092 0.0187 0.0082 
         391  1 0.0303 0.0450 0.0246 0.0224 0.0489 0.4734 0.1073 0.0266 0.2097 0.0119 
         396  1 0.1225 0.0202 0.3204 0.1914 0.0843 0.0674 0.0825 0.0194 0.0793 0.0127 
         400  1 0.1398 0.0109 0.2366 0.1482 0.0721 0.0708 0.0911 0.1260 0.0958 0.0086 
         401  1 0.1795 0.0129 0.0729 0.1336 0.1838 0.0216 0.1721 0.0738 0.0803 0.0694 
         406  1 0.0251 0.3501 0.0336 0.0346 0.0532 0.2877 0.0520 0.0334 0.1147 0.0156 
         413  1 0.0556 0.0309 0.1658 0.0919 0.1387 0.0329 0.1258 0.0362 0.1301 0.1922 
         421  1 0.1381 0.0117 0.4553 0.2372 0.0381 0.0477 0.0240 0.0115 0.0256 0.0109 
         423  1 0.1611 0.0145 0.4661 0.2484 0.0220 0.0315 0.0183 0.0124 0.0178 0.0077 
         435  1 0.0139 0.0218 0.0288 0.0150 0.0168 0.0474 0.0262 0.0098 0.0252 0.7951 
         476  1 0.2650 0.0094 0.1323 0.2072 0.1026 0.0964 0.1069 0.0257 0.0465 0.0079 
         484  1 0.0086 0.7435 0.0099 0.0093 0.0118 0.0736 0.0128 0.0077 0.0299 0.0929 
         489  1 0.0951 0.0338 0.1786 0.1099 0.0534 0.1898 0.1273 0.0470 0.1508 0.0143 
         492  1 0.0705 0.0204 0.1034 0.0774 0.1839 0.0429 0.1838 0.1163 0.1897 0.0117 
         493  1 0.0229 0.0086 0.0186 0.1605 0.0240 0.0125 0.0262 0.6974 0.0228 0.0066 
         494  1 0.0380 0.0045 0.0637 0.1331 0.0948 0.0169 0.0556 0.5239 0.0626 0.0069 
         500  1 0.4423 0.0046 0.0418 0.1764 0.1638 0.0083 0.1320 0.0069 0.0203 0.0035 
         504  1 0.0205 0.7296 0.0236 0.0253 0.0392 0.0327 0.0328 0.0167 0.0335 0.0461 
         506  1 0.0172 0.9122 0.0082 0.0102 0.0120 0.0074 0.0115 0.0064 0.0087 0.0062 
