          1*  1 0.0122 0.9634 0.0243 
           6  1 0.9184 0.0101 0.0715 
           8  1 0.9853 0.0088 0.0060 
          11  1 0.2914 0.6788 0.0297 
          12  1 0.8888 0.0743 0.0369 
          19  1 0.0311 0.9308 0.0381 
          23  1 0.4377 0.0393 0.5230 
          24  1 0.7889 0.1900 0.0211 
          25  1 0.8039 0.0962 0.0999 
         26*  1 0.9840 0.0107 0.0053 
          28  1 0.9883 0.0059 0.0058 
          29  1 0.9741 0.0195 0.0064 
          30  1 0.8989 0.0416 0.0595 
          33  1 0.0048 0.9764 0.0188 
          37  1 0.0129 0.9807 0.0064 
          38  1 0.0148 0.9812 0.0040 
          44  1 0.9839 0.0079 0.0082 
          48  1 0.0082 0.9869 0.0048 
          55  1 0.9735 0.0107 0.0158 
          60  1 0.0116 0.0636 0.9249 
          61  1 0.0131 0.0122 0.9747 
          62  1 0.1802 0.0367 0.7831 
          65  1 0.0085 0.9746 0.0168 
          73  1 0.0513 0.0154 0.9333 
          75  1 0.0111 0.0386 0.9503 
          76  1 0.0074 0.0074 0.9853 
          78  1 0.0076 0.0084 0.9840 
          79  1 0.0057 0.0155 0.9788 
          84  1 0.9684 0.0120 0.0197 
          85  1 0.9778 0.0136 0.0087 
          86  1 0.9607 0.0231 0.0162 
          89  1 0.8584 0.0745 0.0671 
          94  1 0.6397 0.3530 0.0073 
          95  1 0.8072 0.1667 0.0260 
          98  1 0.0113 0.0127 0.9760 
         102  1 0.0121 0.9720 0.0159 
         106  1 0.0335 0.0519 0.9145 
         108  1 0.0185 0.0745 0.9071 
         109  1 0.0122 0.0070 0.9808 
         112  1 0.5631 0.0990 0.3379 
         115  1 0.0635 0.9028 0.0337 
         117  1 0.9561 0.0127 0.0312 
         140  1 0.0182 0.0112 0.9706 
         147  1 0.0065 0.0067 0.9868 
        162*  1 0.9867 0.0067 0.0067 
         166  1 0.0105 0.0092 0.9804 
         177  1 0.0124 0.0168 0.9707 
         178  1 0.0178 0.0116 0.9706 
         189  1 0.9864 0.0081 0.0054 
         190  1 0.9843 0.0092 0.0064 
         202  1 0.7901 0.1821 0.0278 
         211  1 0.0214 0.0196 0.9591 
         216  1 0.0069 0.0053 0.9879 
         222  1 0.0137 0.0504 0.9359 
         224  1 0.9766 0.0126 0.0107 
         229  1 0.9653 0.0217 0.0130 
         230  1 0.9689 0.0147 0.0163 
         232  1 0.9341 0.0219 0.0440 
         238  1 0.0326 0.8581 0.1092 
         242  1 0.0056 0.9884 0.0060 
         243  1 0.0180 0.9207 0.0613 
         244  1 0.0136 0.9497 0.0368 
         251  1 0.0513 0.9186 0.0301 
         266  1 0.0201 0.3033 0.6766 
         267  1 0.0267 0.0201 0.9532 
         268  1 0.0070 0.0078 0.9852 
         270  1 0.9800 0.0121 0.0079 
         276  1 0.9595 0.0109 0.0296 
         298  1 0.0084 0.0088 0.9828 
         306  1 0.0083 0.0258 0.9659 
         308  1 0.0109 0.0206 0.9685 
         311  1 0.0340 0.2279 0.7381 
         327  1 0.9809 0.0108 0.0083 
         338  1 0.0205 0.0135 0.9660 
         346  1 0.0240 0.0162 0.9597 
         348  1 0.0066 0.0125 0.9808 
         351  1 0.0207 0.9593 0.0200 
         362  1 0.9871 0.0064 0.0065 
         364  1 0.0075 0.9798 0.0127 
         366  1 0.0263 0.9427 0.0311 
         376  1 0.9658 0.0188 0.0154 
         388  1 0.0131 0.0145 0.9724 
         391  1 0.3082 0.0798 0.6120 
         396  1 0.9694 0.0115 0.0191 
         400  1 0.5238 0.4588 0.0174 
         401  1 0.6488 0.3077 0.0436 
         406  1 0.0379 0.0890 0.8731 
         413  1 0.0426 0.0739 0.8836 
         421  1 0.9285 0.0223 0.0492 
         423  1 0.9097 0.0528 0.0375 
         435  1 0.0101 0.0059 0.9840 
         476  1 0.9579 0.0312 0.0110 
         484  1 0.0070 0.0066 0.9864 
         489  1 0.5761 0.0426 0.3813 
         492  1 0.0272 0.9211 0.0516 
         493  1 0.0111 0.9817 0.0072 
         494  1 0.0238 0.9702 0.0059 
         500  1 0.9877 0.0080 0.0043 
         504  1 0.0547 0.0432 0.9020 
         506  1 0.0570 0.0090 0.9340 
