          1*  1 0.0473 0.2235 0.0349 0.0452 0.0701 0.0593 0.0060 0.5136 
           6  1 0.1655 0.1108 0.2267 0.0796 0.0939 0.2993 0.0143 0.0098 
           8  1 0.2048 0.1301 0.3076 0.0115 0.0528 0.2706 0.0063 0.0163 
          11  1 0.2161 0.2418 0.1201 0.0133 0.1662 0.0341 0.0161 0.1924 
          12  1 0.0499 0.0244 0.0669 0.0085 0.3823 0.4369 0.0070 0.0241 
          19  1 0.3442 0.1889 0.0613 0.0254 0.0482 0.0166 0.0434 0.2720 
          23  1 0.0266 0.0184 0.0302 0.0231 0.3939 0.4753 0.0207 0.0118 
          24  1 0.2658 0.0533 0.2442 0.0108 0.0828 0.2641 0.0177 0.0612 
          25  1 0.0804 0.0476 0.0486 0.0120 0.3414 0.4504 0.0051 0.0145 
         26*  1 0.2067 0.0574 0.3594 0.0059 0.0195 0.3338 0.0055 0.0117 
          28  1 0.2461 0.1564 0.2276 0.0079 0.0653 0.2826 0.0054 0.0088 
          29  1 0.2263 0.0273 0.3110 0.0060 0.0553 0.3385 0.0079 0.0278 
          30  1 0.1378 0.0514 0.3071 0.2274 0.0204 0.2303 0.0058 0.0199 
          33  1 0.0416 0.2785 0.0470 0.0102 0.0222 0.0135 0.0355 0.5515 
          37  1 0.0174 0.1902 0.0107 0.0055 0.0139 0.0102 0.0085 0.7437 
          38  1 0.0214 0.2095 0.0185 0.0045 0.0145 0.0091 0.0038 0.7186 
          44  1 0.1802 0.3398 0.2270 0.0141 0.1554 0.0681 0.0061 0.0094 
          48  1 0.0113 0.1842 0.0086 0.0059 0.0074 0.0055 0.0043 0.7728 
          55  1 0.1859 0.2094 0.2938 0.0255 0.0934 0.1608 0.0109 0.0203 
          60  1 0.0157 0.0119 0.0126 0.0796 0.4021 0.4571 0.0077 0.0135 
          61  1 0.0358 0.0270 0.0302 0.0651 0.0510 0.0366 0.7362 0.0181 
          62  1 0.0776 0.1317 0.0833 0.0211 0.2146 0.1182 0.3218 0.0317 
          65  1 0.1390 0.2003 0.0357 0.0271 0.0382 0.0098 0.0166 0.5333 
          73  1 0.0164 0.0159 0.0130 0.8955 0.0209 0.0206 0.0079 0.0098 
          75  1 0.0306 0.0283 0.0258 0.0254 0.0164 0.0103 0.8312 0.0320 
          76  1 0.0068 0.0065 0.0066 0.0053 0.0088 0.0092 0.9516 0.0053 
          78  1 0.0112 0.0127 0.0125 0.0739 0.0117 0.0084 0.8570 0.0125 
          79  1 0.0126 0.0090 0.0074 0.0079 0.0099 0.0053 0.9387 0.0093 
          84  1 0.1946 0.1796 0.1850 0.0135 0.1315 0.2555 0.0233 0.0170 
          85  1 0.1654 0.3659 0.1982 0.0086 0.1965 0.0459 0.0094 0.0102 
          86  1 0.2402 0.2120 0.2548 0.0171 0.1371 0.0862 0.0169 0.0357 
          89  1 0.1334 0.1273 0.1208 0.0191 0.2337 0.3018 0.0212 0.0427 
          94  1 0.0921 0.1196 0.0619 0.0052 0.1999 0.1827 0.0073 0.3313 
          95  1 0.1686 0.1817 0.3153 0.0170 0.0851 0.0913 0.0110 0.1300 
          98  1 0.0526 0.0301 0.0278 0.4675 0.0962 0.0789 0.2236 0.0234 
         102  1 0.3356 0.1498 0.0410 0.0156 0.0629 0.0237 0.0110 0.3604 
         106  1 0.0790 0.0428 0.0354 0.0322 0.0586 0.0185 0.6893 0.0442 
         108  1 0.0670 0.0747 0.0233 0.3832 0.0355 0.0274 0.2875 0.1013 
         109  1 0.0116 0.0074 0.0085 0.8984 0.0106 0.0095 0.0453 0.0088 
         112  1 0.1294 0.2086 0.1029 0.0109 0.2872 0.1590 0.0672 0.0347 
         115  1 0.2878 0.1749 0.0891 0.0370 0.1123 0.0272 0.0238 0.2477 
         117  1 0.2033 0.0757 0.2767 0.0189 0.0426 0.3522 0.0176 0.0130 
         140  1 0.0088 0.0065 0.0081 0.9435 0.0082 0.0084 0.0099 0.0066 
         147  1 0.0081 0.0137 0.0131 0.1293 0.0084 0.0057 0.8142 0.0076 
        162*  1 0.1873 0.0471 0.4008 0.0146 0.0496 0.2851 0.0080 0.0075 
         166  1 0.0185 0.0152 0.0146 0.3427 0.2795 0.2958 0.0217 0.0120 
         177  1 0.0109 0.0108 0.0118 0.0054 0.0105 0.0093 0.9324 0.0088 
         178  1 0.0135 0.0102 0.0137 0.0084 0.0158 0.0181 0.9128 0.0075 
         189  1 0.1650 0.3794 0.2012 0.0043 0.1912 0.0432 0.0061 0.0098 
         190  1 0.2271 0.0553 0.3230 0.0096 0.0413 0.3244 0.0074 0.0119 
         202  1 0.1794 0.0653 0.2109 0.0141 0.2109 0.2467 0.0073 0.0655 
         211  1 0.0338 0.0153 0.0158 0.0918 0.3192 0.3687 0.1320 0.0233 
         216  1 0.0183 0.0123 0.0097 0.6654 0.0606 0.0497 0.1750 0.0089 
         222  1 0.0446 0.1325 0.0464 0.6018 0.1113 0.0064 0.0378 0.0192 
         224  1 0.1759 0.3763 0.1978 0.0106 0.1744 0.0414 0.0102 0.0135 
         229  1 0.2240 0.0786 0.3014 0.0132 0.0460 0.2872 0.0273 0.0224 
         230  1 0.1228 0.0380 0.5154 0.0141 0.0362 0.2445 0.0125 0.0164 
         232  1 0.1719 0.1178 0.2098 0.0331 0.1707 0.2159 0.0445 0.0363 
         238  1 0.3392 0.1390 0.0801 0.0178 0.0906 0.0176 0.0480 0.2677 
         242  1 0.0131 0.2824 0.0466 0.0081 0.0118 0.0055 0.0055 0.6270 
         243  1 0.2426 0.1576 0.0532 0.0575 0.0653 0.0270 0.0261 0.3707 
         244  1 0.3099 0.2096 0.0565 0.0080 0.0376 0.0124 0.0682 0.2979 
         251  1 0.3329 0.1983 0.0691 0.0105 0.0874 0.0308 0.0217 0.2493 
         266  1 0.3135 0.1200 0.0633 0.0244 0.1322 0.0542 0.1858 0.1065 
         267  1 0.0136 0.0100 0.0164 0.9055 0.0134 0.0185 0.0093 0.0133 
         268  1 0.0131 0.0084 0.0093 0.0316 0.0265 0.0286 0.8741 0.0084 
         270  1 0.2189 0.1891 0.2460 0.0118 0.0777 0.2146 0.0107 0.0313 
         276  1 0.1697 0.2287 0.2560 0.0515 0.1094 0.1428 0.0260 0.0159 
         298  1 0.0158 0.0144 0.0130 0.1195 0.0206 0.0173 0.7875 0.0119 
         306  1 0.0433 0.0359 0.0257 0.1153 0.3495 0.3801 0.0276 0.0226 
         308  1 0.0251 0.0241 0.0165 0.0385 0.0372 0.0307 0.7996 0.0282 
         311  1 0.1772 0.0975 0.0679 0.4046 0.0940 0.0371 0.0235 0.0982 
         327  1 0.2374 0.0684 0.2956 0.0270 0.0641 0.2845 0.0067 0.0162 
         338  1 0.0566 0.0473 0.0473 0.6313 0.0821 0.0550 0.0571 0.0233 
         346  1 0.0162 0.0113 0.0176 0.0418 0.3661 0.4211 0.1157 0.0103 
         348  1 0.0212 0.0226 0.0199 0.2029 0.0226 0.0075 0.6841 0.0191 
         351  1 0.1686 0.2233 0.0707 0.0132 0.0996 0.0389 0.0117 0.3739 
         362  1 0.1847 0.0166 0.4263 0.0089 0.0175 0.3341 0.0050 0.0067 
         364  1 0.0279 0.1961 0.0193 0.0113 0.0290 0.0148 0.0103 0.6912 
         366  1 0.0709 0.2401 0.0475 0.0383 0.0473 0.0441 0.0093 0.5024 
         376  1 0.1660 0.1140 0.2413 0.0116 0.0963 0.3343 0.0131 0.0234 
         388  1 0.0084 0.0082 0.0086 0.9324 0.0135 0.0122 0.0078 0.0089 
         391  1 0.0377 0.0241 0.0235 0.0486 0.3791 0.4611 0.0110 0.0149 
         396  1 0.1792 0.2527 0.1797 0.0242 0.2152 0.1098 0.0133 0.0259 
         400  1 0.1454 0.2393 0.1392 0.0109 0.2076 0.0627 0.0096 0.1853 
         401  1 0.2010 0.0886 0.3212 0.0124 0.0571 0.1359 0.0779 0.1059 
         406  1 0.0433 0.0310 0.0226 0.4673 0.1931 0.1901 0.0154 0.0371 
         413  1 0.1215 0.1347 0.0921 0.0389 0.1904 0.0191 0.3642 0.0392 
         421  1 0.1597 0.3789 0.1543 0.0140 0.2315 0.0354 0.0120 0.0142 
         423  1 0.1582 0.3950 0.1544 0.0147 0.2427 0.0122 0.0071 0.0158 
         435  1 0.0141 0.0223 0.0123 0.0220 0.0482 0.0355 0.8378 0.0077 
         476  1 0.1760 0.1627 0.3921 0.0102 0.0568 0.1458 0.0090 0.0475 
         484  1 0.0103 0.0088 0.0086 0.8325 0.0325 0.0271 0.0723 0.0079 
         489  1 0.1080 0.2314 0.0839 0.0507 0.3056 0.1797 0.0202 0.0205 
         492  1 0.2804 0.1725 0.1229 0.0265 0.1771 0.0232 0.0159 0.1815 
         493  1 0.0271 0.1789 0.0187 0.0083 0.0182 0.0121 0.0059 0.7307 
         494  1 0.1414 0.1681 0.0372 0.0049 0.0508 0.0113 0.0067 0.5796 
         500  1 0.1264 0.0433 0.5363 0.0048 0.0407 0.2378 0.0035 0.0073 
         504  1 0.0337 0.0207 0.0241 0.8209 0.0210 0.0220 0.0395 0.0180 
         506  1 0.0118 0.0081 0.0167 0.9276 0.0072 0.0161 0.0062 0.0064 
