          1*  1 0.9654 0.0118 0.0227 
           6  1 0.0109 0.9183 0.0707 
           8  1 0.0085 0.9858 0.0057 
          11  1 0.6935 0.2808 0.0258 
          12  1 0.0625 0.8977 0.0398 
          19  1 0.9467 0.0291 0.0242 
          23  1 0.0415 0.4016 0.5569 
          24  1 0.1751 0.8037 0.0212 
          25  1 0.0974 0.7971 0.1055 
         26*  1 0.0119 0.9830 0.0051 
          28  1 0.0060 0.9885 0.0055 
          29  1 0.0226 0.9705 0.0069 
          30  1 0.0537 0.8818 0.0645 
          33  1 0.9788 0.0042 0.0171 
          37  1 0.9774 0.0152 0.0074 
          38  1 0.9804 0.0156 0.0041 
          44  1 0.0075 0.9840 0.0084 
          48  1 0.9870 0.0078 0.0051 
          55  1 0.0104 0.9738 0.0158 
          60  1 0.0562 0.0115 0.9322 
          61  1 0.0118 0.0135 0.9747 
          62  1 0.0386 0.1848 0.7765 
          65  1 0.9762 0.0082 0.0156 
          73  1 0.0155 0.0525 0.9320 
          75  1 0.0463 0.0116 0.9421 
          76  1 0.0070 0.0080 0.9850 
          78  1 0.0089 0.0078 0.9833 
          79  1 0.0171 0.0055 0.9774 
          84  1 0.0111 0.9698 0.0190 
          85  1 0.0129 0.9789 0.0083 
          86  1 0.0218 0.9611 0.0171 
          89  1 0.0664 0.8610 0.0726 
          94  1 0.3344 0.6581 0.0075 
          95  1 0.1963 0.7761 0.0275 
          98  1 0.0137 0.0126 0.9737 
         102  1 0.9728 0.0118 0.0154 
         106  1 0.0541 0.0331 0.9127 
         108  1 0.0768 0.0189 0.9043 
         109  1 0.0066 0.0119 0.9815 
         112  1 0.0978 0.5576 0.3446 
         115  1 0.9104 0.0577 0.0319 
         117  1 0.0137 0.9532 0.0332 
         140  1 0.0123 0.0179 0.9699 
         147  1 0.0072 0.0064 0.9863 
        162*  1 0.0066 0.9864 0.0070 
         166  1 0.0095 0.0102 0.9802 
         177  1 0.0188 0.0137 0.9675 
         178  1 0.0112 0.0180 0.9708 
         189  1 0.0085 0.9867 0.0048 
         190  1 0.0078 0.9856 0.0066 
         202  1 0.1939 0.7759 0.0302 
         211  1 0.0201 0.0194 0.9606 
         216  1 0.0057 0.0059 0.9885 
         222  1 0.0513 0.0145 0.9341 
         224  1 0.0151 0.9738 0.0110 
         229  1 0.0191 0.9686 0.0123 
         230  1 0.0188 0.9653 0.0159 
         232  1 0.0231 0.9381 0.0388 
         238  1 0.8805 0.0339 0.0856 
         242  1 0.9874 0.0059 0.0067 
         243  1 0.9221 0.0191 0.0588 
         244  1 0.9535 0.0123 0.0342 
         251  1 0.9182 0.0515 0.0302 
         266  1 0.3190 0.0200 0.6610 
         267  1 0.0227 0.0287 0.9486 
         268  1 0.0080 0.0072 0.9847 
         270  1 0.0117 0.9795 0.0088 
         276  1 0.0123 0.9557 0.0320 
         298  1 0.0090 0.0085 0.9825 
         306  1 0.0237 0.0078 0.9685 
         308  1 0.0179 0.0105 0.9716 
         311  1 0.2120 0.0322 0.7558 
         327  1 0.0099 0.9809 0.0092 
         338  1 0.0141 0.0216 0.9643 
         346  1 0.0164 0.0238 0.9598 
         348  1 0.0135 0.0070 0.9795 
         351  1 0.9577 0.0216 0.0207 
         362  1 0.0064 0.9876 0.0061 
         364  1 0.9793 0.0077 0.0130 
         366  1 0.9458 0.0234 0.0308 
         376  1 0.0194 0.9663 0.0143 
         388  1 0.0142 0.0142 0.9716 
         391  1 0.0806 0.2614 0.6580 
         396  1 0.0114 0.9680 0.0206 
         400  1 0.4214 0.5611 0.0175 
         401  1 0.3020 0.6507 0.0473 
         406  1 0.0917 0.0389 0.8694 
         413  1 0.0703 0.0438 0.8859 
         421  1 0.0222 0.9265 0.0513 
         423  1 0.0551 0.9048 0.0402 
         435  1 0.0057 0.0093 0.9850 
         476  1 0.0338 0.9545 0.0117 
         484  1 0.0071 0.0072 0.9857 
         489  1 0.0386 0.5336 0.4278 
         492  1 0.9098 0.0319 0.0583 
         493  1 0.9822 0.0111 0.0068 
         494  1 0.9676 0.0266 0.0058 
         500  1 0.0084 0.9877 0.0039 
         504  1 0.0397 0.0527 0.9075 
         506  1 0.0096 0.0515 0.9389 
