          1*  1 0.0177 0.0564 0.0413 0.0130 0.0221 0.0485 0.6015 0.1218 0.0777 
           6  1 0.0769 0.1899 0.0679 0.0644 0.2654 0.0844 0.0080 0.0575 0.1855 
           8  1 0.2415 0.0507 0.0129 0.0085 0.2422 0.1749 0.0311 0.1251 0.1130 
          11  1 0.1851 0.1748 0.0105 0.0372 0.0384 0.2278 0.1453 0.0929 0.0880 
          12  1 0.1124 0.1134 0.0073 0.0122 0.1243 0.1211 0.0133 0.2898 0.2061 
          19  1 0.0592 0.1590 0.0249 0.0673 0.0731 0.2860 0.1355 0.1197 0.0752 
          23  1 0.0429 0.2074 0.0258 0.0296 0.0696 0.0718 0.0102 0.2197 0.3230 
          24  1 0.1384 0.1349 0.0109 0.0289 0.1728 0.2849 0.0309 0.1272 0.0711 
          25  1 0.0741 0.2124 0.0110 0.0222 0.0810 0.0787 0.0103 0.2007 0.3096 
         26*  1 0.1451 0.0750 0.0067 0.0174 0.3030 0.2292 0.0153 0.1027 0.1056 
          28  1 0.1978 0.1265 0.0069 0.0392 0.2289 0.1211 0.0218 0.1124 0.1454 
          29  1 0.1387 0.0663 0.0064 0.0116 0.2388 0.2626 0.0278 0.1780 0.0698 
          30  1 0.0937 0.0864 0.2246 0.0157 0.2222 0.1789 0.0187 0.0756 0.0843 
          33  1 0.0079 0.0389 0.0121 0.0513 0.0177 0.0292 0.7178 0.1001 0.0250 
          37  1 0.0155 0.0112 0.0056 0.0084 0.0133 0.0186 0.7758 0.1404 0.0113 
          38  1 0.0160 0.0129 0.0044 0.0050 0.0152 0.0189 0.7819 0.1358 0.0098 
          44  1 0.4115 0.0602 0.0137 0.0281 0.0904 0.0324 0.0504 0.1351 0.1781 
          48  1 0.0091 0.0088 0.0057 0.0054 0.0070 0.0155 0.8076 0.1339 0.0070 
          55  1 0.2740 0.1110 0.0225 0.0364 0.1536 0.1015 0.0316 0.1120 0.1575 
          60  1 0.0073 0.2837 0.0472 0.0085 0.0096 0.0134 0.0133 0.1344 0.4825 
          61  1 0.0281 0.0650 0.0520 0.5901 0.1224 0.0282 0.0149 0.0279 0.0715 
          62  1 0.1503 0.1336 0.0225 0.2638 0.1013 0.0787 0.0401 0.0691 0.1407 
          65  1 0.0234 0.0414 0.0290 0.0177 0.0254 0.0965 0.6090 0.1352 0.0224 
          73  1 0.0192 0.0210 0.8567 0.0102 0.0214 0.0165 0.0093 0.0214 0.0242 
          75  1 0.0195 0.0256 0.0297 0.6967 0.1289 0.0328 0.0295 0.0233 0.0140 
          76  1 0.0076 0.0083 0.0053 0.8108 0.1380 0.0070 0.0048 0.0086 0.0095 
          78  1 0.0117 0.0110 0.0871 0.6954 0.1442 0.0128 0.0119 0.0116 0.0142 
          79  1 0.0088 0.0093 0.0093 0.7952 0.1422 0.0121 0.0075 0.0087 0.0070 
          84  1 0.1899 0.1734 0.0114 0.0658 0.2496 0.0808 0.0187 0.0563 0.1542 
          85  1 0.4865 0.0405 0.0080 0.0134 0.0466 0.0258 0.0535 0.1717 0.1540 
          86  1 0.3565 0.0976 0.0154 0.0241 0.0906 0.1244 0.0262 0.1507 0.1146 
          89  1 0.1512 0.1738 0.0156 0.0585 0.1849 0.1037 0.0304 0.1067 0.1754 
          94  1 0.1394 0.0482 0.0052 0.0086 0.1192 0.1076 0.1883 0.2834 0.0999 
          95  1 0.2093 0.1456 0.0172 0.0285 0.1233 0.1324 0.0782 0.1007 0.1648 
          98  1 0.0323 0.1107 0.3740 0.1951 0.0621 0.0496 0.0163 0.0392 0.1206 
         102  1 0.0486 0.1116 0.0146 0.0175 0.0457 0.2810 0.2488 0.1556 0.0767 
         106  1 0.0365 0.0598 0.0512 0.5598 0.1065 0.0859 0.0249 0.0424 0.0331 
         108  1 0.0232 0.0447 0.3699 0.2454 0.0739 0.0462 0.1015 0.0385 0.0567 
         109  1 0.0080 0.0136 0.8666 0.0512 0.0180 0.0129 0.0078 0.0089 0.0131 
         112  1 0.2251 0.1357 0.0103 0.0722 0.0611 0.1029 0.0473 0.1539 0.1915 
         115  1 0.0937 0.1884 0.0290 0.0506 0.0545 0.2792 0.1485 0.0940 0.0621 
         117  1 0.0724 0.1489 0.0200 0.0514 0.3221 0.1568 0.0138 0.0811 0.1336 
         140  1 0.0076 0.0133 0.9007 0.0111 0.0177 0.0127 0.0066 0.0066 0.0236 
         147  1 0.0110 0.0072 0.1819 0.6314 0.1362 0.0075 0.0088 0.0081 0.0079 
        162*  1 0.2182 0.0654 0.0121 0.0091 0.2585 0.2335 0.0090 0.1323 0.0619 
         166  1 0.0128 0.2443 0.1752 0.0180 0.0142 0.0127 0.0082 0.0913 0.4233 
         177  1 0.0115 0.0112 0.0058 0.7988 0.1336 0.0114 0.0081 0.0098 0.0098 
         178  1 0.0134 0.0173 0.0082 0.7601 0.1506 0.0146 0.0067 0.0134 0.0157 
         189  1 0.4920 0.0331 0.0044 0.0072 0.0467 0.0229 0.0597 0.1779 0.1561 
         190  1 0.1938 0.0747 0.0102 0.0173 0.2381 0.2343 0.0126 0.1259 0.0931 
         202  1 0.1227 0.1167 0.0147 0.0144 0.1404 0.2121 0.0173 0.2303 0.1314 
         211  1 0.0307 0.1947 0.0833 0.0997 0.0585 0.0609 0.0133 0.1549 0.3041 
         216  1 0.0121 0.0622 0.5848 0.1551 0.0501 0.0143 0.0067 0.0264 0.0882 
         222  1 0.0977 0.0290 0.6474 0.0296 0.0168 0.0202 0.0488 0.0734 0.0372 
         224  1 0.4394 0.0499 0.0114 0.0163 0.0537 0.0378 0.0653 0.1680 0.1582 
         229  1 0.1727 0.0926 0.0130 0.0311 0.2532 0.2131 0.0173 0.0993 0.1078 
         230  1 0.1788 0.0947 0.0132 0.0140 0.2917 0.2348 0.0090 0.1195 0.0443 
         232  1 0.1631 0.1273 0.0306 0.0546 0.1315 0.1988 0.0298 0.1561 0.1082 
         238  1 0.0454 0.1280 0.0180 0.0698 0.0585 0.2941 0.1652 0.1441 0.0771 
         242  1 0.0099 0.0118 0.0091 0.0090 0.0066 0.0098 0.8128 0.1196 0.0114 
         243  1 0.0375 0.1265 0.0417 0.0433 0.0472 0.1956 0.3141 0.1215 0.0726 
         244  1 0.0414 0.1300 0.0070 0.0829 0.0519 0.2714 0.2279 0.1196 0.0679 
         251  1 0.0857 0.1686 0.0119 0.0437 0.0634 0.2736 0.1540 0.1267 0.0724 
         266  1 0.0539 0.1421 0.0176 0.1816 0.0733 0.2680 0.0416 0.0896 0.1324 
         267  1 0.0114 0.0141 0.8886 0.0098 0.0172 0.0150 0.0138 0.0138 0.0163 
         268  1 0.0111 0.0237 0.0275 0.7045 0.1650 0.0166 0.0073 0.0154 0.0289 
         270  1 0.2871 0.0731 0.0122 0.0202 0.1673 0.1241 0.0508 0.1233 0.1420 
         276  1 0.2333 0.1524 0.0519 0.0643 0.1694 0.0641 0.0242 0.0697 0.1707 
         298  1 0.0150 0.0199 0.1138 0.6380 0.1484 0.0153 0.0120 0.0144 0.0232 
         306  1 0.0285 0.2621 0.0724 0.0330 0.0242 0.0313 0.0175 0.1114 0.4197 
         308  1 0.0228 0.0322 0.0398 0.6394 0.1409 0.0305 0.0282 0.0374 0.0289 
         311  1 0.0685 0.1270 0.3654 0.0371 0.0456 0.1502 0.0560 0.0802 0.0701 
         327  1 0.2024 0.0944 0.0268 0.0167 0.1870 0.2166 0.0178 0.1540 0.0843 
         338  1 0.0464 0.0778 0.5904 0.0537 0.0436 0.0598 0.0172 0.0408 0.0704 
         346  1 0.0138 0.2523 0.0240 0.0800 0.0326 0.0179 0.0083 0.1291 0.4422 
         348  1 0.0147 0.0224 0.2280 0.5524 0.1094 0.0206 0.0213 0.0158 0.0154 
         351  1 0.0736 0.1584 0.0115 0.0435 0.0381 0.1460 0.3315 0.0980 0.0994 
         362  1 0.1247 0.0583 0.0087 0.0072 0.3276 0.2870 0.0068 0.1279 0.0518 
         364  1 0.0151 0.0340 0.0090 0.0150 0.0140 0.0383 0.7076 0.1410 0.0259 
         366  1 0.0199 0.0470 0.0435 0.0177 0.0298 0.0554 0.6271 0.1061 0.0534 
         376  1 0.1138 0.1809 0.0097 0.0619 0.2638 0.1151 0.0200 0.0667 0.1681 
         388  1 0.0079 0.0140 0.9115 0.0092 0.0090 0.0089 0.0088 0.0118 0.0188 
         391  1 0.0371 0.2297 0.0438 0.0207 0.0466 0.0618 0.0132 0.1866 0.3604 
         396  1 0.3321 0.1051 0.0223 0.0261 0.0954 0.0882 0.0440 0.1316 0.1553 
         400  1 0.2817 0.0619 0.0117 0.0115 0.0970 0.0894 0.1443 0.2236 0.0791 
         401  1 0.1090 0.1346 0.0133 0.0868 0.1875 0.2691 0.0488 0.0958 0.0551 
         406  1 0.0349 0.1538 0.3663 0.0213 0.0234 0.0517 0.0354 0.0801 0.2330 
         413  1 0.1420 0.1361 0.0405 0.2839 0.0903 0.1091 0.0411 0.0810 0.0760 
         421  1 0.3947 0.0861 0.0152 0.0206 0.0451 0.0351 0.0803 0.1788 0.1441 
         423  1 0.4422 0.0526 0.0230 0.0106 0.0165 0.0276 0.0942 0.1840 0.1494 
         435  1 0.0250 0.0253 0.0228 0.7009 0.1376 0.0158 0.0090 0.0322 0.0314 
         476  1 0.2016 0.1631 0.0101 0.0432 0.1989 0.1526 0.0271 0.0761 0.1272 
         484  1 0.0090 0.0337 0.7656 0.0752 0.0292 0.0115 0.0076 0.0142 0.0538 
         489  1 0.2261 0.0878 0.0453 0.0155 0.0813 0.0637 0.0627 0.2665 0.1511 
         492  1 0.1274 0.1846 0.0204 0.0388 0.0759 0.2321 0.1141 0.1054 0.1013 
         493  1 0.0149 0.0172 0.0086 0.0079 0.0159 0.0365 0.7488 0.1367 0.0135 
         494  1 0.0559 0.0555 0.0049 0.0096 0.0465 0.1134 0.4894 0.1869 0.0380 
         500  1 0.1916 0.0934 0.0046 0.0040 0.2863 0.2379 0.0068 0.1189 0.0564 
         504  1 0.0228 0.0330 0.7710 0.0392 0.0347 0.0311 0.0182 0.0225 0.0273 
         506  1 0.0112 0.0081 0.9205 0.0062 0.0159 0.0131 0.0065 0.0107 0.0077 
