

----------------------------------------------------
STRUCTURE by Pritchard, Stephens and Donnelly (2000)
     and Falush, Stephens and Pritchard (2003)
       Code by Pritchard, Falush and Hubisz
             Version 2.3.4 (Jul 2012)
----------------------------------------------------



Command line arguments:   bin\structure -m C:\Users\drenske\Desktop\STRUCTURE\Squirrel_100_ID_16L_20260210\10k_Burnin_100k_MCMC\mainparams -e C:\Users\drenske\Desktop\STRUCTURE\Squirrel_100_ID_16L_20260210\10k_Burnin_100k_MCMC\extraparams 
Input File:    C:\Users\drenske\Desktop\STRUCTURE\Squirrel_100_ID_16L_20260210\project_data

Run parameters:
   100 individuals
   16 loci
   6 populations assumed
   10000 Burn-in period
   100000 Reps


--------------------------------------------
Proportion of membership of each pre-defined
 population in each of the 6 clusters

Given    Inferred Clusters                            Number of
 Pop       1      2      3      4      5      6      Individuals

  1:     0.134  0.152  0.280  0.162  0.139  0.133      100
--------------------------------------------

Allele-freq. divergence among pops (Net nucleotide distance),
computed using point estimates of P.

      1       2       3       4       5       6      
 1      -    0.0499  0.0397  0.0517  0.0336  0.0314  
 2   0.0499     -    0.0573  0.0545  0.0466  0.0438  
 3   0.0397  0.0573     -    0.0602  0.0316  0.0301  
 4   0.0517  0.0545  0.0602     -    0.0395  0.0368  
 5   0.0336  0.0466  0.0316  0.0395     -    0.0002  
 6   0.0314  0.0438  0.0301  0.0368  0.0002     -    

Average distances (expected heterozygosity) between individuals in same cluster:
cluster  1  : 0.5674 
cluster  2  : 0.5607 
cluster  3  : 0.5744 
cluster  4  : 0.6143 
cluster  5  : 0.6564 
cluster  6  : 0.6581 

--------------------------------------------
Estimated Ln Prob of Data   = -3856.0
Mean value of ln likelihood = -3658.9
Variance of ln likelihood   = 394.0
Mean value of alpha         = 0.0421

Mean value of lambda        = 1.0179

Mean value of Fst_1         = 0.1560
Mean value of Fst_2         = 0.1745
Mean value of Fst_3         = 0.1483
Mean value of Fst_4         = 0.1465
Mean value of Fst_5         = 0.0474
Mean value of Fst_6         = 0.0455


Inferred ancestry of individuals:
        Label (%Miss) Pop:  Inferred clusters (and 90% probability intervals)
  1       1*    (0)    1 :  0.086 0.047 0.011 0.006 0.459 0.391     (0.000,0.477) (0.000,0.328) (0.000,0.063) (0.000,0.032) (0.000,1.000) (0.000,1.000) 
  2        6    (0)    1 :  0.136 0.097 0.709 0.021 0.017 0.020     (0.000,0.993) (0.000,0.611) (0.000,1.000) (0.000,0.146) (0.000,0.083) (0.000,0.092) 
  3        8    (0)    1 :  0.007 0.008 0.961 0.005 0.009 0.009     (0.000,0.039) (0.000,0.050) (0.803,1.000) (0.000,0.026) (0.000,0.048) (0.000,0.049) 
  4       11    (0)    1 :  0.026 0.016 0.122 0.017 0.348 0.472     (0.000,0.166) (0.000,0.096) (0.000,0.804) (0.000,0.098) (0.000,1.000) (0.000,1.000) 
  5       12    (0)    1 :  0.926 0.008 0.025 0.007 0.020 0.015     (0.640,1.000) (0.000,0.041) (0.000,0.166) (0.000,0.031) (0.000,0.111) (0.000,0.084) 
  6       19    (0)    1 :  0.011 0.022 0.034 0.050 0.446 0.437     (0.000,0.060) (0.000,0.143) (0.000,0.243) (0.000,0.368) (0.000,1.000) (0.000,1.000) 
  7       23    (6)    1 :  0.910 0.022 0.020 0.021 0.014 0.013     (0.582,1.000) (0.000,0.144) (0.000,0.132) (0.000,0.144) (0.000,0.068) (0.000,0.066) 
  8       24    (6)    1 :  0.069 0.013 0.366 0.019 0.233 0.299     (0.000,0.549) (0.000,0.076) (0.000,1.000) (0.000,0.131) (0.000,1.000) (0.000,1.000) 
  9       25    (6)    1 :  0.792 0.016 0.136 0.005 0.023 0.028     (0.338,1.000) (0.000,0.087) (0.000,0.501) (0.000,0.025) (0.000,0.110) (0.000,0.148) 
 10      26*    (0)    1 :  0.025 0.007 0.924 0.006 0.018 0.020     (0.000,0.175) (0.000,0.043) (0.650,1.000) (0.000,0.032) (0.000,0.122) (0.000,0.132) 
 11       28    (0)    1 :  0.045 0.007 0.928 0.005 0.008 0.008     (0.000,0.246) (0.000,0.037) (0.656,1.000) (0.000,0.026) (0.000,0.037) (0.000,0.039) 
 12       29    (0)    1 :  0.144 0.007 0.755 0.008 0.041 0.046     (0.000,0.981) (0.000,0.034) (0.000,1.000) (0.000,0.042) (0.000,0.258) (0.000,0.305) 
 13       30    (0)    1 :  0.021 0.276 0.632 0.006 0.035 0.030     (0.000,0.119) (0.000,0.883) (0.000,1.000) (0.000,0.029) (0.000,0.219) (0.000,0.157) 
 14       33    (0)    1 :  0.013 0.010 0.005 0.037 0.512 0.424     (0.000,0.081) (0.000,0.060) (0.000,0.025) (0.000,0.256) (0.000,1.000) (0.000,1.000) 
 15       37    (0)    1 :  0.013 0.005 0.010 0.007 0.528 0.438     (0.000,0.070) (0.000,0.028) (0.000,0.058) (0.000,0.034) (0.000,1.000) (0.000,1.000) 
 16       38    (0)    1 :  0.007 0.004 0.013 0.004 0.530 0.442     (0.000,0.037) (0.000,0.023) (0.000,0.076) (0.000,0.022) (0.000,1.000) (0.000,1.000) 
 17       44    (0)    1 :  0.008 0.011 0.953 0.007 0.009 0.012     (0.000,0.042) (0.000,0.069) (0.773,1.000) (0.000,0.037) (0.000,0.043) (0.000,0.049) 
 18       48    (0)    1 :  0.006 0.006 0.006 0.004 0.528 0.449     (0.000,0.033) (0.000,0.030) (0.000,0.035) (0.000,0.023) (0.000,1.000) (0.000,1.000) 
 19       55    (0)    1 :  0.023 0.020 0.917 0.009 0.013 0.017     (0.000,0.138) (0.000,0.148) (0.609,1.000) (0.000,0.053) (0.000,0.070) (0.000,0.082) 
 20       60    (0)    1 :  0.786 0.137 0.006 0.008 0.030 0.033     (0.000,1.000) (0.000,0.961) (0.000,0.029) (0.000,0.044) (0.000,0.154) (0.000,0.169) 
 21       61    (0)    1 :  0.045 0.064 0.019 0.822 0.022 0.028     (0.000,0.327) (0.000,0.428) (0.000,0.130) (0.297,1.000) (0.000,0.128) (0.000,0.167) 
 22       62    (0)    1 :  0.229 0.027 0.037 0.584 0.056 0.068     (0.000,0.998) (0.000,0.174) (0.000,0.234) (0.000,1.000) (0.000,0.428) (0.000,0.628) 
 23       65    (0)    1 :  0.012 0.021 0.008 0.016 0.553 0.390     (0.000,0.067) (0.000,0.150) (0.000,0.045) (0.000,0.110) (0.000,1.000) (0.000,1.000) 
 24       73    (0)    1 :  0.030 0.923 0.016 0.009 0.010 0.012     (0.000,0.216) (0.642,1.000) (0.000,0.109) (0.000,0.047) (0.000,0.062) (0.000,0.070) 
 25       75    (0)    1 :  0.007 0.025 0.015 0.877 0.034 0.043     (0.000,0.038) (0.000,0.182) (0.000,0.107) (0.509,1.000) (0.000,0.243) (0.000,0.304) 
 26       76    (0)    1 :  0.012 0.006 0.006 0.965 0.006 0.006     (0.000,0.071) (0.000,0.028) (0.000,0.030) (0.819,1.000) (0.000,0.029) (0.000,0.032) 
 27       78    (0)    1 :  0.009 0.088 0.008 0.871 0.012 0.012     (0.000,0.052) (0.000,0.716) (0.000,0.047) (0.164,1.000) (0.000,0.067) (0.000,0.069) 
 28       79    (0)    1 :  0.005 0.008 0.005 0.962 0.010 0.010     (0.000,0.029) (0.000,0.042) (0.000,0.025) (0.806,1.000) (0.000,0.055) (0.000,0.057) 
 29       84    (0)    1 :  0.165 0.015 0.748 0.024 0.019 0.029     (0.000,0.996) (0.000,0.087) (0.000,1.000) (0.000,0.170) (0.000,0.099) (0.000,0.155) 
 30       85    (0)    1 :  0.006 0.008 0.950 0.010 0.011 0.014     (0.000,0.032) (0.000,0.044) (0.758,1.000) (0.000,0.057) (0.000,0.054) (0.000,0.068) 
 31       86    (0)    1 :  0.011 0.015 0.837 0.018 0.051 0.067     (0.000,0.061) (0.000,0.105) (0.000,1.000) (0.000,0.125) (0.000,0.361) (0.000,0.558) 
 32       89    (0)    1 :  0.559 0.023 0.222 0.023 0.083 0.091     (0.000,1.000) (0.000,0.134) (0.000,0.994) (0.000,0.139) (0.000,0.805) (0.000,0.863) 
 33       94    (0)    1 :  0.585 0.005 0.036 0.007 0.210 0.156     (0.000,1.000) (0.000,0.027) (0.000,0.260) (0.000,0.036) (0.000,0.998) (0.000,0.991) 
 34       95    (0)    1 :  0.057 0.029 0.674 0.012 0.114 0.113     (0.000,0.412) (0.000,0.210) (0.000,1.000) (0.000,0.069) (0.000,0.950) (0.000,0.934) 
 35       98    (0)    1 :  0.097 0.610 0.013 0.201 0.037 0.043     (0.000,0.651) (0.000,1.000) (0.000,0.075) (0.000,0.966) (0.000,0.222) (0.000,0.274) 
 36      102    (0)    1 :  0.027 0.014 0.009 0.012 0.492 0.447     (0.000,0.191) (0.000,0.090) (0.000,0.048) (0.000,0.073) (0.000,1.000) (0.000,1.000) 
 37      106    (0)    1 :  0.026 0.036 0.019 0.774 0.066 0.079     (0.000,0.185) (0.000,0.256) (0.000,0.135) (0.000,1.000) (0.000,0.547) (0.000,0.774) 
 38      108    (0)    1 :  0.027 0.374 0.018 0.342 0.121 0.119     (0.000,0.191) (0.000,0.999) (0.000,0.126) (0.000,1.000) (0.000,0.676) (0.000,0.674) 
 39      109    (0)    1 :  0.008 0.928 0.008 0.036 0.009 0.010     (0.000,0.044) (0.661,1.000) (0.000,0.043) (0.000,0.255) (0.000,0.050) (0.000,0.056) 
 40      112    (0)    1 :  0.422 0.016 0.167 0.126 0.122 0.147     (0.000,1.000) (0.000,0.099) (0.000,0.852) (0.000,0.841) (0.000,0.969) (0.000,0.992) 
 41      115    (0)    1 :  0.038 0.037 0.019 0.020 0.422 0.465     (0.000,0.275) (0.000,0.266) (0.000,0.102) (0.000,0.121) (0.000,1.000) (0.000,1.000) 
 42      117    (0)    1 :  0.137 0.028 0.772 0.023 0.020 0.021     (0.000,0.992) (0.000,0.187) (0.000,1.000) (0.000,0.164) (0.000,0.111) (0.000,0.109) 
 43      140    (0)    1 :  0.009 0.962 0.006 0.010 0.006 0.007     (0.000,0.041) (0.807,1.000) (0.000,0.034) (0.000,0.060) (0.000,0.028) (0.000,0.036) 
 44      147    (0)    1 :  0.005 0.154 0.008 0.817 0.008 0.008     (0.000,0.029) (0.000,0.994) (0.000,0.045) (0.000,1.000) (0.000,0.043) (0.000,0.043) 
 45     162*    (0)    1 :  0.010 0.009 0.962 0.006 0.007 0.007     (0.000,0.051) (0.000,0.047) (0.806,1.000) (0.000,0.031) (0.000,0.035) (0.000,0.036) 
 46      166    (0)    1 :  0.355 0.572 0.011 0.021 0.018 0.022     (0.000,1.000) (0.000,1.000) (0.000,0.066) (0.000,0.128) (0.000,0.086) (0.000,0.105) 
 47      177    (0)    1 :  0.009 0.006 0.009 0.956 0.009 0.011     (0.000,0.050) (0.000,0.031) (0.000,0.056) (0.784,1.000) (0.000,0.047) (0.000,0.055) 
 48      178    (0)    1 :  0.022 0.009 0.015 0.932 0.008 0.014     (0.000,0.151) (0.000,0.046) (0.000,0.093) (0.664,1.000) (0.000,0.046) (0.000,0.066) 
 49      189    (0)    1 :  0.010 0.004 0.963 0.006 0.008 0.009     (0.000,0.049) (0.000,0.021) (0.816,1.000) (0.000,0.035) (0.000,0.044) (0.000,0.043) 
 50      190    (0)    1 :  0.025 0.009 0.936 0.006 0.012 0.013     (0.000,0.108) (0.000,0.046) (0.696,1.000) (0.000,0.035) (0.000,0.061) (0.000,0.059) 
 51      202    (0)    1 :  0.456 0.013 0.164 0.008 0.175 0.185     (0.000,1.000) (0.000,0.070) (0.000,0.696) (0.000,0.039) (0.000,0.994) (0.000,0.995) 
 52      211    (0)    1 :  0.678 0.140 0.008 0.103 0.035 0.037     (0.000,1.000) (0.000,0.860) (0.000,0.046) (0.000,0.419) (0.000,0.208) (0.000,0.218) 
 53      216    (0)    1 :  0.070 0.734 0.006 0.163 0.013 0.014     (0.000,0.506) (0.000,1.000) (0.000,0.032) (0.000,0.747) (0.000,0.066) (0.000,0.071) 
 54      222    (0)    1 :  0.018 0.781 0.010 0.069 0.062 0.060     (0.000,0.092) (0.000,1.000) (0.000,0.048) (0.000,0.522) (0.000,0.483) (0.000,0.471) 
 55      224    (0)    1 :  0.012 0.011 0.937 0.010 0.015 0.014     (0.000,0.065) (0.000,0.069) (0.697,1.000) (0.000,0.060) (0.000,0.081) (0.000,0.074) 
 56      229    (0)    1 :  0.022 0.012 0.877 0.019 0.024 0.045     (0.000,0.118) (0.000,0.071) (0.326,1.000) (0.000,0.133) (0.000,0.127) (0.000,0.286) 
 57      230    (0)    1 :  0.010 0.014 0.923 0.014 0.018 0.022     (0.000,0.051) (0.000,0.095) (0.667,1.000) (0.000,0.089) (0.000,0.087) (0.000,0.103) 
 58      232    (0)    1 :  0.283 0.027 0.513 0.035 0.068 0.074     (0.000,1.000) (0.000,0.196) (0.000,1.000) (0.000,0.247) (0.000,0.638) (0.000,0.690) 
 59      238    (0)    1 :  0.020 0.020 0.025 0.053 0.453 0.429     (0.000,0.129) (0.000,0.137) (0.000,0.186) (0.000,0.383) (0.000,1.000) (0.000,1.000) 
 60      242    (0)    1 :  0.006 0.008 0.006 0.005 0.543 0.432     (0.000,0.032) (0.000,0.047) (0.000,0.032) (0.000,0.028) (0.000,1.000) (0.000,1.000) 
 61      243    (0)    1 :  0.035 0.057 0.017 0.030 0.477 0.384     (0.000,0.265) (0.000,0.401) (0.000,0.106) (0.000,0.216) (0.000,1.000) (0.000,1.000) 
 62      244    (0)    1 :  0.013 0.007 0.010 0.062 0.446 0.462     (0.000,0.072) (0.000,0.039) (0.000,0.063) (0.000,0.407) (0.000,1.000) (0.000,1.000) 
 63      251    (0)    1 :  0.045 0.013 0.027 0.026 0.429 0.460     (0.000,0.339) (0.000,0.073) (0.000,0.194) (0.000,0.157) (0.000,1.000) (0.000,1.000) 
 64      266    (0)    1 :  0.051 0.025 0.015 0.212 0.348 0.348     (0.000,0.384) (0.000,0.186) (0.000,0.098) (0.000,0.861) (0.000,1.000) (0.000,1.000) 
 65      267    (0)    1 :  0.014 0.939 0.012 0.009 0.012 0.013     (0.000,0.094) (0.707,1.000) (0.000,0.081) (0.000,0.051) (0.000,0.073) (0.000,0.078) 
 66      268    (0)    1 :  0.037 0.052 0.008 0.880 0.013 0.011     (0.000,0.279) (0.000,0.370) (0.000,0.043) (0.432,1.000) (0.000,0.068) (0.000,0.053) 
 67      270    (0)    1 :  0.010 0.008 0.950 0.008 0.012 0.012     (0.000,0.053) (0.000,0.043) (0.751,1.000) (0.000,0.046) (0.000,0.070) (0.000,0.065) 
 68      276    (0)    1 :  0.055 0.044 0.844 0.019 0.017 0.022     (0.000,0.413) (0.000,0.323) (0.151,1.000) (0.000,0.121) (0.000,0.094) (0.000,0.111) 
 69      298    (6)    1 :  0.017 0.145 0.010 0.798 0.015 0.016     (0.000,0.109) (0.000,0.923) (0.000,0.059) (0.000,1.000) (0.000,0.082) (0.000,0.082) 
 70      306    (0)    1 :  0.620 0.168 0.011 0.046 0.073 0.082     (0.000,1.000) (0.000,0.877) (0.000,0.068) (0.000,0.335) (0.000,0.666) (0.000,0.733) 
 71      308    (0)    1 :  0.057 0.038 0.009 0.831 0.028 0.037     (0.000,0.391) (0.000,0.270) (0.000,0.052) (0.339,1.000) (0.000,0.188) (0.000,0.251) 
 72      311    (6)    1 :  0.066 0.490 0.027 0.034 0.179 0.204     (0.000,0.463) (0.000,1.000) (0.000,0.193) (0.000,0.245) (0.000,0.993) (0.000,0.997) 
 73      327    (0)    1 :  0.065 0.022 0.862 0.006 0.021 0.025     (0.000,0.507) (0.000,0.156) (0.151,1.000) (0.000,0.032) (0.000,0.100) (0.000,0.130) 
 74      338    (0)    1 :  0.102 0.718 0.023 0.069 0.043 0.045     (0.000,0.744) (0.000,1.000) (0.000,0.154) (0.000,0.459) (0.000,0.265) (0.000,0.292) 
 75      346    (0)    1 :  0.746 0.064 0.010 0.131 0.028 0.020     (0.000,1.000) (0.000,0.512) (0.000,0.053) (0.000,0.947) (0.000,0.116) (0.000,0.089) 
 76      348    (0)    1 :  0.007 0.168 0.008 0.780 0.019 0.019     (0.000,0.041) (0.000,0.992) (0.000,0.044) (0.000,1.000) (0.000,0.109) (0.000,0.117) 
 77      351    (0)    1 :  0.085 0.014 0.013 0.014 0.403 0.471     (0.000,0.616) (0.000,0.082) (0.000,0.076) (0.000,0.081) (0.000,1.000) (0.000,1.000) 
 78      362    (0)    1 :  0.014 0.008 0.961 0.005 0.006 0.007     (0.000,0.066) (0.000,0.045) (0.809,1.000) (0.000,0.024) (0.000,0.032) (0.000,0.035) 
 79      364    (0)    1 :  0.019 0.011 0.006 0.010 0.504 0.451     (0.000,0.135) (0.000,0.062) (0.000,0.031) (0.000,0.060) (0.000,1.000) (0.000,1.000) 
 80      366    (0)    1 :  0.035 0.038 0.026 0.010 0.519 0.373     (0.000,0.257) (0.000,0.279) (0.000,0.192) (0.000,0.055) (0.000,1.000) (0.000,1.000) 
 81      376    (0)    1 :  0.183 0.012 0.731 0.014 0.028 0.032     (0.000,0.999) (0.000,0.071) (0.000,1.000) (0.000,0.088) (0.000,0.173) (0.000,0.199) 
 82      388    (0)    1 :  0.014 0.953 0.007 0.008 0.009 0.009     (0.000,0.077) (0.763,1.000) (0.000,0.040) (0.000,0.044) (0.000,0.045) (0.000,0.048) 
 83      391    (0)    1 :  0.853 0.062 0.022 0.012 0.022 0.029     (0.347,1.000) (0.000,0.412) (0.000,0.162) (0.000,0.072) (0.000,0.108) (0.000,0.152) 
 84      396   (18)    1 :  0.061 0.026 0.836 0.016 0.023 0.038     (0.000,0.430) (0.000,0.189) (0.204,1.000) (0.000,0.100) (0.000,0.116) (0.000,0.225) 
 85      400   (18)    1 :  0.216 0.015 0.167 0.012 0.327 0.263     (0.000,0.999) (0.000,0.100) (0.000,0.819) (0.000,0.067) (0.000,1.000) (0.000,1.000) 
 86      401    (0)    1 :  0.013 0.014 0.480 0.079 0.193 0.222     (0.000,0.067) (0.000,0.076) (0.000,0.998) (0.000,0.447) (0.000,0.995) (0.000,0.998) 
 87      406    (0)    1 :  0.314 0.576 0.015 0.013 0.038 0.044     (0.000,1.000) (0.000,1.000) (0.000,0.090) (0.000,0.077) (0.000,0.250) (0.000,0.299) 
 88      413    (0)    1 :  0.020 0.037 0.030 0.675 0.102 0.135     (0.000,0.114) (0.000,0.264) (0.000,0.207) (0.000,1.000) (0.000,0.938) (0.000,0.989) 
 89      421    (0)    1 :  0.085 0.039 0.679 0.040 0.056 0.101     (0.000,0.606) (0.000,0.291) (0.000,1.000) (0.000,0.308) (0.000,0.419) (0.000,0.868) 
 90      423    (0)    1 :  0.029 0.057 0.681 0.029 0.086 0.118     (0.000,0.187) (0.000,0.417) (0.000,1.000) (0.000,0.212) (0.000,0.754) (0.000,0.967) 
 91      435    (0)    1 :  0.065 0.022 0.008 0.886 0.009 0.010     (0.000,0.407) (0.000,0.155) (0.000,0.046) (0.526,1.000) (0.000,0.047) (0.000,0.049) 
 92      476    (0)    1 :  0.040 0.011 0.845 0.011 0.046 0.047     (0.000,0.292) (0.000,0.065) (0.375,1.000) (0.000,0.071) (0.000,0.309) (0.000,0.307) 
 93      484    (0)    1 :  0.031 0.881 0.006 0.063 0.009 0.010     (0.000,0.230) (0.361,1.000) (0.000,0.033) (0.000,0.453) (0.000,0.045) (0.000,0.054) 
 94      489    (0)    1 :  0.695 0.109 0.068 0.035 0.037 0.055     (0.000,1.000) (0.000,0.792) (0.000,0.524) (0.000,0.246) (0.000,0.211) (0.000,0.454) 
 95      492   (18)    1 :  0.016 0.032 0.011 0.026 0.438 0.478     (0.000,0.080) (0.000,0.188) (0.000,0.051) (0.000,0.137) (0.000,1.000) (0.000,1.000) 
 96      493    (0)    1 :  0.015 0.009 0.012 0.005 0.523 0.436     (0.000,0.096) (0.000,0.054) (0.000,0.078) (0.000,0.028) (0.000,1.000) (0.000,1.000) 
 97      494    (0)    1 :  0.018 0.005 0.021 0.008 0.516 0.431     (0.000,0.103) (0.000,0.027) (0.000,0.144) (0.000,0.049) (0.000,1.000) (0.000,1.000) 
 98      500    (0)    1 :  0.011 0.005 0.964 0.003 0.008 0.009     (0.000,0.059) (0.000,0.026) (0.822,1.000) (0.000,0.018) (0.000,0.038) (0.000,0.039) 
 99      504    (0)    1 :  0.014 0.872 0.026 0.036 0.026 0.027     (0.000,0.086) (0.370,1.000) (0.000,0.184) (0.000,0.251) (0.000,0.143) (0.000,0.153) 
100      506    (0)    1 :  0.008 0.951 0.020 0.006 0.007 0.007     (0.000,0.046) (0.750,1.000) (0.000,0.141) (0.000,0.032) (0.000,0.034) (0.000,0.036) 


Estimated Allele Frequencies in each cluster
First column gives estimated ancestral frequencies


Locus 1 : Rsu3 
3 alleles
2.0% missing data
 164   (0.553) 0.492 0.493 0.582 0.634 0.569 0.563 
 166   (0.264) 0.410 0.434 0.145 0.262 0.226 0.232 
 170   (0.183) 0.098 0.073 0.274 0.104 0.205 0.205 

Locus 2 : Rsu5 
5 alleles
2.0% missing data
 137   (0.704) 0.805 0.657 0.944 0.647 0.671 0.678 
 135   (0.084) 0.135 0.017 0.009 0.056 0.106 0.097 
 139   (0.135) 0.045 0.022 0.039 0.091 0.164 0.167 
 133   (0.023) 0.004 0.003 0.002 0.004 0.027 0.025 
 131   (0.054) 0.011 0.301 0.006 0.203 0.032 0.034 

Locus 3 : Scv1 
5 alleles
1.0% missing data
 181   (0.512) 0.504 0.357 0.656 0.363 0.601 0.585 
 179   (0.221) 0.212 0.157 0.139 0.275 0.201 0.208 
 177   (0.100) 0.242 0.290 0.012 0.042 0.075 0.077 
 185   (0.135) 0.035 0.192 0.190 0.314 0.095 0.102 
 171   (0.032) 0.007 0.005 0.003 0.006 0.028 0.029 

Locus 4 : Rsu4 
9 alleles
0.0% missing data
 267   (0.189) 0.050 0.209 0.267 0.055 0.256 0.248 
 259   (0.041) 0.035 0.007 0.206 0.007 0.024 0.025 
 287   (0.171) 0.288 0.340 0.148 0.061 0.149 0.143 
 263   (0.328) 0.557 0.271 0.329 0.429 0.307 0.317 
 279   (0.086) 0.019 0.014 0.017 0.150 0.071 0.078 
 283   (0.071) 0.016 0.141 0.007 0.276 0.055 0.056 
 275   (0.044) 0.009 0.007 0.004 0.010 0.074 0.069 
 291   (0.041) 0.020 0.007 0.019 0.007 0.029 0.031 
 271   (0.028) 0.006 0.005 0.003 0.005 0.036 0.033 

Locus 5 : Rsu6 
4 alleles
0.0% missing data
 120   (0.254) 0.415 0.143 0.331 0.218 0.248 0.249 
 126   (0.651) 0.564 0.840 0.471 0.766 0.638 0.641 
 124   (0.068) 0.015 0.013 0.195 0.012 0.059 0.060 
 130   (0.028) 0.005 0.004 0.003 0.005 0.055 0.050 

Locus 6 : Scv12 
3 alleles
1.0% missing data
 198   (0.552) 0.505 0.360 0.376 0.691 0.638 0.633 
 196   (0.263) 0.307 0.548 0.273 0.224 0.190 0.201 
 200   (0.185) 0.188 0.093 0.351 0.085 0.172 0.166 

Locus 7 : Scv23 
3 alleles
1.0% missing data
 158   (0.511) 0.441 0.627 0.628 0.600 0.465 0.485 
 164   (0.190) 0.208 0.224 0.108 0.040 0.239 0.228 
 160   (0.298) 0.351 0.149 0.264 0.360 0.296 0.288 

Locus 8 : Scv13 
5 alleles
0.0% missing data
 182   (0.704) 0.898 0.865 0.881 0.687 0.704 0.702 
 180   (0.086) 0.029 0.014 0.080 0.015 0.092 0.096 
 172   (0.087) 0.046 0.092 0.009 0.205 0.069 0.069 
 184   (0.072) 0.017 0.021 0.025 0.015 0.100 0.094 
 174   (0.050) 0.011 0.008 0.005 0.078 0.036 0.038 

Locus 9 : Scv32 
17 alleles
1.0% missing data
 236   (0.049) 0.010 0.008 0.005 0.009 0.099 0.088 
 238   (0.043) 0.098 0.152 0.004 0.009 0.033 0.033 
 234   (0.130) 0.142 0.179 0.099 0.472 0.090 0.094 
 248   (0.108) 0.144 0.046 0.159 0.020 0.129 0.131 
 262   (0.115) 0.092 0.097 0.249 0.046 0.081 0.093 
 232   (0.180) 0.075 0.244 0.132 0.153 0.277 0.262 
 250   (0.031) 0.177 0.005 0.004 0.005 0.022 0.022 
 228   (0.027) 0.006 0.004 0.003 0.005 0.023 0.027 
 246   (0.053) 0.062 0.009 0.166 0.026 0.036 0.040 
 264   (0.044) 0.112 0.011 0.005 0.012 0.050 0.046 
 220   (0.037) 0.018 0.006 0.142 0.006 0.024 0.025 
 252   (0.044) 0.010 0.096 0.017 0.054 0.027 0.027 
 254   (0.032) 0.021 0.014 0.003 0.161 0.018 0.020 
 242   (0.027) 0.006 0.004 0.003 0.004 0.033 0.031 
 266   (0.028) 0.008 0.073 0.003 0.006 0.017 0.018 
 244   (0.033) 0.015 0.049 0.005 0.008 0.026 0.026 
 240   (0.021) 0.004 0.003 0.002 0.004 0.016 0.018 

Locus 10 : Scv8 
6 alleles
1.0% missing data
 200   (0.618) 0.773 0.727 0.715 0.424 0.628 0.633 
 202   (0.097) 0.045 0.091 0.010 0.075 0.148 0.135 
 194   (0.079) 0.103 0.017 0.080 0.055 0.053 0.056 
 204   (0.050) 0.023 0.008 0.063 0.009 0.033 0.039 
 188   (0.073) 0.015 0.143 0.007 0.421 0.054 0.054 
 198   (0.082) 0.040 0.013 0.124 0.017 0.084 0.083 

Locus 11 : Scv9 
5 alleles
0.0% missing data
 198   (0.327) 0.589 0.297 0.274 0.423 0.267 0.286 
 200   (0.317) 0.201 0.212 0.453 0.214 0.432 0.402 
 196   (0.280) 0.165 0.476 0.242 0.258 0.253 0.264 
 204   (0.055) 0.041 0.011 0.029 0.076 0.035 0.036 
 202   (0.022) 0.004 0.003 0.002 0.028 0.013 0.013 

Locus 12 : Rsu1 
6 alleles
0.0% missing data
 189   (0.301) 0.189 0.169 0.126 0.210 0.400 0.392 
 185   (0.277) 0.191 0.736 0.233 0.339 0.229 0.235 
 177   (0.082) 0.027 0.023 0.126 0.077 0.056 0.062 
 181   (0.263) 0.551 0.060 0.200 0.361 0.267 0.261 
 193   (0.041) 0.034 0.006 0.192 0.007 0.024 0.026 
 197   (0.035) 0.008 0.006 0.122 0.006 0.023 0.024 

Locus 13 : Scv14 
7 alleles
3.0% missing data
 196   (0.496) 0.637 0.654 0.802 0.593 0.501 0.486 
 198   (0.094) 0.179 0.057 0.009 0.027 0.107 0.107 
 194   (0.145) 0.091 0.071 0.061 0.142 0.166 0.171 
 202   (0.197) 0.061 0.207 0.119 0.222 0.179 0.186 
 204   (0.023) 0.005 0.003 0.002 0.004 0.018 0.019 
 190   (0.022) 0.020 0.004 0.004 0.004 0.014 0.014 
 200   (0.023) 0.006 0.004 0.002 0.008 0.015 0.016 

Locus 14 : Scv16 
7 alleles
0.0% missing data
 182   (0.423) 0.575 0.437 0.489 0.449 0.343 0.367 
 184   (0.409) 0.378 0.519 0.383 0.277 0.466 0.459 
 188   (0.057) 0.011 0.008 0.118 0.009 0.112 0.096 
 200   (0.022) 0.004 0.003 0.002 0.004 0.024 0.021 
 198   (0.036) 0.021 0.009 0.003 0.168 0.021 0.021 
 190   (0.032) 0.007 0.020 0.003 0.089 0.019 0.019 
 186   (0.022) 0.004 0.003 0.002 0.004 0.016 0.017 

Locus 15 : Scv31 
15 alleles
2.0% missing data
 193   (0.144) 0.302 0.229 0.078 0.101 0.108 0.114 
 201   (0.087) 0.027 0.022 0.080 0.022 0.147 0.138 
 187   (0.071) 0.069 0.166 0.213 0.013 0.043 0.047 
 207   (0.029) 0.017 0.005 0.106 0.005 0.016 0.018 
 195   (0.078) 0.061 0.107 0.067 0.160 0.047 0.050 
 185   (0.165) 0.257 0.267 0.067 0.181 0.150 0.159 
 189   (0.065) 0.093 0.010 0.008 0.011 0.174 0.147 
 205   (0.022) 0.004 0.003 0.002 0.005 0.016 0.017 
 191   (0.147) 0.128 0.028 0.286 0.410 0.100 0.110 
 197   (0.031) 0.007 0.126 0.014 0.005 0.018 0.019 
 199   (0.053) 0.012 0.020 0.006 0.066 0.061 0.058 
 203   (0.026) 0.005 0.004 0.003 0.004 0.054 0.046 
 209   (0.028) 0.007 0.004 0.003 0.005 0.028 0.030 
 181   (0.027) 0.007 0.004 0.063 0.005 0.015 0.017 
 213   (0.028) 0.006 0.005 0.003 0.006 0.024 0.028 

Locus 16 : Scv6 
8 alleles
0.0% missing data
 191   (0.116) 0.071 0.041 0.126 0.020 0.155 0.147 
 195   (0.371) 0.578 0.575 0.468 0.280 0.347 0.353 
 197   (0.200) 0.220 0.246 0.321 0.290 0.151 0.156 
 201   (0.082) 0.021 0.014 0.009 0.078 0.116 0.119 
 193   (0.088) 0.020 0.060 0.012 0.206 0.105 0.099 
 205   (0.021) 0.004 0.003 0.002 0.003 0.025 0.023 
 199   (0.097) 0.081 0.057 0.059 0.117 0.064 0.073 
 181   (0.025) 0.005 0.004 0.002 0.004 0.037 0.031 

Values of parameters used in structure:
DATAFILE=C:\Users\drenske\Desktop\STRUCTURE\Squirrel_100_ID_16L_20260210\project_data,	OUTFILE=C:\Users\drenske\Desktop\STRUCTURE\Squirrel_100_ID_16L_20260210\10k_Burnin_100k_MCMC\Results\10k_Burnin_100k_MCMC_run_133,	NUMINDS=100,	NUMLOCI=16,	MISSING=-9,	LABEL=1,	POPDATA=1,	POPFLAG=0,	PHENOTYPE=0,	EXTRACOLS=1,	MAXPOPS=6,	BURNIN=10000,	NUMREPS=100000,	USEPOPINFO=0,	INFERALPHA=1,	INFERLAMBDA=1,	POPSPECIFICLAMBDA=0,	POPALPHAS=0,	COMPUTEPROB=1,	NOADMIX=0,	ADMBURNIN=2500,	UPDATEFREQ=1,	PRINTLIKES=0,	INTERMEDSAVE=0,	PRINTKLD=0,	PRINTNET=0,	PRINTLAMBDA=0,	ANCESTDIST=1,	NUMBOXES=1000,	ANCESTPINT=0.90000,	GENSBACK=2,	MIGRPRIOR=0.05000,	PRINTQHAT=1,	PRINTQSUM=0,	ALPHA=1.0000,	FREQSCORR=1,	FPRIORMEAN=0.0100,	FPRIORSD=0.0500,	ONEFST=0,	LAMBDA=1.0000,	UNIFPRIORALPHA=1,	ALPHAMAX=10.0000,	ALPHAPRIORA=1.0000,	ALPHAPRIORB=2.0000,	ALPHAPROPSD=0.0250,	STARTATPOPINFO=0,	RANDOMIZE=1,	LINKAGE=0,	METROFREQ=10,	REPORTHITRATE=0,	MARKOVPHASE=-1,	PHASED=0,	PLOIDY=2,	PHASEINFO=0	LOCPRIOR=0, 	LOCPRIORINIT=1.000000, 	LOCDATA=0, 	LOCISPOP=0, 	LOCPRIORSTEP=0.100000, 	MAXLOCPRIOR=20.000000, 	SEED=1770760625,	
[STRAT parameters]:    NUMSIMSTATS=1000,	PHENOTYPECOL=-9,	POOLFREQ=10,	LOCUSxONLY=0,	EMERROR=0.00100,	MISSINGPHENO=-9,	