          1*  1 0.0261 0.0128 0.9611 
           6  1 0.0735 0.9149 0.0116 
           8  1 0.0065 0.9830 0.0105 
          11  1 0.0229 0.2566 0.7205 
          12  1 0.0350 0.8975 0.0676 
          19  1 0.0320 0.0303 0.9377 
          23  1 0.5625 0.3942 0.0432 
          24  1 0.0213 0.7815 0.1972 
          25  1 0.1076 0.7971 0.0952 
         26*  1 0.0051 0.9837 0.0113 
          28  1 0.0058 0.9882 0.0060 
          29  1 0.0068 0.9694 0.0238 
          30  1 0.0649 0.8910 0.0441 
          33  1 0.0186 0.0046 0.9768 
          37  1 0.0067 0.0157 0.9776 
          38  1 0.0043 0.0162 0.9795 
          44  1 0.0088 0.9821 0.0091 
          48  1 0.0054 0.0092 0.9854 
          55  1 0.0165 0.9722 0.0113 
          60  1 0.9287 0.0111 0.0602 
          61  1 0.9721 0.0146 0.0133 
          62  1 0.7815 0.1826 0.0358 
          65  1 0.0170 0.0081 0.9749 
          73  1 0.9324 0.0504 0.0172 
          75  1 0.9433 0.0113 0.0454 
          76  1 0.9851 0.0075 0.0074 
          78  1 0.9832 0.0079 0.0088 
          79  1 0.9747 0.0057 0.0197 
          84  1 0.0220 0.9674 0.0106 
          85  1 0.0089 0.9781 0.0130 
          86  1 0.0178 0.9559 0.0263 
          89  1 0.0783 0.8493 0.0724 
          94  1 0.0075 0.6726 0.3198 
          95  1 0.0304 0.7915 0.1780 
          98  1 0.9766 0.0126 0.0108 
         102  1 0.0156 0.0115 0.9729 
         106  1 0.9151 0.0335 0.0515 
         108  1 0.8946 0.0193 0.0862 
         109  1 0.9796 0.0119 0.0084 
         112  1 0.3604 0.5410 0.0987 
         115  1 0.0391 0.0457 0.9152 
         117  1 0.0327 0.9539 0.0134 
         140  1 0.9664 0.0219 0.0117 
         147  1 0.9866 0.0063 0.0070 
        162*  1 0.0075 0.9864 0.0061 
         166  1 0.9776 0.0105 0.0120 
         177  1 0.9701 0.0126 0.0173 
         178  1 0.9719 0.0167 0.0114 
         189  1 0.0052 0.9868 0.0080 
         190  1 0.0070 0.9843 0.0087 
         202  1 0.0298 0.7496 0.2206 
         211  1 0.9586 0.0212 0.0202 
         216  1 0.9879 0.0061 0.0060 
         222  1 0.9248 0.0148 0.0605 
         224  1 0.0125 0.9740 0.0136 
         229  1 0.0140 0.9652 0.0208 
         230  1 0.0176 0.9651 0.0173 
         232  1 0.0466 0.9292 0.0242 
         238  1 0.0905 0.0354 0.8741 
         242  1 0.0064 0.0060 0.9876 
         243  1 0.0612 0.0169 0.9219 
         244  1 0.0354 0.0121 0.9525 
         251  1 0.0270 0.0503 0.9227 
         266  1 0.6421 0.0191 0.3387 
         267  1 0.9473 0.0298 0.0229 
         268  1 0.9848 0.0067 0.0084 
         270  1 0.0078 0.9797 0.0125 
         276  1 0.0320 0.9557 0.0123 
         298  1 0.9824 0.0078 0.0098 
         306  1 0.9682 0.0084 0.0234 
         308  1 0.9710 0.0099 0.0192 
         311  1 0.7401 0.0334 0.2265 
         327  1 0.0091 0.9811 0.0099 
         338  1 0.9639 0.0209 0.0152 
         346  1 0.9578 0.0225 0.0197 
         348  1 0.9797 0.0074 0.0129 
         351  1 0.0234 0.0212 0.9554 
         362  1 0.0062 0.9871 0.0067 
         364  1 0.0127 0.0071 0.9801 
         366  1 0.0276 0.0240 0.9484 
         376  1 0.0140 0.9665 0.0195 
         388  1 0.9699 0.0146 0.0155 
         391  1 0.6632 0.2505 0.0863 
         396  1 0.0237 0.9644 0.0120 
         400  1 0.0179 0.5534 0.4287 
         401  1 0.0455 0.6342 0.3203 
         406  1 0.8709 0.0347 0.0944 
         413  1 0.8682 0.0551 0.0767 
         421  1 0.0541 0.9224 0.0236 
         423  1 0.0449 0.9007 0.0544 
         435  1 0.9843 0.0100 0.0058 
         476  1 0.0122 0.9565 0.0314 
         484  1 0.9862 0.0069 0.0069 
         489  1 0.4202 0.5348 0.0450 
         492  1 0.0568 0.0310 0.9122 
         493  1 0.0070 0.0103 0.9827 
         494  1 0.0058 0.0286 0.9656 
         500  1 0.0043 0.9886 0.0072 
         504  1 0.9051 0.0523 0.0425 
         506  1 0.9367 0.0540 0.0092 
