          1*  1 0.5724 0.4276 
           6  1 0.7546 0.2454 
           8  1 0.9883 0.0117 
          11  1 0.9578 0.0422 
          12  1 0.9533 0.0467 
          19  1 0.6734 0.3266 
          23  1 0.2509 0.7491 
          24  1 0.9798 0.0202 
          25  1 0.8872 0.1128 
         26*  1 0.9911 0.0089 
          28  1 0.9889 0.0111 
          29  1 0.9875 0.0125 
          30  1 0.8812 0.1188 
          33  1 0.2760 0.7240 
          37  1 0.9792 0.0208 
          38  1 0.9875 0.0125 
          44  1 0.9858 0.0142 
          48  1 0.9760 0.0240 
          55  1 0.9659 0.0341 
          60  1 0.0196 0.9804 
          61  1 0.0195 0.9805 
          62  1 0.1886 0.8114 
          65  1 0.8039 0.1961 
          73  1 0.0607 0.9393 
          75  1 0.0236 0.9764 
          76  1 0.0112 0.9888 
          78  1 0.0121 0.9879 
          79  1 0.0128 0.9872 
          84  1 0.9587 0.0413 
          85  1 0.9835 0.0165 
          86  1 0.9735 0.0265 
          89  1 0.8847 0.1153 
          94  1 0.9901 0.0099 
          95  1 0.9659 0.0341 
          98  1 0.0169 0.9831 
         102  1 0.9466 0.0534 
         106  1 0.0442 0.9558 
         108  1 0.0403 0.9597 
         109  1 0.0148 0.9852 
         112  1 0.5017 0.4983 
         115  1 0.8842 0.1158 
         117  1 0.8888 0.1112 
         140  1 0.0267 0.9733 
         147  1 0.0093 0.9907 
        162*  1 0.9834 0.0166 
         166  1 0.0144 0.9856 
         177  1 0.0191 0.9809 
         178  1 0.0221 0.9779 
         189  1 0.9901 0.0099 
         190  1 0.9863 0.0137 
         202  1 0.9659 0.0341 
         211  1 0.0281 0.9719 
         216  1 0.0095 0.9905 
         222  1 0.0333 0.9667 
         224  1 0.9756 0.0244 
         229  1 0.9656 0.0344 
         230  1 0.9778 0.0222 
         232  1 0.9254 0.0746 
         238  1 0.5034 0.4966 
         242  1 0.6609 0.3391 
         243  1 0.5738 0.4262 
         244  1 0.4796 0.5204 
         251  1 0.7438 0.2562 
         266  1 0.1479 0.8521 
         267  1 0.0334 0.9666 
         268  1 0.0112 0.9888 
         270  1 0.9866 0.0134 
         276  1 0.9090 0.0910 
         298  1 0.0132 0.9868 
         306  1 0.0138 0.9862 
         308  1 0.0163 0.9837 
         311  1 0.0982 0.9018 
         327  1 0.9851 0.0149 
         338  1 0.0305 0.9695 
         346  1 0.0225 0.9775 
         348  1 0.0119 0.9881 
         351  1 0.6799 0.3201 
         362  1 0.9866 0.0134 
         364  1 0.6036 0.3964 
         366  1 0.5876 0.4124 
         376  1 0.9707 0.0293 
         388  1 0.0190 0.9810 
         391  1 0.2238 0.7762 
         396  1 0.9665 0.0335 
         400  1 0.9773 0.0227 
         401  1 0.9500 0.0500 
         406  1 0.0788 0.9212 
         413  1 0.1431 0.8569 
         421  1 0.9481 0.0519 
         423  1 0.9506 0.0494 
         435  1 0.0159 0.9841 
         476  1 0.9831 0.0169 
         484  1 0.0104 0.9896 
         489  1 0.5051 0.4949 
         492  1 0.6158 0.3842 
         493  1 0.9502 0.0498 
         494  1 0.9844 0.0156 
         500  1 0.9927 0.0073 
         504  1 0.0612 0.9388 
         506  1 0.0524 0.9476 
