

----------------------------------------------------
STRUCTURE by Pritchard, Stephens and Donnelly (2000)
     and Falush, Stephens and Pritchard (2003)
       Code by Pritchard, Falush and Hubisz
             Version 2.3.4 (Jul 2012)
----------------------------------------------------



Command line arguments:   bin\structure -m C:\Users\drenske\Desktop\STRUCTURE\Squirrel_100_ID_16L_20260210\10k_Burnin_100k_MCMC\mainparams -e C:\Users\drenske\Desktop\STRUCTURE\Squirrel_100_ID_16L_20260210\10k_Burnin_100k_MCMC\extraparams 
Input File:    C:\Users\drenske\Desktop\STRUCTURE\Squirrel_100_ID_16L_20260210\project_data

Run parameters:
   100 individuals
   16 loci
   4 populations assumed
   10000 Burn-in period
   100000 Reps


--------------------------------------------
Proportion of membership of each pre-defined
 population in each of the 4 clusters

Given    Inferred Clusters              Number of
 Pop       1      2      3      4      Individuals

  1:     0.229  0.192  0.353  0.226      100
--------------------------------------------

Allele-freq. divergence among pops (Net nucleotide distance),
computed using point estimates of P.

      1       2       3       4      
 1      -    0.0410  0.0413  0.0415  
 2   0.0410     -    0.0506  0.0401  
 3   0.0413  0.0506     -    0.0330  
 4   0.0415  0.0401  0.0330     -    

Average distances (expected heterozygosity) between individuals in same cluster:
cluster  1  : 0.5810 
cluster  2  : 0.6232 
cluster  3  : 0.5803 
cluster  4  : 0.6511 

--------------------------------------------
Estimated Ln Prob of Data   = -3866.8
Mean value of ln likelihood = -3734.9
Variance of ln likelihood   = 263.9
Mean value of alpha         = 0.0451

Mean value of lambda        = 1.1013

Mean value of Fst_1         = 0.1365
Mean value of Fst_2         = 0.1273
Mean value of Fst_3         = 0.1338
Mean value of Fst_4         = 0.0424


Inferred ancestry of individuals:
        Label (%Miss) Pop:  Inferred clusters (and 90% probability intervals)
  1       1*    (0)    1 :  0.096 0.006 0.013 0.885     (0.000,0.518) (0.000,0.031) (0.000,0.079) (0.456,1.000) 
  2        6    (0)    1 :  0.177 0.023 0.790 0.011     (0.000,0.942) (0.000,0.157) (0.006,1.000) (0.000,0.059) 
  3        8    (0)    1 :  0.008 0.006 0.977 0.010     (0.000,0.041) (0.000,0.032) (0.867,1.000) (0.000,0.056) 
  4       11    (0)    1 :  0.022 0.039 0.342 0.598     (0.000,0.148) (0.000,0.278) (0.000,1.000) (0.000,1.000) 
  5       12    (0)    1 :  0.312 0.016 0.591 0.082     (0.000,1.000) (0.000,0.083) (0.000,1.000) (0.000,0.578) 
  6       19    (0)    1 :  0.016 0.073 0.036 0.875     (0.000,0.099) (0.000,0.564) (0.000,0.256) (0.247,1.000) 
  7       23    (6)    1 :  0.729 0.061 0.186 0.024     (0.000,1.000) (0.000,0.410) (0.000,1.000) (0.000,0.133) 
  8       24    (6)    1 :  0.022 0.033 0.796 0.149     (0.000,0.147) (0.000,0.237) (0.001,1.000) (0.000,0.878) 
  9       25    (6)    1 :  0.501 0.010 0.455 0.035     (0.000,1.000) (0.000,0.052) (0.000,1.000) (0.000,0.228) 
 10      26*    (0)    1 :  0.008 0.005 0.973 0.013     (0.000,0.045) (0.000,0.029) (0.845,1.000) (0.000,0.085) 
 11       28    (0)    1 :  0.008 0.005 0.980 0.007     (0.000,0.047) (0.000,0.026) (0.884,1.000) (0.000,0.035) 
 12       29    (0)    1 :  0.011 0.008 0.956 0.026     (0.000,0.054) (0.000,0.041) (0.772,1.000) (0.000,0.132) 
 13       30    (0)    1 :  0.285 0.007 0.678 0.030     (0.000,0.993) (0.000,0.036) (0.000,1.000) (0.000,0.184) 
 14       33    (0)    1 :  0.012 0.026 0.005 0.958     (0.000,0.070) (0.000,0.188) (0.000,0.025) (0.750,1.000) 
 15       37    (0)    1 :  0.007 0.008 0.012 0.973     (0.000,0.038) (0.000,0.043) (0.000,0.070) (0.846,1.000) 
 16       38    (0)    1 :  0.005 0.004 0.014 0.976     (0.000,0.025) (0.000,0.024) (0.000,0.085) (0.869,1.000) 
 17       44    (0)    1 :  0.010 0.007 0.974 0.008     (0.000,0.058) (0.000,0.042) (0.852,1.000) (0.000,0.046) 
 18       48    (0)    1 :  0.006 0.005 0.008 0.981     (0.000,0.032) (0.000,0.027) (0.000,0.041) (0.891,1.000) 
 19       55    (0)    1 :  0.022 0.013 0.954 0.011     (0.000,0.160) (0.000,0.076) (0.735,1.000) (0.000,0.065) 
 20       60    (0)    1 :  0.949 0.017 0.009 0.026     (0.716,1.000) (0.000,0.088) (0.000,0.050) (0.000,0.143) 
 21       61    (0)    1 :  0.073 0.891 0.021 0.015     (0.000,0.456) (0.478,1.000) (0.000,0.148) (0.000,0.098) 
 22       62    (0)    1 :  0.056 0.812 0.106 0.026     (0.000,0.402) (0.000,1.000) (0.000,0.966) (0.000,0.150) 
 23       65    (0)    1 :  0.017 0.013 0.009 0.961     (0.000,0.109) (0.000,0.090) (0.000,0.049) (0.783,1.000) 
 24       73    (0)    1 :  0.961 0.012 0.018 0.010     (0.778,1.000) (0.000,0.059) (0.000,0.121) (0.000,0.056) 
 25       75    (0)    1 :  0.015 0.945 0.014 0.027     (0.000,0.092) (0.700,1.000) (0.000,0.091) (0.000,0.195) 
 26       76    (0)    1 :  0.009 0.978 0.007 0.006     (0.000,0.051) (0.876,1.000) (0.000,0.036) (0.000,0.032) 
 27       78    (0)    1 :  0.060 0.919 0.009 0.012     (0.000,0.463) (0.478,1.000) (0.000,0.048) (0.000,0.070) 
 28       79    (0)    1 :  0.007 0.981 0.005 0.007     (0.000,0.039) (0.890,1.000) (0.000,0.028) (0.000,0.039) 
 29       84    (0)    1 :  0.021 0.025 0.942 0.011     (0.000,0.141) (0.000,0.180) (0.677,1.000) (0.000,0.060) 
 30       85    (0)    1 :  0.007 0.012 0.968 0.013     (0.000,0.040) (0.000,0.072) (0.816,1.000) (0.000,0.074) 
 31       86    (0)    1 :  0.012 0.022 0.946 0.020     (0.000,0.075) (0.000,0.162) (0.695,1.000) (0.000,0.128) 
 32       89    (0)    1 :  0.098 0.045 0.783 0.074     (0.000,0.724) (0.000,0.320) (0.000,1.000) (0.000,0.557) 
 33       94    (0)    1 :  0.024 0.009 0.418 0.548     (0.000,0.139) (0.000,0.050) (0.000,1.000) (0.000,1.000) 
 34       95    (0)    1 :  0.062 0.014 0.812 0.113     (0.000,0.423) (0.000,0.084) (0.000,1.000) (0.000,0.983) 
 35       98    (0)    1 :  0.715 0.256 0.012 0.018     (0.000,1.000) (0.000,1.000) (0.000,0.072) (0.000,0.101) 
 36      102    (0)    1 :  0.024 0.016 0.012 0.949     (0.000,0.169) (0.000,0.107) (0.000,0.068) (0.718,1.000) 
 37      106    (0)    1 :  0.029 0.922 0.028 0.020     (0.000,0.183) (0.610,1.000) (0.000,0.189) (0.000,0.134) 
 38      108    (0)    1 :  0.403 0.428 0.021 0.148     (0.000,1.000) (0.000,1.000) (0.000,0.143) (0.000,0.750) 
 39      109    (0)    1 :  0.928 0.055 0.009 0.009     (0.611,1.000) (0.000,0.358) (0.000,0.049) (0.000,0.053) 
 40      112    (0)    1 :  0.114 0.321 0.471 0.094     (0.000,0.657) (0.000,1.000) (0.000,1.000) (0.000,0.719) 
 41      115    (0)    1 :  0.048 0.025 0.051 0.877     (0.000,0.339) (0.000,0.148) (0.000,0.372) (0.319,1.000) 
 42      117    (0)    1 :  0.048 0.026 0.912 0.015     (0.000,0.341) (0.000,0.184) (0.519,1.000) (0.000,0.086) 
 43      140    (0)    1 :  0.968 0.015 0.010 0.008     (0.816,1.000) (0.000,0.092) (0.000,0.051) (0.000,0.040) 
 44      147    (0)    1 :  0.082 0.902 0.008 0.008     (0.000,0.962) (0.002,1.000) (0.000,0.047) (0.000,0.044) 
 45     162*    (0)    1 :  0.008 0.006 0.980 0.006     (0.000,0.048) (0.000,0.031) (0.883,1.000) (0.000,0.032) 
 46      166    (0)    1 :  0.963 0.017 0.011 0.009     (0.798,1.000) (0.000,0.097) (0.000,0.066) (0.000,0.050) 
 47      177    (0)    1 :  0.007 0.975 0.010 0.008     (0.000,0.039) (0.857,1.000) (0.000,0.061) (0.000,0.048) 
 48      178    (0)    1 :  0.016 0.959 0.016 0.009     (0.000,0.099) (0.760,1.000) (0.000,0.109) (0.000,0.054) 
 49      189    (0)    1 :  0.005 0.007 0.980 0.008     (0.000,0.025) (0.000,0.037) (0.886,1.000) (0.000,0.044) 
 50      190    (0)    1 :  0.009 0.006 0.976 0.009     (0.000,0.052) (0.000,0.031) (0.865,1.000) (0.000,0.049) 
 51      202    (0)    1 :  0.182 0.014 0.641 0.163     (0.000,0.759) (0.000,0.082) (0.000,1.000) (0.000,0.990) 
 52      211    (0)    1 :  0.836 0.122 0.017 0.026     (0.440,1.000) (0.000,0.473) (0.000,0.105) (0.000,0.146) 
 53      216    (0)    1 :  0.852 0.134 0.006 0.007     (0.302,1.000) (0.000,0.678) (0.000,0.034) (0.000,0.041) 
 54      222    (0)    1 :  0.528 0.382 0.018 0.072     (0.000,1.000) (0.000,1.000) (0.000,0.115) (0.000,0.518) 
 55      224    (0)    1 :  0.012 0.012 0.961 0.015     (0.000,0.073) (0.000,0.072) (0.779,1.000) (0.000,0.087) 
 56      229    (0)    1 :  0.011 0.020 0.950 0.019     (0.000,0.065) (0.000,0.140) (0.720,1.000) (0.000,0.114) 
 57      230    (0)    1 :  0.012 0.013 0.962 0.012     (0.000,0.083) (0.000,0.088) (0.794,1.000) (0.000,0.071) 
 58      232    (0)    1 :  0.051 0.034 0.891 0.024     (0.000,0.364) (0.000,0.238) (0.420,1.000) (0.000,0.120) 
 59      238    (0)    1 :  0.040 0.117 0.040 0.803     (0.000,0.291) (0.000,0.625) (0.000,0.288) (0.132,1.000) 
 60      242    (0)    1 :  0.008 0.006 0.006 0.980     (0.000,0.045) (0.000,0.030) (0.000,0.035) (0.886,1.000) 
 61      243    (0)    1 :  0.080 0.026 0.017 0.878     (0.000,0.485) (0.000,0.188) (0.000,0.103) (0.451,1.000) 
 62      244    (0)    1 :  0.012 0.087 0.014 0.886     (0.000,0.076) (0.000,0.485) (0.000,0.092) (0.481,1.000) 
 63      251    (0)    1 :  0.021 0.044 0.047 0.888     (0.000,0.142) (0.000,0.298) (0.000,0.337) (0.412,1.000) 
 64      266    (0)    1 :  0.144 0.556 0.027 0.273     (0.000,0.703) (0.000,1.000) (0.000,0.196) (0.000,0.995) 
 65      267    (0)    1 :  0.956 0.017 0.014 0.013     (0.752,1.000) (0.000,0.099) (0.000,0.094) (0.000,0.076) 
 66      268    (0)    1 :  0.142 0.837 0.010 0.010     (0.000,0.994) (0.000,1.000) (0.000,0.060) (0.000,0.059) 
 67      270    (0)    1 :  0.009 0.008 0.970 0.012     (0.000,0.051) (0.000,0.047) (0.835,1.000) (0.000,0.071) 
 68      276    (0)    1 :  0.061 0.021 0.906 0.013     (0.000,0.436) (0.000,0.136) (0.475,1.000) (0.000,0.073) 
 69      298    (6)    1 :  0.197 0.780 0.011 0.012     (0.000,1.000) (0.000,1.000) (0.000,0.068) (0.000,0.067) 
 70      306    (0)    1 :  0.893 0.068 0.016 0.023     (0.492,1.000) (0.000,0.423) (0.000,0.107) (0.000,0.147) 
 71      308    (0)    1 :  0.066 0.897 0.013 0.025     (0.000,0.449) (0.471,1.000) (0.000,0.085) (0.000,0.169) 
 72      311    (6)    1 :  0.740 0.076 0.036 0.148     (0.000,1.000) (0.000,0.572) (0.000,0.261) (0.000,0.978) 
 73      327    (0)    1 :  0.023 0.005 0.960 0.011     (0.000,0.162) (0.000,0.029) (0.767,1.000) (0.000,0.059) 
 74      338    (0)    1 :  0.857 0.095 0.033 0.016     (0.301,1.000) (0.000,0.573) (0.000,0.227) (0.000,0.090) 
 75      346    (0)    1 :  0.719 0.242 0.022 0.017     (0.000,1.000) (0.000,1.000) (0.000,0.130) (0.000,0.089) 
 76      348    (0)    1 :  0.068 0.910 0.008 0.014     (0.000,0.678) (0.218,1.000) (0.000,0.045) (0.000,0.082) 
 77      351    (0)    1 :  0.029 0.015 0.018 0.937     (0.000,0.193) (0.000,0.084) (0.000,0.116) (0.643,1.000) 
 78      362    (0)    1 :  0.010 0.005 0.978 0.006     (0.000,0.059) (0.000,0.027) (0.874,1.000) (0.000,0.035) 
 79      364    (0)    1 :  0.014 0.012 0.007 0.967     (0.000,0.086) (0.000,0.069) (0.000,0.041) (0.808,1.000) 
 80      366    (0)    1 :  0.071 0.012 0.023 0.894     (0.000,0.458) (0.000,0.069) (0.000,0.167) (0.471,1.000) 
 81      376    (0)    1 :  0.023 0.013 0.944 0.020     (0.000,0.152) (0.000,0.085) (0.685,1.000) (0.000,0.132) 
 82      388    (0)    1 :  0.966 0.014 0.009 0.012     (0.811,1.000) (0.000,0.067) (0.000,0.050) (0.000,0.069) 
 83      391    (0)    1 :  0.842 0.033 0.094 0.030     (0.000,1.000) (0.000,0.217) (0.000,0.778) (0.000,0.185) 
 84      396   (18)    1 :  0.029 0.016 0.944 0.010     (0.000,0.207) (0.000,0.097) (0.681,1.000) (0.000,0.060) 
 85      400   (18)    1 :  0.021 0.024 0.448 0.508     (0.000,0.133) (0.000,0.152) (0.000,1.000) (0.000,1.000) 
 86      401    (0)    1 :  0.012 0.103 0.688 0.197     (0.000,0.073) (0.000,0.509) (0.070,1.000) (0.000,0.808) 
 87      406    (0)    1 :  0.935 0.016 0.018 0.031     (0.644,1.000) (0.000,0.082) (0.000,0.115) (0.000,0.191) 
 88      413    (0)    1 :  0.030 0.910 0.029 0.031     (0.000,0.198) (0.504,1.000) (0.000,0.195) (0.000,0.204) 
 89      421    (0)    1 :  0.039 0.050 0.886 0.025     (0.000,0.284) (0.000,0.381) (0.453,1.000) (0.000,0.164) 
 90      423    (0)    1 :  0.025 0.041 0.882 0.051     (0.000,0.171) (0.000,0.305) (0.363,1.000) (0.000,0.366) 
 91      435    (0)    1 :  0.044 0.939 0.009 0.007     (0.000,0.299) (0.663,1.000) (0.000,0.055) (0.000,0.038) 
 92      476    (0)    1 :  0.017 0.012 0.943 0.028     (0.000,0.116) (0.000,0.075) (0.695,1.000) (0.000,0.199) 
 93      484    (0)    1 :  0.882 0.104 0.007 0.007     (0.255,1.000) (0.000,0.717) (0.000,0.040) (0.000,0.038) 
 94      489    (0)    1 :  0.543 0.076 0.336 0.045     (0.000,1.000) (0.000,0.600) (0.000,1.000) (0.000,0.294) 
 95      492   (18)    1 :  0.064 0.145 0.030 0.761     (0.000,0.492) (0.000,0.999) (0.000,0.163) (0.000,1.000) 
 96      493    (0)    1 :  0.009 0.007 0.011 0.973     (0.000,0.053) (0.000,0.035) (0.000,0.070) (0.849,1.000) 
 97      494    (0)    1 :  0.006 0.008 0.028 0.958     (0.000,0.034) (0.000,0.045) (0.000,0.206) (0.748,1.000) 
 98      500    (0)    1 :  0.006 0.003 0.983 0.007     (0.000,0.035) (0.000,0.019) (0.905,1.000) (0.000,0.037) 
 99      504    (0)    1 :  0.797 0.132 0.037 0.033     (0.000,1.000) (0.000,0.925) (0.000,0.267) (0.000,0.227) 
100      506    (0)    1 :  0.949 0.016 0.028 0.007     (0.703,1.000) (0.000,0.083) (0.000,0.204) (0.000,0.037) 


Estimated Allele Frequencies in each cluster
First column gives estimated ancestral frequencies


Locus 1 : Rsu3 
3 alleles
2.0% missing data
 164   (0.550) 0.484 0.615 0.571 0.581 
 166   (0.261) 0.448 0.275 0.176 0.213 
 170   (0.189) 0.068 0.110 0.253 0.206 

Locus 2 : Rsu5 
5 alleles
2.0% missing data
 137   (0.667) 0.703 0.632 0.922 0.665 
 135   (0.102) 0.078 0.063 0.016 0.109 
 139   (0.129) 0.023 0.106 0.053 0.173 
 133   (0.029) 0.004 0.005 0.003 0.025 
 131   (0.073) 0.193 0.194 0.007 0.029 

Locus 3 : Scv1 
5 alleles
1.0% missing data
 181   (0.504) 0.371 0.362 0.656 0.624 
 179   (0.215) 0.197 0.266 0.146 0.188 
 177   (0.099) 0.307 0.056 0.026 0.067 
 185   (0.148) 0.120 0.310 0.168 0.081 
 171   (0.033) 0.004 0.006 0.003 0.040 

Locus 4 : Rsu4 
9 alleles
0.0% missing data
 267   (0.202) 0.139 0.072 0.238 0.275 
 259   (0.040) 0.011 0.007 0.180 0.015 
 287   (0.160) 0.386 0.072 0.138 0.130 
 263   (0.310) 0.346 0.423 0.383 0.284 
 279   (0.082) 0.012 0.137 0.021 0.091 
 283   (0.083) 0.086 0.259 0.007 0.055 
 275   (0.049) 0.008 0.017 0.004 0.081 
 291   (0.043) 0.008 0.008 0.025 0.031 
 271   (0.032) 0.005 0.005 0.003 0.039 

Locus 5 : Rsu6 
4 alleles
0.0% missing data
 120   (0.272) 0.254 0.207 0.343 0.244 
 126   (0.621) 0.730 0.774 0.485 0.643 
 124   (0.069) 0.012 0.013 0.169 0.056 
 130   (0.038) 0.005 0.006 0.003 0.057 

Locus 6 : Scv12 
3 alleles
1.0% missing data
 198   (0.568) 0.416 0.669 0.392 0.680 
 196   (0.249) 0.475 0.240 0.273 0.165 
 200   (0.184) 0.110 0.091 0.335 0.155 

Locus 7 : Scv23 
3 alleles
1.0% missing data
 158   (0.496) 0.579 0.595 0.598 0.441 
 164   (0.200) 0.229 0.059 0.116 0.254 
 160   (0.304) 0.193 0.346 0.286 0.305 

Locus 8 : Scv13 
5 alleles
0.0% missing data
 182   (0.696) 0.874 0.699 0.881 0.680 
 180   (0.078) 0.011 0.014 0.080 0.103 
 172   (0.095) 0.083 0.183 0.009 0.073 
 184   (0.081) 0.023 0.018 0.026 0.110 
 174   (0.050) 0.009 0.087 0.005 0.035 

Locus 9 : Scv32 
17 alleles
1.0% missing data
 236   (0.043) 0.006 0.008 0.004 0.117 
 238   (0.040) 0.163 0.008 0.004 0.026 
 234   (0.126) 0.172 0.439 0.102 0.075 
 248   (0.097) 0.059 0.019 0.170 0.135 
 262   (0.099) 0.091 0.064 0.232 0.069 
 232   (0.184) 0.191 0.159 0.122 0.291 
 250   (0.045) 0.061 0.009 0.030 0.029 
 228   (0.029) 0.004 0.006 0.003 0.039 
 246   (0.048) 0.009 0.028 0.163 0.025 
 264   (0.051) 0.063 0.021 0.009 0.049 
 220   (0.033) 0.005 0.006 0.127 0.015 
 252   (0.053) 0.065 0.054 0.016 0.020 
 254   (0.036) 0.023 0.139 0.003 0.014 
 242   (0.027) 0.004 0.004 0.002 0.039 
 266   (0.028) 0.056 0.007 0.003 0.012 
 244   (0.036) 0.025 0.023 0.008 0.024 
 240   (0.024) 0.003 0.005 0.002 0.022 

Locus 10 : Scv8 
6 alleles
1.0% missing data
 200   (0.586) 0.746 0.438 0.720 0.642 
 202   (0.112) 0.081 0.092 0.010 0.146 
 194   (0.090) 0.059 0.061 0.076 0.048 
 204   (0.044) 0.006 0.008 0.071 0.026 
 188   (0.087) 0.096 0.380 0.008 0.049 
 198   (0.080) 0.012 0.021 0.115 0.089 

Locus 11 : Scv9 
5 alleles
0.0% missing data
 198   (0.302) 0.433 0.409 0.316 0.252 
 200   (0.337) 0.189 0.220 0.412 0.453 
 196   (0.273) 0.350 0.268 0.241 0.260 
 204   (0.061) 0.024 0.077 0.029 0.025 
 202   (0.027) 0.004 0.026 0.002 0.010 

Locus 12 : Rsu1 
6 alleles
0.0% missing data
 189   (0.289) 0.188 0.201 0.145 0.428 
 185   (0.273) 0.569 0.361 0.212 0.210 
 177   (0.084) 0.019 0.077 0.111 0.053 
 181   (0.277) 0.211 0.348 0.259 0.278 
 193   (0.040) 0.009 0.007 0.170 0.014 
 197   (0.037) 0.005 0.006 0.104 0.016 

Locus 13 : Scv14 
7 alleles
3.0% missing data
 196   (0.497) 0.629 0.573 0.782 0.475 
 198   (0.087) 0.147 0.033 0.008 0.109 
 194   (0.140) 0.044 0.162 0.086 0.163 
 202   (0.194) 0.163 0.207 0.109 0.202 
 204   (0.027) 0.004 0.005 0.002 0.023 
 190   (0.027) 0.007 0.005 0.010 0.013 
 200   (0.028) 0.006 0.016 0.003 0.014 

Locus 14 : Scv16 
7 alleles
0.0% missing data
 182   (0.377) 0.454 0.469 0.513 0.328 
 184   (0.405) 0.489 0.286 0.378 0.481 
 188   (0.079) 0.011 0.013 0.097 0.115 
 200   (0.027) 0.004 0.004 0.002 0.024 
 198   (0.043) 0.021 0.142 0.004 0.016 
 190   (0.041) 0.018 0.079 0.004 0.015 
 186   (0.027) 0.004 0.006 0.003 0.022 

Locus 15 : Scv31 
15 alleles
2.0% missing data
 193   (0.133) 0.277 0.091 0.110 0.107 
 201   (0.093) 0.020 0.025 0.073 0.166 
 187   (0.064) 0.129 0.012 0.197 0.026 
 207   (0.033) 0.006 0.006 0.093 0.012 
 195   (0.078) 0.071 0.172 0.065 0.031 
 185   (0.157) 0.306 0.180 0.082 0.147 
 189   (0.075) 0.016 0.013 0.032 0.195 
 205   (0.025) 0.003 0.005 0.002 0.022 
 191   (0.127) 0.053 0.397 0.262 0.077 
 197   (0.035) 0.084 0.006 0.015 0.013 
 199   (0.060) 0.016 0.065 0.006 0.066 
 203   (0.031) 0.004 0.005 0.003 0.054 
 209   (0.030) 0.004 0.006 0.003 0.039 
 181   (0.031) 0.004 0.005 0.055 0.011 
 213   (0.029) 0.006 0.011 0.003 0.033 

Locus 16 : Scv6 
8 alleles
0.0% missing data
 191   (0.112) 0.037 0.024 0.125 0.164 
 195   (0.355) 0.571 0.294 0.487 0.342 
 197   (0.196) 0.259 0.279 0.292 0.130 
 201   (0.081) 0.012 0.078 0.010 0.140 
 193   (0.101) 0.048 0.184 0.014 0.110 
 205   (0.026) 0.003 0.004 0.002 0.024 
 199   (0.095) 0.065 0.132 0.067 0.051 
 181   (0.032) 0.004 0.005 0.003 0.040 

Values of parameters used in structure:
DATAFILE=C:\Users\drenske\Desktop\STRUCTURE\Squirrel_100_ID_16L_20260210\project_data,	OUTFILE=C:\Users\drenske\Desktop\STRUCTURE\Squirrel_100_ID_16L_20260210\10k_Burnin_100k_MCMC\Results\10k_Burnin_100k_MCMC_run_83,	NUMINDS=100,	NUMLOCI=16,	MISSING=-9,	LABEL=1,	POPDATA=1,	POPFLAG=0,	PHENOTYPE=0,	EXTRACOLS=1,	MAXPOPS=4,	BURNIN=10000,	NUMREPS=100000,	USEPOPINFO=0,	INFERALPHA=1,	INFERLAMBDA=1,	POPSPECIFICLAMBDA=0,	POPALPHAS=0,	COMPUTEPROB=1,	NOADMIX=0,	ADMBURNIN=2500,	UPDATEFREQ=1,	PRINTLIKES=0,	INTERMEDSAVE=0,	PRINTKLD=0,	PRINTNET=0,	PRINTLAMBDA=0,	ANCESTDIST=1,	NUMBOXES=1000,	ANCESTPINT=0.90000,	GENSBACK=2,	MIGRPRIOR=0.05000,	PRINTQHAT=1,	PRINTQSUM=0,	ALPHA=1.0000,	FREQSCORR=1,	FPRIORMEAN=0.0100,	FPRIORSD=0.0500,	ONEFST=0,	LAMBDA=1.0000,	UNIFPRIORALPHA=1,	ALPHAMAX=10.0000,	ALPHAPRIORA=1.0000,	ALPHAPRIORB=2.0000,	ALPHAPROPSD=0.0250,	STARTATPOPINFO=0,	RANDOMIZE=1,	LINKAGE=0,	METROFREQ=10,	REPORTHITRATE=0,	MARKOVPHASE=-1,	PHASED=0,	PLOIDY=2,	PHASEINFO=0	LOCPRIOR=0, 	LOCPRIORINIT=1.000000, 	LOCDATA=0, 	LOCISPOP=0, 	LOCPRIORSTEP=0.100000, 	MAXLOCPRIOR=20.000000, 	SEED=1770758929,	
[STRAT parameters]:    NUMSIMSTATS=1000,	PHENOTYPECOL=-9,	POOLFREQ=10,	LOCUSxONLY=0,	EMERROR=0.00100,	MISSINGPHENO=-9,	