

----------------------------------------------------
STRUCTURE by Pritchard, Stephens and Donnelly (2000)
     and Falush, Stephens and Pritchard (2003)
       Code by Pritchard, Falush and Hubisz
             Version 2.3.4 (Jul 2012)
----------------------------------------------------



Command line arguments:   bin\structure -m C:\Users\drenske\Desktop\STRUCTURE\Squirrel_100_ID_16L_20260210\10k_Burnin_100k_MCMC\mainparams -e C:\Users\drenske\Desktop\STRUCTURE\Squirrel_100_ID_16L_20260210\10k_Burnin_100k_MCMC\extraparams 
Input File:    C:\Users\drenske\Desktop\STRUCTURE\Squirrel_100_ID_16L_20260210\project_data

Run parameters:
   100 individuals
   16 loci
   8 populations assumed
   10000 Burn-in period
   100000 Reps


--------------------------------------------
Proportion of membership of each pre-defined
 population in each of the 8 clusters

Given    Inferred Clusters                                          Number of
 Pop       1      2      3      4      5      6      7      8      Individuals

  1:     0.140  0.144  0.118  0.116  0.106  0.130  0.127  0.119      100
--------------------------------------------

Allele-freq. divergence among pops (Net nucleotide distance),
computed using point estimates of P.

      1       2       3       4       5       6       7       8      
 1      -    0.0615  0.0472  0.0526  0.0434  0.0460  0.0439  0.0551  
 2   0.0615     -    0.0472  0.0574  0.0372  0.0452  0.0425  0.0495  
 3   0.0472  0.0472     -    0.0297  0.0132  0.0010  0.0008  0.0180  
 4   0.0526  0.0574  0.0297     -    0.0314  0.0326  0.0297  0.0411  
 5   0.0434  0.0372  0.0132  0.0314     -    0.0111  0.0089  0.0021  
 6   0.0460  0.0452  0.0010  0.0326  0.0111     -    0.0009  0.0164  
 7   0.0439  0.0425  0.0008  0.0297  0.0089  0.0009     -    0.0138  
 8   0.0551  0.0495  0.0180  0.0411  0.0021  0.0164  0.0138     -    

Average distances (expected heterozygosity) between individuals in same cluster:
cluster  1  : 0.5554 
cluster  2  : 0.6107 
cluster  3  : 0.6022 
cluster  4  : 0.5648 
cluster  5  : 0.6582 
cluster  6  : 0.6194 
cluster  7  : 0.6217 
cluster  8  : 0.6376 

--------------------------------------------
Estimated Ln Prob of Data   = -4040.5
Mean value of ln likelihood = -3602.6
Variance of ln likelihood   = 875.8
Mean value of alpha         = 0.0431

Mean value of lambda        = 0.9890

Mean value of Fst_1         = 0.1890
Mean value of Fst_2         = 0.1618
Mean value of Fst_3         = 0.1659
Mean value of Fst_4         = 0.1817
Mean value of Fst_5         = 0.0346
Mean value of Fst_6         = 0.1220
Mean value of Fst_7         = 0.1180
Mean value of Fst_8         = 0.1059


Inferred ancestry of individuals:
        Label (%Miss) Pop:  Inferred clusters (and 90% probability intervals)
  1       1*    (0)    1 :  0.045 0.005 0.021 0.111 0.257 0.030 0.061 0.470     (0.000,0.315) (0.000,0.028) (0.000,0.112) (0.000,0.519) (0.000,0.994) (0.000,0.151) (0.000,0.565) (0.000,1.000) 
  2        6    (0)    1 :  0.074 0.015 0.271 0.127 0.024 0.188 0.215 0.086     (0.000,0.546) (0.000,0.089) (0.000,0.999) (0.000,0.971) (0.000,0.121) (0.000,0.992) (0.000,0.997) (0.000,0.938) 
  3        8    (0)    1 :  0.012 0.006 0.281 0.007 0.015 0.323 0.307 0.049     (0.000,0.073) (0.000,0.033) (0.000,0.995) (0.000,0.042) (0.000,0.082) (0.000,0.999) (0.000,0.998) (0.000,0.324) 
  4       11    (0)    1 :  0.012 0.014 0.128 0.021 0.238 0.179 0.202 0.206     (0.000,0.070) (0.000,0.081) (0.000,0.917) (0.000,0.113) (0.000,0.997) (0.000,0.987) (0.000,0.994) (0.000,0.986) 
  5       12    (0)    1 :  0.009 0.007 0.084 0.791 0.024 0.031 0.034 0.019     (0.000,0.049) (0.000,0.036) (0.000,0.825) (0.000,1.000) (0.000,0.134) (0.000,0.199) (0.000,0.219) (0.000,0.118) 
  6       19    (0)    1 :  0.025 0.044 0.067 0.008 0.362 0.138 0.204 0.151     (0.000,0.157) (0.000,0.325) (0.000,0.566) (0.000,0.045) (0.000,1.000) (0.000,0.982) (0.000,0.996) (0.000,0.969) 
  7       23    (6)    1 :  0.023 0.021 0.052 0.833 0.019 0.020 0.020 0.012     (0.000,0.146) (0.000,0.145) (0.000,0.365) (0.239,1.000) (0.000,0.101) (0.000,0.131) (0.000,0.130) (0.000,0.061) 
  8       24    (6)    1 :  0.012 0.019 0.240 0.035 0.133 0.201 0.275 0.086     (0.000,0.067) (0.000,0.124) (0.000,0.996) (0.000,0.232) (0.000,0.933) (0.000,0.986) (0.000,0.998) (0.000,0.761) 
  9       25    (6)    1 :  0.012 0.005 0.090 0.716 0.023 0.068 0.059 0.026     (0.000,0.067) (0.000,0.026) (0.000,0.544) (0.070,1.000) (0.000,0.134) (0.000,0.406) (0.000,0.388) (0.000,0.172) 
 10      26*    (0)    1 :  0.007 0.005 0.324 0.020 0.015 0.256 0.314 0.059     (0.000,0.038) (0.000,0.027) (0.000,1.000) (0.000,0.130) (0.000,0.090) (0.000,0.998) (0.000,1.000) (0.000,0.540) 
 11       28    (0)    1 :  0.007 0.005 0.266 0.046 0.012 0.300 0.289 0.075     (0.000,0.037) (0.000,0.029) (0.000,0.999) (0.000,0.280) (0.000,0.059) (0.000,1.000) (0.000,1.000) (0.000,0.927) 
 12       29    (0)    1 :  0.006 0.008 0.301 0.059 0.029 0.238 0.291 0.068     (0.000,0.034) (0.000,0.043) (0.000,1.000) (0.000,0.436) (0.000,0.178) (0.000,0.998) (0.000,1.000) (0.000,0.660) 
 13       30    (0)    1 :  0.225 0.005 0.262 0.016 0.029 0.177 0.228 0.057     (0.000,0.727) (0.000,0.029) (0.000,0.994) (0.000,0.088) (0.000,0.168) (0.000,0.970) (0.000,0.992) (0.000,0.504) 
 14       33    (0)    1 :  0.010 0.041 0.012 0.017 0.270 0.030 0.078 0.542     (0.000,0.066) (0.000,0.267) (0.000,0.045) (0.000,0.120) (0.000,0.999) (0.000,0.121) (0.000,0.916) (0.000,1.000) 
 15       37    (0)    1 :  0.005 0.007 0.013 0.012 0.312 0.012 0.017 0.622     (0.000,0.030) (0.000,0.041) (0.000,0.069) (0.000,0.070) (0.000,1.000) (0.000,0.065) (0.000,0.081) (0.000,1.000) 
 16       38    (0)    1 :  0.004 0.004 0.013 0.006 0.325 0.015 0.016 0.618     (0.000,0.022) (0.000,0.021) (0.000,0.076) (0.000,0.029) (0.000,1.000) (0.000,0.083) (0.000,0.089) (0.000,1.000) 
 17       44    (0)    1 :  0.013 0.006 0.292 0.011 0.010 0.344 0.276 0.048     (0.000,0.085) (0.000,0.032) (0.000,0.999) (0.000,0.053) (0.000,0.050) (0.000,1.000) (0.000,1.000) (0.000,0.356) 
 18       48    (0)    1 :  0.006 0.004 0.009 0.005 0.323 0.010 0.013 0.631     (0.000,0.032) (0.000,0.022) (0.000,0.046) (0.000,0.026) (0.000,1.000) (0.000,0.051) (0.000,0.057) (0.000,1.000) 
 19       55    (0)    1 :  0.022 0.011 0.228 0.033 0.031 0.376 0.248 0.050     (0.000,0.164) (0.000,0.070) (0.000,0.981) (0.000,0.222) (0.000,0.191) (0.000,0.999) (0.000,0.995) (0.000,0.357) 
 20       60    (0)    1 :  0.088 0.008 0.011 0.830 0.020 0.014 0.011 0.018     (0.000,0.735) (0.000,0.042) (0.000,0.046) (0.000,1.000) (0.000,0.104) (0.000,0.049) (0.000,0.049) (0.000,0.100) 
 21       61    (0)    1 :  0.064 0.724 0.031 0.051 0.031 0.034 0.041 0.024     (0.000,0.425) (0.000,1.000) (0.000,0.211) (0.000,0.360) (0.000,0.201) (0.000,0.225) (0.000,0.281) (0.000,0.147) 
 22       62    (0)    1 :  0.023 0.325 0.129 0.162 0.063 0.086 0.103 0.109     (0.000,0.153) (0.000,1.000) (0.000,0.951) (0.000,0.957) (0.000,0.538) (0.000,0.790) (0.000,0.897) (0.000,0.950) 
 23       65    (0)    1 :  0.026 0.017 0.019 0.010 0.345 0.055 0.062 0.465     (0.000,0.186) (0.000,0.116) (0.000,0.074) (0.000,0.057) (0.000,1.000) (0.000,0.450) (0.000,0.580) (0.000,1.000) 
 24       73    (0)    1 :  0.897 0.009 0.017 0.026 0.011 0.014 0.015 0.011     (0.600,1.000) (0.000,0.049) (0.000,0.116) (0.000,0.190) (0.000,0.064) (0.000,0.090) (0.000,0.094) (0.000,0.069) 
 25       75    (0)    1 :  0.031 0.813 0.018 0.006 0.044 0.029 0.026 0.033     (0.000,0.226) (0.412,1.000) (0.000,0.130) (0.000,0.035) (0.000,0.309) (0.000,0.203) (0.000,0.179) (0.000,0.229) 
 26       76    (0)    1 :  0.005 0.952 0.006 0.011 0.007 0.006 0.006 0.005     (0.000,0.028) (0.785,1.000) (0.000,0.035) (0.000,0.069) (0.000,0.039) (0.000,0.033) (0.000,0.030) (0.000,0.028) 
 27       78    (0)    1 :  0.127 0.806 0.011 0.010 0.011 0.011 0.012 0.011     (0.000,0.891) (0.000,1.000) (0.000,0.065) (0.000,0.060) (0.000,0.061) (0.000,0.061) (0.000,0.064) (0.000,0.065) 
 28       79    (0)    1 :  0.008 0.939 0.007 0.005 0.013 0.009 0.011 0.008     (0.000,0.043) (0.735,1.000) (0.000,0.040) (0.000,0.030) (0.000,0.081) (0.000,0.051) (0.000,0.066) (0.000,0.043) 
 29       84    (0)    1 :  0.013 0.021 0.260 0.123 0.046 0.206 0.242 0.088     (0.000,0.078) (0.000,0.146) (0.000,0.997) (0.000,0.936) (0.000,0.315) (0.000,0.993) (0.000,0.997) (0.000,0.909) 
 30       85    (0)    1 :  0.008 0.010 0.284 0.006 0.015 0.408 0.253 0.016     (0.000,0.047) (0.000,0.059) (0.000,1.000) (0.000,0.030) (0.000,0.082) (0.000,1.000) (0.000,1.000) (0.000,0.077) 
 31       86    (0)    1 :  0.016 0.016 0.199 0.009 0.099 0.379 0.249 0.033     (0.000,0.112) (0.000,0.106) (0.000,0.968) (0.000,0.046) (0.000,0.827) (0.000,1.000) (0.000,0.996) (0.000,0.223) 
 32       89    (0)    1 :  0.019 0.020 0.182 0.338 0.095 0.112 0.131 0.103     (0.000,0.125) (0.000,0.121) (0.000,0.965) (0.000,0.999) (0.000,0.832) (0.000,0.865) (0.000,0.904) (0.000,0.850) 
 33       94    (0)    1 :  0.005 0.007 0.118 0.381 0.163 0.043 0.052 0.230     (0.000,0.029) (0.000,0.038) (0.000,0.945) (0.000,0.999) (0.000,0.972) (0.000,0.305) (0.000,0.375) (0.000,0.989) 
 34       95    (0)    1 :  0.021 0.010 0.236 0.061 0.094 0.259 0.206 0.112     (0.000,0.137) (0.000,0.053) (0.000,0.997) (0.000,0.440) (0.000,0.848) (0.000,0.997) (0.000,0.994) (0.000,0.878) 
 35       98    (0)    1 :  0.480 0.208 0.027 0.126 0.053 0.033 0.042 0.030     (0.000,1.000) (0.000,0.907) (0.000,0.142) (0.000,0.764) (0.000,0.400) (0.000,0.183) (0.000,0.272) (0.000,0.163) 
 36      102    (0)    1 :  0.014 0.010 0.039 0.022 0.419 0.108 0.167 0.222     (0.000,0.090) (0.000,0.061) (0.000,0.201) (0.000,0.149) (0.000,1.000) (0.000,0.960) (0.000,0.993) (0.000,0.990) 
 37      106    (0)    1 :  0.047 0.612 0.038 0.018 0.097 0.053 0.077 0.058     (0.000,0.368) (0.000,1.000) (0.000,0.265) (0.000,0.112) (0.000,0.861) (0.000,0.371) (0.000,0.659) (0.000,0.452) 
 38      108    (0)    1 :  0.410 0.260 0.022 0.029 0.098 0.036 0.054 0.091     (0.000,0.992) (0.000,0.975) (0.000,0.139) (0.000,0.209) (0.000,0.613) (0.000,0.237) (0.000,0.392) (0.000,0.520) 
 39      109    (0)    1 :  0.893 0.046 0.009 0.009 0.013 0.010 0.011 0.009     (0.583,1.000) (0.000,0.302) (0.000,0.050) (0.000,0.055) (0.000,0.078) (0.000,0.056) (0.000,0.059) (0.000,0.051) 
 40      112    (0)    1 :  0.012 0.069 0.166 0.264 0.090 0.142 0.178 0.080     (0.000,0.068) (0.000,0.518) (0.000,0.925) (0.000,0.942) (0.000,0.801) (0.000,0.890) (0.000,0.961) (0.000,0.725) 
 41      115    (0)    1 :  0.034 0.023 0.057 0.035 0.344 0.152 0.159 0.195     (0.000,0.249) (0.000,0.141) (0.000,0.465) (0.000,0.255) (0.000,1.000) (0.000,0.989) (0.000,0.990) (0.000,0.990) 
 42      117    (0)    1 :  0.020 0.019 0.323 0.081 0.018 0.175 0.275 0.090     (0.000,0.126) (0.000,0.129) (0.000,1.000) (0.000,0.788) (0.000,0.092) (0.000,0.993) (0.000,1.000) (0.000,0.954) 
 43      140    (0)    1 :  0.935 0.010 0.014 0.009 0.009 0.007 0.008 0.007     (0.720,1.000) (0.000,0.062) (0.000,0.058) (0.000,0.048) (0.000,0.044) (0.000,0.036) (0.000,0.038) (0.000,0.038) 
 44      147    (0)    1 :  0.206 0.743 0.010 0.005 0.009 0.009 0.009 0.010     (0.000,0.996) (0.000,1.000) (0.000,0.055) (0.000,0.030) (0.000,0.047) (0.000,0.049) (0.000,0.049) (0.000,0.050) 
 45     162*    (0)    1 :  0.013 0.007 0.272 0.010 0.012 0.361 0.291 0.034     (0.000,0.080) (0.000,0.041) (0.000,0.999) (0.000,0.053) (0.000,0.055) (0.000,1.000) (0.000,1.000) (0.000,0.157) 
 46      166    (0)    1 :  0.367 0.020 0.017 0.525 0.018 0.017 0.020 0.015     (0.000,1.000) (0.000,0.125) (0.000,0.094) (0.000,1.000) (0.000,0.094) (0.000,0.092) (0.000,0.103) (0.000,0.079) 
 47      177    (0)    1 :  0.006 0.935 0.010 0.009 0.011 0.010 0.010 0.009     (0.000,0.033) (0.723,1.000) (0.000,0.067) (0.000,0.051) (0.000,0.065) (0.000,0.059) (0.000,0.059) (0.000,0.047) 
 48      178    (0)    1 :  0.010 0.910 0.013 0.018 0.013 0.013 0.013 0.009     (0.000,0.055) (0.614,1.000) (0.000,0.081) (0.000,0.127) (0.000,0.066) (0.000,0.080) (0.000,0.074) (0.000,0.050) 
 49      189    (0)    1 :  0.004 0.006 0.291 0.008 0.008 0.421 0.250 0.014     (0.000,0.022) (0.000,0.032) (0.000,1.000) (0.000,0.040) (0.000,0.039) (0.000,1.000) (0.000,1.000) (0.000,0.063) 
 50      190    (0)    1 :  0.009 0.007 0.295 0.017 0.015 0.295 0.298 0.063     (0.000,0.054) (0.000,0.043) (0.000,1.000) (0.000,0.100) (0.000,0.083) (0.000,1.000) (0.000,1.000) (0.000,0.630) 
 51      202    (0)    1 :  0.014 0.007 0.122 0.328 0.177 0.173 0.135 0.043     (0.000,0.086) (0.000,0.038) (0.000,0.765) (0.000,0.972) (0.000,0.982) (0.000,0.860) (0.000,0.825) (0.000,0.306) 
 52      211    (0)    1 :  0.110 0.115 0.024 0.656 0.043 0.019 0.018 0.016     (0.000,0.744) (0.000,0.429) (0.000,0.136) (0.000,1.000) (0.000,0.277) (0.000,0.095) (0.000,0.095) (0.000,0.098) 
 53      216    (0)    1 :  0.682 0.162 0.010 0.099 0.016 0.011 0.012 0.009     (0.000,1.000) (0.000,0.691) (0.000,0.054) (0.000,0.595) (0.000,0.084) (0.000,0.054) (0.000,0.062) (0.000,0.045) 
 54      222    (0)    1 :  0.631 0.030 0.121 0.008 0.031 0.066 0.057 0.056     (0.000,1.000) (0.000,0.215) (0.000,0.714) (0.000,0.037) (0.000,0.192) (0.000,0.541) (0.000,0.491) (0.000,0.451) 
 55      224    (0)    1 :  0.011 0.009 0.287 0.010 0.016 0.380 0.256 0.032     (0.000,0.067) (0.000,0.049) (0.000,1.000) (0.000,0.053) (0.000,0.083) (0.000,1.000) (0.000,1.000) (0.000,0.190) 
 56      229    (0)    1 :  0.014 0.025 0.273 0.012 0.037 0.252 0.316 0.071     (0.000,0.090) (0.000,0.184) (0.000,0.997) (0.000,0.069) (0.000,0.239) (0.000,0.997) (0.000,0.999) (0.000,0.677) 
 57      230    (0)    1 :  0.014 0.014 0.272 0.008 0.028 0.395 0.234 0.036     (0.000,0.096) (0.000,0.094) (0.000,0.999) (0.000,0.045) (0.000,0.150) (0.000,1.000) (0.000,0.998) (0.000,0.150) 
 58      232    (0)    1 :  0.033 0.038 0.185 0.184 0.100 0.210 0.167 0.083     (0.000,0.242) (0.000,0.277) (0.000,0.947) (0.000,0.932) (0.000,0.845) (0.000,0.967) (0.000,0.923) (0.000,0.747) 
 59      238    (0)    1 :  0.015 0.045 0.048 0.021 0.408 0.133 0.174 0.155     (0.000,0.100) (0.000,0.332) (0.000,0.323) (0.000,0.149) (0.000,1.000) (0.000,0.961) (0.000,0.990) (0.000,0.946) 
 60      242    (0)    1 :  0.008 0.005 0.009 0.006 0.282 0.011 0.048 0.631     (0.000,0.051) (0.000,0.029) (0.000,0.045) (0.000,0.033) (0.000,1.000) (0.000,0.046) (0.000,0.262) (0.000,1.000) 
 61      243    (0)    1 :  0.049 0.028 0.048 0.033 0.360 0.096 0.126 0.260     (0.000,0.357) (0.000,0.204) (0.000,0.320) (0.000,0.246) (0.000,1.000) (0.000,0.922) (0.000,0.964) (0.000,0.995) 
 62      244    (0)    1 :  0.007 0.061 0.043 0.013 0.376 0.118 0.210 0.172     (0.000,0.040) (0.000,0.395) (0.000,0.228) (0.000,0.072) (0.000,1.000) (0.000,0.977) (0.000,0.998) (0.000,0.969) 
 63      251    (0)    1 :  0.013 0.022 0.087 0.026 0.333 0.136 0.201 0.181     (0.000,0.073) (0.000,0.123) (0.000,0.797) (0.000,0.180) (0.000,1.000) (0.000,0.983) (0.000,0.994) (0.000,0.982) 
 64      266    (0)    1 :  0.022 0.194 0.048 0.063 0.334 0.119 0.168 0.052     (0.000,0.149) (0.000,0.788) (0.000,0.312) (0.000,0.451) (0.000,1.000) (0.000,0.958) (0.000,0.987) (0.000,0.391) 
 65      267    (0)    1 :  0.904 0.010 0.014 0.018 0.015 0.014 0.013 0.013     (0.612,1.000) (0.000,0.057) (0.000,0.086) (0.000,0.108) (0.000,0.085) (0.000,0.084) (0.000,0.079) (0.000,0.082) 
 66      268    (0)    1 :  0.053 0.849 0.014 0.039 0.012 0.009 0.013 0.010     (0.000,0.397) (0.371,1.000) (0.000,0.068) (0.000,0.286) (0.000,0.063) (0.000,0.046) (0.000,0.074) (0.000,0.050) 
 67      270    (0)    1 :  0.011 0.009 0.255 0.012 0.028 0.339 0.289 0.058     (0.000,0.064) (0.000,0.053) (0.000,0.988) (0.000,0.061) (0.000,0.182) (0.000,1.000) (0.000,0.997) (0.000,0.434) 
 68      276    (0)    1 :  0.049 0.026 0.253 0.082 0.030 0.294 0.210 0.057     (0.000,0.356) (0.000,0.179) (0.000,0.997) (0.000,0.735) (0.000,0.175) (0.000,0.999) (0.000,0.996) (0.000,0.513) 
 69      298    (6)    1 :  0.160 0.749 0.015 0.021 0.016 0.013 0.014 0.014     (0.000,0.863) (0.000,1.000) (0.000,0.080) (0.000,0.144) (0.000,0.090) (0.000,0.066) (0.000,0.080) (0.000,0.080) 
 70      306    (0)    1 :  0.116 0.027 0.025 0.675 0.060 0.033 0.033 0.031     (0.000,0.717) (0.000,0.205) (0.000,0.162) (0.000,1.000) (0.000,0.446) (0.000,0.195) (0.000,0.222) (0.000,0.216) 
 71      308    (0)    1 :  0.049 0.770 0.019 0.050 0.038 0.021 0.025 0.028     (0.000,0.354) (0.227,1.000) (0.000,0.131) (0.000,0.346) (0.000,0.258) (0.000,0.120) (0.000,0.160) (0.000,0.188) 
 72      311    (6)    1 :  0.394 0.023 0.064 0.052 0.192 0.084 0.113 0.077     (0.000,0.996) (0.000,0.155) (0.000,0.515) (0.000,0.368) (0.000,0.989) (0.000,0.719) (0.000,0.912) (0.000,0.566) 
 73      327    (0)    1 :  0.027 0.006 0.257 0.053 0.033 0.297 0.265 0.063     (0.000,0.200) (0.000,0.032) (0.000,0.997) (0.000,0.392) (0.000,0.210) (0.000,0.998) (0.000,0.998) (0.000,0.591) 
 74      338    (0)    1 :  0.620 0.053 0.046 0.075 0.074 0.053 0.041 0.038     (0.000,1.000) (0.000,0.369) (0.000,0.330) (0.000,0.556) (0.000,0.678) (0.000,0.390) (0.000,0.279) (0.000,0.243) 
 75      346    (0)    1 :  0.037 0.116 0.018 0.761 0.025 0.012 0.019 0.012     (0.000,0.263) (0.000,0.756) (0.000,0.079) (0.000,1.000) (0.000,0.109) (0.000,0.057) (0.000,0.098) (0.000,0.047) 
 76      348    (0)    1 :  0.236 0.651 0.019 0.007 0.023 0.015 0.023 0.026     (0.000,0.996) (0.000,1.000) (0.000,0.106) (0.000,0.039) (0.000,0.140) (0.000,0.072) (0.000,0.133) (0.000,0.173) 
 77      351    (0)    1 :  0.011 0.012 0.060 0.064 0.319 0.110 0.125 0.298     (0.000,0.061) (0.000,0.066) (0.000,0.478) (0.000,0.473) (0.000,1.000) (0.000,0.957) (0.000,0.953) (0.000,0.999) 
 78      362    (0)    1 :  0.008 0.005 0.336 0.011 0.008 0.268 0.317 0.047     (0.000,0.045) (0.000,0.027) (0.000,1.000) (0.000,0.063) (0.000,0.045) (0.000,1.000) (0.000,1.000) (0.000,0.251) 
 79      364    (0)    1 :  0.011 0.011 0.012 0.022 0.319 0.026 0.026 0.573     (0.000,0.066) (0.000,0.071) (0.000,0.057) (0.000,0.161) (0.000,1.000) (0.000,0.099) (0.000,0.121) (0.000,1.000) 
 80      366    (0)    1 :  0.034 0.009 0.026 0.045 0.278 0.037 0.072 0.497     (0.000,0.253) (0.000,0.050) (0.000,0.165) (0.000,0.324) (0.000,0.999) (0.000,0.240) (0.000,0.652) (0.000,1.000) 
 81      376    (0)    1 :  0.010 0.012 0.289 0.138 0.040 0.198 0.215 0.097     (0.000,0.056) (0.000,0.076) (0.000,0.999) (0.000,0.968) (0.000,0.272) (0.000,0.994) (0.000,0.995) (0.000,0.921) 
 82      388    (0)    1 :  0.929 0.008 0.009 0.017 0.009 0.008 0.009 0.010     (0.681,1.000) (0.000,0.042) (0.000,0.052) (0.000,0.108) (0.000,0.047) (0.000,0.045) (0.000,0.048) (0.000,0.051) 
 83      391    (0)    1 :  0.046 0.012 0.045 0.802 0.030 0.023 0.024 0.018     (0.000,0.320) (0.000,0.071) (0.000,0.302) (0.156,1.000) (0.000,0.168) (0.000,0.155) (0.000,0.158) (0.000,0.107) 
 84      396   (18)    1 :  0.025 0.014 0.235 0.048 0.056 0.299 0.259 0.064     (0.000,0.174) (0.000,0.085) (0.000,0.993) (0.000,0.352) (0.000,0.436) (0.000,0.998) (0.000,0.996) (0.000,0.590) 
 85      400   (18)    1 :  0.012 0.010 0.228 0.060 0.169 0.235 0.140 0.145     (0.000,0.077) (0.000,0.055) (0.000,0.997) (0.000,0.481) (0.000,0.978) (0.000,0.994) (0.000,0.936) (0.000,0.912) 
 86      401    (0)    1 :  0.014 0.062 0.185 0.012 0.190 0.222 0.217 0.099     (0.000,0.082) (0.000,0.397) (0.000,0.900) (0.000,0.065) (0.000,0.985) (0.000,0.959) (0.000,0.969) (0.000,0.682) 
 87      406    (0)    1 :  0.444 0.016 0.028 0.363 0.046 0.028 0.038 0.036     (0.000,1.000) (0.000,0.099) (0.000,0.177) (0.000,0.999) (0.000,0.323) (0.000,0.163) (0.000,0.238) (0.000,0.244) 
 88      413    (0)    1 :  0.039 0.365 0.114 0.023 0.129 0.088 0.148 0.093     (0.000,0.293) (0.000,1.000) (0.000,0.938) (0.000,0.115) (0.000,0.967) (0.000,0.808) (0.000,0.978) (0.000,0.913) 
 89      421    (0)    1 :  0.016 0.014 0.297 0.023 0.026 0.288 0.258 0.076     (0.000,0.105) (0.000,0.083) (0.000,0.999) (0.000,0.148) (0.000,0.134) (0.000,0.999) (0.000,0.999) (0.000,0.677) 
 90      423    (0)    1 :  0.018 0.009 0.315 0.010 0.023 0.291 0.242 0.092     (0.000,0.117) (0.000,0.044) (0.000,1.000) (0.000,0.051) (0.000,0.120) (0.000,1.000) (0.000,1.000) (0.000,0.895) 
 91      435    (0)    1 :  0.023 0.837 0.023 0.065 0.012 0.015 0.015 0.011     (0.000,0.161) (0.455,1.000) (0.000,0.163) (0.000,0.395) (0.000,0.061) (0.000,0.088) (0.000,0.085) (0.000,0.052) 
 92      476    (0)    1 :  0.010 0.010 0.269 0.046 0.068 0.323 0.207 0.068     (0.000,0.056) (0.000,0.056) (0.000,0.996) (0.000,0.349) (0.000,0.530) (0.000,0.999) (0.000,0.990) (0.000,0.528) 
 93      484    (0)    1 :  0.842 0.066 0.008 0.044 0.011 0.008 0.012 0.008     (0.300,1.000) (0.000,0.464) (0.000,0.046) (0.000,0.336) (0.000,0.061) (0.000,0.046) (0.000,0.063) (0.000,0.046) 
 94      489    (0)    1 :  0.062 0.018 0.205 0.368 0.032 0.116 0.124 0.075     (0.000,0.452) (0.000,0.108) (0.000,0.995) (0.000,1.000) (0.000,0.176) (0.000,0.917) (0.000,0.949) (0.000,0.841) 
 95      492   (18)    1 :  0.023 0.016 0.078 0.026 0.315 0.151 0.227 0.164     (0.000,0.131) (0.000,0.081) (0.000,0.875) (0.000,0.112) (0.000,1.000) (0.000,0.994) (0.000,0.999) (0.000,0.992) 
 96      493    (0)    1 :  0.009 0.006 0.015 0.012 0.311 0.023 0.026 0.598     (0.000,0.054) (0.000,0.030) (0.000,0.095) (0.000,0.082) (0.000,1.000) (0.000,0.126) (0.000,0.135) (0.000,1.000) 
 97      494    (0)    1 :  0.005 0.007 0.050 0.009 0.334 0.070 0.078 0.447     (0.000,0.027) (0.000,0.038) (0.000,0.358) (0.000,0.052) (0.000,1.000) (0.000,0.559) (0.000,0.679) (0.000,1.000) 
 98      500    (0)    1 :  0.005 0.003 0.261 0.008 0.011 0.428 0.251 0.033     (0.000,0.027) (0.000,0.018) (0.000,1.000) (0.000,0.041) (0.000,0.050) (0.000,1.000) (0.000,1.000) (0.000,0.101) 
 99      504    (0)    1 :  0.825 0.036 0.021 0.019 0.029 0.023 0.028 0.018     (0.230,1.000) (0.000,0.245) (0.000,0.142) (0.000,0.119) (0.000,0.187) (0.000,0.153) (0.000,0.187) (0.000,0.110) 
100      506    (0)    1 :  0.933 0.006 0.014 0.007 0.007 0.013 0.012 0.008     (0.699,1.000) (0.000,0.031) (0.000,0.092) (0.000,0.039) (0.000,0.038) (0.000,0.077) (0.000,0.070) (0.000,0.042) 


Estimated Allele Frequencies in each cluster
First column gives estimated ancestral frequencies


Locus 1 : Rsu3 
3 alleles
2.0% missing data
 164   (0.555) 0.492 0.659 0.546 0.494 0.561 0.565 0.565 0.565 
 166   (0.258) 0.449 0.237 0.207 0.420 0.237 0.187 0.210 0.213 
 170   (0.186) 0.059 0.104 0.247 0.086 0.202 0.248 0.226 0.221 

Locus 2 : Rsu5 
5 alleles
2.0% missing data
 137   (0.730) 0.629 0.659 0.880 0.802 0.700 0.864 0.836 0.698 
 135   (0.077) 0.015 0.051 0.026 0.147 0.092 0.033 0.038 0.106 
 139   (0.122) 0.020 0.074 0.074 0.037 0.147 0.075 0.097 0.153 
 133   (0.022) 0.003 0.004 0.006 0.004 0.025 0.008 0.009 0.025 
 131   (0.049) 0.333 0.212 0.014 0.010 0.036 0.020 0.020 0.018 

Locus 3 : Scv1 
5 alleles
1.0% missing data
 181   (0.520) 0.361 0.365 0.608 0.475 0.575 0.583 0.590 0.651 
 179   (0.209) 0.138 0.288 0.158 0.235 0.197 0.173 0.179 0.176 
 177   (0.094) 0.295 0.041 0.052 0.250 0.082 0.048 0.049 0.061 
 185   (0.146) 0.201 0.301 0.173 0.034 0.119 0.183 0.166 0.094 
 171   (0.030) 0.005 0.005 0.009 0.006 0.028 0.013 0.016 0.018 

Locus 4 : Rsu4 
9 alleles
0.0% missing data
 267   (0.194) 0.212 0.052 0.235 0.044 0.233 0.257 0.234 0.281 
 259   (0.051) 0.009 0.009 0.143 0.038 0.038 0.134 0.118 0.042 
 287   (0.171) 0.329 0.058 0.133 0.349 0.155 0.166 0.147 0.125 
 263   (0.330) 0.270 0.410 0.397 0.505 0.320 0.314 0.361 0.337 
 279   (0.080) 0.013 0.159 0.033 0.016 0.071 0.042 0.051 0.048 
 283   (0.067) 0.151 0.290 0.020 0.016 0.057 0.028 0.032 0.041 
 275   (0.043) 0.006 0.010 0.011 0.009 0.065 0.018 0.020 0.079 
 291   (0.037) 0.006 0.007 0.019 0.016 0.030 0.030 0.025 0.019 
 271   (0.027) 0.004 0.005 0.008 0.005 0.031 0.011 0.013 0.028 

Locus 5 : Rsu6 
4 alleles
0.0% missing data
 120   (0.262) 0.128 0.225 0.318 0.429 0.255 0.288 0.296 0.264 
 126   (0.645) 0.856 0.759 0.537 0.553 0.638 0.562 0.557 0.608 
 124   (0.068) 0.012 0.012 0.140 0.014 0.063 0.140 0.137 0.063 
 130   (0.025) 0.003 0.004 0.006 0.004 0.045 0.009 0.010 0.064 

Locus 6 : Scv12 
3 alleles
1.0% missing data
 198   (0.546) 0.345 0.688 0.460 0.485 0.604 0.449 0.474 0.658 
 196   (0.263) 0.562 0.222 0.260 0.347 0.216 0.259 0.251 0.168 
 200   (0.191) 0.093 0.089 0.280 0.168 0.179 0.292 0.275 0.174 

Locus 7 : Scv23 
3 alleles
1.0% missing data
 158   (0.509) 0.637 0.590 0.593 0.435 0.479 0.577 0.594 0.472 
 164   (0.187) 0.221 0.039 0.133 0.219 0.218 0.125 0.142 0.243 
 160   (0.305) 0.141 0.370 0.273 0.346 0.303 0.298 0.264 0.285 

Locus 8 : Scv13 
5 alleles
0.0% missing data
 182   (0.716) 0.866 0.658 0.861 0.897 0.713 0.809 0.818 0.742 
 180   (0.086) 0.014 0.015 0.069 0.025 0.090 0.095 0.076 0.092 
 172   (0.082) 0.095 0.227 0.023 0.051 0.072 0.033 0.039 0.047 
 184   (0.069) 0.019 0.014 0.033 0.015 0.086 0.042 0.043 0.099 
 174   (0.048) 0.007 0.086 0.013 0.011 0.040 0.021 0.023 0.019 

Locus 9 : Scv32 
17 alleles
1.0% missing data
 236   (0.044) 0.007 0.008 0.013 0.010 0.077 0.021 0.025 0.101 
 238   (0.041) 0.151 0.008 0.011 0.133 0.035 0.016 0.017 0.023 
 234   (0.136) 0.176 0.490 0.125 0.154 0.112 0.094 0.120 0.088 
 248   (0.107) 0.042 0.019 0.162 0.103 0.121 0.146 0.143 0.144 
 262   (0.121) 0.087 0.038 0.206 0.086 0.099 0.189 0.213 0.085 
 232   (0.174) 0.263 0.138 0.141 0.083 0.235 0.147 0.147 0.317 
 250   (0.029) 0.005 0.005 0.020 0.186 0.024 0.014 0.014 0.014 
 228   (0.027) 0.004 0.005 0.009 0.005 0.024 0.013 0.016 0.017 
 246   (0.062) 0.010 0.023 0.133 0.042 0.050 0.126 0.111 0.047 
 264   (0.042) 0.009 0.010 0.015 0.128 0.044 0.018 0.023 0.046 
 220   (0.047) 0.007 0.008 0.087 0.018 0.037 0.128 0.083 0.028 
 252   (0.044) 0.105 0.054 0.019 0.010 0.033 0.027 0.025 0.017 
 254   (0.028) 0.015 0.175 0.007 0.019 0.021 0.011 0.011 0.009 
 242   (0.024) 0.003 0.004 0.007 0.005 0.028 0.010 0.012 0.025 
 266   (0.027) 0.072 0.006 0.009 0.007 0.021 0.011 0.013 0.011 
 244   (0.028) 0.039 0.005 0.029 0.007 0.022 0.020 0.018 0.018 
 240   (0.020) 0.003 0.004 0.005 0.004 0.017 0.008 0.011 0.010 

Locus 10 : Scv8 
6 alleles
1.0% missing data
 200   (0.633) 0.714 0.413 0.697 0.784 0.641 0.659 0.686 0.666 
 202   (0.095) 0.091 0.060 0.035 0.051 0.126 0.042 0.051 0.161 
 194   (0.079) 0.016 0.044 0.081 0.111 0.062 0.079 0.076 0.044 
 204   (0.047) 0.007 0.009 0.051 0.017 0.038 0.056 0.057 0.030 
 188   (0.067) 0.159 0.459 0.018 0.014 0.056 0.028 0.030 0.035 
 198   (0.079) 0.012 0.015 0.117 0.022 0.077 0.137 0.100 0.064 

Locus 11 : Scv9 
5 alleles
0.0% missing data
 198   (0.326) 0.278 0.445 0.303 0.642 0.291 0.277 0.302 0.255 
 200   (0.329) 0.226 0.202 0.385 0.173 0.395 0.402 0.396 0.469 
 196   (0.273) 0.482 0.253 0.271 0.141 0.260 0.276 0.260 0.244 
 204   (0.051) 0.011 0.070 0.035 0.040 0.039 0.038 0.033 0.026 
 202   (0.021) 0.003 0.030 0.005 0.004 0.016 0.008 0.008 0.007 

Locus 12 : Rsu1 
6 alleles
0.0% missing data
 189   (0.280) 0.157 0.212 0.173 0.187 0.351 0.176 0.206 0.416 
 185   (0.281) 0.750 0.309 0.243 0.229 0.248 0.252 0.256 0.217 
 177   (0.082) 0.025 0.077 0.097 0.022 0.065 0.102 0.106 0.050 
 181   (0.258) 0.053 0.385 0.261 0.520 0.263 0.251 0.230 0.248 
 193   (0.055) 0.008 0.010 0.131 0.033 0.041 0.129 0.121 0.038 
 197   (0.044) 0.006 0.007 0.095 0.010 0.033 0.091 0.080 0.031 

Locus 13 : Scv14 
7 alleles
3.0% missing data
 196   (0.538) 0.682 0.605 0.709 0.620 0.528 0.681 0.662 0.541 
 198   (0.082) 0.045 0.023 0.024 0.232 0.093 0.037 0.043 0.092 
 194   (0.121) 0.050 0.120 0.128 0.058 0.140 0.104 0.110 0.191 
 202   (0.198) 0.213 0.237 0.120 0.064 0.189 0.149 0.154 0.150 
 204   (0.021) 0.003 0.004 0.005 0.005 0.018 0.008 0.010 0.011 
 190   (0.021) 0.003 0.003 0.008 0.016 0.016 0.011 0.011 0.008 
 200   (0.020) 0.003 0.007 0.006 0.006 0.016 0.008 0.010 0.008 

Locus 14 : Scv16 
7 alleles
0.0% missing data
 182   (0.418) 0.432 0.428 0.501 0.556 0.368 0.471 0.493 0.329 
 184   (0.420) 0.525 0.269 0.394 0.397 0.455 0.391 0.387 0.487 
 188   (0.060) 0.009 0.010 0.077 0.012 0.093 0.098 0.077 0.133 
 200   (0.021) 0.003 0.004 0.005 0.004 0.021 0.008 0.009 0.019 
 198   (0.032) 0.008 0.190 0.009 0.020 0.023 0.012 0.013 0.011 
 190   (0.030) 0.020 0.095 0.008 0.007 0.021 0.011 0.013 0.011 
 186   (0.019) 0.003 0.004 0.005 0.004 0.017 0.008 0.009 0.010 

Locus 15 : Scv31 
15 alleles
2.0% missing data
 193   (0.132) 0.237 0.103 0.102 0.315 0.112 0.091 0.107 0.081 
 201   (0.085) 0.022 0.021 0.074 0.021 0.121 0.067 0.093 0.161 
 187   (0.076) 0.177 0.014 0.158 0.061 0.057 0.132 0.148 0.057 
 207   (0.035) 0.006 0.006 0.080 0.020 0.026 0.068 0.061 0.026 
 195   (0.070) 0.095 0.146 0.095 0.037 0.053 0.080 0.071 0.046 
 185   (0.163) 0.244 0.185 0.104 0.308 0.155 0.110 0.117 0.143 
 189   (0.068) 0.011 0.012 0.045 0.070 0.138 0.040 0.037 0.194 
 205   (0.019) 0.003 0.004 0.006 0.003 0.016 0.008 0.010 0.009 
 191   (0.166) 0.031 0.420 0.235 0.125 0.133 0.273 0.218 0.099 
 197   (0.029) 0.132 0.005 0.020 0.006 0.021 0.017 0.020 0.012 
 199   (0.050) 0.024 0.063 0.015 0.011 0.054 0.021 0.026 0.057 
 203   (0.026) 0.004 0.004 0.006 0.005 0.040 0.009 0.014 0.063 
 209   (0.026) 0.004 0.005 0.008 0.006 0.026 0.012 0.015 0.020 
 181   (0.031) 0.005 0.006 0.042 0.007 0.024 0.059 0.043 0.016 
 213   (0.025) 0.004 0.005 0.010 0.006 0.023 0.013 0.019 0.016 

Locus 16 : Scv6 
8 alleles
0.0% missing data
 191   (0.111) 0.039 0.020 0.103 0.061 0.138 0.113 0.122 0.165 
 195   (0.384) 0.576 0.282 0.472 0.570 0.362 0.482 0.417 0.340 
 197   (0.206) 0.250 0.309 0.273 0.249 0.170 0.240 0.266 0.149 
 201   (0.079) 0.014 0.070 0.033 0.019 0.101 0.040 0.051 0.123 
 193   (0.081) 0.059 0.226 0.025 0.019 0.095 0.038 0.039 0.096 
 205   (0.020) 0.003 0.003 0.005 0.004 0.024 0.008 0.008 0.025 
 199   (0.096) 0.055 0.086 0.083 0.073 0.080 0.070 0.088 0.068 
 181   (0.023) 0.004 0.004 0.006 0.004 0.030 0.009 0.010 0.034 

Values of parameters used in structure:
DATAFILE=C:\Users\drenske\Desktop\STRUCTURE\Squirrel_100_ID_16L_20260210\project_data,	OUTFILE=C:\Users\drenske\Desktop\STRUCTURE\Squirrel_100_ID_16L_20260210\10k_Burnin_100k_MCMC\Results\10k_Burnin_100k_MCMC_run_196,	NUMINDS=100,	NUMLOCI=16,	MISSING=-9,	LABEL=1,	POPDATA=1,	POPFLAG=0,	PHENOTYPE=0,	EXTRACOLS=1,	MAXPOPS=8,	BURNIN=10000,	NUMREPS=100000,	USEPOPINFO=0,	INFERALPHA=1,	INFERLAMBDA=1,	POPSPECIFICLAMBDA=0,	POPALPHAS=0,	COMPUTEPROB=1,	NOADMIX=0,	ADMBURNIN=2500,	UPDATEFREQ=1,	PRINTLIKES=0,	INTERMEDSAVE=0,	PRINTKLD=0,	PRINTNET=0,	PRINTLAMBDA=0,	ANCESTDIST=1,	NUMBOXES=1000,	ANCESTPINT=0.90000,	GENSBACK=2,	MIGRPRIOR=0.05000,	PRINTQHAT=1,	PRINTQSUM=0,	ALPHA=1.0000,	FREQSCORR=1,	FPRIORMEAN=0.0100,	FPRIORSD=0.0500,	ONEFST=0,	LAMBDA=1.0000,	UNIFPRIORALPHA=1,	ALPHAMAX=10.0000,	ALPHAPRIORA=1.0000,	ALPHAPRIORB=2.0000,	ALPHAPROPSD=0.0250,	STARTATPOPINFO=0,	RANDOMIZE=1,	LINKAGE=0,	METROFREQ=10,	REPORTHITRATE=0,	MARKOVPHASE=-1,	PHASED=0,	PLOIDY=2,	PHASEINFO=0	LOCPRIOR=0, 	LOCPRIORINIT=1.000000, 	LOCDATA=0, 	LOCISPOP=0, 	LOCPRIORSTEP=0.100000, 	MAXLOCPRIOR=20.000000, 	SEED=1770763285,	
[STRAT parameters]:    NUMSIMSTATS=1000,	PHENOTYPECOL=-9,	POOLFREQ=10,	LOCUSxONLY=0,	EMERROR=0.00100,	MISSINGPHENO=-9,	