

----------------------------------------------------
STRUCTURE by Pritchard, Stephens and Donnelly (2000)
     and Falush, Stephens and Pritchard (2003)
       Code by Pritchard, Falush and Hubisz
             Version 2.3.4 (Jul 2012)
----------------------------------------------------



Command line arguments:   bin\structure -m C:\Users\drenske\Desktop\STRUCTURE\Squirrel_100_ID_16L_20260210\10k_Burnin_100k_MCMC\mainparams -e C:\Users\drenske\Desktop\STRUCTURE\Squirrel_100_ID_16L_20260210\10k_Burnin_100k_MCMC\extraparams 
Input File:    C:\Users\drenske\Desktop\STRUCTURE\Squirrel_100_ID_16L_20260210\project_data

Run parameters:
   100 individuals
   16 loci
   4 populations assumed
   10000 Burn-in period
   100000 Reps


--------------------------------------------
Proportion of membership of each pre-defined
 population in each of the 4 clusters

Given    Inferred Clusters              Number of
 Pop       1      2      3      4      Individuals

  1:     0.225  0.218  0.345  0.211      100
--------------------------------------------

Allele-freq. divergence among pops (Net nucleotide distance),
computed using point estimates of P.

      1       2       3       4      
 1      -    0.0367  0.0331  0.0387  
 2   0.0367     -    0.0372  0.0336  
 3   0.0331  0.0372     -    0.0491  
 4   0.0387  0.0336  0.0491     -    

Average distances (expected heterozygosity) between individuals in same cluster:
cluster  1  : 0.6511 
cluster  2  : 0.5888 
cluster  3  : 0.5797 
cluster  4  : 0.6230 

--------------------------------------------
Estimated Ln Prob of Data   = -3934.7
Mean value of ln likelihood = -3738.7
Variance of ln likelihood   = 392.0
Mean value of alpha         = 0.0454

Mean value of lambda        = 1.0866

Mean value of Fst_1         = 0.0414
Mean value of Fst_2         = 0.1314
Mean value of Fst_3         = 0.1353
Mean value of Fst_4         = 0.1277


Inferred ancestry of individuals:
        Label (%Miss) Pop:  Inferred clusters (and 90% probability intervals)
  1       1*    (0)    1 :  0.879 0.101 0.012 0.008     (0.424,1.000) (0.000,0.545) (0.000,0.069) (0.000,0.045) 
  2        6    (0)    1 :  0.010 0.160 0.801 0.029     (0.000,0.059) (0.000,0.959) (0.003,1.000) (0.000,0.203) 
  3        8    (0)    1 :  0.009 0.008 0.977 0.006     (0.000,0.053) (0.000,0.045) (0.868,1.000) (0.000,0.032) 
  4       11    (0)    1 :  0.599 0.052 0.313 0.036     (0.000,1.000) (0.000,0.368) (0.000,1.000) (0.000,0.256) 
  5       12    (0)    1 :  0.084 0.371 0.524 0.021     (0.000,0.604) (0.000,1.000) (0.000,1.000) (0.000,0.098) 
  6       19    (0)    1 :  0.855 0.045 0.039 0.062     (0.007,1.000) (0.000,0.246) (0.000,0.274) (0.000,0.452) 
  7       23    (6)    1 :  0.025 0.759 0.152 0.065     (0.000,0.135) (0.000,1.000) (0.000,0.987) (0.000,0.445) 
  8       24    (6)    1 :  0.163 0.046 0.761 0.029     (0.000,0.942) (0.000,0.304) (0.000,1.000) (0.000,0.211) 
  9       25    (6)    1 :  0.035 0.552 0.402 0.010     (0.000,0.227) (0.000,1.000) (0.000,1.000) (0.000,0.051) 
 10      26*    (0)    1 :  0.013 0.010 0.972 0.006     (0.000,0.081) (0.000,0.054) (0.838,1.000) (0.000,0.032) 
 11       28    (0)    1 :  0.006 0.010 0.979 0.005     (0.000,0.035) (0.000,0.049) (0.886,1.000) (0.000,0.027) 
 12       29    (0)    1 :  0.027 0.020 0.946 0.007     (0.000,0.146) (0.000,0.089) (0.709,1.000) (0.000,0.039) 
 13       30    (0)    1 :  0.029 0.227 0.729 0.014     (0.000,0.163) (0.000,0.941) (0.000,1.000) (0.000,0.066) 
 14       33    (0)    1 :  0.954 0.019 0.005 0.023     (0.743,1.000) (0.000,0.095) (0.000,0.027) (0.000,0.160) 
 15       37    (0)    1 :  0.973 0.008 0.012 0.007     (0.846,1.000) (0.000,0.044) (0.000,0.068) (0.000,0.042) 
 16       38    (0)    1 :  0.975 0.006 0.015 0.004     (0.858,1.000) (0.000,0.027) (0.000,0.090) (0.000,0.024) 
 17       44    (0)    1 :  0.008 0.009 0.975 0.008     (0.000,0.045) (0.000,0.049) (0.852,1.000) (0.000,0.045) 
 18       48    (0)    1 :  0.979 0.007 0.009 0.005     (0.880,1.000) (0.000,0.036) (0.000,0.048) (0.000,0.029) 
 19       55    (0)    1 :  0.011 0.022 0.956 0.012     (0.000,0.060) (0.000,0.151) (0.748,1.000) (0.000,0.075) 
 20       60    (0)    1 :  0.023 0.920 0.008 0.049     (0.000,0.128) (0.452,1.000) (0.000,0.046) (0.000,0.270) 
 21       61    (0)    1 :  0.017 0.060 0.021 0.902     (0.000,0.105) (0.000,0.406) (0.000,0.143) (0.517,1.000) 
 22       62    (0)    1 :  0.024 0.112 0.090 0.774     (0.000,0.149) (0.000,0.972) (0.000,0.875) (0.000,1.000) 
 23       65    (0)    1 :  0.951 0.025 0.008 0.015     (0.750,1.000) (0.000,0.138) (0.000,0.048) (0.000,0.103) 
 24       73    (0)    1 :  0.010 0.820 0.020 0.150     (0.000,0.060) (0.000,1.000) (0.000,0.133) (0.000,1.000) 
 25       75    (0)    1 :  0.029 0.016 0.015 0.940     (0.000,0.212) (0.000,0.100) (0.000,0.101) (0.688,1.000) 
 26       76    (0)    1 :  0.007 0.013 0.007 0.973     (0.000,0.038) (0.000,0.069) (0.000,0.037) (0.850,1.000) 
 27       78    (0)    1 :  0.011 0.037 0.009 0.944     (0.000,0.062) (0.000,0.218) (0.000,0.050) (0.699,1.000) 
 28       79    (0)    1 :  0.009 0.008 0.005 0.978     (0.000,0.053) (0.000,0.041) (0.000,0.028) (0.875,1.000) 
 29       84    (0)    1 :  0.012 0.034 0.930 0.024     (0.000,0.072) (0.000,0.210) (0.624,1.000) (0.000,0.168) 
 30       85    (0)    1 :  0.013 0.007 0.969 0.011     (0.000,0.077) (0.000,0.037) (0.823,1.000) (0.000,0.066) 
 31       86    (0)    1 :  0.019 0.015 0.944 0.022     (0.000,0.128) (0.000,0.085) (0.683,1.000) (0.000,0.154) 
 32       89    (0)    1 :  0.065 0.181 0.704 0.050     (0.000,0.472) (0.000,1.000) (0.000,1.000) (0.000,0.369) 
 33       94    (0)    1 :  0.537 0.087 0.368 0.008     (0.000,1.000) (0.000,0.909) (0.000,1.000) (0.000,0.039) 
 34       95    (0)    1 :  0.129 0.070 0.787 0.015     (0.000,0.993) (0.000,0.465) (0.000,1.000) (0.000,0.091) 
 35       98    (0)    1 :  0.018 0.609 0.011 0.362     (0.000,0.099) (0.000,1.000) (0.000,0.068) (0.000,1.000) 
 36      102    (0)    1 :  0.922 0.050 0.012 0.016     (0.607,1.000) (0.000,0.296) (0.000,0.072) (0.000,0.109) 
 37      106    (0)    1 :  0.023 0.052 0.028 0.897     (0.000,0.148) (0.000,0.364) (0.000,0.185) (0.467,1.000) 
 38      108    (0)    1 :  0.146 0.335 0.021 0.498     (0.000,0.709) (0.000,1.000) (0.000,0.145) (0.000,1.000) 
 39      109    (0)    1 :  0.009 0.781 0.009 0.201     (0.000,0.054) (0.000,1.000) (0.000,0.053) (0.000,1.000) 
 40      112    (0)    1 :  0.099 0.183 0.426 0.292     (0.000,0.731) (0.000,0.994) (0.000,1.000) (0.000,1.000) 
 41      115    (0)    1 :  0.833 0.081 0.055 0.031     (0.000,1.000) (0.000,0.567) (0.000,0.421) (0.000,0.207) 
 42      117    (0)    1 :  0.015 0.053 0.904 0.028     (0.000,0.090) (0.000,0.386) (0.470,1.000) (0.000,0.200) 
 43      140    (0)    1 :  0.008 0.820 0.014 0.158     (0.000,0.039) (0.000,1.000) (0.000,0.067) (0.000,1.000) 
 44      147    (0)    1 :  0.008 0.042 0.008 0.942     (0.000,0.047) (0.000,0.230) (0.000,0.046) (0.705,1.000) 
 45     162*    (0)    1 :  0.007 0.008 0.979 0.006     (0.000,0.035) (0.000,0.046) (0.878,1.000) (0.000,0.034) 
 46      166    (0)    1 :  0.010 0.889 0.011 0.091     (0.000,0.053) (0.000,1.000) (0.000,0.065) (0.000,0.991) 
 47      177    (0)    1 :  0.010 0.009 0.010 0.971     (0.000,0.055) (0.000,0.046) (0.000,0.062) (0.836,1.000) 
 48      178    (0)    1 :  0.009 0.017 0.015 0.959     (0.000,0.052) (0.000,0.097) (0.000,0.097) (0.765,1.000) 
 49      189    (0)    1 :  0.009 0.005 0.979 0.007     (0.000,0.051) (0.000,0.028) (0.879,1.000) (0.000,0.039) 
 50      190    (0)    1 :  0.010 0.012 0.972 0.006     (0.000,0.054) (0.000,0.063) (0.844,1.000) (0.000,0.032) 
 51      202    (0)    1 :  0.149 0.243 0.593 0.015     (0.000,0.933) (0.000,0.992) (0.000,1.000) (0.000,0.087) 
 52      211    (0)    1 :  0.023 0.778 0.013 0.186     (0.000,0.137) (0.000,1.000) (0.000,0.079) (0.000,0.901) 
 53      216    (0)    1 :  0.008 0.721 0.007 0.264     (0.000,0.044) (0.000,1.000) (0.000,0.037) (0.000,1.000) 
 54      222    (0)    1 :  0.066 0.493 0.016 0.426     (0.000,0.474) (0.000,1.000) (0.000,0.095) (0.000,1.000) 
 55      224    (0)    1 :  0.014 0.012 0.962 0.012     (0.000,0.077) (0.000,0.072) (0.785,1.000) (0.000,0.071) 
 56      229    (0)    1 :  0.018 0.012 0.950 0.020     (0.000,0.110) (0.000,0.058) (0.720,1.000) (0.000,0.139) 
 57      230    (0)    1 :  0.014 0.015 0.955 0.015     (0.000,0.079) (0.000,0.089) (0.770,1.000) (0.000,0.101) 
 58      232    (0)    1 :  0.024 0.087 0.852 0.037     (0.000,0.126) (0.000,0.626) (0.120,1.000) (0.000,0.267) 
 59      238    (0)    1 :  0.789 0.071 0.035 0.105     (0.001,1.000) (0.000,0.500) (0.000,0.259) (0.000,0.593) 
 60      242    (0)    1 :  0.980 0.008 0.006 0.006     (0.884,1.000) (0.000,0.044) (0.000,0.035) (0.000,0.033) 
 61      243    (0)    1 :  0.866 0.080 0.018 0.035     (0.370,1.000) (0.000,0.517) (0.000,0.111) (0.000,0.255) 
 62      244    (0)    1 :  0.872 0.035 0.013 0.080     (0.414,1.000) (0.000,0.162) (0.000,0.081) (0.000,0.459) 
 63      251    (0)    1 :  0.860 0.055 0.045 0.040     (0.162,1.000) (0.000,0.371) (0.000,0.334) (0.000,0.269) 
 64      266    (0)    1 :  0.298 0.158 0.025 0.519     (0.000,1.000) (0.000,0.886) (0.000,0.181) (0.000,1.000) 
 65      267    (0)    1 :  0.017 0.814 0.016 0.153     (0.000,0.106) (0.000,1.000) (0.000,0.109) (0.000,1.000) 
 66      268    (0)    1 :  0.011 0.088 0.011 0.891     (0.000,0.062) (0.000,0.645) (0.000,0.059) (0.333,1.000) 
 67      270    (0)    1 :  0.014 0.009 0.969 0.009     (0.000,0.073) (0.000,0.046) (0.826,1.000) (0.000,0.050) 
 68      276    (0)    1 :  0.013 0.059 0.904 0.025     (0.000,0.074) (0.000,0.423) (0.460,1.000) (0.000,0.168) 
 69      298    (6)    1 :  0.012 0.131 0.011 0.846     (0.000,0.067) (0.000,0.995) (0.000,0.064) (0.000,1.000) 
 70      306    (0)    1 :  0.024 0.853 0.015 0.109     (0.000,0.149) (0.042,1.000) (0.000,0.096) (0.000,0.807) 
 71      308    (0)    1 :  0.026 0.060 0.013 0.901     (0.000,0.187) (0.000,0.410) (0.000,0.077) (0.493,1.000) 
 72      311    (6)    1 :  0.145 0.682 0.033 0.140     (0.000,0.968) (0.000,1.000) (0.000,0.240) (0.000,0.994) 
 73      327    (0)    1 :  0.012 0.023 0.959 0.006     (0.000,0.071) (0.000,0.153) (0.761,1.000) (0.000,0.032) 
 74      338    (0)    1 :  0.018 0.746 0.029 0.207     (0.000,0.108) (0.000,1.000) (0.000,0.189) (0.000,1.000) 
 75      346    (0)    1 :  0.018 0.704 0.020 0.258     (0.000,0.090) (0.000,1.000) (0.000,0.121) (0.000,1.000) 
 76      348    (0)    1 :  0.015 0.033 0.008 0.944     (0.000,0.088) (0.000,0.183) (0.000,0.048) (0.703,1.000) 
 77      351    (0)    1 :  0.916 0.054 0.017 0.013     (0.523,1.000) (0.000,0.378) (0.000,0.105) (0.000,0.076) 
 78      362    (0)    1 :  0.007 0.010 0.978 0.005     (0.000,0.037) (0.000,0.057) (0.877,1.000) (0.000,0.028) 
 79      364    (0)    1 :  0.966 0.014 0.007 0.012     (0.804,1.000) (0.000,0.087) (0.000,0.041) (0.000,0.068) 
 80      366    (0)    1 :  0.892 0.069 0.026 0.013     (0.437,1.000) (0.000,0.466) (0.000,0.187) (0.000,0.074) 
 81      376    (0)    1 :  0.022 0.043 0.920 0.015     (0.000,0.151) (0.000,0.285) (0.561,1.000) (0.000,0.094) 
 82      388    (0)    1 :  0.011 0.821 0.010 0.158     (0.000,0.064) (0.000,1.000) (0.000,0.061) (0.000,1.000) 
 83      391    (0)    1 :  0.030 0.868 0.062 0.040     (0.000,0.174) (0.135,1.000) (0.000,0.457) (0.000,0.253) 
 84      396   (18)    1 :  0.012 0.034 0.939 0.016     (0.000,0.067) (0.000,0.245) (0.649,1.000) (0.000,0.099) 
 85      400   (18)    1 :  0.543 0.054 0.380 0.022     (0.000,1.000) (0.000,0.370) (0.000,1.000) (0.000,0.146) 
 86      401    (0)    1 :  0.211 0.032 0.665 0.092     (0.000,0.862) (0.000,0.154) (0.000,1.000) (0.000,0.487) 
 87      406    (0)    1 :  0.035 0.888 0.020 0.057     (0.000,0.221) (0.018,1.000) (0.000,0.124) (0.000,0.439) 
 88      413    (0)    1 :  0.032 0.046 0.028 0.894     (0.000,0.230) (0.000,0.295) (0.000,0.183) (0.403,1.000) 
 89      421    (0)    1 :  0.022 0.054 0.871 0.054     (0.000,0.147) (0.000,0.390) (0.406,1.000) (0.000,0.395) 
 90      423    (0)    1 :  0.059 0.032 0.868 0.042     (0.000,0.438) (0.000,0.214) (0.266,1.000) (0.000,0.308) 
 91      435    (0)    1 :  0.007 0.045 0.011 0.936     (0.000,0.040) (0.000,0.315) (0.000,0.062) (0.641,1.000) 
 92      476    (0)    1 :  0.031 0.020 0.936 0.012     (0.000,0.222) (0.000,0.137) (0.663,1.000) (0.000,0.073) 
 93      484    (0)    1 :  0.008 0.754 0.007 0.231     (0.000,0.049) (0.000,1.000) (0.000,0.041) (0.000,1.000) 
 94      489    (0)    1 :  0.048 0.578 0.278 0.096     (0.000,0.332) (0.000,1.000) (0.000,1.000) (0.000,0.802) 
 95      492   (18)    1 :  0.782 0.103 0.025 0.090     (0.000,1.000) (0.000,0.989) (0.000,0.123) (0.000,0.817) 
 96      493    (0)    1 :  0.971 0.011 0.012 0.007     (0.834,1.000) (0.000,0.064) (0.000,0.073) (0.000,0.036) 
 97      494    (0)    1 :  0.952 0.014 0.027 0.007     (0.727,1.000) (0.000,0.048) (0.000,0.187) (0.000,0.043) 
 98      500    (0)    1 :  0.008 0.007 0.982 0.004     (0.000,0.039) (0.000,0.037) (0.898,1.000) (0.000,0.022) 
 99      504    (0)    1 :  0.036 0.673 0.047 0.244     (0.000,0.239) (0.000,1.000) (0.000,0.336) (0.000,1.000) 
100      506    (0)    1 :  0.008 0.805 0.032 0.155     (0.000,0.046) (0.000,1.000) (0.000,0.236) (0.000,1.000) 


Estimated Allele Frequencies in each cluster
First column gives estimated ancestral frequencies


Locus 1 : Rsu3 
3 alleles
2.0% missing data
 164   (0.550) 0.579 0.487 0.573 0.608 
 166   (0.261) 0.214 0.436 0.172 0.289 
 170   (0.189) 0.207 0.077 0.255 0.103 

Locus 2 : Rsu5 
5 alleles
2.0% missing data
 137   (0.673) 0.665 0.714 0.925 0.635 
 135   (0.101) 0.109 0.086 0.014 0.058 
 139   (0.130) 0.174 0.031 0.052 0.095 
 133   (0.028) 0.025 0.004 0.003 0.004 
 131   (0.068) 0.027 0.165 0.006 0.207 

Locus 3 : Scv1 
5 alleles
1.0% missing data
 181   (0.509) 0.623 0.387 0.659 0.361 
 179   (0.215) 0.192 0.200 0.145 0.258 
 177   (0.099) 0.067 0.297 0.023 0.072 
 185   (0.144) 0.080 0.110 0.171 0.304 
 171   (0.033) 0.039 0.006 0.003 0.006 

Locus 4 : Rsu4 
9 alleles
0.0% missing data
 267   (0.204) 0.277 0.133 0.242 0.076 
 259   (0.039) 0.015 0.013 0.182 0.006 
 287   (0.161) 0.131 0.369 0.140 0.090 
 263   (0.311) 0.285 0.366 0.376 0.418 
 279   (0.083) 0.089 0.016 0.021 0.127 
 283   (0.079) 0.054 0.075 0.007 0.256 
 275   (0.048) 0.081 0.010 0.004 0.015 
 291   (0.042) 0.030 0.011 0.025 0.007 
 271   (0.032) 0.039 0.006 0.003 0.005 

Locus 5 : Rsu6 
4 alleles
0.0% missing data
 120   (0.271) 0.244 0.268 0.341 0.205 
 126   (0.623) 0.643 0.711 0.484 0.777 
 124   (0.069) 0.056 0.014 0.172 0.012 
 130   (0.038) 0.057 0.006 0.003 0.006 

Locus 6 : Scv12 
3 alleles
1.0% missing data
 198   (0.567) 0.677 0.434 0.387 0.651 
 196   (0.249) 0.166 0.449 0.275 0.260 
 200   (0.183) 0.156 0.117 0.337 0.088 

Locus 7 : Scv23 
3 alleles
1.0% missing data
 158   (0.492) 0.441 0.559 0.601 0.601 
 164   (0.204) 0.254 0.229 0.116 0.066 
 160   (0.304) 0.305 0.212 0.282 0.333 

Locus 8 : Scv13 
5 alleles
0.0% missing data
 182   (0.698) 0.683 0.868 0.881 0.713 
 180   (0.080) 0.102 0.017 0.080 0.013 
 172   (0.093) 0.072 0.079 0.008 0.178 
 184   (0.079) 0.108 0.025 0.026 0.017 
 174   (0.050) 0.035 0.012 0.005 0.080 

Locus 9 : Scv32 
17 alleles
1.0% missing data
 236   (0.045) 0.116 0.009 0.004 0.008 
 238   (0.039) 0.026 0.153 0.004 0.019 
 234   (0.122) 0.074 0.166 0.102 0.423 
 248   (0.098) 0.135 0.069 0.169 0.020 
 262   (0.098) 0.069 0.093 0.234 0.063 
 232   (0.187) 0.292 0.178 0.125 0.166 
 250   (0.044) 0.028 0.072 0.027 0.008 
 228   (0.028) 0.037 0.005 0.003 0.005 
 246   (0.051) 0.027 0.017 0.163 0.026 
 264   (0.054) 0.050 0.069 0.009 0.020 
 220   (0.031) 0.014 0.008 0.129 0.005 
 252   (0.051) 0.020 0.058 0.016 0.057 
 254   (0.034) 0.013 0.019 0.003 0.136 
 242   (0.029) 0.039 0.005 0.003 0.005 
 266   (0.028) 0.012 0.051 0.003 0.012 
 244   (0.036) 0.025 0.025 0.007 0.023 
 240   (0.024) 0.022 0.004 0.002 0.005 

Locus 10 : Scv8 
6 alleles
1.0% missing data
 200   (0.591) 0.641 0.746 0.720 0.456 
 202   (0.111) 0.146 0.079 0.010 0.090 
 194   (0.089) 0.048 0.065 0.077 0.057 
 204   (0.044) 0.027 0.009 0.071 0.007 
 188   (0.082) 0.048 0.082 0.007 0.370 
 198   (0.082) 0.090 0.018 0.115 0.019 

Locus 11 : Scv9 
5 alleles
0.0% missing data
 198   (0.305) 0.255 0.443 0.311 0.406 
 200   (0.337) 0.453 0.193 0.416 0.220 
 196   (0.269) 0.257 0.331 0.242 0.279 
 204   (0.061) 0.026 0.029 0.029 0.071 
 202   (0.027) 0.010 0.004 0.002 0.024 

Locus 12 : Rsu1 
6 alleles
0.0% missing data
 189   (0.292) 0.427 0.195 0.144 0.197 
 185   (0.269) 0.209 0.515 0.216 0.391 
 177   (0.084) 0.053 0.022 0.112 0.073 
 181   (0.279) 0.279 0.249 0.250 0.327 
 193   (0.039) 0.015 0.011 0.172 0.006 
 197   (0.037) 0.017 0.007 0.105 0.006 

Locus 13 : Scv14 
7 alleles
3.0% missing data
 196   (0.499) 0.479 0.622 0.785 0.579 
 198   (0.088) 0.109 0.149 0.008 0.035 
 194   (0.143) 0.163 0.059 0.083 0.152 
 202   (0.189) 0.198 0.148 0.110 0.212 
 204   (0.027) 0.023 0.005 0.003 0.004 
 190   (0.026) 0.012 0.010 0.009 0.004 
 200   (0.027) 0.015 0.007 0.003 0.013 

Locus 14 : Scv16 
7 alleles
0.0% missing data
 182   (0.380) 0.331 0.464 0.509 0.463 
 184   (0.410) 0.480 0.478 0.380 0.302 
 188   (0.079) 0.115 0.013 0.099 0.012 
 200   (0.026) 0.023 0.004 0.002 0.004 
 198   (0.041) 0.015 0.018 0.004 0.138 
 190   (0.039) 0.015 0.017 0.004 0.076 
 186   (0.026) 0.021 0.005 0.002 0.005 

Locus 15 : Scv31 
15 alleles
2.0% missing data
 193   (0.132) 0.105 0.268 0.107 0.106 
 201   (0.094) 0.165 0.024 0.074 0.025 
 187   (0.065) 0.027 0.120 0.199 0.023 
 207   (0.031) 0.012 0.008 0.094 0.005 
 195   (0.078) 0.032 0.070 0.065 0.169 
 185   (0.159) 0.148 0.302 0.079 0.187 
 189   (0.077) 0.196 0.024 0.029 0.013 
 205   (0.024) 0.021 0.004 0.002 0.005 
 191   (0.125) 0.078 0.067 0.264 0.371 
 197   (0.039) 0.015 0.073 0.018 0.013 
 199   (0.053) 0.063 0.015 0.005 0.063 
 203   (0.032) 0.054 0.006 0.003 0.005 
 209   (0.031) 0.039 0.006 0.003 0.005 
 181   (0.029) 0.011 0.005 0.055 0.005 
 213   (0.029) 0.033 0.007 0.003 0.007 

Locus 16 : Scv6 
8 alleles
0.0% missing data
 191   (0.114) 0.164 0.043 0.126 0.022 
 195   (0.358) 0.343 0.568 0.482 0.313 
 197   (0.194) 0.130 0.248 0.298 0.278 
 201   (0.082) 0.138 0.017 0.010 0.073 
 193   (0.098) 0.109 0.044 0.013 0.180 
 205   (0.026) 0.024 0.004 0.002 0.004 
 199   (0.096) 0.052 0.071 0.066 0.125 
 181   (0.031) 0.039 0.005 0.003 0.005 

Values of parameters used in structure:
DATAFILE=C:\Users\drenske\Desktop\STRUCTURE\Squirrel_100_ID_16L_20260210\project_data,	OUTFILE=C:\Users\drenske\Desktop\STRUCTURE\Squirrel_100_ID_16L_20260210\10k_Burnin_100k_MCMC\Results\10k_Burnin_100k_MCMC_run_79,	NUMINDS=100,	NUMLOCI=16,	MISSING=-9,	LABEL=1,	POPDATA=1,	POPFLAG=0,	PHENOTYPE=0,	EXTRACOLS=1,	MAXPOPS=4,	BURNIN=10000,	NUMREPS=100000,	USEPOPINFO=0,	INFERALPHA=1,	INFERLAMBDA=1,	POPSPECIFICLAMBDA=0,	POPALPHAS=0,	COMPUTEPROB=1,	NOADMIX=0,	ADMBURNIN=2500,	UPDATEFREQ=1,	PRINTLIKES=0,	INTERMEDSAVE=0,	PRINTKLD=0,	PRINTNET=0,	PRINTLAMBDA=0,	ANCESTDIST=1,	NUMBOXES=1000,	ANCESTPINT=0.90000,	GENSBACK=2,	MIGRPRIOR=0.05000,	PRINTQHAT=1,	PRINTQSUM=0,	ALPHA=1.0000,	FREQSCORR=1,	FPRIORMEAN=0.0100,	FPRIORSD=0.0500,	ONEFST=0,	LAMBDA=1.0000,	UNIFPRIORALPHA=1,	ALPHAMAX=10.0000,	ALPHAPRIORA=1.0000,	ALPHAPRIORB=2.0000,	ALPHAPROPSD=0.0250,	STARTATPOPINFO=0,	RANDOMIZE=1,	LINKAGE=0,	METROFREQ=10,	REPORTHITRATE=0,	MARKOVPHASE=-1,	PHASED=0,	PLOIDY=2,	PHASEINFO=0	LOCPRIOR=0, 	LOCPRIORINIT=1.000000, 	LOCDATA=0, 	LOCISPOP=0, 	LOCPRIORSTEP=0.100000, 	MAXLOCPRIOR=20.000000, 	SEED=1770758809,	
[STRAT parameters]:    NUMSIMSTATS=1000,	PHENOTYPECOL=-9,	POOLFREQ=10,	LOCUSxONLY=0,	EMERROR=0.00100,	MISSINGPHENO=-9,	