          1*  1 0.0472 0.2388 0.2580 0.3009 0.0391 0.0057 0.0832 0.0271 
           6  1 0.2287 0.1807 0.0194 0.0813 0.0615 0.0152 0.1530 0.2601 
           8  1 0.2404 0.1005 0.0251 0.1853 0.0127 0.0056 0.0491 0.3812 
          11  1 0.1230 0.2117 0.2665 0.1875 0.0111 0.0118 0.1099 0.0784 
          12  1 0.2053 0.0756 0.0257 0.0826 0.0084 0.0067 0.4963 0.0994 
          19  1 0.0463 0.2613 0.3844 0.1486 0.0232 0.0547 0.0537 0.0277 
          23  1 0.2619 0.0643 0.0183 0.0610 0.0199 0.0206 0.5240 0.0299 
          24  1 0.2093 0.1514 0.1160 0.1140 0.0106 0.0186 0.0914 0.2886 
          25  1 0.2643 0.0909 0.0247 0.0838 0.0105 0.0049 0.4568 0.0640 
         26*  1 0.2275 0.1156 0.0137 0.1111 0.0064 0.0049 0.0373 0.4836 
          28  1 0.2605 0.1568 0.0139 0.1695 0.0064 0.0052 0.0816 0.3061 
          29  1 0.2338 0.1049 0.0269 0.1485 0.0065 0.0075 0.0866 0.3853 
          30  1 0.1814 0.1095 0.0253 0.0777 0.1951 0.0059 0.0301 0.3748 
          33  1 0.0177 0.2701 0.2949 0.3316 0.0105 0.0397 0.0172 0.0182 
          37  1 0.0111 0.2356 0.3058 0.3656 0.0051 0.0078 0.0124 0.0566 
          38  1 0.0106 0.2401 0.3075 0.3639 0.0043 0.0041 0.0107 0.0588 
          44  1 0.2137 0.1376 0.0531 0.2447 0.0146 0.0071 0.0853 0.2438 
          48  1 0.0073 0.2376 0.3227 0.3639 0.0056 0.0043 0.0076 0.0510 
          55  1 0.2257 0.1268 0.0425 0.1590 0.0236 0.0109 0.0959 0.3157 
          60  1 0.2844 0.0555 0.0171 0.0362 0.0598 0.0072 0.5328 0.0069 
          61  1 0.0477 0.0342 0.0479 0.0240 0.0619 0.7120 0.0501 0.0221 
          62  1 0.1353 0.1213 0.1250 0.0834 0.0229 0.2733 0.1957 0.0432 
          65  1 0.0167 0.2515 0.3144 0.3189 0.0271 0.0173 0.0161 0.0379 
          73  1 0.0210 0.0180 0.0131 0.0164 0.8823 0.0087 0.0252 0.0152 
          75  1 0.0170 0.0273 0.0346 0.0250 0.0287 0.8325 0.0153 0.0195 
          76  1 0.0089 0.0066 0.0067 0.0061 0.0052 0.9496 0.0108 0.0060 
          78  1 0.0123 0.0118 0.0144 0.0108 0.1296 0.8010 0.0114 0.0086 
          79  1 0.0084 0.0100 0.0121 0.0074 0.0089 0.9407 0.0070 0.0055 
          84  1 0.1810 0.2245 0.0743 0.1214 0.0130 0.0188 0.1688 0.1982 
          85  1 0.2163 0.1064 0.0775 0.3293 0.0081 0.0096 0.0786 0.1742 
          86  1 0.1932 0.1039 0.1347 0.2383 0.0172 0.0179 0.0851 0.2097 
          89  1 0.1737 0.2019 0.0937 0.0845 0.0206 0.0186 0.3003 0.1067 
          94  1 0.1379 0.1365 0.1165 0.2118 0.0055 0.0064 0.2616 0.1237 
          95  1 0.1715 0.1068 0.0786 0.1360 0.0180 0.0090 0.0976 0.3826 
          98  1 0.0915 0.0491 0.0665 0.0273 0.4273 0.2154 0.1097 0.0132 
         102  1 0.0249 0.2280 0.3822 0.2339 0.0140 0.0118 0.0594 0.0458 
         106  1 0.0310 0.0642 0.0769 0.0391 0.0637 0.6651 0.0429 0.0171 
         108  1 0.0319 0.0732 0.0948 0.0653 0.4226 0.2587 0.0360 0.0175 
         109  1 0.0105 0.0098 0.0106 0.0089 0.8931 0.0480 0.0109 0.0082 
         112  1 0.2151 0.1151 0.1362 0.1637 0.0108 0.0609 0.2214 0.0767 
         115  1 0.0588 0.2452 0.3128 0.1867 0.0341 0.0226 0.1053 0.0345 
         117  1 0.2344 0.1822 0.0189 0.1094 0.0169 0.0178 0.0984 0.3221 
         140  1 0.0129 0.0134 0.0112 0.0061 0.9235 0.0111 0.0123 0.0095 
         147  1 0.0084 0.0083 0.0103 0.0089 0.2276 0.7208 0.0084 0.0073 
        162*  1 0.2233 0.0558 0.0174 0.1574 0.0151 0.0085 0.0651 0.4574 
         166  1 0.2200 0.0559 0.0230 0.0236 0.2820 0.0190 0.3625 0.0140 
         177  1 0.0103 0.0100 0.0108 0.0095 0.0056 0.9347 0.0100 0.0092 
         178  1 0.0170 0.0132 0.0125 0.0109 0.0091 0.9059 0.0174 0.0139 
         189  1 0.2264 0.0957 0.0636 0.3375 0.0042 0.0063 0.0847 0.1817 
         190  1 0.2535 0.0992 0.0167 0.1611 0.0085 0.0075 0.0513 0.4022 
         202  1 0.1726 0.1088 0.1304 0.1030 0.0143 0.0080 0.2598 0.2032 
         211  1 0.2072 0.0528 0.0345 0.0419 0.0828 0.1085 0.4560 0.0163 
         216  1 0.0534 0.0223 0.0160 0.0125 0.6513 0.1716 0.0666 0.0063 
         222  1 0.0605 0.0508 0.0482 0.0823 0.6620 0.0345 0.0385 0.0232 
         224  1 0.2333 0.0971 0.0580 0.3074 0.0119 0.0101 0.0865 0.1957 
         229  1 0.2175 0.1377 0.0714 0.1451 0.0144 0.0218 0.0672 0.3249 
         230  1 0.1912 0.0406 0.0163 0.1089 0.0118 0.0138 0.0596 0.5579 
         232  1 0.1757 0.1379 0.1067 0.1123 0.0307 0.0380 0.1943 0.2044 
         238  1 0.0564 0.2038 0.3456 0.1941 0.0201 0.0672 0.0615 0.0512 
         242  1 0.0083 0.2732 0.3025 0.3677 0.0081 0.0051 0.0079 0.0272 
         243  1 0.0440 0.2162 0.3313 0.2259 0.0516 0.0289 0.0604 0.0417 
         244  1 0.0455 0.2621 0.3518 0.1895 0.0077 0.0783 0.0467 0.0185 
         251  1 0.0666 0.2525 0.3684 0.1540 0.0130 0.0254 0.0816 0.0384 
         266  1 0.0719 0.1621 0.2997 0.0857 0.0229 0.2317 0.1021 0.0238 
         267  1 0.0140 0.0126 0.0133 0.0116 0.9018 0.0093 0.0183 0.0190 
         268  1 0.0220 0.0164 0.0130 0.0096 0.0551 0.8421 0.0327 0.0090 
         270  1 0.2437 0.1150 0.0400 0.2121 0.0111 0.0106 0.0572 0.3103 
         276  1 0.2049 0.1565 0.0424 0.1216 0.0551 0.0259 0.1293 0.2644 
         298  1 0.0177 0.0183 0.0199 0.0142 0.1656 0.7329 0.0205 0.0108 
         306  1 0.2570 0.0644 0.0434 0.0413 0.0925 0.0253 0.4661 0.0100 
         308  1 0.0260 0.0309 0.0336 0.0234 0.0505 0.7707 0.0508 0.0140 
         311  1 0.0646 0.1139 0.1981 0.0716 0.4170 0.0225 0.0815 0.0308 
         327  1 0.2418 0.1085 0.0303 0.1552 0.0251 0.0061 0.0858 0.3472 
         338  1 0.0447 0.0437 0.0612 0.0308 0.6697 0.0453 0.0803 0.0244 
         346  1 0.2694 0.0535 0.0204 0.0331 0.0272 0.1019 0.4824 0.0121 
         348  1 0.0153 0.0178 0.0275 0.0173 0.2728 0.6229 0.0170 0.0093 
         351  1 0.0825 0.2556 0.2865 0.2235 0.0108 0.0132 0.1000 0.0279 
         362  1 0.2114 0.0566 0.0078 0.1048 0.0087 0.0052 0.0252 0.5802 
         364  1 0.0207 0.2495 0.3072 0.3401 0.0101 0.0106 0.0277 0.0342 
         366  1 0.0345 0.2480 0.2804 0.3103 0.0355 0.0083 0.0421 0.0408 
         376  1 0.2194 0.1977 0.0404 0.0982 0.0102 0.0160 0.1493 0.2687 
         388  1 0.0127 0.0104 0.0102 0.0093 0.9265 0.0082 0.0152 0.0073 
         391  1 0.2577 0.0725 0.0181 0.0581 0.0426 0.0120 0.5143 0.0246 
         396  1 0.1856 0.1434 0.1067 0.2283 0.0217 0.0129 0.1247 0.1766 
         400  1 0.1535 0.1232 0.1702 0.2478 0.0113 0.0107 0.1177 0.1656 
         401  1 0.1339 0.1499 0.1622 0.1130 0.0141 0.0800 0.0591 0.2880 
         406  1 0.1568 0.0649 0.0502 0.0365 0.3672 0.0149 0.2871 0.0224 
         413  1 0.1007 0.1263 0.2118 0.0798 0.0339 0.3472 0.0734 0.0269 
         421  1 0.2011 0.1219 0.0966 0.2784 0.0143 0.0116 0.1204 0.1557 
         423  1 0.2021 0.1229 0.0918 0.2897 0.0205 0.0089 0.1105 0.1538 
         435  1 0.0346 0.0160 0.0126 0.0182 0.0224 0.8371 0.0496 0.0095 
         476  1 0.1912 0.1329 0.0551 0.0906 0.0099 0.0098 0.0935 0.4170 
         484  1 0.0306 0.0150 0.0149 0.0096 0.7954 0.0887 0.0381 0.0077 
         489  1 0.2203 0.1202 0.0576 0.1660 0.0709 0.0232 0.2714 0.0704 
         492  1 0.0951 0.2437 0.3761 0.1296 0.0258 0.0241 0.0773 0.0283 
         493  1 0.0177 0.2254 0.3121 0.3556 0.0090 0.0064 0.0165 0.0575 
         494  1 0.0266 0.2117 0.3222 0.3095 0.0049 0.0079 0.0402 0.0770 
         500  1 0.1833 0.0261 0.0124 0.1010 0.0048 0.0035 0.0708 0.5981 
         504  1 0.0325 0.0288 0.0339 0.0233 0.7938 0.0382 0.0241 0.0255 
         506  1 0.0108 0.0089 0.0064 0.0081 0.9313 0.0056 0.0085 0.0204 
