          1*  1 0.5950 0.0058 0.0514 0.2016 0.0569 0.0137 0.0756 
           6  1 0.0106 0.0171 0.0913 0.0860 0.2091 0.4567 0.1291 
           8  1 0.0136 0.0063 0.0136 0.0381 0.2435 0.6310 0.0538 
          11  1 0.1992 0.0156 0.0126 0.2703 0.2603 0.1120 0.1300 
          12  1 0.0208 0.0068 0.0084 0.2773 0.0558 0.0535 0.5776 
          19  1 0.2814 0.0499 0.0256 0.2619 0.3145 0.0330 0.0337 
          23  1 0.0087 0.0182 0.0186 0.2866 0.0249 0.0243 0.6188 
          24  1 0.0654 0.0197 0.0112 0.1138 0.3259 0.4158 0.0483 
          25  1 0.0151 0.0047 0.0111 0.2647 0.0641 0.0932 0.5472 
         26*  1 0.0114 0.0049 0.0059 0.0191 0.2513 0.6872 0.0202 
          28  1 0.0084 0.0053 0.0073 0.0619 0.2577 0.5705 0.0890 
          29  1 0.0246 0.0078 0.0064 0.0324 0.2812 0.5870 0.0606 
          30  1 0.0184 0.0061 0.2517 0.0235 0.1957 0.4846 0.0199 
          33  1 0.6573 0.0428 0.0103 0.2071 0.0541 0.0052 0.0232 
          37  1 0.7482 0.0080 0.0055 0.2040 0.0125 0.0092 0.0125 
          38  1 0.7466 0.0041 0.0044 0.2002 0.0232 0.0124 0.0092 
          44  1 0.0079 0.0064 0.0128 0.1457 0.1392 0.5084 0.1795 
          48  1 0.7589 0.0047 0.0055 0.2067 0.0111 0.0073 0.0059 
          55  1 0.0194 0.0114 0.0242 0.0929 0.2102 0.5262 0.1157 
          60  1 0.0173 0.0079 0.0705 0.2846 0.0132 0.0060 0.6006 
          61  1 0.0189 0.7775 0.0656 0.0390 0.0297 0.0193 0.0500 
          62  1 0.0327 0.4227 0.0256 0.1492 0.0907 0.0717 0.2073 
          65  1 0.6226 0.0168 0.0246 0.1931 0.1216 0.0088 0.0125 
          73  1 0.0100 0.0095 0.9049 0.0190 0.0152 0.0159 0.0254 
          75  1 0.0280 0.8567 0.0246 0.0298 0.0321 0.0166 0.0121 
          76  1 0.0059 0.9557 0.0053 0.0078 0.0076 0.0060 0.0118 
          78  1 0.0114 0.8494 0.0952 0.0122 0.0125 0.0088 0.0106 
          79  1 0.0090 0.9508 0.0078 0.0097 0.0115 0.0051 0.0061 
          84  1 0.0189 0.0246 0.0135 0.1256 0.2049 0.4247 0.1879 
          85  1 0.0112 0.0101 0.0083 0.1470 0.1689 0.4523 0.2024 
          86  1 0.0339 0.0204 0.0179 0.1169 0.2591 0.4238 0.1280 
          89  1 0.0412 0.0218 0.0223 0.2104 0.1696 0.1749 0.3599 
          94  1 0.3049 0.0077 0.0056 0.2192 0.0848 0.0577 0.3200 
          95  1 0.1194 0.0109 0.0255 0.1509 0.1586 0.3969 0.1377 
          98  1 0.0268 0.2307 0.4762 0.0773 0.0503 0.0186 0.1201 
         102  1 0.3500 0.0115 0.0147 0.2745 0.3159 0.0100 0.0234 
         106  1 0.0325 0.7228 0.0430 0.0646 0.0788 0.0223 0.0360 
         108  1 0.1181 0.2971 0.3992 0.0753 0.0591 0.0197 0.0314 
         109  1 0.0089 0.0475 0.9047 0.0100 0.0114 0.0091 0.0084 
         112  1 0.0372 0.0617 0.0113 0.2168 0.1510 0.1552 0.3668 
         115  1 0.2978 0.0242 0.0365 0.2527 0.3113 0.0227 0.0548 
         117  1 0.0125 0.0203 0.0198 0.0483 0.2510 0.5766 0.0715 
         140  1 0.0065 0.0106 0.9500 0.0078 0.0100 0.0075 0.0076 
         147  1 0.0075 0.8031 0.1582 0.0081 0.0084 0.0070 0.0078 
        162*  1 0.0091 0.0066 0.0128 0.0273 0.2629 0.6392 0.0420 
         166  1 0.0148 0.0217 0.3730 0.1844 0.0194 0.0128 0.3739 
         177  1 0.0091 0.9425 0.0063 0.0094 0.0135 0.0098 0.0093 
         178  1 0.0075 0.9225 0.0092 0.0149 0.0147 0.0152 0.0160 
         189  1 0.0076 0.0056 0.0043 0.1490 0.1719 0.4589 0.2028 
         190  1 0.0109 0.0068 0.0089 0.0219 0.2788 0.6378 0.0349 
         202  1 0.0692 0.0078 0.0145 0.2242 0.2679 0.1662 0.2501 
         211  1 0.0232 0.1092 0.0939 0.2432 0.0398 0.0117 0.4790 
         216  1 0.0084 0.1838 0.6797 0.0397 0.0136 0.0068 0.0680 
         222  1 0.0257 0.0405 0.6968 0.0655 0.0454 0.0437 0.0824 
         224  1 0.0132 0.0090 0.0118 0.1502 0.1658 0.4497 0.2003 
         229  1 0.0236 0.0273 0.0128 0.0389 0.2670 0.5932 0.0372 
         230  1 0.0200 0.0135 0.0133 0.0314 0.2269 0.6599 0.0351 
         232  1 0.0406 0.0418 0.0310 0.1600 0.2078 0.3078 0.2109 
         238  1 0.3100 0.0551 0.0178 0.2331 0.3284 0.0267 0.0289 
         242  1 0.7512 0.0057 0.0081 0.2028 0.0186 0.0061 0.0076 
         243  1 0.4227 0.0275 0.0551 0.2185 0.2225 0.0190 0.0349 
         244  1 0.3283 0.0714 0.0075 0.2304 0.3270 0.0106 0.0248 
         251  1 0.3032 0.0254 0.0135 0.2496 0.3148 0.0409 0.0527 
         266  1 0.1607 0.2007 0.0235 0.2148 0.3270 0.0197 0.0535 
         267  1 0.0131 0.0095 0.9198 0.0125 0.0136 0.0159 0.0156 
         268  1 0.0086 0.8667 0.0452 0.0209 0.0153 0.0105 0.0328 
         270  1 0.0237 0.0102 0.0110 0.0760 0.2284 0.5561 0.0947 
         276  1 0.0164 0.0293 0.0512 0.1342 0.1663 0.4492 0.1534 
         298  1 0.0147 0.7865 0.1344 0.0164 0.0160 0.0121 0.0198 
         306  1 0.0292 0.0322 0.1142 0.2628 0.0390 0.0115 0.5110 
         308  1 0.0263 0.8190 0.0378 0.0365 0.0266 0.0115 0.0422 
         311  1 0.1105 0.0292 0.4470 0.1553 0.1646 0.0270 0.0664 
         327  1 0.0174 0.0063 0.0292 0.0499 0.2786 0.5496 0.0690 
         338  1 0.0219 0.0647 0.7073 0.0592 0.0433 0.0263 0.0774 
         346  1 0.0119 0.0954 0.0320 0.2629 0.0188 0.0112 0.5677 
         348  1 0.0172 0.7265 0.2038 0.0150 0.0168 0.0093 0.0114 
         351  1 0.4693 0.0128 0.0121 0.1932 0.1955 0.0200 0.0972 
         362  1 0.0069 0.0049 0.0077 0.0111 0.2557 0.7010 0.0127 
         364  1 0.7197 0.0100 0.0104 0.1939 0.0380 0.0074 0.0205 
         366  1 0.6008 0.0098 0.0398 0.2188 0.0606 0.0258 0.0444 
         376  1 0.0215 0.0142 0.0124 0.0914 0.2096 0.5005 0.1504 
         388  1 0.0078 0.0090 0.9447 0.0107 0.0086 0.0074 0.0119 
         391  1 0.0115 0.0119 0.0412 0.2865 0.0221 0.0213 0.6054 
         396  1 0.0194 0.0160 0.0249 0.1485 0.1650 0.4297 0.1965 
         400  1 0.2148 0.0099 0.0135 0.1860 0.1906 0.1636 0.2216 
         401  1 0.1041 0.0853 0.0116 0.1169 0.2804 0.3814 0.0202 
         406  1 0.0364 0.0145 0.4487 0.1572 0.0438 0.0212 0.2782 
         413  1 0.0638 0.5041 0.0460 0.1006 0.1613 0.0410 0.0832 
         421  1 0.0132 0.0177 0.0192 0.1912 0.1629 0.3472 0.2487 
         423  1 0.0172 0.0102 0.0256 0.1947 0.1672 0.3303 0.2547 
         435  1 0.0074 0.8640 0.0213 0.0326 0.0153 0.0094 0.0501 
         476  1 0.0362 0.0110 0.0092 0.1107 0.2167 0.5150 0.1012 
         484  1 0.0080 0.0803 0.8356 0.0192 0.0100 0.0083 0.0385 
         489  1 0.0238 0.0208 0.0864 0.2281 0.1204 0.1030 0.4175 
         492  1 0.2822 0.0301 0.0329 0.2010 0.3730 0.0264 0.0544 
         493  1 0.7231 0.0056 0.0081 0.2034 0.0318 0.0133 0.0147 
         494  1 0.6012 0.0072 0.0049 0.2107 0.1198 0.0267 0.0295 
         500  1 0.0083 0.0037 0.0052 0.0423 0.2257 0.6610 0.0539 
         504  1 0.0212 0.0365 0.8412 0.0232 0.0310 0.0269 0.0199 
         506  1 0.0062 0.0060 0.9404 0.0074 0.0135 0.0195 0.0070 
