

----------------------------------------------------
STRUCTURE by Pritchard, Stephens and Donnelly (2000)
     and Falush, Stephens and Pritchard (2003)
       Code by Pritchard, Falush and Hubisz
             Version 2.3.4 (Jul 2012)
----------------------------------------------------



Command line arguments:   bin\structure -m C:\Users\drenske\Desktop\STRUCTURE\Squirrel_100_ID_16L_20260210\10k_Burnin_100k_MCMC\mainparams -e C:\Users\drenske\Desktop\STRUCTURE\Squirrel_100_ID_16L_20260210\10k_Burnin_100k_MCMC\extraparams 
Input File:    C:\Users\drenske\Desktop\STRUCTURE\Squirrel_100_ID_16L_20260210\project_data

Run parameters:
   100 individuals
   16 loci
   5 populations assumed
   10000 Burn-in period
   100000 Reps


--------------------------------------------
Proportion of membership of each pre-defined
 population in each of the 5 clusters

Given    Inferred Clusters                     Number of
 Pop       1      2      3      4      5      Individuals

  1:     0.210  0.170  0.210  0.171  0.240      100
--------------------------------------------

Allele-freq. divergence among pops (Net nucleotide distance),
computed using point estimates of P.

      1       2       3       4       5      
 1      -    0.0397  0.0280  0.0416  0.0019  
 2   0.0397     -    0.0506  0.0494  0.0409  
 3   0.0280  0.0506     -    0.0443  0.0284  
 4   0.0416  0.0494  0.0443     -    0.0434  
 5   0.0019  0.0409  0.0284  0.0434     -    

Average distances (expected heterozygosity) between individuals in same cluster:
cluster  1  : 0.5969 
cluster  2  : 0.5692 
cluster  3  : 0.6477 
cluster  4  : 0.6206 
cluster  5  : 0.5974 

--------------------------------------------
Estimated Ln Prob of Data   = -3849.2
Mean value of ln likelihood = -3674.9
Variance of ln likelihood   = 348.6
Mean value of alpha         = 0.0433

Mean value of lambda        = 1.0526

Mean value of Fst_1         = 0.1320
Mean value of Fst_2         = 0.1614
Mean value of Fst_3         = 0.0504
Mean value of Fst_4         = 0.1327
Mean value of Fst_5         = 0.1397


Inferred ancestry of individuals:
        Label (%Miss) Pop:  Inferred clusters (and 90% probability intervals)
  1       1*    (0)    1 :  0.044 0.049 0.874 0.006 0.027     (0.000,0.312) (0.000,0.343) (0.436,1.000) (0.000,0.028) (0.000,0.190) 
  2        6    (0)    1 :  0.356 0.088 0.010 0.024 0.523     (0.000,1.000) (0.000,0.579) (0.000,0.056) (0.000,0.169) (0.000,1.000) 
  3        8    (0)    1 :  0.384 0.009 0.009 0.006 0.592     (0.000,1.000) (0.000,0.053) (0.000,0.050) (0.000,0.030) (0.000,1.000) 
  4       11    (0)    1 :  0.183 0.021 0.578 0.031 0.187     (0.000,0.993) (0.000,0.143) (0.000,1.000) (0.000,0.202) (0.000,0.993) 
  5       12    (0)    1 :  0.608 0.010 0.016 0.007 0.359     (0.000,1.000) (0.000,0.047) (0.000,0.093) (0.000,0.034) (0.000,1.000) 
  6       19    (0)    1 :  0.034 0.026 0.834 0.069 0.037     (0.000,0.212) (0.000,0.177) (0.005,1.000) (0.000,0.504) (0.000,0.253) 
  7       23    (6)    1 :  0.574 0.049 0.010 0.022 0.345     (0.000,1.000) (0.000,0.335) (0.000,0.051) (0.000,0.152) (0.000,1.000) 
  8       24    (6)    1 :  0.364 0.015 0.151 0.038 0.432     (0.000,1.000) (0.000,0.092) (0.000,0.843) (0.000,0.278) (0.000,1.000) 
  9       25    (6)    1 :  0.570 0.030 0.012 0.006 0.382     (0.000,1.000) (0.000,0.180) (0.000,0.066) (0.000,0.030) (0.000,1.000) 
 10      26*    (0)    1 :  0.401 0.008 0.015 0.007 0.570     (0.000,1.000) (0.000,0.043) (0.000,0.097) (0.000,0.036) (0.000,1.000) 
 11       28    (0)    1 :  0.403 0.007 0.007 0.005 0.579     (0.000,1.000) (0.000,0.038) (0.000,0.036) (0.000,0.028) (0.000,1.000) 
 12       29    (0)    1 :  0.428 0.007 0.032 0.008 0.525     (0.000,1.000) (0.000,0.039) (0.000,0.193) (0.000,0.045) (0.000,1.000) 
 13       30    (0)    1 :  0.298 0.265 0.024 0.007 0.406     (0.000,1.000) (0.000,0.849) (0.000,0.132) (0.000,0.032) (0.000,1.000) 
 14       33    (0)    1 :  0.009 0.009 0.951 0.024 0.007     (0.000,0.045) (0.000,0.049) (0.742,1.000) (0.000,0.173) (0.000,0.037) 
 15       37    (0)    1 :  0.014 0.006 0.961 0.007 0.012     (0.000,0.083) (0.000,0.030) (0.786,1.000) (0.000,0.039) (0.000,0.070) 
 16       38    (0)    1 :  0.010 0.004 0.970 0.004 0.011     (0.000,0.059) (0.000,0.024) (0.835,1.000) (0.000,0.022) (0.000,0.063) 
 17       44    (0)    1 :  0.356 0.013 0.006 0.006 0.618     (0.000,1.000) (0.000,0.076) (0.000,0.035) (0.000,0.035) (0.000,1.000) 
 18       48    (0)    1 :  0.007 0.006 0.975 0.005 0.007     (0.000,0.038) (0.000,0.034) (0.863,1.000) (0.000,0.025) (0.000,0.036) 
 19       55    (0)    1 :  0.380 0.022 0.010 0.010 0.578     (0.000,1.000) (0.000,0.156) (0.000,0.054) (0.000,0.057) (0.000,1.000) 
 20       60    (0)    1 :  0.460 0.204 0.024 0.011 0.301     (0.000,1.000) (0.000,1.000) (0.000,0.133) (0.000,0.057) (0.000,1.000) 
 21       61    (0)    1 :  0.030 0.057 0.016 0.868 0.028     (0.000,0.220) (0.000,0.390) (0.000,0.105) (0.440,1.000) (0.000,0.195) 
 22       62    (0)    1 :  0.201 0.033 0.024 0.610 0.131     (0.000,1.000) (0.000,0.230) (0.000,0.151) (0.000,1.000) (0.000,0.981) 
 23       65    (0)    1 :  0.014 0.023 0.937 0.014 0.012     (0.000,0.067) (0.000,0.155) (0.697,1.000) (0.000,0.097) (0.000,0.060) 
 24       73    (0)    1 :  0.026 0.933 0.009 0.009 0.022     (0.000,0.193) (0.672,1.000) (0.000,0.059) (0.000,0.049) (0.000,0.153) 
 25       75    (0)    1 :  0.011 0.027 0.028 0.921 0.013     (0.000,0.072) (0.000,0.193) (0.000,0.208) (0.632,1.000) (0.000,0.090) 
 26       76    (0)    1 :  0.010 0.006 0.005 0.971 0.008     (0.000,0.060) (0.000,0.034) (0.000,0.027) (0.842,1.000) (0.000,0.043) 
 27       78    (0)    1 :  0.010 0.147 0.011 0.823 0.009     (0.000,0.058) (0.000,0.989) (0.000,0.065) (0.000,1.000) (0.000,0.052) 
 28       79    (0)    1 :  0.006 0.009 0.007 0.972 0.005     (0.000,0.033) (0.000,0.047) (0.000,0.038) (0.849,1.000) (0.000,0.030) 
 29       84    (0)    1 :  0.388 0.017 0.013 0.026 0.556     (0.000,1.000) (0.000,0.111) (0.000,0.074) (0.000,0.189) (0.000,1.000) 
 30       85    (0)    1 :  0.355 0.008 0.010 0.010 0.616     (0.000,1.000) (0.000,0.045) (0.000,0.058) (0.000,0.059) (0.000,1.000) 
 31       86    (0)    1 :  0.372 0.018 0.015 0.019 0.576     (0.000,1.000) (0.000,0.124) (0.000,0.095) (0.000,0.131) (0.000,1.000) 
 32       89    (0)    1 :  0.527 0.027 0.046 0.030 0.370     (0.000,1.000) (0.000,0.169) (0.000,0.312) (0.000,0.192) (0.000,1.000) 
 33       94    (0)    1 :  0.460 0.006 0.253 0.007 0.273     (0.000,1.000) (0.000,0.032) (0.000,1.000) (0.000,0.040) (0.000,1.000) 
 34       95    (0)    1 :  0.359 0.033 0.087 0.013 0.507     (0.000,1.000) (0.000,0.246) (0.000,0.760) (0.000,0.080) (0.000,1.000) 
 35       98    (0)    1 :  0.065 0.687 0.018 0.188 0.043     (0.000,0.495) (0.000,1.000) (0.000,0.105) (0.000,0.977) (0.000,0.311) 
 36      102    (0)    1 :  0.045 0.017 0.897 0.014 0.027     (0.000,0.284) (0.000,0.123) (0.494,1.000) (0.000,0.094) (0.000,0.154) 
 37      106    (0)    1 :  0.033 0.060 0.021 0.862 0.024     (0.000,0.222) (0.000,0.488) (0.000,0.134) (0.252,1.000) (0.000,0.171) 
 38      108    (0)    1 :  0.028 0.478 0.149 0.321 0.024     (0.000,0.196) (0.000,1.000) (0.000,0.652) (0.000,1.000) (0.000,0.168) 
 39      109    (0)    1 :  0.008 0.947 0.007 0.030 0.008     (0.000,0.045) (0.721,1.000) (0.000,0.040) (0.000,0.215) (0.000,0.043) 
 40      112    (0)    1 :  0.432 0.021 0.047 0.165 0.335     (0.000,1.000) (0.000,0.145) (0.000,0.328) (0.000,0.987) (0.000,1.000) 
 41      115    (0)    1 :  0.081 0.049 0.794 0.027 0.050     (0.000,0.667) (0.000,0.348) (0.000,1.000) (0.000,0.161) (0.000,0.361) 
 42      117    (0)    1 :  0.386 0.027 0.015 0.026 0.547     (0.000,1.000) (0.000,0.168) (0.000,0.089) (0.000,0.183) (0.000,1.000) 
 43      140    (0)    1 :  0.009 0.967 0.006 0.010 0.008     (0.000,0.042) (0.826,1.000) (0.000,0.033) (0.000,0.056) (0.000,0.042) 
 44      147    (0)    1 :  0.006 0.235 0.008 0.745 0.007     (0.000,0.030) (0.000,1.000) (0.000,0.044) (0.000,1.000) (0.000,0.036) 
 45     162*    (0)    1 :  0.398 0.009 0.006 0.006 0.581     (0.000,1.000) (0.000,0.050) (0.000,0.033) (0.000,0.034) (0.000,1.000) 
 46      166    (0)    1 :  0.199 0.617 0.012 0.024 0.147     (0.000,1.000) (0.000,1.000) (0.000,0.068) (0.000,0.152) (0.000,0.999) 
 47      177    (0)    1 :  0.009 0.006 0.008 0.967 0.010     (0.000,0.054) (0.000,0.031) (0.000,0.046) (0.819,1.000) (0.000,0.056) 
 48      178    (0)    1 :  0.019 0.011 0.009 0.943 0.017     (0.000,0.129) (0.000,0.064) (0.000,0.049) (0.694,1.000) (0.000,0.110) 
 49      189    (0)    1 :  0.357 0.004 0.008 0.007 0.624     (0.000,1.000) (0.000,0.023) (0.000,0.042) (0.000,0.036) (0.000,1.000) 
 50      190    (0)    1 :  0.400 0.009 0.009 0.006 0.577     (0.000,1.000) (0.000,0.048) (0.000,0.049) (0.000,0.032) (0.000,1.000) 
 51      202    (0)    1 :  0.524 0.018 0.052 0.011 0.395     (0.000,1.000) (0.000,0.110) (0.000,0.369) (0.000,0.064) (0.000,1.000) 
 52      211    (0)    1 :  0.427 0.197 0.014 0.094 0.268     (0.000,1.000) (0.000,0.977) (0.000,0.079) (0.000,0.416) (0.000,1.000) 
 53      216    (0)    1 :  0.034 0.806 0.008 0.127 0.024     (0.000,0.263) (0.003,1.000) (0.000,0.042) (0.000,0.659) (0.000,0.148) 
 54      222    (0)    1 :  0.025 0.846 0.024 0.069 0.036     (0.000,0.109) (0.009,1.000) (0.000,0.170) (0.000,0.529) (0.000,0.238) 
 55      224    (0)    1 :  0.355 0.011 0.012 0.010 0.613     (0.000,1.000) (0.000,0.065) (0.000,0.062) (0.000,0.056) (0.000,1.000) 
 56      229    (0)    1 :  0.377 0.012 0.019 0.020 0.572     (0.000,1.000) (0.000,0.074) (0.000,0.124) (0.000,0.137) (0.000,1.000) 
 57      230    (0)    1 :  0.389 0.013 0.012 0.015 0.571     (0.000,1.000) (0.000,0.091) (0.000,0.061) (0.000,0.099) (0.000,1.000) 
 58      232    (0)    1 :  0.438 0.028 0.029 0.043 0.463     (0.000,1.000) (0.000,0.203) (0.000,0.171) (0.000,0.300) (0.000,1.000) 
 59      238    (0)    1 :  0.053 0.034 0.710 0.142 0.061     (0.000,0.358) (0.000,0.247) (0.000,1.000) (0.000,0.704) (0.000,0.398) 
 60      242    (0)    1 :  0.006 0.008 0.975 0.005 0.006     (0.000,0.032) (0.000,0.046) (0.861,1.000) (0.000,0.027) (0.000,0.034) 
 61      243    (0)    1 :  0.030 0.065 0.851 0.027 0.027     (0.000,0.198) (0.000,0.424) (0.379,1.000) (0.000,0.198) (0.000,0.156) 
 62      244    (0)    1 :  0.023 0.010 0.854 0.097 0.016     (0.000,0.136) (0.000,0.056) (0.419,1.000) (0.000,0.500) (0.000,0.103) 
 63      251    (0)    1 :  0.068 0.019 0.818 0.046 0.049     (0.000,0.483) (0.000,0.120) (0.089,1.000) (0.000,0.321) (0.000,0.358) 
 64      266    (0)    1 :  0.111 0.055 0.214 0.541 0.078     (0.000,0.720) (0.000,0.388) (0.000,0.895) (0.000,1.000) (0.000,0.560) 
 65      267    (0)    1 :  0.015 0.948 0.012 0.009 0.015     (0.000,0.097) (0.730,1.000) (0.000,0.076) (0.000,0.052) (0.000,0.100) 
 66      268    (0)    1 :  0.024 0.084 0.010 0.864 0.018     (0.000,0.165) (0.000,0.677) (0.000,0.053) (0.194,1.000) (0.000,0.110) 
 67      270    (0)    1 :  0.376 0.009 0.011 0.008 0.597     (0.000,1.000) (0.000,0.050) (0.000,0.067) (0.000,0.043) (0.000,1.000) 
 68      276    (0)    1 :  0.356 0.046 0.013 0.019 0.566     (0.000,1.000) (0.000,0.337) (0.000,0.072) (0.000,0.119) (0.000,1.000) 
 69      298    (6)    1 :  0.017 0.186 0.012 0.772 0.014     (0.000,0.099) (0.000,0.998) (0.000,0.070) (0.000,1.000) (0.000,0.081) 
 70      306    (0)    1 :  0.384 0.253 0.038 0.057 0.267     (0.000,1.000) (0.000,0.998) (0.000,0.266) (0.000,0.390) (0.000,1.000) 
 71      308    (0)    1 :  0.038 0.043 0.022 0.872 0.024     (0.000,0.283) (0.000,0.313) (0.000,0.156) (0.426,1.000) (0.000,0.166) 
 72      311    (6)    1 :  0.077 0.690 0.122 0.053 0.058     (0.000,0.550) (0.000,1.000) (0.000,0.769) (0.000,0.386) (0.000,0.419) 
 73      327    (0)    1 :  0.401 0.020 0.012 0.006 0.562     (0.000,1.000) (0.000,0.134) (0.000,0.067) (0.000,0.031) (0.000,1.000) 
 74      338    (0)    1 :  0.064 0.820 0.014 0.057 0.045     (0.000,0.505) (0.003,1.000) (0.000,0.083) (0.000,0.394) (0.000,0.318) 
 75      346    (0)    1 :  0.434 0.108 0.014 0.157 0.287     (0.000,1.000) (0.000,0.958) (0.000,0.064) (0.000,0.988) (0.000,1.000) 
 76      348    (0)    1 :  0.008 0.255 0.017 0.713 0.008     (0.000,0.042) (0.000,1.000) (0.000,0.107) (0.000,1.000) (0.000,0.045) 
 77      351    (0)    1 :  0.084 0.014 0.846 0.019 0.038     (0.000,0.770) (0.000,0.086) (0.000,1.000) (0.000,0.094) (0.000,0.261) 
 78      362    (0)    1 :  0.398 0.008 0.007 0.005 0.582     (0.000,1.000) (0.000,0.044) (0.000,0.036) (0.000,0.027) (0.000,1.000) 
 79      364    (0)    1 :  0.012 0.010 0.957 0.011 0.011     (0.000,0.072) (0.000,0.055) (0.769,1.000) (0.000,0.061) (0.000,0.057) 
 80      366    (0)    1 :  0.031 0.042 0.886 0.011 0.030     (0.000,0.215) (0.000,0.296) (0.470,1.000) (0.000,0.063) (0.000,0.209) 
 81      376    (0)    1 :  0.407 0.013 0.023 0.014 0.544     (0.000,1.000) (0.000,0.074) (0.000,0.159) (0.000,0.088) (0.000,1.000) 
 82      388    (0)    1 :  0.009 0.966 0.008 0.008 0.009     (0.000,0.049) (0.814,1.000) (0.000,0.042) (0.000,0.046) (0.000,0.050) 
 83      391    (0)    1 :  0.535 0.096 0.012 0.017 0.339     (0.000,1.000) (0.000,0.702) (0.000,0.067) (0.000,0.113) (0.000,1.000) 
 84      396   (18)    1 :  0.370 0.028 0.011 0.015 0.575     (0.000,1.000) (0.000,0.203) (0.000,0.063) (0.000,0.091) (0.000,1.000) 
 85      400   (18)    1 :  0.319 0.021 0.398 0.013 0.249     (0.000,1.000) (0.000,0.142) (0.000,1.000) (0.000,0.071) (0.000,0.999) 
 86      401    (0)    1 :  0.273 0.017 0.178 0.126 0.406     (0.000,0.995) (0.000,0.107) (0.000,0.761) (0.000,0.559) (0.000,1.000) 
 87      406    (0)    1 :  0.204 0.602 0.039 0.015 0.140     (0.000,1.000) (0.000,1.000) (0.000,0.256) (0.000,0.085) (0.000,0.997) 
 88      413    (0)    1 :  0.040 0.050 0.034 0.840 0.036     (0.000,0.255) (0.000,0.374) (0.000,0.242) (0.005,1.000) (0.000,0.236) 
 89      421    (0)    1 :  0.352 0.040 0.020 0.042 0.546     (0.000,1.000) (0.000,0.303) (0.000,0.122) (0.000,0.318) (0.000,1.000) 
 90      423    (0)    1 :  0.342 0.056 0.043 0.029 0.530     (0.000,1.000) (0.000,0.412) (0.000,0.294) (0.000,0.214) (0.000,1.000) 
 91      435    (0)    1 :  0.039 0.025 0.007 0.901 0.028     (0.000,0.292) (0.000,0.172) (0.000,0.034) (0.550,1.000) (0.000,0.212) 
 92      476    (0)    1 :  0.384 0.011 0.029 0.013 0.563     (0.000,1.000) (0.000,0.067) (0.000,0.203) (0.000,0.087) (0.000,1.000) 
 93      484    (0)    1 :  0.017 0.915 0.007 0.046 0.015     (0.000,0.099) (0.548,1.000) (0.000,0.035) (0.000,0.331) (0.000,0.082) 
 94      489    (0)    1 :  0.477 0.159 0.021 0.030 0.314     (0.000,1.000) (0.000,0.962) (0.000,0.105) (0.000,0.192) (0.000,1.000) 
 95      492   (18)    1 :  0.060 0.113 0.690 0.086 0.050     (0.000,0.494) (0.000,0.983) (0.000,1.000) (0.000,0.780) (0.000,0.340) 
 96      493    (0)    1 :  0.015 0.008 0.959 0.006 0.012     (0.000,0.095) (0.000,0.050) (0.780,1.000) (0.000,0.032) (0.000,0.074) 
 97      494    (0)    1 :  0.027 0.006 0.932 0.008 0.027     (0.000,0.154) (0.000,0.028) (0.647,1.000) (0.000,0.048) (0.000,0.174) 
 98      500    (0)    1 :  0.397 0.005 0.007 0.004 0.587     (0.000,1.000) (0.000,0.025) (0.000,0.036) (0.000,0.019) (0.000,1.000) 
 99      504    (0)    1 :  0.020 0.911 0.020 0.027 0.021     (0.000,0.139) (0.580,1.000) (0.000,0.132) (0.000,0.171) (0.000,0.150) 
100      506    (0)    1 :  0.015 0.955 0.006 0.007 0.016     (0.000,0.093) (0.758,1.000) (0.000,0.036) (0.000,0.036) (0.000,0.105) 


Estimated Allele Frequencies in each cluster
First column gives estimated ancestral frequencies


Locus 1 : Rsu3 
3 alleles
2.0% missing data
 164   (0.543) 0.529 0.499 0.583 0.624 0.541 
 166   (0.273) 0.298 0.425 0.214 0.266 0.245 
 170   (0.184) 0.173 0.076 0.203 0.109 0.214 

Locus 2 : Rsu5 
5 alleles
2.0% missing data
 137   (0.696) 0.845 0.661 0.668 0.641 0.881 
 135   (0.093) 0.081 0.022 0.109 0.063 0.055 
 139   (0.122) 0.058 0.024 0.175 0.110 0.051 
 133   (0.026) 0.005 0.004 0.025 0.005 0.004 
 131   (0.062) 0.011 0.288 0.022 0.181 0.010 

Locus 3 : Scv1 
5 alleles
1.0% missing data
 181   (0.505) 0.564 0.355 0.636 0.366 0.585 
 179   (0.221) 0.189 0.167 0.188 0.277 0.174 
 177   (0.102) 0.143 0.282 0.062 0.045 0.095 
 185   (0.140) 0.098 0.191 0.074 0.306 0.140 
 171   (0.032) 0.007 0.005 0.040 0.006 0.005 

Locus 4 : Rsu4 
9 alleles
0.0% missing data
 267   (0.182) 0.141 0.197 0.278 0.061 0.189 
 259   (0.043) 0.096 0.007 0.015 0.008 0.138 
 287   (0.174) 0.220 0.335 0.132 0.073 0.195 
 263   (0.331) 0.462 0.282 0.280 0.422 0.409 
 279   (0.074) 0.023 0.012 0.090 0.151 0.020 
 283   (0.076) 0.015 0.147 0.052 0.253 0.012 
 275   (0.045) 0.011 0.007 0.085 0.017 0.008 
 291   (0.044) 0.027 0.008 0.029 0.009 0.024 
 271   (0.029) 0.006 0.005 0.040 0.005 0.004 

Locus 5 : Rsu6 
4 alleles
0.0% missing data
 120   (0.275) 0.372 0.154 0.237 0.216 0.361 
 126   (0.627) 0.533 0.829 0.650 0.765 0.512 
 124   (0.063) 0.089 0.011 0.053 0.014 0.123 
 130   (0.034) 0.006 0.005 0.060 0.006 0.005 

Locus 6 : Scv12 
3 alleles
1.0% missing data
 198   (0.550) 0.458 0.386 0.684 0.678 0.431 
 196   (0.261) 0.286 0.525 0.163 0.224 0.287 
 200   (0.189) 0.256 0.090 0.153 0.097 0.282 

Locus 7 : Scv23 
3 alleles
1.0% missing data
 158   (0.499) 0.516 0.621 0.442 0.597 0.563 
 164   (0.197) 0.168 0.219 0.260 0.050 0.143 
 160   (0.304) 0.316 0.160 0.298 0.353 0.293 

Locus 8 : Scv13 
5 alleles
0.0% missing data
 182   (0.713) 0.880 0.863 0.677 0.676 0.882 
 180   (0.074) 0.053 0.012 0.106 0.014 0.061 
 172   (0.096) 0.032 0.091 0.074 0.194 0.024 
 184   (0.072) 0.024 0.026 0.113 0.017 0.025 
 174   (0.045) 0.011 0.008 0.030 0.098 0.009 

Locus 9 : Scv32 
17 alleles
1.0% missing data
 236   (0.038) 0.008 0.006 0.124 0.008 0.006 
 238   (0.051) 0.053 0.147 0.030 0.011 0.038 
 234   (0.136) 0.119 0.177 0.076 0.468 0.114 
 248   (0.103) 0.151 0.045 0.135 0.020 0.151 
 262   (0.105) 0.159 0.100 0.067 0.060 0.187 
 232   (0.176) 0.102 0.242 0.305 0.142 0.119 
 250   (0.031) 0.104 0.007 0.014 0.005 0.065 
 228   (0.027) 0.006 0.004 0.039 0.006 0.004 
 246   (0.055) 0.104 0.010 0.025 0.029 0.127 
 264   (0.048) 0.065 0.015 0.048 0.015 0.045 
 220   (0.038) 0.070 0.006 0.015 0.007 0.094 
 252   (0.048) 0.014 0.089 0.017 0.055 0.015 
 254   (0.036) 0.015 0.020 0.012 0.147 0.011 
 242   (0.028) 0.006 0.004 0.041 0.005 0.004 
 266   (0.028) 0.007 0.075 0.010 0.006 0.005 
 244   (0.032) 0.014 0.051 0.019 0.009 0.012 
 240   (0.021) 0.004 0.003 0.022 0.005 0.003 

Locus 10 : Scv8 
6 alleles
1.0% missing data
 200   (0.601) 0.739 0.716 0.643 0.426 0.723 
 202   (0.109) 0.034 0.100 0.154 0.082 0.026 
 194   (0.087) 0.089 0.021 0.045 0.062 0.090 
 204   (0.044) 0.045 0.007 0.026 0.009 0.051 
 188   (0.080) 0.015 0.143 0.044 0.403 0.013 
 198   (0.080) 0.078 0.013 0.088 0.019 0.098 

Locus 11 : Scv9 
5 alleles
0.0% missing data
 198   (0.322) 0.445 0.310 0.253 0.426 0.382 
 200   (0.329) 0.310 0.213 0.463 0.213 0.354 
 196   (0.266) 0.203 0.461 0.253 0.252 0.227 
 204   (0.058) 0.037 0.013 0.022 0.080 0.034 
 202   (0.025) 0.004 0.004 0.008 0.028 0.004 

Locus 12 : Rsu1 
6 alleles
0.0% missing data
 189   (0.283) 0.175 0.168 0.447 0.219 0.157 
 185   (0.279) 0.204 0.717 0.210 0.336 0.219 
 177   (0.087) 0.069 0.027 0.054 0.074 0.091 
 181   (0.270) 0.406 0.075 0.261 0.356 0.324 
 193   (0.045) 0.092 0.007 0.015 0.008 0.129 
 197   (0.036) 0.053 0.006 0.014 0.006 0.079 

Locus 13 : Scv14 
7 alleles
3.0% missing data
 196   (0.513) 0.686 0.634 0.476 0.590 0.717 
 198   (0.087) 0.100 0.065 0.114 0.034 0.071 
 194   (0.145) 0.095 0.072 0.169 0.143 0.088 
 202   (0.178) 0.086 0.216 0.196 0.207 0.101 
 204   (0.025) 0.005 0.004 0.023 0.005 0.004 
 190   (0.027) 0.020 0.004 0.010 0.005 0.014 
 200   (0.026) 0.008 0.005 0.012 0.017 0.006 

Locus 14 : Scv16 
7 alleles
0.0% missing data
 182   (0.397) 0.538 0.437 0.320 0.454 0.513 
 184   (0.403) 0.379 0.509 0.489 0.279 0.383 
 188   (0.071) 0.051 0.011 0.120 0.012 0.079 
 200   (0.025) 0.004 0.004 0.024 0.004 0.004 
 198   (0.040) 0.016 0.012 0.014 0.158 0.012 
 190   (0.038) 0.007 0.023 0.013 0.086 0.006 
 186   (0.025) 0.005 0.004 0.021 0.007 0.004 

Locus 15 : Scv31 
15 alleles
2.0% missing data
 193   (0.146) 0.209 0.228 0.105 0.098 0.154 
 201   (0.082) 0.048 0.023 0.175 0.023 0.057 
 187   (0.073) 0.126 0.152 0.027 0.015 0.152 
 207   (0.033) 0.047 0.006 0.011 0.006 0.072 
 195   (0.081) 0.062 0.120 0.029 0.145 0.067 
 185   (0.168) 0.176 0.267 0.151 0.176 0.144 
 189   (0.066) 0.069 0.010 0.193 0.012 0.044 
 205   (0.023) 0.004 0.004 0.022 0.005 0.004 
 191   (0.127) 0.189 0.027 0.071 0.428 0.229 
 197   (0.032) 0.012 0.115 0.011 0.006 0.012 
 199   (0.054) 0.011 0.025 0.068 0.062 0.009 
 203   (0.029) 0.005 0.004 0.058 0.005 0.004 
 209   (0.029) 0.007 0.004 0.039 0.006 0.004 
 181   (0.028) 0.029 0.004 0.009 0.005 0.042 
 213   (0.029) 0.007 0.010 0.032 0.009 0.006 

Locus 16 : Scv6 
8 alleles
0.0% missing data
 191   (0.112) 0.099 0.041 0.168 0.022 0.103 
 195   (0.368) 0.525 0.561 0.333 0.282 0.510 
 197   (0.205) 0.250 0.241 0.131 0.286 0.278 
 201   (0.073) 0.020 0.012 0.144 0.083 0.014 
 193   (0.092) 0.020 0.065 0.109 0.196 0.018 
 205   (0.025) 0.004 0.004 0.024 0.004 0.003 
 199   (0.096) 0.077 0.071 0.049 0.122 0.071 
 181   (0.029) 0.005 0.005 0.041 0.005 0.004 

Values of parameters used in structure:
DATAFILE=C:\Users\drenske\Desktop\STRUCTURE\Squirrel_100_ID_16L_20260210\project_data,	OUTFILE=C:\Users\drenske\Desktop\STRUCTURE\Squirrel_100_ID_16L_20260210\10k_Burnin_100k_MCMC\Results\10k_Burnin_100k_MCMC_run_124,	NUMINDS=100,	NUMLOCI=16,	MISSING=-9,	LABEL=1,	POPDATA=1,	POPFLAG=0,	PHENOTYPE=0,	EXTRACOLS=1,	MAXPOPS=5,	BURNIN=10000,	NUMREPS=100000,	USEPOPINFO=0,	INFERALPHA=1,	INFERLAMBDA=1,	POPSPECIFICLAMBDA=0,	POPALPHAS=0,	COMPUTEPROB=1,	NOADMIX=0,	ADMBURNIN=2500,	UPDATEFREQ=1,	PRINTLIKES=0,	INTERMEDSAVE=0,	PRINTKLD=0,	PRINTNET=0,	PRINTLAMBDA=0,	ANCESTDIST=1,	NUMBOXES=1000,	ANCESTPINT=0.90000,	GENSBACK=2,	MIGRPRIOR=0.05000,	PRINTQHAT=1,	PRINTQSUM=0,	ALPHA=1.0000,	FREQSCORR=1,	FPRIORMEAN=0.0100,	FPRIORSD=0.0500,	ONEFST=0,	LAMBDA=1.0000,	UNIFPRIORALPHA=1,	ALPHAMAX=10.0000,	ALPHAPRIORA=1.0000,	ALPHAPRIORB=2.0000,	ALPHAPROPSD=0.0250,	STARTATPOPINFO=0,	RANDOMIZE=1,	LINKAGE=0,	METROFREQ=10,	REPORTHITRATE=0,	MARKOVPHASE=-1,	PHASED=0,	PLOIDY=2,	PHASEINFO=0	LOCPRIOR=0, 	LOCPRIORINIT=1.000000, 	LOCDATA=0, 	LOCISPOP=0, 	LOCPRIORSTEP=0.100000, 	MAXLOCPRIOR=20.000000, 	SEED=1770760274,	
[STRAT parameters]:    NUMSIMSTATS=1000,	PHENOTYPECOL=-9,	POOLFREQ=10,	LOCUSxONLY=0,	EMERROR=0.00100,	MISSINGPHENO=-9,	