          1*  1 0.6774 0.0306 0.0473 0.0919 0.0150 0.0627 0.0465 0.0230 0.0057 
           6  1 0.0073 0.3848 0.1074 0.0862 0.2349 0.0340 0.0607 0.0721 0.0126 
           8  1 0.0170 0.2557 0.0224 0.0121 0.3634 0.0708 0.0123 0.2401 0.0063 
          11  1 0.1269 0.0497 0.1948 0.1012 0.0609 0.2843 0.0113 0.1586 0.0123 
          12  1 0.0183 0.1202 0.1100 0.4593 0.0430 0.0675 0.0083 0.1663 0.0070 
          19  1 0.1460 0.0330 0.2423 0.1215 0.0476 0.3112 0.0275 0.0216 0.0493 
          23  1 0.0090 0.1088 0.1156 0.5103 0.0318 0.0342 0.0239 0.1468 0.0194 
          24  1 0.0219 0.2800 0.1579 0.0819 0.2178 0.1193 0.0096 0.0962 0.0154 
          25  1 0.0098 0.1393 0.1354 0.4439 0.0556 0.0356 0.0115 0.1644 0.0046 
         26*  1 0.0113 0.3347 0.0320 0.0180 0.4533 0.0274 0.0069 0.1116 0.0048 
          28  1 0.0080 0.3330 0.1008 0.0492 0.2574 0.0464 0.0071 0.1923 0.0057 
          29  1 0.0172 0.3651 0.0875 0.0593 0.2977 0.0387 0.0062 0.1200 0.0082 
          30  1 0.0155 0.2377 0.0519 0.0230 0.3364 0.0278 0.2394 0.0621 0.0062 
          33  1 0.8064 0.0086 0.0481 0.0272 0.0090 0.0367 0.0111 0.0078 0.0452 
          37  1 0.9056 0.0108 0.0146 0.0146 0.0100 0.0179 0.0054 0.0132 0.0080 
          38  1 0.9006 0.0116 0.0189 0.0114 0.0129 0.0215 0.0045 0.0146 0.0040 
          44  1 0.0080 0.0896 0.0289 0.0120 0.1542 0.1896 0.0124 0.4992 0.0061 
          48  1 0.9382 0.0074 0.0119 0.0080 0.0069 0.0104 0.0054 0.0074 0.0043 
          55  1 0.0157 0.1775 0.0798 0.0407 0.2795 0.1153 0.0212 0.2588 0.0115 
          60  1 0.0149 0.0932 0.1153 0.5890 0.0174 0.0131 0.0461 0.1042 0.0068 
          61  1 0.0136 0.0394 0.0601 0.0639 0.0349 0.0459 0.0542 0.0260 0.6620 
          62  1 0.0157 0.1056 0.1153 0.1430 0.0621 0.1404 0.0205 0.1448 0.2527 
          65  1 0.6564 0.0087 0.1033 0.0436 0.0214 0.1086 0.0285 0.0118 0.0177 
          73  1 0.0081 0.0213 0.0188 0.0236 0.0132 0.0165 0.8685 0.0220 0.0081 
          75  1 0.0311 0.0156 0.0316 0.0159 0.0249 0.0350 0.0260 0.0139 0.8060 
          76  1 0.0046 0.0071 0.0091 0.0115 0.0063 0.0081 0.0054 0.0075 0.9403 
          78  1 0.0115 0.0087 0.0130 0.0109 0.0095 0.0128 0.0894 0.0120 0.8323 
          79  1 0.0077 0.0057 0.0122 0.0083 0.0060 0.0146 0.0097 0.0075 0.9282 
          84  1 0.0088 0.4092 0.0970 0.0683 0.1830 0.0921 0.0117 0.1149 0.0149 
          85  1 0.0084 0.0227 0.0230 0.0112 0.1255 0.2130 0.0076 0.5786 0.0100 
          86  1 0.0087 0.0944 0.1304 0.0485 0.1677 0.1914 0.0162 0.3260 0.0167 
          89  1 0.0222 0.2811 0.1323 0.1713 0.1180 0.1351 0.0179 0.1059 0.0162 
          94  1 0.2778 0.0658 0.1036 0.2332 0.0377 0.0888 0.0053 0.1811 0.0068 
          95  1 0.0787 0.1378 0.0913 0.0696 0.3391 0.1072 0.0198 0.1463 0.0101 
          98  1 0.0109 0.0417 0.0930 0.1285 0.0317 0.0670 0.3866 0.0293 0.2112 
         102  1 0.2951 0.0192 0.2594 0.1297 0.0212 0.2373 0.0141 0.0131 0.0108 
         106  1 0.0187 0.0194 0.0800 0.0405 0.0270 0.0802 0.0409 0.0400 0.6533 
         108  1 0.1093 0.0261 0.0649 0.0479 0.0176 0.0610 0.3782 0.0178 0.2773 
         109  1 0.0080 0.0111 0.0152 0.0125 0.0104 0.0128 0.8615 0.0075 0.0611 
         112  1 0.0142 0.0558 0.1332 0.2057 0.0554 0.1942 0.0106 0.2806 0.0503 
         115  1 0.1651 0.0343 0.2459 0.1536 0.0474 0.2599 0.0346 0.0371 0.0220 
         117  1 0.0122 0.5167 0.0544 0.0434 0.2460 0.0249 0.0153 0.0716 0.0155 
         140  1 0.0066 0.0150 0.0166 0.0160 0.0084 0.0110 0.9074 0.0071 0.0120 
         147  1 0.0073 0.0062 0.0089 0.0061 0.0077 0.0125 0.1559 0.0137 0.7818 
        162*  1 0.0070 0.3590 0.0557 0.0118 0.3995 0.0309 0.0136 0.1143 0.0081 
         166  1 0.0083 0.0670 0.1018 0.4231 0.0234 0.0186 0.2788 0.0626 0.0165 
         177  1 0.0070 0.0107 0.0149 0.0101 0.0153 0.0151 0.0057 0.0094 0.9118 
         178  1 0.0065 0.0174 0.0157 0.0165 0.0143 0.0120 0.0082 0.0128 0.8966 
         189  1 0.0079 0.0227 0.0096 0.0087 0.1396 0.2039 0.0042 0.5974 0.0060 
         190  1 0.0112 0.3618 0.0717 0.0263 0.3575 0.0316 0.0097 0.1227 0.0075 
         202  1 0.0169 0.1725 0.1754 0.2127 0.1667 0.1290 0.0145 0.1059 0.0065 
         211  1 0.0164 0.0745 0.1094 0.4199 0.0198 0.0390 0.0974 0.1049 0.1188 
         216  1 0.0066 0.0196 0.0335 0.0937 0.0079 0.0159 0.6363 0.0197 0.1667 
         222  1 0.0162 0.0067 0.0292 0.0165 0.0258 0.0969 0.5933 0.1822 0.0333 
         224  1 0.0109 0.0360 0.0227 0.0121 0.1294 0.1967 0.0115 0.5706 0.0099 
         229  1 0.0109 0.4011 0.0640 0.0325 0.2716 0.0757 0.0126 0.1074 0.0242 
         230  1 0.0075 0.2848 0.0206 0.0163 0.5552 0.0242 0.0130 0.0665 0.0121 
         232  1 0.0142 0.1738 0.1596 0.1447 0.1481 0.1446 0.0288 0.1469 0.0393 
         238  1 0.1956 0.0224 0.2560 0.0844 0.0565 0.2849 0.0187 0.0244 0.0572 
         242  1 0.9168 0.0062 0.0179 0.0101 0.0068 0.0187 0.0091 0.0087 0.0059 
         243  1 0.3575 0.0249 0.1819 0.1063 0.0368 0.1974 0.0495 0.0185 0.0271 
         244  1 0.1977 0.0131 0.2607 0.1126 0.0282 0.2980 0.0073 0.0124 0.0700 
         251  1 0.1477 0.0634 0.2608 0.1228 0.0457 0.2856 0.0120 0.0412 0.0208 
         266  1 0.0328 0.0349 0.2785 0.1392 0.0364 0.2668 0.0186 0.0148 0.1779 
         267  1 0.0133 0.0177 0.0138 0.0170 0.0186 0.0133 0.8838 0.0112 0.0113 
         268  1 0.0070 0.0214 0.0252 0.0337 0.0111 0.0170 0.0343 0.0124 0.8379 
         270  1 0.0303 0.2019 0.0542 0.0193 0.2659 0.1091 0.0129 0.2969 0.0096 
         276  1 0.0129 0.2373 0.0924 0.0657 0.2202 0.0984 0.0507 0.1961 0.0263 
         298  1 0.0114 0.0177 0.0271 0.0236 0.0117 0.0180 0.1287 0.0138 0.7482 
         306  1 0.0184 0.0795 0.1366 0.4922 0.0253 0.0426 0.0856 0.0905 0.0293 
         308  1 0.0299 0.0157 0.0414 0.0419 0.0127 0.0377 0.0403 0.0301 0.7503 
         311  1 0.0488 0.0358 0.1627 0.0977 0.0492 0.1848 0.3592 0.0394 0.0224 
         327  1 0.0111 0.3088 0.1116 0.0523 0.2836 0.0553 0.0246 0.1466 0.0061 
         338  1 0.0118 0.0431 0.0847 0.0775 0.0343 0.0765 0.5795 0.0443 0.0483 
         346  1 0.0077 0.0868 0.1080 0.5408 0.0315 0.0179 0.0200 0.0971 0.0902 
         348  1 0.0207 0.0119 0.0275 0.0161 0.0121 0.0301 0.1995 0.0155 0.6666 
         351  1 0.3440 0.0469 0.1879 0.1173 0.0326 0.2013 0.0107 0.0469 0.0123 
         362  1 0.0063 0.3510 0.0291 0.0096 0.4982 0.0085 0.0082 0.0837 0.0054 
         364  1 0.8454 0.0115 0.0324 0.0306 0.0101 0.0359 0.0107 0.0131 0.0103 
         366  1 0.7055 0.0288 0.0649 0.0557 0.0290 0.0594 0.0323 0.0160 0.0085 
         376  1 0.0150 0.4046 0.1047 0.0734 0.2449 0.0539 0.0108 0.0807 0.0121 
         388  1 0.0090 0.0098 0.0117 0.0166 0.0080 0.0118 0.9155 0.0091 0.0085 
         391  1 0.0106 0.1033 0.1251 0.5022 0.0288 0.0446 0.0418 0.1325 0.0111 
         396  1 0.0092 0.1286 0.0810 0.0621 0.1238 0.1927 0.0235 0.3664 0.0127 
         400  1 0.1592 0.0414 0.1034 0.0691 0.0956 0.1876 0.0120 0.3229 0.0088 
         401  1 0.0585 0.1861 0.1473 0.0612 0.2845 0.1362 0.0128 0.0379 0.0754 
         406  1 0.0300 0.0629 0.0917 0.2391 0.0328 0.0620 0.4040 0.0617 0.0158 
         413  1 0.0230 0.0361 0.1481 0.0786 0.0535 0.2000 0.0308 0.1228 0.3069 
         421  1 0.0074 0.0379 0.0331 0.0280 0.0707 0.2212 0.0142 0.5757 0.0117 
         423  1 0.0109 0.0137 0.0229 0.0098 0.0758 0.2271 0.0152 0.6177 0.0069 
         435  1 0.0060 0.0123 0.0220 0.0457 0.0109 0.0230 0.0220 0.0430 0.8151 
         476  1 0.0229 0.2292 0.0943 0.0432 0.3962 0.0812 0.0097 0.1142 0.0092 
         484  1 0.0069 0.0182 0.0258 0.0428 0.0118 0.0133 0.7887 0.0112 0.0814 
         489  1 0.0093 0.0342 0.0783 0.1805 0.0452 0.1694 0.0461 0.4201 0.0169 
         492  1 0.1012 0.0711 0.2639 0.1107 0.0580 0.3310 0.0245 0.0236 0.0159 
         493  1 0.8716 0.0125 0.0228 0.0146 0.0247 0.0244 0.0085 0.0144 0.0064 
         494  1 0.6271 0.0158 0.1053 0.0673 0.0211 0.1023 0.0049 0.0498 0.0065 
         500  1 0.0065 0.2890 0.0112 0.0103 0.5768 0.0120 0.0047 0.0860 0.0035 
         504  1 0.0147 0.0263 0.0366 0.0238 0.0240 0.0346 0.7813 0.0169 0.0418 
         506  1 0.0067 0.0174 0.0084 0.0074 0.0214 0.0075 0.9150 0.0102 0.0059 
