

----------------------------------------------------
STRUCTURE by Pritchard, Stephens and Donnelly (2000)
     and Falush, Stephens and Pritchard (2003)
       Code by Pritchard, Falush and Hubisz
             Version 2.3.4 (Jul 2012)
----------------------------------------------------



Command line arguments:   bin\structure -m C:\Users\drenske\Desktop\STRUCTURE\Squirrel_100_ID_16L_20260210\10k_Burnin_100k_MCMC\mainparams -e C:\Users\drenske\Desktop\STRUCTURE\Squirrel_100_ID_16L_20260210\10k_Burnin_100k_MCMC\extraparams 
Input File:    C:\Users\drenske\Desktop\STRUCTURE\Squirrel_100_ID_16L_20260210\project_data

Run parameters:
   100 individuals
   16 loci
   10 populations assumed
   10000 Burn-in period
   100000 Reps


--------------------------------------------
Proportion of membership of each pre-defined
 population in each of the 10 clusters

Given    Inferred Clusters                                                        Number of
 Pop       1      2      3      4      5      6      7      8      9     10      Individuals

  1:     0.094  0.085  0.130  0.090  0.091  0.082  0.103  0.127  0.104  0.095      100
--------------------------------------------

Allele-freq. divergence among pops (Net nucleotide distance),
computed using point estimates of P.

      1       2       3       4       5       6       7       8       9      10      
 1      -    0.0022  0.0477  0.0147  0.0056  0.0042  0.0044  0.0468  0.0106  0.0049  
 2   0.0022     -    0.0453  0.0178  0.0061  0.0051  0.0074  0.0450  0.0137  0.0072  
 3   0.0477  0.0453     -    0.0524  0.0434  0.0359  0.0582  0.0696  0.0637  0.0441  
 4   0.0147  0.0178  0.0524     -    0.0214  0.0154  0.0300  0.0482  0.0365  0.0126  
 5   0.0056  0.0061  0.0434  0.0214     -    0.0034  0.0076  0.0448  0.0184  0.0045  
 6   0.0042  0.0051  0.0359  0.0154  0.0034     -    0.0080  0.0393  0.0124  0.0018  
 7   0.0044  0.0074  0.0582  0.0300  0.0076  0.0080     -    0.0556  0.0053  0.0087  
 8   0.0468  0.0450  0.0696  0.0482  0.0448  0.0393  0.0556     -    0.0641  0.0452  
 9   0.0106  0.0137  0.0637  0.0365  0.0184  0.0124  0.0053  0.0641     -    0.0126  
10   0.0049  0.0072  0.0441  0.0126  0.0045  0.0018  0.0087  0.0452  0.0126     -    

Average distances (expected heterozygosity) between individuals in same cluster:
cluster  1  : 0.6126 
cluster  2  : 0.6127 
cluster  3  : 0.6069 
cluster  4  : 0.5914 
cluster  5  : 0.6180 
cluster  6  : 0.6494 
cluster  7  : 0.6110 
cluster  8  : 0.5530 
cluster  9  : 0.6182 
cluster 10  : 0.6303 

--------------------------------------------
Estimated Ln Prob of Data   = -3983.8
Mean value of ln likelihood = -3544.4
Variance of ln likelihood   = 878.8
Mean value of alpha         = 0.0451

Mean value of lambda        = 0.9762

Mean value of Fst_1         = 0.1645
Mean value of Fst_2         = 0.1541
Mean value of Fst_3         = 0.1795
Mean value of Fst_4         = 0.1858
Mean value of Fst_5         = 0.1694
Mean value of Fst_6         = 0.0461
Mean value of Fst_7         = 0.1872
Mean value of Fst_8         = 0.2023
Mean value of Fst_9         = 0.1691
Mean value of Fst_10         = 0.1588


Inferred ancestry of individuals:
        Label (%Miss) Pop:  Inferred clusters (and 90% probability intervals)
  1       1*    (0)    1 :  0.057 0.039 0.005 0.113 0.030 0.053 0.148 0.035 0.358 0.164     (0.000,0.428) (0.000,0.231) (0.000,0.028) (0.000,0.547) (0.000,0.141) (0.000,0.400) (0.000,0.912) (0.000,0.249) (0.000,0.990) (0.000,0.887) 
  2        6    (0)    1 :  0.173 0.365 0.010 0.068 0.125 0.020 0.090 0.055 0.055 0.039     (0.000,0.981) (0.000,0.999) (0.000,0.055) (0.000,0.574) (0.000,0.968) (0.000,0.111) (0.000,0.814) (0.000,0.412) (0.000,0.484) (0.000,0.242) 
  3        8    (0)    1 :  0.159 0.098 0.005 0.018 0.118 0.039 0.302 0.014 0.185 0.062     (0.000,0.934) (0.000,0.757) (0.000,0.028) (0.000,0.074) (0.000,0.659) (0.000,0.297) (0.000,0.969) (0.000,0.093) (0.000,0.906) (0.000,0.449) 
  4       11    (0)    1 :  0.108 0.135 0.011 0.071 0.220 0.196 0.084 0.011 0.073 0.091     (0.000,0.898) (0.000,0.965) (0.000,0.061) (0.000,0.598) (0.000,0.985) (0.000,0.981) (0.000,0.659) (0.000,0.063) (0.000,0.576) (0.000,0.753) 
  5       12    (0)    1 :  0.182 0.055 0.008 0.330 0.078 0.070 0.044 0.008 0.039 0.187     (0.000,0.985) (0.000,0.413) (0.000,0.039) (0.000,0.996) (0.000,0.791) (0.000,0.749) (0.000,0.279) (0.000,0.046) (0.000,0.272) (0.000,0.983) 
  6       19    (0)    1 :  0.122 0.109 0.037 0.050 0.074 0.373 0.049 0.024 0.082 0.079     (0.000,0.937) (0.000,0.914) (0.000,0.262) (0.000,0.400) (0.000,0.703) (0.000,0.998) (0.000,0.338) (0.000,0.166) (0.000,0.673) (0.000,0.753) 
  7       23    (6)    1 :  0.150 0.059 0.022 0.439 0.045 0.051 0.023 0.025 0.024 0.162     (0.000,0.950) (0.000,0.422) (0.000,0.157) (0.000,0.998) (0.000,0.308) (0.000,0.405) (0.000,0.161) (0.000,0.172) (0.000,0.167) (0.000,0.964) 
  8       24    (6)    1 :  0.193 0.170 0.014 0.061 0.094 0.124 0.197 0.010 0.087 0.051     (0.000,0.971) (0.000,0.960) (0.000,0.093) (0.000,0.499) (0.000,0.847) (0.000,0.907) (0.000,0.979) (0.000,0.059) (0.000,0.745) (0.000,0.390) 
  9       25    (6)    1 :  0.148 0.109 0.005 0.397 0.060 0.056 0.044 0.009 0.017 0.155     (0.000,0.838) (0.000,0.628) (0.000,0.027) (0.000,0.980) (0.000,0.409) (0.000,0.421) (0.000,0.305) (0.000,0.050) (0.000,0.107) (0.000,0.894) 
 10      26*    (0)    1 :  0.183 0.157 0.005 0.025 0.058 0.028 0.303 0.007 0.207 0.026     (0.000,0.974) (0.000,0.913) (0.000,0.028) (0.000,0.120) (0.000,0.398) (0.000,0.182) (0.000,0.991) (0.000,0.039) (0.000,0.968) (0.000,0.175) 
 11       28    (0)    1 :  0.164 0.278 0.005 0.027 0.133 0.039 0.216 0.007 0.066 0.065     (0.000,0.984) (0.000,0.996) (0.000,0.029) (0.000,0.163) (0.000,0.944) (0.000,0.219) (0.000,0.990) (0.000,0.036) (0.000,0.691) (0.000,0.575) 
 12       29    (0)    1 :  0.191 0.118 0.008 0.067 0.077 0.047 0.263 0.006 0.174 0.050     (0.000,0.987) (0.000,0.895) (0.000,0.044) (0.000,0.585) (0.000,0.646) (0.000,0.345) (0.000,0.994) (0.000,0.033) (0.000,0.973) (0.000,0.388) 
 13       30    (0)    1 :  0.136 0.123 0.006 0.032 0.053 0.034 0.201 0.218 0.163 0.032     (0.000,0.852) (0.000,0.823) (0.000,0.032) (0.000,0.207) (0.000,0.430) (0.000,0.212) (0.000,0.941) (0.000,0.703) (0.000,0.868) (0.000,0.214) 
 14       33    (0)    1 :  0.044 0.042 0.038 0.039 0.021 0.066 0.159 0.011 0.426 0.154     (0.000,0.226) (0.000,0.233) (0.000,0.252) (0.000,0.221) (0.000,0.076) (0.000,0.626) (0.000,0.982) (0.000,0.067) (0.000,0.999) (0.000,0.969) 
 15       37    (0)    1 :  0.018 0.014 0.008 0.015 0.013 0.021 0.203 0.005 0.466 0.237     (0.000,0.100) (0.000,0.084) (0.000,0.050) (0.000,0.089) (0.000,0.073) (0.000,0.110) (0.000,0.994) (0.000,0.029) (0.000,1.000) (0.000,0.996) 
 16       38    (0)    1 :  0.031 0.018 0.004 0.015 0.026 0.030 0.186 0.005 0.446 0.239     (0.000,0.158) (0.000,0.097) (0.000,0.022) (0.000,0.060) (0.000,0.135) (0.000,0.191) (0.000,0.992) (0.000,0.027) (0.000,1.000) (0.000,0.996) 
 17       44    (0)    1 :  0.114 0.118 0.006 0.009 0.283 0.077 0.189 0.013 0.034 0.157     (0.000,0.815) (0.000,0.732) (0.000,0.030) (0.000,0.051) (0.000,0.996) (0.000,0.800) (0.000,0.984) (0.000,0.083) (0.000,0.227) (0.000,0.979) 
 18       48    (0)    1 :  0.009 0.009 0.004 0.008 0.013 0.013 0.225 0.006 0.491 0.221     (0.000,0.049) (0.000,0.051) (0.000,0.023) (0.000,0.036) (0.000,0.057) (0.000,0.072) (0.000,0.998) (0.000,0.033) (0.000,1.000) (0.000,0.997) 
 19       55    (0)    1 :  0.148 0.221 0.011 0.035 0.173 0.088 0.138 0.020 0.072 0.095     (0.000,0.841) (0.000,0.948) (0.000,0.066) (0.000,0.244) (0.000,0.867) (0.000,0.660) (0.000,0.824) (0.000,0.148) (0.000,0.540) (0.000,0.681) 
 20       60    (0)    1 :  0.091 0.012 0.007 0.641 0.009 0.015 0.008 0.023 0.010 0.185     (0.000,0.952) (0.000,0.068) (0.000,0.035) (0.000,1.000) (0.000,0.048) (0.000,0.069) (0.000,0.043) (0.000,0.126) (0.000,0.060) (0.000,0.993) 
 21       61    (0)    1 :  0.038 0.048 0.618 0.086 0.038 0.043 0.015 0.053 0.016 0.044     (0.000,0.274) (0.000,0.351) (0.000,0.998) (0.000,0.552) (0.000,0.256) (0.000,0.297) (0.000,0.098) (0.000,0.371) (0.000,0.100) (0.000,0.323) 
 22       62    (0)    1 :  0.097 0.136 0.176 0.098 0.214 0.085 0.054 0.022 0.025 0.093     (0.000,0.804) (0.000,0.935) (0.000,0.958) (0.000,0.755) (0.000,0.976) (0.000,0.740) (0.000,0.413) (0.000,0.143) (0.000,0.124) (0.000,0.767) 
 23       65    (0)    1 :  0.061 0.037 0.019 0.026 0.027 0.117 0.158 0.029 0.366 0.159     (0.000,0.598) (0.000,0.214) (0.000,0.132) (0.000,0.123) (0.000,0.135) (0.000,0.906) (0.000,0.970) (0.000,0.209) (0.000,0.997) (0.000,0.966) 
 24       73    (0)    1 :  0.017 0.019 0.009 0.026 0.021 0.017 0.018 0.837 0.009 0.028     (0.000,0.110) (0.000,0.129) (0.000,0.046) (0.000,0.181) (0.000,0.144) (0.000,0.113) (0.000,0.115) (0.447,1.000) (0.000,0.051) (0.000,0.159) 
 25       75    (0)    1 :  0.026 0.028 0.756 0.016 0.023 0.047 0.022 0.037 0.028 0.018     (0.000,0.186) (0.000,0.190) (0.348,0.999) (0.000,0.082) (0.000,0.161) (0.000,0.341) (0.000,0.154) (0.000,0.264) (0.000,0.207) (0.000,0.117) 
 26       76    (0)    1 :  0.008 0.007 0.936 0.010 0.007 0.008 0.005 0.005 0.005 0.008     (0.000,0.043) (0.000,0.040) (0.742,1.000) (0.000,0.063) (0.000,0.041) (0.000,0.043) (0.000,0.029) (0.000,0.030) (0.000,0.028) (0.000,0.043) 
 27       78    (0)    1 :  0.011 0.014 0.709 0.013 0.021 0.016 0.014 0.178 0.012 0.015     (0.000,0.061) (0.000,0.084) (0.000,1.000) (0.000,0.079) (0.000,0.112) (0.000,0.087) (0.000,0.082) (0.000,0.922) (0.000,0.070) (0.000,0.089) 
 28       79    (0)    1 :  0.008 0.009 0.914 0.008 0.012 0.015 0.007 0.011 0.006 0.010     (0.000,0.046) (0.000,0.049) (0.670,1.000) (0.000,0.043) (0.000,0.073) (0.000,0.100) (0.000,0.039) (0.000,0.070) (0.000,0.034) (0.000,0.059) 
 29       84    (0)    1 :  0.167 0.339 0.015 0.033 0.189 0.055 0.102 0.011 0.032 0.058     (0.000,0.965) (0.000,0.996) (0.000,0.093) (0.000,0.225) (0.000,0.983) (0.000,0.421) (0.000,0.820) (0.000,0.064) (0.000,0.192) (0.000,0.457) 
 30       85    (0)    1 :  0.105 0.047 0.008 0.009 0.350 0.087 0.184 0.008 0.014 0.188     (0.000,0.939) (0.000,0.310) (0.000,0.046) (0.000,0.043) (0.000,0.999) (0.000,0.908) (0.000,0.991) (0.000,0.048) (0.000,0.084) (0.000,0.993) 
 31       86    (0)    1 :  0.138 0.103 0.017 0.023 0.240 0.140 0.148 0.014 0.050 0.126     (0.000,0.885) (0.000,0.746) (0.000,0.104) (0.000,0.118) (0.000,0.962) (0.000,0.903) (0.000,0.888) (0.000,0.090) (0.000,0.367) (0.000,0.869) 
 32       89    (0)    1 :  0.160 0.260 0.015 0.120 0.182 0.088 0.047 0.016 0.028 0.085     (0.000,0.955) (0.000,0.989) (0.000,0.085) (0.000,0.841) (0.000,0.973) (0.000,0.766) (0.000,0.330) (0.000,0.094) (0.000,0.165) (0.000,0.652) 
 33       94    (0)    1 :  0.133 0.050 0.006 0.177 0.091 0.087 0.101 0.005 0.080 0.269     (0.000,0.947) (0.000,0.349) (0.000,0.033) (0.000,0.979) (0.000,0.877) (0.000,0.891) (0.000,0.834) (0.000,0.026) (0.000,0.631) (0.000,0.996) 
 34       95    (0)    1 :  0.160 0.109 0.010 0.085 0.119 0.076 0.161 0.014 0.158 0.109     (0.000,0.965) (0.000,0.871) (0.000,0.052) (0.000,0.601) (0.000,0.890) (0.000,0.691) (0.000,0.928) (0.000,0.081) (0.000,0.927) (0.000,0.809) 
 35       98    (0)    1 :  0.052 0.045 0.206 0.164 0.040 0.060 0.017 0.338 0.013 0.065     (0.000,0.407) (0.000,0.326) (0.000,0.851) (0.000,0.862) (0.000,0.269) (0.000,0.477) (0.000,0.089) (0.000,0.991) (0.000,0.068) (0.000,0.545) 
 36      102    (0)    1 :  0.101 0.079 0.010 0.049 0.047 0.366 0.079 0.014 0.122 0.134     (0.000,0.890) (0.000,0.697) (0.000,0.062) (0.000,0.331) (0.000,0.329) (0.000,0.998) (0.000,0.693) (0.000,0.096) (0.000,0.819) (0.000,0.883) 
 37      106    (0)    1 :  0.050 0.081 0.509 0.027 0.075 0.130 0.025 0.049 0.020 0.033     (0.000,0.350) (0.000,0.677) (0.000,0.998) (0.000,0.149) (0.000,0.563) (0.000,0.927) (0.000,0.163) (0.000,0.380) (0.000,0.106) (0.000,0.224) 
 38      108    (0)    1 :  0.037 0.034 0.214 0.050 0.034 0.076 0.033 0.399 0.065 0.059     (0.000,0.264) (0.000,0.226) (0.000,0.913) (0.000,0.346) (0.000,0.236) (0.000,0.540) (0.000,0.243) (0.000,0.968) (0.000,0.426) (0.000,0.411) 
 39      109    (0)    1 :  0.012 0.012 0.057 0.012 0.010 0.014 0.009 0.852 0.008 0.011     (0.000,0.072) (0.000,0.072) (0.000,0.332) (0.000,0.078) (0.000,0.052) (0.000,0.087) (0.000,0.052) (0.507,1.000) (0.000,0.048) (0.000,0.067) 
 40      112    (0)    1 :  0.085 0.071 0.061 0.196 0.198 0.119 0.094 0.010 0.029 0.138     (0.000,0.602) (0.000,0.557) (0.000,0.473) (0.000,0.835) (0.000,0.932) (0.000,0.828) (0.000,0.672) (0.000,0.058) (0.000,0.179) (0.000,0.763) 
 41      115    (0)    1 :  0.134 0.149 0.017 0.068 0.122 0.258 0.054 0.033 0.081 0.085     (0.000,0.949) (0.000,0.971) (0.000,0.104) (0.000,0.579) (0.000,0.942) (0.000,0.994) (0.000,0.424) (0.000,0.245) (0.000,0.692) (0.000,0.738) 
 42      117    (0)    1 :  0.154 0.314 0.016 0.029 0.129 0.023 0.186 0.015 0.107 0.026     (0.000,0.976) (0.000,0.997) (0.000,0.107) (0.000,0.186) (0.000,0.963) (0.000,0.121) (0.000,0.987) (0.000,0.084) (0.000,0.920) (0.000,0.135) 
 43      140    (0)    1 :  0.015 0.012 0.013 0.024 0.019 0.010 0.009 0.859 0.013 0.027     (0.000,0.064) (0.000,0.060) (0.000,0.083) (0.000,0.105) (0.000,0.062) (0.000,0.048) (0.000,0.044) (0.018,1.000) (0.000,0.046) (0.000,0.086) 
 44      147    (0)    1 :  0.008 0.010 0.621 0.006 0.023 0.012 0.013 0.290 0.008 0.009     (0.000,0.044) (0.000,0.052) (0.000,1.000) (0.000,0.033) (0.000,0.114) (0.000,0.070) (0.000,0.063) (0.000,0.997) (0.000,0.043) (0.000,0.049) 
 45     162*    (0)    1 :  0.195 0.094 0.008 0.023 0.088 0.019 0.285 0.014 0.234 0.040     (0.000,0.990) (0.000,0.831) (0.000,0.044) (0.000,0.082) (0.000,0.721) (0.000,0.111) (0.000,0.995) (0.000,0.088) (0.000,0.989) (0.000,0.253) 
 46      166    (0)    1 :  0.079 0.017 0.015 0.557 0.016 0.013 0.010 0.122 0.010 0.160     (0.000,0.854) (0.000,0.104) (0.000,0.095) (0.000,1.000) (0.000,0.081) (0.000,0.067) (0.000,0.062) (0.000,0.903) (0.000,0.050) (0.000,0.987) 
 47      177    (0)    1 :  0.010 0.015 0.905 0.010 0.012 0.014 0.009 0.006 0.009 0.009     (0.000,0.062) (0.000,0.073) (0.645,1.000) (0.000,0.059) (0.000,0.076) (0.000,0.078) (0.000,0.059) (0.000,0.032) (0.000,0.052) (0.000,0.052) 
 48      178    (0)    1 :  0.017 0.018 0.870 0.017 0.014 0.016 0.011 0.013 0.009 0.014     (0.000,0.108) (0.000,0.119) (0.522,1.000) (0.000,0.114) (0.000,0.081) (0.000,0.089) (0.000,0.065) (0.000,0.077) (0.000,0.055) (0.000,0.081) 
 49      189    (0)    1 :  0.096 0.038 0.006 0.009 0.358 0.084 0.193 0.004 0.019 0.193     (0.000,0.945) (0.000,0.198) (0.000,0.035) (0.000,0.045) (0.000,0.999) (0.000,0.937) (0.000,0.993) (0.000,0.023) (0.000,0.122) (0.000,0.994) 
 50      190    (0)    1 :  0.192 0.157 0.009 0.036 0.083 0.030 0.283 0.010 0.158 0.042     (0.000,0.989) (0.000,0.952) (0.000,0.050) (0.000,0.199) (0.000,0.687) (0.000,0.190) (0.000,0.993) (0.000,0.057) (0.000,0.959) (0.000,0.278) 
 51      202    (0)    1 :  0.168 0.087 0.007 0.163 0.069 0.184 0.089 0.014 0.120 0.099     (0.000,0.841) (0.000,0.621) (0.000,0.036) (0.000,0.775) (0.000,0.528) (0.000,0.957) (0.000,0.618) (0.000,0.089) (0.000,0.678) (0.000,0.686) 
 52      211    (0)    1 :  0.101 0.025 0.105 0.416 0.022 0.068 0.018 0.080 0.016 0.149     (0.000,0.801) (0.000,0.137) (0.000,0.415) (0.000,0.985) (0.000,0.106) (0.000,0.573) (0.000,0.114) (0.000,0.598) (0.000,0.102) (0.000,0.905) 
 53      216    (0)    1 :  0.031 0.014 0.173 0.131 0.014 0.018 0.008 0.549 0.007 0.053     (0.000,0.213) (0.000,0.071) (0.000,0.686) (0.000,0.677) (0.000,0.074) (0.000,0.108) (0.000,0.043) (0.000,0.999) (0.000,0.035) (0.000,0.453) 
 54      222    (0)    1 :  0.020 0.029 0.027 0.011 0.112 0.041 0.069 0.634 0.011 0.045     (0.000,0.099) (0.000,0.147) (0.000,0.183) (0.000,0.047) (0.000,0.677) (0.000,0.303) (0.000,0.551) (0.000,1.000) (0.000,0.056) (0.000,0.374) 
 55      224    (0)    1 :  0.096 0.061 0.008 0.013 0.320 0.088 0.198 0.012 0.024 0.180     (0.000,0.850) (0.000,0.466) (0.000,0.048) (0.000,0.069) (0.000,0.997) (0.000,0.884) (0.000,0.987) (0.000,0.073) (0.000,0.148) (0.000,0.986) 
 56      229    (0)    1 :  0.158 0.161 0.022 0.027 0.125 0.052 0.249 0.012 0.156 0.037     (0.000,0.939) (0.000,0.939) (0.000,0.156) (0.000,0.130) (0.000,0.803) (0.000,0.398) (0.000,0.986) (0.000,0.073) (0.000,0.911) (0.000,0.248) 
 57      230    (0)    1 :  0.221 0.079 0.013 0.018 0.069 0.021 0.230 0.014 0.312 0.022     (0.000,0.993) (0.000,0.807) (0.000,0.089) (0.000,0.068) (0.000,0.746) (0.000,0.129) (0.000,0.992) (0.000,0.097) (0.000,0.997) (0.000,0.120) 
 58      232    (0)    1 :  0.147 0.119 0.042 0.110 0.143 0.132 0.093 0.031 0.079 0.103     (0.000,0.809) (0.000,0.741) (0.000,0.305) (0.000,0.704) (0.000,0.814) (0.000,0.868) (0.000,0.636) (0.000,0.230) (0.000,0.577) (0.000,0.714) 
 59      238    (0)    1 :  0.076 0.066 0.058 0.049 0.056 0.381 0.084 0.017 0.113 0.100     (0.000,0.619) (0.000,0.621) (0.000,0.388) (0.000,0.328) (0.000,0.429) (0.000,0.998) (0.000,0.632) (0.000,0.110) (0.000,0.703) (0.000,0.802) 
 60      242    (0)    1 :  0.030 0.027 0.005 0.025 0.026 0.045 0.183 0.009 0.480 0.170     (0.000,0.095) (0.000,0.090) (0.000,0.028) (0.000,0.077) (0.000,0.097) (0.000,0.242) (0.000,0.995) (0.000,0.057) (0.000,1.000) (0.000,0.992) 
 61      243    (0)    1 :  0.090 0.071 0.027 0.065 0.048 0.259 0.069 0.043 0.196 0.132     (0.000,0.820) (0.000,0.629) (0.000,0.201) (0.000,0.464) (0.000,0.323) (0.000,0.994) (0.000,0.612) (0.000,0.312) (0.000,0.915) (0.000,0.858) 
 62      244    (0)    1 :  0.092 0.097 0.071 0.057 0.047 0.342 0.068 0.007 0.116 0.102     (0.000,0.877) (0.000,0.884) (0.000,0.430) (0.000,0.457) (0.000,0.315) (0.000,0.998) (0.000,0.636) (0.000,0.043) (0.000,0.786) (0.000,0.815) 
 63      251    (0)    1 :  0.127 0.120 0.016 0.076 0.115 0.298 0.057 0.012 0.079 0.101     (0.000,0.921) (0.000,0.926) (0.000,0.091) (0.000,0.720) (0.000,0.883) (0.000,0.994) (0.000,0.426) (0.000,0.064) (0.000,0.616) (0.000,0.803) 
 64      266    (0)    1 :  0.079 0.081 0.216 0.116 0.049 0.296 0.036 0.017 0.034 0.076     (0.000,0.641) (0.000,0.663) (0.000,0.751) (0.000,0.722) (0.000,0.369) (0.000,0.993) (0.000,0.220) (0.000,0.111) (0.000,0.241) (0.000,0.588) 
 65      267    (0)    1 :  0.016 0.013 0.010 0.019 0.010 0.015 0.016 0.867 0.020 0.013     (0.000,0.105) (0.000,0.080) (0.000,0.061) (0.000,0.127) (0.000,0.059) (0.000,0.089) (0.000,0.110) (0.533,1.000) (0.000,0.141) (0.000,0.084) 
 66      268    (0)    1 :  0.016 0.025 0.774 0.038 0.020 0.015 0.010 0.069 0.007 0.025     (0.000,0.097) (0.000,0.176) (0.098,1.000) (0.000,0.284) (0.000,0.101) (0.000,0.088) (0.000,0.052) (0.000,0.563) (0.000,0.037) (0.000,0.158) 
 67      270    (0)    1 :  0.143 0.131 0.009 0.021 0.169 0.065 0.249 0.011 0.094 0.109     (0.000,0.908) (0.000,0.854) (0.000,0.053) (0.000,0.098) (0.000,0.891) (0.000,0.532) (0.000,0.968) (0.000,0.063) (0.000,0.652) (0.000,0.739) 
 68      276    (0)    1 :  0.155 0.285 0.026 0.043 0.160 0.052 0.093 0.046 0.053 0.087     (0.000,0.948) (0.000,0.991) (0.000,0.188) (0.000,0.301) (0.000,0.956) (0.000,0.377) (0.000,0.799) (0.000,0.332) (0.000,0.415) (0.000,0.778) 
 69      298    (6)    1 :  0.017 0.021 0.636 0.027 0.026 0.019 0.012 0.209 0.010 0.024     (0.000,0.109) (0.000,0.134) (0.000,1.000) (0.000,0.188) (0.000,0.153) (0.000,0.117) (0.000,0.063) (0.000,0.950) (0.000,0.058) (0.000,0.131) 
 70      306    (0)    1 :  0.092 0.029 0.019 0.531 0.040 0.043 0.014 0.050 0.013 0.168     (0.000,0.798) (0.000,0.203) (0.000,0.134) (0.000,0.998) (0.000,0.284) (0.000,0.296) (0.000,0.084) (0.000,0.342) (0.000,0.078) (0.000,0.960) 
 71      308    (0)    1 :  0.031 0.022 0.675 0.042 0.031 0.051 0.019 0.073 0.022 0.034     (0.000,0.226) (0.000,0.137) (0.000,0.999) (0.000,0.307) (0.000,0.209) (0.000,0.373) (0.000,0.122) (0.000,0.507) (0.000,0.155) (0.000,0.251) 
 72      311    (6)    1 :  0.085 0.086 0.019 0.057 0.085 0.185 0.044 0.314 0.044 0.082     (0.000,0.696) (0.000,0.708) (0.000,0.115) (0.000,0.426) (0.000,0.660) (0.000,0.967) (0.000,0.308) (0.000,0.954) (0.000,0.299) (0.000,0.637) 
 73      327    (0)    1 :  0.191 0.161 0.006 0.052 0.117 0.063 0.220 0.025 0.104 0.061     (0.000,0.978) (0.000,0.939) (0.000,0.033) (0.000,0.393) (0.000,0.796) (0.000,0.507) (0.000,0.983) (0.000,0.188) (0.000,0.803) (0.000,0.484) 
 74      338    (0)    1 :  0.057 0.070 0.033 0.066 0.066 0.068 0.022 0.541 0.015 0.061     (0.000,0.429) (0.000,0.531) (0.000,0.243) (0.000,0.492) (0.000,0.482) (0.000,0.552) (0.000,0.131) (0.000,0.999) (0.000,0.086) (0.000,0.481) 
 75      346    (0)    1 :  0.088 0.017 0.099 0.564 0.014 0.025 0.010 0.013 0.009 0.159     (0.000,0.903) (0.000,0.093) (0.000,0.609) (0.000,1.000) (0.000,0.064) (0.000,0.130) (0.000,0.052) (0.000,0.073) (0.000,0.051) (0.000,0.983) 
 76      348    (0)    1 :  0.024 0.025 0.526 0.014 0.043 0.031 0.016 0.281 0.016 0.025     (0.000,0.147) (0.000,0.159) (0.000,0.999) (0.000,0.071) (0.000,0.317) (0.000,0.204) (0.000,0.093) (0.000,0.989) (0.000,0.093) (0.000,0.153) 
 77      351    (0)    1 :  0.092 0.132 0.010 0.135 0.117 0.151 0.077 0.009 0.146 0.132     (0.000,0.824) (0.000,0.948) (0.000,0.057) (0.000,0.888) (0.000,0.916) (0.000,0.951) (0.000,0.674) (0.000,0.053) (0.000,0.933) (0.000,0.892) 
 78      362    (0)    1 :  0.190 0.083 0.006 0.023 0.024 0.009 0.349 0.009 0.294 0.013     (0.000,0.994) (0.000,0.872) (0.000,0.030) (0.000,0.087) (0.000,0.112) (0.000,0.050) (0.000,0.999) (0.000,0.050) (0.000,0.999) (0.000,0.064) 
 79      364    (0)    1 :  0.041 0.028 0.010 0.031 0.031 0.046 0.179 0.009 0.431 0.194     (0.000,0.241) (0.000,0.157) (0.000,0.061) (0.000,0.221) (0.000,0.150) (0.000,0.309) (0.000,0.983) (0.000,0.057) (0.000,0.999) (0.000,0.985) 
 80      366    (0)    1 :  0.063 0.048 0.008 0.059 0.025 0.077 0.147 0.032 0.376 0.166     (0.000,0.484) (0.000,0.337) (0.000,0.042) (0.000,0.399) (0.000,0.118) (0.000,0.757) (0.000,0.943) (0.000,0.239) (0.000,0.995) (0.000,0.959) 
 81      376    (0)    1 :  0.183 0.374 0.012 0.053 0.146 0.043 0.079 0.010 0.053 0.047     (0.000,0.979) (0.000,0.998) (0.000,0.071) (0.000,0.403) (0.000,0.970) (0.000,0.312) (0.000,0.660) (0.000,0.053) (0.000,0.396) (0.000,0.341) 
 82      388    (0)    1 :  0.011 0.011 0.008 0.020 0.009 0.010 0.009 0.899 0.009 0.013     (0.000,0.057) (0.000,0.061) (0.000,0.044) (0.000,0.120) (0.000,0.051) (0.000,0.053) (0.000,0.051) (0.596,1.000) (0.000,0.053) (0.000,0.069) 
 83      391    (0)    1 :  0.128 0.057 0.010 0.477 0.039 0.061 0.019 0.038 0.014 0.157     (0.000,0.869) (0.000,0.402) (0.000,0.063) (0.000,0.997) (0.000,0.285) (0.000,0.463) (0.000,0.126) (0.000,0.267) (0.000,0.089) (0.000,0.936) 
 84      396   (18)    1 :  0.109 0.109 0.013 0.051 0.286 0.103 0.139 0.022 0.040 0.128     (0.000,0.759) (0.000,0.785) (0.000,0.075) (0.000,0.360) (0.000,0.990) (0.000,0.834) (0.000,0.895) (0.000,0.154) (0.000,0.296) (0.000,0.873) 
 85      400   (18)    1 :  0.103 0.063 0.009 0.076 0.189 0.110 0.129 0.013 0.082 0.225     (0.000,0.805) (0.000,0.566) (0.000,0.051) (0.000,0.693) (0.000,0.977) (0.000,0.863) (0.000,0.889) (0.000,0.085) (0.000,0.600) (0.000,0.983) 
 86      401    (0)    1 :  0.164 0.140 0.072 0.034 0.080 0.144 0.142 0.014 0.162 0.049     (0.000,0.842) (0.000,0.810) (0.000,0.423) (0.000,0.205) (0.000,0.590) (0.000,0.909) (0.000,0.728) (0.000,0.084) (0.000,0.721) (0.000,0.363) 
 87      406    (0)    1 :  0.080 0.040 0.017 0.278 0.035 0.060 0.028 0.337 0.024 0.101     (0.000,0.681) (0.000,0.274) (0.000,0.109) (0.000,0.986) (0.000,0.226) (0.000,0.483) (0.000,0.169) (0.000,0.995) (0.000,0.158) (0.000,0.794) 
 88      413    (0)    1 :  0.067 0.117 0.212 0.047 0.194 0.148 0.058 0.031 0.031 0.095     (0.000,0.614) (0.000,0.939) (0.000,0.973) (0.000,0.343) (0.000,0.976) (0.000,0.961) (0.000,0.464) (0.000,0.223) (0.000,0.164) (0.000,0.875) 
 89      421    (0)    1 :  0.086 0.062 0.012 0.031 0.345 0.088 0.179 0.014 0.015 0.167     (0.000,0.723) (0.000,0.448) (0.000,0.074) (0.000,0.214) (0.000,0.997) (0.000,0.815) (0.000,0.978) (0.000,0.095) (0.000,0.071) (0.000,0.975) 
 90      423    (0)    1 :  0.065 0.035 0.007 0.010 0.361 0.086 0.223 0.017 0.018 0.178     (0.000,0.579) (0.000,0.200) (0.000,0.035) (0.000,0.050) (0.000,0.999) (0.000,0.897) (0.000,0.993) (0.000,0.109) (0.000,0.118) (0.000,0.990) 
 91      435    (0)    1 :  0.024 0.014 0.791 0.044 0.030 0.022 0.016 0.024 0.006 0.029     (0.000,0.172) (0.000,0.085) (0.397,1.000) (0.000,0.307) (0.000,0.225) (0.000,0.148) (0.000,0.091) (0.000,0.171) (0.000,0.030) (0.000,0.224) 
 92      476    (0)    1 :  0.192 0.241 0.010 0.026 0.126 0.070 0.122 0.009 0.132 0.072     (0.000,0.953) (0.000,0.968) (0.000,0.058) (0.000,0.161) (0.000,0.792) (0.000,0.545) (0.000,0.766) (0.000,0.057) (0.000,0.868) (0.000,0.630) 
 93      484    (0)    1 :  0.020 0.013 0.082 0.066 0.014 0.012 0.008 0.750 0.007 0.027     (0.000,0.117) (0.000,0.081) (0.000,0.527) (0.000,0.465) (0.000,0.070) (0.000,0.066) (0.000,0.048) (0.000,1.000) (0.000,0.040) (0.000,0.157) 
 94      489    (0)    1 :  0.111 0.049 0.013 0.184 0.186 0.104 0.128 0.047 0.009 0.168     (0.000,0.888) (0.000,0.351) (0.000,0.078) (0.000,0.971) (0.000,0.975) (0.000,0.910) (0.000,0.945) (0.000,0.344) (0.000,0.042) (0.000,0.967) 
 95      492   (18)    1 :  0.127 0.176 0.015 0.073 0.148 0.224 0.064 0.018 0.075 0.080     (0.000,0.975) (0.000,0.988) (0.000,0.069) (0.000,0.800) (0.000,0.981) (0.000,0.996) (0.000,0.641) (0.000,0.094) (0.000,0.732) (0.000,0.850) 
 96      493    (0)    1 :  0.021 0.016 0.007 0.013 0.021 0.027 0.223 0.008 0.467 0.197     (0.000,0.133) (0.000,0.081) (0.000,0.038) (0.000,0.084) (0.000,0.111) (0.000,0.153) (0.000,0.994) (0.000,0.050) (0.000,1.000) (0.000,0.988) 
 97      494    (0)    1 :  0.069 0.050 0.007 0.044 0.057 0.144 0.116 0.005 0.268 0.241     (0.000,0.644) (0.000,0.344) (0.000,0.035) (0.000,0.322) (0.000,0.415) (0.000,0.938) (0.000,0.895) (0.000,0.025) (0.000,0.991) (0.000,0.994) 
 98      500    (0)    1 :  0.226 0.079 0.003 0.015 0.081 0.014 0.227 0.004 0.319 0.029     (0.000,0.997) (0.000,0.925) (0.000,0.019) (0.000,0.045) (0.000,0.943) (0.000,0.055) (0.000,0.998) (0.000,0.024) (0.000,0.999) (0.000,0.112) 
 99      504    (0)    1 :  0.031 0.028 0.037 0.027 0.025 0.031 0.027 0.752 0.017 0.026     (0.000,0.206) (0.000,0.189) (0.000,0.271) (0.000,0.184) (0.000,0.162) (0.000,0.201) (0.000,0.174) (0.000,1.000) (0.000,0.112) (0.000,0.155) 
100      506    (0)    1 :  0.014 0.010 0.006 0.008 0.009 0.007 0.017 0.905 0.017 0.007     (0.000,0.078) (0.000,0.054) (0.000,0.033) (0.000,0.040) (0.000,0.050) (0.000,0.037) (0.000,0.116) (0.627,1.000) (0.000,0.110) (0.000,0.038) 


Estimated Allele Frequencies in each cluster
First column gives estimated ancestral frequencies


Locus 1 : Rsu3 
3 alleles
2.0% missing data
 164   (0.551) 0.572 0.576 0.681 0.501 0.493 0.531 0.579 0.492 0.639 0.498 
 166   (0.263) 0.240 0.236 0.214 0.377 0.259 0.268 0.173 0.455 0.162 0.276 
 170   (0.185) 0.189 0.188 0.105 0.122 0.248 0.201 0.248 0.052 0.199 0.225 

Locus 2 : Rsu5 
5 alleles
2.0% missing data
 137   (0.737) 0.836 0.832 0.664 0.798 0.851 0.757 0.832 0.593 0.755 0.775 
 135   (0.075) 0.057 0.040 0.047 0.121 0.035 0.070 0.048 0.014 0.089 0.082 
 139   (0.120) 0.083 0.102 0.068 0.060 0.088 0.116 0.096 0.019 0.124 0.111 
 133   (0.020) 0.007 0.008 0.003 0.006 0.007 0.017 0.011 0.003 0.019 0.014 
 131   (0.048) 0.017 0.018 0.216 0.015 0.019 0.039 0.014 0.370 0.013 0.018 

Locus 3 : Scv1 
5 alleles
1.0% missing data
 181   (0.527) 0.617 0.628 0.355 0.447 0.521 0.521 0.645 0.366 0.737 0.531 
 179   (0.201) 0.168 0.186 0.301 0.288 0.176 0.195 0.147 0.110 0.132 0.203 
 177   (0.098) 0.089 0.054 0.042 0.200 0.062 0.100 0.052 0.303 0.045 0.110 
 185   (0.145) 0.112 0.118 0.296 0.055 0.228 0.157 0.145 0.216 0.074 0.141 
 171   (0.029) 0.015 0.014 0.005 0.010 0.013 0.026 0.010 0.004 0.012 0.015 

Locus 4 : Rsu4 
9 alleles
0.0% missing data
 267   (0.192) 0.192 0.166 0.051 0.081 0.228 0.195 0.287 0.225 0.328 0.197 
 259   (0.055) 0.107 0.172 0.009 0.031 0.115 0.060 0.091 0.010 0.048 0.062 
 287   (0.166) 0.192 0.139 0.053 0.363 0.108 0.151 0.148 0.300 0.183 0.183 
 263   (0.341) 0.383 0.385 0.393 0.426 0.427 0.375 0.348 0.274 0.268 0.407 
 279   (0.077) 0.046 0.052 0.172 0.029 0.040 0.071 0.034 0.013 0.036 0.036 
 283   (0.066) 0.027 0.032 0.301 0.029 0.032 0.058 0.025 0.162 0.031 0.031 
 275   (0.040) 0.016 0.017 0.010 0.014 0.014 0.034 0.037 0.006 0.067 0.043 
 291   (0.036) 0.025 0.025 0.006 0.017 0.025 0.034 0.018 0.006 0.018 0.020 
 271   (0.026) 0.012 0.011 0.004 0.010 0.010 0.023 0.011 0.004 0.022 0.021 

Locus 5 : Rsu6 
4 alleles
0.0% missing data
 120   (0.268) 0.307 0.312 0.224 0.397 0.328 0.286 0.278 0.112 0.209 0.340 
 126   (0.641) 0.562 0.596 0.760 0.570 0.608 0.636 0.507 0.873 0.547 0.592 
 124   (0.066) 0.122 0.082 0.012 0.027 0.056 0.058 0.185 0.012 0.189 0.038 
 130   (0.025) 0.009 0.009 0.004 0.007 0.008 0.020 0.029 0.004 0.056 0.030 

Locus 6 : Scv12 
3 alleles
1.0% missing data
 198   (0.543) 0.453 0.473 0.688 0.526 0.544 0.554 0.476 0.330 0.520 0.593 
 196   (0.264) 0.279 0.325 0.218 0.328 0.266 0.257 0.188 0.576 0.138 0.241 
 200   (0.193) 0.268 0.202 0.094 0.147 0.189 0.189 0.336 0.095 0.342 0.165 

Locus 7 : Scv23 
3 alleles
1.0% missing data
 158   (0.517) 0.517 0.515 0.579 0.485 0.585 0.531 0.603 0.646 0.498 0.507 
 164   (0.179) 0.160 0.202 0.039 0.204 0.125 0.163 0.143 0.218 0.208 0.180 
 160   (0.304) 0.322 0.283 0.382 0.311 0.290 0.307 0.254 0.136 0.294 0.314 

Locus 8 : Scv13 
5 alleles
0.0% missing data
 182   (0.726) 0.818 0.813 0.623 0.863 0.847 0.755 0.838 0.866 0.755 0.821 
 180   (0.086) 0.083 0.087 0.015 0.037 0.075 0.081 0.073 0.014 0.099 0.067 
 172   (0.080) 0.038 0.036 0.246 0.058 0.030 0.068 0.026 0.097 0.038 0.043 
 184   (0.066) 0.043 0.046 0.014 0.025 0.032 0.059 0.051 0.016 0.093 0.052 
 174   (0.043) 0.018 0.018 0.102 0.018 0.016 0.037 0.012 0.007 0.014 0.018 

Locus 9 : Scv32 
17 alleles
1.0% missing data
 236   (0.047) 0.025 0.024 0.009 0.018 0.019 0.043 0.043 0.008 0.090 0.047 
 238   (0.041) 0.031 0.017 0.008 0.145 0.014 0.034 0.012 0.141 0.017 0.053 
 234   (0.133) 0.129 0.199 0.515 0.156 0.131 0.125 0.073 0.163 0.062 0.100 
 248   (0.106) 0.128 0.129 0.018 0.099 0.170 0.134 0.162 0.040 0.100 0.162 
 262   (0.117) 0.171 0.145 0.033 0.096 0.146 0.122 0.232 0.073 0.181 0.100 
 232   (0.178) 0.140 0.145 0.121 0.113 0.162 0.170 0.190 0.281 0.270 0.204 
 250   (0.034) 0.060 0.023 0.006 0.118 0.026 0.043 0.013 0.006 0.013 0.065 
 228   (0.025) 0.014 0.014 0.005 0.010 0.013 0.023 0.008 0.004 0.010 0.012 
 246   (0.064) 0.090 0.130 0.021 0.034 0.156 0.078 0.082 0.011 0.033 0.083 
 264   (0.039) 0.032 0.019 0.009 0.120 0.017 0.035 0.020 0.007 0.036 0.051 
 220   (0.048) 0.097 0.075 0.008 0.020 0.057 0.045 0.093 0.008 0.113 0.030 
 252   (0.040) 0.023 0.020 0.053 0.014 0.017 0.034 0.020 0.113 0.025 0.014 
 254   (0.032) 0.014 0.013 0.176 0.019 0.012 0.027 0.008 0.025 0.008 0.015 
 242   (0.023) 0.010 0.010 0.004 0.009 0.010 0.021 0.011 0.004 0.018 0.021 
 266   (0.028) 0.013 0.015 0.006 0.011 0.013 0.024 0.008 0.072 0.008 0.013 
 244   (0.026) 0.014 0.016 0.005 0.012 0.030 0.028 0.020 0.043 0.009 0.022 
 240   (0.018) 0.008 0.008 0.004 0.006 0.006 0.016 0.006 0.003 0.007 0.008 

Locus 10 : Scv8 
6 alleles
1.0% missing data
 200   (0.641) 0.728 0.733 0.396 0.753 0.637 0.644 0.704 0.694 0.709 0.662 
 202   (0.092) 0.049 0.053 0.049 0.065 0.054 0.084 0.068 0.094 0.128 0.094 
 194   (0.078) 0.069 0.080 0.039 0.095 0.096 0.080 0.058 0.015 0.028 0.081 
 204   (0.045) 0.050 0.049 0.008 0.025 0.049 0.047 0.048 0.007 0.030 0.028 
 188   (0.064) 0.025 0.027 0.493 0.023 0.025 0.054 0.020 0.177 0.026 0.027 
 198   (0.080) 0.080 0.057 0.015 0.037 0.138 0.091 0.101 0.013 0.079 0.108 

Locus 11 : Scv9 
5 alleles
0.0% missing data
 198   (0.323) 0.378 0.409 0.457 0.599 0.302 0.318 0.231 0.241 0.225 0.337 
 200   (0.334) 0.363 0.335 0.187 0.195 0.320 0.329 0.488 0.242 0.565 0.358 
 196   (0.273) 0.212 0.206 0.256 0.164 0.339 0.291 0.251 0.503 0.177 0.269 
 204   (0.051) 0.041 0.042 0.067 0.037 0.033 0.046 0.025 0.011 0.027 0.030 
 202   (0.019) 0.006 0.007 0.032 0.005 0.006 0.015 0.004 0.003 0.005 0.006 

Locus 12 : Rsu1 
6 alleles
0.0% missing data
 189   (0.269) 0.215 0.271 0.213 0.201 0.191 0.249 0.225 0.149 0.343 0.250 
 185   (0.281) 0.238 0.284 0.280 0.303 0.276 0.272 0.213 0.756 0.186 0.245 
 177   (0.084) 0.069 0.070 0.075 0.035 0.106 0.086 0.095 0.029 0.056 0.064 
 181   (0.258) 0.312 0.213 0.413 0.410 0.244 0.281 0.259 0.050 0.272 0.341 
 193   (0.060) 0.090 0.109 0.011 0.032 0.126 0.066 0.114 0.009 0.053 0.065 
 197   (0.047) 0.075 0.053 0.008 0.018 0.057 0.046 0.095 0.007 0.089 0.035 

Locus 13 : Scv14 
7 alleles
3.0% missing data
 196   (0.555) 0.699 0.679 0.614 0.564 0.598 0.572 0.693 0.700 0.663 0.599 
 198   (0.075) 0.061 0.039 0.022 0.246 0.032 0.066 0.040 0.026 0.072 0.109 
 194   (0.119) 0.082 0.099 0.114 0.061 0.178 0.125 0.132 0.053 0.127 0.128 
 202   (0.188) 0.128 0.154 0.235 0.100 0.170 0.183 0.116 0.211 0.115 0.135 
 204   (0.021) 0.009 0.009 0.003 0.007 0.007 0.018 0.007 0.003 0.008 0.010 
 190   (0.021) 0.013 0.010 0.003 0.012 0.009 0.018 0.007 0.003 0.009 0.010 
 200   (0.021) 0.008 0.010 0.009 0.010 0.007 0.018 0.006 0.003 0.006 0.008 

Locus 14 : Scv16 
7 alleles
0.0% missing data
 182   (0.420) 0.499 0.487 0.417 0.517 0.491 0.443 0.456 0.425 0.374 0.427 
 184   (0.423) 0.413 0.429 0.256 0.422 0.379 0.408 0.408 0.532 0.468 0.426 
 188   (0.058) 0.049 0.044 0.010 0.019 0.097 0.066 0.105 0.009 0.118 0.104 
 200   (0.020) 0.008 0.008 0.004 0.006 0.006 0.017 0.009 0.003 0.016 0.011 
 198   (0.030) 0.012 0.012 0.206 0.018 0.010 0.025 0.007 0.010 0.008 0.014 
 190   (0.031) 0.011 0.013 0.104 0.011 0.010 0.026 0.007 0.017 0.008 0.011 
 186   (0.018) 0.008 0.007 0.004 0.006 0.007 0.016 0.006 0.003 0.008 0.008 

Locus 15 : Scv31 
15 alleles
2.0% missing data
 193   (0.136) 0.155 0.122 0.100 0.252 0.092 0.138 0.099 0.238 0.084 0.140 
 201   (0.089) 0.072 0.079 0.020 0.039 0.060 0.081 0.121 0.022 0.163 0.087 
 187   (0.080) 0.137 0.173 0.015 0.052 0.089 0.073 0.160 0.189 0.111 0.047 
 207   (0.034) 0.064 0.111 0.006 0.013 0.067 0.034 0.036 0.006 0.022 0.030 
 195   (0.070) 0.051 0.057 0.129 0.035 0.114 0.084 0.080 0.115 0.025 0.069 
 185   (0.157) 0.133 0.109 0.191 0.344 0.134 0.151 0.093 0.203 0.102 0.178 
 189   (0.058) 0.060 0.035 0.010 0.062 0.052 0.068 0.088 0.009 0.151 0.151 
 205   (0.019) 0.009 0.009 0.004 0.006 0.008 0.017 0.005 0.003 0.006 0.007 
 191   (0.172) 0.200 0.185 0.442 0.123 0.265 0.187 0.191 0.032 0.150 0.171 
 197   (0.026) 0.017 0.016 0.005 0.011 0.013 0.021 0.016 0.137 0.016 0.014 
 199   (0.050) 0.026 0.026 0.058 0.020 0.023 0.045 0.025 0.028 0.046 0.032 
 203   (0.026) 0.011 0.012 0.004 0.009 0.009 0.022 0.024 0.004 0.054 0.024 
 209   (0.027) 0.013 0.016 0.006 0.013 0.013 0.024 0.010 0.004 0.014 0.014 
 181   (0.033) 0.039 0.026 0.006 0.011 0.042 0.031 0.042 0.005 0.044 0.022 
 213   (0.023) 0.015 0.024 0.004 0.011 0.020 0.024 0.009 0.004 0.010 0.012 

Locus 16 : Scv6 
8 alleles
0.0% missing data
 191   (0.112) 0.111 0.112 0.020 0.069 0.086 0.108 0.151 0.037 0.159 0.116 
 195   (0.392) 0.460 0.368 0.282 0.514 0.498 0.432 0.424 0.576 0.365 0.494 
 197   (0.209) 0.251 0.291 0.320 0.265 0.193 0.189 0.247 0.252 0.211 0.172 
 201   (0.077) 0.046 0.059 0.063 0.042 0.058 0.076 0.049 0.014 0.089 0.064 
 193   (0.080) 0.035 0.037 0.243 0.029 0.033 0.069 0.049 0.062 0.084 0.056 
 205   (0.020) 0.007 0.007 0.003 0.006 0.006 0.016 0.012 0.003 0.021 0.013 
 199   (0.089) 0.081 0.117 0.064 0.068 0.119 0.091 0.052 0.051 0.040 0.068 
 181   (0.022) 0.010 0.010 0.004 0.007 0.007 0.019 0.016 0.004 0.030 0.017 

Values of parameters used in structure:
DATAFILE=C:\Users\drenske\Desktop\STRUCTURE\Squirrel_100_ID_16L_20260210\project_data,	OUTFILE=C:\Users\drenske\Desktop\STRUCTURE\Squirrel_100_ID_16L_20260210\10k_Burnin_100k_MCMC\Results\10k_Burnin_100k_MCMC_run_241,	NUMINDS=100,	NUMLOCI=16,	MISSING=-9,	LABEL=1,	POPDATA=1,	POPFLAG=0,	PHENOTYPE=0,	EXTRACOLS=1,	MAXPOPS=10,	BURNIN=10000,	NUMREPS=100000,	USEPOPINFO=0,	INFERALPHA=1,	INFERLAMBDA=1,	POPSPECIFICLAMBDA=0,	POPALPHAS=0,	COMPUTEPROB=1,	NOADMIX=0,	ADMBURNIN=2500,	UPDATEFREQ=1,	PRINTLIKES=0,	INTERMEDSAVE=0,	PRINTKLD=0,	PRINTNET=0,	PRINTLAMBDA=0,	ANCESTDIST=1,	NUMBOXES=1000,	ANCESTPINT=0.90000,	GENSBACK=2,	MIGRPRIOR=0.05000,	PRINTQHAT=1,	PRINTQSUM=0,	ALPHA=1.0000,	FREQSCORR=1,	FPRIORMEAN=0.0100,	FPRIORSD=0.0500,	ONEFST=0,	LAMBDA=1.0000,	UNIFPRIORALPHA=1,	ALPHAMAX=10.0000,	ALPHAPRIORA=1.0000,	ALPHAPRIORB=2.0000,	ALPHAPROPSD=0.0250,	STARTATPOPINFO=0,	RANDOMIZE=1,	LINKAGE=0,	METROFREQ=10,	REPORTHITRATE=0,	MARKOVPHASE=-1,	PHASED=0,	PLOIDY=2,	PHASEINFO=0	LOCPRIOR=0, 	LOCPRIORINIT=1.000000, 	LOCDATA=0, 	LOCISPOP=0, 	LOCPRIORSTEP=0.100000, 	MAXLOCPRIOR=20.000000, 	SEED=1770765596,	
[STRAT parameters]:    NUMSIMSTATS=1000,	PHENOTYPECOL=-9,	POOLFREQ=10,	LOCUSxONLY=0,	EMERROR=0.00100,	MISSINGPHENO=-9,	