

----------------------------------------------------
STRUCTURE by Pritchard, Stephens and Donnelly (2000)
     and Falush, Stephens and Pritchard (2003)
       Code by Pritchard, Falush and Hubisz
             Version 2.3.4 (Jul 2012)
----------------------------------------------------



Command line arguments:   bin\structure -m C:\Users\drenske\Desktop\STRUCTURE\Squirrel_100_ID_16L_20260210\10k_Burnin_100k_MCMC\mainparams -e C:\Users\drenske\Desktop\STRUCTURE\Squirrel_100_ID_16L_20260210\10k_Burnin_100k_MCMC\extraparams 
Input File:    C:\Users\drenske\Desktop\STRUCTURE\Squirrel_100_ID_16L_20260210\project_data

Run parameters:
   100 individuals
   16 loci
   5 populations assumed
   10000 Burn-in period
   100000 Reps


--------------------------------------------
Proportion of membership of each pre-defined
 population in each of the 5 clusters

Given    Inferred Clusters                     Number of
 Pop       1      2      3      4      5      Individuals

  1:     0.154  0.202  0.177  0.154  0.313      100
--------------------------------------------

Allele-freq. divergence among pops (Net nucleotide distance),
computed using point estimates of P.

      1       2       3       4       5      
 1      -    0.0240  0.0245  0.0138  0.0221  
 2   0.0240     -    0.0450  0.0545  0.0461  
 3   0.0245  0.0450     -    0.0527  0.0541  
 4   0.0138  0.0545  0.0527     -    0.0395  
 5   0.0221  0.0461  0.0541  0.0395     -    

Average distances (expected heterozygosity) between individuals in same cluster:
cluster  1  : 0.6674 
cluster  2  : 0.5731 
cluster  3  : 0.6143 
cluster  4  : 0.6298 
cluster  5  : 0.5754 

--------------------------------------------
Estimated Ln Prob of Data   = -3873.8
Mean value of ln likelihood = -3719.1
Variance of ln likelihood   = 309.4
Mean value of alpha         = 0.0421

Mean value of lambda        = 1.0048

Mean value of Fst_1         = 0.0003
Mean value of Fst_2         = 0.1452
Mean value of Fst_3         = 0.1380
Mean value of Fst_4         = 0.0837
Mean value of Fst_5         = 0.1398


Inferred ancestry of individuals:
        Label (%Miss) Pop:  Inferred clusters (and 90% probability intervals)
  1       1*    (0)    1 :  0.131 0.107 0.006 0.745 0.011     (0.000,0.997) (0.000,0.528) (0.000,0.030) (0.000,1.000) (0.000,0.064) 
  2        6    (0)    1 :  0.027 0.125 0.022 0.008 0.818     (0.000,0.156) (0.000,0.762) (0.000,0.151) (0.000,0.045) (0.127,1.000) 
  3        8    (0)    1 :  0.009 0.007 0.005 0.009 0.970     (0.000,0.044) (0.000,0.039) (0.000,0.029) (0.000,0.048) (0.838,1.000) 
  4       11    (0)    1 :  0.469 0.018 0.023 0.243 0.246     (0.000,1.000) (0.000,0.109) (0.000,0.155) (0.000,1.000) (0.000,0.997) 
  5       12    (0)    1 :  0.337 0.210 0.028 0.145 0.280     (0.000,1.000) (0.000,0.997) (0.000,0.157) (0.000,0.925) (0.000,1.000) 
  6       19    (0)    1 :  0.705 0.022 0.050 0.190 0.033     (0.000,1.000) (0.000,0.139) (0.000,0.366) (0.000,0.999) (0.000,0.246) 
  7       23    (6)    1 :  0.363 0.498 0.057 0.025 0.058     (0.000,1.000) (0.000,1.000) (0.000,0.400) (0.000,0.139) (0.000,0.426) 
  8       24    (6)    1 :  0.364 0.016 0.022 0.066 0.533     (0.000,1.000) (0.000,0.093) (0.000,0.156) (0.000,0.460) (0.000,1.000) 
  9       25    (6)    1 :  0.435 0.292 0.008 0.024 0.241     (0.000,1.000) (0.000,0.908) (0.000,0.040) (0.000,0.148) (0.000,0.866) 
 10      26*    (0)    1 :  0.017 0.008 0.006 0.013 0.956     (0.000,0.106) (0.000,0.045) (0.000,0.030) (0.000,0.081) (0.766,1.000) 
 11       28    (0)    1 :  0.007 0.007 0.005 0.007 0.974     (0.000,0.038) (0.000,0.037) (0.000,0.026) (0.000,0.036) (0.859,1.000) 
 12       29    (0)    1 :  0.045 0.008 0.009 0.031 0.907     (0.000,0.265) (0.000,0.043) (0.000,0.046) (0.000,0.188) (0.412,1.000) 
 13       30    (0)    1 :  0.045 0.268 0.006 0.019 0.662     (0.000,0.300) (0.000,0.933) (0.000,0.029) (0.000,0.105) (0.000,1.000) 
 14       33    (0)    1 :  0.239 0.014 0.048 0.694 0.005     (0.000,1.000) (0.000,0.085) (0.000,0.317) (0.000,1.000) (0.000,0.027) 
 15       37    (0)    1 :  0.019 0.006 0.007 0.959 0.009     (0.000,0.079) (0.000,0.032) (0.000,0.037) (0.800,1.000) (0.000,0.052) 
 16       38    (0)    1 :  0.022 0.004 0.004 0.959 0.011     (0.000,0.107) (0.000,0.021) (0.000,0.022) (0.797,1.000) (0.000,0.061) 
 17       44    (0)    1 :  0.009 0.010 0.007 0.008 0.966     (0.000,0.047) (0.000,0.059) (0.000,0.042) (0.000,0.041) (0.811,1.000) 
 18       48    (0)    1 :  0.023 0.005 0.004 0.961 0.007     (0.000,0.107) (0.000,0.028) (0.000,0.023) (0.814,1.000) (0.000,0.038) 
 19       55    (0)    1 :  0.016 0.019 0.009 0.009 0.946     (0.000,0.088) (0.000,0.137) (0.000,0.054) (0.000,0.050) (0.711,1.000) 
 20       60    (0)    1 :  0.140 0.805 0.018 0.030 0.008     (0.000,0.999) (0.000,1.000) (0.000,0.102) (0.000,0.195) (0.000,0.044) 
 21       61    (0)    1 :  0.030 0.068 0.868 0.013 0.020     (0.000,0.185) (0.000,0.449) (0.403,1.000) (0.000,0.085) (0.000,0.141) 
 22       62    (0)    1 :  0.098 0.044 0.783 0.021 0.054     (0.000,0.933) (0.000,0.293) (0.000,1.000) (0.000,0.124) (0.000,0.403) 
 23       65    (0)    1 :  0.222 0.021 0.016 0.732 0.009     (0.000,1.000) (0.000,0.152) (0.000,0.111) (0.000,1.000) (0.000,0.046) 
 24       73    (0)    1 :  0.013 0.953 0.009 0.009 0.015     (0.000,0.071) (0.755,1.000) (0.000,0.048) (0.000,0.055) (0.000,0.103) 
 25       75    (0)    1 :  0.064 0.015 0.885 0.020 0.016     (0.000,0.445) (0.000,0.101) (0.484,1.000) (0.000,0.148) (0.000,0.110) 
 26       76    (0)    1 :  0.008 0.007 0.974 0.005 0.005     (0.000,0.040) (0.000,0.036) (0.863,1.000) (0.000,0.026) (0.000,0.028) 
 27       78    (0)    1 :  0.012 0.059 0.911 0.010 0.008     (0.000,0.056) (0.000,0.460) (0.441,1.000) (0.000,0.057) (0.000,0.045) 
 28       79    (0)    1 :  0.015 0.007 0.967 0.006 0.005     (0.000,0.098) (0.000,0.035) (0.823,1.000) (0.000,0.036) (0.000,0.024) 
 29       84    (0)    1 :  0.030 0.021 0.024 0.010 0.915     (0.000,0.170) (0.000,0.143) (0.000,0.176) (0.000,0.057) (0.569,1.000) 
 30       85    (0)    1 :  0.016 0.006 0.010 0.009 0.958     (0.000,0.073) (0.000,0.034) (0.000,0.054) (0.000,0.051) (0.788,1.000) 
 31       86    (0)    1 :  0.085 0.011 0.020 0.010 0.874     (0.000,0.663) (0.000,0.067) (0.000,0.135) (0.000,0.061) (0.283,1.000) 
 32       89    (0)    1 :  0.262 0.081 0.049 0.076 0.532     (0.000,1.000) (0.000,0.596) (0.000,0.374) (0.000,0.588) (0.000,1.000) 
 33       94    (0)    1 :  0.062 0.013 0.009 0.811 0.104     (0.000,0.531) (0.000,0.075) (0.000,0.049) (0.000,1.000) (0.000,0.953) 
 34       95    (0)    1 :  0.101 0.050 0.012 0.115 0.722     (0.000,0.965) (0.000,0.372) (0.000,0.072) (0.000,0.955) (0.000,1.000) 
 35       98    (0)    1 :  0.044 0.711 0.219 0.013 0.013     (0.000,0.301) (0.000,1.000) (0.000,0.997) (0.000,0.068) (0.000,0.078) 
 36      102    (0)    1 :  0.595 0.016 0.011 0.368 0.009     (0.000,1.000) (0.000,0.111) (0.000,0.069) (0.000,1.000) (0.000,0.048) 
 37      106    (0)    1 :  0.129 0.030 0.805 0.016 0.021     (0.000,0.992) (0.000,0.185) (0.000,1.000) (0.000,0.099) (0.000,0.146) 
 38      108    (0)    1 :  0.135 0.399 0.363 0.083 0.020     (0.000,0.948) (0.000,1.000) (0.000,1.000) (0.000,0.478) (0.000,0.143) 
 39      109    (0)    1 :  0.019 0.916 0.050 0.007 0.009     (0.000,0.092) (0.581,1.000) (0.000,0.332) (0.000,0.041) (0.000,0.047) 
 40      112    (0)    1 :  0.331 0.067 0.286 0.044 0.272     (0.000,1.000) (0.000,0.477) (0.000,1.000) (0.000,0.308) (0.000,1.000) 
 41      115    (0)    1 :  0.609 0.036 0.022 0.304 0.029     (0.000,1.000) (0.000,0.264) (0.000,0.136) (0.000,1.000) (0.000,0.176) 
 42      117    (0)    1 :  0.021 0.035 0.025 0.014 0.905     (0.000,0.097) (0.000,0.243) (0.000,0.180) (0.000,0.081) (0.507,1.000) 
 43      140    (0)    1 :  0.010 0.964 0.012 0.006 0.008     (0.000,0.043) (0.813,1.000) (0.000,0.069) (0.000,0.031) (0.000,0.041) 
 44      147    (0)    1 :  0.009 0.087 0.889 0.007 0.008     (0.000,0.052) (0.000,0.959) (0.000,1.000) (0.000,0.038) (0.000,0.043) 
 45     162*    (0)    1 :  0.010 0.008 0.006 0.006 0.970     (0.000,0.049) (0.000,0.046) (0.000,0.031) (0.000,0.031) (0.839,1.000) 
 46      166    (0)    1 :  0.015 0.950 0.017 0.009 0.010     (0.000,0.076) (0.742,1.000) (0.000,0.093) (0.000,0.047) (0.000,0.054) 
 47      177    (0)    1 :  0.015 0.007 0.961 0.007 0.010     (0.000,0.076) (0.000,0.036) (0.796,1.000) (0.000,0.038) (0.000,0.065) 
 48      178    (0)    1 :  0.018 0.012 0.950 0.007 0.012     (0.000,0.081) (0.000,0.070) (0.742,1.000) (0.000,0.038) (0.000,0.076) 
 49      189    (0)    1 :  0.010 0.004 0.007 0.010 0.969     (0.000,0.052) (0.000,0.023) (0.000,0.038) (0.000,0.056) (0.831,1.000) 
 50      190    (0)    1 :  0.011 0.008 0.006 0.009 0.966     (0.000,0.057) (0.000,0.045) (0.000,0.031) (0.000,0.051) (0.814,1.000) 
 51      202    (0)    1 :  0.751 0.052 0.009 0.030 0.159     (0.000,1.000) (0.000,0.386) (0.000,0.046) (0.000,0.179) (0.000,0.884) 
 52      211    (0)    1 :  0.216 0.629 0.120 0.022 0.013     (0.000,1.000) (0.000,1.000) (0.000,0.474) (0.000,0.128) (0.000,0.079) 
 53      216    (0)    1 :  0.023 0.835 0.130 0.006 0.006     (0.000,0.130) (0.270,1.000) (0.000,0.648) (0.000,0.031) (0.000,0.030) 
 54      222    (0)    1 :  0.262 0.502 0.185 0.038 0.013     (0.000,1.000) (0.000,1.000) (0.000,0.986) (0.000,0.289) (0.000,0.066) 
 55      224    (0)    1 :  0.019 0.011 0.012 0.014 0.945     (0.000,0.092) (0.000,0.061) (0.000,0.072) (0.000,0.080) (0.713,1.000) 
 56      229    (0)    1 :  0.038 0.009 0.017 0.010 0.926     (0.000,0.218) (0.000,0.054) (0.000,0.108) (0.000,0.057) (0.615,1.000) 
 57      230    (0)    1 :  0.024 0.012 0.013 0.010 0.940     (0.000,0.151) (0.000,0.079) (0.000,0.085) (0.000,0.056) (0.717,1.000) 
 58      232    (0)    1 :  0.099 0.055 0.034 0.024 0.788     (0.000,0.944) (0.000,0.391) (0.000,0.242) (0.000,0.124) (0.000,1.000) 
 59      238    (0)    1 :  0.767 0.019 0.041 0.153 0.020     (0.000,1.000) (0.000,0.124) (0.000,0.288) (0.000,0.966) (0.000,0.140) 
 60      242    (0)    1 :  0.096 0.007 0.005 0.886 0.006     (0.000,0.992) (0.000,0.041) (0.000,0.028) (0.000,1.000) (0.000,0.030) 
 61      243    (0)    1 :  0.415 0.075 0.034 0.459 0.017     (0.000,1.000) (0.000,0.468) (0.000,0.247) (0.000,1.000) (0.000,0.108) 
 62      244    (0)    1 :  0.653 0.009 0.069 0.258 0.010     (0.000,1.000) (0.000,0.050) (0.000,0.447) (0.000,1.000) (0.000,0.059) 
 63      251    (0)    1 :  0.641 0.016 0.031 0.281 0.030     (0.000,1.000) (0.000,0.097) (0.000,0.199) (0.000,1.000) (0.000,0.217) 
 64      266    (0)    1 :  0.728 0.044 0.183 0.032 0.014     (0.000,1.000) (0.000,0.323) (0.000,0.869) (0.000,0.231) (0.000,0.086) 
 65      267    (0)    1 :  0.018 0.944 0.013 0.011 0.014     (0.000,0.093) (0.709,1.000) (0.000,0.077) (0.000,0.069) (0.000,0.094) 
 66      268    (0)    1 :  0.019 0.075 0.891 0.007 0.008     (0.000,0.104) (0.000,0.592) (0.314,1.000) (0.000,0.038) (0.000,0.042) 
 67      270    (0)    1 :  0.012 0.008 0.008 0.016 0.956     (0.000,0.066) (0.000,0.044) (0.000,0.044) (0.000,0.097) (0.766,1.000) 
 68      276    (0)    1 :  0.026 0.054 0.022 0.012 0.886     (0.000,0.136) (0.000,0.390) (0.000,0.147) (0.000,0.068) (0.435,1.000) 
 69      298    (6)    1 :  0.020 0.151 0.809 0.011 0.010     (0.000,0.104) (0.000,0.993) (0.000,1.000) (0.000,0.061) (0.000,0.053) 
 70      306    (0)    1 :  0.187 0.717 0.065 0.019 0.012     (0.000,1.000) (0.000,1.000) (0.000,0.415) (0.000,0.112) (0.000,0.079) 
 71      308    (0)    1 :  0.054 0.043 0.871 0.022 0.010     (0.000,0.383) (0.000,0.308) (0.366,1.000) (0.000,0.156) (0.000,0.057) 
 72      311    (6)    1 :  0.349 0.527 0.041 0.057 0.026     (0.000,1.000) (0.000,1.000) (0.000,0.281) (0.000,0.406) (0.000,0.180) 
 73      327    (0)    1 :  0.021 0.022 0.005 0.010 0.941     (0.000,0.111) (0.000,0.155) (0.000,0.029) (0.000,0.060) (0.688,1.000) 
 74      338    (0)    1 :  0.091 0.769 0.104 0.011 0.025     (0.000,0.858) (0.000,1.000) (0.000,0.617) (0.000,0.067) (0.000,0.165) 
 75      346    (0)    1 :  0.106 0.557 0.303 0.015 0.019     (0.000,0.983) (0.000,1.000) (0.000,1.000) (0.000,0.075) (0.000,0.112) 
 76      348    (0)    1 :  0.023 0.075 0.881 0.013 0.008     (0.000,0.120) (0.000,0.706) (0.041,1.000) (0.000,0.079) (0.000,0.045) 
 77      351    (0)    1 :  0.289 0.025 0.013 0.658 0.015     (0.000,1.000) (0.000,0.176) (0.000,0.076) (0.000,1.000) (0.000,0.089) 
 78      362    (0)    1 :  0.007 0.009 0.005 0.006 0.973     (0.000,0.040) (0.000,0.045) (0.000,0.025) (0.000,0.033) (0.855,1.000) 
 79      364    (0)    1 :  0.071 0.014 0.010 0.898 0.006     (0.000,0.768) (0.000,0.089) (0.000,0.060) (0.131,1.000) (0.000,0.033) 
 80      366    (0)    1 :  0.268 0.064 0.012 0.630 0.026     (0.000,1.000) (0.000,0.437) (0.000,0.067) (0.000,1.000) (0.000,0.188) 
 81      376    (0)    1 :  0.035 0.021 0.015 0.021 0.909     (0.000,0.204) (0.000,0.137) (0.000,0.091) (0.000,0.143) (0.536,1.000) 
 82      388    (0)    1 :  0.014 0.959 0.010 0.010 0.008     (0.000,0.067) (0.782,1.000) (0.000,0.053) (0.000,0.055) (0.000,0.046) 
 83      391    (0)    1 :  0.329 0.594 0.025 0.026 0.026     (0.000,1.000) (0.000,1.000) (0.000,0.158) (0.000,0.161) (0.000,0.175) 
 84      396   (18)    1 :  0.039 0.028 0.015 0.009 0.909     (0.000,0.232) (0.000,0.206) (0.000,0.095) (0.000,0.051) (0.533,1.000) 
 85      400   (18)    1 :  0.263 0.015 0.016 0.525 0.182     (0.000,1.000) (0.000,0.087) (0.000,0.087) (0.000,1.000) (0.000,0.935) 
 86      401    (0)    1 :  0.292 0.010 0.076 0.084 0.537     (0.000,1.000) (0.000,0.059) (0.000,0.433) (0.000,0.502) (0.000,1.000) 
 87      406    (0)    1 :  0.055 0.890 0.018 0.023 0.015     (0.000,0.404) (0.280,1.000) (0.000,0.091) (0.000,0.142) (0.000,0.094) 
 88      413    (0)    1 :  0.157 0.028 0.763 0.022 0.030     (0.000,0.999) (0.000,0.187) (0.000,1.000) (0.000,0.145) (0.000,0.194) 
 89      421    (0)    1 :  0.103 0.037 0.048 0.019 0.794     (0.000,0.911) (0.000,0.278) (0.000,0.366) (0.000,0.122) (0.003,1.000) 
 90      423    (0)    1 :  0.123 0.027 0.039 0.050 0.761     (0.000,0.987) (0.000,0.190) (0.000,0.290) (0.000,0.361) (0.000,1.000) 
 91      435    (0)    1 :  0.014 0.038 0.932 0.007 0.009     (0.000,0.084) (0.000,0.257) (0.663,1.000) (0.000,0.038) (0.000,0.049) 
 92      476    (0)    1 :  0.058 0.014 0.010 0.026 0.892     (0.000,0.392) (0.000,0.088) (0.000,0.063) (0.000,0.189) (0.510,1.000) 
 93      484    (0)    1 :  0.012 0.899 0.077 0.006 0.006     (0.000,0.061) (0.440,1.000) (0.000,0.515) (0.000,0.034) (0.000,0.033) 
 94      489    (0)    1 :  0.211 0.432 0.065 0.084 0.209     (0.000,1.000) (0.000,1.000) (0.000,0.496) (0.000,0.758) (0.000,0.994) 
 95      492   (18)    1 :  0.750 0.027 0.032 0.178 0.014     (0.000,1.000) (0.000,0.149) (0.000,0.180) (0.000,1.000) (0.000,0.070) 
 96      493    (0)    1 :  0.061 0.009 0.007 0.911 0.012     (0.000,0.480) (0.000,0.055) (0.000,0.039) (0.480,1.000) (0.000,0.079) 
 97      494    (0)    1 :  0.108 0.005 0.007 0.862 0.018     (0.000,0.982) (0.000,0.025) (0.000,0.042) (0.000,1.000) (0.000,0.113) 
 98      500    (0)    1 :  0.010 0.006 0.003 0.006 0.975     (0.000,0.049) (0.000,0.030) (0.000,0.018) (0.000,0.030) (0.869,1.000) 
 99      504    (0)    1 :  0.078 0.789 0.079 0.017 0.036     (0.000,0.680) (0.000,1.000) (0.000,0.588) (0.000,0.113) (0.000,0.269) 
100      506    (0)    1 :  0.016 0.939 0.012 0.007 0.026     (0.000,0.072) (0.676,1.000) (0.000,0.058) (0.000,0.036) (0.000,0.190) 


Estimated Allele Frequencies in each cluster
First column gives estimated ancestral frequencies


Locus 1 : Rsu3 
3 alleles
2.0% missing data
 164   (0.554) 0.554 0.479 0.619 0.567 0.578 
 166   (0.276) 0.276 0.454 0.281 0.199 0.164 
 170   (0.170) 0.170 0.067 0.099 0.235 0.258 

Locus 2 : Rsu5 
5 alleles
2.0% missing data
 137   (0.688) 0.688 0.700 0.652 0.657 0.940 
 135   (0.096) 0.097 0.060 0.059 0.115 0.011 
 139   (0.135) 0.135 0.021 0.088 0.181 0.041 
 133   (0.021) 0.021 0.003 0.003 0.029 0.002 
 131   (0.059) 0.059 0.217 0.197 0.018 0.006 

Locus 3 : Scv1 
5 alleles
1.0% missing data
 181   (0.508) 0.508 0.364 0.369 0.668 0.665 
 179   (0.216) 0.216 0.196 0.265 0.184 0.139 
 177   (0.111) 0.112 0.305 0.051 0.063 0.017 
 185   (0.135) 0.134 0.131 0.309 0.064 0.177 
 171   (0.030) 0.031 0.004 0.005 0.022 0.003 

Locus 4 : Rsu4 
9 alleles
0.0% missing data
 267   (0.198) 0.198 0.152 0.058 0.292 0.250 
 259   (0.036) 0.036 0.008 0.006 0.011 0.195 
 287   (0.175) 0.175 0.384 0.071 0.114 0.142 
 263   (0.321) 0.321 0.332 0.439 0.340 0.365 
 279   (0.086) 0.086 0.013 0.138 0.052 0.018 
 283   (0.073) 0.073 0.095 0.267 0.039 0.007 
 275   (0.045) 0.045 0.006 0.009 0.094 0.004 
 291   (0.040) 0.040 0.006 0.007 0.019 0.017 
 271   (0.026) 0.026 0.004 0.004 0.040 0.002 

Locus 5 : Rsu6 
4 alleles
0.0% missing data
 120   (0.260) 0.260 0.235 0.220 0.283 0.336 
 126   (0.650) 0.650 0.751 0.765 0.593 0.482 
 124   (0.063) 0.063 0.011 0.011 0.048 0.179 
 130   (0.027) 0.027 0.004 0.004 0.077 0.003 

Locus 6 : Scv12 
3 alleles
1.0% missing data
 198   (0.544) 0.544 0.405 0.686 0.715 0.382 
 196   (0.263) 0.263 0.492 0.232 0.126 0.277 
 200   (0.193) 0.193 0.102 0.082 0.159 0.341 

Locus 7 : Scv23 
3 alleles
1.0% missing data
 158   (0.515) 0.515 0.592 0.592 0.419 0.613 
 164   (0.195) 0.195 0.227 0.044 0.269 0.116 
 160   (0.290) 0.290 0.181 0.364 0.313 0.271 

Locus 8 : Scv13 
5 alleles
0.0% missing data
 182   (0.715) 0.715 0.876 0.708 0.730 0.880 
 180   (0.078) 0.078 0.011 0.013 0.095 0.083 
 172   (0.082) 0.081 0.086 0.196 0.045 0.008 
 184   (0.073) 0.073 0.019 0.015 0.111 0.024 
 174   (0.052) 0.052 0.008 0.069 0.018 0.005 

Locus 9 : Scv32 
17 alleles
1.0% missing data
 236   (0.049) 0.050 0.008 0.009 0.123 0.005 
 238   (0.037) 0.036 0.173 0.007 0.024 0.003 
 234   (0.120) 0.120 0.174 0.452 0.051 0.109 
 248   (0.101) 0.101 0.056 0.019 0.170 0.166 
 262   (0.109) 0.109 0.091 0.051 0.048 0.241 
 232   (0.177) 0.177 0.205 0.159 0.332 0.125 
 250   (0.057) 0.058 0.044 0.011 0.042 0.013 
 228   (0.028) 0.028 0.004 0.005 0.018 0.003 
 246   (0.051) 0.051 0.009 0.026 0.028 0.167 
 264   (0.050) 0.050 0.053 0.023 0.048 0.007 
 220   (0.036) 0.036 0.005 0.006 0.011 0.130 
 252   (0.045) 0.045 0.072 0.052 0.014 0.016 
 254   (0.032) 0.032 0.017 0.150 0.010 0.003 
 242   (0.028) 0.028 0.004 0.005 0.037 0.003 
 266   (0.027) 0.027 0.056 0.007 0.008 0.003 
 244   (0.032) 0.032 0.026 0.013 0.025 0.005 
 240   (0.020) 0.020 0.003 0.004 0.011 0.002 

Locus 10 : Scv8 
6 alleles
1.0% missing data
 200   (0.623) 0.623 0.752 0.443 0.653 0.721 
 202   (0.098) 0.097 0.079 0.080 0.170 0.009 
 194   (0.083) 0.083 0.046 0.058 0.033 0.079 
 204   (0.040) 0.040 0.006 0.007 0.017 0.070 
 188   (0.077) 0.077 0.104 0.392 0.038 0.007 
 198   (0.079) 0.079 0.012 0.019 0.089 0.114 

Locus 11 : Scv9 
5 alleles
0.0% missing data
 198   (0.339) 0.339 0.418 0.421 0.231 0.309 
 200   (0.317) 0.317 0.187 0.219 0.510 0.420 
 196   (0.269) 0.269 0.372 0.262 0.233 0.241 
 204   (0.054) 0.054 0.020 0.072 0.020 0.027 
 202   (0.021) 0.021 0.003 0.026 0.006 0.002 

Locus 12 : Rsu1 
6 alleles
0.0% missing data
 189   (0.289) 0.289 0.183 0.196 0.454 0.137 
 185   (0.265) 0.265 0.613 0.344 0.175 0.226 
 177   (0.072) 0.072 0.018 0.076 0.031 0.117 
 181   (0.307) 0.308 0.175 0.373 0.317 0.227 
 193   (0.036) 0.035 0.006 0.006 0.010 0.182 
 197   (0.031) 0.031 0.005 0.005 0.013 0.111 

Locus 13 : Scv14 
7 alleles
3.0% missing data
 196   (0.499) 0.498 0.639 0.590 0.528 0.795 
 198   (0.093) 0.093 0.138 0.027 0.111 0.009 
 194   (0.141) 0.141 0.045 0.157 0.181 0.073 
 202   (0.199) 0.199 0.168 0.212 0.151 0.115 
 204   (0.023) 0.023 0.003 0.004 0.014 0.002 
 190   (0.022) 0.022 0.004 0.004 0.007 0.003 
 200   (0.022) 0.023 0.004 0.006 0.007 0.002 

Locus 14 : Scv16 
7 alleles
0.0% missing data
 182   (0.435) 0.436 0.453 0.476 0.299 0.501 
 184   (0.396) 0.396 0.500 0.273 0.504 0.383 
 188   (0.060) 0.060 0.008 0.010 0.147 0.106 
 200   (0.022) 0.022 0.003 0.004 0.023 0.002 
 198   (0.033) 0.033 0.014 0.153 0.010 0.003 
 190   (0.032) 0.032 0.018 0.081 0.009 0.003 
 186   (0.021) 0.021 0.003 0.004 0.009 0.002 

Locus 15 : Scv31 
15 alleles
2.0% missing data
 193   (0.161) 0.162 0.265 0.105 0.090 0.096 
 201   (0.092) 0.092 0.021 0.024 0.183 0.079 
 187   (0.064) 0.064 0.136 0.012 0.020 0.209 
 207   (0.027) 0.027 0.005 0.005 0.008 0.103 
 195   (0.069) 0.069 0.072 0.167 0.025 0.066 
 185   (0.160) 0.160 0.315 0.189 0.139 0.077 
 189   (0.058) 0.058 0.011 0.010 0.286 0.012 
 205   (0.021) 0.021 0.003 0.004 0.010 0.002 
 191   (0.154) 0.154 0.047 0.393 0.054 0.270 
 197   (0.029) 0.029 0.093 0.005 0.009 0.015 
 199   (0.054) 0.054 0.016 0.066 0.055 0.005 
 203   (0.026) 0.026 0.004 0.004 0.067 0.002 
 209   (0.030) 0.030 0.004 0.006 0.030 0.003 
 181   (0.024) 0.024 0.004 0.004 0.007 0.058 
 213   (0.030) 0.030 0.005 0.006 0.016 0.003 

Locus 16 : Scv6 
8 alleles
0.0% missing data
 191   (0.112) 0.112 0.035 0.020 0.185 0.123 
 195   (0.400) 0.400 0.581 0.290 0.361 0.475 
 197   (0.183) 0.183 0.259 0.286 0.094 0.311 
 201   (0.083) 0.084 0.013 0.077 0.143 0.010 
 193   (0.087) 0.087 0.048 0.192 0.113 0.012 
 205   (0.020) 0.020 0.003 0.003 0.029 0.002 
 199   (0.090) 0.090 0.058 0.128 0.034 0.065 
 181   (0.024) 0.024 0.003 0.004 0.042 0.002 

Values of parameters used in structure:
DATAFILE=C:\Users\drenske\Desktop\STRUCTURE\Squirrel_100_ID_16L_20260210\project_data,	OUTFILE=C:\Users\drenske\Desktop\STRUCTURE\Squirrel_100_ID_16L_20260210\10k_Burnin_100k_MCMC\Results\10k_Burnin_100k_MCMC_run_120,	NUMINDS=100,	NUMLOCI=16,	MISSING=-9,	LABEL=1,	POPDATA=1,	POPFLAG=0,	PHENOTYPE=0,	EXTRACOLS=1,	MAXPOPS=5,	BURNIN=10000,	NUMREPS=100000,	USEPOPINFO=0,	INFERALPHA=1,	INFERLAMBDA=1,	POPSPECIFICLAMBDA=0,	POPALPHAS=0,	COMPUTEPROB=1,	NOADMIX=0,	ADMBURNIN=2500,	UPDATEFREQ=1,	PRINTLIKES=0,	INTERMEDSAVE=0,	PRINTKLD=0,	PRINTNET=0,	PRINTLAMBDA=0,	ANCESTDIST=1,	NUMBOXES=1000,	ANCESTPINT=0.90000,	GENSBACK=2,	MIGRPRIOR=0.05000,	PRINTQHAT=1,	PRINTQSUM=0,	ALPHA=1.0000,	FREQSCORR=1,	FPRIORMEAN=0.0100,	FPRIORSD=0.0500,	ONEFST=0,	LAMBDA=1.0000,	UNIFPRIORALPHA=1,	ALPHAMAX=10.0000,	ALPHAPRIORA=1.0000,	ALPHAPRIORB=2.0000,	ALPHAPROPSD=0.0250,	STARTATPOPINFO=0,	RANDOMIZE=1,	LINKAGE=0,	METROFREQ=10,	REPORTHITRATE=0,	MARKOVPHASE=-1,	PHASED=0,	PLOIDY=2,	PHASEINFO=0	LOCPRIOR=0, 	LOCPRIORINIT=1.000000, 	LOCDATA=0, 	LOCISPOP=0, 	LOCPRIORSTEP=0.100000, 	MAXLOCPRIOR=20.000000, 	SEED=1770760134,	
[STRAT parameters]:    NUMSIMSTATS=1000,	PHENOTYPECOL=-9,	POOLFREQ=10,	LOCUSxONLY=0,	EMERROR=0.00100,	MISSINGPHENO=-9,	