          1*  1 0.4539 0.1369 0.0053 0.0517 0.0938 0.0527 0.0651 0.0986 0.0419 
           6  1 0.0150 0.0606 0.0126 0.2212 0.1368 0.0541 0.1840 0.2689 0.0467 
           8  1 0.0160 0.0170 0.0059 0.1450 0.1851 0.0514 0.0185 0.3378 0.2233 
          11  1 0.1702 0.1771 0.0116 0.1163 0.1993 0.0560 0.0186 0.0692 0.1817 
          12  1 0.0213 0.1550 0.0077 0.2316 0.0211 0.1338 0.3108 0.0698 0.0489 
          19  1 0.2211 0.2364 0.0315 0.0553 0.2514 0.0333 0.0185 0.0631 0.0895 
          23  1 0.0169 0.1552 0.0195 0.2346 0.0242 0.1613 0.3366 0.0321 0.0196 
          24  1 0.0582 0.1045 0.0147 0.1894 0.1952 0.0597 0.0581 0.2661 0.0540 
          25  1 0.0163 0.1481 0.0047 0.2336 0.0417 0.1374 0.3100 0.0562 0.0520 
         26*  1 0.0120 0.0227 0.0048 0.1930 0.1752 0.0519 0.0478 0.4430 0.0495 
          28  1 0.0095 0.0355 0.0052 0.2128 0.1542 0.0296 0.1090 0.2482 0.1961 
          29  1 0.0195 0.0470 0.0074 0.1961 0.1756 0.0564 0.0686 0.3865 0.0429 
          30  1 0.0249 0.0303 0.0058 0.1360 0.1348 0.1653 0.1385 0.3295 0.0348 
          33  1 0.5068 0.1447 0.0352 0.0138 0.1122 0.0117 0.0135 0.1276 0.0344 
          37  1 0.5778 0.1507 0.0081 0.0153 0.0191 0.0123 0.0099 0.1091 0.0977 
          38  1 0.5747 0.1471 0.0041 0.0130 0.0305 0.0146 0.0058 0.1175 0.0926 
          44  1 0.0127 0.0197 0.0066 0.1391 0.1598 0.0444 0.0434 0.0875 0.4869 
          48  1 0.6006 0.1464 0.0040 0.0075 0.0204 0.0089 0.0057 0.1121 0.0943 
          55  1 0.0311 0.0546 0.0111 0.1507 0.1628 0.0354 0.0791 0.1724 0.3026 
          60  1 0.0140 0.1622 0.0071 0.2519 0.0127 0.1925 0.3425 0.0090 0.0082 
          61  1 0.0265 0.0474 0.6956 0.0456 0.0353 0.0507 0.0526 0.0216 0.0246 
          62  1 0.0369 0.0927 0.3152 0.1497 0.0988 0.0499 0.0817 0.0324 0.1426 
          65  1 0.4699 0.1511 0.0162 0.0236 0.1298 0.0247 0.0179 0.0804 0.0864 
          73  1 0.0092 0.0160 0.0087 0.0215 0.0141 0.5458 0.3559 0.0135 0.0153 
          75  1 0.0403 0.0382 0.7843 0.0151 0.0367 0.0224 0.0186 0.0242 0.0200 
          76  1 0.0058 0.0078 0.9451 0.0083 0.0069 0.0062 0.0076 0.0057 0.0065 
          78  1 0.0124 0.0116 0.8154 0.0116 0.0131 0.0583 0.0568 0.0082 0.0127 
          79  1 0.0096 0.0120 0.9290 0.0082 0.0115 0.0081 0.0064 0.0061 0.0091 
          84  1 0.0225 0.0753 0.0179 0.2448 0.1466 0.0258 0.1529 0.1978 0.1165 
          85  1 0.0122 0.0164 0.0099 0.1005 0.1532 0.0495 0.0085 0.0342 0.6156 
          86  1 0.0526 0.1065 0.0181 0.1140 0.1976 0.0453 0.0223 0.0995 0.3441 
          89  1 0.0422 0.1234 0.0198 0.2400 0.1286 0.0562 0.1866 0.1198 0.0834 
          94  1 0.1873 0.1791 0.0070 0.1313 0.0323 0.0534 0.1511 0.0997 0.1587 
          95  1 0.0629 0.0835 0.0109 0.1479 0.1207 0.0646 0.0850 0.2349 0.1896 
          98  1 0.0289 0.0702 0.2667 0.0739 0.0462 0.2564 0.2223 0.0131 0.0222 
         102  1 0.2962 0.2348 0.0096 0.0581 0.2032 0.0230 0.0187 0.0512 0.1054 
         106  1 0.0610 0.0855 0.6128 0.0389 0.0751 0.0360 0.0267 0.0240 0.0399 
         108  1 0.0971 0.0565 0.2486 0.0359 0.0694 0.2405 0.1904 0.0373 0.0243 
         109  1 0.0103 0.0135 0.0523 0.0110 0.0129 0.5346 0.3483 0.0087 0.0082 
         112  1 0.0443 0.1221 0.0586 0.1538 0.1236 0.0894 0.0976 0.0313 0.2792 
         115  1 0.2303 0.2206 0.0194 0.0765 0.2144 0.0463 0.0361 0.0625 0.0938 
         117  1 0.0134 0.0424 0.0179 0.2210 0.1713 0.0197 0.1226 0.3695 0.0223 
         140  1 0.0092 0.0095 0.0115 0.0099 0.0096 0.5693 0.3662 0.0081 0.0067 
         147  1 0.0083 0.0080 0.7506 0.0077 0.0095 0.1071 0.0906 0.0061 0.0121 
        162*  1 0.0089 0.0163 0.0081 0.1542 0.1598 0.0608 0.0460 0.4213 0.1246 
         166  1 0.0134 0.1101 0.0186 0.2062 0.0149 0.2747 0.3369 0.0122 0.0131 
         177  1 0.0096 0.0142 0.9158 0.0107 0.0135 0.0073 0.0076 0.0097 0.0116 
         178  1 0.0090 0.0146 0.9006 0.0135 0.0127 0.0109 0.0158 0.0128 0.0101 
         189  1 0.0088 0.0093 0.0062 0.0957 0.1535 0.0455 0.0089 0.0347 0.6374 
         190  1 0.0127 0.0254 0.0072 0.1907 0.1741 0.0573 0.0624 0.3886 0.0815 
         202  1 0.0950 0.1663 0.0068 0.1512 0.1647 0.0803 0.1282 0.1530 0.0546 
         211  1 0.0234 0.1376 0.1170 0.1961 0.0271 0.1709 0.2954 0.0154 0.0171 
         216  1 0.0110 0.0345 0.1872 0.0446 0.0179 0.3865 0.3007 0.0066 0.0111 
         222  1 0.0211 0.0163 0.0300 0.0637 0.0551 0.4308 0.2140 0.0061 0.1629 
         224  1 0.0134 0.0145 0.0091 0.1119 0.1481 0.0496 0.0179 0.0414 0.5941 
         229  1 0.0214 0.0602 0.0264 0.1811 0.1962 0.0476 0.0311 0.3398 0.0963 
         230  1 0.0169 0.0273 0.0119 0.1165 0.1509 0.0652 0.0509 0.4783 0.0821 
         232  1 0.0654 0.1195 0.0400 0.1659 0.1321 0.0766 0.1088 0.1661 0.1256 
         238  1 0.2526 0.2406 0.0486 0.0542 0.2230 0.0242 0.0222 0.0460 0.0886 
         242  1 0.5882 0.1245 0.0055 0.0074 0.0863 0.0078 0.0074 0.1317 0.0413 
         243  1 0.2967 0.2238 0.0252 0.0562 0.1814 0.0472 0.0435 0.0498 0.0761 
         244  1 0.2438 0.2613 0.0531 0.0399 0.2330 0.0161 0.0111 0.0634 0.0781 
         251  1 0.2261 0.2309 0.0203 0.0651 0.2460 0.0272 0.0182 0.0765 0.0896 
         266  1 0.1612 0.2151 0.1790 0.0808 0.1910 0.0386 0.0370 0.0309 0.0664 
         267  1 0.0138 0.0149 0.0099 0.0150 0.0138 0.5462 0.3590 0.0184 0.0091 
         268  1 0.0095 0.0190 0.8395 0.0211 0.0126 0.0320 0.0480 0.0103 0.0080 
         270  1 0.0255 0.0282 0.0097 0.1607 0.1801 0.0439 0.0325 0.2182 0.3012 
         276  1 0.0228 0.0611 0.0294 0.1665 0.1434 0.0448 0.1443 0.1525 0.2352 
         298  1 0.0136 0.0202 0.7494 0.0169 0.0190 0.0756 0.0822 0.0101 0.0129 
         306  1 0.0313 0.1550 0.0251 0.2265 0.0390 0.1777 0.3054 0.0117 0.0283 
         308  1 0.0326 0.0409 0.7501 0.0266 0.0322 0.0373 0.0427 0.0153 0.0223 
         311  1 0.1094 0.1505 0.0195 0.0684 0.1608 0.2335 0.1667 0.0334 0.0578 
         327  1 0.0189 0.0557 0.0060 0.1954 0.1677 0.0664 0.0819 0.2970 0.1109 
         338  1 0.0359 0.0727 0.0492 0.0569 0.0633 0.3871 0.2798 0.0270 0.0281 
         346  1 0.0139 0.1540 0.0920 0.2357 0.0185 0.1693 0.2907 0.0146 0.0114 
         348  1 0.0250 0.0222 0.6359 0.0181 0.0265 0.1414 0.1000 0.0143 0.0166 
         351  1 0.2937 0.1941 0.0117 0.0959 0.1510 0.0411 0.0354 0.0912 0.0859 
         362  1 0.0067 0.0092 0.0049 0.1517 0.1610 0.0641 0.0263 0.5442 0.0319 
         364  1 0.5571 0.1389 0.0102 0.0215 0.0571 0.0193 0.0168 0.1168 0.0624 
         366  1 0.4579 0.1473 0.0084 0.0398 0.0946 0.0399 0.0414 0.1164 0.0543 
         376  1 0.0271 0.0726 0.0131 0.2117 0.1565 0.0215 0.1723 0.2632 0.0619 
         388  1 0.0100 0.0127 0.0084 0.0105 0.0092 0.5692 0.3639 0.0083 0.0079 
         391  1 0.0174 0.1712 0.0110 0.2354 0.0349 0.1701 0.3180 0.0235 0.0185 
         396  1 0.0306 0.0565 0.0131 0.1496 0.1416 0.0721 0.0528 0.0977 0.3860 
         400  1 0.1137 0.1141 0.0095 0.1145 0.1261 0.0441 0.0329 0.0678 0.3772 
         401  1 0.1097 0.1365 0.0665 0.1020 0.1895 0.0528 0.0417 0.2398 0.0615 
         406  1 0.0403 0.0988 0.0171 0.1610 0.0442 0.2729 0.3177 0.0220 0.0259 
         413  1 0.0655 0.1148 0.3344 0.0994 0.1275 0.0525 0.0285 0.0274 0.1500 
         421  1 0.0137 0.0279 0.0116 0.1263 0.1280 0.0700 0.0200 0.0216 0.5810 
         423  1 0.0142 0.0202 0.0077 0.1248 0.1288 0.0721 0.0115 0.0209 0.5997 
         435  1 0.0084 0.0213 0.8295 0.0277 0.0146 0.0289 0.0314 0.0060 0.0324 
         476  1 0.0425 0.0729 0.0083 0.1467 0.1651 0.0348 0.1082 0.2654 0.1562 
         484  1 0.0093 0.0190 0.0970 0.0255 0.0108 0.4784 0.3431 0.0085 0.0085 
         489  1 0.0189 0.0927 0.0190 0.1999 0.0661 0.1236 0.1345 0.0231 0.3222 
         492  1 0.2135 0.2205 0.0176 0.1208 0.2154 0.0464 0.0341 0.0626 0.0690 
         493  1 0.5650 0.1416 0.0063 0.0186 0.0354 0.0143 0.0119 0.1152 0.0917 
         494  1 0.4142 0.1913 0.0068 0.0515 0.0834 0.0197 0.0080 0.0924 0.1327 
         500  1 0.0091 0.0206 0.0032 0.1217 0.1477 0.0637 0.0454 0.4808 0.1076 
         504  1 0.0226 0.0242 0.0368 0.0251 0.0298 0.4923 0.3287 0.0229 0.0175 
         506  1 0.0065 0.0069 0.0067 0.0103 0.0092 0.5637 0.3691 0.0195 0.0082 
