

----------------------------------------------------
STRUCTURE by Pritchard, Stephens and Donnelly (2000)
     and Falush, Stephens and Pritchard (2003)
       Code by Pritchard, Falush and Hubisz
             Version 2.3.4 (Jul 2012)
----------------------------------------------------



Command line arguments:   bin\structure -m C:\Users\drenske\Desktop\STRUCTURE\Squirrel_100_ID_16L_20260210\10k_Burnin_100k_MCMC\mainparams -e C:\Users\drenske\Desktop\STRUCTURE\Squirrel_100_ID_16L_20260210\10k_Burnin_100k_MCMC\extraparams 
Input File:    C:\Users\drenske\Desktop\STRUCTURE\Squirrel_100_ID_16L_20260210\project_data

Run parameters:
   100 individuals
   16 loci
   5 populations assumed
   10000 Burn-in period
   100000 Reps


--------------------------------------------
Proportion of membership of each pre-defined
 population in each of the 5 clusters

Given    Inferred Clusters                     Number of
 Pop       1      2      3      4      5      Individuals

  1:     0.149  0.168  0.303  0.213  0.167      100
--------------------------------------------

Allele-freq. divergence among pops (Net nucleotide distance),
computed using point estimates of P.

      1       2       3       4       5      
 1      -    0.0462  0.0353  0.0368  0.0462  
 2   0.0462     -    0.0559  0.0440  0.0504  
 3   0.0353  0.0559     -    0.0364  0.0544  
 4   0.0368  0.0440  0.0364     -    0.0509  
 5   0.0462  0.0504  0.0544  0.0509     -    

Average distances (expected heterozygosity) between individuals in same cluster:
cluster  1  : 0.5783 
cluster  2  : 0.6211 
cluster  3  : 0.5801 
cluster  4  : 0.6481 
cluster  5  : 0.5676 

--------------------------------------------
Estimated Ln Prob of Data   = -3827.9
Mean value of ln likelihood = -3673.7
Variance of ln likelihood   = 308.2
Mean value of alpha         = 0.0435

Mean value of lambda        = 1.0518

Mean value of Fst_1         = 0.1347
Mean value of Fst_2         = 0.1339
Mean value of Fst_3         = 0.1428
Mean value of Fst_4         = 0.0480
Mean value of Fst_5         = 0.1646


Inferred ancestry of individuals:
        Label (%Miss) Pop:  Inferred clusters (and 90% probability intervals)
  1       1*    (0)    1 :  0.069 0.006 0.010 0.878 0.037     (0.000,0.447) (0.000,0.031) (0.000,0.056) (0.447,1.000) (0.000,0.268) 
  2        6    (0)    1 :  0.171 0.023 0.709 0.011 0.086     (0.000,1.000) (0.000,0.159) (0.000,1.000) (0.000,0.061) (0.000,0.574) 
  3        8    (0)    1 :  0.008 0.005 0.970 0.009 0.009     (0.000,0.040) (0.000,0.026) (0.838,1.000) (0.000,0.047) (0.000,0.053) 
  4       11    (0)    1 :  0.051 0.032 0.328 0.567 0.022     (0.000,0.368) (0.000,0.227) (0.000,1.000) (0.000,1.000) (0.000,0.144) 
  5       12    (0)    1 :  0.944 0.007 0.027 0.015 0.007     (0.704,1.000) (0.000,0.038) (0.000,0.172) (0.000,0.087) (0.000,0.038) 
  6       19    (0)    1 :  0.019 0.063 0.043 0.841 0.034     (0.000,0.101) (0.000,0.458) (0.000,0.314) (0.101,1.000) (0.000,0.228) 
  7       23    (6)    1 :  0.934 0.022 0.017 0.008 0.019     (0.652,1.000) (0.000,0.151) (0.000,0.112) (0.000,0.045) (0.000,0.122) 
  8       24    (6)    1 :  0.123 0.042 0.658 0.162 0.015     (0.000,0.902) (0.000,0.300) (0.000,1.000) (0.000,0.893) (0.000,0.089) 
  9       25    (6)    1 :  0.841 0.005 0.128 0.013 0.013     (0.449,1.000) (0.000,0.029) (0.000,0.502) (0.000,0.075) (0.000,0.069) 
 10      26*    (0)    1 :  0.030 0.007 0.940 0.015 0.008     (0.000,0.213) (0.000,0.038) (0.686,1.000) (0.000,0.097) (0.000,0.048) 
 11       28    (0)    1 :  0.054 0.005 0.929 0.006 0.006     (0.000,0.357) (0.000,0.027) (0.595,1.000) (0.000,0.033) (0.000,0.034) 
 12       29    (0)    1 :  0.124 0.008 0.828 0.033 0.007     (0.000,0.958) (0.000,0.043) (0.000,1.000) (0.000,0.206) (0.000,0.035) 
 13       30    (0)    1 :  0.025 0.006 0.682 0.023 0.264     (0.000,0.141) (0.000,0.033) (0.000,1.000) (0.000,0.117) (0.000,0.865) 
 14       33    (0)    1 :  0.013 0.024 0.004 0.950 0.009     (0.000,0.076) (0.000,0.164) (0.000,0.023) (0.736,1.000) (0.000,0.049) 
 15       37    (0)    1 :  0.014 0.007 0.010 0.963 0.006     (0.000,0.086) (0.000,0.039) (0.000,0.056) (0.803,1.000) (0.000,0.031) 
 16       38    (0)    1 :  0.007 0.005 0.015 0.969 0.004     (0.000,0.040) (0.000,0.025) (0.000,0.092) (0.833,1.000) (0.000,0.023) 
 17       44    (0)    1 :  0.010 0.007 0.964 0.007 0.013     (0.000,0.052) (0.000,0.038) (0.805,1.000) (0.000,0.040) (0.000,0.079) 
 18       48    (0)    1 :  0.007 0.005 0.008 0.975 0.006     (0.000,0.036) (0.000,0.025) (0.000,0.042) (0.863,1.000) (0.000,0.034) 
 19       55    (0)    1 :  0.021 0.010 0.937 0.010 0.022     (0.000,0.129) (0.000,0.055) (0.670,1.000) (0.000,0.061) (0.000,0.162) 
 20       60    (0)    1 :  0.833 0.017 0.006 0.022 0.122     (0.000,1.000) (0.000,0.068) (0.000,0.032) (0.000,0.121) (0.000,0.895) 
 21       61    (0)    1 :  0.042 0.866 0.020 0.015 0.057     (0.000,0.304) (0.439,1.000) (0.000,0.138) (0.000,0.094) (0.000,0.397) 
 22       62    (0)    1 :  0.266 0.609 0.066 0.024 0.036     (0.000,1.000) (0.000,1.000) (0.000,0.533) (0.000,0.143) (0.000,0.259) 
 23       65    (0)    1 :  0.010 0.015 0.008 0.943 0.023     (0.000,0.060) (0.000,0.106) (0.000,0.045) (0.718,1.000) (0.000,0.159) 
 24       73    (0)    1 :  0.030 0.009 0.017 0.010 0.934     (0.000,0.220) (0.000,0.050) (0.000,0.117) (0.000,0.058) (0.667,1.000) 
 25       75    (0)    1 :  0.008 0.917 0.016 0.032 0.027     (0.000,0.043) (0.619,1.000) (0.000,0.115) (0.000,0.235) (0.000,0.200) 
 26       76    (0)    1 :  0.011 0.972 0.006 0.005 0.006     (0.000,0.069) (0.845,1.000) (0.000,0.032) (0.000,0.029) (0.000,0.031) 
 27       78    (0)    1 :  0.012 0.765 0.009 0.014 0.201     (0.000,0.069) (0.000,1.000) (0.000,0.049) (0.000,0.080) (0.000,1.000) 
 28       79    (0)    1 :  0.006 0.972 0.005 0.007 0.011     (0.000,0.032) (0.848,1.000) (0.000,0.027) (0.000,0.036) (0.000,0.059) 
 29       84    (0)    1 :  0.184 0.025 0.766 0.012 0.013     (0.000,1.000) (0.000,0.178) (0.000,1.000) (0.000,0.068) (0.000,0.082) 
 30       85    (0)    1 :  0.007 0.009 0.966 0.010 0.008     (0.000,0.035) (0.000,0.050) (0.818,1.000) (0.000,0.055) (0.000,0.044) 
 31       86    (0)    1 :  0.013 0.021 0.930 0.018 0.018     (0.000,0.078) (0.000,0.142) (0.643,1.000) (0.000,0.120) (0.000,0.129) 
 32       89    (0)    1 :  0.625 0.027 0.276 0.051 0.022     (0.000,1.000) (0.000,0.174) (0.000,1.000) (0.000,0.374) (0.000,0.132) 
 33       94    (0)    1 :  0.641 0.007 0.058 0.288 0.006     (0.000,1.000) (0.000,0.036) (0.000,0.423) (0.000,1.000) (0.000,0.030) 
 34       95    (0)    1 :  0.061 0.013 0.804 0.094 0.029     (0.000,0.435) (0.000,0.076) (0.000,1.000) (0.000,0.844) (0.000,0.204) 
 35       98    (0)    1 :  0.094 0.206 0.012 0.019 0.669     (0.000,0.646) (0.000,0.993) (0.000,0.071) (0.000,0.110) (0.000,1.000) 
 36      102    (0)    1 :  0.039 0.015 0.010 0.920 0.016     (0.000,0.275) (0.000,0.099) (0.000,0.062) (0.611,1.000) (0.000,0.110) 
 37      106    (0)    1 :  0.030 0.830 0.024 0.024 0.092     (0.000,0.209) (0.012,1.000) (0.000,0.164) (0.000,0.159) (0.000,0.682) 
 38      108    (0)    1 :  0.035 0.279 0.019 0.168 0.498     (0.000,0.249) (0.000,1.000) (0.000,0.132) (0.000,0.722) (0.000,1.000) 
 39      109    (0)    1 :  0.008 0.031 0.008 0.007 0.946     (0.000,0.047) (0.000,0.223) (0.000,0.044) (0.000,0.040) (0.715,1.000) 
 40      112    (0)    1 :  0.494 0.189 0.246 0.053 0.018     (0.000,1.000) (0.000,0.994) (0.000,0.992) (0.000,0.383) (0.000,0.110) 
 41      115    (0)    1 :  0.071 0.027 0.037 0.823 0.043     (0.000,0.522) (0.000,0.168) (0.000,0.249) (0.010,1.000) (0.000,0.316) 
 42      117    (0)    1 :  0.158 0.026 0.768 0.018 0.030     (0.000,0.998) (0.000,0.190) (0.000,1.000) (0.000,0.099) (0.000,0.196) 
 43      140    (0)    1 :  0.008 0.012 0.007 0.007 0.966     (0.000,0.040) (0.000,0.065) (0.000,0.039) (0.000,0.037) (0.819,1.000) 
 44      147    (0)    1 :  0.006 0.669 0.007 0.008 0.310     (0.000,0.032) (0.000,1.000) (0.000,0.043) (0.000,0.045) (0.000,1.000) 
 45     162*    (0)    1 :  0.012 0.007 0.966 0.006 0.009     (0.000,0.058) (0.000,0.037) (0.821,1.000) (0.000,0.034) (0.000,0.049) 
 46      166    (0)    1 :  0.391 0.031 0.012 0.013 0.553     (0.000,1.000) (0.000,0.183) (0.000,0.069) (0.000,0.070) (0.000,1.000) 
 47      177    (0)    1 :  0.009 0.968 0.009 0.007 0.005     (0.000,0.053) (0.828,1.000) (0.000,0.058) (0.000,0.042) (0.000,0.030) 
 48      178    (0)    1 :  0.023 0.943 0.014 0.008 0.012     (0.000,0.150) (0.696,1.000) (0.000,0.088) (0.000,0.048) (0.000,0.062) 
 49      189    (0)    1 :  0.009 0.007 0.972 0.008 0.004     (0.000,0.048) (0.000,0.036) (0.852,1.000) (0.000,0.038) (0.000,0.024) 
 50      190    (0)    1 :  0.026 0.006 0.949 0.010 0.008     (0.000,0.118) (0.000,0.035) (0.753,1.000) (0.000,0.056) (0.000,0.043) 
 51      202    (0)    1 :  0.655 0.013 0.254 0.062 0.015     (0.000,1.000) (0.000,0.076) (0.000,0.821) (0.000,0.448) (0.000,0.086) 
 52      211    (0)    1 :  0.740 0.090 0.010 0.015 0.145     (0.000,1.000) (0.000,0.407) (0.000,0.055) (0.000,0.087) (0.000,0.926) 
 53      216    (0)    1 :  0.056 0.125 0.006 0.008 0.805     (0.000,0.420) (0.000,0.656) (0.000,0.034) (0.000,0.042) (0.000,1.000) 
 54      222    (0)    1 :  0.015 0.055 0.013 0.026 0.892     (0.000,0.074) (0.000,0.416) (0.000,0.071) (0.000,0.184) (0.422,1.000) 
 55      224    (0)    1 :  0.012 0.010 0.954 0.012 0.011     (0.000,0.070) (0.000,0.061) (0.757,1.000) (0.000,0.065) (0.000,0.070) 
 56      229    (0)    1 :  0.020 0.022 0.927 0.019 0.013     (0.000,0.116) (0.000,0.155) (0.620,1.000) (0.000,0.111) (0.000,0.072) 
 57      230    (0)    1 :  0.009 0.017 0.951 0.011 0.013     (0.000,0.049) (0.000,0.116) (0.758,1.000) (0.000,0.053) (0.000,0.086) 
 58      232    (0)    1 :  0.294 0.038 0.618 0.026 0.025     (0.000,1.000) (0.000,0.265) (0.000,1.000) (0.000,0.147) (0.000,0.178) 
 59      238    (0)    1 :  0.046 0.142 0.049 0.731 0.032     (0.000,0.321) (0.000,0.671) (0.000,0.341) (0.000,1.000) (0.000,0.235) 
 60      242    (0)    1 :  0.006 0.005 0.006 0.976 0.007     (0.000,0.032) (0.000,0.024) (0.000,0.033) (0.869,1.000) (0.000,0.041) 
 61      243    (0)    1 :  0.037 0.029 0.015 0.858 0.062     (0.000,0.258) (0.000,0.204) (0.000,0.088) (0.419,1.000) (0.000,0.413) 
 62      244    (0)    1 :  0.021 0.118 0.012 0.839 0.009     (0.000,0.141) (0.000,0.572) (0.000,0.077) (0.365,1.000) (0.000,0.054) 
 63      251    (0)    1 :  0.069 0.038 0.034 0.840 0.018     (0.000,0.474) (0.000,0.250) (0.000,0.256) (0.270,1.000) (0.000,0.120) 
 64      266    (0)    1 :  0.177 0.541 0.022 0.215 0.045     (0.000,0.925) (0.000,1.000) (0.000,0.156) (0.000,0.880) (0.000,0.324) 
 65      267    (0)    1 :  0.017 0.010 0.015 0.013 0.946     (0.000,0.100) (0.000,0.056) (0.000,0.100) (0.000,0.076) (0.715,1.000) 
 66      268    (0)    1 :  0.037 0.839 0.008 0.011 0.106     (0.000,0.269) (0.000,1.000) (0.000,0.044) (0.000,0.063) (0.000,0.937) 
 67      270    (0)    1 :  0.010 0.008 0.962 0.012 0.008     (0.000,0.053) (0.000,0.041) (0.797,1.000) (0.000,0.067) (0.000,0.046) 
 68      276    (0)    1 :  0.076 0.019 0.849 0.013 0.044     (0.000,0.769) (0.000,0.112) (0.004,1.000) (0.000,0.074) (0.000,0.334) 
 69      298    (6)    1 :  0.019 0.708 0.011 0.012 0.250     (0.000,0.129) (0.000,1.000) (0.000,0.062) (0.000,0.073) (0.000,1.000) 
 70      306    (0)    1 :  0.719 0.063 0.012 0.028 0.178     (0.000,1.000) (0.000,0.418) (0.000,0.072) (0.000,0.177) (0.000,0.902) 
 71      308    (0)    1 :  0.059 0.864 0.011 0.023 0.044     (0.000,0.399) (0.411,1.000) (0.000,0.062) (0.000,0.162) (0.000,0.321) 
 72      311    (6)    1 :  0.089 0.053 0.034 0.145 0.680     (0.000,0.606) (0.000,0.388) (0.000,0.250) (0.000,0.867) (0.000,1.000) 
 73      327    (0)    1 :  0.068 0.006 0.896 0.011 0.019     (0.000,0.566) (0.000,0.030) (0.360,1.000) (0.000,0.060) (0.000,0.130) 
 74      338    (0)    1 :  0.090 0.056 0.021 0.015 0.818     (0.000,0.676) (0.000,0.393) (0.000,0.135) (0.000,0.094) (0.002,1.000) 
 75      346    (0)    1 :  0.762 0.167 0.011 0.012 0.048     (0.000,1.000) (0.000,0.997) (0.000,0.056) (0.000,0.063) (0.000,0.338) 
 76      348    (0)    1 :  0.008 0.675 0.008 0.016 0.293     (0.000,0.044) (0.000,1.000) (0.000,0.048) (0.000,0.101) (0.000,1.000) 
 77      351    (0)    1 :  0.114 0.016 0.018 0.837 0.016     (0.000,0.941) (0.000,0.094) (0.000,0.112) (0.000,1.000) (0.000,0.090) 
 78      362    (0)    1 :  0.017 0.005 0.963 0.007 0.007     (0.000,0.085) (0.000,0.027) (0.813,1.000) (0.000,0.037) (0.000,0.040) 
 79      364    (0)    1 :  0.015 0.010 0.007 0.959 0.010     (0.000,0.099) (0.000,0.056) (0.000,0.036) (0.774,1.000) (0.000,0.054) 
 80      366    (0)    1 :  0.047 0.012 0.026 0.879 0.037     (0.000,0.332) (0.000,0.063) (0.000,0.186) (0.421,1.000) (0.000,0.264) 
 81      376    (0)    1 :  0.213 0.016 0.739 0.022 0.011     (0.000,1.000) (0.000,0.103) (0.000,1.000) (0.000,0.145) (0.000,0.063) 
 82      388    (0)    1 :  0.013 0.009 0.007 0.009 0.962     (0.000,0.079) (0.000,0.051) (0.000,0.040) (0.000,0.047) (0.793,1.000) 
 83      391    (0)    1 :  0.907 0.015 0.022 0.011 0.046     (0.558,1.000) (0.000,0.092) (0.000,0.161) (0.000,0.059) (0.000,0.326) 
 84      396   (18)    1 :  0.059 0.015 0.891 0.011 0.024     (0.000,0.426) (0.000,0.094) (0.461,1.000) (0.000,0.063) (0.000,0.169) 
 85      400   (18)    1 :  0.273 0.017 0.216 0.476 0.018     (0.000,1.000) (0.000,0.087) (0.000,0.988) (0.000,1.000) (0.000,0.120) 
 86      401    (0)    1 :  0.019 0.125 0.655 0.186 0.015     (0.000,0.113) (0.000,0.556) (0.075,1.000) (0.000,0.757) (0.000,0.087) 
 87      406    (0)    1 :  0.374 0.018 0.017 0.040 0.551     (0.000,1.000) (0.000,0.109) (0.000,0.107) (0.000,0.268) (0.000,1.000) 
 88      413    (0)    1 :  0.043 0.852 0.028 0.032 0.045     (0.000,0.283) (0.212,1.000) (0.000,0.189) (0.000,0.224) (0.000,0.328) 
 89      421    (0)    1 :  0.085 0.045 0.809 0.020 0.041     (0.000,0.628) (0.000,0.345) (0.226,1.000) (0.000,0.133) (0.000,0.310) 
 90      423    (0)    1 :  0.025 0.030 0.848 0.040 0.057     (0.000,0.146) (0.000,0.223) (0.322,1.000) (0.000,0.270) (0.000,0.408) 
 91      435    (0)    1 :  0.060 0.900 0.007 0.007 0.027     (0.000,0.389) (0.546,1.000) (0.000,0.039) (0.000,0.032) (0.000,0.189) 
 92      476    (0)    1 :  0.046 0.012 0.897 0.034 0.011     (0.000,0.324) (0.000,0.074) (0.533,1.000) (0.000,0.240) (0.000,0.067) 
 93      484    (0)    1 :  0.024 0.061 0.008 0.007 0.900     (0.000,0.164) (0.000,0.444) (0.000,0.044) (0.000,0.039) (0.439,1.000) 
 94      489    (0)    1 :  0.691 0.034 0.095 0.024 0.155     (0.000,1.000) (0.000,0.231) (0.000,0.660) (0.000,0.118) (0.000,0.969) 
 95      492   (18)    1 :  0.067 0.100 0.026 0.726 0.081     (0.000,0.616) (0.000,0.904) (0.000,0.139) (0.000,1.000) (0.000,0.748) 
 96      493    (0)    1 :  0.015 0.007 0.011 0.960 0.008     (0.000,0.094) (0.000,0.034) (0.000,0.071) (0.788,1.000) (0.000,0.047) 
 97      494    (0)    1 :  0.015 0.008 0.021 0.951 0.005     (0.000,0.083) (0.000,0.048) (0.000,0.151) (0.730,1.000) (0.000,0.029) 
 98      500    (0)    1 :  0.009 0.004 0.976 0.006 0.005     (0.000,0.050) (0.000,0.019) (0.871,1.000) (0.000,0.035) (0.000,0.027) 
 99      504    (0)    1 :  0.016 0.032 0.029 0.020 0.903     (0.000,0.095) (0.000,0.214) (0.000,0.208) (0.000,0.129) (0.548,1.000) 
100      506    (0)    1 :  0.008 0.007 0.020 0.007 0.958     (0.000,0.048) (0.000,0.035) (0.000,0.140) (0.000,0.038) (0.770,1.000) 


Estimated Allele Frequencies in each cluster
First column gives estimated ancestral frequencies


Locus 1 : Rsu3 
3 alleles
2.0% missing data
 164   (0.544) 0.500 0.622 0.573 0.582 0.502 
 166   (0.273) 0.399 0.268 0.150 0.215 0.423 
 170   (0.183) 0.100 0.111 0.277 0.203 0.075 

Locus 2 : Rsu5 
5 alleles
2.0% missing data
 137   (0.696) 0.792 0.645 0.934 0.668 0.653 
 135   (0.093) 0.131 0.063 0.010 0.108 0.019 
 139   (0.123) 0.058 0.114 0.047 0.176 0.023 
 133   (0.027) 0.005 0.005 0.003 0.025 0.004 
 131   (0.062) 0.013 0.172 0.006 0.023 0.302 

Locus 3 : Scv1 
5 alleles
1.0% missing data
 181   (0.509) 0.503 0.365 0.650 0.632 0.355 
 179   (0.220) 0.218 0.280 0.145 0.191 0.160 
 177   (0.103) 0.233 0.046 0.013 0.063 0.279 
 185   (0.138) 0.038 0.303 0.189 0.074 0.202 
 171   (0.031) 0.008 0.006 0.003 0.040 0.005 

Locus 4 : Rsu4 
9 alleles
0.0% missing data
 267   (0.182) 0.053 0.062 0.268 0.277 0.200 
 259   (0.043) 0.039 0.008 0.193 0.015 0.007 
 287   (0.175) 0.285 0.076 0.145 0.133 0.324 
 263   (0.328) 0.537 0.419 0.336 0.280 0.281 
 279   (0.076) 0.020 0.154 0.020 0.090 0.013 
 283   (0.078) 0.018 0.249 0.008 0.052 0.155 
 275   (0.045) 0.014 0.018 0.004 0.083 0.007 
 291   (0.043) 0.027 0.009 0.023 0.029 0.008 
 271   (0.029) 0.006 0.005 0.003 0.040 0.005 

Locus 5 : Rsu6 
4 alleles
0.0% missing data
 120   (0.275) 0.407 0.217 0.333 0.236 0.144 
 126   (0.627) 0.569 0.763 0.470 0.651 0.839 
 124   (0.063) 0.017 0.013 0.194 0.053 0.012 
 130   (0.035) 0.007 0.006 0.003 0.059 0.005 

Locus 6 : Scv12 
3 alleles
1.0% missing data
 198   (0.552) 0.499 0.678 0.382 0.682 0.387 
 196   (0.259) 0.305 0.223 0.276 0.165 0.525 
 200   (0.189) 0.195 0.098 0.342 0.154 0.088 

Locus 7 : Scv23 
3 alleles
1.0% missing data
 158   (0.498) 0.447 0.591 0.629 0.443 0.630 
 164   (0.199) 0.212 0.052 0.106 0.259 0.214 
 160   (0.303) 0.342 0.357 0.265 0.298 0.156 

Locus 8 : Scv13 
5 alleles
0.0% missing data
 182   (0.711) 0.888 0.672 0.875 0.679 0.863 
 180   (0.076) 0.029 0.015 0.084 0.106 0.012 
 172   (0.096) 0.048 0.195 0.009 0.073 0.092 
 184   (0.072) 0.019 0.018 0.027 0.112 0.026 
 174   (0.044) 0.015 0.100 0.004 0.030 0.007 

Locus 9 : Scv32 
17 alleles
1.0% missing data
 236   (0.040) 0.009 0.009 0.004 0.123 0.006 
 238   (0.053) 0.095 0.012 0.005 0.031 0.141 
 234   (0.130) 0.143 0.473 0.094 0.074 0.175 
 248   (0.101) 0.135 0.020 0.163 0.134 0.045 
 262   (0.102) 0.096 0.062 0.249 0.067 0.097 
 232   (0.177) 0.082 0.135 0.136 0.302 0.249 
 250   (0.031) 0.168 0.006 0.004 0.015 0.005 
 228   (0.028) 0.007 0.006 0.003 0.039 0.004 
 246   (0.055) 0.064 0.029 0.161 0.027 0.010 
 264   (0.048) 0.108 0.016 0.006 0.048 0.010 
 220   (0.037) 0.022 0.007 0.141 0.015 0.006 
 252   (0.050) 0.012 0.057 0.017 0.018 0.089 
 254   (0.037) 0.024 0.142 0.004 0.013 0.025 
 242   (0.028) 0.006 0.005 0.003 0.041 0.004 
 266   (0.025) 0.008 0.006 0.002 0.010 0.076 
 244   (0.034) 0.016 0.009 0.006 0.021 0.054 
 240   (0.024) 0.005 0.006 0.002 0.023 0.003 

Locus 10 : Scv8 
6 alleles
1.0% missing data
 200   (0.601) 0.763 0.425 0.708 0.642 0.712 
 202   (0.109) 0.050 0.081 0.011 0.152 0.101 
 194   (0.087) 0.104 0.063 0.077 0.045 0.018 
 204   (0.044) 0.023 0.009 0.073 0.026 0.007 
 188   (0.079) 0.019 0.403 0.008 0.044 0.150 
 198   (0.080) 0.042 0.020 0.123 0.090 0.013 

Locus 11 : Scv9 
5 alleles
0.0% missing data
 198   (0.321) 0.571 0.427 0.279 0.254 0.296 
 200   (0.330) 0.217 0.210 0.437 0.461 0.218 
 196   (0.264) 0.166 0.254 0.251 0.254 0.469 
 204   (0.059) 0.041 0.080 0.031 0.023 0.013 
 202   (0.026) 0.005 0.029 0.002 0.009 0.004 

Locus 12 : Rsu1 
6 alleles
0.0% missing data
 189   (0.287) 0.205 0.221 0.134 0.442 0.166 
 185   (0.278) 0.195 0.331 0.230 0.210 0.725 
 177   (0.086) 0.030 0.072 0.126 0.054 0.030 
 181   (0.270) 0.524 0.362 0.206 0.265 0.067 
 193   (0.045) 0.037 0.008 0.183 0.015 0.007 
 197   (0.035) 0.009 0.006 0.121 0.014 0.005 

Locus 13 : Scv14 
7 alleles
3.0% missing data
 196   (0.514) 0.621 0.591 0.784 0.478 0.637 
 198   (0.088) 0.178 0.034 0.009 0.112 0.054 
 194   (0.145) 0.095 0.146 0.079 0.167 0.075 
 202   (0.177) 0.062 0.202 0.118 0.198 0.221 
 204   (0.025) 0.006 0.005 0.002 0.023 0.004 
 190   (0.026) 0.027 0.005 0.005 0.010 0.004 
 200   (0.026) 0.011 0.017 0.003 0.013 0.005 

Locus 14 : Scv16 
7 alleles
0.0% missing data
 182   (0.388) 0.561 0.460 0.488 0.320 0.432 
 184   (0.408) 0.380 0.272 0.387 0.490 0.512 
 188   (0.071) 0.015 0.013 0.112 0.118 0.011 
 200   (0.026) 0.005 0.005 0.002 0.024 0.004 
 198   (0.042) 0.024 0.157 0.004 0.014 0.014 
 190   (0.038) 0.009 0.086 0.004 0.013 0.023 
 186   (0.026) 0.006 0.007 0.003 0.021 0.004 

Locus 15 : Scv31 
15 alleles
2.0% missing data
 193   (0.148) 0.288 0.097 0.083 0.108 0.226 
 201   (0.083) 0.026 0.022 0.078 0.173 0.023 
 187   (0.075) 0.073 0.015 0.207 0.029 0.154 
 207   (0.028) 0.019 0.005 0.098 0.010 0.005 
 195   (0.077) 0.054 0.135 0.067 0.028 0.133 
 185   (0.174) 0.254 0.181 0.082 0.151 0.256 
 189   (0.072) 0.095 0.013 0.011 0.195 0.011 
 205   (0.023) 0.005 0.005 0.003 0.022 0.004 
 191   (0.121) 0.135 0.434 0.280 0.068 0.023 
 197   (0.034) 0.008 0.006 0.015 0.012 0.118 
 199   (0.054) 0.013 0.060 0.005 0.067 0.026 
 203   (0.030) 0.006 0.005 0.003 0.057 0.004 
 209   (0.028) 0.008 0.007 0.003 0.038 0.004 
 181   (0.027) 0.007 0.005 0.062 0.009 0.004 
 213   (0.026) 0.008 0.009 0.003 0.032 0.008 

Locus 16 : Scv6 
8 alleles
0.0% missing data
 191   (0.113) 0.073 0.023 0.127 0.167 0.040 
 195   (0.366) 0.563 0.279 0.469 0.337 0.561 
 197   (0.205) 0.223 0.287 0.314 0.131 0.239 
 201   (0.074) 0.023 0.085 0.010 0.141 0.012 
 193   (0.092) 0.022 0.194 0.013 0.109 0.069 
 205   (0.025) 0.005 0.004 0.002 0.024 0.004 
 199   (0.097) 0.086 0.123 0.062 0.051 0.070 
 181   (0.028) 0.006 0.005 0.003 0.040 0.005 

Values of parameters used in structure:
DATAFILE=C:\Users\drenske\Desktop\STRUCTURE\Squirrel_100_ID_16L_20260210\project_data,	OUTFILE=C:\Users\drenske\Desktop\STRUCTURE\Squirrel_100_ID_16L_20260210\10k_Burnin_100k_MCMC\Results\10k_Burnin_100k_MCMC_run_107,	NUMINDS=100,	NUMLOCI=16,	MISSING=-9,	LABEL=1,	POPDATA=1,	POPFLAG=0,	PHENOTYPE=0,	EXTRACOLS=1,	MAXPOPS=5,	BURNIN=10000,	NUMREPS=100000,	USEPOPINFO=0,	INFERALPHA=1,	INFERLAMBDA=1,	POPSPECIFICLAMBDA=0,	POPALPHAS=0,	COMPUTEPROB=1,	NOADMIX=0,	ADMBURNIN=2500,	UPDATEFREQ=1,	PRINTLIKES=0,	INTERMEDSAVE=0,	PRINTKLD=0,	PRINTNET=0,	PRINTLAMBDA=0,	ANCESTDIST=1,	NUMBOXES=1000,	ANCESTPINT=0.90000,	GENSBACK=2,	MIGRPRIOR=0.05000,	PRINTQHAT=1,	PRINTQSUM=0,	ALPHA=1.0000,	FREQSCORR=1,	FPRIORMEAN=0.0100,	FPRIORSD=0.0500,	ONEFST=0,	LAMBDA=1.0000,	UNIFPRIORALPHA=1,	ALPHAMAX=10.0000,	ALPHAPRIORA=1.0000,	ALPHAPRIORB=2.0000,	ALPHAPROPSD=0.0250,	STARTATPOPINFO=0,	RANDOMIZE=1,	LINKAGE=0,	METROFREQ=10,	REPORTHITRATE=0,	MARKOVPHASE=-1,	PHASED=0,	PLOIDY=2,	PHASEINFO=0	LOCPRIOR=0, 	LOCPRIORINIT=1.000000, 	LOCDATA=0, 	LOCISPOP=0, 	LOCPRIORSTEP=0.100000, 	MAXLOCPRIOR=20.000000, 	SEED=1770759679,	
[STRAT parameters]:    NUMSIMSTATS=1000,	PHENOTYPECOL=-9,	POOLFREQ=10,	LOCUSxONLY=0,	EMERROR=0.00100,	MISSINGPHENO=-9,	