

----------------------------------------------------
STRUCTURE by Pritchard, Stephens and Donnelly (2000)
     and Falush, Stephens and Pritchard (2003)
       Code by Pritchard, Falush and Hubisz
             Version 2.3.4 (Jul 2012)
----------------------------------------------------



Command line arguments:   bin\structure -m C:\Users\drenske\Desktop\STRUCTURE\Squirrel_100_ID_16L_20260210\10k_Burnin_100k_MCMC\mainparams -e C:\Users\drenske\Desktop\STRUCTURE\Squirrel_100_ID_16L_20260210\10k_Burnin_100k_MCMC\extraparams 
Input File:    C:\Users\drenske\Desktop\STRUCTURE\Squirrel_100_ID_16L_20260210\project_data

Run parameters:
   100 individuals
   16 loci
   10 populations assumed
   10000 Burn-in period
   100000 Reps


--------------------------------------------
Proportion of membership of each pre-defined
 population in each of the 10 clusters

Given    Inferred Clusters                                                        Number of
 Pop       1      2      3      4      5      6      7      8      9     10      Individuals

  1:     0.096  0.095  0.093  0.116  0.098  0.081  0.108  0.093  0.091  0.129      100
--------------------------------------------

Allele-freq. divergence among pops (Net nucleotide distance),
computed using point estimates of P.

      1       2       3       4       5       6       7       8       9      10      
 1      -    0.0059  0.0086  0.0216  0.0027  0.0032  0.0224  0.0112  0.0046  0.0499  
 2   0.0059     -    0.0035  0.0121  0.0123  0.0037  0.0169  0.0017  0.0028  0.0404  
 3   0.0086  0.0035     -    0.0049  0.0126  0.0073  0.0222  0.0072  0.0083  0.0395  
 4   0.0216  0.0121  0.0049     -    0.0264  0.0213  0.0386  0.0169  0.0202  0.0475  
 5   0.0027  0.0123  0.0126  0.0264     -    0.0098  0.0328  0.0192  0.0126  0.0533  
 6   0.0032  0.0037  0.0073  0.0213  0.0098     -    0.0125  0.0062  0.0014  0.0450  
 7   0.0224  0.0169  0.0222  0.0386  0.0328  0.0125     -    0.0133  0.0163  0.0657  
 8   0.0112  0.0017  0.0072  0.0169  0.0192  0.0062  0.0133     -    0.0047  0.0415  
 9   0.0046  0.0028  0.0083  0.0202  0.0126  0.0014  0.0163  0.0047     -    0.0469  
10   0.0499  0.0404  0.0395  0.0475  0.0533  0.0450  0.0657  0.0415  0.0469     -    

Average distances (expected heterozygosity) between individuals in same cluster:
cluster  1  : 0.6025 
cluster  2  : 0.6315 
cluster  3  : 0.6284 
cluster  4  : 0.6018 
cluster  5  : 0.5869 
cluster  6  : 0.6224 
cluster  7  : 0.6250 
cluster  8  : 0.6425 
cluster  9  : 0.6160 
cluster 10  : 0.6065 

--------------------------------------------
Estimated Ln Prob of Data   = -4043.4
Mean value of ln likelihood = -3545.7
Variance of ln likelihood   = 995.4
Mean value of alpha         = 0.0452

Mean value of lambda        = 0.9831

Mean value of Fst_1         = 0.2015
Mean value of Fst_2         = 0.1558
Mean value of Fst_3         = 0.1350
Mean value of Fst_4         = 0.1901
Mean value of Fst_5         = 0.2012
Mean value of Fst_6         = 0.1290
Mean value of Fst_7         = 0.1497
Mean value of Fst_8         = 0.1033
Mean value of Fst_9         = 0.1572
Mean value of Fst_10         = 0.1792


Inferred ancestry of individuals:
        Label (%Miss) Pop:  Inferred clusters (and 90% probability intervals)
  1       1*    (0)    1 :  0.066 0.091 0.044 0.067 0.085 0.067 0.444 0.104 0.026 0.005     (0.000,0.448) (0.000,0.763) (0.000,0.300) (0.000,0.574) (0.000,0.463) (0.000,0.591) (0.000,0.994) (0.000,0.822) (0.000,0.142) (0.000,0.029) 
  2        6    (0)    1 :  0.146 0.047 0.085 0.067 0.261 0.139 0.041 0.045 0.158 0.012     (0.000,0.963) (0.000,0.325) (0.000,0.784) (0.000,0.543) (0.000,0.996) (0.000,0.972) (0.000,0.214) (0.000,0.300) (0.000,0.981) (0.000,0.068) 
  3        8    (0)    1 :  0.169 0.097 0.046 0.080 0.107 0.125 0.122 0.087 0.162 0.005     (0.000,0.855) (0.000,0.662) (0.000,0.326) (0.000,0.559) (0.000,0.812) (0.000,0.817) (0.000,0.812) (0.000,0.540) (0.000,0.865) (0.000,0.030) 
  4       11    (0)    1 :  0.084 0.119 0.147 0.052 0.039 0.153 0.081 0.178 0.134 0.011     (0.000,0.769) (0.000,0.886) (0.000,0.968) (0.000,0.413) (0.000,0.249) (0.000,0.969) (0.000,0.618) (0.000,0.969) (0.000,0.942) (0.000,0.062) 
  5       12    (0)    1 :  0.202 0.139 0.097 0.032 0.299 0.103 0.030 0.029 0.062 0.007     (0.000,0.984) (0.000,0.976) (0.000,0.937) (0.000,0.128) (0.000,0.995) (0.000,0.929) (0.000,0.169) (0.000,0.160) (0.000,0.494) (0.000,0.037) 
  6       19    (0)    1 :  0.037 0.121 0.151 0.063 0.018 0.165 0.076 0.224 0.109 0.036     (0.000,0.204) (0.000,0.936) (0.000,0.972) (0.000,0.533) (0.000,0.089) (0.000,0.975) (0.000,0.603) (0.000,0.991) (0.000,0.912) (0.000,0.257) 
  7       23    (6)    1 :  0.239 0.115 0.062 0.021 0.396 0.053 0.017 0.027 0.045 0.024     (0.000,0.987) (0.000,0.910) (0.000,0.519) (0.000,0.128) (0.000,0.998) (0.000,0.408) (0.000,0.104) (0.000,0.148) (0.000,0.312) (0.000,0.168) 
  8       24    (6)    1 :  0.119 0.082 0.108 0.024 0.135 0.168 0.078 0.098 0.172 0.016     (0.000,0.886) (0.000,0.708) (0.000,0.863) (0.000,0.124) (0.000,0.942) (0.000,0.956) (0.000,0.729) (0.000,0.821) (0.000,0.973) (0.000,0.109) 
  9       25    (6)    1 :  0.228 0.121 0.061 0.023 0.379 0.060 0.011 0.039 0.073 0.005     (0.000,0.930) (0.000,0.855) (0.000,0.481) (0.000,0.170) (0.000,0.974) (0.000,0.430) (0.000,0.065) (0.000,0.274) (0.000,0.487) (0.000,0.028) 
 10      26*    (0)    1 :  0.203 0.060 0.048 0.030 0.159 0.159 0.138 0.035 0.165 0.005     (0.000,0.969) (0.000,0.483) (0.000,0.336) (0.000,0.172) (0.000,0.968) (0.000,0.934) (0.000,0.925) (0.000,0.230) (0.000,0.949) (0.000,0.026) 
 11       28    (0)    1 :  0.141 0.094 0.068 0.089 0.173 0.127 0.043 0.070 0.190 0.005     (0.000,0.957) (0.000,0.870) (0.000,0.687) (0.000,0.922) (0.000,0.984) (0.000,0.959) (0.000,0.278) (0.000,0.604) (0.000,0.986) (0.000,0.030) 
 12       29    (0)    1 :  0.164 0.068 0.083 0.017 0.172 0.174 0.113 0.027 0.175 0.007     (0.000,0.978) (0.000,0.574) (0.000,0.783) (0.000,0.079) (0.000,0.982) (0.000,0.978) (0.000,0.935) (0.000,0.168) (0.000,0.985) (0.000,0.042) 
 13       30    (0)    1 :  0.149 0.059 0.119 0.125 0.145 0.144 0.117 0.026 0.109 0.006     (0.000,0.849) (0.000,0.466) (0.000,0.681) (0.000,0.593) (0.000,0.937) (0.000,0.886) (0.000,0.793) (0.000,0.146) (0.000,0.742) (0.000,0.034) 
 14       33    (0)    1 :  0.027 0.102 0.015 0.067 0.017 0.068 0.535 0.106 0.023 0.039     (0.000,0.134) (0.000,0.937) (0.000,0.077) (0.000,0.865) (0.000,0.118) (0.000,0.806) (0.000,0.999) (0.000,0.932) (0.000,0.094) (0.000,0.255) 
 15       37    (0)    1 :  0.012 0.063 0.037 0.022 0.011 0.019 0.637 0.177 0.013 0.009     (0.000,0.062) (0.000,0.694) (0.000,0.180) (0.000,0.085) (0.000,0.067) (0.000,0.103) (0.000,1.000) (0.000,0.993) (0.000,0.075) (0.000,0.054) 
 16       38    (0)    1 :  0.032 0.073 0.018 0.030 0.007 0.024 0.618 0.176 0.017 0.004     (0.000,0.133) (0.000,0.812) (0.000,0.095) (0.000,0.108) (0.000,0.039) (0.000,0.138) (0.000,1.000) (0.000,0.991) (0.000,0.097) (0.000,0.021) 
 17       44    (0)    1 :  0.108 0.176 0.037 0.155 0.056 0.038 0.022 0.218 0.186 0.005     (0.000,0.899) (0.000,0.986) (0.000,0.236) (0.000,0.980) (0.000,0.427) (0.000,0.273) (0.000,0.113) (0.000,0.991) (0.000,0.985) (0.000,0.028) 
 18       48    (0)    1 :  0.008 0.067 0.038 0.019 0.006 0.010 0.658 0.181 0.010 0.004     (0.000,0.041) (0.000,0.871) (0.000,0.132) (0.000,0.056) (0.000,0.033) (0.000,0.052) (0.000,1.000) (0.000,0.996) (0.000,0.056) (0.000,0.023) 
 19       55    (0)    1 :  0.123 0.128 0.067 0.107 0.108 0.088 0.067 0.137 0.168 0.010     (0.000,0.784) (0.000,0.804) (0.000,0.531) (0.000,0.782) (0.000,0.733) (0.000,0.632) (0.000,0.514) (0.000,0.778) (0.000,0.856) (0.000,0.062) 
 20       60    (0)    1 :  0.330 0.064 0.027 0.025 0.483 0.030 0.011 0.013 0.010 0.007     (0.000,0.999) (0.000,0.799) (0.000,0.129) (0.000,0.134) (0.000,1.000) (0.000,0.118) (0.000,0.064) (0.000,0.056) (0.000,0.049) (0.000,0.041) 
 21       61    (0)    1 :  0.049 0.042 0.047 0.054 0.058 0.041 0.016 0.032 0.032 0.628     (0.000,0.356) (0.000,0.294) (0.000,0.340) (0.000,0.384) (0.000,0.416) (0.000,0.288) (0.000,0.104) (0.000,0.215) (0.000,0.214) (0.000,0.998) 
 22       62    (0)    1 :  0.109 0.126 0.106 0.042 0.121 0.090 0.015 0.089 0.119 0.182     (0.000,0.860) (0.000,0.894) (0.000,0.880) (0.000,0.295) (0.000,0.878) (0.000,0.799) (0.000,0.092) (0.000,0.718) (0.000,0.909) (0.000,0.958) 
 23       65    (0)    1 :  0.020 0.082 0.087 0.052 0.010 0.080 0.465 0.149 0.037 0.018     (0.000,0.095) (0.000,0.779) (0.000,0.802) (0.000,0.329) (0.000,0.062) (0.000,0.760) (0.000,0.999) (0.000,0.948) (0.000,0.210) (0.000,0.122) 
 24       73    (0)    1 :  0.023 0.100 0.273 0.510 0.027 0.018 0.009 0.015 0.017 0.009     (0.000,0.161) (0.000,0.916) (0.000,0.994) (0.000,0.999) (0.000,0.190) (0.000,0.112) (0.000,0.052) (0.000,0.094) (0.000,0.112) (0.000,0.047) 
 25       75    (0)    1 :  0.017 0.029 0.040 0.031 0.010 0.034 0.027 0.036 0.027 0.749     (0.000,0.107) (0.000,0.211) (0.000,0.285) (0.000,0.229) (0.000,0.057) (0.000,0.243) (0.000,0.202) (0.000,0.250) (0.000,0.190) (0.318,0.999) 
 26       76    (0)    1 :  0.008 0.010 0.007 0.006 0.010 0.008 0.005 0.007 0.007 0.932     (0.000,0.045) (0.000,0.040) (0.000,0.038) (0.000,0.033) (0.000,0.056) (0.000,0.042) (0.000,0.027) (0.000,0.036) (0.000,0.036) (0.727,1.000) 
 27       78    (0)    1 :  0.014 0.023 0.064 0.138 0.012 0.014 0.012 0.014 0.013 0.697     (0.000,0.079) (0.000,0.134) (0.000,0.547) (0.000,0.858) (0.000,0.072) (0.000,0.081) (0.000,0.074) (0.000,0.086) (0.000,0.074) (0.000,1.000) 
 28       79    (0)    1 :  0.007 0.011 0.013 0.013 0.006 0.011 0.006 0.014 0.011 0.908     (0.000,0.041) (0.000,0.063) (0.000,0.083) (0.000,0.079) (0.000,0.032) (0.000,0.066) (0.000,0.036) (0.000,0.087) (0.000,0.067) (0.656,1.000) 
 29       84    (0)    1 :  0.160 0.070 0.087 0.052 0.211 0.125 0.017 0.073 0.191 0.014     (0.000,0.970) (0.000,0.596) (0.000,0.743) (0.000,0.428) (0.000,0.988) (0.000,0.927) (0.000,0.089) (0.000,0.591) (0.000,0.978) (0.000,0.089) 
 30       85    (0)    1 :  0.066 0.232 0.014 0.151 0.015 0.019 0.011 0.273 0.210 0.009     (0.000,0.688) (0.000,0.995) (0.000,0.075) (0.000,0.989) (0.000,0.065) (0.000,0.104) (0.000,0.063) (0.000,0.997) (0.000,0.995) (0.000,0.052) 
 31       86    (0)    1 :  0.077 0.198 0.068 0.091 0.034 0.073 0.038 0.215 0.191 0.016     (0.000,0.567) (0.000,0.955) (0.000,0.501) (0.000,0.753) (0.000,0.228) (0.000,0.524) (0.000,0.281) (0.000,0.949) (0.000,0.929) (0.000,0.098) 
 32       89    (0)    1 :  0.135 0.095 0.099 0.032 0.221 0.150 0.024 0.075 0.153 0.015     (0.000,0.891) (0.000,0.780) (0.000,0.817) (0.000,0.213) (0.000,0.985) (0.000,0.949) (0.000,0.148) (0.000,0.609) (0.000,0.949) (0.000,0.093) 
 33       94    (0)    1 :  0.090 0.148 0.117 0.050 0.115 0.110 0.158 0.127 0.078 0.007     (0.000,0.759) (0.000,0.977) (0.000,0.953) (0.000,0.413) (0.000,0.837) (0.000,0.949) (0.000,0.907) (0.000,0.934) (0.000,0.733) (0.000,0.040) 
 34       95    (0)    1 :  0.148 0.103 0.058 0.062 0.111 0.120 0.147 0.082 0.159 0.010     (0.000,0.914) (0.000,0.849) (0.000,0.506) (0.000,0.583) (0.000,0.805) (0.000,0.877) (0.000,0.925) (0.000,0.707) (0.000,0.965) (0.000,0.053) 
 35       98    (0)    1 :  0.109 0.073 0.132 0.230 0.103 0.053 0.011 0.044 0.041 0.203     (0.000,0.741) (0.000,0.602) (0.000,0.881) (0.000,0.979) (0.000,0.700) (0.000,0.399) (0.000,0.061) (0.000,0.306) (0.000,0.282) (0.000,0.852) 
 36      102    (0)    1 :  0.041 0.091 0.147 0.022 0.022 0.150 0.169 0.240 0.106 0.011     (0.000,0.236) (0.000,0.821) (0.000,0.971) (0.000,0.126) (0.000,0.149) (0.000,0.970) (0.000,0.896) (0.000,0.990) (0.000,0.903) (0.000,0.064) 
 37      106    (0)    1 :  0.037 0.056 0.093 0.069 0.024 0.065 0.014 0.081 0.053 0.506     (0.000,0.254) (0.000,0.419) (0.000,0.745) (0.000,0.514) (0.000,0.165) (0.000,0.543) (0.000,0.091) (0.000,0.673) (0.000,0.388) (0.000,0.998) 
 38      108    (0)    1 :  0.037 0.070 0.150 0.310 0.035 0.051 0.071 0.052 0.032 0.191     (0.000,0.263) (0.000,0.561) (0.000,0.845) (0.000,0.964) (0.000,0.253) (0.000,0.376) (0.000,0.435) (0.000,0.373) (0.000,0.214) (0.000,0.911) 
 39      109    (0)    1 :  0.011 0.090 0.278 0.506 0.011 0.013 0.008 0.011 0.012 0.059     (0.000,0.064) (0.000,0.920) (0.000,0.996) (0.000,1.000) (0.000,0.066) (0.000,0.075) (0.000,0.047) (0.000,0.065) (0.000,0.067) (0.000,0.339) 
 40      112    (0)    1 :  0.161 0.118 0.064 0.070 0.137 0.078 0.018 0.171 0.121 0.063     (0.000,0.816) (0.000,0.738) (0.000,0.552) (0.000,0.565) (0.000,0.726) (0.000,0.602) (0.000,0.111) (0.000,0.889) (0.000,0.790) (0.000,0.471) 
 41      115    (0)    1 :  0.059 0.127 0.152 0.036 0.040 0.175 0.091 0.172 0.131 0.018     (0.000,0.474) (0.000,0.936) (0.000,0.961) (0.000,0.239) (0.000,0.282) (0.000,0.984) (0.000,0.688) (0.000,0.979) (0.000,0.952) (0.000,0.108) 
 42      117    (0)    1 :  0.178 0.026 0.067 0.029 0.240 0.165 0.053 0.030 0.193 0.018     (0.000,0.982) (0.000,0.147) (0.000,0.667) (0.000,0.146) (0.000,0.995) (0.000,0.975) (0.000,0.410) (0.000,0.148) (0.000,0.988) (0.000,0.122) 
 43      140    (0)    1 :  0.023 0.099 0.281 0.528 0.021 0.009 0.007 0.009 0.011 0.013     (0.000,0.100) (0.000,0.966) (0.000,0.999) (0.000,1.000) (0.000,0.102) (0.000,0.048) (0.000,0.036) (0.000,0.044) (0.000,0.049) (0.000,0.082) 
 44      147    (0)    1 :  0.007 0.031 0.090 0.235 0.006 0.008 0.007 0.011 0.010 0.595     (0.000,0.039) (0.000,0.148) (0.000,0.877) (0.000,0.994) (0.000,0.031) (0.000,0.043) (0.000,0.041) (0.000,0.063) (0.000,0.057) (0.000,1.000) 
 45     162*    (0)    1 :  0.167 0.112 0.028 0.034 0.107 0.157 0.154 0.044 0.189 0.008     (0.000,0.971) (0.000,0.917) (0.000,0.140) (0.000,0.221) (0.000,0.930) (0.000,0.959) (0.000,0.974) (0.000,0.315) (0.000,0.969) (0.000,0.044) 
 46      166    (0)    1 :  0.285 0.061 0.067 0.097 0.399 0.035 0.008 0.015 0.014 0.018     (0.000,0.998) (0.000,0.609) (0.000,0.640) (0.000,0.846) (0.000,0.999) (0.000,0.159) (0.000,0.043) (0.000,0.073) (0.000,0.079) (0.000,0.117) 
 47      177    (0)    1 :  0.011 0.017 0.011 0.009 0.010 0.013 0.008 0.011 0.011 0.899     (0.000,0.068) (0.000,0.077) (0.000,0.057) (0.000,0.041) (0.000,0.056) (0.000,0.076) (0.000,0.046) (0.000,0.065) (0.000,0.065) (0.625,1.000) 
 48      178    (0)    1 :  0.015 0.013 0.013 0.021 0.022 0.015 0.008 0.013 0.015 0.865     (0.000,0.097) (0.000,0.077) (0.000,0.077) (0.000,0.124) (0.000,0.145) (0.000,0.091) (0.000,0.048) (0.000,0.069) (0.000,0.089) (0.503,1.000) 
 49      189    (0)    1 :  0.055 0.237 0.009 0.158 0.014 0.019 0.015 0.273 0.213 0.006     (0.000,0.421) (0.000,0.997) (0.000,0.044) (0.000,0.991) (0.000,0.064) (0.000,0.109) (0.000,0.095) (0.000,0.997) (0.000,0.996) (0.000,0.034) 
 50      190    (0)    1 :  0.161 0.087 0.058 0.040 0.167 0.162 0.103 0.038 0.177 0.008     (0.000,0.958) (0.000,0.750) (0.000,0.492) (0.000,0.237) (0.000,0.974) (0.000,0.960) (0.000,0.908) (0.000,0.261) (0.000,0.973) (0.000,0.048) 
 51      202    (0)    1 :  0.152 0.115 0.107 0.023 0.181 0.138 0.076 0.085 0.116 0.007     (0.000,0.724) (0.000,0.761) (0.000,0.792) (0.000,0.120) (0.000,0.883) (0.000,0.796) (0.000,0.558) (0.000,0.672) (0.000,0.755) (0.000,0.038) 
 52      211    (0)    1 :  0.227 0.075 0.068 0.064 0.342 0.040 0.016 0.033 0.028 0.107     (0.000,0.942) (0.000,0.657) (0.000,0.548) (0.000,0.492) (0.000,0.980) (0.000,0.276) (0.000,0.105) (0.000,0.206) (0.000,0.165) (0.000,0.416) 
 53      216    (0)    1 :  0.081 0.076 0.169 0.358 0.099 0.018 0.006 0.015 0.013 0.165     (0.000,0.573) (0.000,0.686) (0.000,0.957) (0.000,0.994) (0.000,0.603) (0.000,0.084) (0.000,0.032) (0.000,0.080) (0.000,0.065) (0.000,0.679) 
 54      222    (0)    1 :  0.039 0.126 0.208 0.422 0.006 0.024 0.013 0.088 0.050 0.023     (0.000,0.278) (0.000,0.842) (0.000,0.979) (0.000,0.997) (0.000,0.032) (0.000,0.131) (0.000,0.077) (0.000,0.596) (0.000,0.413) (0.000,0.153) 
 55      224    (0)    1 :  0.072 0.202 0.025 0.172 0.027 0.030 0.018 0.251 0.194 0.009     (0.000,0.675) (0.000,0.990) (0.000,0.144) (0.000,0.989) (0.000,0.168) (0.000,0.197) (0.000,0.102) (0.000,0.994) (0.000,0.990) (0.000,0.050) 
 56      229    (0)    1 :  0.176 0.073 0.084 0.039 0.137 0.144 0.094 0.059 0.174 0.019     (0.000,0.958) (0.000,0.561) (0.000,0.689) (0.000,0.266) (0.000,0.933) (0.000,0.881) (0.000,0.776) (0.000,0.430) (0.000,0.956) (0.000,0.138) 
 57      230    (0)    1 :  0.192 0.105 0.015 0.023 0.078 0.167 0.216 0.020 0.169 0.014     (0.000,0.988) (0.000,0.923) (0.000,0.094) (0.000,0.121) (0.000,0.894) (0.000,0.979) (0.000,0.994) (0.000,0.112) (0.000,0.984) (0.000,0.100) 
 58      232    (0)    1 :  0.121 0.110 0.122 0.042 0.117 0.148 0.050 0.098 0.150 0.040     (0.000,0.737) (0.000,0.733) (0.000,0.801) (0.000,0.308) (0.000,0.713) (0.000,0.868) (0.000,0.397) (0.000,0.710) (0.000,0.870) (0.000,0.291) 
 59      238    (0)    1 :  0.036 0.110 0.158 0.037 0.018 0.154 0.127 0.214 0.086 0.060     (0.000,0.244) (0.000,0.828) (0.000,0.962) (0.000,0.242) (0.000,0.115) (0.000,0.951) (0.000,0.745) (0.000,0.982) (0.000,0.721) (0.000,0.399) 
 60      242    (0)    1 :  0.023 0.096 0.012 0.064 0.007 0.056 0.623 0.099 0.015 0.005     (0.000,0.072) (0.000,0.954) (0.000,0.065) (0.000,0.841) (0.000,0.037) (0.000,0.602) (0.000,1.000) (0.000,0.963) (0.000,0.066) (0.000,0.031) 
 61      243    (0)    1 :  0.055 0.086 0.138 0.054 0.033 0.151 0.221 0.154 0.079 0.029     (0.000,0.393) (0.000,0.786) (0.000,0.942) (0.000,0.390) (0.000,0.241) (0.000,0.959) (0.000,0.944) (0.000,0.950) (0.000,0.751) (0.000,0.210) 
 62      244    (0)    1 :  0.028 0.119 0.141 0.059 0.013 0.162 0.121 0.215 0.078 0.063     (0.000,0.133) (0.000,0.938) (0.000,0.971) (0.000,0.648) (0.000,0.075) (0.000,0.973) (0.000,0.778) (0.000,0.990) (0.000,0.787) (0.000,0.400) 
 63      251    (0)    1 :  0.050 0.123 0.137 0.053 0.036 0.181 0.065 0.214 0.125 0.017     (0.000,0.360) (0.000,0.915) (0.000,0.948) (0.000,0.428) (0.000,0.236) (0.000,0.977) (0.000,0.505) (0.000,0.988) (0.000,0.926) (0.000,0.092) 
 64      266    (0)    1 :  0.061 0.073 0.139 0.018 0.057 0.159 0.031 0.166 0.083 0.213     (0.000,0.443) (0.000,0.649) (0.000,0.939) (0.000,0.107) (0.000,0.399) (0.000,0.963) (0.000,0.226) (0.000,0.959) (0.000,0.754) (0.000,0.764) 
 65      267    (0)    1 :  0.025 0.091 0.277 0.511 0.021 0.018 0.019 0.012 0.016 0.010     (0.000,0.179) (0.000,0.884) (0.000,0.997) (0.000,1.000) (0.000,0.143) (0.000,0.113) (0.000,0.133) (0.000,0.068) (0.000,0.100) (0.000,0.058) 
 66      268    (0)    1 :  0.020 0.017 0.027 0.088 0.033 0.016 0.006 0.013 0.014 0.765     (0.000,0.130) (0.000,0.099) (0.000,0.175) (0.000,0.836) (0.000,0.250) (0.000,0.093) (0.000,0.034) (0.000,0.064) (0.000,0.072) (0.000,1.000) 
 67      270    (0)    1 :  0.123 0.144 0.040 0.110 0.085 0.098 0.075 0.137 0.178 0.009     (0.000,0.745) (0.000,0.884) (0.000,0.292) (0.000,0.859) (0.000,0.672) (0.000,0.673) (0.000,0.532) (0.000,0.762) (0.000,0.863) (0.000,0.049) 
 68      276    (0)    1 :  0.127 0.100 0.074 0.104 0.166 0.097 0.039 0.099 0.168 0.025     (0.000,0.896) (0.000,0.842) (0.000,0.588) (0.000,0.825) (0.000,0.967) (0.000,0.816) (0.000,0.211) (0.000,0.845) (0.000,0.960) (0.000,0.178) 
 69      298    (6)    1 :  0.021 0.029 0.061 0.177 0.021 0.020 0.010 0.018 0.016 0.627     (0.000,0.142) (0.000,0.189) (0.000,0.485) (0.000,0.969) (0.000,0.142) (0.000,0.111) (0.000,0.059) (0.000,0.105) (0.000,0.094) (0.000,1.000) 
 70      306    (0)    1 :  0.272 0.080 0.057 0.045 0.403 0.048 0.012 0.039 0.024 0.021     (0.000,0.986) (0.000,0.626) (0.000,0.404) (0.000,0.316) (0.000,0.996) (0.000,0.360) (0.000,0.070) (0.000,0.256) (0.000,0.158) (0.000,0.144) 
 71      308    (0)    1 :  0.029 0.036 0.042 0.073 0.036 0.027 0.025 0.036 0.025 0.671     (0.000,0.209) (0.000,0.262) (0.000,0.317) (0.000,0.527) (0.000,0.271) (0.000,0.183) (0.000,0.181) (0.000,0.246) (0.000,0.162) (0.000,0.999) 
 72      311    (6)    1 :  0.058 0.109 0.202 0.233 0.035 0.115 0.037 0.100 0.092 0.019     (0.000,0.426) (0.000,0.778) (0.000,0.943) (0.000,0.933) (0.000,0.240) (0.000,0.876) (0.000,0.263) (0.000,0.831) (0.000,0.749) (0.000,0.121) 
 73      327    (0)    1 :  0.123 0.120 0.083 0.057 0.139 0.140 0.080 0.068 0.183 0.006     (0.000,0.882) (0.000,0.864) (0.000,0.671) (0.000,0.431) (0.000,0.942) (0.000,0.927) (0.000,0.734) (0.000,0.530) (0.000,0.965) (0.000,0.034) 
 74      338    (0)    1 :  0.052 0.109 0.235 0.346 0.056 0.051 0.013 0.046 0.062 0.032     (0.000,0.403) (0.000,0.855) (0.000,0.986) (0.000,0.994) (0.000,0.434) (0.000,0.368) (0.000,0.072) (0.000,0.324) (0.000,0.470) (0.000,0.230) 
 75      346    (0)    1 :  0.300 0.063 0.023 0.018 0.417 0.037 0.008 0.013 0.016 0.105     (0.000,0.998) (0.000,0.693) (0.000,0.123) (0.000,0.079) (0.000,0.999) (0.000,0.208) (0.000,0.045) (0.000,0.061) (0.000,0.079) (0.000,0.635) 
 76      348    (0)    1 :  0.016 0.050 0.120 0.216 0.010 0.025 0.015 0.026 0.023 0.499     (0.000,0.097) (0.000,0.369) (0.000,0.896) (0.000,0.976) (0.000,0.055) (0.000,0.140) (0.000,0.100) (0.000,0.171) (0.000,0.140) (0.000,0.999) 
 77      351    (0)    1 :  0.077 0.116 0.112 0.044 0.070 0.144 0.184 0.163 0.081 0.010     (0.000,0.612) (0.000,0.917) (0.000,0.915) (0.000,0.315) (0.000,0.520) (0.000,0.960) (0.000,0.973) (0.000,0.963) (0.000,0.745) (0.000,0.054) 
 78      362    (0)    1 :  0.216 0.066 0.020 0.014 0.118 0.187 0.189 0.008 0.177 0.005     (0.000,0.994) (0.000,0.809) (0.000,0.081) (0.000,0.064) (0.000,0.968) (0.000,0.989) (0.000,0.994) (0.000,0.045) (0.000,0.990) (0.000,0.025) 
 79      364    (0)    1 :  0.036 0.078 0.038 0.042 0.024 0.047 0.557 0.144 0.024 0.010     (0.000,0.209) (0.000,0.771) (0.000,0.253) (0.000,0.250) (0.000,0.169) (0.000,0.330) (0.000,1.000) (0.000,0.962) (0.000,0.124) (0.000,0.062) 
 80      366    (0)    1 :  0.053 0.091 0.039 0.068 0.046 0.072 0.485 0.104 0.034 0.008     (0.000,0.361) (0.000,0.846) (0.000,0.267) (0.000,0.584) (0.000,0.317) (0.000,0.665) (0.000,0.998) (0.000,0.880) (0.000,0.222) (0.000,0.042) 
 81      376    (0)    1 :  0.145 0.053 0.082 0.044 0.243 0.160 0.049 0.053 0.159 0.012     (0.000,0.956) (0.000,0.397) (0.000,0.789) (0.000,0.272) (0.000,0.992) (0.000,0.968) (0.000,0.320) (0.000,0.379) (0.000,0.960) (0.000,0.075) 
 82      388    (0)    1 :  0.019 0.096 0.290 0.527 0.020 0.011 0.009 0.010 0.010 0.008     (0.000,0.091) (0.000,0.960) (0.000,0.999) (0.000,1.000) (0.000,0.110) (0.000,0.061) (0.000,0.055) (0.000,0.050) (0.000,0.051) (0.000,0.047) 
 83      391    (0)    1 :  0.260 0.102 0.056 0.034 0.402 0.042 0.014 0.038 0.042 0.010     (0.000,0.987) (0.000,0.820) (0.000,0.407) (0.000,0.245) (0.000,0.995) (0.000,0.303) (0.000,0.082) (0.000,0.239) (0.000,0.301) (0.000,0.062) 
 84      396   (18)    1 :  0.114 0.139 0.068 0.099 0.077 0.087 0.024 0.195 0.184 0.013     (0.000,0.779) (0.000,0.892) (0.000,0.538) (0.000,0.807) (0.000,0.539) (0.000,0.613) (0.000,0.141) (0.000,0.958) (0.000,0.943) (0.000,0.080) 
 85      400   (18)    1 :  0.062 0.179 0.062 0.090 0.041 0.111 0.094 0.202 0.149 0.009     (0.000,0.515) (0.000,0.968) (0.000,0.526) (0.000,0.812) (0.000,0.272) (0.000,0.898) (0.000,0.647) (0.000,0.976) (0.000,0.950) (0.000,0.050) 
 86      401    (0)    1 :  0.110 0.105 0.090 0.028 0.065 0.156 0.138 0.103 0.136 0.068     (0.000,0.684) (0.000,0.702) (0.000,0.697) (0.000,0.178) (0.000,0.504) (0.000,0.832) (0.000,0.722) (0.000,0.784) (0.000,0.789) (0.000,0.413) 
 87      406    (0)    1 :  0.187 0.076 0.142 0.201 0.214 0.059 0.024 0.042 0.038 0.018     (0.000,0.954) (0.000,0.669) (0.000,0.923) (0.000,0.973) (0.000,0.966) (0.000,0.454) (0.000,0.160) (0.000,0.275) (0.000,0.262) (0.000,0.106) 
 88      413    (0)    1 :  0.065 0.140 0.139 0.076 0.022 0.074 0.015 0.133 0.118 0.217     (0.000,0.649) (0.000,0.954) (0.000,0.958) (0.000,0.634) (0.000,0.113) (0.000,0.684) (0.000,0.089) (0.000,0.927) (0.000,0.896) (0.000,0.981) 
 89      421    (0)    1 :  0.102 0.177 0.035 0.146 0.036 0.037 0.009 0.262 0.184 0.012     (0.000,0.816) (0.000,0.972) (0.000,0.231) (0.000,0.973) (0.000,0.228) (0.000,0.255) (0.000,0.048) (0.000,0.993) (0.000,0.982) (0.000,0.072) 
 90      423    (0)    1 :  0.089 0.191 0.024 0.165 0.010 0.024 0.014 0.275 0.201 0.007     (0.000,0.871) (0.000,0.989) (0.000,0.130) (0.000,0.989) (0.000,0.058) (0.000,0.136) (0.000,0.087) (0.000,0.997) (0.000,0.992) (0.000,0.036) 
 91      435    (0)    1 :  0.028 0.026 0.022 0.027 0.035 0.015 0.006 0.022 0.018 0.803     (0.000,0.206) (0.000,0.187) (0.000,0.150) (0.000,0.189) (0.000,0.254) (0.000,0.086) (0.000,0.030) (0.000,0.147) (0.000,0.114) (0.421,1.000) 
 92      476    (0)    1 :  0.137 0.091 0.068 0.057 0.126 0.128 0.118 0.074 0.192 0.009     (0.000,0.856) (0.000,0.712) (0.000,0.558) (0.000,0.492) (0.000,0.839) (0.000,0.797) (0.000,0.844) (0.000,0.558) (0.000,0.944) (0.000,0.055) 
 93      484    (0)    1 :  0.047 0.079 0.224 0.467 0.053 0.016 0.007 0.012 0.011 0.084     (0.000,0.354) (0.000,0.831) (0.000,0.992) (0.000,0.999) (0.000,0.402) (0.000,0.083) (0.000,0.043) (0.000,0.068) (0.000,0.062) (0.000,0.538) 
 94      489    (0)    1 :  0.138 0.156 0.092 0.124 0.129 0.076 0.012 0.142 0.115 0.017     (0.000,0.918) (0.000,0.971) (0.000,0.842) (0.000,0.888) (0.000,0.849) (0.000,0.805) (0.000,0.052) (0.000,0.918) (0.000,0.892) (0.000,0.090) 
 95      492   (18)    1 :  0.052 0.145 0.204 0.051 0.034 0.126 0.073 0.187 0.114 0.014     (0.000,0.382) (0.000,0.983) (0.000,0.993) (0.000,0.373) (0.000,0.181) (0.000,0.971) (0.000,0.677) (0.000,0.990) (0.000,0.957) (0.000,0.069) 
 96      493    (0)    1 :  0.015 0.070 0.049 0.021 0.012 0.025 0.615 0.169 0.018 0.007     (0.000,0.103) (0.000,0.772) (0.000,0.303) (0.000,0.087) (0.000,0.076) (0.000,0.146) (0.000,1.000) (0.000,0.986) (0.000,0.101) (0.000,0.038) 
 97      494    (0)    1 :  0.042 0.083 0.059 0.035 0.011 0.078 0.390 0.216 0.080 0.006     (0.000,0.259) (0.000,0.682) (0.000,0.471) (0.000,0.223) (0.000,0.055) (0.000,0.699) (0.000,0.997) (0.000,0.988) (0.000,0.634) (0.000,0.037) 
 98      500    (0)    1 :  0.199 0.116 0.009 0.015 0.073 0.164 0.219 0.017 0.184 0.003     (0.000,0.996) (0.000,0.978) (0.000,0.042) (0.000,0.046) (0.000,0.919) (0.000,0.994) (0.000,0.998) (0.000,0.080) (0.000,0.996) (0.000,0.018) 
 99      504    (0)    1 :  0.030 0.089 0.239 0.470 0.024 0.034 0.017 0.029 0.031 0.038     (0.000,0.193) (0.000,0.819) (0.000,0.986) (0.000,0.998) (0.000,0.169) (0.000,0.217) (0.000,0.116) (0.000,0.182) (0.000,0.207) (0.000,0.281) 
100      506    (0)    1 :  0.017 0.093 0.293 0.537 0.010 0.013 0.013 0.007 0.013 0.005     (0.000,0.106) (0.000,0.945) (0.000,0.999) (0.000,1.000) (0.000,0.057) (0.000,0.076) (0.000,0.075) (0.000,0.038) (0.000,0.077) (0.000,0.028) 


Estimated Allele Frequencies in each cluster
First column gives estimated ancestral frequencies


Locus 1 : Rsu3 
3 alleles
2.0% missing data
 164   (0.554) 0.562 0.513 0.516 0.486 0.545 0.601 0.614 0.502 0.563 0.680 
 166   (0.262) 0.282 0.277 0.331 0.379 0.327 0.219 0.166 0.239 0.211 0.215 
 170   (0.184) 0.157 0.210 0.152 0.135 0.128 0.180 0.220 0.259 0.225 0.106 

Locus 2 : Rsu5 
5 alleles
2.0% missing data
 137   (0.741) 0.847 0.783 0.711 0.679 0.838 0.818 0.709 0.778 0.851 0.668 
 135   (0.076) 0.070 0.061 0.047 0.027 0.097 0.051 0.109 0.059 0.035 0.048 
 139   (0.115) 0.063 0.094 0.099 0.043 0.050 0.096 0.145 0.120 0.088 0.069 
 133   (0.020) 0.005 0.009 0.010 0.005 0.004 0.010 0.025 0.017 0.008 0.003 
 131   (0.048) 0.014 0.053 0.133 0.246 0.011 0.026 0.013 0.027 0.019 0.211 

Locus 3 : Scv1 
5 alleles
1.0% missing data
 181   (0.522) 0.570 0.505 0.493 0.416 0.546 0.629 0.729 0.513 0.599 0.353 
 179   (0.205) 0.202 0.182 0.175 0.148 0.236 0.176 0.143 0.191 0.167 0.303 
 177   (0.098) 0.122 0.113 0.160 0.204 0.157 0.071 0.048 0.073 0.055 0.044 
 185   (0.147) 0.097 0.186 0.156 0.224 0.054 0.105 0.067 0.203 0.165 0.295 
 171   (0.029) 0.008 0.014 0.017 0.007 0.007 0.019 0.013 0.020 0.015 0.005 

Locus 4 : Rsu4 
9 alleles
0.0% missing data
 267   (0.193) 0.164 0.231 0.195 0.223 0.097 0.208 0.333 0.243 0.224 0.052 
 259   (0.055) 0.087 0.073 0.052 0.056 0.099 0.080 0.039 0.084 0.120 0.009 
 287   (0.166) 0.272 0.171 0.195 0.218 0.310 0.174 0.160 0.115 0.151 0.054 
 263   (0.339) 0.388 0.374 0.369 0.323 0.421 0.372 0.267 0.367 0.373 0.393 
 279   (0.080) 0.029 0.045 0.050 0.023 0.024 0.059 0.037 0.055 0.048 0.172 
 283   (0.065) 0.023 0.046 0.075 0.129 0.018 0.039 0.033 0.041 0.027 0.298 
 275   (0.040) 0.011 0.022 0.026 0.009 0.010 0.024 0.088 0.047 0.017 0.010 
 291   (0.035) 0.018 0.026 0.023 0.011 0.015 0.027 0.016 0.026 0.027 0.006 
 271   (0.028) 0.009 0.013 0.014 0.008 0.006 0.017 0.027 0.022 0.013 0.005 

Locus 5 : Rsu6 
4 alleles
0.0% missing data
 120   (0.262) 0.333 0.283 0.233 0.201 0.389 0.275 0.220 0.295 0.300 0.225 
 126   (0.647) 0.532 0.637 0.702 0.769 0.536 0.579 0.565 0.623 0.570 0.758 
 124   (0.068) 0.129 0.066 0.050 0.024 0.071 0.134 0.142 0.051 0.122 0.012 
 130   (0.024) 0.006 0.015 0.015 0.006 0.005 0.012 0.073 0.031 0.008 0.004 

Locus 6 : Scv12 
3 alleles
1.0% missing data
 198   (0.543) 0.453 0.520 0.468 0.445 0.447 0.471 0.595 0.597 0.468 0.688 
 196   (0.268) 0.282 0.282 0.366 0.441 0.348 0.248 0.132 0.236 0.263 0.219 
 200   (0.189) 0.266 0.198 0.166 0.115 0.205 0.280 0.273 0.167 0.269 0.092 

Locus 7 : Scv23 
3 alleles
1.0% missing data
 158   (0.519) 0.540 0.555 0.558 0.639 0.500 0.528 0.460 0.555 0.569 0.577 
 164   (0.180) 0.172 0.149 0.188 0.172 0.211 0.166 0.243 0.161 0.140 0.039 
 160   (0.301) 0.288 0.296 0.255 0.189 0.288 0.307 0.298 0.284 0.291 0.384 

Locus 8 : Scv13 
5 alleles
0.0% missing data
 182   (0.730) 0.854 0.824 0.810 0.861 0.884 0.782 0.737 0.799 0.825 0.625 
 180   (0.084) 0.066 0.065 0.059 0.028 0.044 0.089 0.100 0.076 0.083 0.015 
 172   (0.079) 0.039 0.048 0.067 0.074 0.041 0.048 0.040 0.048 0.034 0.246 
 184   (0.063) 0.028 0.044 0.040 0.027 0.021 0.052 0.109 0.053 0.040 0.013 
 174   (0.043) 0.013 0.019 0.024 0.009 0.011 0.028 0.014 0.025 0.018 0.101 

Locus 9 : Scv32 
17 alleles
1.0% missing data
 236   (0.045) 0.015 0.034 0.027 0.019 0.011 0.035 0.109 0.043 0.020 0.008 
 238   (0.045) 0.078 0.041 0.064 0.090 0.110 0.028 0.019 0.026 0.017 0.009 
 234   (0.140) 0.141 0.113 0.160 0.136 0.184 0.139 0.054 0.099 0.128 0.520 
 248   (0.107) 0.103 0.143 0.113 0.096 0.095 0.123 0.117 0.164 0.148 0.018 
 262   (0.122) 0.189 0.131 0.122 0.092 0.132 0.187 0.126 0.119 0.189 0.035 
 232   (0.164) 0.118 0.176 0.197 0.252 0.104 0.136 0.321 0.206 0.139 0.116 
 250   (0.032) 0.062 0.048 0.036 0.013 0.097 0.034 0.013 0.024 0.022 0.005 
 228   (0.024) 0.008 0.014 0.014 0.008 0.006 0.019 0.009 0.017 0.013 0.005 
 246   (0.063) 0.071 0.095 0.053 0.058 0.071 0.076 0.028 0.115 0.118 0.020 
 264   (0.040) 0.066 0.032 0.021 0.014 0.089 0.029 0.042 0.028 0.018 0.010 
 220   (0.046) 0.081 0.061 0.031 0.020 0.047 0.085 0.083 0.038 0.096 0.008 
 252   (0.042) 0.020 0.029 0.053 0.073 0.013 0.029 0.021 0.023 0.024 0.053 
 254   (0.033) 0.013 0.014 0.020 0.032 0.016 0.016 0.008 0.017 0.013 0.174 
 242   (0.024) 0.008 0.011 0.014 0.006 0.005 0.015 0.024 0.024 0.012 0.004 
 266   (0.027) 0.009 0.019 0.037 0.047 0.007 0.015 0.007 0.015 0.013 0.005 
 244   (0.027) 0.012 0.028 0.027 0.037 0.007 0.021 0.010 0.031 0.021 0.005 
 240   (0.020) 0.005 0.009 0.010 0.006 0.004 0.012 0.008 0.012 0.008 0.004 

Locus 10 : Scv8 
6 alleles
1.0% missing data
 200   (0.638) 0.760 0.649 0.694 0.656 0.786 0.714 0.687 0.612 0.682 0.396 
 202   (0.090) 0.049 0.074 0.082 0.086 0.045 0.060 0.159 0.086 0.044 0.048 
 194   (0.081) 0.075 0.081 0.055 0.046 0.091 0.060 0.028 0.091 0.078 0.041 
 204   (0.049) 0.036 0.041 0.041 0.016 0.035 0.053 0.027 0.039 0.054 0.009 
 188   (0.067) 0.019 0.044 0.083 0.132 0.016 0.038 0.029 0.040 0.027 0.491 
 198   (0.076) 0.061 0.111 0.045 0.063 0.028 0.076 0.069 0.131 0.115 0.015 

Locus 11 : Scv9 
5 alleles
0.0% missing data
 198   (0.328) 0.450 0.304 0.331 0.257 0.571 0.348 0.213 0.258 0.311 0.457 
 200   (0.329) 0.328 0.344 0.294 0.288 0.252 0.388 0.566 0.364 0.381 0.184 
 196   (0.273) 0.181 0.313 0.334 0.431 0.137 0.215 0.189 0.336 0.262 0.260 
 204   (0.050) 0.036 0.031 0.032 0.019 0.037 0.039 0.026 0.032 0.039 0.067 
 202   (0.020) 0.004 0.007 0.009 0.004 0.004 0.009 0.005 0.010 0.007 0.032 

Locus 12 : Rsu1 
6 alleles
0.0% missing data
 189   (0.272) 0.186 0.210 0.230 0.164 0.209 0.246 0.410 0.252 0.198 0.213 
 185   (0.283) 0.273 0.303 0.423 0.574 0.280 0.245 0.180 0.259 0.245 0.280 
 177   (0.083) 0.067 0.076 0.058 0.063 0.044 0.074 0.044 0.097 0.093 0.072 
 181   (0.255) 0.321 0.278 0.211 0.126 0.353 0.286 0.266 0.251 0.261 0.417 
 193   (0.061) 0.081 0.082 0.047 0.046 0.078 0.079 0.037 0.094 0.122 0.011 
 197   (0.046) 0.071 0.050 0.030 0.027 0.037 0.070 0.064 0.047 0.081 0.008 

Locus 13 : Scv14 
7 alleles
3.0% missing data
 196   (0.554) 0.666 0.615 0.634 0.653 0.658 0.666 0.621 0.564 0.684 0.617 
 198   (0.074) 0.128 0.060 0.048 0.036 0.183 0.058 0.084 0.055 0.033 0.021 
 194   (0.123) 0.080 0.130 0.100 0.091 0.053 0.094 0.153 0.171 0.112 0.115 
 202   (0.189) 0.104 0.168 0.185 0.207 0.083 0.145 0.120 0.173 0.143 0.231 
 204   (0.020) 0.006 0.008 0.011 0.004 0.005 0.012 0.009 0.013 0.009 0.003 
 190   (0.021) 0.010 0.012 0.012 0.005 0.012 0.014 0.007 0.012 0.011 0.004 
 200   (0.020) 0.006 0.008 0.011 0.004 0.006 0.012 0.006 0.011 0.008 0.008 

Locus 14 : Scv16 
7 alleles
0.0% missing data
 182   (0.423) 0.519 0.475 0.463 0.437 0.523 0.492 0.309 0.412 0.489 0.419 
 184   (0.416) 0.412 0.396 0.448 0.465 0.425 0.412 0.499 0.407 0.401 0.253 
 188   (0.058) 0.038 0.084 0.034 0.057 0.021 0.041 0.149 0.122 0.071 0.010 
 200   (0.020) 0.005 0.009 0.010 0.005 0.004 0.011 0.019 0.013 0.007 0.004 
 198   (0.032) 0.012 0.013 0.015 0.016 0.015 0.016 0.008 0.017 0.012 0.205 
 190   (0.031) 0.009 0.014 0.019 0.016 0.009 0.016 0.008 0.017 0.011 0.105 
 186   (0.020) 0.005 0.009 0.010 0.005 0.004 0.012 0.008 0.011 0.008 0.004 

Locus 15 : Scv31 
15 alleles
2.0% missing data
 193   (0.133) 0.174 0.136 0.174 0.177 0.233 0.134 0.073 0.090 0.112 0.101 
 201   (0.082) 0.069 0.060 0.062 0.041 0.054 0.091 0.175 0.088 0.077 0.019 
 187   (0.083) 0.131 0.088 0.124 0.139 0.131 0.141 0.081 0.062 0.145 0.016 
 207   (0.037) 0.047 0.037 0.036 0.027 0.058 0.046 0.019 0.044 0.068 0.007 
 195   (0.068) 0.048 0.085 0.080 0.130 0.027 0.051 0.022 0.095 0.071 0.126 
 185   (0.163) 0.226 0.146 0.166 0.171 0.260 0.135 0.111 0.140 0.115 0.192 
 189   (0.063) 0.036 0.075 0.064 0.037 0.033 0.066 0.206 0.109 0.049 0.011 
 205   (0.021) 0.005 0.010 0.011 0.006 0.004 0.012 0.007 0.012 0.009 0.004 
 191   (0.167) 0.171 0.220 0.124 0.111 0.137 0.175 0.114 0.216 0.233 0.444 
 197   (0.028) 0.017 0.026 0.060 0.084 0.016 0.023 0.013 0.014 0.016 0.005 
 199   (0.050) 0.016 0.030 0.031 0.034 0.013 0.035 0.053 0.037 0.023 0.056 
 203   (0.024) 0.007 0.018 0.011 0.010 0.005 0.017 0.067 0.020 0.009 0.004 
 209   (0.027) 0.009 0.015 0.016 0.009 0.007 0.020 0.015 0.018 0.013 0.005 
 181   (0.032) 0.035 0.033 0.017 0.015 0.015 0.038 0.033 0.034 0.046 0.006 
 213   (0.022) 0.008 0.020 0.024 0.009 0.006 0.017 0.009 0.020 0.014 0.004 

Locus 16 : Scv6 
8 alleles
0.0% missing data
 191   (0.110) 0.084 0.103 0.096 0.057 0.085 0.117 0.180 0.116 0.113 0.020 
 195   (0.389) 0.475 0.495 0.448 0.552 0.461 0.411 0.343 0.461 0.456 0.282 
 197   (0.213) 0.294 0.185 0.219 0.228 0.321 0.254 0.172 0.172 0.247 0.320 
 201   (0.078) 0.034 0.062 0.057 0.032 0.025 0.065 0.107 0.073 0.046 0.064 
 193   (0.078) 0.026 0.045 0.059 0.060 0.021 0.048 0.102 0.064 0.035 0.242 
 205   (0.020) 0.005 0.009 0.010 0.004 0.004 0.010 0.026 0.017 0.007 0.003 
 199   (0.090) 0.076 0.089 0.100 0.060 0.078 0.082 0.034 0.079 0.087 0.065 
 181   (0.022) 0.006 0.013 0.012 0.007 0.005 0.014 0.037 0.019 0.009 0.004 

Values of parameters used in structure:
DATAFILE=C:\Users\drenske\Desktop\STRUCTURE\Squirrel_100_ID_16L_20260210\project_data,	OUTFILE=C:\Users\drenske\Desktop\STRUCTURE\Squirrel_100_ID_16L_20260210\10k_Burnin_100k_MCMC\Results\10k_Burnin_100k_MCMC_run_234,	NUMINDS=100,	NUMLOCI=16,	MISSING=-9,	LABEL=1,	POPDATA=1,	POPFLAG=0,	PHENOTYPE=0,	EXTRACOLS=1,	MAXPOPS=10,	BURNIN=10000,	NUMREPS=100000,	USEPOPINFO=0,	INFERALPHA=1,	INFERLAMBDA=1,	POPSPECIFICLAMBDA=0,	POPALPHAS=0,	COMPUTEPROB=1,	NOADMIX=0,	ADMBURNIN=2500,	UPDATEFREQ=1,	PRINTLIKES=0,	INTERMEDSAVE=0,	PRINTKLD=0,	PRINTNET=0,	PRINTLAMBDA=0,	ANCESTDIST=1,	NUMBOXES=1000,	ANCESTPINT=0.90000,	GENSBACK=2,	MIGRPRIOR=0.05000,	PRINTQHAT=1,	PRINTQSUM=0,	ALPHA=1.0000,	FREQSCORR=1,	FPRIORMEAN=0.0100,	FPRIORSD=0.0500,	ONEFST=0,	LAMBDA=1.0000,	UNIFPRIORALPHA=1,	ALPHAMAX=10.0000,	ALPHAPRIORA=1.0000,	ALPHAPRIORB=2.0000,	ALPHAPROPSD=0.0250,	STARTATPOPINFO=0,	RANDOMIZE=1,	LINKAGE=0,	METROFREQ=10,	REPORTHITRATE=0,	MARKOVPHASE=-1,	PHASED=0,	PLOIDY=2,	PHASEINFO=0	LOCPRIOR=0, 	LOCPRIORINIT=1.000000, 	LOCDATA=0, 	LOCISPOP=0, 	LOCPRIORSTEP=0.100000, 	MAXLOCPRIOR=20.000000, 	SEED=1770765211,	
[STRAT parameters]:    NUMSIMSTATS=1000,	PHENOTYPECOL=-9,	POOLFREQ=10,	LOCUSxONLY=0,	EMERROR=0.00100,	MISSINGPHENO=-9,	