

----------------------------------------------------
STRUCTURE by Pritchard, Stephens and Donnelly (2000)
     and Falush, Stephens and Pritchard (2003)
       Code by Pritchard, Falush and Hubisz
             Version 2.3.4 (Jul 2012)
----------------------------------------------------



Command line arguments:   bin\structure -m C:\Users\drenske\Desktop\STRUCTURE\Squirrel_100_ID_16L_20260210\10k_Burnin_100k_MCMC\mainparams -e C:\Users\drenske\Desktop\STRUCTURE\Squirrel_100_ID_16L_20260210\10k_Burnin_100k_MCMC\extraparams 
Input File:    C:\Users\drenske\Desktop\STRUCTURE\Squirrel_100_ID_16L_20260210\project_data

Run parameters:
   100 individuals
   16 loci
   5 populations assumed
   10000 Burn-in period
   100000 Reps


--------------------------------------------
Proportion of membership of each pre-defined
 population in each of the 5 clusters

Given    Inferred Clusters                     Number of
 Pop       1      2      3      4      5      Individuals

  1:     0.306  0.184  0.148  0.176  0.186      100
--------------------------------------------

Allele-freq. divergence among pops (Net nucleotide distance),
computed using point estimates of P.

      1       2       3       4       5      
 1      -    0.0372  0.0224  0.0545  0.0485  
 2   0.0372     -    0.0198  0.0474  0.0510  
 3   0.0224  0.0198     -    0.0316  0.0261  
 4   0.0545  0.0474  0.0316     -    0.0463  
 5   0.0485  0.0510  0.0261  0.0463     -    

Average distances (expected heterozygosity) between individuals in same cluster:
cluster  1  : 0.5788 
cluster  2  : 0.6411 
cluster  3  : 0.6301 
cluster  4  : 0.6179 
cluster  5  : 0.5730 

--------------------------------------------
Estimated Ln Prob of Data   = -4128.3
Mean value of ln likelihood = -3694.7
Variance of ln likelihood   = 867.3
Mean value of alpha         = 0.0421

Mean value of lambda        = 1.0351

Mean value of Fst_1         = 0.1400
Mean value of Fst_2         = 0.0639
Mean value of Fst_3         = 0.0732
Mean value of Fst_4         = 0.1354
Mean value of Fst_5         = 0.1530


Inferred ancestry of individuals:
        Label (%Miss) Pop:  Inferred clusters (and 90% probability intervals)
  1       1*    (0)    1 :  0.013 0.800 0.093 0.006 0.088     (0.000,0.074) (0.000,1.000) (0.000,0.795) (0.000,0.030) (0.000,0.496) 
  2        6    (0)    1 :  0.763 0.010 0.092 0.021 0.114     (0.000,1.000) (0.000,0.054) (0.000,0.940) (0.000,0.147) (0.000,0.697) 
  3        8    (0)    1 :  0.961 0.009 0.017 0.005 0.008     (0.801,1.000) (0.000,0.050) (0.000,0.064) (0.000,0.028) (0.000,0.045) 
  4       11    (0)    1 :  0.277 0.415 0.262 0.024 0.022     (0.000,1.000) (0.000,1.000) (0.000,1.000) (0.000,0.162) (0.000,0.148) 
  5       12    (0)    1 :  0.165 0.062 0.627 0.016 0.131     (0.000,0.993) (0.000,0.442) (0.000,1.000) (0.000,0.067) (0.000,0.979) 
  6       19    (0)    1 :  0.037 0.557 0.323 0.061 0.023     (0.000,0.264) (0.000,1.000) (0.000,1.000) (0.000,0.456) (0.000,0.157) 
  7       23    (6)    1 :  0.047 0.014 0.605 0.040 0.295     (0.000,0.324) (0.000,0.070) (0.000,1.000) (0.000,0.270) (0.000,1.000) 
  8       24    (6)    1 :  0.579 0.114 0.264 0.026 0.016     (0.000,1.000) (0.000,0.707) (0.000,1.000) (0.000,0.194) (0.000,0.092) 
  9       25    (6)    1 :  0.197 0.015 0.601 0.006 0.181     (0.000,0.702) (0.000,0.077) (0.000,1.000) (0.000,0.031) (0.000,0.861) 
 10      26*    (0)    1 :  0.926 0.014 0.047 0.006 0.008     (0.614,1.000) (0.000,0.089) (0.000,0.284) (0.000,0.030) (0.000,0.045) 
 11       28    (0)    1 :  0.938 0.006 0.044 0.005 0.007     (0.718,1.000) (0.000,0.033) (0.000,0.186) (0.000,0.023) (0.000,0.038) 
 12       29    (0)    1 :  0.840 0.030 0.114 0.007 0.008     (0.000,1.000) (0.000,0.181) (0.000,0.986) (0.000,0.041) (0.000,0.043) 
 13       30    (0)    1 :  0.649 0.018 0.054 0.006 0.274     (0.000,1.000) (0.000,0.092) (0.000,0.421) (0.000,0.032) (0.000,0.915) 
 14       33    (0)    1 :  0.005 0.818 0.133 0.032 0.012     (0.000,0.025) (0.000,1.000) (0.000,0.999) (0.000,0.233) (0.000,0.070) 
 15       37    (0)    1 :  0.010 0.963 0.014 0.007 0.006     (0.000,0.056) (0.803,1.000) (0.000,0.076) (0.000,0.038) (0.000,0.031) 
 16       38    (0)    1 :  0.013 0.965 0.014 0.004 0.004     (0.000,0.079) (0.819,1.000) (0.000,0.058) (0.000,0.020) (0.000,0.021) 
 17       44    (0)    1 :  0.968 0.007 0.008 0.007 0.011     (0.823,1.000) (0.000,0.037) (0.000,0.038) (0.000,0.037) (0.000,0.060) 
 18       48    (0)    1 :  0.007 0.970 0.013 0.004 0.005     (0.000,0.040) (0.844,1.000) (0.000,0.060) (0.000,0.022) (0.000,0.029) 
 19       55    (0)    1 :  0.943 0.009 0.017 0.010 0.020     (0.701,1.000) (0.000,0.054) (0.000,0.101) (0.000,0.060) (0.000,0.146) 
 20       60    (0)    1 :  0.007 0.023 0.432 0.018 0.520     (0.000,0.036) (0.000,0.136) (0.000,1.000) (0.000,0.076) (0.000,1.000) 
 21       61    (0)    1 :  0.021 0.015 0.032 0.871 0.060     (0.000,0.148) (0.000,0.092) (0.000,0.222) (0.429,1.000) (0.000,0.412) 
 22       62    (0)    1 :  0.064 0.021 0.151 0.722 0.043     (0.000,0.518) (0.000,0.113) (0.000,0.995) (0.000,1.000) (0.000,0.297) 
 23       65    (0)    1 :  0.008 0.861 0.096 0.015 0.020     (0.000,0.044) (0.000,1.000) (0.000,0.978) (0.000,0.104) (0.000,0.144) 
 24       73    (0)    1 :  0.016 0.009 0.022 0.010 0.943     (0.000,0.110) (0.000,0.051) (0.000,0.147) (0.000,0.048) (0.709,1.000) 
 25       75    (0)    1 :  0.017 0.020 0.037 0.906 0.019     (0.000,0.121) (0.000,0.147) (0.000,0.262) (0.572,1.000) (0.000,0.127) 
 26       76    (0)    1 :  0.006 0.005 0.010 0.972 0.006     (0.000,0.033) (0.000,0.026) (0.000,0.056) (0.846,1.000) (0.000,0.034) 
 27       78    (0)    1 :  0.008 0.011 0.012 0.900 0.069     (0.000,0.041) (0.000,0.063) (0.000,0.066) (0.372,1.000) (0.000,0.569) 
 28       79    (0)    1 :  0.005 0.006 0.010 0.972 0.008     (0.000,0.025) (0.000,0.034) (0.000,0.055) (0.846,1.000) (0.000,0.041) 
 29       84    (0)    1 :  0.838 0.012 0.106 0.026 0.018     (0.000,1.000) (0.000,0.067) (0.000,0.969) (0.000,0.190) (0.000,0.117) 
 30       85    (0)    1 :  0.958 0.010 0.014 0.010 0.008     (0.782,1.000) (0.000,0.053) (0.000,0.057) (0.000,0.057) (0.000,0.042) 
 31       86    (0)    1 :  0.888 0.014 0.064 0.021 0.014     (0.392,1.000) (0.000,0.080) (0.000,0.486) (0.000,0.146) (0.000,0.091) 
 32       89    (0)    1 :  0.398 0.049 0.458 0.038 0.057     (0.000,1.000) (0.000,0.359) (0.000,1.000) (0.000,0.285) (0.000,0.433) 
 33       94    (0)    1 :  0.085 0.507 0.391 0.007 0.010     (0.000,0.720) (0.000,1.000) (0.000,1.000) (0.000,0.035) (0.000,0.047) 
 34       95    (0)    1 :  0.774 0.094 0.078 0.013 0.041     (0.000,1.000) (0.000,0.843) (0.000,0.629) (0.000,0.079) (0.000,0.309) 
 35       98    (0)    1 :  0.011 0.012 0.063 0.215 0.699     (0.000,0.067) (0.000,0.064) (0.000,0.486) (0.000,0.997) (0.000,1.000) 
 36      102    (0)    1 :  0.010 0.646 0.315 0.013 0.015     (0.000,0.056) (0.000,1.000) (0.000,1.000) (0.000,0.089) (0.000,0.107) 
 37      106    (0)    1 :  0.019 0.018 0.080 0.850 0.033     (0.000,0.131) (0.000,0.118) (0.000,0.743) (0.000,1.000) (0.000,0.208) 
 38      108    (0)    1 :  0.022 0.122 0.078 0.357 0.421     (0.000,0.156) (0.000,0.606) (0.000,0.592) (0.000,1.000) (0.000,1.000) 
 39      109    (0)    1 :  0.008 0.007 0.012 0.037 0.935     (0.000,0.047) (0.000,0.040) (0.000,0.062) (0.000,0.261) (0.665,1.000) 
 40      112    (0)    1 :  0.266 0.054 0.425 0.207 0.047     (0.000,0.999) (0.000,0.391) (0.000,1.000) (0.000,0.997) (0.000,0.356) 
 41      115    (0)    1 :  0.027 0.559 0.350 0.022 0.043     (0.000,0.162) (0.000,1.000) (0.000,1.000) (0.000,0.131) (0.000,0.306) 
 42      117    (0)    1 :  0.846 0.013 0.087 0.024 0.029     (0.000,1.000) (0.000,0.073) (0.000,0.949) (0.000,0.173) (0.000,0.184) 
 43      140    (0)    1 :  0.008 0.006 0.012 0.012 0.962     (0.000,0.038) (0.000,0.032) (0.000,0.049) (0.000,0.069) (0.807,1.000) 
 44      147    (0)    1 :  0.008 0.007 0.008 0.862 0.116     (0.000,0.044) (0.000,0.039) (0.000,0.038) (0.000,1.000) (0.000,0.989) 
 45     162*    (0)    1 :  0.947 0.006 0.034 0.005 0.009     (0.755,1.000) (0.000,0.029) (0.000,0.126) (0.000,0.028) (0.000,0.048) 
 46      166    (0)    1 :  0.012 0.010 0.150 0.024 0.802     (0.000,0.074) (0.000,0.058) (0.000,0.999) (0.000,0.130) (0.000,1.000) 
 47      177    (0)    1 :  0.009 0.007 0.011 0.967 0.006     (0.000,0.058) (0.000,0.037) (0.000,0.062) (0.823,1.000) (0.000,0.031) 
 48      178    (0)    1 :  0.013 0.007 0.017 0.953 0.010     (0.000,0.080) (0.000,0.039) (0.000,0.101) (0.749,1.000) (0.000,0.050) 
 49      189    (0)    1 :  0.972 0.008 0.010 0.006 0.004     (0.846,1.000) (0.000,0.044) (0.000,0.047) (0.000,0.033) (0.000,0.022) 
 50      190    (0)    1 :  0.931 0.009 0.046 0.006 0.008     (0.651,1.000) (0.000,0.051) (0.000,0.221) (0.000,0.031) (0.000,0.046) 
 51      202    (0)    1 :  0.224 0.041 0.689 0.009 0.037     (0.000,0.863) (0.000,0.299) (0.000,1.000) (0.000,0.050) (0.000,0.270) 
 52      211    (0)    1 :  0.011 0.019 0.431 0.116 0.424     (0.000,0.063) (0.000,0.105) (0.000,1.000) (0.000,0.461) (0.000,1.000) 
 53      216    (0)    1 :  0.006 0.007 0.034 0.124 0.830     (0.000,0.032) (0.000,0.036) (0.000,0.256) (0.000,0.632) (0.197,1.000) 
 54      222    (0)    1 :  0.017 0.034 0.159 0.140 0.649     (0.000,0.087) (0.000,0.249) (0.000,0.999) (0.000,0.977) (0.000,1.000) 
 55      224    (0)    1 :  0.951 0.013 0.016 0.011 0.010     (0.743,1.000) (0.000,0.075) (0.000,0.081) (0.000,0.062) (0.000,0.060) 
 56      229    (0)    1 :  0.902 0.016 0.053 0.019 0.010     (0.405,1.000) (0.000,0.088) (0.000,0.393) (0.000,0.133) (0.000,0.054) 
 57      230    (0)    1 :  0.942 0.010 0.021 0.014 0.013     (0.725,1.000) (0.000,0.055) (0.000,0.102) (0.000,0.098) (0.000,0.089) 
 58      232    (0)    1 :  0.701 0.019 0.204 0.036 0.040     (0.000,1.000) (0.000,0.101) (0.000,1.000) (0.000,0.264) (0.000,0.289) 
 59      238    (0)    1 :  0.037 0.459 0.385 0.093 0.026     (0.000,0.270) (0.000,1.000) (0.000,1.000) (0.000,0.558) (0.000,0.185) 
 60      242    (0)    1 :  0.006 0.944 0.038 0.005 0.007     (0.000,0.033) (0.752,1.000) (0.000,0.135) (0.000,0.027) (0.000,0.039) 
 61      243    (0)    1 :  0.016 0.664 0.228 0.027 0.065     (0.000,0.100) (0.000,1.000) (0.000,1.000) (0.000,0.195) (0.000,0.434) 
 62      244    (0)    1 :  0.012 0.568 0.318 0.092 0.009     (0.000,0.074) (0.000,1.000) (0.000,1.000) (0.000,0.501) (0.000,0.050) 
 63      251    (0)    1 :  0.033 0.580 0.329 0.041 0.018     (0.000,0.248) (0.000,1.000) (0.000,1.000) (0.000,0.264) (0.000,0.115) 
 64      266    (0)    1 :  0.019 0.136 0.413 0.375 0.056     (0.000,0.134) (0.000,0.747) (0.000,1.000) (0.000,1.000) (0.000,0.398) 
 65      267    (0)    1 :  0.014 0.011 0.015 0.010 0.949     (0.000,0.096) (0.000,0.068) (0.000,0.092) (0.000,0.058) (0.730,1.000) 
 66      268    (0)    1 :  0.008 0.009 0.026 0.875 0.081     (0.000,0.046) (0.000,0.048) (0.000,0.188) (0.278,1.000) (0.000,0.641) 
 67      270    (0)    1 :  0.949 0.014 0.020 0.008 0.009     (0.732,1.000) (0.000,0.085) (0.000,0.083) (0.000,0.044) (0.000,0.048) 
 68      276    (0)    1 :  0.877 0.012 0.041 0.021 0.049     (0.385,1.000) (0.000,0.066) (0.000,0.260) (0.000,0.141) (0.000,0.354) 
 69      298    (6)    1 :  0.012 0.011 0.019 0.793 0.164     (0.000,0.073) (0.000,0.065) (0.000,0.116) (0.000,1.000) (0.000,0.997) 
 70      306    (0)    1 :  0.013 0.029 0.382 0.072 0.503     (0.000,0.087) (0.000,0.194) (0.000,1.000) (0.000,0.456) (0.000,1.000) 
 71      308    (0)    1 :  0.010 0.021 0.055 0.873 0.040     (0.000,0.061) (0.000,0.149) (0.000,0.389) (0.427,1.000) (0.000,0.282) 
 72      311    (6)    1 :  0.028 0.103 0.204 0.052 0.613     (0.000,0.200) (0.000,0.681) (0.000,1.000) (0.000,0.373) (0.000,1.000) 
 73      327    (0)    1 :  0.894 0.011 0.068 0.005 0.022     (0.247,1.000) (0.000,0.060) (0.000,0.630) (0.000,0.027) (0.000,0.155) 
 74      338    (0)    1 :  0.024 0.014 0.097 0.080 0.785     (0.000,0.157) (0.000,0.078) (0.000,0.804) (0.000,0.507) (0.000,1.000) 
 75      346    (0)    1 :  0.014 0.012 0.422 0.210 0.341     (0.000,0.077) (0.000,0.055) (0.000,1.000) (0.000,1.000) (0.000,1.000) 
 76      348    (0)    1 :  0.008 0.013 0.012 0.857 0.110     (0.000,0.047) (0.000,0.081) (0.000,0.059) (0.000,1.000) (0.000,0.974) 
 77      351    (0)    1 :  0.016 0.768 0.183 0.014 0.020     (0.000,0.093) (0.000,1.000) (0.000,1.000) (0.000,0.077) (0.000,0.117) 
 78      362    (0)    1 :  0.943 0.006 0.038 0.005 0.008     (0.747,1.000) (0.000,0.033) (0.000,0.130) (0.000,0.024) (0.000,0.041) 
 79      364    (0)    1 :  0.007 0.933 0.038 0.010 0.012     (0.000,0.037) (0.665,1.000) (0.000,0.196) (0.000,0.057) (0.000,0.073) 
 80      366    (0)    1 :  0.026 0.761 0.154 0.010 0.049     (0.000,0.177) (0.000,1.000) (0.000,1.000) (0.000,0.053) (0.000,0.356) 
 81      376    (0)    1 :  0.832 0.021 0.115 0.016 0.017     (0.000,1.000) (0.000,0.145) (0.000,0.979) (0.000,0.101) (0.000,0.098) 
 82      388    (0)    1 :  0.008 0.009 0.012 0.009 0.963     (0.000,0.042) (0.000,0.048) (0.000,0.065) (0.000,0.048) (0.799,1.000) 
 83      391    (0)    1 :  0.027 0.020 0.562 0.017 0.374     (0.000,0.183) (0.000,0.107) (0.000,1.000) (0.000,0.114) (0.000,1.000) 
 84      396   (18)    1 :  0.898 0.010 0.048 0.015 0.028     (0.485,1.000) (0.000,0.056) (0.000,0.344) (0.000,0.095) (0.000,0.204) 
 85      400   (18)    1 :  0.188 0.471 0.310 0.015 0.016     (0.000,0.985) (0.000,1.000) (0.000,1.000) (0.000,0.082) (0.000,0.100) 
 86      401    (0)    1 :  0.586 0.129 0.171 0.102 0.012     (0.000,1.000) (0.000,0.644) (0.000,0.998) (0.000,0.509) (0.000,0.069) 
 87      406    (0)    1 :  0.017 0.034 0.179 0.017 0.753     (0.000,0.103) (0.000,0.226) (0.000,1.000) (0.000,0.101) (0.000,1.000) 
 88      413    (0)    1 :  0.028 0.026 0.077 0.831 0.039     (0.000,0.181) (0.000,0.178) (0.000,0.703) (0.000,1.000) (0.000,0.265) 
 89      421    (0)    1 :  0.813 0.021 0.088 0.042 0.036     (0.168,1.000) (0.000,0.137) (0.000,0.706) (0.000,0.324) (0.000,0.266) 
 90      423    (0)    1 :  0.801 0.046 0.085 0.032 0.035     (0.000,1.000) (0.000,0.326) (0.000,0.825) (0.000,0.243) (0.000,0.265) 
 91      435    (0)    1 :  0.008 0.006 0.039 0.920 0.028     (0.000,0.042) (0.000,0.030) (0.000,0.293) (0.600,1.000) (0.000,0.196) 
 92      476    (0)    1 :  0.901 0.028 0.047 0.012 0.012     (0.545,1.000) (0.000,0.206) (0.000,0.329) (0.000,0.078) (0.000,0.072) 
 93      484    (0)    1 :  0.007 0.006 0.017 0.063 0.907     (0.000,0.038) (0.000,0.034) (0.000,0.097) (0.000,0.441) (0.484,1.000) 
 94      489    (0)    1 :  0.148 0.044 0.475 0.054 0.279     (0.000,0.925) (0.000,0.293) (0.000,1.000) (0.000,0.394) (0.000,1.000) 
 95      492   (18)    1 :  0.023 0.499 0.341 0.060 0.077     (0.000,0.108) (0.000,1.000) (0.000,1.000) (0.000,0.481) (0.000,0.737) 
 96      493    (0)    1 :  0.012 0.939 0.034 0.006 0.009     (0.000,0.077) (0.698,1.000) (0.000,0.190) (0.000,0.032) (0.000,0.054) 
 97      494    (0)    1 :  0.023 0.882 0.082 0.008 0.005     (0.000,0.162) (0.003,1.000) (0.000,0.910) (0.000,0.048) (0.000,0.027) 
 98      500    (0)    1 :  0.973 0.006 0.012 0.004 0.005     (0.863,1.000) (0.000,0.031) (0.000,0.058) (0.000,0.018) (0.000,0.028) 
 99      504    (0)    1 :  0.031 0.017 0.043 0.052 0.856     (0.000,0.223) (0.000,0.114) (0.000,0.268) (0.000,0.381) (0.053,1.000) 
100      506    (0)    1 :  0.024 0.007 0.010 0.009 0.950     (0.000,0.168) (0.000,0.037) (0.000,0.054) (0.000,0.048) (0.730,1.000) 


Estimated Allele Frequencies in each cluster
First column gives estimated ancestral frequencies


Locus 1 : Rsu3 
3 alleles
2.0% missing data
 164   (0.550) 0.573 0.575 0.530 0.623 0.488 
 166   (0.269) 0.159 0.206 0.333 0.273 0.440 
 170   (0.181) 0.268 0.219 0.137 0.104 0.072 

Locus 2 : Rsu5 
5 alleles
2.0% missing data
 137   (0.692) 0.937 0.662 0.743 0.644 0.682 
 135   (0.093) 0.011 0.112 0.113 0.061 0.042 
 139   (0.127) 0.044 0.178 0.095 0.099 0.023 
 133   (0.025) 0.003 0.027 0.013 0.004 0.003 
 131   (0.063) 0.006 0.021 0.036 0.193 0.250 

Locus 3 : Scv1 
5 alleles
1.0% missing data
 181   (0.511) 0.656 0.647 0.514 0.366 0.361 
 179   (0.215) 0.142 0.190 0.210 0.268 0.184 
 177   (0.104) 0.015 0.062 0.173 0.049 0.294 
 185   (0.139) 0.184 0.069 0.085 0.312 0.157 
 171   (0.032) 0.003 0.032 0.019 0.006 0.005 

Locus 4 : Rsu4 
9 alleles
0.0% missing data
 267   (0.186) 0.257 0.286 0.123 0.058 0.176 
 259   (0.040) 0.195 0.013 0.037 0.007 0.008 
 287   (0.175) 0.144 0.125 0.227 0.070 0.363 
 263   (0.325) 0.350 0.305 0.437 0.431 0.305 
 279   (0.081) 0.019 0.072 0.052 0.143 0.013 
 283   (0.077) 0.008 0.046 0.044 0.264 0.117 
 275   (0.045) 0.004 0.088 0.029 0.013 0.007 
 291   (0.043) 0.020 0.024 0.034 0.008 0.007 
 271   (0.029) 0.003 0.040 0.017 0.005 0.004 

Locus 5 : Rsu6 
4 alleles
0.0% missing data
 120   (0.264) 0.335 0.256 0.331 0.214 0.197 
 126   (0.641) 0.478 0.626 0.610 0.769 0.787 
 124   (0.063) 0.184 0.051 0.042 0.012 0.011 
 130   (0.031) 0.003 0.068 0.016 0.005 0.004 

Locus 6 : Scv12 
3 alleles
1.0% missing data
 198   (0.548) 0.385 0.698 0.518 0.681 0.392 
 196   (0.264) 0.277 0.147 0.282 0.230 0.511 
 200   (0.189) 0.338 0.155 0.200 0.089 0.097 

Locus 7 : Scv23 
3 alleles
1.0% missing data
 158   (0.500) 0.618 0.432 0.474 0.595 0.604 
 164   (0.198) 0.112 0.265 0.202 0.048 0.226 
 160   (0.302) 0.270 0.303 0.323 0.357 0.170 

Locus 8 : Scv13 
5 alleles
0.0% missing data
 182   (0.713) 0.876 0.702 0.807 0.694 0.871 
 180   (0.078) 0.084 0.101 0.053 0.014 0.012 
 172   (0.088) 0.009 0.061 0.062 0.194 0.087 
 184   (0.073) 0.026 0.112 0.045 0.016 0.023 
 174   (0.047) 0.005 0.025 0.032 0.082 0.008 

Locus 9 : Scv32 
17 alleles
1.0% missing data
 236   (0.045) 0.004 0.124 0.029 0.008 0.007 
 238   (0.040) 0.004 0.025 0.060 0.009 0.162 
 234   (0.127) 0.103 0.064 0.125 0.456 0.175 
 248   (0.101) 0.164 0.149 0.122 0.019 0.050 
 262   (0.110) 0.241 0.060 0.110 0.056 0.097 
 232   (0.180) 0.133 0.319 0.126 0.156 0.221 
 250   (0.040) 0.009 0.025 0.115 0.007 0.027 
 228   (0.027) 0.003 0.030 0.017 0.006 0.004 
 246   (0.059) 0.164 0.029 0.064 0.029 0.010 
 264   (0.047) 0.007 0.047 0.079 0.017 0.035 
 220   (0.034) 0.135 0.012 0.029 0.006 0.005 
 252   (0.047) 0.016 0.016 0.027 0.053 0.080 
 254   (0.034) 0.003 0.011 0.026 0.150 0.016 
 242   (0.027) 0.003 0.039 0.016 0.005 0.004 
 266   (0.028) 0.003 0.010 0.017 0.006 0.066 
 244   (0.035) 0.006 0.023 0.025 0.012 0.037 
 240   (0.021) 0.002 0.017 0.012 0.005 0.003 

Locus 10 : Scv8 
6 alleles
1.0% missing data
 200   (0.607) 0.714 0.646 0.694 0.433 0.736 
 202   (0.105) 0.011 0.161 0.072 0.084 0.088 
 194   (0.084) 0.079 0.039 0.090 0.060 0.035 
 204   (0.046) 0.070 0.023 0.035 0.008 0.007 
 188   (0.079) 0.008 0.043 0.045 0.397 0.122 
 198   (0.080) 0.119 0.089 0.064 0.018 0.013 

Locus 11 : Scv9 
5 alleles
0.0% missing data
 198   (0.322) 0.294 0.241 0.448 0.418 0.369 
 200   (0.329) 0.427 0.483 0.277 0.221 0.199 
 196   (0.270) 0.247 0.247 0.218 0.258 0.413 
 204   (0.056) 0.030 0.021 0.045 0.076 0.016 
 202   (0.023) 0.002 0.007 0.012 0.027 0.003 

Locus 12 : Rsu1 
6 alleles
0.0% missing data
 189   (0.290) 0.136 0.450 0.243 0.207 0.178 
 185   (0.276) 0.230 0.197 0.221 0.348 0.663 
 177   (0.083) 0.121 0.045 0.055 0.076 0.022 
 181   (0.275) 0.216 0.281 0.420 0.357 0.125 
 193   (0.042) 0.182 0.013 0.039 0.007 0.007 
 197   (0.034) 0.116 0.014 0.021 0.006 0.005 

Locus 13 : Scv14 
7 alleles
3.0% missing data
 196   (0.503) 0.787 0.497 0.567 0.588 0.635 
 198   (0.089) 0.009 0.112 0.129 0.031 0.104 
 194   (0.144) 0.078 0.174 0.118 0.149 0.058 
 202   (0.192) 0.116 0.180 0.131 0.212 0.191 
 204   (0.024) 0.002 0.019 0.013 0.004 0.004 
 190   (0.024) 0.004 0.008 0.026 0.004 0.004 
 200   (0.024) 0.003 0.010 0.016 0.011 0.004 

Locus 14 : Scv16 
7 alleles
0.0% missing data
 182   (0.402) 0.491 0.309 0.501 0.463 0.445 
 184   (0.409) 0.387 0.495 0.389 0.280 0.504 
 188   (0.064) 0.109 0.132 0.034 0.011 0.009 
 200   (0.025) 0.002 0.024 0.013 0.004 0.004 
 198   (0.039) 0.004 0.013 0.028 0.154 0.014 
 190   (0.036) 0.004 0.012 0.019 0.082 0.021 
 186   (0.025) 0.003 0.016 0.014 0.006 0.004 

Locus 15 : Scv31 
15 alleles
2.0% missing data
 193   (0.144) 0.087 0.094 0.226 0.096 0.249 
 201   (0.090) 0.078 0.180 0.060 0.024 0.022 
 187   (0.065) 0.203 0.023 0.070 0.012 0.145 
 207   (0.031) 0.102 0.010 0.022 0.006 0.006 
 195   (0.081) 0.068 0.029 0.068 0.164 0.088 
 185   (0.163) 0.081 0.145 0.197 0.180 0.294 
 189   (0.067) 0.012 0.235 0.084 0.012 0.012 
 205   (0.021) 0.002 0.016 0.012 0.004 0.003 
 191   (0.140) 0.277 0.064 0.142 0.409 0.038 
 197   (0.031) 0.015 0.010 0.018 0.006 0.105 
 199   (0.053) 0.005 0.062 0.032 0.065 0.019 
 203   (0.029) 0.003 0.063 0.018 0.005 0.004 
 209   (0.030) 0.003 0.035 0.018 0.006 0.005 
 181   (0.027) 0.061 0.009 0.015 0.005 0.004 
 213   (0.028) 0.003 0.026 0.018 0.007 0.007 

Locus 16 : Scv6 
8 alleles
0.0% missing data
 191   (0.111) 0.123 0.176 0.094 0.021 0.039 
 195   (0.380) 0.475 0.344 0.486 0.285 0.572 
 197   (0.194) 0.311 0.115 0.201 0.284 0.251 
 201   (0.080) 0.011 0.143 0.053 0.080 0.013 
 193   (0.090) 0.013 0.111 0.053 0.194 0.055 
 205   (0.023) 0.002 0.026 0.012 0.004 0.003 
 199   (0.093) 0.063 0.043 0.085 0.129 0.063 
 181   (0.028) 0.003 0.043 0.016 0.005 0.004 

Values of parameters used in structure:
DATAFILE=C:\Users\drenske\Desktop\STRUCTURE\Squirrel_100_ID_16L_20260210\project_data,	OUTFILE=C:\Users\drenske\Desktop\STRUCTURE\Squirrel_100_ID_16L_20260210\10k_Burnin_100k_MCMC\Results\10k_Burnin_100k_MCMC_run_121,	NUMINDS=100,	NUMLOCI=16,	MISSING=-9,	LABEL=1,	POPDATA=1,	POPFLAG=0,	PHENOTYPE=0,	EXTRACOLS=1,	MAXPOPS=5,	BURNIN=10000,	NUMREPS=100000,	USEPOPINFO=0,	INFERALPHA=1,	INFERLAMBDA=1,	POPSPECIFICLAMBDA=0,	POPALPHAS=0,	COMPUTEPROB=1,	NOADMIX=0,	ADMBURNIN=2500,	UPDATEFREQ=1,	PRINTLIKES=0,	INTERMEDSAVE=0,	PRINTKLD=0,	PRINTNET=0,	PRINTLAMBDA=0,	ANCESTDIST=1,	NUMBOXES=1000,	ANCESTPINT=0.90000,	GENSBACK=2,	MIGRPRIOR=0.05000,	PRINTQHAT=1,	PRINTQSUM=0,	ALPHA=1.0000,	FREQSCORR=1,	FPRIORMEAN=0.0100,	FPRIORSD=0.0500,	ONEFST=0,	LAMBDA=1.0000,	UNIFPRIORALPHA=1,	ALPHAMAX=10.0000,	ALPHAPRIORA=1.0000,	ALPHAPRIORB=2.0000,	ALPHAPROPSD=0.0250,	STARTATPOPINFO=0,	RANDOMIZE=1,	LINKAGE=0,	METROFREQ=10,	REPORTHITRATE=0,	MARKOVPHASE=-1,	PHASED=0,	PLOIDY=2,	PHASEINFO=0	LOCPRIOR=0, 	LOCPRIORINIT=1.000000, 	LOCDATA=0, 	LOCISPOP=0, 	LOCPRIORSTEP=0.100000, 	MAXLOCPRIOR=20.000000, 	SEED=1770760169,	
[STRAT parameters]:    NUMSIMSTATS=1000,	PHENOTYPECOL=-9,	POOLFREQ=10,	LOCUSxONLY=0,	EMERROR=0.00100,	MISSINGPHENO=-9,	