          1*  1 0.4719 0.5281 
           6  1 0.2380 0.7620 
           8  1 0.0134 0.9866 
          11  1 0.0505 0.9495 
          12  1 0.0490 0.9510 
          19  1 0.3846 0.6154 
          23  1 0.7314 0.2686 
          24  1 0.0221 0.9779 
          25  1 0.1134 0.8866 
         26*  1 0.0090 0.9910 
          28  1 0.0111 0.9889 
          29  1 0.0133 0.9867 
          30  1 0.1118 0.8882 
          33  1 0.7542 0.2458 
          37  1 0.0302 0.9698 
          38  1 0.0190 0.9810 
          44  1 0.0152 0.9848 
          48  1 0.0379 0.9621 
          55  1 0.0348 0.9652 
          60  1 0.9807 0.0193 
          61  1 0.9788 0.0212 
          62  1 0.8177 0.1823 
          65  1 0.2299 0.7701 
          73  1 0.9342 0.0658 
          75  1 0.9784 0.0216 
          76  1 0.9887 0.0113 
          78  1 0.9871 0.0129 
          79  1 0.9884 0.0116 
          84  1 0.0393 0.9607 
          85  1 0.0162 0.9838 
          86  1 0.0293 0.9707 
          89  1 0.1098 0.8902 
          94  1 0.0105 0.9895 
          95  1 0.0382 0.9618 
          98  1 0.9811 0.0189 
         102  1 0.0645 0.9355 
         106  1 0.9599 0.0401 
         108  1 0.9613 0.0387 
         109  1 0.9846 0.0154 
         112  1 0.5156 0.4844 
         115  1 0.1246 0.8754 
         117  1 0.1135 0.8865 
         140  1 0.9761 0.0239 
         147  1 0.9897 0.0103 
        162*  1 0.0142 0.9858 
         166  1 0.9854 0.0146 
         177  1 0.9792 0.0208 
         178  1 0.9766 0.0234 
         189  1 0.0100 0.9900 
         190  1 0.0137 0.9863 
         202  1 0.0374 0.9626 
         211  1 0.9712 0.0288 
         216  1 0.9896 0.0104 
         222  1 0.9660 0.0340 
         224  1 0.0249 0.9751 
         229  1 0.0314 0.9686 
         230  1 0.0223 0.9777 
         232  1 0.0799 0.9201 
         238  1 0.5332 0.4668 
         242  1 0.4030 0.5970 
         243  1 0.4767 0.5233 
         244  1 0.5570 0.4430 
         251  1 0.2991 0.7009 
         266  1 0.8786 0.1214 
         267  1 0.9667 0.0333 
         268  1 0.9899 0.0101 
         270  1 0.0142 0.9858 
         276  1 0.0901 0.9099 
         298  1 0.9864 0.0136 
         306  1 0.9858 0.0142 
         308  1 0.9829 0.0171 
         311  1 0.9079 0.0921 
         327  1 0.0152 0.9848 
         338  1 0.9697 0.0303 
         346  1 0.9779 0.0221 
         348  1 0.9883 0.0117 
         351  1 0.3608 0.6392 
         362  1 0.0135 0.9865 
         364  1 0.4519 0.5481 
         366  1 0.4695 0.5305 
         376  1 0.0278 0.9722 
         388  1 0.9823 0.0177 
         391  1 0.7822 0.2178 
         396  1 0.0324 0.9676 
         400  1 0.0240 0.9760 
         401  1 0.0562 0.9438 
         406  1 0.9253 0.0747 
         413  1 0.8729 0.1271 
         421  1 0.0520 0.9480 
         423  1 0.0533 0.9467 
         435  1 0.9850 0.0150 
         476  1 0.0193 0.9807 
         484  1 0.9890 0.0110 
         489  1 0.4675 0.5325 
         492  1 0.4477 0.5523 
         493  1 0.0707 0.9293 
         494  1 0.0211 0.9789 
         500  1 0.0074 0.9926 
         504  1 0.9393 0.0607 
         506  1 0.9435 0.0565 
