          1*  1 0.0694 0.0233 0.0635 0.0056 0.0434 0.7253 0.0696 
           6  1 0.3575 0.2945 0.1967 0.0168 0.0924 0.0079 0.0343 
           8  1 0.4117 0.3614 0.1845 0.0055 0.0116 0.0125 0.0127 
          11  1 0.0742 0.2033 0.1257 0.0144 0.0121 0.1542 0.4162 
          12  1 0.3977 0.1009 0.4227 0.0076 0.0073 0.0182 0.0456 
          19  1 0.0223 0.1435 0.0231 0.0479 0.0264 0.1814 0.5555 
          23  1 0.4405 0.0547 0.4411 0.0180 0.0182 0.0080 0.0196 
          24  1 0.2423 0.2793 0.1250 0.0187 0.0115 0.0328 0.2904 
          25  1 0.4317 0.1010 0.4134 0.0047 0.0104 0.0100 0.0287 
         26*  1 0.4085 0.3808 0.1700 0.0049 0.0064 0.0109 0.0185 
          28  1 0.4260 0.3431 0.2000 0.0054 0.0065 0.0069 0.0121 
          29  1 0.3742 0.3384 0.1879 0.0079 0.0061 0.0210 0.0644 
          30  1 0.2871 0.2790 0.1315 0.0061 0.2513 0.0161 0.0289 
          33  1 0.0115 0.0259 0.0121 0.0365 0.0113 0.8181 0.0846 
          37  1 0.0102 0.0125 0.0119 0.0071 0.0051 0.9270 0.0261 
          38  1 0.0098 0.0141 0.0095 0.0040 0.0041 0.9382 0.0203 
          44  1 0.3147 0.3980 0.2471 0.0064 0.0134 0.0071 0.0133 
          48  1 0.0061 0.0094 0.0063 0.0042 0.0056 0.9433 0.0251 
          55  1 0.3589 0.3518 0.2097 0.0111 0.0222 0.0112 0.0350 
          60  1 0.4581 0.0117 0.4371 0.0067 0.0535 0.0160 0.0170 
          61  1 0.0359 0.0269 0.0391 0.7736 0.0603 0.0157 0.0485 
          62  1 0.1173 0.1483 0.1761 0.3646 0.0250 0.0147 0.1540 
          65  1 0.0098 0.0383 0.0117 0.0177 0.0249 0.7419 0.1557 
          73  1 0.0217 0.0172 0.0238 0.0096 0.9053 0.0082 0.0142 
          75  1 0.0108 0.0234 0.0121 0.8502 0.0280 0.0298 0.0456 
          76  1 0.0082 0.0063 0.0097 0.9581 0.0051 0.0044 0.0080 
          78  1 0.0107 0.0117 0.0112 0.8036 0.1365 0.0112 0.0151 
          79  1 0.0051 0.0079 0.0067 0.9487 0.0095 0.0067 0.0154 
          84  1 0.3154 0.3420 0.2137 0.0221 0.0139 0.0092 0.0838 
          85  1 0.3187 0.4002 0.2314 0.0104 0.0086 0.0080 0.0229 
          86  1 0.3067 0.3328 0.1806 0.0187 0.0173 0.0099 0.1341 
          89  1 0.2974 0.2045 0.2652 0.0207 0.0192 0.0258 0.1671 
          94  1 0.1764 0.1226 0.2586 0.0077 0.0053 0.3453 0.0842 
          95  1 0.2409 0.2611 0.2193 0.0107 0.0235 0.1148 0.1296 
          98  1 0.0829 0.0364 0.0841 0.2261 0.4718 0.0119 0.0867 
         102  1 0.0258 0.1191 0.0266 0.0110 0.0132 0.3165 0.4877 
         106  1 0.0206 0.0674 0.0380 0.6550 0.0480 0.0169 0.1543 
         108  1 0.0298 0.0348 0.0295 0.2932 0.4085 0.1141 0.0901 
         109  1 0.0093 0.0083 0.0085 0.0443 0.9093 0.0078 0.0124 
         112  1 0.2121 0.2365 0.2674 0.0730 0.0111 0.0213 0.1787 
         115  1 0.0423 0.1229 0.0472 0.0243 0.0355 0.2004 0.5274 
         117  1 0.3484 0.3747 0.1865 0.0218 0.0230 0.0120 0.0336 
         140  1 0.0117 0.0071 0.0108 0.0106 0.9462 0.0058 0.0079 
         147  1 0.0063 0.0093 0.0083 0.7292 0.2318 0.0069 0.0083 
        162*  1 0.4289 0.3419 0.1940 0.0065 0.0113 0.0064 0.0110 
         166  1 0.3010 0.0154 0.2860 0.0229 0.3350 0.0101 0.0296 
         177  1 0.0099 0.0113 0.0100 0.9421 0.0055 0.0066 0.0146 
         178  1 0.0179 0.0129 0.0162 0.9227 0.0105 0.0070 0.0129 
         189  1 0.3238 0.4024 0.2450 0.0062 0.0044 0.0078 0.0105 
         190  1 0.4280 0.3476 0.1842 0.0069 0.0083 0.0089 0.0161 
         202  1 0.2676 0.2104 0.2474 0.0078 0.0137 0.0217 0.2314 
         211  1 0.3687 0.0310 0.3477 0.1104 0.0920 0.0131 0.0371 
         216  1 0.0503 0.0127 0.0560 0.1766 0.6764 0.0067 0.0213 
         222  1 0.0142 0.1068 0.0802 0.0422 0.6766 0.0190 0.0610 
         224  1 0.3198 0.3854 0.2432 0.0102 0.0114 0.0115 0.0185 
         229  1 0.3542 0.3540 0.1537 0.0242 0.0143 0.0120 0.0875 
         230  1 0.3843 0.3619 0.1870 0.0156 0.0127 0.0089 0.0296 
         232  1 0.2528 0.2638 0.2246 0.0417 0.0318 0.0157 0.1696 
         238  1 0.0240 0.1298 0.0308 0.0643 0.0175 0.2553 0.4782 
         242  1 0.0062 0.0152 0.0070 0.0053 0.0080 0.9333 0.0249 
         243  1 0.0301 0.0866 0.0365 0.0291 0.0511 0.4619 0.3046 
         244  1 0.0136 0.1244 0.0162 0.0853 0.0068 0.2698 0.4839 
         251  1 0.0329 0.1454 0.0636 0.0237 0.0129 0.2150 0.5065 
         266  1 0.0623 0.1015 0.0654 0.2362 0.0207 0.0402 0.4737 
         267  1 0.0143 0.0122 0.0137 0.0092 0.9263 0.0125 0.0118 
         268  1 0.0261 0.0091 0.0268 0.8522 0.0624 0.0062 0.0172 
         270  1 0.3931 0.3419 0.2007 0.0100 0.0095 0.0217 0.0231 
         276  1 0.3095 0.3535 0.2135 0.0235 0.0524 0.0108 0.0369 
         298  1 0.0174 0.0123 0.0162 0.7656 0.1617 0.0102 0.0166 
         306  1 0.3919 0.0344 0.3699 0.0276 0.0960 0.0176 0.0626 
         308  1 0.0306 0.0242 0.0378 0.8018 0.0478 0.0254 0.0324 
         311  1 0.0433 0.0974 0.0666 0.0253 0.4292 0.0579 0.2803 
         327  1 0.3975 0.3238 0.1822 0.0063 0.0294 0.0106 0.0501 
         338  1 0.0509 0.0423 0.0549 0.0504 0.6988 0.0126 0.0901 
         346  1 0.4258 0.0162 0.3997 0.1044 0.0263 0.0078 0.0199 
         348  1 0.0076 0.0208 0.0118 0.6748 0.2382 0.0174 0.0294 
         351  1 0.0612 0.0857 0.0760 0.0139 0.0116 0.4275 0.3241 
         362  1 0.4241 0.3813 0.1686 0.0050 0.0077 0.0056 0.0076 
         364  1 0.0156 0.0160 0.0153 0.0104 0.0108 0.8883 0.0436 
         366  1 0.0365 0.0267 0.0339 0.0098 0.0441 0.7702 0.0787 
         376  1 0.3766 0.3318 0.1959 0.0140 0.0111 0.0208 0.0498 
         388  1 0.0110 0.0082 0.0122 0.0081 0.9412 0.0090 0.0102 
         391  1 0.4408 0.0433 0.4260 0.0104 0.0383 0.0090 0.0321 
         396  1 0.2851 0.3620 0.2250 0.0142 0.0238 0.0090 0.0807 
         400  1 0.1036 0.2523 0.2137 0.0096 0.0119 0.2136 0.1953 
         401  1 0.2122 0.2771 0.0938 0.0827 0.0133 0.0706 0.2502 
         406  1 0.2164 0.0359 0.2087 0.0146 0.4319 0.0333 0.0591 
         413  1 0.0237 0.1230 0.0791 0.4550 0.0438 0.0177 0.2577 
         421  1 0.2214 0.3625 0.2734 0.0179 0.0187 0.0097 0.0964 
         423  1 0.1881 0.3574 0.2913 0.0125 0.0242 0.0155 0.1111 
         435  1 0.0347 0.0215 0.0406 0.8594 0.0226 0.0058 0.0155 
         476  1 0.3054 0.3533 0.2013 0.0120 0.0108 0.0285 0.0887 
         484  1 0.0271 0.0092 0.0312 0.0778 0.8364 0.0068 0.0116 
         489  1 0.2052 0.2306 0.3645 0.0241 0.0714 0.0141 0.0901 
         492  1 0.0254 0.0900 0.0411 0.0337 0.0274 0.1464 0.6360 
         493  1 0.0132 0.0212 0.0142 0.0059 0.0078 0.8877 0.0500 
         494  1 0.0189 0.0689 0.0378 0.0072 0.0048 0.6712 0.1913 
         500  1 0.3789 0.3710 0.2131 0.0034 0.0052 0.0074 0.0210 
         504  1 0.0250 0.0269 0.0227 0.0382 0.8355 0.0143 0.0375 
         506  1 0.0125 0.0113 0.0106 0.0060 0.9464 0.0066 0.0066 
