

----------------------------------------------------
STRUCTURE by Pritchard, Stephens and Donnelly (2000)
     and Falush, Stephens and Pritchard (2003)
       Code by Pritchard, Falush and Hubisz
             Version 2.3.4 (Jul 2012)
----------------------------------------------------



Command line arguments:   bin\structure -m C:\Users\drenske\Desktop\STRUCTURE\Squirrel_135_ID_16L_20250816\10k_Burnin_100k_MCMC\mainparams -e C:\Users\drenske\Desktop\STRUCTURE\Squirrel_135_ID_16L_20250816\10k_Burnin_100k_MCMC\extraparams 
Input File:    C:\Users\drenske\Desktop\STRUCTURE\Squirrel_135_ID_16L_20250816\project_data

Run parameters:
   135 individuals
   16 loci
   8 populations assumed
   10000 Burn-in period
   100000 Reps


--------------------------------------------
Proportion of membership of each pre-defined
 population in each of the 8 clusters

Given    Inferred Clusters                                          Number of
 Pop       1      2      3      4      5      6      7      8      Individuals

  1:     0.125  0.120  0.092  0.127  0.116  0.174  0.132  0.114      135
--------------------------------------------

Allele-freq. divergence among pops (Net nucleotide distance),
computed using point estimates of P.

      1       2       3       4       5       6       7       8      
 1      -    0.0780  0.0277  0.0816  0.0532  0.0656  0.0649  0.0901  
 2   0.0780     -    0.0548  0.1051  0.0427  0.0938  0.1091  0.0927  
 3   0.0277  0.0548     -    0.0593  0.0165  0.0614  0.0714  0.0689  
 4   0.0816  0.1051  0.0593     -    0.0607  0.1035  0.1176  0.1363  
 5   0.0532  0.0427  0.0165  0.0607     -    0.0728  0.0782  0.0681  
 6   0.0656  0.0938  0.0614  0.1035  0.0728     -    0.0822  0.0703  
 7   0.0649  0.1091  0.0714  0.1176  0.0782  0.0822     -    0.1051  
 8   0.0901  0.0927  0.0689  0.1363  0.0681  0.0703  0.1051     -    

Average distances (expected heterozygosity) between individuals in same cluster:
cluster  1  : 0.6324 
cluster  2  : 0.5814 
cluster  3  : 0.6359 
cluster  4  : 0.5349 
cluster  5  : 0.5678 
cluster  6  : 0.5422 
cluster  7  : 0.4643 
cluster  8  : 0.4601 

--------------------------------------------
Estimated Ln Prob of Data   = -5299.3
Mean value of ln likelihood = -4520.0
Variance of ln likelihood   = 1558.7
Mean value of alpha         = 0.0473

Mean value of lambda        = 0.9761

Mean value of Fst_1         = 0.0865
Mean value of Fst_2         = 0.1870
Mean value of Fst_3         = 0.1288
Mean value of Fst_4         = 0.2347
Mean value of Fst_5         = 0.2112
Mean value of Fst_6         = 0.2059
Mean value of Fst_7         = 0.2975
Mean value of Fst_8         = 0.2736


Inferred ancestry of individuals:
        Label (%Miss) Pop:  Inferred clusters (and 90% probability intervals)
  1       1*    (0)    1 :  0.593 0.006 0.223 0.014 0.114 0.010 0.015 0.026     (0.000,0.999) (0.000,0.030) (0.000,0.935) (0.000,0.086) (0.000,0.661) (0.000,0.059) (0.000,0.097) (0.000,0.188) 
  2        3    (0)    1 :  0.006 0.005 0.006 0.007 0.007 0.006 0.959 0.005     (0.000,0.031) (0.000,0.026) (0.000,0.032) (0.000,0.041) (0.000,0.038) (0.000,0.033) (0.820,1.000) (0.000,0.031) 
  3        6    (0)    1 :  0.006 0.012 0.012 0.019 0.018 0.017 0.906 0.011     (0.000,0.033) (0.000,0.076) (0.000,0.073) (0.000,0.130) (0.000,0.116) (0.000,0.111) (0.617,1.000) (0.000,0.061) 
  4        8    (0)    1 :  0.013 0.004 0.010 0.016 0.012 0.907 0.007 0.030     (0.000,0.085) (0.000,0.025) (0.000,0.062) (0.000,0.113) (0.000,0.070) (0.627,1.000) (0.000,0.038) (0.000,0.215) 
  5       10    (0)    1 :  0.008 0.005 0.009 0.004 0.006 0.109 0.009 0.850     (0.000,0.048) (0.000,0.027) (0.000,0.049) (0.000,0.022) (0.000,0.031) (0.000,0.519) (0.000,0.056) (0.439,1.000) 
  6       11    (0)    1 :  0.348 0.046 0.392 0.011 0.089 0.056 0.039 0.019     (0.000,0.995) (0.000,0.352) (0.000,1.000) (0.000,0.068) (0.000,0.606) (0.000,0.396) (0.000,0.288) (0.000,0.132) 
  7       12    (0)    1 :  0.005 0.005 0.006 0.005 0.008 0.007 0.006 0.960     (0.000,0.026) (0.000,0.027) (0.000,0.030) (0.000,0.026) (0.000,0.044) (0.000,0.043) (0.000,0.031) (0.823,1.000) 
  8       16    (6)    1 :  0.006 0.006 0.007 0.005 0.007 0.017 0.943 0.009     (0.000,0.036) (0.000,0.033) (0.000,0.038) (0.000,0.030) (0.000,0.037) (0.000,0.112) (0.750,1.000) (0.000,0.055) 
  9       18    (0)    1 :  0.953 0.004 0.007 0.006 0.006 0.008 0.009 0.007     (0.794,1.000) (0.000,0.024) (0.000,0.037) (0.000,0.035) (0.000,0.035) (0.000,0.044) (0.000,0.054) (0.000,0.039) 
 10       19    (0)    1 :  0.438 0.061 0.393 0.023 0.024 0.033 0.016 0.011     (0.000,0.999) (0.000,0.408) (0.000,1.000) (0.000,0.150) (0.000,0.117) (0.000,0.246) (0.000,0.109) (0.000,0.067) 
 11       21    (6)    1 :  0.006 0.008 0.008 0.006 0.009 0.023 0.930 0.009     (0.000,0.037) (0.000,0.044) (0.000,0.044) (0.000,0.036) (0.000,0.057) (0.000,0.160) (0.709,1.000) (0.000,0.056) 
 12       23    (6)    1 :  0.011 0.038 0.053 0.014 0.136 0.018 0.014 0.717     (0.000,0.064) (0.000,0.255) (0.000,0.401) (0.000,0.085) (0.000,0.614) (0.000,0.128) (0.000,0.095) (0.212,1.000) 
 13       24    (6)    1 :  0.079 0.033 0.335 0.010 0.051 0.175 0.015 0.301     (0.000,0.493) (0.000,0.223) (0.000,0.994) (0.000,0.059) (0.000,0.412) (0.000,0.698) (0.000,0.107) (0.000,0.939) 
 14       25    (6)    1 :  0.013 0.008 0.087 0.008 0.088 0.071 0.061 0.664     (0.000,0.083) (0.000,0.047) (0.000,0.529) (0.000,0.046) (0.000,0.516) (0.000,0.367) (0.000,0.326) (0.175,0.997) 
 15      26*    (0)    1 :  0.021 0.005 0.046 0.007 0.014 0.653 0.102 0.153     (0.000,0.145) (0.000,0.027) (0.000,0.291) (0.000,0.035) (0.000,0.096) (0.000,0.999) (0.000,0.533) (0.000,0.585) 
 16       28    (0)    1 :  0.007 0.007 0.021 0.006 0.014 0.692 0.082 0.171     (0.000,0.041) (0.000,0.042) (0.000,0.149) (0.000,0.036) (0.000,0.084) (0.000,1.000) (0.000,0.521) (0.000,0.959) 
 17       29    (0)    1 :  0.013 0.006 0.010 0.005 0.006 0.063 0.006 0.891     (0.000,0.082) (0.000,0.031) (0.000,0.057) (0.000,0.027) (0.000,0.036) (0.000,0.428) (0.000,0.032) (0.508,1.000) 
 18       30    (0)    1 :  0.020 0.007 0.047 0.298 0.016 0.409 0.107 0.095     (0.000,0.112) (0.000,0.040) (0.000,0.328) (0.000,0.667) (0.000,0.093) (0.000,0.931) (0.000,0.600) (0.000,0.615) 
 19       33    (0)    1 :  0.795 0.052 0.102 0.014 0.020 0.005 0.007 0.006     (0.000,1.000) (0.000,0.319) (0.000,0.956) (0.000,0.096) (0.000,0.092) (0.000,0.027) (0.000,0.037) (0.000,0.034) 
 20       37    (0)    1 :  0.908 0.009 0.016 0.005 0.010 0.008 0.012 0.031     (0.628,1.000) (0.000,0.056) (0.000,0.099) (0.000,0.028) (0.000,0.063) (0.000,0.047) (0.000,0.080) (0.000,0.222) 
 21       38    (0)    1 :  0.923 0.005 0.018 0.005 0.007 0.015 0.010 0.018     (0.679,1.000) (0.000,0.028) (0.000,0.096) (0.000,0.027) (0.000,0.031) (0.000,0.097) (0.000,0.064) (0.000,0.128) 
 22       43    (0)    1 :  0.010 0.009 0.013 0.006 0.011 0.172 0.040 0.740     (0.000,0.055) (0.000,0.050) (0.000,0.088) (0.000,0.036) (0.000,0.067) (0.000,0.605) (0.000,0.267) (0.336,1.000) 
 23       44    (0)    1 :  0.010 0.008 0.013 0.050 0.034 0.500 0.378 0.008     (0.000,0.060) (0.000,0.045) (0.000,0.058) (0.000,0.343) (0.000,0.260) (0.000,0.959) (0.000,0.714) (0.000,0.046) 
 24       48    (0)    1 :  0.953 0.004 0.007 0.005 0.006 0.006 0.012 0.006     (0.793,1.000) (0.000,0.023) (0.000,0.035) (0.000,0.029) (0.000,0.034) (0.000,0.034) (0.000,0.076) (0.000,0.037) 
 25       55    (0)    1 :  0.013 0.011 0.030 0.021 0.032 0.684 0.198 0.011     (0.000,0.083) (0.000,0.066) (0.000,0.215) (0.000,0.146) (0.000,0.237) (0.000,1.000) (0.000,0.779) (0.000,0.067) 
 26       59    (0)    1 :  0.006 0.004 0.005 0.006 0.006 0.006 0.963 0.004     (0.000,0.034) (0.000,0.023) (0.000,0.031) (0.000,0.033) (0.000,0.031) (0.000,0.035) (0.838,1.000) (0.000,0.023) 
 27       60    (0)    1 :  0.019 0.028 0.373 0.012 0.501 0.006 0.016 0.044     (0.000,0.123) (0.000,0.197) (0.000,0.998) (0.000,0.073) (0.000,1.000) (0.000,0.032) (0.000,0.107) (0.000,0.306) 
 28       61    (0)    1 :  0.010 0.645 0.054 0.055 0.200 0.010 0.017 0.008     (0.000,0.059) (0.000,1.000) (0.000,0.403) (0.000,0.354) (0.000,0.930) (0.000,0.061) (0.000,0.113) (0.000,0.047) 
 29       62    (0)    1 :  0.018 0.396 0.035 0.021 0.468 0.012 0.013 0.037     (0.000,0.123) (0.000,1.000) (0.000,0.226) (0.000,0.145) (0.000,1.000) (0.000,0.072) (0.000,0.089) (0.000,0.267) 
 30       65    (0)    1 :  0.821 0.014 0.096 0.027 0.018 0.011 0.005 0.008     (0.001,1.000) (0.000,0.091) (0.000,0.869) (0.000,0.185) (0.000,0.094) (0.000,0.068) (0.000,0.030) (0.000,0.046) 
 31       73    (0)    1 :  0.008 0.006 0.029 0.813 0.028 0.010 0.006 0.099     (0.000,0.045) (0.000,0.031) (0.000,0.208) (0.458,1.000) (0.000,0.203) (0.000,0.064) (0.000,0.036) (0.000,0.425) 
 32       75    (0)    1 :  0.012 0.888 0.023 0.047 0.006 0.009 0.009 0.005     (0.000,0.080) (0.568,1.000) (0.000,0.125) (0.000,0.292) (0.000,0.032) (0.000,0.061) (0.000,0.059) (0.000,0.030) 
 33       76    (0)    1 :  0.005 0.951 0.006 0.006 0.012 0.005 0.006 0.010     (0.000,0.025) (0.787,1.000) (0.000,0.030) (0.000,0.035) (0.000,0.075) (0.000,0.025) (0.000,0.034) (0.000,0.063) 
 34       77    (0)    1 :  0.007 0.882 0.025 0.005 0.061 0.005 0.007 0.009     (0.000,0.042) (0.477,1.000) (0.000,0.172) (0.000,0.026) (0.000,0.418) (0.000,0.026) (0.000,0.042) (0.000,0.049) 
 35       78    (0)    1 :  0.014 0.319 0.022 0.568 0.042 0.011 0.008 0.016     (0.000,0.091) (0.000,0.953) (0.000,0.126) (0.000,0.998) (0.000,0.312) (0.000,0.066) (0.000,0.043) (0.000,0.119) 
 36       79    (0)    1 :  0.013 0.860 0.019 0.071 0.020 0.008 0.005 0.005     (0.000,0.087) (0.495,1.000) (0.000,0.123) (0.000,0.394) (0.000,0.131) (0.000,0.049) (0.000,0.026) (0.000,0.028) 
 37       84    (0)    1 :  0.013 0.025 0.057 0.016 0.092 0.112 0.604 0.079     (0.000,0.077) (0.000,0.185) (0.000,0.365) (0.000,0.112) (0.000,0.475) (0.000,0.465) (0.205,0.975) (0.000,0.460) 
 38       85    (0)    1 :  0.011 0.008 0.018 0.014 0.019 0.910 0.012 0.008     (0.000,0.066) (0.000,0.043) (0.000,0.100) (0.000,0.094) (0.000,0.106) (0.634,1.000) (0.000,0.074) (0.000,0.048) 
 39       86    (0)    1 :  0.017 0.011 0.058 0.021 0.019 0.854 0.006 0.015     (0.000,0.116) (0.000,0.067) (0.000,0.380) (0.000,0.150) (0.000,0.125) (0.453,1.000) (0.000,0.034) (0.000,0.102) 
 40       89    (0)    1 :  0.024 0.038 0.070 0.011 0.137 0.016 0.479 0.224     (0.000,0.166) (0.000,0.287) (0.000,0.451) (0.000,0.066) (0.000,0.612) (0.000,0.097) (0.000,0.884) (0.000,0.734) 
 41       94    (0)    1 :  0.026 0.006 0.007 0.005 0.009 0.012 0.013 0.920     (0.000,0.188) (0.000,0.037) (0.000,0.041) (0.000,0.027) (0.000,0.057) (0.000,0.077) (0.000,0.090) (0.670,1.000) 
 42       95    (0)    1 :  0.012 0.006 0.009 0.008 0.010 0.013 0.938 0.005     (0.000,0.070) (0.000,0.034) (0.000,0.051) (0.000,0.049) (0.000,0.057) (0.000,0.079) (0.732,1.000) (0.000,0.027) 
 43       96    (0)    1 :  0.005 0.006 0.005 0.005 0.005 0.961 0.004 0.010     (0.000,0.026) (0.000,0.034) (0.000,0.027) (0.000,0.026) (0.000,0.030) (0.826,1.000) (0.000,0.025) (0.000,0.059) 
 44       98    (0)    1 :  0.007 0.053 0.138 0.238 0.540 0.007 0.007 0.011     (0.000,0.038) (0.000,0.399) (0.000,0.980) (0.000,0.997) (0.000,1.000) (0.000,0.040) (0.000,0.039) (0.000,0.066) 
 45      102    (0)    1 :  0.607 0.014 0.274 0.010 0.029 0.006 0.033 0.026     (0.000,1.000) (0.000,0.097) (0.000,0.998) (0.000,0.066) (0.000,0.178) (0.000,0.034) (0.000,0.236) (0.000,0.186) 
 46      105    (0)    1 :  0.008 0.004 0.005 0.964 0.005 0.004 0.005 0.005     (0.000,0.047) (0.000,0.022) (0.000,0.028) (0.839,1.000) (0.000,0.027) (0.000,0.025) (0.000,0.029) (0.000,0.028) 
 47      106    (0)    1 :  0.027 0.429 0.159 0.151 0.108 0.019 0.100 0.007     (0.000,0.185) (0.000,0.976) (0.000,0.973) (0.000,0.617) (0.000,0.590) (0.000,0.134) (0.000,0.438) (0.000,0.037) 
 48      108    (0)    1 :  0.055 0.026 0.045 0.828 0.021 0.009 0.008 0.009     (0.000,0.341) (0.000,0.187) (0.000,0.278) (0.473,1.000) (0.000,0.151) (0.000,0.056) (0.000,0.044) (0.000,0.054) 
 49      109    (0)    1 :  0.009 0.032 0.071 0.767 0.084 0.018 0.011 0.007     (0.000,0.055) (0.000,0.226) (0.000,0.514) (0.037,1.000) (0.000,0.539) (0.000,0.133) (0.000,0.072) (0.000,0.041) 
 50      112    (0)    1 :  0.029 0.252 0.143 0.010 0.357 0.114 0.011 0.084     (0.000,0.192) (0.000,0.972) (0.000,0.952) (0.000,0.061) (0.000,0.982) (0.000,0.521) (0.000,0.066) (0.000,0.526) 
 51      115    (0)    1 :  0.433 0.016 0.402 0.024 0.047 0.012 0.017 0.049     (0.000,0.999) (0.000,0.104) (0.000,1.000) (0.000,0.173) (0.000,0.330) (0.000,0.066) (0.000,0.110) (0.000,0.330) 
 52      116    (0)    1 :  0.019 0.007 0.020 0.022 0.033 0.874 0.014 0.010     (0.000,0.130) (0.000,0.042) (0.000,0.117) (0.000,0.165) (0.000,0.242) (0.478,1.000) (0.000,0.087) (0.000,0.053) 
 53      117    (0)    1 :  0.019 0.026 0.028 0.020 0.029 0.221 0.390 0.267     (0.000,0.123) (0.000,0.195) (0.000,0.174) (0.000,0.125) (0.000,0.212) (0.000,0.751) (0.000,0.956) (0.000,0.987) 
 54      129    (0)    1 :  0.008 0.004 0.008 0.006 0.006 0.919 0.041 0.010     (0.000,0.049) (0.000,0.020) (0.000,0.045) (0.000,0.031) (0.000,0.033) (0.654,1.000) (0.000,0.274) (0.000,0.048) 
 55      132    (0)    1 :  0.052 0.012 0.398 0.012 0.380 0.007 0.023 0.116     (0.000,0.363) (0.000,0.077) (0.000,0.999) (0.000,0.064) (0.000,0.999) (0.000,0.038) (0.000,0.164) (0.000,0.547) 
 56      133    (0)    1 :  0.007 0.081 0.132 0.228 0.529 0.004 0.009 0.009     (0.000,0.038) (0.000,0.606) (0.000,0.980) (0.000,0.997) (0.000,1.000) (0.000,0.024) (0.000,0.051) (0.000,0.051) 
 57      137    (6)    1 :  0.013 0.649 0.072 0.012 0.208 0.012 0.016 0.017     (0.000,0.084) (0.000,1.000) (0.000,0.548) (0.000,0.076) (0.000,0.955) (0.000,0.073) (0.000,0.105) (0.000,0.117) 
 58      139    (0)    1 :  0.015 0.895 0.032 0.014 0.008 0.016 0.011 0.009     (0.000,0.099) (0.586,1.000) (0.000,0.167) (0.000,0.089) (0.000,0.043) (0.000,0.110) (0.000,0.068) (0.000,0.056) 
 59      140    (0)    1 :  0.010 0.028 0.028 0.850 0.051 0.008 0.019 0.006     (0.000,0.058) (0.000,0.199) (0.000,0.188) (0.433,1.000) (0.000,0.381) (0.000,0.045) (0.000,0.137) (0.000,0.030) 
 60      142    (0)    1 :  0.009 0.710 0.013 0.011 0.218 0.006 0.022 0.011     (0.000,0.050) (0.067,1.000) (0.000,0.065) (0.000,0.064) (0.000,0.869) (0.000,0.033) (0.000,0.155) (0.000,0.069) 
 61      144    (0)    1 :  0.005 0.005 0.005 0.964 0.007 0.004 0.006 0.004     (0.000,0.026) (0.000,0.029) (0.000,0.030) (0.839,1.000) (0.000,0.042) (0.000,0.019) (0.000,0.037) (0.000,0.023) 
 62      145    (0)    1 :  0.008 0.442 0.011 0.012 0.511 0.005 0.007 0.005     (0.000,0.045) (0.000,1.000) (0.000,0.052) (0.000,0.073) (0.000,1.000) (0.000,0.025) (0.000,0.037) (0.000,0.028) 
 63      147    (0)    1 :  0.007 0.026 0.009 0.928 0.013 0.008 0.004 0.005     (0.000,0.040) (0.000,0.190) (0.000,0.056) (0.690,1.000) (0.000,0.078) (0.000,0.048) (0.000,0.024) (0.000,0.026) 
 64      160    (0)    1 :  0.009 0.006 0.006 0.005 0.006 0.009 0.010 0.950     (0.000,0.051) (0.000,0.030) (0.000,0.034) (0.000,0.026) (0.000,0.031) (0.000,0.049) (0.000,0.063) (0.778,1.000) 
 65     162*    (0)    1 :  0.005 0.006 0.005 0.005 0.006 0.957 0.005 0.011     (0.000,0.028) (0.000,0.037) (0.000,0.027) (0.000,0.028) (0.000,0.032) (0.809,1.000) (0.000,0.025) (0.000,0.067) 
 66      166    (0)    1 :  0.008 0.047 0.329 0.074 0.492 0.008 0.037 0.006     (0.000,0.047) (0.000,0.342) (0.000,0.997) (0.000,0.566) (0.000,1.000) (0.000,0.047) (0.000,0.265) (0.000,0.034) 
 67      177    (0)    1 :  0.004 0.968 0.005 0.004 0.005 0.005 0.004 0.005     (0.000,0.024) (0.859,1.000) (0.000,0.026) (0.000,0.022) (0.000,0.029) (0.000,0.030) (0.000,0.023) (0.000,0.025) 
 68      178    (0)    1 :  0.011 0.782 0.047 0.038 0.062 0.016 0.009 0.035     (0.000,0.070) (0.314,1.000) (0.000,0.312) (0.000,0.273) (0.000,0.448) (0.000,0.104) (0.000,0.058) (0.000,0.251) 
 69      186    (0)    1 :  0.005 0.004 0.005 0.004 0.005 0.005 0.966 0.006     (0.000,0.027) (0.000,0.023) (0.000,0.025) (0.000,0.022) (0.000,0.029) (0.000,0.029) (0.851,1.000) (0.000,0.031) 
 70      189    (0)    1 :  0.007 0.009 0.006 0.004 0.027 0.923 0.008 0.015     (0.000,0.041) (0.000,0.051) (0.000,0.033) (0.000,0.021) (0.000,0.156) (0.657,1.000) (0.000,0.047) (0.000,0.103) 
 71      190    (0)    1 :  0.015 0.011 0.029 0.009 0.023 0.816 0.040 0.058     (0.000,0.101) (0.000,0.074) (0.000,0.207) (0.000,0.053) (0.000,0.163) (0.379,1.000) (0.000,0.270) (0.000,0.412) 
 72      191    (0)    1 :  0.012 0.028 0.022 0.053 0.061 0.229 0.566 0.029     (0.000,0.076) (0.000,0.201) (0.000,0.142) (0.000,0.321) (0.000,0.416) (0.000,0.861) (0.000,0.978) (0.000,0.214) 
 73      193    (0)    1 :  0.012 0.381 0.020 0.016 0.506 0.010 0.038 0.017     (0.000,0.073) (0.000,1.000) (0.000,0.104) (0.000,0.108) (0.000,1.000) (0.000,0.059) (0.000,0.267) (0.000,0.105) 
 74      202    (0)    1 :  0.044 0.011 0.184 0.008 0.038 0.261 0.010 0.443     (0.000,0.301) (0.000,0.068) (0.000,0.908) (0.000,0.049) (0.000,0.267) (0.000,0.717) (0.000,0.062) (0.000,0.914) 
 75      204    (0)    1 :  0.005 0.003 0.004 0.005 0.004 0.941 0.030 0.007     (0.000,0.026) (0.000,0.018) (0.000,0.023) (0.000,0.027) (0.000,0.024) (0.719,1.000) (0.000,0.217) (0.000,0.040) 
 76      211    (0)    1 :  0.020 0.033 0.310 0.089 0.289 0.013 0.011 0.234     (0.000,0.130) (0.000,0.226) (0.000,0.970) (0.000,0.586) (0.000,0.982) (0.000,0.090) (0.000,0.070) (0.000,0.719) 
 77      216    (0)    1 :  0.006 0.032 0.142 0.648 0.145 0.005 0.005 0.016     (0.000,0.034) (0.000,0.213) (0.000,0.680) (0.081,1.000) (0.000,0.743) (0.000,0.031) (0.000,0.027) (0.000,0.107) 
 78      222    (0)    1 :  0.059 0.014 0.074 0.710 0.101 0.014 0.007 0.020     (0.000,0.378) (0.000,0.085) (0.000,0.568) (0.081,1.000) (0.000,0.667) (0.000,0.084) (0.000,0.043) (0.000,0.145) 
 79      224    (0)    1 :  0.015 0.008 0.011 0.015 0.053 0.851 0.024 0.022     (0.000,0.095) (0.000,0.048) (0.000,0.059) (0.000,0.099) (0.000,0.441) (0.159,1.000) (0.000,0.171) (0.000,0.149) 
 80      226    (0)    1 :  0.008 0.005 0.011 0.004 0.008 0.007 0.952 0.005     (0.000,0.047) (0.000,0.030) (0.000,0.067) (0.000,0.024) (0.000,0.048) (0.000,0.039) (0.792,1.000) (0.000,0.026) 
 81      229    (0)    1 :  0.027 0.035 0.106 0.028 0.065 0.660 0.009 0.070     (0.000,0.192) (0.000,0.233) (0.000,0.668) (0.000,0.207) (0.000,0.356) (0.001,0.995) (0.000,0.058) (0.000,0.477) 
 82      230    (0)    1 :  0.013 0.036 0.026 0.013 0.008 0.867 0.015 0.023     (0.000,0.073) (0.000,0.233) (0.000,0.134) (0.000,0.088) (0.000,0.049) (0.537,1.000) (0.000,0.098) (0.000,0.151) 
 83      232    (0)    1 :  0.021 0.081 0.067 0.021 0.161 0.114 0.070 0.464     (0.000,0.142) (0.000,0.474) (0.000,0.494) (0.000,0.154) (0.000,0.658) (0.000,0.622) (0.000,0.400) (0.000,0.930) 
 84      238    (0)    1 :  0.383 0.106 0.366 0.020 0.052 0.058 0.006 0.009     (0.000,0.991) (0.000,0.501) (0.000,1.000) (0.000,0.140) (0.000,0.352) (0.000,0.372) (0.000,0.035) (0.000,0.060) 
 85      242    (0)    1 :  0.922 0.004 0.030 0.009 0.018 0.006 0.006 0.005     (0.673,1.000) (0.000,0.024) (0.000,0.158) (0.000,0.056) (0.000,0.079) (0.000,0.033) (0.000,0.035) (0.000,0.026) 
 86      243    (0)    1 :  0.566 0.029 0.233 0.030 0.091 0.009 0.030 0.011     (0.000,1.000) (0.000,0.206) (0.000,0.997) (0.000,0.217) (0.000,0.558) (0.000,0.051) (0.000,0.227) (0.000,0.071) 
 87      244    (0)    1 :  0.421 0.177 0.341 0.008 0.025 0.011 0.006 0.011     (0.000,0.994) (0.000,0.648) (0.000,1.000) (0.000,0.043) (0.000,0.147) (0.000,0.070) (0.000,0.034) (0.000,0.071) 
 88      251    (0)    1 :  0.377 0.025 0.375 0.015 0.080 0.021 0.009 0.099     (0.000,0.994) (0.000,0.159) (0.000,1.000) (0.000,0.089) (0.000,0.529) (0.000,0.144) (0.000,0.050) (0.000,0.531) 
 89      266    (0)    1 :  0.103 0.431 0.341 0.014 0.074 0.019 0.009 0.009     (0.000,0.495) (0.000,0.937) (0.000,0.998) (0.000,0.088) (0.000,0.489) (0.000,0.136) (0.000,0.060) (0.000,0.052) 
 90      267    (0)    1 :  0.023 0.013 0.071 0.731 0.075 0.044 0.029 0.014     (0.000,0.163) (0.000,0.087) (0.000,0.489) (0.067,1.000) (0.000,0.518) (0.000,0.287) (0.000,0.206) (0.000,0.089) 
 91      268    (0)    1 :  0.009 0.314 0.189 0.222 0.225 0.005 0.007 0.029     (0.000,0.050) (0.000,0.963) (0.000,0.835) (0.000,0.983) (0.000,0.991) (0.000,0.027) (0.000,0.043) (0.000,0.213) 
 92      270    (0)    1 :  0.017 0.008 0.012 0.012 0.020 0.880 0.031 0.019     (0.000,0.108) (0.000,0.048) (0.000,0.071) (0.000,0.078) (0.000,0.140) (0.527,1.000) (0.000,0.222) (0.000,0.130) 
 93      276    (0)    1 :  0.017 0.064 0.049 0.064 0.095 0.217 0.458 0.037     (0.000,0.113) (0.000,0.395) (0.000,0.369) (0.000,0.404) (0.000,0.526) (0.000,0.941) (0.000,0.921) (0.000,0.263) 
 94      298    (6)    1 :  0.011 0.096 0.060 0.736 0.062 0.007 0.016 0.012     (0.000,0.066) (0.000,0.517) (0.000,0.418) (0.233,1.000) (0.000,0.451) (0.000,0.039) (0.000,0.114) (0.000,0.077) 
 95      306    (0)    1 :  0.018 0.070 0.254 0.022 0.612 0.007 0.010 0.008     (0.000,0.115) (0.000,0.480) (0.000,0.883) (0.000,0.154) (0.000,1.000) (0.000,0.041) (0.000,0.058) (0.000,0.042) 
 96      308    (0)    1 :  0.031 0.482 0.065 0.182 0.137 0.008 0.007 0.089     (0.000,0.220) (0.000,0.996) (0.000,0.439) (0.000,0.693) (0.000,0.640) (0.000,0.046) (0.000,0.042) (0.000,0.452) 
 97      311    (6)    1 :  0.087 0.024 0.298 0.155 0.389 0.021 0.009 0.018     (0.000,0.521) (0.000,0.154) (0.000,0.999) (0.000,0.856) (0.000,0.998) (0.000,0.137) (0.000,0.052) (0.000,0.124) 
 98      323    (0)    1 :  0.008 0.005 0.006 0.005 0.006 0.007 0.959 0.005     (0.000,0.043) (0.000,0.025) (0.000,0.031) (0.000,0.031) (0.000,0.033) (0.000,0.041) (0.821,1.000) (0.000,0.026) 
 99      327    (0)    1 :  0.019 0.007 0.053 0.012 0.025 0.675 0.020 0.190     (0.000,0.125) (0.000,0.040) (0.000,0.345) (0.000,0.073) (0.000,0.181) (0.019,1.000) (0.000,0.140) (0.000,0.725) 
100      334    (0)    1 :  0.330 0.006 0.472 0.010 0.165 0.007 0.004 0.006     (0.000,1.000) (0.000,0.033) (0.000,1.000) (0.000,0.062) (0.000,0.998) (0.000,0.042) (0.000,0.023) (0.000,0.034) 
101      338    (0)    1 :  0.016 0.035 0.139 0.407 0.339 0.017 0.018 0.029     (0.000,0.095) (0.000,0.253) (0.000,0.858) (0.000,0.999) (0.000,0.984) (0.000,0.115) (0.000,0.123) (0.000,0.204) 
102      341    (0)    1 :  0.011 0.006 0.011 0.005 0.015 0.007 0.938 0.007     (0.000,0.066) (0.000,0.035) (0.000,0.070) (0.000,0.026) (0.000,0.100) (0.000,0.041) (0.739,1.000) (0.000,0.036) 
103      346    (0)    1 :  0.008 0.547 0.077 0.008 0.296 0.008 0.014 0.041     (0.000,0.045) (0.000,1.000) (0.000,0.615) (0.000,0.044) (0.000,0.999) (0.000,0.048) (0.000,0.086) (0.000,0.302) 
104      348    (0)    1 :  0.023 0.228 0.032 0.629 0.062 0.010 0.009 0.007     (0.000,0.161) (0.000,0.830) (0.000,0.211) (0.000,1.000) (0.000,0.404) (0.000,0.058) (0.000,0.055) (0.000,0.040) 
105      351    (0)    1 :  0.280 0.013 0.407 0.008 0.241 0.008 0.016 0.026     (0.000,0.997) (0.000,0.081) (0.000,1.000) (0.000,0.045) (0.000,0.998) (0.000,0.048) (0.000,0.109) (0.000,0.192) 
106      362    (0)    1 :  0.006 0.006 0.006 0.006 0.006 0.915 0.026 0.028     (0.000,0.032) (0.000,0.031) (0.000,0.034) (0.000,0.035) (0.000,0.035) (0.628,1.000) (0.000,0.183) (0.000,0.188) 
107      364    (0)    1 :  0.845 0.014 0.061 0.009 0.046 0.005 0.010 0.010     (0.416,1.000) (0.000,0.092) (0.000,0.404) (0.000,0.056) (0.000,0.310) (0.000,0.028) (0.000,0.062) (0.000,0.065) 
108      366    (0)    1 :  0.765 0.010 0.106 0.029 0.022 0.044 0.012 0.012     (0.000,1.000) (0.000,0.064) (0.000,0.930) (0.000,0.208) (0.000,0.138) (0.000,0.312) (0.000,0.071) (0.000,0.073) 
109      376    (0)    1 :  0.007 0.020 0.011 0.006 0.030 0.024 0.876 0.026     (0.000,0.042) (0.000,0.140) (0.000,0.068) (0.000,0.034) (0.000,0.211) (0.000,0.168) (0.575,1.000) (0.000,0.185) 
110      377    (6)    1 :  0.015 0.010 0.027 0.023 0.137 0.107 0.020 0.661     (0.000,0.090) (0.000,0.053) (0.000,0.144) (0.000,0.161) (0.000,0.939) (0.000,0.589) (0.000,0.140) (0.000,1.000) 
111      378    (0)    1 :  0.005 0.012 0.007 0.007 0.012 0.006 0.011 0.940     (0.000,0.025) (0.000,0.079) (0.000,0.042) (0.000,0.041) (0.000,0.078) (0.000,0.034) (0.000,0.068) (0.740,1.000) 
112      388    (0)    1 :  0.016 0.012 0.124 0.647 0.151 0.010 0.010 0.029     (0.000,0.101) (0.000,0.076) (0.000,0.805) (0.000,1.000) (0.000,0.904) (0.000,0.065) (0.000,0.065) (0.000,0.219) 
113      391    (0)    1 :  0.012 0.016 0.068 0.022 0.174 0.007 0.454 0.247     (0.000,0.072) (0.000,0.095) (0.000,0.543) (0.000,0.162) (0.000,0.730) (0.000,0.037) (0.000,0.846) (0.000,0.623) 
114      396   (18)    1 :  0.011 0.031 0.107 0.023 0.165 0.586 0.052 0.023     (0.000,0.067) (0.000,0.231) (0.000,0.785) (0.000,0.165) (0.000,0.631) (0.000,0.991) (0.000,0.372) (0.000,0.157) 
115      400   (18)    1 :  0.129 0.009 0.039 0.008 0.057 0.193 0.010 0.556     (0.000,0.784) (0.000,0.050) (0.000,0.247) (0.000,0.047) (0.000,0.467) (0.000,0.838) (0.000,0.065) (0.000,1.000) 
116      401    (0)    1 :  0.149 0.147 0.220 0.010 0.062 0.322 0.079 0.010     (0.000,0.659) (0.000,0.586) (0.000,0.991) (0.000,0.059) (0.000,0.428) (0.000,0.755) (0.000,0.517) (0.000,0.059) 
117      406    (0)    1 :  0.035 0.041 0.138 0.179 0.488 0.010 0.091 0.018     (0.000,0.236) (0.000,0.269) (0.000,0.924) (0.000,0.965) (0.000,1.000) (0.000,0.063) (0.000,0.532) (0.000,0.115) 
118      412    (6)    1 :  0.014 0.036 0.120 0.154 0.609 0.019 0.021 0.027     (0.000,0.077) (0.000,0.216) (0.000,0.955) (0.000,0.980) (0.000,1.000) (0.000,0.127) (0.000,0.149) (0.000,0.181) 
119      413    (0)    1 :  0.035 0.394 0.076 0.025 0.445 0.014 0.004 0.007     (0.000,0.238) (0.000,1.000) (0.000,0.430) (0.000,0.182) (0.000,0.999) (0.000,0.091) (0.000,0.021) (0.000,0.041) 
120      421    (0)    1 :  0.019 0.072 0.119 0.025 0.228 0.494 0.025 0.019     (0.000,0.121) (0.000,0.474) (0.000,0.902) (0.000,0.183) (0.000,0.781) (0.000,0.988) (0.000,0.186) (0.000,0.120) 
121      423    (0)    1 :  0.054 0.023 0.074 0.064 0.172 0.578 0.015 0.019     (0.000,0.373) (0.000,0.159) (0.000,0.687) (0.000,0.420) (0.000,0.859) (0.000,1.000) (0.000,0.105) (0.000,0.128) 
122      424    (0)    1 :  0.030 0.063 0.091 0.025 0.549 0.010 0.190 0.042     (0.000,0.206) (0.000,0.484) (0.000,0.766) (0.000,0.168) (0.000,1.000) (0.000,0.059) (0.000,0.835) (0.000,0.311) 
123      426    (0)    1 :  0.019 0.018 0.024 0.013 0.034 0.027 0.032 0.833     (0.000,0.131) (0.000,0.128) (0.000,0.153) (0.000,0.079) (0.000,0.236) (0.000,0.189) (0.000,0.233) (0.448,1.000) 
124      430   (12)    1 :  0.008 0.173 0.140 0.031 0.564 0.019 0.047 0.018     (0.000,0.046) (0.000,0.878) (0.000,0.756) (0.000,0.229) (0.000,1.000) (0.000,0.122) (0.000,0.343) (0.000,0.111) 
125      435    (0)    1 :  0.004 0.655 0.008 0.034 0.274 0.005 0.005 0.014     (0.000,0.023) (0.000,1.000) (0.000,0.040) (0.000,0.222) (0.000,0.861) (0.000,0.028) (0.000,0.026) (0.000,0.091) 
126      476    (0)    1 :  0.028 0.026 0.022 0.006 0.019 0.088 0.795 0.016     (0.000,0.186) (0.000,0.180) (0.000,0.152) (0.000,0.038) (0.000,0.137) (0.000,0.459) (0.422,1.000) (0.000,0.107) 
127      478    (0)    1 :  0.028 0.006 0.018 0.008 0.017 0.192 0.713 0.017     (0.000,0.199) (0.000,0.033) (0.000,0.121) (0.000,0.049) (0.000,0.117) (0.000,0.574) (0.354,0.996) (0.000,0.112) 
128      484    (0)    1 :  0.007 0.031 0.068 0.689 0.169 0.007 0.017 0.012     (0.000,0.037) (0.000,0.225) (0.000,0.559) (0.096,1.000) (0.000,0.754) (0.000,0.039) (0.000,0.115) (0.000,0.073) 
129      489    (0)    1 :  0.009 0.013 0.028 0.098 0.218 0.033 0.012 0.590     (0.000,0.049) (0.000,0.069) (0.000,0.171) (0.000,0.483) (0.000,0.992) (0.000,0.229) (0.000,0.074) (0.000,1.000) 
130      492   (18)    1 :  0.309 0.008 0.482 0.008 0.176 0.006 0.005 0.006     (0.000,1.000) (0.000,0.045) (0.000,1.000) (0.000,0.047) (0.000,0.999) (0.000,0.031) (0.000,0.025) (0.000,0.033) 
131      493    (0)    1 :  0.916 0.008 0.022 0.007 0.013 0.013 0.008 0.012     (0.659,1.000) (0.000,0.049) (0.000,0.119) (0.000,0.038) (0.000,0.088) (0.000,0.091) (0.000,0.046) (0.000,0.081) 
132      494    (0)    1 :  0.808 0.009 0.097 0.007 0.014 0.018 0.013 0.034     (0.000,1.000) (0.000,0.053) (0.000,0.874) (0.000,0.042) (0.000,0.066) (0.000,0.124) (0.000,0.088) (0.000,0.246) 
133      500    (0)    1 :  0.008 0.004 0.006 0.004 0.005 0.949 0.015 0.010     (0.000,0.040) (0.000,0.023) (0.000,0.028) (0.000,0.021) (0.000,0.027) (0.770,1.000) (0.000,0.101) (0.000,0.058) 
134      504    (0)    1 :  0.021 0.012 0.075 0.728 0.066 0.044 0.009 0.045     (0.000,0.148) (0.000,0.072) (0.000,0.490) (0.224,1.000) (0.000,0.469) (0.000,0.276) (0.000,0.052) (0.000,0.290) 
135      506    (0)    1 :  0.006 0.005 0.008 0.898 0.008 0.055 0.011 0.010     (0.000,0.034) (0.000,0.026) (0.000,0.041) (0.588,1.000) (0.000,0.041) (0.000,0.336) (0.000,0.066) (0.000,0.064) 


Estimated Allele Frequencies in each cluster
First column gives estimated ancestral frequencies


Locus 1 : Rsu3 
3 alleles
1.5% missing data
 164   (0.542) 0.570 0.574 0.454 0.441 0.426 0.639 0.500 0.611 
 166   (0.245) 0.191 0.202 0.315 0.520 0.436 0.075 0.096 0.279 
 170   (0.212) 0.240 0.224 0.230 0.040 0.138 0.286 0.404 0.110 

Locus 2 : Rsu5 
5 alleles
1.5% missing data
 137   (0.741) 0.643 0.813 0.695 0.437 0.836 0.962 0.971 0.889 
 135   (0.087) 0.121 0.040 0.061 0.014 0.076 0.008 0.016 0.066 
 139   (0.105) 0.197 0.068 0.208 0.012 0.072 0.024 0.008 0.039 
 133   (0.022) 0.027 0.003 0.011 0.002 0.003 0.002 0.001 0.002 
 131   (0.046) 0.013 0.076 0.025 0.534 0.013 0.004 0.003 0.004 

Locus 3 : Scv1 
5 alleles
0.7% missing data
 181   (0.538) 0.677 0.352 0.426 0.379 0.346 0.637 0.950 0.717 
 179   (0.196) 0.174 0.267 0.376 0.104 0.274 0.121 0.023 0.112 
 177   (0.111) 0.060 0.056 0.104 0.197 0.250 0.012 0.013 0.154 
 185   (0.127) 0.060 0.321 0.075 0.318 0.125 0.227 0.012 0.012 
 171   (0.029) 0.030 0.004 0.018 0.003 0.005 0.002 0.002 0.003 

Locus 4 : Rsu4 
9 alleles
0.0% missing data
 267   (0.202) 0.312 0.082 0.251 0.139 0.085 0.310 0.143 0.089 
 263   (0.327) 0.260 0.378 0.319 0.359 0.572 0.233 0.472 0.767 
 259   (0.051) 0.014 0.007 0.028 0.006 0.013 0.191 0.271 0.042 
 287   (0.179) 0.125 0.106 0.231 0.182 0.241 0.220 0.096 0.065 
 275   (0.038) 0.124 0.012 0.023 0.004 0.006 0.003 0.003 0.003 
 279   (0.070) 0.063 0.251 0.056 0.008 0.018 0.009 0.006 0.012 
 283   (0.072) 0.041 0.155 0.054 0.295 0.054 0.006 0.005 0.007 
 291   (0.035) 0.020 0.005 0.024 0.004 0.007 0.026 0.003 0.012 
 271   (0.025) 0.041 0.003 0.014 0.003 0.004 0.002 0.002 0.002 

Locus 5 : Rsu6 
5 alleles
0.0% missing data
 120   (0.260) 0.209 0.218 0.292 0.095 0.307 0.259 0.288 0.480 
 126   (0.613) 0.632 0.762 0.637 0.891 0.674 0.470 0.582 0.474 
 124   (0.078) 0.053 0.013 0.047 0.009 0.012 0.251 0.127 0.042 
 130   (0.027) 0.098 0.003 0.013 0.003 0.004 0.002 0.002 0.002 
 114   (0.022) 0.007 0.003 0.011 0.003 0.004 0.018 0.002 0.002 

Locus 6 : Scv12 
3 alleles
1.5% missing data
 198   (0.576) 0.723 0.694 0.607 0.404 0.689 0.312 0.686 0.426 
 196   (0.266) 0.136 0.182 0.289 0.538 0.270 0.181 0.291 0.258 
 200   (0.158) 0.140 0.125 0.104 0.058 0.041 0.506 0.022 0.316 

Locus 7 : Scv23 
3 alleles
1.5% missing data
 158   (0.526) 0.465 0.561 0.531 0.769 0.556 0.723 0.362 0.495 
 164   (0.187) 0.272 0.035 0.253 0.126 0.180 0.058 0.437 0.108 
 160   (0.287) 0.263 0.404 0.216 0.105 0.264 0.219 0.201 0.397 

Locus 8 : Scv13 
5 alleles
0.0% missing data
 182   (0.726) 0.704 0.562 0.826 0.897 0.916 0.916 0.788 0.965 
 180   (0.091) 0.107 0.015 0.058 0.010 0.020 0.064 0.181 0.017 
 172   (0.077) 0.050 0.273 0.049 0.080 0.034 0.006 0.006 0.007 
 184   (0.066) 0.122 0.016 0.041 0.009 0.021 0.010 0.022 0.006 
 174   (0.041) 0.018 0.134 0.026 0.004 0.009 0.004 0.003 0.004 

Locus 9 : Scv32 
18 alleles
0.7% missing data
 236   (0.040) 0.133 0.007 0.031 0.004 0.009 0.003 0.003 0.004 
 238   (0.045) 0.022 0.009 0.154 0.076 0.123 0.004 0.003 0.006 
 234   (0.134) 0.057 0.651 0.128 0.107 0.325 0.019 0.337 0.111 
 246   (0.059) 0.019 0.014 0.034 0.007 0.024 0.195 0.298 0.042 
 248   (0.095) 0.122 0.014 0.161 0.023 0.077 0.133 0.007 0.346 
 262   (0.106) 0.048 0.039 0.096 0.042 0.123 0.286 0.012 0.129 
 232   (0.164) 0.383 0.062 0.108 0.466 0.130 0.109 0.178 0.017 
 250   (0.029) 0.008 0.004 0.016 0.003 0.008 0.003 0.004 0.259 
 228   (0.025) 0.025 0.004 0.017 0.003 0.005 0.002 0.002 0.003 
 220   (0.039) 0.013 0.006 0.024 0.004 0.006 0.205 0.073 0.008 
 264   (0.057) 0.055 0.030 0.052 0.007 0.071 0.005 0.046 0.011 
 252   (0.042) 0.012 0.078 0.023 0.090 0.009 0.017 0.003 0.005 
 254   (0.047) 0.021 0.062 0.081 0.087 0.035 0.004 0.003 0.007 
 242   (0.024) 0.040 0.003 0.014 0.002 0.004 0.002 0.002 0.002 
 266   (0.027) 0.009 0.004 0.021 0.037 0.027 0.002 0.002 0.003 
 244   (0.027) 0.014 0.004 0.018 0.036 0.019 0.006 0.002 0.043 
 226   (0.020) 0.006 0.003 0.010 0.002 0.003 0.002 0.025 0.002 
 240   (0.019) 0.014 0.006 0.012 0.002 0.003 0.002 0.001 0.002 

Locus 10 : Scv8 
6 alleles
0.7% missing data
 200   (0.624) 0.634 0.434 0.732 0.626 0.709 0.705 0.825 0.790 
 202   (0.093) 0.176 0.057 0.087 0.066 0.074 0.008 0.007 0.009 
 194   (0.088) 0.036 0.092 0.054 0.010 0.148 0.088 0.154 0.025 
 204   (0.051) 0.022 0.008 0.038 0.005 0.012 0.038 0.004 0.110 
 198   (0.074) 0.097 0.016 0.045 0.008 0.031 0.155 0.005 0.058 
 188   (0.070) 0.035 0.392 0.043 0.285 0.025 0.006 0.005 0.007 

Locus 11 : Scv9 
5 alleles
0.0% missing data
 198   (0.324) 0.198 0.549 0.483 0.313 0.479 0.114 0.426 0.469 
 200   (0.329) 0.523 0.106 0.271 0.306 0.138 0.569 0.354 0.400 
 196   (0.281) 0.260 0.228 0.212 0.370 0.371 0.311 0.047 0.124 
 204   (0.044) 0.013 0.091 0.024 0.007 0.009 0.004 0.172 0.005 
 202   (0.021) 0.006 0.027 0.011 0.004 0.003 0.002 0.001 0.002 

Locus 12 : Rsu1 
6 alleles
0.0% missing data
 189   (0.300) 0.519 0.257 0.350 0.104 0.282 0.058 0.494 0.054 
 185   (0.273) 0.190 0.166 0.362 0.789 0.452 0.215 0.180 0.065 
 177   (0.082) 0.039 0.042 0.049 0.061 0.025 0.158 0.009 0.011 
 181   (0.250) 0.225 0.521 0.186 0.036 0.222 0.182 0.058 0.796 
 193   (0.054) 0.016 0.008 0.032 0.005 0.013 0.291 0.035 0.070 
 197   (0.042) 0.012 0.006 0.021 0.004 0.007 0.098 0.223 0.004 

Locus 13 : Scv14 
7 alleles
4.4% missing data
 196   (0.537) 0.481 0.680 0.386 0.604 0.544 0.818 0.935 0.891 
 198   (0.080) 0.092 0.054 0.196 0.025 0.143 0.007 0.006 0.011 
 194   (0.136) 0.213 0.170 0.088 0.051 0.121 0.042 0.018 0.054 
 202   (0.180) 0.179 0.075 0.291 0.314 0.180 0.123 0.035 0.025 
 204   (0.022) 0.019 0.003 0.012 0.002 0.003 0.002 0.002 0.002 
 190   (0.022) 0.007 0.003 0.013 0.002 0.004 0.006 0.002 0.014 
 200   (0.022) 0.009 0.014 0.015 0.002 0.004 0.002 0.002 0.002 

Locus 14 : Scv16 
7 alleles
0.0% missing data
 182   (0.408) 0.251 0.583 0.488 0.312 0.605 0.560 0.195 0.791 
 184   (0.414) 0.539 0.189 0.401 0.627 0.343 0.286 0.779 0.190 
 188   (0.057) 0.149 0.008 0.029 0.006 0.011 0.144 0.017 0.006 
 200   (0.020) 0.024 0.003 0.010 0.002 0.003 0.002 0.001 0.002 
 198   (0.045) 0.013 0.130 0.039 0.029 0.025 0.004 0.003 0.007 
 190   (0.036) 0.010 0.083 0.022 0.020 0.009 0.003 0.003 0.003 
 186   (0.021) 0.014 0.005 0.011 0.002 0.003 0.002 0.001 0.002 

Locus 15 : Scv31 
15 alleles
3.0% missing data
 193   (0.122) 0.072 0.032 0.247 0.140 0.145 0.036 0.013 0.551 
 201   (0.104) 0.222 0.015 0.070 0.067 0.022 0.062 0.011 0.087 
 187   (0.083) 0.025 0.012 0.051 0.126 0.018 0.320 0.258 0.051 
 207   (0.024) 0.007 0.003 0.013 0.003 0.004 0.011 0.401 0.002 
 195   (0.073) 0.022 0.032 0.043 0.215 0.065 0.101 0.013 0.034 
 185   (0.171) 0.125 0.327 0.212 0.167 0.360 0.025 0.230 0.026 
 189   (0.062) 0.242 0.008 0.031 0.006 0.011 0.008 0.004 0.177 
 205   (0.021) 0.015 0.004 0.011 0.002 0.003 0.002 0.001 0.002 
 191   (0.141) 0.053 0.475 0.100 0.018 0.304 0.339 0.054 0.048 
 197   (0.028) 0.008 0.004 0.015 0.196 0.004 0.006 0.003 0.004 
 199   (0.058) 0.065 0.070 0.034 0.046 0.010 0.005 0.004 0.006 
 203   (0.027) 0.072 0.004 0.014 0.003 0.004 0.002 0.002 0.002 
 209   (0.031) 0.025 0.007 0.034 0.003 0.012 0.003 0.002 0.003 
 213   (0.030) 0.041 0.004 0.111 0.003 0.031 0.002 0.002 0.003 
 181   (0.026) 0.007 0.004 0.014 0.003 0.007 0.077 0.002 0.003 

Locus 16 : Scv6 
8 alleles
0.0% missing data
 191   (0.107) 0.203 0.015 0.128 0.021 0.035 0.186 0.008 0.206 
 195   (0.373) 0.296 0.228 0.352 0.606 0.449 0.458 0.688 0.509 
 197   (0.212) 0.109 0.358 0.187 0.232 0.133 0.308 0.262 0.246 
 201   (0.081) 0.131 0.126 0.111 0.009 0.058 0.007 0.006 0.009 
 205   (0.023) 0.052 0.003 0.011 0.002 0.003 0.002 0.002 0.002 
 193   (0.092) 0.117 0.170 0.066 0.092 0.109 0.009 0.007 0.009 
 199   (0.086) 0.046 0.098 0.131 0.035 0.209 0.028 0.026 0.016 
 181   (0.026) 0.046 0.003 0.013 0.003 0.004 0.002 0.002 0.002 

Values of parameters used in structure:
DATAFILE=C:\Users\drenske\Desktop\STRUCTURE\Squirrel_135_ID_16L_20250816\project_data,	OUTFILE=C:\Users\drenske\Desktop\STRUCTURE\Squirrel_135_ID_16L_20250816\10k_Burnin_100k_MCMC\Results\10k_Burnin_100k_MCMC_run_187,	NUMINDS=135,	NUMLOCI=16,	MISSING=-9,	LABEL=1,	POPDATA=1,	POPFLAG=0,	PHENOTYPE=0,	EXTRACOLS=1,	MAXPOPS=8,	BURNIN=10000,	NUMREPS=100000,	USEPOPINFO=0,	INFERALPHA=1,	INFERLAMBDA=1,	POPSPECIFICLAMBDA=0,	POPALPHAS=0,	COMPUTEPROB=1,	NOADMIX=0,	ADMBURNIN=2500,	UPDATEFREQ=1,	PRINTLIKES=0,	INTERMEDSAVE=0,	PRINTKLD=0,	PRINTNET=0,	PRINTLAMBDA=0,	ANCESTDIST=1,	NUMBOXES=1000,	ANCESTPINT=0.90000,	GENSBACK=2,	MIGRPRIOR=0.05000,	PRINTQHAT=1,	PRINTQSUM=0,	ALPHA=1.0000,	FREQSCORR=1,	FPRIORMEAN=0.0100,	FPRIORSD=0.0500,	ONEFST=0,	LAMBDA=1.0000,	UNIFPRIORALPHA=1,	ALPHAMAX=10.0000,	ALPHAPRIORA=1.0000,	ALPHAPRIORB=2.0000,	ALPHAPROPSD=0.0250,	STARTATPOPINFO=0,	RANDOMIZE=1,	LINKAGE=0,	METROFREQ=10,	REPORTHITRATE=0,	MARKOVPHASE=-1,	PHASED=0,	PLOIDY=2,	PHASEINFO=0	LOCPRIOR=0, 	LOCPRIORINIT=1.000000, 	LOCDATA=0, 	LOCISPOP=0, 	LOCPRIORSTEP=0.100000, 	MAXLOCPRIOR=20.000000, 	SEED=1755517434,	
[STRAT parameters]:    NUMSIMSTATS=1000,	PHENOTYPECOL=-9,	POOLFREQ=10,	LOCUSxONLY=0,	EMERROR=0.00100,	MISSINGPHENO=-9,	