          1*  1 0.6592 0.0071 0.0295 0.0104 0.0056 0.0136 0.0170 0.0310 0.0686 0.1580 
           3  1 0.0052 0.0061 0.0044 0.0058 0.0045 0.9491 0.0068 0.0052 0.0065 0.0065 
           6  1 0.0051 0.0108 0.0061 0.0226 0.0113 0.8706 0.0160 0.0107 0.0129 0.0340 
           8  1 0.0156 0.2552 0.0120 0.6375 0.0035 0.0065 0.0167 0.0353 0.0123 0.0053 
          10  1 0.0068 0.0055 0.0069 0.1596 0.0047 0.0071 0.0034 0.7949 0.0063 0.0049 
          11  1 0.2086 0.1775 0.0449 0.0165 0.0322 0.0373 0.0088 0.0171 0.4142 0.0429 
          12  1 0.0044 0.0067 0.0039 0.0106 0.0048 0.0054 0.0051 0.9408 0.0069 0.0114 
          16  1 0.0064 0.0086 0.0049 0.0151 0.0054 0.9303 0.0051 0.0101 0.0076 0.0065 
          18  1 0.9430 0.0106 0.0046 0.0064 0.0039 0.0082 0.0054 0.0055 0.0083 0.0040 
          19  1 0.3191 0.0305 0.0339 0.0248 0.0625 0.0128 0.0181 0.0093 0.4798 0.0092 
          21  1 0.0065 0.0104 0.0067 0.0235 0.0068 0.9135 0.0059 0.0087 0.0093 0.0087 
          23  1 0.0098 0.0386 0.0108 0.0278 0.0242 0.0116 0.0116 0.5841 0.0636 0.2179 
          24  1 0.0470 0.0157 0.1616 0.1260 0.0340 0.0198 0.0088 0.4007 0.1707 0.0158 
          25  1 0.0116 0.0434 0.0121 0.0327 0.0060 0.0393 0.0080 0.6219 0.0514 0.1736 
         26*  1 0.0161 0.0161 0.0316 0.5666 0.0046 0.1726 0.0063 0.1550 0.0197 0.0113 
          28  1 0.0069 0.1760 0.0235 0.2675 0.0056 0.1565 0.0057 0.3330 0.0120 0.0134 
          29  1 0.0136 0.0080 0.0106 0.1080 0.0058 0.0050 0.0047 0.8304 0.0088 0.0050 
          30  1 0.0151 0.0182 0.0131 0.3335 0.0078 0.1195 0.2874 0.1211 0.0568 0.0275 
          33  1 0.7704 0.0048 0.0184 0.0053 0.0749 0.0065 0.0113 0.0056 0.0871 0.0158 
          37  1 0.8855 0.0101 0.0162 0.0059 0.0088 0.0123 0.0051 0.0334 0.0128 0.0097 
          38  1 0.9064 0.0111 0.0135 0.0120 0.0047 0.0096 0.0042 0.0157 0.0186 0.0042 
          43  1 0.0086 0.0295 0.0138 0.0795 0.0069 0.0434 0.0053 0.7902 0.0107 0.0121 
          44  1 0.0085 0.4764 0.0065 0.1572 0.0053 0.2746 0.0398 0.0070 0.0175 0.0071 
          48  1 0.9456 0.0063 0.0048 0.0052 0.0037 0.0116 0.0055 0.0060 0.0071 0.0043 
          55  1 0.0109 0.3367 0.0142 0.2654 0.0087 0.2544 0.0148 0.0094 0.0363 0.0491 
          59  1 0.0066 0.0056 0.0046 0.0059 0.0039 0.9520 0.0056 0.0039 0.0058 0.0060 
          60  1 0.0104 0.0063 0.0053 0.0040 0.0089 0.0078 0.0074 0.0325 0.0127 0.9046 
          61  1 0.0091 0.0401 0.0218 0.0087 0.5092 0.0169 0.0590 0.0077 0.0731 0.2545 
          62  1 0.0220 0.2845 0.0421 0.0081 0.1964 0.0135 0.0190 0.0523 0.2230 0.1391 
          65  1 0.7104 0.0099 0.0207 0.0087 0.0123 0.0053 0.0270 0.0081 0.1820 0.0157 
          73  1 0.0066 0.0191 0.0127 0.0073 0.0048 0.0062 0.7619 0.1174 0.0222 0.0418 
          75  1 0.0107 0.0064 0.0065 0.0084 0.9032 0.0085 0.0348 0.0046 0.0120 0.0048 
          76  1 0.0047 0.0082 0.0030 0.0043 0.9338 0.0062 0.0052 0.0116 0.0114 0.0115 
          77  1 0.0074 0.0072 0.0100 0.0041 0.8325 0.0072 0.0041 0.0086 0.0098 0.1090 
          78  1 0.0148 0.0262 0.0097 0.0094 0.3630 0.0073 0.4889 0.0132 0.0331 0.0344 
          79  1 0.0118 0.0194 0.0124 0.0069 0.8109 0.0049 0.0705 0.0049 0.0493 0.0091 
          84  1 0.0089 0.0856 0.0767 0.0761 0.0132 0.5568 0.0154 0.0690 0.0620 0.0361 
          85  1 0.0095 0.6006 0.0169 0.3058 0.0061 0.0099 0.0129 0.0068 0.0227 0.0088 
          86  1 0.0141 0.3445 0.0399 0.3948 0.0123 0.0072 0.0213 0.0155 0.1373 0.0131 
          89  1 0.0197 0.0819 0.0308 0.0114 0.0243 0.4722 0.0093 0.1961 0.0888 0.0655 
          94  1 0.0284 0.0150 0.0050 0.0091 0.0061 0.0134 0.0042 0.9021 0.0097 0.0071 
          95  1 0.0124 0.0077 0.0045 0.0116 0.0053 0.9228 0.0087 0.0050 0.0084 0.0136 
          96  1 0.0045 0.0111 0.0044 0.9469 0.0065 0.0039 0.0045 0.0073 0.0068 0.0042 
          98  1 0.0054 0.0214 0.0213 0.0058 0.0299 0.0053 0.1276 0.0084 0.0480 0.7267 
         102  1 0.4949 0.0089 0.0280 0.0051 0.0118 0.0326 0.0098 0.0231 0.3681 0.0176 
         105  1 0.0070 0.0043 0.0042 0.0040 0.0036 0.0043 0.9591 0.0043 0.0051 0.0041 
         106  1 0.0223 0.1324 0.0265 0.0079 0.4069 0.0658 0.0982 0.0045 0.2115 0.0240 
         108  1 0.0568 0.0097 0.0101 0.0083 0.0260 0.0071 0.8108 0.0083 0.0295 0.0335 
         109  1 0.0085 0.0126 0.0135 0.0309 0.0462 0.0136 0.5775 0.0071 0.0858 0.2043 
         112  1 0.0205 0.3821 0.0274 0.0459 0.0918 0.0102 0.0079 0.0504 0.1855 0.1783 
         115  1 0.3329 0.0204 0.0406 0.0068 0.0187 0.0151 0.0223 0.0627 0.4314 0.0490 
         116  1 0.0214 0.4809 0.0099 0.3867 0.0064 0.0129 0.0181 0.0167 0.0415 0.0055 
         117  1 0.0140 0.0138 0.0117 0.2627 0.0203 0.3062 0.0150 0.2619 0.0302 0.0642 
         129  1 0.0081 0.0239 0.0061 0.8152 0.0038 0.1153 0.0044 0.0096 0.0077 0.0060 
         132  1 0.0514 0.0131 0.0386 0.0056 0.0127 0.0215 0.0108 0.1503 0.0500 0.6459 
         133  1 0.0055 0.0168 0.0208 0.0037 0.0451 0.0063 0.1246 0.0067 0.0425 0.7280 
         137  1 0.0110 0.0178 0.0080 0.0093 0.4723 0.0156 0.0096 0.0178 0.0294 0.4092 
         139  1 0.0100 0.0093 0.0105 0.0145 0.9095 0.0083 0.0092 0.0074 0.0158 0.0054 
         140  1 0.0089 0.0145 0.0067 0.0091 0.0350 0.0174 0.7307 0.0050 0.0580 0.1146 
         142  1 0.0087 0.1296 0.0067 0.0049 0.5929 0.0256 0.0109 0.0139 0.1436 0.0632 
         144  1 0.0044 0.0049 0.0041 0.0031 0.0049 0.0061 0.9565 0.0036 0.0053 0.0070 
         145  1 0.0069 0.3244 0.0890 0.0034 0.1445 0.0062 0.0130 0.0047 0.2861 0.1217 
         147  1 0.0065 0.0157 0.0116 0.0066 0.0385 0.0042 0.8920 0.0044 0.0123 0.0081 
         160  1 0.0077 0.0055 0.0045 0.0088 0.0053 0.0087 0.0042 0.9430 0.0064 0.0057 
        162*  1 0.0045 0.0109 0.0045 0.9456 0.0068 0.0038 0.0048 0.0081 0.0065 0.0045 
         166  1 0.0059 0.0078 0.0076 0.0062 0.0173 0.0166 0.0173 0.0051 0.0092 0.9070 
         177  1 0.0038 0.0043 0.0034 0.0049 0.9619 0.0038 0.0033 0.0042 0.0049 0.0055 
         178  1 0.0093 0.0128 0.0278 0.0118 0.7847 0.0086 0.0341 0.0401 0.0251 0.0458 
         186  1 0.0048 0.0049 0.0030 0.0055 0.0040 0.9578 0.0040 0.0061 0.0045 0.0054 
         189  1 0.0064 0.6308 0.0049 0.3139 0.0073 0.0068 0.0033 0.0138 0.0088 0.0038 
         190  1 0.0165 0.0482 0.0376 0.6853 0.0177 0.0453 0.0086 0.0783 0.0260 0.0366 
         191  1 0.0088 0.3895 0.0086 0.0780 0.0188 0.4133 0.0237 0.0170 0.0307 0.0115 
         193  1 0.0109 0.3291 0.0667 0.0072 0.1053 0.0329 0.0126 0.0158 0.2735 0.1462 
         202  1 0.0297 0.0255 0.0335 0.2822 0.0074 0.0074 0.0082 0.3256 0.2475 0.0330 
         204  1 0.0040 0.0092 0.0034 0.9016 0.0036 0.0581 0.0042 0.0073 0.0045 0.0041 
         211  1 0.0203 0.0151 0.0186 0.0181 0.0502 0.0112 0.1380 0.1575 0.0915 0.4796 
         216  1 0.0055 0.0096 0.0156 0.0042 0.0281 0.0047 0.5767 0.0158 0.0185 0.3213 
         222  1 0.0315 0.3733 0.0223 0.0062 0.0096 0.0064 0.4394 0.0067 0.0782 0.0265 
         224  1 0.0104 0.6548 0.0061 0.2611 0.0058 0.0166 0.0091 0.0163 0.0140 0.0057 
         226  1 0.0081 0.0051 0.0040 0.0085 0.0048 0.9397 0.0036 0.0045 0.0118 0.0099 
         229  1 0.0171 0.0366 0.1550 0.5528 0.0220 0.0077 0.0274 0.0781 0.0741 0.0292 
         230  1 0.0169 0.0392 0.0116 0.7756 0.0508 0.0162 0.0144 0.0214 0.0426 0.0112 
         232  1 0.0199 0.1272 0.0154 0.0703 0.0487 0.0563 0.0184 0.4199 0.1423 0.0817 
         238  1 0.2900 0.0238 0.0208 0.0422 0.0763 0.0063 0.0165 0.0080 0.4940 0.0222 
         242  1 0.8732 0.0097 0.0463 0.0045 0.0041 0.0058 0.0096 0.0042 0.0334 0.0092 
         243  1 0.4944 0.0119 0.0217 0.0072 0.0227 0.0232 0.0226 0.0096 0.2436 0.1431 
         244  1 0.3550 0.0111 0.0295 0.0103 0.1845 0.0061 0.0070 0.0096 0.3710 0.0160 
         251  1 0.2781 0.0372 0.0546 0.0215 0.0157 0.0083 0.0133 0.0714 0.4772 0.0227 
         266  1 0.0855 0.0083 0.0448 0.0232 0.4079 0.0095 0.0115 0.0082 0.2817 0.1194 
         267  1 0.0192 0.0108 0.0133 0.0930 0.0155 0.0299 0.5556 0.0101 0.0615 0.1911 
         268  1 0.0074 0.0069 0.0448 0.0045 0.3384 0.0074 0.1945 0.0439 0.0286 0.3237 
         270  1 0.0233 0.3187 0.0127 0.4952 0.0071 0.0626 0.0142 0.0332 0.0235 0.0095 
         276  1 0.0116 0.3772 0.0118 0.0799 0.0382 0.3064 0.0418 0.0366 0.0442 0.0524 
         298  1 0.0110 0.0115 0.0210 0.0052 0.1168 0.0177 0.7280 0.0127 0.0209 0.0552 
         306  1 0.0132 0.1101 0.0270 0.0042 0.0143 0.0075 0.0117 0.0061 0.1234 0.6825 
         308  1 0.0338 0.0930 0.0187 0.0068 0.3775 0.0066 0.1911 0.0748 0.1442 0.0535 
         311  1 0.0734 0.1112 0.0432 0.0216 0.0156 0.0078 0.0968 0.0133 0.4021 0.2149 
         323  1 0.0086 0.0060 0.0045 0.0082 0.0041 0.9484 0.0056 0.0041 0.0058 0.0047 
         327  1 0.0168 0.0664 0.0224 0.4753 0.0067 0.0207 0.0105 0.3093 0.0439 0.0279 
         334  1 0.0665 0.0054 0.8935 0.0038 0.0042 0.0033 0.0075 0.0054 0.0055 0.0050 
         338  1 0.0136 0.1193 0.0281 0.0151 0.0199 0.0166 0.2709 0.0222 0.2246 0.2696 
         341  1 0.0118 0.0073 0.0065 0.0074 0.0057 0.9200 0.0047 0.0060 0.0094 0.0213 
         346  1 0.0073 0.0103 0.0070 0.0087 0.3108 0.0103 0.0062 0.0341 0.0205 0.5849 
         348  1 0.0205 0.0443 0.0214 0.0071 0.2599 0.0074 0.5164 0.0071 0.0849 0.0312 
         351  1 0.2583 0.0182 0.1979 0.0062 0.0193 0.0249 0.0070 0.0381 0.1795 0.2506 
         362  1 0.0063 0.0074 0.0050 0.9082 0.0055 0.0268 0.0058 0.0200 0.0079 0.0071 
         364  1 0.8339 0.0127 0.0279 0.0048 0.0097 0.0100 0.0095 0.0100 0.0372 0.0442 
         366  1 0.7495 0.0085 0.0204 0.0486 0.0105 0.0103 0.0256 0.0115 0.0809 0.0342 
         376  1 0.0071 0.0264 0.0073 0.0139 0.0166 0.8506 0.0059 0.0240 0.0247 0.0236 
         377  1 0.0128 0.5540 0.0124 0.0458 0.0075 0.0157 0.0154 0.2654 0.0508 0.0201 
         378  1 0.0046 0.0102 0.0053 0.0071 0.0133 0.0103 0.0075 0.9084 0.0111 0.0222 
         388  1 0.0172 0.0246 0.0283 0.0110 0.0118 0.0092 0.4618 0.0206 0.0668 0.3487 
         391  1 0.0103 0.0460 0.0085 0.0062 0.0088 0.3921 0.0177 0.1968 0.0892 0.2245 
         396  1 0.0099 0.3899 0.0324 0.2631 0.0148 0.0492 0.0184 0.0260 0.1105 0.0859 
         400  1 0.1133 0.4358 0.0387 0.0843 0.0085 0.0082 0.0060 0.2668 0.0317 0.0067 
         401  1 0.0930 0.0218 0.0336 0.3335 0.1518 0.0466 0.0075 0.0094 0.2794 0.0234 
         406  1 0.0337 0.0493 0.0167 0.0093 0.0221 0.0707 0.0962 0.0138 0.1400 0.5482 
         412  1 0.0133 0.1151 0.0144 0.0173 0.0141 0.0179 0.0827 0.0241 0.1830 0.5181 
         413  1 0.0247 0.2829 0.2492 0.0091 0.1134 0.0037 0.0176 0.0052 0.2347 0.0595 
         421  1 0.0094 0.7120 0.0128 0.1336 0.0132 0.0147 0.0116 0.0099 0.0581 0.0248 
         423  1 0.0173 0.7406 0.0134 0.1265 0.0064 0.0174 0.0159 0.0101 0.0464 0.0059 
         424  1 0.0297 0.1316 0.0279 0.0098 0.0161 0.1575 0.0181 0.0238 0.1629 0.4226 
         426  1 0.0226 0.0333 0.0108 0.0311 0.0172 0.0253 0.0123 0.7645 0.0336 0.0492 
         430  1 0.0079 0.1471 0.0442 0.0129 0.0565 0.0359 0.0190 0.0163 0.1534 0.5067 
         435  1 0.0048 0.1840 0.0141 0.0041 0.5088 0.0045 0.0344 0.0123 0.1733 0.0597 
         476  1 0.0286 0.0259 0.0090 0.0809 0.0273 0.7505 0.0068 0.0154 0.0424 0.0132 
         478  1 0.0189 0.2305 0.0099 0.0664 0.0056 0.6166 0.0075 0.0146 0.0174 0.0126 
         484  1 0.0062 0.0084 0.0080 0.0066 0.0250 0.0145 0.5375 0.0097 0.0211 0.3630 
         489  1 0.0080 0.4756 0.0120 0.0110 0.0087 0.0095 0.0472 0.3019 0.0692 0.0567 
         492  1 0.0593 0.0050 0.9010 0.0035 0.0041 0.0039 0.0049 0.0039 0.0057 0.0086 
         493  1 0.8968 0.0097 0.0088 0.0181 0.0071 0.0079 0.0052 0.0108 0.0259 0.0097 
         494  1 0.7494 0.0282 0.0196 0.0111 0.0075 0.0129 0.0058 0.0273 0.1322 0.0059 
         500  1 0.0088 0.0456 0.0036 0.8965 0.0041 0.0167 0.0035 0.0086 0.0078 0.0047 
         504  1 0.0186 0.0153 0.0430 0.0451 0.0150 0.0088 0.6104 0.0436 0.0584 0.1418 
         506  1 0.0052 0.0062 0.0042 0.1284 0.0043 0.0089 0.8075 0.0075 0.0148 0.0129 
