

----------------------------------------------------
STRUCTURE by Pritchard, Stephens and Donnelly (2000)
     and Falush, Stephens and Pritchard (2003)
       Code by Pritchard, Falush and Hubisz
             Version 2.3.4 (Jul 2012)
----------------------------------------------------



Command line arguments:   bin\structure -m C:\Users\drenske\Desktop\STRUCTURE\Squirrel_135_ID_16L_20250816\10k_Burnin_100k_MCMC\mainparams -e C:\Users\drenske\Desktop\STRUCTURE\Squirrel_135_ID_16L_20250816\10k_Burnin_100k_MCMC\extraparams 
Input File:    C:\Users\drenske\Desktop\STRUCTURE\Squirrel_135_ID_16L_20250816\project_data

Run parameters:
   135 individuals
   16 loci
   4 populations assumed
   10000 Burn-in period
   100000 Reps


--------------------------------------------
Proportion of membership of each pre-defined
 population in each of the 4 clusters

Given    Inferred Clusters              Number of
 Pop       1      2      3      4      Individuals

  1:     0.411  0.200  0.195  0.194      135
--------------------------------------------

Allele-freq. divergence among pops (Net nucleotide distance),
computed using point estimates of P.

      1       2       3       4      
 1      -    0.0607  0.0543  0.0376  
 2   0.0607     -    0.0537  0.0483  
 3   0.0543  0.0537     -    0.0502  
 4   0.0376  0.0483  0.0502     -    

Average distances (expected heterozygosity) between individuals in same cluster:
cluster  1  : 0.5521 
cluster  2  : 0.5699 
cluster  3  : 0.5867 
cluster  4  : 0.6456 

--------------------------------------------
Estimated Ln Prob of Data   = -4982.7
Mean value of ln likelihood = -4851.6
Variance of ln likelihood   = 262.0
Mean value of alpha         = 0.0426

Mean value of lambda        = 1.0449

Mean value of Fst_1         = 0.1488
Mean value of Fst_2         = 0.1677
Mean value of Fst_3         = 0.1390
Mean value of Fst_4         = 0.0423


Inferred ancestry of individuals:
        Label (%Miss) Pop:  Inferred clusters (and 90% probability intervals)
  1       1*    (0)    1 :  0.015 0.033 0.010 0.942     (0.000,0.093) (0.000,0.239) (0.000,0.055) (0.665,1.000) 
  2        3    (0)    1 :  0.953 0.014 0.011 0.023     (0.740,1.000) (0.000,0.082) (0.000,0.062) (0.000,0.118) 
  3        6    (0)    1 :  0.948 0.024 0.022 0.006     (0.696,1.000) (0.000,0.165) (0.000,0.154) (0.000,0.033) 
  4        8    (0)    1 :  0.974 0.010 0.004 0.011     (0.848,1.000) (0.000,0.062) (0.000,0.024) (0.000,0.063) 
  5       10    (0)    1 :  0.981 0.005 0.006 0.007     (0.894,1.000) (0.000,0.025) (0.000,0.032) (0.000,0.038) 
  6       11    (0)    1 :  0.150 0.019 0.065 0.766     (0.000,0.812) (0.000,0.126) (0.000,0.468) (0.000,1.000) 
  7       12    (0)    1 :  0.955 0.010 0.021 0.014     (0.760,1.000) (0.000,0.059) (0.000,0.107) (0.000,0.074) 
  8       16    (6)    1 :  0.975 0.007 0.008 0.010     (0.856,1.000) (0.000,0.036) (0.000,0.045) (0.000,0.055) 
  9       18    (0)    1 :  0.009 0.006 0.005 0.981     (0.000,0.048) (0.000,0.029) (0.000,0.023) (0.891,1.000) 
 10       19    (0)    1 :  0.030 0.029 0.051 0.891     (0.000,0.216) (0.000,0.183) (0.000,0.363) (0.433,1.000) 
 11       21    (6)    1 :  0.969 0.008 0.012 0.010     (0.822,1.000) (0.000,0.049) (0.000,0.076) (0.000,0.058) 
 12       23    (6)    1 :  0.605 0.061 0.313 0.022     (0.000,1.000) (0.000,0.427) (0.000,1.000) (0.000,0.129) 
 13       24    (6)    1 :  0.633 0.012 0.045 0.310     (0.000,1.000) (0.000,0.068) (0.000,0.309) (0.000,1.000) 
 14       25    (6)    1 :  0.867 0.042 0.049 0.041     (0.448,1.000) (0.000,0.308) (0.000,0.344) (0.000,0.295) 
 15      26*    (0)    1 :  0.977 0.004 0.005 0.014     (0.865,1.000) (0.000,0.023) (0.000,0.025) (0.000,0.091) 
 16       28    (0)    1 :  0.983 0.006 0.006 0.006     (0.900,1.000) (0.000,0.032) (0.000,0.030) (0.000,0.032) 
 17       29    (0)    1 :  0.972 0.005 0.007 0.016     (0.849,1.000) (0.000,0.028) (0.000,0.038) (0.000,0.082) 
 18       30    (0)    1 :  0.664 0.306 0.007 0.023     (0.136,1.000) (0.000,0.761) (0.000,0.035) (0.000,0.118) 
 19       33    (0)    1 :  0.005 0.013 0.030 0.952     (0.000,0.027) (0.000,0.080) (0.000,0.220) (0.721,1.000) 
 20       37    (0)    1 :  0.014 0.006 0.008 0.971     (0.000,0.084) (0.000,0.035) (0.000,0.045) (0.835,1.000) 
 21       38    (0)    1 :  0.017 0.004 0.005 0.975     (0.000,0.109) (0.000,0.019) (0.000,0.025) (0.855,1.000) 
 22       43    (0)    1 :  0.971 0.005 0.008 0.016     (0.831,1.000) (0.000,0.028) (0.000,0.048) (0.000,0.099) 
 23       44    (0)    1 :  0.959 0.021 0.009 0.011     (0.763,1.000) (0.000,0.155) (0.000,0.049) (0.000,0.058) 
 24       48    (0)    1 :  0.009 0.005 0.004 0.982     (0.000,0.047) (0.000,0.029) (0.000,0.023) (0.896,1.000) 
 25       55    (0)    1 :  0.961 0.019 0.010 0.009     (0.777,1.000) (0.000,0.136) (0.000,0.060) (0.000,0.054) 
 26       59    (0)    1 :  0.833 0.011 0.008 0.148     (0.000,1.000) (0.000,0.068) (0.000,0.047) (0.000,1.000) 
 27       60    (0)    1 :  0.016 0.430 0.438 0.115     (0.000,0.109) (0.000,1.000) (0.000,1.000) (0.000,0.922) 
 28       61    (0)    1 :  0.009 0.035 0.948 0.008     (0.000,0.051) (0.000,0.258) (0.691,1.000) (0.000,0.044) 
 29       62    (0)    1 :  0.020 0.025 0.937 0.018     (0.000,0.125) (0.000,0.172) (0.658,1.000) (0.000,0.119) 
 30       65    (0)    1 :  0.007 0.020 0.011 0.962     (0.000,0.041) (0.000,0.140) (0.000,0.070) (0.787,1.000) 
 31       73    (0)    1 :  0.020 0.964 0.006 0.010     (0.000,0.138) (0.794,1.000) (0.000,0.034) (0.000,0.065) 
 32       75    (0)    1 :  0.008 0.052 0.917 0.023     (0.000,0.046) (0.000,0.351) (0.574,1.000) (0.000,0.156) 
 33       76    (0)    1 :  0.005 0.007 0.983 0.004     (0.000,0.027) (0.000,0.040) (0.902,1.000) (0.000,0.023) 
 34       77    (0)    1 :  0.005 0.005 0.983 0.007     (0.000,0.028) (0.000,0.028) (0.898,1.000) (0.000,0.038) 
 35       78    (0)    1 :  0.011 0.827 0.149 0.013     (0.000,0.067) (0.041,1.000) (0.000,0.894) (0.000,0.073) 
 36       79    (0)    1 :  0.005 0.047 0.938 0.010     (0.000,0.026) (0.000,0.329) (0.641,1.000) (0.000,0.060) 
 37       84    (0)    1 :  0.941 0.019 0.029 0.012     (0.680,1.000) (0.000,0.131) (0.000,0.210) (0.000,0.070) 
 38       85    (0)    1 :  0.948 0.015 0.011 0.026     (0.712,1.000) (0.000,0.102) (0.000,0.066) (0.000,0.162) 
 39       86    (0)    1 :  0.904 0.034 0.024 0.039     (0.553,1.000) (0.000,0.247) (0.000,0.175) (0.000,0.279) 
 40       89    (0)    1 :  0.861 0.020 0.073 0.046     (0.375,1.000) (0.000,0.129) (0.000,0.463) (0.000,0.323) 
 41       94    (0)    1 :  0.844 0.005 0.009 0.143     (0.000,1.000) (0.000,0.024) (0.000,0.046) (0.000,0.995) 
 42       95    (0)    1 :  0.771 0.019 0.015 0.195     (0.000,1.000) (0.000,0.133) (0.000,0.094) (0.000,1.000) 
 43       96    (0)    1 :  0.981 0.006 0.007 0.006     (0.890,1.000) (0.000,0.033) (0.000,0.040) (0.000,0.029) 
 44       98    (0)    1 :  0.010 0.833 0.146 0.011     (0.000,0.057) (0.000,1.000) (0.000,1.000) (0.000,0.060) 
 45      102    (0)    1 :  0.018 0.013 0.020 0.949     (0.000,0.121) (0.000,0.084) (0.000,0.147) (0.729,1.000) 
 46      105    (0)    1 :  0.005 0.982 0.005 0.008     (0.000,0.027) (0.893,1.000) (0.000,0.025) (0.000,0.049) 
 47      106    (0)    1 :  0.058 0.176 0.696 0.070     (0.000,0.342) (0.000,0.742) (0.000,1.000) (0.000,0.562) 
 48      108    (0)    1 :  0.010 0.921 0.024 0.046     (0.000,0.057) (0.587,1.000) (0.000,0.161) (0.000,0.319) 
 49      109    (0)    1 :  0.010 0.971 0.013 0.006     (0.000,0.061) (0.833,1.000) (0.000,0.073) (0.000,0.032) 
 50      112    (0)    1 :  0.130 0.015 0.816 0.040     (0.000,0.822) (0.000,0.086) (0.000,1.000) (0.000,0.273) 
 51      115    (0)    1 :  0.038 0.044 0.013 0.905     (0.000,0.284) (0.000,0.327) (0.000,0.068) (0.494,1.000) 
 52      116    (0)    1 :  0.941 0.022 0.011 0.026     (0.676,1.000) (0.000,0.156) (0.000,0.067) (0.000,0.181) 
 53      117    (0)    1 :  0.963 0.013 0.016 0.009     (0.781,1.000) (0.000,0.074) (0.000,0.103) (0.000,0.048) 
 54      129    (0)    1 :  0.986 0.004 0.004 0.006     (0.920,1.000) (0.000,0.023) (0.000,0.021) (0.000,0.029) 
 55      132    (0)    1 :  0.057 0.270 0.162 0.511     (0.000,0.421) (0.000,0.999) (0.000,0.995) (0.000,1.000) 
 56      133    (0)    1 :  0.008 0.807 0.177 0.008     (0.000,0.043) (0.000,1.000) (0.000,1.000) (0.000,0.041) 
 57      137    (6)    1 :  0.013 0.017 0.960 0.010     (0.000,0.074) (0.000,0.105) (0.764,1.000) (0.000,0.059) 
 58      139    (0)    1 :  0.016 0.020 0.932 0.032     (0.000,0.108) (0.000,0.119) (0.635,1.000) (0.000,0.224) 
 59      140    (0)    1 :  0.007 0.972 0.015 0.006     (0.000,0.039) (0.838,1.000) (0.000,0.087) (0.000,0.031) 
 60      142    (0)    1 :  0.008 0.010 0.976 0.007     (0.000,0.041) (0.000,0.053) (0.860,1.000) (0.000,0.036) 
 61      144    (0)    1 :  0.004 0.985 0.005 0.005     (0.000,0.024) (0.915,1.000) (0.000,0.028) (0.000,0.026) 
 62      145    (0)    1 :  0.006 0.014 0.973 0.007     (0.000,0.032) (0.000,0.088) (0.837,1.000) (0.000,0.041) 
 63      147    (0)    1 :  0.006 0.979 0.009 0.006     (0.000,0.031) (0.879,1.000) (0.000,0.050) (0.000,0.034) 
 64      160    (0)    1 :  0.952 0.007 0.009 0.033     (0.766,1.000) (0.000,0.033) (0.000,0.044) (0.000,0.132) 
 65     162*    (0)    1 :  0.980 0.006 0.008 0.006     (0.881,1.000) (0.000,0.036) (0.000,0.045) (0.000,0.033) 
 66      166    (0)    1 :  0.010 0.616 0.361 0.012     (0.000,0.062) (0.000,1.000) (0.000,1.000) (0.000,0.069) 
 67      177    (0)    1 :  0.005 0.005 0.985 0.005     (0.000,0.029) (0.000,0.024) (0.914,1.000) (0.000,0.026) 
 68      178    (0)    1 :  0.017 0.079 0.885 0.020     (0.000,0.115) (0.000,0.435) (0.508,1.000) (0.000,0.131) 
 69      186    (0)    1 :  0.973 0.008 0.009 0.010     (0.841,1.000) (0.000,0.042) (0.000,0.051) (0.000,0.058) 
 70      189    (0)    1 :  0.975 0.004 0.011 0.010     (0.856,1.000) (0.000,0.021) (0.000,0.072) (0.000,0.050) 
 71      190    (0)    1 :  0.977 0.007 0.008 0.008     (0.863,1.000) (0.000,0.035) (0.000,0.045) (0.000,0.044) 
 72      191    (0)    1 :  0.964 0.016 0.012 0.007     (0.791,1.000) (0.000,0.114) (0.000,0.070) (0.000,0.041) 
 73      193    (0)    1 :  0.025 0.021 0.942 0.012     (0.000,0.151) (0.000,0.149) (0.679,1.000) (0.000,0.074) 
 74      202    (0)    1 :  0.840 0.019 0.035 0.106     (0.302,1.000) (0.000,0.137) (0.000,0.244) (0.000,0.607) 
 75      204    (0)    1 :  0.988 0.004 0.004 0.005     (0.928,1.000) (0.000,0.022) (0.000,0.018) (0.000,0.024) 
 76      211    (0)    1 :  0.038 0.723 0.196 0.043     (0.000,0.273) (0.000,1.000) (0.000,1.000) (0.000,0.292) 
 77      216    (0)    1 :  0.005 0.933 0.055 0.006     (0.000,0.030) (0.635,1.000) (0.000,0.347) (0.000,0.037) 
 78      222    (0)    1 :  0.014 0.890 0.028 0.067     (0.000,0.086) (0.495,1.000) (0.000,0.191) (0.000,0.423) 
 79      224    (0)    1 :  0.963 0.013 0.010 0.014     (0.789,1.000) (0.000,0.083) (0.000,0.057) (0.000,0.079) 
 80      226    (0)    1 :  0.758 0.010 0.014 0.218     (0.000,1.000) (0.000,0.053) (0.000,0.090) (0.000,1.000) 
 81      229    (0)    1 :  0.899 0.035 0.017 0.049     (0.506,1.000) (0.000,0.260) (0.000,0.116) (0.000,0.343) 
 82      230    (0)    1 :  0.944 0.013 0.027 0.016     (0.732,1.000) (0.000,0.087) (0.000,0.190) (0.000,0.084) 
 83      232    (0)    1 :  0.895 0.022 0.068 0.015     (0.487,1.000) (0.000,0.158) (0.000,0.442) (0.000,0.076) 
 84      238    (0)    1 :  0.027 0.023 0.194 0.756     (0.000,0.200) (0.000,0.163) (0.000,0.680) (0.228,1.000) 
 85      242    (0)    1 :  0.005 0.007 0.004 0.983     (0.000,0.027) (0.000,0.043) (0.000,0.024) (0.901,1.000) 
 86      243    (0)    1 :  0.017 0.075 0.038 0.870     (0.000,0.114) (0.000,0.476) (0.000,0.274) (0.444,1.000) 
 87      244    (0)    1 :  0.012 0.010 0.162 0.817     (0.000,0.075) (0.000,0.061) (0.000,0.634) (0.348,1.000) 
 88      251    (0)    1 :  0.043 0.026 0.042 0.890     (0.000,0.318) (0.000,0.177) (0.000,0.306) (0.451,1.000) 
 89      266    (0)    1 :  0.016 0.026 0.789 0.169     (0.000,0.110) (0.000,0.190) (0.293,1.000) (0.000,0.657) 
 90      267    (0)    1 :  0.030 0.940 0.014 0.016     (0.000,0.223) (0.671,1.000) (0.000,0.074) (0.000,0.112) 
 91      268    (0)    1 :  0.009 0.786 0.194 0.011     (0.000,0.050) (0.000,1.000) (0.000,1.000) (0.000,0.056) 
 92      270    (0)    1 :  0.969 0.010 0.008 0.013     (0.820,1.000) (0.000,0.058) (0.000,0.042) (0.000,0.075) 
 93      276    (0)    1 :  0.918 0.048 0.021 0.013     (0.567,1.000) (0.000,0.342) (0.000,0.143) (0.000,0.073) 
 94      298    (6)    1 :  0.007 0.922 0.063 0.008     (0.000,0.040) (0.502,1.000) (0.000,0.473) (0.000,0.042) 
 95      306    (0)    1 :  0.008 0.221 0.740 0.031     (0.000,0.042) (0.000,0.857) (0.037,1.000) (0.000,0.193) 
 96      308    (0)    1 :  0.014 0.210 0.742 0.034     (0.000,0.091) (0.000,0.823) (0.020,1.000) (0.000,0.244) 
 97      311    (6)    1 :  0.031 0.668 0.099 0.203     (0.000,0.227) (0.000,1.000) (0.000,0.702) (0.000,0.999) 
 98      323    (0)    1 :  0.817 0.012 0.013 0.159     (0.000,1.000) (0.000,0.071) (0.000,0.080) (0.000,1.000) 
 99      327    (0)    1 :  0.973 0.011 0.006 0.010     (0.840,1.000) (0.000,0.067) (0.000,0.034) (0.000,0.059) 
100      334    (0)    1 :  0.007 0.037 0.009 0.948     (0.000,0.036) (0.000,0.210) (0.000,0.050) (0.734,1.000) 
101      338    (0)    1 :  0.022 0.896 0.067 0.015     (0.000,0.144) (0.437,1.000) (0.000,0.460) (0.000,0.083) 
102      341    (0)    1 :  0.758 0.017 0.051 0.174     (0.000,1.000) (0.000,0.104) (0.000,0.325) (0.000,1.000) 
103      346    (0)    1 :  0.012 0.018 0.963 0.007     (0.000,0.060) (0.000,0.083) (0.798,1.000) (0.000,0.036) 
104      348    (0)    1 :  0.008 0.817 0.157 0.018     (0.000,0.046) (0.000,1.000) (0.000,0.971) (0.000,0.116) 
105      351    (0)    1 :  0.016 0.019 0.026 0.940     (0.000,0.095) (0.000,0.116) (0.000,0.162) (0.662,1.000) 
106      362    (0)    1 :  0.984 0.006 0.005 0.005     (0.910,1.000) (0.000,0.032) (0.000,0.024) (0.000,0.026) 
107      364    (0)    1 :  0.006 0.013 0.014 0.967     (0.000,0.036) (0.000,0.075) (0.000,0.086) (0.805,1.000) 
108      366    (0)    1 :  0.028 0.034 0.014 0.924     (0.000,0.204) (0.000,0.250) (0.000,0.090) (0.590,1.000) 
109      376    (0)    1 :  0.967 0.008 0.015 0.010     (0.804,1.000) (0.000,0.046) (0.000,0.098) (0.000,0.058) 
110      377    (6)    1 :  0.799 0.103 0.055 0.044     (0.026,1.000) (0.000,0.551) (0.000,0.404) (0.000,0.296) 
111      378    (0)    1 :  0.941 0.016 0.036 0.008     (0.663,1.000) (0.000,0.086) (0.000,0.224) (0.000,0.037) 
112      388    (0)    1 :  0.011 0.966 0.011 0.011     (0.000,0.069) (0.802,1.000) (0.000,0.062) (0.000,0.067) 
113      391    (0)    1 :  0.486 0.122 0.334 0.058     (0.000,1.000) (0.000,0.652) (0.000,0.998) (0.000,0.437) 
114      396   (18)    1 :  0.922 0.030 0.032 0.016     (0.588,1.000) (0.000,0.221) (0.000,0.232) (0.000,0.093) 
115      400   (18)    1 :  0.595 0.012 0.017 0.376     (0.000,1.000) (0.000,0.072) (0.000,0.094) (0.000,1.000) 
116      401    (0)    1 :  0.556 0.016 0.189 0.239     (0.000,0.993) (0.000,0.100) (0.000,0.634) (0.000,0.902) 
117      406    (0)    1 :  0.029 0.773 0.154 0.045     (0.000,0.202) (0.000,1.000) (0.000,0.999) (0.000,0.300) 
118      412    (6)    1 :  0.041 0.755 0.188 0.016     (0.000,0.311) (0.000,1.000) (0.000,1.000) (0.000,0.088) 
119      413    (0)    1 :  0.009 0.024 0.945 0.022     (0.000,0.051) (0.000,0.168) (0.687,1.000) (0.000,0.158) 
120      421    (0)    1 :  0.787 0.046 0.135 0.032     (0.327,1.000) (0.000,0.341) (0.000,0.604) (0.000,0.237) 
121      423    (0)    1 :  0.713 0.072 0.064 0.151     (0.000,1.000) (0.000,0.469) (0.000,0.450) (0.000,0.980) 
122      424    (0)    1 :  0.062 0.153 0.721 0.064     (0.000,0.446) (0.000,0.869) (0.000,1.000) (0.000,0.466) 
123      426    (0)    1 :  0.928 0.020 0.035 0.017     (0.610,1.000) (0.000,0.131) (0.000,0.241) (0.000,0.108) 
124      430   (12)    1 :  0.037 0.093 0.859 0.012     (0.000,0.251) (0.000,0.552) (0.307,1.000) (0.000,0.064) 
125      435    (0)    1 :  0.005 0.027 0.964 0.005     (0.000,0.027) (0.000,0.194) (0.779,1.000) (0.000,0.023) 
126      476    (0)    1 :  0.935 0.007 0.012 0.046     (0.642,1.000) (0.000,0.039) (0.000,0.078) (0.000,0.311) 
127      478    (0)    1 :  0.975 0.007 0.006 0.012     (0.854,1.000) (0.000,0.038) (0.000,0.032) (0.000,0.070) 
128      484    (0)    1 :  0.007 0.947 0.039 0.006     (0.000,0.040) (0.701,1.000) (0.000,0.254) (0.000,0.034) 
129      489    (0)    1 :  0.542 0.303 0.114 0.041     (0.000,1.000) (0.000,1.000) (0.000,0.906) (0.000,0.282) 
130      492   (18)    1 :  0.007 0.039 0.021 0.933     (0.000,0.041) (0.000,0.220) (0.000,0.135) (0.643,1.000) 
131      493    (0)    1 :  0.011 0.007 0.009 0.973     (0.000,0.066) (0.000,0.039) (0.000,0.051) (0.845,1.000) 
132      494    (0)    1 :  0.020 0.006 0.008 0.967     (0.000,0.140) (0.000,0.031) (0.000,0.045) (0.804,1.000) 
133      500    (0)    1 :  0.987 0.004 0.004 0.006     (0.924,1.000) (0.000,0.020) (0.000,0.018) (0.000,0.030) 
134      504    (0)    1 :  0.033 0.931 0.011 0.025     (0.000,0.231) (0.662,1.000) (0.000,0.060) (0.000,0.170) 
135      506    (0)    1 :  0.028 0.961 0.005 0.006     (0.000,0.201) (0.766,1.000) (0.000,0.027) (0.000,0.033) 


Estimated Allele Frequencies in each cluster
First column gives estimated ancestral frequencies


Locus 1 : Rsu3 
3 alleles
1.5% missing data
 164   (0.512) 0.593 0.494 0.484 0.531 
 166   (0.261) 0.140 0.452 0.320 0.216 
 170   (0.227) 0.267 0.054 0.197 0.253 

Locus 2 : Rsu5 
5 alleles
1.5% missing data
 137   (0.698) 0.949 0.626 0.778 0.670 
 135   (0.095) 0.019 0.019 0.086 0.099 
 139   (0.125) 0.028 0.014 0.080 0.192 
 133   (0.026) 0.001 0.002 0.003 0.021 
 131   (0.057) 0.003 0.339 0.053 0.019 

Locus 3 : Scv1 
5 alleles
0.7% missing data
 181   (0.502) 0.754 0.363 0.355 0.614 
 179   (0.212) 0.099 0.168 0.257 0.211 
 177   (0.115) 0.039 0.244 0.125 0.067 
 185   (0.141) 0.106 0.221 0.259 0.073 
 171   (0.031) 0.002 0.003 0.004 0.035 

Locus 4 : Rsu4 
9 alleles
0.0% missing data
 267   (0.205) 0.196 0.128 0.059 0.296 
 263   (0.323) 0.447 0.372 0.500 0.282 
 259   (0.033) 0.189 0.003 0.004 0.011 
 287   (0.169) 0.135 0.249 0.156 0.132 
 275   (0.049) 0.003 0.005 0.015 0.086 
 279   (0.075) 0.008 0.008 0.159 0.084 
 283   (0.077) 0.004 0.228 0.098 0.047 
 291   (0.039) 0.017 0.004 0.005 0.028 
 271   (0.030) 0.002 0.003 0.004 0.035 

Locus 5 : Rsu6 
5 alleles
0.0% missing data
 120   (0.254) 0.329 0.190 0.241 0.225 
 126   (0.614) 0.505 0.796 0.742 0.641 
 124   (0.067) 0.155 0.007 0.009 0.060 
 130   (0.038) 0.002 0.003 0.004 0.065 
 114   (0.027) 0.009 0.003 0.003 0.009 

Locus 6 : Scv12 
3 alleles
1.5% missing data
 198   (0.607) 0.444 0.462 0.721 0.710 
 196   (0.228) 0.249 0.475 0.182 0.158 
 200   (0.165) 0.307 0.063 0.097 0.132 

Locus 7 : Scv23 
3 alleles
1.5% missing data
 158   (0.502) 0.560 0.656 0.581 0.468 
 164   (0.220) 0.182 0.172 0.074 0.271 
 160   (0.277) 0.258 0.172 0.345 0.261 

Locus 8 : Scv13 
5 alleles
0.0% missing data
 182   (0.717) 0.891 0.889 0.719 0.710 
 180   (0.080) 0.088 0.008 0.010 0.104 
 172   (0.088) 0.005 0.084 0.163 0.062 
 184   (0.073) 0.014 0.016 0.014 0.100 
 174   (0.042) 0.002 0.004 0.094 0.023 

Locus 9 : Scv32 
18 alleles
0.7% missing data
 236   (0.038) 0.002 0.004 0.005 0.105 
 238   (0.053) 0.003 0.119 0.049 0.038 
 234   (0.121) 0.144 0.178 0.547 0.068 
 246   (0.048) 0.192 0.007 0.017 0.026 
 248   (0.092) 0.153 0.036 0.016 0.143 
 262   (0.094) 0.163 0.082 0.068 0.065 
 232   (0.179) 0.109 0.307 0.092 0.299 
 250   (0.034) 0.071 0.004 0.012 0.014 
 228   (0.026) 0.001 0.003 0.004 0.034 
 220   (0.031) 0.118 0.003 0.004 0.012 
 264   (0.059) 0.011 0.014 0.074 0.052 
 252   (0.048) 0.009 0.062 0.054 0.017 
 254   (0.047) 0.002 0.089 0.038 0.029 
 242   (0.026) 0.001 0.002 0.003 0.035 
 266   (0.026) 0.001 0.049 0.004 0.011 
 244   (0.037) 0.012 0.037 0.006 0.021 
 226   (0.022) 0.007 0.002 0.003 0.011 
 240   (0.021) 0.001 0.002 0.004 0.019 

Locus 10 : Scv8 
6 alleles
0.7% missing data
 200   (0.604) 0.761 0.699 0.505 0.660 
 202   (0.105) 0.005 0.078 0.070 0.135 
 194   (0.079) 0.098 0.009 0.143 0.040 
 204   (0.045) 0.052 0.004 0.006 0.029 
 198   (0.087) 0.080 0.009 0.025 0.096 
 188   (0.081) 0.004 0.199 0.250 0.040 

Locus 11 : Scv9 
5 alleles
0.0% missing data
 198   (0.313) 0.312 0.367 0.538 0.258 
 200   (0.335) 0.447 0.241 0.124 0.451 
 196   (0.266) 0.196 0.380 0.245 0.252 
 204   (0.059) 0.043 0.009 0.075 0.031 
 202   (0.026) 0.001 0.003 0.019 0.008 

Locus 12 : Rsu1 
6 alleles
0.0% missing data
 189   (0.331) 0.183 0.176 0.258 0.467 
 185   (0.257) 0.173 0.697 0.259 0.206 
 177   (0.090) 0.075 0.043 0.042 0.053 
 181   (0.246) 0.302 0.077 0.432 0.235 
 193   (0.034) 0.165 0.003 0.004 0.012 
 197   (0.042) 0.103 0.004 0.005 0.027 

Locus 13 : Scv14 
7 alleles
4.4% missing data
 196   (0.502) 0.860 0.572 0.662 0.459 
 198   (0.095) 0.005 0.072 0.101 0.107 
 194   (0.149) 0.049 0.048 0.157 0.175 
 202   (0.177) 0.075 0.300 0.057 0.215 
 204   (0.026) 0.001 0.002 0.003 0.021 
 190   (0.026) 0.008 0.003 0.004 0.011 
 200   (0.026) 0.001 0.003 0.015 0.012 

Locus 14 : Scv16 
7 alleles
0.0% missing data
 182   (0.374) 0.524 0.396 0.598 0.322 
 184   (0.415) 0.397 0.525 0.250 0.505 
 188   (0.075) 0.071 0.007 0.009 0.104 
 200   (0.025) 0.001 0.002 0.003 0.021 
 198   (0.045) 0.002 0.047 0.079 0.015 
 190   (0.040) 0.002 0.020 0.056 0.014 
 186   (0.026) 0.001 0.002 0.005 0.019 

Locus 15 : Scv31 
15 alleles
3.0% missing data
 193   (0.135) 0.155 0.232 0.053 0.117 
 201   (0.103) 0.055 0.047 0.013 0.170 
 187   (0.063) 0.233 0.098 0.010 0.027 
 207   (0.035) 0.139 0.003 0.004 0.015 
 195   (0.066) 0.062 0.161 0.033 0.026 
 185   (0.179) 0.079 0.259 0.332 0.161 
 189   (0.079) 0.044 0.008 0.009 0.178 
 205   (0.023) 0.001 0.003 0.003 0.020 
 191   (0.098) 0.183 0.014 0.481 0.055 
 197   (0.033) 0.006 0.123 0.004 0.011 
 199   (0.065) 0.003 0.040 0.043 0.062 
 203   (0.033) 0.002 0.003 0.004 0.051 
 209   (0.028) 0.001 0.003 0.004 0.035 
 213   (0.033) 0.002 0.005 0.004 0.063 
 181   (0.027) 0.036 0.003 0.004 0.009 

Locus 16 : Scv6 
8 alleles
0.0% missing data
 191   (0.113) 0.137 0.025 0.014 0.177 
 195   (0.359) 0.526 0.570 0.317 0.334 
 197   (0.182) 0.285 0.213 0.273 0.113 
 201   (0.082) 0.005 0.010 0.099 0.138 
 205   (0.029) 0.001 0.003 0.003 0.036 
 193   (0.100) 0.006 0.120 0.132 0.098 
 199   (0.104) 0.038 0.056 0.159 0.069 
 181   (0.030) 0.002 0.003 0.003 0.036 

Values of parameters used in structure:
DATAFILE=C:\Users\drenske\Desktop\STRUCTURE\Squirrel_135_ID_16L_20250816\project_data,	OUTFILE=C:\Users\drenske\Desktop\STRUCTURE\Squirrel_135_ID_16L_20250816\10k_Burnin_100k_MCMC\Results\10k_Burnin_100k_MCMC_run_81,	NUMINDS=135,	NUMLOCI=16,	MISSING=-9,	LABEL=1,	POPDATA=1,	POPFLAG=0,	PHENOTYPE=0,	EXTRACOLS=1,	MAXPOPS=4,	BURNIN=10000,	NUMREPS=100000,	USEPOPINFO=0,	INFERALPHA=1,	INFERLAMBDA=1,	POPSPECIFICLAMBDA=0,	POPALPHAS=0,	COMPUTEPROB=1,	NOADMIX=0,	ADMBURNIN=2500,	UPDATEFREQ=1,	PRINTLIKES=0,	INTERMEDSAVE=0,	PRINTKLD=0,	PRINTNET=0,	PRINTLAMBDA=0,	ANCESTDIST=1,	NUMBOXES=1000,	ANCESTPINT=0.90000,	GENSBACK=2,	MIGRPRIOR=0.05000,	PRINTQHAT=1,	PRINTQSUM=0,	ALPHA=1.0000,	FREQSCORR=1,	FPRIORMEAN=0.0100,	FPRIORSD=0.0500,	ONEFST=0,	LAMBDA=1.0000,	UNIFPRIORALPHA=1,	ALPHAMAX=10.0000,	ALPHAPRIORA=1.0000,	ALPHAPRIORB=2.0000,	ALPHAPROPSD=0.0250,	STARTATPOPINFO=0,	RANDOMIZE=1,	LINKAGE=0,	METROFREQ=10,	REPORTHITRATE=0,	MARKOVPHASE=-1,	PHASED=0,	PLOIDY=2,	PHASEINFO=0	LOCPRIOR=0, 	LOCPRIORINIT=1.000000, 	LOCDATA=0, 	LOCISPOP=0, 	LOCPRIORSTEP=0.100000, 	MAXLOCPRIOR=20.000000, 	SEED=1755509956,	
[STRAT parameters]:    NUMSIMSTATS=1000,	PHENOTYPECOL=-9,	POOLFREQ=10,	LOCUSxONLY=0,	EMERROR=0.00100,	MISSINGPHENO=-9,	