          1*  1 0.9208 0.0792 
           3  1 0.0145 0.9855 
           6  1 0.0413 0.9587 
           8  1 0.0099 0.9901 
          10  1 0.0092 0.9908 
          11  1 0.1064 0.8936 
          12  1 0.0190 0.9810 
          16  1 0.0102 0.9898 
          18  1 0.0199 0.9801 
          19  1 0.8314 0.1686 
          21  1 0.0136 0.9864 
          23  1 0.5111 0.4889 
          24  1 0.0380 0.9620 
          25  1 0.0833 0.9167 
         26*  1 0.0059 0.9941 
          28  1 0.0076 0.9924 
          29  1 0.0104 0.9896 
          30  1 0.1349 0.8651 
          33  1 0.9867 0.0133 
          37  1 0.0460 0.9540 
          38  1 0.0436 0.9564 
          43  1 0.0094 0.9906 
          44  1 0.0129 0.9871 
          48  1 0.0205 0.9795 
          55  1 0.0210 0.9790 
          59  1 0.0120 0.9880 
          60  1 0.9874 0.0126 
          61  1 0.9879 0.0121 
          62  1 0.9408 0.0592 
          65  1 0.5799 0.4201 
          73  1 0.9741 0.0259 
          75  1 0.9885 0.0115 
          76  1 0.9904 0.0096 
          77  1 0.9862 0.0138 
          78  1 0.9894 0.0106 
          79  1 0.9932 0.0068 
          84  1 0.0373 0.9627 
          85  1 0.0296 0.9704 
          86  1 0.0636 0.9364 
          89  1 0.0507 0.9493 
          94  1 0.0071 0.9929 
          95  1 0.0221 0.9779 
          96  1 0.0106 0.9894 
          98  1 0.9897 0.0103 
         102  1 0.1085 0.8915 
         105  1 0.9904 0.0096 
         106  1 0.9485 0.0515 
         108  1 0.9860 0.0140 
         109  1 0.9755 0.0245 
         112  1 0.5921 0.4079 
         115  1 0.3118 0.6882 
         116  1 0.0237 0.9763 
         117  1 0.0250 0.9750 
         129  1 0.0057 0.9943 
         132  1 0.9298 0.0702 
         133  1 0.9912 0.0088 
         137  1 0.9732 0.0268 
         139  1 0.9778 0.0222 
         140  1 0.9867 0.0133 
         142  1 0.9856 0.0144 
         144  1 0.9919 0.0081 
         145  1 0.9831 0.0169 
         147  1 0.9923 0.0077 
         160  1 0.0117 0.9883 
        162*  1 0.0117 0.9883 
         166  1 0.9882 0.0118 
         177  1 0.9887 0.0113 
         178  1 0.9843 0.0157 
         186  1 0.0119 0.9881 
         189  1 0.0104 0.9896 
         190  1 0.0111 0.9889 
         191  1 0.0172 0.9828 
         193  1 0.8846 0.1154 
         202  1 0.0385 0.9615 
         204  1 0.0053 0.9947 
         211  1 0.9714 0.0286 
         216  1 0.9926 0.0074 
         222  1 0.9765 0.0235 
         224  1 0.0151 0.9849 
         226  1 0.0165 0.9835 
         229  1 0.0766 0.9234 
         230  1 0.0254 0.9746 
         232  1 0.0440 0.9560 
         238  1 0.9216 0.0784 
         242  1 0.9461 0.0539 
         243  1 0.9119 0.0881 
         244  1 0.9677 0.0323 
         251  1 0.8331 0.1669 
         266  1 0.9671 0.0329 
         267  1 0.9585 0.0415 
         268  1 0.9908 0.0092 
         270  1 0.0106 0.9894 
         276  1 0.0337 0.9663 
         298  1 0.9908 0.0092 
         306  1 0.9917 0.0083 
         308  1 0.9885 0.0115 
         311  1 0.9778 0.0222 
         323  1 0.0164 0.9836 
         327  1 0.0111 0.9889 
         334  1 0.9672 0.0328 
         338  1 0.9776 0.0224 
         341  1 0.0523 0.9477 
         346  1 0.9790 0.0210 
         348  1 0.9911 0.0089 
         351  1 0.9202 0.0798 
         362  1 0.0079 0.9921 
         364  1 0.9575 0.0425 
         366  1 0.7403 0.2597 
         376  1 0.0168 0.9832 
         377  1 0.0976 0.9024 
         378  1 0.0394 0.9606 
         388  1 0.9851 0.0149 
         391  1 0.5130 0.4870 
         396  1 0.0370 0.9630 
         400  1 0.0190 0.9810 
         401  1 0.1668 0.8332 
         406  1 0.9527 0.0473 
         412  1 0.9247 0.0753 
         413  1 0.9866 0.0134 
         421  1 0.0562 0.9438 
         423  1 0.0722 0.9278 
         424  1 0.9573 0.0427 
         426  1 0.0382 0.9618 
         430  1 0.9623 0.0377 
         435  1 0.9899 0.0101 
         476  1 0.0147 0.9853 
         478  1 0.0098 0.9902 
         484  1 0.9916 0.0084 
         489  1 0.4699 0.5301 
         492  1 0.9847 0.0153 
         493  1 0.1147 0.8853 
         494  1 0.0510 0.9490 
         500  1 0.0053 0.9947 
         504  1 0.9751 0.0249 
         506  1 0.8898 0.1102 
