          1*  1 0.0061 0.8193 0.0320 0.0968 0.0154 0.0220 0.0085 
           3  1 0.0047 0.0054 0.0054 0.0064 0.9655 0.0065 0.0061 
           6  1 0.0120 0.0061 0.0091 0.0234 0.9122 0.0186 0.0186 
           8  1 0.0041 0.0110 0.0201 0.0057 0.0068 0.0122 0.9400 
          10  1 0.0054 0.0092 0.8661 0.0058 0.0098 0.0040 0.0997 
          11  1 0.0648 0.5933 0.0246 0.1736 0.0434 0.0146 0.0858 
          12  1 0.0047 0.0042 0.9655 0.0085 0.0055 0.0048 0.0068 
          16  1 0.0057 0.0063 0.0090 0.0072 0.9499 0.0054 0.0164 
          18  1 0.0047 0.9576 0.0077 0.0058 0.0092 0.0063 0.0087 
          19  1 0.0909 0.7518 0.0147 0.0472 0.0171 0.0323 0.0461 
          21  1 0.0081 0.0068 0.0085 0.0089 0.9396 0.0058 0.0223 
          23  1 0.0342 0.0106 0.6918 0.2181 0.0139 0.0137 0.0177 
          24  1 0.0510 0.2108 0.4259 0.0678 0.0187 0.0109 0.2149 
          25  1 0.0079 0.0142 0.6876 0.1471 0.0547 0.0102 0.0782 
         26*  1 0.0056 0.0256 0.1962 0.0144 0.1240 0.0070 0.6272 
          28  1 0.0071 0.0086 0.1445 0.0135 0.0734 0.0069 0.7460 
          29  1 0.0060 0.0137 0.9010 0.0063 0.0056 0.0055 0.0618 
          30  1 0.0072 0.0184 0.1010 0.0235 0.1209 0.3231 0.4059 
          33  1 0.0384 0.9176 0.0056 0.0158 0.0061 0.0119 0.0047 
          37  1 0.0088 0.9245 0.0314 0.0099 0.0121 0.0052 0.0080 
          38  1 0.0047 0.9422 0.0165 0.0052 0.0102 0.0044 0.0168 
          43  1 0.0066 0.0097 0.7590 0.0110 0.0419 0.0066 0.1652 
          44  1 0.0078 0.0097 0.0069 0.0145 0.3819 0.0446 0.5345 
          48  1 0.0042 0.9576 0.0064 0.0057 0.0132 0.0062 0.0066 
          55  1 0.0105 0.0132 0.0115 0.0372 0.1784 0.0234 0.7258 
          59  1 0.0040 0.0058 0.0041 0.0055 0.9689 0.0057 0.0060 
          60  1 0.0284 0.0248 0.0633 0.8386 0.0112 0.0288 0.0050 
          61  1 0.6020 0.0095 0.0074 0.3022 0.0166 0.0530 0.0094 
          62  1 0.4089 0.0204 0.0281 0.4947 0.0120 0.0217 0.0142 
          65  1 0.0143 0.9265 0.0079 0.0124 0.0049 0.0226 0.0113 
          73  1 0.0055 0.0088 0.0858 0.0232 0.0063 0.8599 0.0105 
          75  1 0.9261 0.0133 0.0055 0.0062 0.0086 0.0321 0.0082 
          76  1 0.9557 0.0045 0.0099 0.0136 0.0056 0.0058 0.0047 
          77  1 0.8609 0.0090 0.0086 0.1046 0.0076 0.0045 0.0048 
          78  1 0.3180 0.0155 0.0177 0.0377 0.0076 0.5920 0.0115 
          79  1 0.9049 0.0123 0.0051 0.0168 0.0047 0.0485 0.0076 
          84  1 0.0272 0.0156 0.0814 0.1064 0.6183 0.0196 0.1316 
          85  1 0.0073 0.0100 0.0073 0.0103 0.0105 0.0131 0.9415 
          86  1 0.0120 0.0209 0.0144 0.0175 0.0058 0.0179 0.9116 
          89  1 0.0451 0.0250 0.2565 0.1452 0.4979 0.0140 0.0164 
          94  1 0.0063 0.0170 0.9411 0.0085 0.0116 0.0044 0.0113 
          95  1 0.0057 0.0098 0.0049 0.0120 0.9476 0.0077 0.0123 
          96  1 0.0055 0.0046 0.0098 0.0052 0.0044 0.0051 0.9655 
          98  1 0.0520 0.0090 0.0099 0.6431 0.0065 0.2723 0.0071 
         102  1 0.0164 0.8480 0.0251 0.0528 0.0394 0.0121 0.0063 
         105  1 0.0046 0.0078 0.0051 0.0053 0.0053 0.9671 0.0047 
         106  1 0.5363 0.0303 0.0084 0.0775 0.1057 0.2186 0.0232 
         108  1 0.0290 0.0654 0.0099 0.0353 0.0086 0.8421 0.0097 
         109  1 0.0282 0.0092 0.0070 0.0729 0.0096 0.8580 0.0152 
         112  1 0.2467 0.0363 0.0937 0.4548 0.0095 0.0107 0.1482 
         115  1 0.0195 0.7622 0.0625 0.0927 0.0173 0.0330 0.0128 
         116  1 0.0075 0.0183 0.0085 0.0092 0.0136 0.0215 0.9213 
         117  1 0.0254 0.0156 0.2391 0.0481 0.4115 0.0206 0.2398 
         129  1 0.0037 0.0079 0.0087 0.0064 0.0428 0.0056 0.9250 
         132  1 0.0184 0.1216 0.2337 0.5698 0.0212 0.0286 0.0067 
         133  1 0.0789 0.0076 0.0077 0.6320 0.0083 0.2608 0.0047 
         137  1 0.5972 0.0127 0.0175 0.3305 0.0161 0.0135 0.0125 
         139  1 0.9316 0.0155 0.0090 0.0085 0.0097 0.0110 0.0147 
         140  1 0.0202 0.0080 0.0054 0.0446 0.0166 0.8973 0.0079 
         142  1 0.7614 0.0068 0.0120 0.1814 0.0221 0.0101 0.0061 
         144  1 0.0054 0.0047 0.0038 0.0071 0.0065 0.9687 0.0039 
         145  1 0.4689 0.0078 0.0059 0.4875 0.0080 0.0158 0.0061 
         147  1 0.0320 0.0071 0.0042 0.0076 0.0046 0.9367 0.0078 
         160  1 0.0057 0.0088 0.9552 0.0060 0.0100 0.0047 0.0095 
        162*  1 0.0059 0.0048 0.0103 0.0053 0.0042 0.0051 0.9644 
         166  1 0.0450 0.0079 0.0062 0.8207 0.0180 0.0946 0.0076 
         177  1 0.9718 0.0047 0.0048 0.0057 0.0041 0.0039 0.0051 
         178  1 0.8291 0.0147 0.0354 0.0560 0.0093 0.0387 0.0169 
         186  1 0.0041 0.0045 0.0050 0.0051 0.9716 0.0042 0.0055 
         189  1 0.0084 0.0066 0.0147 0.0061 0.0073 0.0036 0.9532 
         190  1 0.0122 0.0153 0.0534 0.0254 0.0350 0.0089 0.8499 
         191  1 0.0331 0.0118 0.0265 0.0261 0.5758 0.0639 0.2628 
         193  1 0.3773 0.0139 0.0170 0.5237 0.0401 0.0174 0.0107 
         202  1 0.0136 0.0623 0.5252 0.0690 0.0106 0.0102 0.3092 
         204  1 0.0036 0.0043 0.0089 0.0042 0.0353 0.0046 0.9390 
         211  1 0.0569 0.0263 0.2767 0.4109 0.0093 0.2089 0.0109 
         216  1 0.0349 0.0070 0.0203 0.1414 0.0051 0.7853 0.0059 
         222  1 0.0219 0.0426 0.0224 0.0257 0.0084 0.8599 0.0191 
         224  1 0.0085 0.0116 0.0184 0.0096 0.0146 0.0133 0.9241 
         226  1 0.0049 0.0084 0.0049 0.0087 0.9620 0.0042 0.0069 
         229  1 0.0370 0.0423 0.0631 0.0752 0.0111 0.0321 0.7392 
         230  1 0.0328 0.0133 0.0252 0.0097 0.0181 0.0121 0.8888 
         232  1 0.0901 0.0248 0.4575 0.1869 0.0719 0.0247 0.1441 
         238  1 0.1810 0.6244 0.0136 0.0759 0.0068 0.0261 0.0723 
         242  1 0.0041 0.9632 0.0045 0.0088 0.0062 0.0075 0.0057 
         243  1 0.0333 0.7452 0.0120 0.1354 0.0321 0.0325 0.0095 
         244  1 0.1861 0.7204 0.0110 0.0550 0.0071 0.0090 0.0114 
         251  1 0.0299 0.6981 0.1316 0.0851 0.0086 0.0189 0.0278 
         266  1 0.5444 0.1802 0.0115 0.2171 0.0111 0.0166 0.0192 
         267  1 0.0139 0.0184 0.0123 0.0562 0.0290 0.8359 0.0343 
         268  1 0.3861 0.0130 0.0397 0.2195 0.0083 0.3279 0.0054 
         270  1 0.0083 0.0127 0.0198 0.0123 0.0249 0.0102 0.9118 
         276  1 0.0665 0.0187 0.0336 0.1291 0.4636 0.0678 0.2208 
         298  1 0.1258 0.0125 0.0127 0.0557 0.0162 0.7709 0.0063 
         306  1 0.0589 0.0193 0.0083 0.8633 0.0092 0.0342 0.0068 
         308  1 0.5841 0.0326 0.0895 0.0902 0.0068 0.1871 0.0098 
         311  1 0.0329 0.1457 0.0245 0.4800 0.0091 0.2786 0.0292 
         323  1 0.0045 0.0072 0.0045 0.0055 0.9654 0.0057 0.0072 
         327  1 0.0071 0.0193 0.2144 0.0275 0.0170 0.0154 0.6993 
         334  1 0.0090 0.8130 0.0073 0.1414 0.0040 0.0171 0.0081 
         338  1 0.0338 0.0180 0.0265 0.3418 0.0216 0.5407 0.0176 
         341  1 0.0058 0.0107 0.0061 0.0189 0.9468 0.0049 0.0067 
         346  1 0.3989 0.0089 0.0375 0.5254 0.0126 0.0087 0.0080 
         348  1 0.2419 0.0216 0.0071 0.0377 0.0078 0.6752 0.0087 
         351  1 0.0161 0.6530 0.0330 0.2622 0.0168 0.0092 0.0098 
         362  1 0.0055 0.0058 0.0303 0.0071 0.0320 0.0060 0.9133 
         364  1 0.0118 0.9205 0.0100 0.0331 0.0097 0.0095 0.0054 
         366  1 0.0091 0.8549 0.0131 0.0331 0.0117 0.0350 0.0432 
         376  1 0.0217 0.0079 0.0223 0.0325 0.8862 0.0063 0.0231 
         377  1 0.0108 0.0129 0.7612 0.0369 0.0171 0.0301 0.1310 
         378  1 0.0128 0.0045 0.9401 0.0177 0.0114 0.0070 0.0065 
         388  1 0.0111 0.0155 0.0277 0.1200 0.0106 0.8060 0.0091 
         391  1 0.0142 0.0114 0.2328 0.2914 0.4230 0.0208 0.0064 
         396  1 0.0338 0.0149 0.0234 0.1849 0.0596 0.0280 0.6554 
         400  1 0.0092 0.0964 0.6787 0.0094 0.0093 0.0100 0.1870 
         401  1 0.2028 0.2181 0.0117 0.0743 0.0996 0.0104 0.3831 
         406  1 0.0336 0.0355 0.0163 0.6359 0.0696 0.1994 0.0097 
         412  1 0.0383 0.0155 0.0263 0.6849 0.0195 0.1988 0.0167 
         413  1 0.4819 0.0496 0.0091 0.4025 0.0043 0.0333 0.0192 
         421  1 0.0718 0.0303 0.0195 0.1733 0.0215 0.0342 0.6494 
         423  1 0.0232 0.0550 0.0213 0.0482 0.0133 0.0775 0.7615 
         424  1 0.0502 0.0278 0.0388 0.6885 0.1559 0.0294 0.0094 
         426  1 0.0182 0.0177 0.8181 0.0699 0.0301 0.0143 0.0318 
         430  1 0.1238 0.0088 0.0158 0.7749 0.0355 0.0259 0.0154 
         435  1 0.7416 0.0050 0.0179 0.1902 0.0049 0.0345 0.0060 
         476  1 0.0254 0.0286 0.0178 0.0227 0.8092 0.0068 0.0894 
         478  1 0.0067 0.0248 0.0174 0.0147 0.7154 0.0091 0.2118 
         484  1 0.0351 0.0072 0.0108 0.1604 0.0163 0.7643 0.0060 
         489  1 0.0171 0.0094 0.6928 0.0953 0.0105 0.1439 0.0311 
         492  1 0.0145 0.7818 0.0081 0.1685 0.0056 0.0138 0.0078 
         493  1 0.0082 0.9412 0.0122 0.0119 0.0075 0.0066 0.0125 
         494  1 0.0100 0.8871 0.0415 0.0227 0.0128 0.0070 0.0189 
         500  1 0.0041 0.0063 0.0089 0.0046 0.0184 0.0040 0.9537 
         504  1 0.0131 0.0263 0.0361 0.0604 0.0092 0.8058 0.0491 
         506  1 0.0046 0.0056 0.0092 0.0065 0.0099 0.9219 0.0422 
