

----------------------------------------------------
STRUCTURE by Pritchard, Stephens and Donnelly (2000)
     and Falush, Stephens and Pritchard (2003)
       Code by Pritchard, Falush and Hubisz
             Version 2.3.4 (Jul 2012)
----------------------------------------------------



Command line arguments:   bin\structure -m C:\Users\drenske\Desktop\STRUCTURE\Squirrel_135_ID_16L_20250816\10k_Burnin_100k_MCMC\mainparams -e C:\Users\drenske\Desktop\STRUCTURE\Squirrel_135_ID_16L_20250816\10k_Burnin_100k_MCMC\extraparams 
Input File:    C:\Users\drenske\Desktop\STRUCTURE\Squirrel_135_ID_16L_20250816\project_data

Run parameters:
   135 individuals
   16 loci
   4 populations assumed
   10000 Burn-in period
   100000 Reps


--------------------------------------------
Proportion of membership of each pre-defined
 population in each of the 4 clusters

Given    Inferred Clusters              Number of
 Pop       1      2      3      4      Individuals

  1:     0.194  0.200  0.195  0.411      135
--------------------------------------------

Allele-freq. divergence among pops (Net nucleotide distance),
computed using point estimates of P.

      1       2       3       4      
 1      -    0.0541  0.0502  0.0545  
 2   0.0541     -    0.0483  0.0605  
 3   0.0502  0.0483     -    0.0374  
 4   0.0545  0.0605  0.0374     -    

Average distances (expected heterozygosity) between individuals in same cluster:
cluster  1  : 0.5865 
cluster  2  : 0.5696 
cluster  3  : 0.6461 
cluster  4  : 0.5524 

--------------------------------------------
Estimated Ln Prob of Data   = -4991.2
Mean value of ln likelihood = -4852.1
Variance of ln likelihood   = 278.3
Mean value of alpha         = 0.0418

Mean value of lambda        = 1.0569

Mean value of Fst_1         = 0.1397
Mean value of Fst_2         = 0.1688
Mean value of Fst_3         = 0.0416
Mean value of Fst_4         = 0.1487


Inferred ancestry of individuals:
        Label (%Miss) Pop:  Inferred clusters (and 90% probability intervals)
  1       1*    (0)    1 :  0.010 0.035 0.941 0.014     (0.000,0.055) (0.000,0.259) (0.665,1.000) (0.000,0.086) 
  2        3    (0)    1 :  0.011 0.011 0.020 0.957     (0.000,0.068) (0.000,0.066) (0.000,0.098) (0.763,1.000) 
  3        6    (0)    1 :  0.024 0.024 0.007 0.945     (0.000,0.171) (0.000,0.171) (0.000,0.038) (0.682,1.000) 
  4        8    (0)    1 :  0.004 0.011 0.010 0.975     (0.000,0.022) (0.000,0.066) (0.000,0.057) (0.853,1.000) 
  5       10    (0)    1 :  0.006 0.005 0.009 0.980     (0.000,0.031) (0.000,0.028) (0.000,0.042) (0.887,1.000) 
  6       11    (0)    1 :  0.061 0.020 0.769 0.150     (0.000,0.448) (0.000,0.129) (0.000,1.000) (0.000,0.851) 
  7       12    (0)    1 :  0.026 0.010 0.016 0.948     (0.000,0.127) (0.000,0.055) (0.000,0.079) (0.727,1.000) 
  8       16    (6)    1 :  0.007 0.007 0.009 0.977     (0.000,0.041) (0.000,0.035) (0.000,0.052) (0.861,1.000) 
  9       18    (0)    1 :  0.005 0.005 0.982 0.008     (0.000,0.027) (0.000,0.027) (0.894,1.000) (0.000,0.043) 
 10       19    (0)    1 :  0.054 0.029 0.890 0.028     (0.000,0.395) (0.000,0.190) (0.419,1.000) (0.000,0.204) 
 11       21    (6)    1 :  0.012 0.009 0.009 0.970     (0.000,0.075) (0.000,0.048) (0.000,0.055) (0.820,1.000) 
 12       23    (6)    1 :  0.273 0.058 0.024 0.644     (0.000,1.000) (0.000,0.415) (0.000,0.145) (0.000,1.000) 
 13       24    (6)    1 :  0.042 0.012 0.311 0.635     (0.000,0.291) (0.000,0.070) (0.000,1.000) (0.000,1.000) 
 14       25    (6)    1 :  0.054 0.041 0.033 0.872     (0.000,0.372) (0.000,0.300) (0.000,0.226) (0.447,1.000) 
 15      26*    (0)    1 :  0.004 0.004 0.012 0.979     (0.000,0.024) (0.000,0.023) (0.000,0.075) (0.881,1.000) 
 16       28    (0)    1 :  0.006 0.005 0.006 0.983     (0.000,0.030) (0.000,0.029) (0.000,0.031) (0.902,1.000) 
 17       29    (0)    1 :  0.007 0.005 0.018 0.970     (0.000,0.036) (0.000,0.028) (0.000,0.093) (0.840,1.000) 
 18       30    (0)    1 :  0.007 0.311 0.024 0.658     (0.000,0.035) (0.000,0.772) (0.000,0.125) (0.094,1.000) 
 19       33    (0)    1 :  0.030 0.010 0.955 0.005     (0.000,0.226) (0.000,0.068) (0.731,1.000) (0.000,0.024) 
 20       37    (0)    1 :  0.008 0.006 0.974 0.013     (0.000,0.043) (0.000,0.031) (0.844,1.000) (0.000,0.072) 
 21       38    (0)    1 :  0.005 0.004 0.976 0.015     (0.000,0.026) (0.000,0.022) (0.859,1.000) (0.000,0.096) 
 22       43    (0)    1 :  0.009 0.005 0.018 0.968     (0.000,0.044) (0.000,0.027) (0.000,0.110) (0.821,1.000) 
 23       44    (0)    1 :  0.009 0.021 0.011 0.960     (0.000,0.049) (0.000,0.153) (0.000,0.054) (0.764,1.000) 
 24       48    (0)    1 :  0.005 0.005 0.983 0.007     (0.000,0.025) (0.000,0.029) (0.898,1.000) (0.000,0.039) 
 25       55    (0)    1 :  0.010 0.019 0.009 0.962     (0.000,0.056) (0.000,0.131) (0.000,0.051) (0.777,1.000) 
 26       59    (0)    1 :  0.009 0.010 0.148 0.833     (0.000,0.053) (0.000,0.060) (0.000,1.000) (0.000,1.000) 
 27       60    (0)    1 :  0.398 0.470 0.115 0.017     (0.000,1.000) (0.000,1.000) (0.000,0.951) (0.000,0.112) 
 28       61    (0)    1 :  0.950 0.034 0.008 0.008     (0.697,1.000) (0.000,0.260) (0.000,0.041) (0.000,0.047) 
 29       62    (0)    1 :  0.942 0.023 0.017 0.017     (0.672,1.000) (0.000,0.161) (0.000,0.114) (0.000,0.110) 
 30       65    (0)    1 :  0.010 0.019 0.964 0.007     (0.000,0.068) (0.000,0.137) (0.791,1.000) (0.000,0.037) 
 31       73    (0)    1 :  0.007 0.962 0.010 0.022     (0.000,0.034) (0.780,1.000) (0.000,0.064) (0.000,0.154) 
 32       75    (0)    1 :  0.916 0.051 0.024 0.009     (0.563,1.000) (0.000,0.358) (0.000,0.165) (0.000,0.053) 
 33       76    (0)    1 :  0.984 0.007 0.004 0.005     (0.906,1.000) (0.000,0.038) (0.000,0.022) (0.000,0.026) 
 34       77    (0)    1 :  0.982 0.006 0.007 0.005     (0.895,1.000) (0.000,0.028) (0.000,0.040) (0.000,0.027) 
 35       78    (0)    1 :  0.175 0.800 0.015 0.011     (0.000,0.994) (0.000,1.000) (0.000,0.090) (0.000,0.067) 
 36       79    (0)    1 :  0.940 0.046 0.010 0.005     (0.646,1.000) (0.000,0.326) (0.000,0.060) (0.000,0.025) 
 37       84    (0)    1 :  0.029 0.019 0.011 0.940     (0.000,0.217) (0.000,0.137) (0.000,0.068) (0.674,1.000) 
 38       85    (0)    1 :  0.011 0.017 0.022 0.950     (0.000,0.067) (0.000,0.116) (0.000,0.150) (0.712,1.000) 
 39       86    (0)    1 :  0.026 0.034 0.047 0.893     (0.000,0.192) (0.000,0.246) (0.000,0.335) (0.510,1.000) 
 40       89    (0)    1 :  0.067 0.019 0.048 0.866     (0.000,0.432) (0.000,0.119) (0.000,0.340) (0.374,1.000) 
 41       94    (0)    1 :  0.010 0.005 0.145 0.841     (0.000,0.049) (0.000,0.023) (0.000,0.999) (0.000,1.000) 
 42       95    (0)    1 :  0.017 0.018 0.202 0.764     (0.000,0.110) (0.000,0.122) (0.000,1.000) (0.000,1.000) 
 43       96    (0)    1 :  0.007 0.006 0.005 0.981     (0.000,0.040) (0.000,0.035) (0.000,0.028) (0.889,1.000) 
 44       98    (0)    1 :  0.157 0.825 0.009 0.009     (0.000,1.000) (0.000,1.000) (0.000,0.050) (0.000,0.049) 
 45      102    (0)    1 :  0.021 0.012 0.947 0.020     (0.000,0.150) (0.000,0.081) (0.718,1.000) (0.000,0.137) 
 46      105    (0)    1 :  0.005 0.983 0.008 0.005     (0.000,0.024) (0.902,1.000) (0.000,0.043) (0.000,0.026) 
 47      106    (0)    1 :  0.713 0.162 0.065 0.059     (0.000,1.000) (0.000,0.731) (0.000,0.512) (0.000,0.344) 
 48      108    (0)    1 :  0.026 0.916 0.047 0.010     (0.000,0.184) (0.558,1.000) (0.000,0.329) (0.000,0.057) 
 49      109    (0)    1 :  0.012 0.973 0.006 0.009     (0.000,0.068) (0.839,1.000) (0.000,0.034) (0.000,0.054) 
 50      112    (0)    1 :  0.811 0.015 0.043 0.130     (0.000,1.000) (0.000,0.088) (0.000,0.298) (0.000,0.880) 
 51      115    (0)    1 :  0.016 0.045 0.898 0.041     (0.000,0.095) (0.000,0.330) (0.439,1.000) (0.000,0.299) 
 52      116    (0)    1 :  0.012 0.020 0.027 0.942     (0.000,0.070) (0.000,0.142) (0.000,0.195) (0.671,1.000) 
 53      117    (0)    1 :  0.016 0.013 0.009 0.962     (0.000,0.104) (0.000,0.076) (0.000,0.049) (0.777,1.000) 
 54      129    (0)    1 :  0.004 0.005 0.005 0.986     (0.000,0.021) (0.000,0.024) (0.000,0.027) (0.919,1.000) 
 55      132    (0)    1 :  0.155 0.297 0.490 0.058     (0.000,0.993) (0.000,1.000) (0.000,1.000) (0.000,0.424) 
 56      133    (0)    1 :  0.191 0.793 0.009 0.007     (0.000,1.000) (0.000,1.000) (0.000,0.045) (0.000,0.038) 
 57      137    (6)    1 :  0.960 0.018 0.010 0.012     (0.771,1.000) (0.000,0.100) (0.000,0.054) (0.000,0.069) 
 58      139    (0)    1 :  0.939 0.018 0.029 0.015     (0.662,1.000) (0.000,0.101) (0.000,0.203) (0.000,0.100) 
 59      140    (0)    1 :  0.012 0.976 0.006 0.006     (0.000,0.074) (0.858,1.000) (0.000,0.031) (0.000,0.034) 
 60      142    (0)    1 :  0.976 0.010 0.006 0.008     (0.859,1.000) (0.000,0.053) (0.000,0.034) (0.000,0.042) 
 61      144    (0)    1 :  0.005 0.986 0.005 0.004     (0.000,0.029) (0.918,1.000) (0.000,0.024) (0.000,0.021) 
 62      145    (0)    1 :  0.974 0.012 0.007 0.006     (0.847,1.000) (0.000,0.078) (0.000,0.040) (0.000,0.031) 
 63      147    (0)    1 :  0.013 0.975 0.006 0.006     (0.000,0.062) (0.863,1.000) (0.000,0.033) (0.000,0.031) 
 64      160    (0)    1 :  0.008 0.007 0.035 0.951     (0.000,0.040) (0.000,0.033) (0.000,0.152) (0.760,1.000) 
 65     162*    (0)    1 :  0.008 0.006 0.006 0.980     (0.000,0.047) (0.000,0.034) (0.000,0.030) (0.880,1.000) 
 66      166    (0)    1 :  0.311 0.664 0.014 0.011     (0.000,1.000) (0.000,1.000) (0.000,0.075) (0.000,0.067) 
 67      177    (0)    1 :  0.986 0.004 0.005 0.005     (0.918,1.000) (0.000,0.021) (0.000,0.024) (0.000,0.028) 
 68      178    (0)    1 :  0.887 0.079 0.017 0.017     (0.511,1.000) (0.000,0.440) (0.000,0.110) (0.000,0.111) 
 69      186    (0)    1 :  0.009 0.008 0.010 0.973     (0.000,0.051) (0.000,0.043) (0.000,0.058) (0.843,1.000) 
 70      189    (0)    1 :  0.011 0.004 0.008 0.977     (0.000,0.064) (0.000,0.021) (0.000,0.044) (0.866,1.000) 
 71      190    (0)    1 :  0.008 0.006 0.008 0.978     (0.000,0.046) (0.000,0.034) (0.000,0.045) (0.868,1.000) 
 72      191    (0)    1 :  0.012 0.015 0.008 0.965     (0.000,0.070) (0.000,0.100) (0.000,0.044) (0.791,1.000) 
 73      193    (0)    1 :  0.936 0.019 0.015 0.031     (0.644,1.000) (0.000,0.131) (0.000,0.085) (0.000,0.183) 
 74      202    (0)    1 :  0.032 0.018 0.124 0.825     (0.000,0.232) (0.000,0.127) (0.000,0.721) (0.160,1.000) 
 75      204    (0)    1 :  0.003 0.004 0.004 0.989     (0.000,0.017) (0.000,0.022) (0.000,0.020) (0.934,1.000) 
 76      211    (0)    1 :  0.185 0.732 0.050 0.032     (0.000,1.000) (0.000,1.000) (0.000,0.347) (0.000,0.240) 
 77      216    (0)    1 :  0.045 0.942 0.007 0.006     (0.000,0.285) (0.685,1.000) (0.000,0.037) (0.000,0.030) 
 78      222    (0)    1 :  0.031 0.883 0.074 0.012     (0.000,0.206) (0.480,1.000) (0.000,0.439) (0.000,0.066) 
 79      224    (0)    1 :  0.010 0.011 0.014 0.965     (0.000,0.059) (0.000,0.070) (0.000,0.079) (0.800,1.000) 
 80      226    (0)    1 :  0.014 0.009 0.224 0.753     (0.000,0.091) (0.000,0.049) (0.000,1.000) (0.000,1.000) 
 81      229    (0)    1 :  0.019 0.036 0.046 0.899     (0.000,0.131) (0.000,0.274) (0.000,0.325) (0.508,1.000) 
 82      230    (0)    1 :  0.028 0.011 0.016 0.944     (0.000,0.190) (0.000,0.078) (0.000,0.087) (0.728,1.000) 
 83      232    (0)    1 :  0.066 0.023 0.018 0.893     (0.000,0.435) (0.000,0.163) (0.000,0.095) (0.472,1.000) 
 84      238    (0)    1 :  0.185 0.021 0.768 0.026     (0.000,0.672) (0.000,0.152) (0.234,1.000) (0.000,0.189) 
 85      242    (0)    1 :  0.004 0.007 0.984 0.005     (0.000,0.023) (0.000,0.039) (0.905,1.000) (0.000,0.026) 
 86      243    (0)    1 :  0.038 0.071 0.874 0.017     (0.000,0.279) (0.000,0.465) (0.447,1.000) (0.000,0.111) 
 87      244    (0)    1 :  0.152 0.010 0.827 0.011     (0.000,0.618) (0.000,0.057) (0.363,1.000) (0.000,0.066) 
 88      251    (0)    1 :  0.044 0.029 0.889 0.038     (0.000,0.329) (0.000,0.198) (0.440,1.000) (0.000,0.293) 
 89      266    (0)    1 :  0.781 0.029 0.174 0.016     (0.247,1.000) (0.000,0.218) (0.000,0.687) (0.000,0.111) 
 90      267    (0)    1 :  0.013 0.944 0.015 0.027     (0.000,0.066) (0.687,1.000) (0.000,0.099) (0.000,0.202) 
 91      268    (0)    1 :  0.190 0.792 0.010 0.008     (0.000,1.000) (0.000,1.000) (0.000,0.050) (0.000,0.045) 
 92      270    (0)    1 :  0.008 0.010 0.015 0.967     (0.000,0.044) (0.000,0.060) (0.000,0.086) (0.808,1.000) 
 93      276    (0)    1 :  0.021 0.049 0.012 0.918     (0.000,0.139) (0.000,0.349) (0.000,0.070) (0.566,1.000) 
 94      298    (6)    1 :  0.067 0.918 0.008 0.007     (0.000,0.523) (0.454,1.000) (0.000,0.047) (0.000,0.039) 
 95      306    (0)    1 :  0.710 0.249 0.033 0.008     (0.000,1.000) (0.000,0.893) (0.000,0.209) (0.000,0.044) 
 96      308    (0)    1 :  0.754 0.201 0.031 0.014     (0.031,1.000) (0.000,0.828) (0.000,0.212) (0.000,0.091) 
 97      311    (6)    1 :  0.100 0.661 0.211 0.029     (0.000,0.681) (0.000,1.000) (0.000,1.000) (0.000,0.207) 
 98      323    (0)    1 :  0.013 0.011 0.160 0.815     (0.000,0.086) (0.000,0.067) (0.000,1.000) (0.000,1.000) 
 99      327    (0)    1 :  0.006 0.011 0.011 0.973     (0.000,0.031) (0.000,0.063) (0.000,0.059) (0.841,1.000) 
100      334    (0)    1 :  0.011 0.019 0.964 0.006     (0.000,0.056) (0.000,0.135) (0.790,1.000) (0.000,0.032) 
101      338    (0)    1 :  0.073 0.892 0.016 0.019     (0.000,0.496) (0.415,1.000) (0.000,0.095) (0.000,0.118) 
102      341    (0)    1 :  0.048 0.018 0.178 0.756     (0.000,0.317) (0.000,0.106) (0.000,1.000) (0.000,1.000) 
103      346    (0)    1 :  0.955 0.023 0.007 0.014     (0.751,1.000) (0.000,0.111) (0.000,0.037) (0.000,0.077) 
104      348    (0)    1 :  0.179 0.796 0.018 0.007     (0.000,0.993) (0.000,1.000) (0.000,0.107) (0.000,0.042) 
105      351    (0)    1 :  0.025 0.016 0.945 0.015     (0.000,0.161) (0.000,0.095) (0.686,1.000) (0.000,0.086) 
106      362    (0)    1 :  0.005 0.006 0.005 0.984     (0.000,0.025) (0.000,0.031) (0.000,0.027) (0.906,1.000) 
107      364    (0)    1 :  0.015 0.013 0.966 0.006     (0.000,0.092) (0.000,0.081) (0.801,1.000) (0.000,0.034) 
108      366    (0)    1 :  0.015 0.035 0.923 0.027     (0.000,0.094) (0.000,0.262) (0.576,1.000) (0.000,0.196) 
109      376    (0)    1 :  0.014 0.007 0.010 0.970     (0.000,0.092) (0.000,0.036) (0.000,0.051) (0.823,1.000) 
110      377    (6)    1 :  0.064 0.096 0.044 0.796     (0.000,0.487) (0.000,0.541) (0.000,0.288) (0.001,1.000) 
111      378    (0)    1 :  0.039 0.014 0.007 0.940     (0.000,0.242) (0.000,0.079) (0.000,0.034) (0.659,1.000) 
112      388    (0)    1 :  0.013 0.962 0.013 0.012     (0.000,0.070) (0.785,1.000) (0.000,0.080) (0.000,0.072) 
113      391    (0)    1 :  0.300 0.113 0.060 0.527     (0.000,0.993) (0.000,0.630) (0.000,0.450) (0.000,1.000) 
114      396   (18)    1 :  0.035 0.027 0.017 0.920     (0.000,0.256) (0.000,0.200) (0.000,0.103) (0.584,1.000) 
115      400   (18)    1 :  0.015 0.011 0.391 0.583     (0.000,0.092) (0.000,0.066) (0.000,1.000) (0.000,1.000) 
116      401    (0)    1 :  0.189 0.015 0.232 0.564     (0.000,0.634) (0.000,0.090) (0.000,0.928) (0.000,0.998) 
117      406    (0)    1 :  0.156 0.773 0.044 0.027     (0.000,1.000) (0.000,1.000) (0.000,0.304) (0.000,0.182) 
118      412    (6)    1 :  0.200 0.741 0.017 0.042     (0.000,1.000) (0.000,1.000) (0.000,0.088) (0.000,0.310) 
119      413    (0)    1 :  0.950 0.020 0.022 0.008     (0.713,1.000) (0.000,0.133) (0.000,0.159) (0.000,0.044) 
120      421    (0)    1 :  0.141 0.042 0.033 0.784     (0.000,0.616) (0.000,0.318) (0.000,0.247) (0.326,1.000) 
121      423    (0)    1 :  0.060 0.069 0.167 0.705     (0.000,0.412) (0.000,0.445) (0.000,0.990) (0.000,1.000) 
122      424    (0)    1 :  0.690 0.171 0.069 0.070     (0.000,1.000) (0.000,0.930) (0.000,0.489) (0.000,0.519) 
123      426    (0)    1 :  0.039 0.021 0.017 0.923     (0.000,0.267) (0.000,0.140) (0.000,0.109) (0.586,1.000) 
124      430   (12)    1 :  0.836 0.117 0.012 0.036     (0.247,1.000) (0.000,0.607) (0.000,0.063) (0.000,0.247) 
125      435    (0)    1 :  0.966 0.025 0.004 0.005     (0.792,1.000) (0.000,0.179) (0.000,0.022) (0.000,0.028) 
126      476    (0)    1 :  0.014 0.007 0.042 0.937     (0.000,0.090) (0.000,0.041) (0.000,0.289) (0.659,1.000) 
127      478    (0)    1 :  0.006 0.007 0.012 0.976     (0.000,0.031) (0.000,0.038) (0.000,0.070) (0.857,1.000) 
128      484    (0)    1 :  0.039 0.948 0.006 0.007     (0.000,0.259) (0.703,1.000) (0.000,0.030) (0.000,0.038) 
129      489    (0)    1 :  0.123 0.287 0.039 0.550     (0.000,0.970) (0.000,1.000) (0.000,0.267) (0.000,1.000) 
130      492   (18)    1 :  0.024 0.019 0.950 0.007     (0.000,0.156) (0.000,0.121) (0.716,1.000) (0.000,0.035) 
131      493    (0)    1 :  0.008 0.007 0.974 0.010     (0.000,0.049) (0.000,0.039) (0.849,1.000) (0.000,0.062) 
132      494    (0)    1 :  0.008 0.005 0.967 0.019     (0.000,0.048) (0.000,0.030) (0.805,1.000) (0.000,0.132) 
133      500    (0)    1 :  0.004 0.004 0.006 0.987     (0.000,0.019) (0.000,0.020) (0.000,0.029) (0.925,1.000) 
134      504    (0)    1 :  0.011 0.930 0.027 0.032     (0.000,0.060) (0.658,1.000) (0.000,0.183) (0.000,0.227) 
135      506    (0)    1 :  0.005 0.961 0.006 0.028     (0.000,0.029) (0.761,1.000) (0.000,0.031) (0.000,0.208) 


Estimated Allele Frequencies in each cluster
First column gives estimated ancestral frequencies


Locus 1 : Rsu3 
3 alleles
1.5% missing data
 164   (0.512) 0.486 0.493 0.530 0.593 
 166   (0.260) 0.318 0.453 0.216 0.141 
 170   (0.228) 0.197 0.054 0.254 0.266 

Locus 2 : Rsu5 
5 alleles
1.5% missing data
 137   (0.695) 0.779 0.627 0.669 0.947 
 135   (0.096) 0.084 0.020 0.099 0.020 
 139   (0.124) 0.080 0.012 0.191 0.028 
 133   (0.028) 0.003 0.003 0.022 0.001 
 131   (0.057) 0.055 0.339 0.019 0.003 

Locus 3 : Scv1 
5 alleles
0.7% missing data
 181   (0.504) 0.354 0.365 0.614 0.754 
 179   (0.210) 0.254 0.169 0.210 0.099 
 177   (0.114) 0.124 0.243 0.067 0.040 
 185   (0.141) 0.263 0.220 0.074 0.106 
 171   (0.031) 0.004 0.003 0.035 0.002 

Locus 4 : Rsu4 
9 alleles
0.0% missing data
 267   (0.205) 0.060 0.127 0.296 0.196 
 263   (0.324) 0.500 0.372 0.282 0.447 
 259   (0.034) 0.004 0.003 0.011 0.189 
 287   (0.169) 0.151 0.252 0.133 0.135 
 275   (0.049) 0.015 0.005 0.085 0.003 
 279   (0.074) 0.160 0.009 0.083 0.008 
 283   (0.076) 0.101 0.226 0.047 0.004 
 291   (0.039) 0.005 0.004 0.028 0.016 
 271   (0.030) 0.003 0.003 0.035 0.002 

Locus 5 : Rsu6 
5 alleles
0.0% missing data
 120   (0.255) 0.240 0.192 0.225 0.329 
 126   (0.612) 0.743 0.794 0.641 0.505 
 124   (0.068) 0.009 0.007 0.060 0.155 
 130   (0.039) 0.004 0.003 0.064 0.002 
 114   (0.026) 0.003 0.003 0.009 0.009 

Locus 6 : Scv12 
3 alleles
1.5% missing data
 198   (0.608) 0.723 0.461 0.709 0.444 
 196   (0.226) 0.180 0.476 0.158 0.250 
 200   (0.165) 0.097 0.063 0.133 0.307 

Locus 7 : Scv23 
3 alleles
1.5% missing data
 158   (0.503) 0.581 0.656 0.469 0.560 
 164   (0.220) 0.072 0.171 0.270 0.183 
 160   (0.278) 0.347 0.172 0.261 0.257 

Locus 8 : Scv13 
5 alleles
0.0% missing data
 182   (0.716) 0.717 0.889 0.710 0.891 
 180   (0.082) 0.011 0.008 0.104 0.088 
 172   (0.087) 0.164 0.083 0.062 0.004 
 184   (0.074) 0.014 0.016 0.100 0.014 
 174   (0.042) 0.094 0.004 0.024 0.002 

Locus 9 : Scv32 
18 alleles
0.7% missing data
 236   (0.038) 0.005 0.004 0.104 0.002 
 238   (0.050) 0.044 0.123 0.036 0.003 
 234   (0.117) 0.549 0.178 0.067 0.144 
 246   (0.046) 0.017 0.006 0.026 0.192 
 248   (0.092) 0.017 0.035 0.142 0.153 
 262   (0.095) 0.069 0.081 0.066 0.163 
 232   (0.183) 0.094 0.307 0.300 0.109 
 250   (0.034) 0.011 0.004 0.015 0.071 
 228   (0.025) 0.004 0.003 0.034 0.001 
 220   (0.028) 0.004 0.003 0.012 0.118 
 264   (0.060) 0.072 0.015 0.053 0.012 
 252   (0.047) 0.055 0.062 0.017 0.009 
 254   (0.048) 0.039 0.088 0.030 0.002 
 242   (0.027) 0.003 0.002 0.035 0.001 
 266   (0.025) 0.004 0.049 0.010 0.001 
 244   (0.039) 0.007 0.036 0.023 0.012 
 226   (0.021) 0.003 0.002 0.011 0.007 
 240   (0.023) 0.004 0.002 0.019 0.001 

Locus 10 : Scv8 
6 alleles
0.7% missing data
 200   (0.603) 0.502 0.701 0.660 0.761 
 202   (0.105) 0.071 0.078 0.134 0.005 
 194   (0.079) 0.143 0.009 0.040 0.099 
 204   (0.045) 0.006 0.004 0.029 0.051 
 198   (0.088) 0.026 0.009 0.097 0.079 
 188   (0.080) 0.253 0.198 0.040 0.004 

Locus 11 : Scv9 
5 alleles
0.0% missing data
 198   (0.311) 0.533 0.372 0.256 0.312 
 200   (0.337) 0.125 0.239 0.451 0.447 
 196   (0.266) 0.248 0.376 0.253 0.196 
 204   (0.060) 0.075 0.009 0.031 0.043 
 202   (0.026) 0.019 0.003 0.009 0.001 

Locus 12 : Rsu1 
6 alleles
0.0% missing data
 189   (0.330) 0.259 0.175 0.464 0.183 
 185   (0.257) 0.258 0.697 0.208 0.173 
 177   (0.090) 0.042 0.043 0.053 0.075 
 181   (0.247) 0.432 0.077 0.236 0.302 
 193   (0.035) 0.004 0.003 0.012 0.165 
 197   (0.042) 0.005 0.004 0.028 0.102 

Locus 13 : Scv14 
7 alleles
4.4% missing data
 196   (0.500) 0.664 0.572 0.459 0.860 
 198   (0.097) 0.096 0.076 0.108 0.006 
 194   (0.148) 0.159 0.047 0.174 0.049 
 202   (0.177) 0.059 0.297 0.215 0.075 
 204   (0.027) 0.003 0.002 0.021 0.001 
 190   (0.026) 0.004 0.003 0.011 0.008 
 200   (0.026) 0.016 0.003 0.012 0.002 

Locus 14 : Scv16 
7 alleles
0.0% missing data
 182   (0.376) 0.601 0.393 0.325 0.524 
 184   (0.411) 0.247 0.528 0.502 0.398 
 188   (0.074) 0.008 0.007 0.103 0.071 
 200   (0.026) 0.003 0.002 0.021 0.001 
 198   (0.046) 0.079 0.047 0.016 0.002 
 190   (0.041) 0.056 0.020 0.014 0.002 
 186   (0.026) 0.005 0.002 0.019 0.001 

Locus 15 : Scv31 
15 alleles
3.0% missing data
 193   (0.129) 0.051 0.234 0.114 0.154 
 201   (0.103) 0.013 0.047 0.170 0.055 
 187   (0.063) 0.009 0.098 0.027 0.233 
 207   (0.035) 0.004 0.003 0.015 0.139 
 195   (0.067) 0.035 0.157 0.027 0.062 
 185   (0.176) 0.330 0.260 0.160 0.079 
 189   (0.081) 0.010 0.008 0.177 0.044 
 205   (0.025) 0.003 0.003 0.021 0.001 
 191   (0.098) 0.481 0.014 0.057 0.183 
 197   (0.030) 0.004 0.123 0.011 0.006 
 199   (0.066) 0.044 0.039 0.062 0.004 
 203   (0.034) 0.004 0.003 0.051 0.002 
 209   (0.029) 0.004 0.003 0.035 0.001 
 213   (0.036) 0.004 0.004 0.064 0.002 
 181   (0.029) 0.004 0.003 0.010 0.036 

Locus 16 : Scv6 
8 alleles
0.0% missing data
 191   (0.112) 0.014 0.024 0.176 0.137 
 195   (0.355) 0.313 0.571 0.334 0.526 
 197   (0.182) 0.271 0.215 0.114 0.285 
 201   (0.084) 0.100 0.011 0.137 0.005 
 205   (0.029) 0.003 0.003 0.035 0.001 
 193   (0.102) 0.135 0.118 0.098 0.007 
 199   (0.105) 0.161 0.055 0.069 0.038 
 181   (0.030) 0.003 0.003 0.035 0.002 

Values of parameters used in structure:
DATAFILE=C:\Users\drenske\Desktop\STRUCTURE\Squirrel_135_ID_16L_20250816\project_data,	OUTFILE=C:\Users\drenske\Desktop\STRUCTURE\Squirrel_135_ID_16L_20250816\10k_Burnin_100k_MCMC\Results\10k_Burnin_100k_MCMC_run_76,	NUMINDS=135,	NUMLOCI=16,	MISSING=-9,	LABEL=1,	POPDATA=1,	POPFLAG=0,	PHENOTYPE=0,	EXTRACOLS=1,	MAXPOPS=4,	BURNIN=10000,	NUMREPS=100000,	USEPOPINFO=0,	INFERALPHA=1,	INFERLAMBDA=1,	POPSPECIFICLAMBDA=0,	POPALPHAS=0,	COMPUTEPROB=1,	NOADMIX=0,	ADMBURNIN=2500,	UPDATEFREQ=1,	PRINTLIKES=0,	INTERMEDSAVE=0,	PRINTKLD=0,	PRINTNET=0,	PRINTLAMBDA=0,	ANCESTDIST=1,	NUMBOXES=1000,	ANCESTPINT=0.90000,	GENSBACK=2,	MIGRPRIOR=0.05000,	PRINTQHAT=1,	PRINTQSUM=0,	ALPHA=1.0000,	FREQSCORR=1,	FPRIORMEAN=0.0100,	FPRIORSD=0.0500,	ONEFST=0,	LAMBDA=1.0000,	UNIFPRIORALPHA=1,	ALPHAMAX=10.0000,	ALPHAPRIORA=1.0000,	ALPHAPRIORB=2.0000,	ALPHAPROPSD=0.0250,	STARTATPOPINFO=0,	RANDOMIZE=1,	LINKAGE=0,	METROFREQ=10,	REPORTHITRATE=0,	MARKOVPHASE=-1,	PHASED=0,	PLOIDY=2,	PHASEINFO=0	LOCPRIOR=0, 	LOCPRIORINIT=1.000000, 	LOCDATA=0, 	LOCISPOP=0, 	LOCPRIORSTEP=0.100000, 	MAXLOCPRIOR=20.000000, 	SEED=1755509681,	
[STRAT parameters]:    NUMSIMSTATS=1000,	PHENOTYPECOL=-9,	POOLFREQ=10,	LOCUSxONLY=0,	EMERROR=0.00100,	MISSINGPHENO=-9,	