          1*  1 0.0087 0.9309 0.0124 0.0338 0.0142 
           3  1 0.0051 0.0050 0.0055 0.0065 0.9780 
           6  1 0.0144 0.0057 0.0149 0.0189 0.9462 
           8  1 0.0043 0.0081 0.9706 0.0098 0.0072 
          10  1 0.0055 0.0057 0.9789 0.0043 0.0056 
          11  1 0.0965 0.7621 0.0763 0.0216 0.0436 
          12  1 0.0150 0.0076 0.9569 0.0100 0.0104 
          16  1 0.0056 0.0058 0.0127 0.0053 0.9706 
          18  1 0.0051 0.9724 0.0085 0.0053 0.0087 
          19  1 0.0648 0.8583 0.0273 0.0314 0.0183 
          21  1 0.0073 0.0057 0.0111 0.0062 0.9697 
          23  1 0.2293 0.0209 0.6576 0.0626 0.0296 
          24  1 0.0436 0.2200 0.7150 0.0109 0.0106 
          25  1 0.0367 0.0373 0.8590 0.0385 0.0285 
         26*  1 0.0046 0.0137 0.8994 0.0050 0.0774 
          28  1 0.0073 0.0065 0.9313 0.0067 0.0482 
          29  1 0.0060 0.0088 0.9752 0.0045 0.0054 
          30  1 0.0091 0.0271 0.4586 0.3662 0.1390 
          33  1 0.0263 0.9520 0.0045 0.0111 0.0061 
          37  1 0.0082 0.9621 0.0130 0.0058 0.0108 
          38  1 0.0044 0.9644 0.0171 0.0041 0.0099 
          43  1 0.0072 0.0083 0.9706 0.0051 0.0089 
          44  1 0.0265 0.0187 0.3588 0.0951 0.5009 
          48  1 0.0045 0.9709 0.0059 0.0054 0.0132 
          55  1 0.0174 0.0146 0.5425 0.0321 0.3935 
          59  1 0.0043 0.0056 0.0051 0.0054 0.9796 
          60  1 0.3643 0.1400 0.0134 0.4568 0.0255 
          61  1 0.9295 0.0086 0.0069 0.0397 0.0153 
          62  1 0.9214 0.0206 0.0165 0.0274 0.0141 
          65  1 0.0120 0.9509 0.0094 0.0227 0.0051 
          73  1 0.0069 0.0116 0.0291 0.9463 0.0061 
          75  1 0.9204 0.0205 0.0077 0.0413 0.0102 
          76  1 0.9778 0.0043 0.0053 0.0075 0.0052 
          77  1 0.9760 0.0064 0.0051 0.0058 0.0067 
          78  1 0.1550 0.0126 0.0130 0.8120 0.0074 
          79  1 0.9321 0.0091 0.0055 0.0490 0.0043 
          84  1 0.0447 0.0208 0.2083 0.0315 0.6946 
          85  1 0.0089 0.0170 0.9452 0.0164 0.0126 
          86  1 0.0168 0.0193 0.9296 0.0275 0.0068 
          89  1 0.1309 0.0608 0.1684 0.0376 0.6023 
          94  1 0.0076 0.0399 0.9361 0.0047 0.0116 
          95  1 0.0063 0.0095 0.0072 0.0085 0.9684 
          96  1 0.0060 0.0044 0.9788 0.0055 0.0054 
          98  1 0.1093 0.0106 0.0086 0.8629 0.0085 
         102  1 0.0189 0.9210 0.0095 0.0129 0.0377 
         105  1 0.0047 0.0088 0.0048 0.9761 0.0056 
         106  1 0.6019 0.0286 0.0172 0.1851 0.1672 
         108  1 0.0230 0.0557 0.0103 0.9032 0.0078 
         109  1 0.0114 0.0059 0.0098 0.9637 0.0093 
         112  1 0.7405 0.0312 0.2018 0.0141 0.0125 
         115  1 0.0132 0.8992 0.0300 0.0447 0.0129 
         116  1 0.0150 0.0352 0.8920 0.0277 0.0301 
         117  1 0.0329 0.0150 0.5487 0.0287 0.3747 
         129  1 0.0040 0.0073 0.9344 0.0054 0.0489 
         132  1 0.1181 0.5385 0.0428 0.2682 0.0324 
         133  1 0.1429 0.0086 0.0069 0.8313 0.0103 
         137  1 0.9448 0.0101 0.0113 0.0199 0.0140 
         139  1 0.9333 0.0262 0.0135 0.0153 0.0117 
         140  1 0.0124 0.0061 0.0052 0.9656 0.0107 
         142  1 0.9637 0.0069 0.0055 0.0096 0.0142 
         144  1 0.0056 0.0053 0.0038 0.9793 0.0060 
         145  1 0.9611 0.0084 0.0054 0.0155 0.0096 
         147  1 0.0111 0.0061 0.0064 0.9721 0.0043 
         160  1 0.0083 0.0155 0.9599 0.0061 0.0103 
        162*  1 0.0062 0.0048 0.9784 0.0056 0.0050 
         166  1 0.2687 0.0126 0.0080 0.6809 0.0298 
         177  1 0.9815 0.0048 0.0050 0.0045 0.0042 
         178  1 0.8719 0.0175 0.0217 0.0794 0.0096 
         186  1 0.0042 0.0043 0.0053 0.0044 0.9818 
         189  1 0.0093 0.0060 0.9729 0.0038 0.0080 
         190  1 0.0098 0.0138 0.9413 0.0089 0.0263 
         191  1 0.0401 0.0128 0.1653 0.0570 0.7247 
         193  1 0.8988 0.0140 0.0145 0.0215 0.0512 
         202  1 0.0167 0.0511 0.9101 0.0137 0.0084 
         204  1 0.0036 0.0041 0.9077 0.0044 0.0802 
         211  1 0.1636 0.0495 0.0466 0.7290 0.0113 
         216  1 0.0455 0.0067 0.0063 0.9368 0.0047 
         222  1 0.0297 0.0540 0.0248 0.8838 0.0077 
         224  1 0.0103 0.0166 0.9235 0.0145 0.0351 
         226  1 0.0048 0.0077 0.0051 0.0048 0.9776 
         229  1 0.0309 0.0324 0.8857 0.0424 0.0086 
         230  1 0.0215 0.0141 0.9344 0.0123 0.0177 
         232  1 0.1490 0.0249 0.7035 0.0342 0.0883 
         238  1 0.1957 0.7105 0.0562 0.0295 0.0081 
         242  1 0.0046 0.9782 0.0046 0.0067 0.0059 
         243  1 0.0342 0.8492 0.0114 0.0709 0.0342 
         244  1 0.1513 0.8195 0.0127 0.0101 0.0064 
         251  1 0.0465 0.8519 0.0652 0.0258 0.0105 
         266  1 0.7420 0.2021 0.0145 0.0294 0.0119 
         267  1 0.0136 0.0157 0.0265 0.9210 0.0232 
         268  1 0.1810 0.0111 0.0076 0.7931 0.0073 
         270  1 0.0079 0.0151 0.9256 0.0123 0.0391 
         276  1 0.1055 0.0237 0.1853 0.0847 0.6009 
         298  1 0.0570 0.0090 0.0059 0.9173 0.0109 
         306  1 0.6626 0.0444 0.0071 0.2737 0.0123 
         308  1 0.7254 0.0323 0.0202 0.2145 0.0077 
         311  1 0.0899 0.1964 0.0325 0.6681 0.0131 
         323  1 0.0045 0.0065 0.0053 0.0050 0.9787 
         327  1 0.0074 0.0131 0.9542 0.0119 0.0134 
         334  1 0.0096 0.9630 0.0068 0.0167 0.0039 
         338  1 0.0532 0.0135 0.0139 0.9011 0.0183 
         341  1 0.0093 0.0093 0.0062 0.0053 0.9700 
         346  1 0.9492 0.0079 0.0122 0.0155 0.0152 
         348  1 0.1713 0.0185 0.0070 0.7957 0.0075 
         351  1 0.0219 0.9310 0.0147 0.0168 0.0156 
         362  1 0.0050 0.0055 0.9470 0.0059 0.0366 
         364  1 0.0140 0.9588 0.0064 0.0116 0.0091 
         366  1 0.0150 0.9128 0.0270 0.0305 0.0146 
         376  1 0.0219 0.0070 0.0219 0.0067 0.9425 
         377  1 0.0188 0.0100 0.9180 0.0390 0.0143 
         378  1 0.0521 0.0063 0.8999 0.0190 0.0226 
         388  1 0.0120 0.0135 0.0122 0.9535 0.0087 
         391  1 0.1785 0.0256 0.0991 0.0553 0.6415 
         396  1 0.0620 0.0179 0.7914 0.0590 0.0698 
         400  1 0.0083 0.0471 0.9306 0.0077 0.0064 
         401  1 0.2151 0.2923 0.2999 0.0171 0.1756 
         406  1 0.1087 0.0403 0.0142 0.7347 0.1021 
         412  1 0.1503 0.0173 0.0336 0.7721 0.0266 
         413  1 0.9321 0.0285 0.0137 0.0210 0.0046 
         421  1 0.1829 0.0349 0.7051 0.0445 0.0326 
         423  1 0.0507 0.1072 0.7561 0.0664 0.0195 
         424  1 0.4009 0.0372 0.0144 0.0803 0.4673 
         426  1 0.0662 0.0236 0.8163 0.0445 0.0494 
         430  1 0.7794 0.0125 0.0227 0.1228 0.0626 
         435  1 0.9600 0.0042 0.0063 0.0252 0.0044 
         476  1 0.0229 0.0227 0.0450 0.0064 0.9029 
         478  1 0.0074 0.0241 0.1751 0.0116 0.7818 
         484  1 0.0280 0.0064 0.0061 0.9484 0.0111 
         489  1 0.0545 0.0202 0.7268 0.1814 0.0171 
         492  1 0.0183 0.9498 0.0080 0.0185 0.0054 
         493  1 0.0090 0.9636 0.0135 0.0068 0.0072 
         494  1 0.0086 0.9428 0.0307 0.0061 0.0119 
         500  1 0.0038 0.0069 0.9565 0.0042 0.0286 
         504  1 0.0098 0.0255 0.0377 0.9198 0.0072 
         506  1 0.0055 0.0060 0.0329 0.9411 0.0145 
