

----------------------------------------------------
STRUCTURE by Pritchard, Stephens and Donnelly (2000)
     and Falush, Stephens and Pritchard (2003)
       Code by Pritchard, Falush and Hubisz
             Version 2.3.4 (Jul 2012)
----------------------------------------------------



Command line arguments:   bin\structure -m C:\Users\drenske\Desktop\STRUCTURE\Squirrel_135_ID_16L_20250816\10k_Burnin_100k_MCMC\mainparams -e C:\Users\drenske\Desktop\STRUCTURE\Squirrel_135_ID_16L_20250816\10k_Burnin_100k_MCMC\extraparams 
Input File:    C:\Users\drenske\Desktop\STRUCTURE\Squirrel_135_ID_16L_20250816\project_data

Run parameters:
   135 individuals
   16 loci
   5 populations assumed
   10000 Burn-in period
   100000 Reps


--------------------------------------------
Proportion of membership of each pre-defined
 population in each of the 5 clusters

Given    Inferred Clusters                     Number of
 Pop       1      2      3      4      5      Individuals

  1:     0.183  0.343  0.138  0.138  0.197      135
--------------------------------------------

Allele-freq. divergence among pops (Net nucleotide distance),
computed using point estimates of P.

      1       2       3       4       5      
 1      -    0.0427  0.0600  0.0702  0.0525  
 2   0.0427     -    0.0808  0.0685  0.0645  
 3   0.0600  0.0808     -    0.0927  0.0754  
 4   0.0702  0.0685  0.0927     -    0.0624  
 5   0.0525  0.0645  0.0754  0.0624     -    

Average distances (expected heterozygosity) between individuals in same cluster:
cluster  1  : 0.6482 
cluster  2  : 0.6010 
cluster  3  : 0.4683 
cluster  4  : 0.4878 
cluster  5  : 0.5542 

--------------------------------------------
Estimated Ln Prob of Data   = -4896.4
Mean value of ln likelihood = -4732.7
Variance of ln likelihood   = 327.4
Mean value of alpha         = 0.0475

Mean value of lambda        = 1.0336

Mean value of Fst_1         = 0.0429
Mean value of Fst_2         = 0.1361
Mean value of Fst_3         = 0.2856
Mean value of Fst_4         = 0.2219
Mean value of Fst_5         = 0.1798


Inferred ancestry of individuals:
        Label (%Miss) Pop:  Inferred clusters (and 90% probability intervals)
  1       1*    (0)    1 :  0.910 0.018 0.015 0.048 0.009     (0.574,1.000) (0.000,0.123) (0.000,0.097) (0.000,0.332) (0.000,0.051) 
  2        3    (0)    1 :  0.005 0.006 0.977 0.006 0.006     (0.000,0.029) (0.000,0.032) (0.878,1.000) (0.000,0.031) (0.000,0.033) 
  3        6    (0)    1 :  0.006 0.020 0.940 0.010 0.023     (0.000,0.036) (0.000,0.141) (0.690,1.000) (0.000,0.059) (0.000,0.158) 
  4        8    (0)    1 :  0.011 0.006 0.006 0.019 0.957     (0.000,0.066) (0.000,0.038) (0.000,0.035) (0.000,0.125) (0.777,1.000) 
  5       10    (0)    1 :  0.010 0.005 0.010 0.841 0.135     (0.000,0.059) (0.000,0.025) (0.000,0.065) (0.357,1.000) (0.000,0.621) 
  6       11    (0)    1 :  0.810 0.049 0.040 0.029 0.072     (0.103,1.000) (0.000,0.362) (0.000,0.296) (0.000,0.201) (0.000,0.473) 
  7       12    (0)    1 :  0.005 0.005 0.006 0.977 0.008     (0.000,0.027) (0.000,0.030) (0.000,0.031) (0.877,1.000) (0.000,0.043) 
  8       16    (6)    1 :  0.006 0.006 0.962 0.009 0.017     (0.000,0.035) (0.000,0.032) (0.802,1.000) (0.000,0.052) (0.000,0.106) 
  9       18    (0)    1 :  0.967 0.005 0.011 0.008 0.009     (0.824,1.000) (0.000,0.030) (0.000,0.066) (0.000,0.043) (0.000,0.054) 
 10       19    (0)    1 :  0.890 0.042 0.016 0.013 0.039     (0.492,1.000) (0.000,0.298) (0.000,0.107) (0.000,0.080) (0.000,0.281) 
 11       21    (6)    1 :  0.007 0.007 0.954 0.009 0.023     (0.000,0.042) (0.000,0.040) (0.763,1.000) (0.000,0.054) (0.000,0.162) 
 12       23    (6)    1 :  0.011 0.057 0.015 0.900 0.018     (0.000,0.062) (0.000,0.369) (0.000,0.101) (0.558,1.000) (0.000,0.127) 
 13       24    (6)    1 :  0.370 0.024 0.018 0.351 0.237     (0.000,0.999) (0.000,0.171) (0.000,0.128) (0.000,0.998) (0.000,0.938) 
 14       25    (6)    1 :  0.015 0.015 0.062 0.832 0.076     (0.000,0.093) (0.000,0.102) (0.000,0.327) (0.502,1.000) (0.000,0.388) 
 15      26*    (0)    1 :  0.029 0.007 0.095 0.170 0.699     (0.000,0.203) (0.000,0.042) (0.000,0.545) (0.000,0.571) (0.005,1.000) 
 16       28    (0)    1 :  0.010 0.007 0.060 0.082 0.841     (0.000,0.058) (0.000,0.044) (0.000,0.445) (0.000,0.562) (0.000,1.000) 
 17       29    (0)    1 :  0.015 0.006 0.006 0.876 0.096     (0.000,0.098) (0.000,0.031) (0.000,0.036) (0.300,1.000) (0.000,0.666) 
 18       30    (0)    1 :  0.043 0.145 0.157 0.059 0.596     (0.000,0.284) (0.000,0.635) (0.000,0.801) (0.000,0.459) (0.000,1.000) 
 19       33    (0)    1 :  0.965 0.018 0.007 0.006 0.004     (0.812,1.000) (0.000,0.123) (0.000,0.039) (0.000,0.036) (0.000,0.026) 
 20       37    (0)    1 :  0.945 0.007 0.012 0.028 0.008     (0.713,1.000) (0.000,0.038) (0.000,0.080) (0.000,0.204) (0.000,0.046) 
 21       38    (0)    1 :  0.953 0.004 0.010 0.016 0.017     (0.751,1.000) (0.000,0.024) (0.000,0.065) (0.000,0.110) (0.000,0.112) 
 22       43    (0)    1 :  0.011 0.008 0.045 0.748 0.188     (0.000,0.063) (0.000,0.044) (0.000,0.290) (0.316,1.000) (0.000,0.655) 
 23       44    (0)    1 :  0.009 0.021 0.352 0.008 0.610     (0.000,0.053) (0.000,0.143) (0.000,0.715) (0.000,0.043) (0.205,1.000) 
 24       48    (0)    1 :  0.966 0.005 0.015 0.007 0.007     (0.817,1.000) (0.000,0.027) (0.000,0.098) (0.000,0.042) (0.000,0.036) 
 25       55    (0)    1 :  0.015 0.022 0.174 0.012 0.777     (0.000,0.098) (0.000,0.155) (0.000,0.816) (0.000,0.076) (0.013,1.000) 
 26       59    (0)    1 :  0.006 0.005 0.978 0.004 0.006     (0.000,0.033) (0.000,0.029) (0.884,1.000) (0.000,0.023) (0.000,0.036) 
 27       60    (0)    1 :  0.085 0.664 0.020 0.225 0.006     (0.000,0.646) (0.000,1.000) (0.000,0.144) (0.000,0.996) (0.000,0.031) 
 28       61    (0)    1 :  0.009 0.961 0.013 0.008 0.009     (0.000,0.055) (0.795,1.000) (0.000,0.082) (0.000,0.048) (0.000,0.050) 
 29       62    (0)    1 :  0.023 0.892 0.011 0.060 0.014     (0.000,0.151) (0.478,1.000) (0.000,0.063) (0.000,0.409) (0.000,0.083) 
 30       65    (0)    1 :  0.952 0.023 0.006 0.008 0.011     (0.756,1.000) (0.000,0.162) (0.000,0.033) (0.000,0.046) (0.000,0.065) 
 31       73    (0)    1 :  0.017 0.842 0.008 0.114 0.019     (0.000,0.113) (0.470,1.000) (0.000,0.046) (0.000,0.482) (0.000,0.128) 
 32       75    (0)    1 :  0.030 0.937 0.014 0.007 0.012     (0.000,0.213) (0.704,1.000) (0.000,0.098) (0.000,0.042) (0.000,0.078) 
 33       76    (0)    1 :  0.006 0.963 0.007 0.019 0.006     (0.000,0.033) (0.800,1.000) (0.000,0.040) (0.000,0.135) (0.000,0.032) 
 34       77    (0)    1 :  0.017 0.941 0.011 0.024 0.006     (0.000,0.109) (0.696,1.000) (0.000,0.072) (0.000,0.161) (0.000,0.036) 
 35       78    (0)    1 :  0.009 0.966 0.006 0.009 0.009     (0.000,0.054) (0.821,1.000) (0.000,0.035) (0.000,0.057) (0.000,0.053) 
 36       79    (0)    1 :  0.016 0.968 0.005 0.006 0.006     (0.000,0.105) (0.832,1.000) (0.000,0.025) (0.000,0.033) (0.000,0.036) 
 37       84    (0)    1 :  0.022 0.048 0.686 0.100 0.143     (0.000,0.158) (0.000,0.329) (0.292,1.000) (0.000,0.540) (0.000,0.526) 
 38       85    (0)    1 :  0.011 0.011 0.011 0.007 0.959     (0.000,0.068) (0.000,0.070) (0.000,0.066) (0.000,0.041) (0.788,1.000) 
 39       86    (0)    1 :  0.023 0.015 0.006 0.016 0.940     (0.000,0.166) (0.000,0.101) (0.000,0.032) (0.000,0.113) (0.701,1.000) 
 40       89    (0)    1 :  0.036 0.052 0.510 0.382 0.021     (0.000,0.259) (0.000,0.367) (0.000,0.941) (0.000,0.984) (0.000,0.137) 
 41       94    (0)    1 :  0.017 0.005 0.013 0.953 0.012     (0.000,0.108) (0.000,0.031) (0.000,0.084) (0.758,1.000) (0.000,0.074) 
 42       95    (0)    1 :  0.009 0.008 0.963 0.005 0.014     (0.000,0.055) (0.000,0.048) (0.806,1.000) (0.000,0.030) (0.000,0.085) 
 43       96    (0)    1 :  0.005 0.006 0.005 0.011 0.973     (0.000,0.028) (0.000,0.031) (0.000,0.027) (0.000,0.064) (0.859,1.000) 
 44       98    (0)    1 :  0.011 0.958 0.008 0.015 0.008     (0.000,0.063) (0.781,1.000) (0.000,0.050) (0.000,0.097) (0.000,0.050) 
 45      102    (0)    1 :  0.906 0.018 0.040 0.029 0.007     (0.599,1.000) (0.000,0.130) (0.000,0.270) (0.000,0.203) (0.000,0.039) 
 46      105    (0)    1 :  0.019 0.955 0.009 0.008 0.009     (0.000,0.134) (0.775,1.000) (0.000,0.053) (0.000,0.045) (0.000,0.057) 
 47      106    (0)    1 :  0.025 0.816 0.136 0.008 0.015     (0.000,0.148) (0.486,1.000) (0.000,0.448) (0.000,0.049) (0.000,0.099) 
 48      108    (0)    1 :  0.068 0.896 0.011 0.011 0.014     (0.000,0.420) (0.530,1.000) (0.000,0.066) (0.000,0.068) (0.000,0.094) 
 49      109    (0)    1 :  0.010 0.900 0.028 0.008 0.054     (0.000,0.053) (0.623,1.000) (0.000,0.198) (0.000,0.040) (0.000,0.305) 
 50      112    (0)    1 :  0.084 0.371 0.017 0.339 0.189     (0.000,0.577) (0.000,1.000) (0.000,0.115) (0.000,1.000) (0.000,0.815) 
 51      115    (0)    1 :  0.872 0.029 0.017 0.069 0.013     (0.442,1.000) (0.000,0.205) (0.000,0.109) (0.000,0.412) (0.000,0.073) 
 52      116    (0)    1 :  0.014 0.010 0.012 0.008 0.956     (0.000,0.088) (0.000,0.062) (0.000,0.067) (0.000,0.042) (0.770,1.000) 
 53      117    (0)    1 :  0.018 0.032 0.464 0.223 0.263     (0.000,0.114) (0.000,0.234) (0.000,0.997) (0.000,0.993) (0.000,0.819) 
 54      129    (0)    1 :  0.008 0.005 0.035 0.008 0.945     (0.000,0.045) (0.000,0.025) (0.000,0.247) (0.000,0.042) (0.714,1.000) 
 55      132    (0)    1 :  0.303 0.219 0.031 0.439 0.007     (0.000,0.998) (0.000,0.938) (0.000,0.223) (0.000,1.000) (0.000,0.040) 
 56      133    (0)    1 :  0.009 0.966 0.009 0.011 0.005     (0.000,0.048) (0.819,1.000) (0.000,0.055) (0.000,0.068) (0.000,0.029) 
 57      137    (6)    1 :  0.013 0.925 0.021 0.031 0.011     (0.000,0.080) (0.616,1.000) (0.000,0.144) (0.000,0.218) (0.000,0.065) 
 58      139    (0)    1 :  0.058 0.885 0.018 0.014 0.025     (0.000,0.390) (0.506,1.000) (0.000,0.129) (0.000,0.095) (0.000,0.183) 
 59      140    (0)    1 :  0.008 0.963 0.013 0.006 0.010     (0.000,0.047) (0.805,1.000) (0.000,0.083) (0.000,0.035) (0.000,0.054) 
 60      142    (0)    1 :  0.008 0.944 0.025 0.016 0.006     (0.000,0.048) (0.708,1.000) (0.000,0.185) (0.000,0.104) (0.000,0.036) 
 61      144    (0)    1 :  0.007 0.972 0.010 0.005 0.006     (0.000,0.043) (0.853,1.000) (0.000,0.058) (0.000,0.029) (0.000,0.033) 
 62      145    (0)    1 :  0.009 0.957 0.015 0.012 0.007     (0.000,0.048) (0.781,1.000) (0.000,0.097) (0.000,0.050) (0.000,0.039) 
 63      147    (0)    1 :  0.008 0.972 0.005 0.005 0.010     (0.000,0.045) (0.851,1.000) (0.000,0.029) (0.000,0.028) (0.000,0.067) 
 64      160    (0)    1 :  0.009 0.005 0.010 0.963 0.012     (0.000,0.048) (0.000,0.030) (0.000,0.063) (0.814,1.000) (0.000,0.060) 
 65     162*    (0)    1 :  0.005 0.006 0.005 0.012 0.973     (0.000,0.028) (0.000,0.033) (0.000,0.026) (0.000,0.071) (0.857,1.000) 
 66      166    (0)    1 :  0.011 0.948 0.021 0.013 0.008     (0.000,0.060) (0.737,1.000) (0.000,0.140) (0.000,0.051) (0.000,0.044) 
 67      177    (0)    1 :  0.011 0.963 0.006 0.009 0.010     (0.000,0.066) (0.811,1.000) (0.000,0.037) (0.000,0.057) (0.000,0.066) 
 68      178    (0)    1 :  0.011 0.939 0.007 0.032 0.011     (0.000,0.061) (0.687,1.000) (0.000,0.041) (0.000,0.235) (0.000,0.067) 
 69      186    (0)    1 :  0.005 0.005 0.980 0.005 0.005     (0.000,0.025) (0.000,0.027) (0.891,1.000) (0.000,0.031) (0.000,0.029) 
 70      189    (0)    1 :  0.007 0.006 0.007 0.014 0.966     (0.000,0.039) (0.000,0.034) (0.000,0.043) (0.000,0.090) (0.819,1.000) 
 71      190    (0)    1 :  0.018 0.012 0.038 0.045 0.887     (0.000,0.126) (0.000,0.080) (0.000,0.264) (0.000,0.306) (0.522,1.000) 
 72      191    (0)    1 :  0.014 0.075 0.541 0.030 0.339     (0.000,0.086) (0.000,0.440) (0.000,0.999) (0.000,0.221) (0.000,0.960) 
 73      193    (0)    1 :  0.014 0.871 0.066 0.035 0.014     (0.000,0.076) (0.382,1.000) (0.000,0.443) (0.000,0.229) (0.000,0.087) 
 74      202    (0)    1 :  0.072 0.012 0.012 0.626 0.278     (0.000,0.426) (0.000,0.071) (0.000,0.076) (0.191,1.000) (0.000,0.726) 
 75      204    (0)    1 :  0.004 0.004 0.037 0.008 0.947     (0.000,0.025) (0.000,0.021) (0.000,0.245) (0.000,0.044) (0.716,1.000) 
 76      211    (0)    1 :  0.028 0.588 0.011 0.363 0.010     (0.000,0.182) (0.000,1.000) (0.000,0.072) (0.000,0.991) (0.000,0.059) 
 77      216    (0)    1 :  0.006 0.964 0.005 0.020 0.005     (0.000,0.036) (0.803,1.000) (0.000,0.027) (0.000,0.142) (0.000,0.028) 
 78      222    (0)    1 :  0.043 0.879 0.007 0.047 0.023     (0.000,0.318) (0.482,1.000) (0.000,0.043) (0.000,0.311) (0.000,0.148) 
 79      224    (0)    1 :  0.011 0.010 0.015 0.017 0.947     (0.000,0.061) (0.000,0.059) (0.000,0.095) (0.000,0.108) (0.728,1.000) 
 80      226    (0)    1 :  0.009 0.005 0.973 0.005 0.007     (0.000,0.053) (0.000,0.030) (0.861,1.000) (0.000,0.028) (0.000,0.041) 
 81      229    (0)    1 :  0.060 0.081 0.015 0.057 0.787     (0.000,0.403) (0.000,0.397) (0.000,0.102) (0.000,0.393) (0.362,1.000) 
 82      230    (0)    1 :  0.014 0.023 0.018 0.022 0.923     (0.000,0.085) (0.000,0.159) (0.000,0.117) (0.000,0.134) (0.663,1.000) 
 83      232    (0)    1 :  0.035 0.118 0.100 0.605 0.141     (0.000,0.247) (0.000,0.536) (0.000,0.483) (0.000,1.000) (0.000,0.722) 
 84      238    (0)    1 :  0.733 0.181 0.007 0.016 0.063     (0.148,1.000) (0.000,0.711) (0.000,0.043) (0.000,0.109) (0.000,0.384) 
 85      242    (0)    1 :  0.977 0.005 0.007 0.005 0.006     (0.877,1.000) (0.000,0.031) (0.000,0.040) (0.000,0.027) (0.000,0.035) 
 86      243    (0)    1 :  0.862 0.072 0.041 0.016 0.010     (0.462,1.000) (0.000,0.444) (0.000,0.285) (0.000,0.104) (0.000,0.058) 
 87      244    (0)    1 :  0.916 0.053 0.007 0.012 0.012     (0.602,1.000) (0.000,0.343) (0.000,0.041) (0.000,0.072) (0.000,0.080) 
 88      251    (0)    1 :  0.803 0.032 0.010 0.128 0.027     (0.335,1.000) (0.000,0.224) (0.000,0.065) (0.000,0.594) (0.000,0.193) 
 89      266    (0)    1 :  0.315 0.643 0.010 0.013 0.019     (0.000,0.990) (0.000,1.000) (0.000,0.062) (0.000,0.078) (0.000,0.137) 
 90      267    (0)    1 :  0.027 0.818 0.059 0.018 0.077     (0.000,0.196) (0.452,1.000) (0.000,0.357) (0.000,0.125) (0.000,0.397) 
 91      268    (0)    1 :  0.010 0.953 0.007 0.026 0.005     (0.000,0.058) (0.747,1.000) (0.000,0.037) (0.000,0.189) (0.000,0.028) 
 92      270    (0)    1 :  0.012 0.009 0.023 0.013 0.943     (0.000,0.068) (0.000,0.056) (0.000,0.158) (0.000,0.083) (0.700,1.000) 
 93      276    (0)    1 :  0.024 0.183 0.419 0.037 0.337     (0.000,0.162) (0.000,0.697) (0.000,0.969) (0.000,0.275) (0.000,1.000) 
 94      298    (6)    1 :  0.009 0.964 0.012 0.008 0.006     (0.000,0.054) (0.811,1.000) (0.000,0.079) (0.000,0.048) (0.000,0.031) 
 95      306    (0)    1 :  0.028 0.941 0.008 0.018 0.006     (0.000,0.166) (0.701,1.000) (0.000,0.045) (0.000,0.085) (0.000,0.036) 
 96      308    (0)    1 :  0.019 0.914 0.007 0.053 0.008     (0.000,0.124) (0.597,1.000) (0.000,0.040) (0.000,0.346) (0.000,0.045) 
 97      311    (6)    1 :  0.222 0.712 0.011 0.028 0.027     (0.000,0.998) (0.000,1.000) (0.000,0.072) (0.000,0.191) (0.000,0.188) 
 98      323    (0)    1 :  0.008 0.005 0.975 0.005 0.008     (0.000,0.044) (0.000,0.028) (0.865,1.000) (0.000,0.027) (0.000,0.046) 
 99      327    (0)    1 :  0.025 0.012 0.018 0.227 0.719     (0.000,0.170) (0.000,0.078) (0.000,0.121) (0.000,0.841) (0.013,1.000) 
100      334    (0)    1 :  0.963 0.018 0.004 0.008 0.007     (0.805,1.000) (0.000,0.121) (0.000,0.023) (0.000,0.043) (0.000,0.040) 
101      338    (0)    1 :  0.016 0.924 0.014 0.031 0.015     (0.000,0.092) (0.623,1.000) (0.000,0.092) (0.000,0.206) (0.000,0.092) 
102      341    (0)    1 :  0.010 0.006 0.967 0.010 0.007     (0.000,0.058) (0.000,0.035) (0.824,1.000) (0.000,0.063) (0.000,0.040) 
103      346    (0)    1 :  0.014 0.734 0.024 0.219 0.009     (0.000,0.078) (0.000,1.000) (0.000,0.157) (0.000,0.995) (0.000,0.055) 
104      348    (0)    1 :  0.012 0.968 0.006 0.006 0.008     (0.000,0.075) (0.830,1.000) (0.000,0.037) (0.000,0.032) (0.000,0.045) 
105      351    (0)    1 :  0.908 0.024 0.020 0.039 0.010     (0.565,1.000) (0.000,0.158) (0.000,0.143) (0.000,0.276) (0.000,0.055) 
106      362    (0)    1 :  0.006 0.006 0.031 0.022 0.935     (0.000,0.036) (0.000,0.033) (0.000,0.206) (0.000,0.142) (0.668,1.000) 
107      364    (0)    1 :  0.956 0.018 0.011 0.010 0.005     (0.769,1.000) (0.000,0.116) (0.000,0.068) (0.000,0.061) (0.000,0.030) 
108      366    (0)    1 :  0.906 0.021 0.014 0.017 0.042     (0.555,1.000) (0.000,0.140) (0.000,0.085) (0.000,0.106) (0.000,0.304) 
109      376    (0)    1 :  0.009 0.019 0.921 0.025 0.026     (0.000,0.051) (0.000,0.130) (0.644,1.000) (0.000,0.180) (0.000,0.187) 
110      377    (6)    1 :  0.011 0.017 0.018 0.859 0.095     (0.000,0.063) (0.000,0.097) (0.000,0.121) (0.361,1.000) (0.000,0.554) 
111      378    (0)    1 :  0.005 0.010 0.010 0.969 0.007     (0.000,0.028) (0.000,0.059) (0.000,0.059) (0.834,1.000) (0.000,0.038) 
112      388    (0)    1 :  0.024 0.899 0.011 0.051 0.015     (0.000,0.166) (0.540,1.000) (0.000,0.069) (0.000,0.353) (0.000,0.106) 
113      391    (0)    1 :  0.012 0.048 0.536 0.399 0.006     (0.000,0.071) (0.000,0.346) (0.029,0.891) (0.017,0.802) (0.000,0.033) 
114      396   (18)    1 :  0.026 0.102 0.091 0.037 0.744     (0.000,0.178) (0.000,0.505) (0.000,0.505) (0.000,0.272) (0.307,1.000) 
115      400   (18)    1 :  0.084 0.008 0.010 0.744 0.153     (0.000,0.630) (0.000,0.044) (0.000,0.066) (0.000,1.000) (0.000,0.799) 
116      401    (0)    1 :  0.408 0.101 0.081 0.010 0.400     (0.000,0.972) (0.000,0.562) (0.000,0.524) (0.000,0.055) (0.000,0.826) 
117      406    (0)    1 :  0.046 0.778 0.120 0.043 0.013     (0.000,0.322) (0.026,1.000) (0.000,0.608) (0.000,0.310) (0.000,0.086) 
118      412    (6)    1 :  0.019 0.877 0.024 0.056 0.024     (0.000,0.107) (0.411,1.000) (0.000,0.173) (0.000,0.409) (0.000,0.161) 
119      413    (0)    1 :  0.055 0.908 0.005 0.012 0.021     (0.000,0.347) (0.562,1.000) (0.000,0.027) (0.000,0.062) (0.000,0.132) 
120      421    (0)    1 :  0.037 0.149 0.026 0.036 0.751     (0.000,0.272) (0.000,0.593) (0.000,0.189) (0.000,0.266) (0.302,1.000) 
121      423    (0)    1 :  0.051 0.056 0.013 0.031 0.849     (0.000,0.357) (0.000,0.403) (0.000,0.088) (0.000,0.214) (0.358,1.000) 
122      424    (0)    1 :  0.040 0.454 0.314 0.184 0.008     (0.000,0.276) (0.000,1.000) (0.000,0.996) (0.000,0.963) (0.000,0.049) 
123      426    (0)    1 :  0.016 0.014 0.025 0.920 0.025     (0.000,0.104) (0.000,0.090) (0.000,0.176) (0.629,1.000) (0.000,0.179) 
124      430   (12)    1 :  0.009 0.896 0.043 0.035 0.017     (0.000,0.052) (0.489,1.000) (0.000,0.312) (0.000,0.197) (0.000,0.102) 
125      435    (0)    1 :  0.005 0.963 0.006 0.020 0.006     (0.000,0.028) (0.804,1.000) (0.000,0.033) (0.000,0.140) (0.000,0.034) 
126      476    (0)    1 :  0.034 0.016 0.825 0.022 0.103     (0.000,0.224) (0.000,0.112) (0.414,1.000) (0.000,0.155) (0.000,0.512) 
127      478    (0)    1 :  0.028 0.010 0.733 0.018 0.211     (0.000,0.198) (0.000,0.061) (0.344,1.000) (0.000,0.121) (0.000,0.611) 
128      484    (0)    1 :  0.007 0.963 0.012 0.011 0.007     (0.000,0.040) (0.806,1.000) (0.000,0.076) (0.000,0.069) (0.000,0.042) 
129      489    (0)    1 :  0.010 0.088 0.012 0.847 0.042     (0.000,0.056) (0.000,0.535) (0.000,0.076) (0.368,1.000) (0.000,0.306) 
130      492   (18)    1 :  0.949 0.027 0.006 0.009 0.009     (0.738,1.000) (0.000,0.179) (0.000,0.035) (0.000,0.055) (0.000,0.048) 
131      493    (0)    1 :  0.959 0.009 0.007 0.013 0.011     (0.791,1.000) (0.000,0.055) (0.000,0.043) (0.000,0.091) (0.000,0.071) 
132      494    (0)    1 :  0.924 0.008 0.014 0.033 0.020     (0.635,1.000) (0.000,0.049) (0.000,0.095) (0.000,0.239) (0.000,0.141) 
133      500    (0)    1 :  0.006 0.004 0.016 0.010 0.964     (0.000,0.035) (0.000,0.022) (0.000,0.107) (0.000,0.057) (0.810,1.000) 
134      504    (0)    1 :  0.053 0.842 0.010 0.034 0.061     (0.000,0.340) (0.482,1.000) (0.000,0.061) (0.000,0.231) (0.000,0.361) 
135      506    (0)    1 :  0.009 0.741 0.042 0.014 0.194     (0.000,0.048) (0.334,1.000) (0.000,0.299) (0.000,0.088) (0.000,0.626) 


Estimated Allele Frequencies in each cluster
First column gives estimated ancestral frequencies


Locus 1 : Rsu3 
3 alleles
1.5% missing data
 164   (0.520) 0.550 0.493 0.500 0.560 0.618 
 166   (0.240) 0.211 0.386 0.114 0.325 0.099 
 170   (0.240) 0.239 0.121 0.386 0.115 0.283 

Locus 2 : Rsu5 
5 alleles
1.5% missing data
 137   (0.715) 0.658 0.694 0.965 0.862 0.953 
 135   (0.097) 0.100 0.040 0.021 0.084 0.009 
 139   (0.123) 0.206 0.039 0.010 0.047 0.032 
 133   (0.026) 0.022 0.002 0.002 0.003 0.002 
 131   (0.039) 0.013 0.225 0.003 0.004 0.004 

Locus 3 : Scv1 
5 alleles
0.7% missing data
 181   (0.573) 0.635 0.337 0.949 0.648 0.621 
 179   (0.200) 0.210 0.225 0.023 0.144 0.133 
 177   (0.094) 0.058 0.175 0.015 0.193 0.011 
 185   (0.102) 0.060 0.260 0.010 0.011 0.233 
 171   (0.031) 0.037 0.002 0.002 0.004 0.003 

Locus 4 : Rsu4 
9 alleles
0.0% missing data
 267   (0.222) 0.302 0.084 0.147 0.087 0.300 
 263   (0.310) 0.257 0.421 0.492 0.731 0.255 
 259   (0.058) 0.020 0.004 0.245 0.032 0.195 
 287   (0.166) 0.128 0.206 0.098 0.108 0.201 
 275   (0.044) 0.091 0.006 0.003 0.004 0.004 
 279   (0.074) 0.095 0.087 0.006 0.014 0.011 
 283   (0.055) 0.043 0.187 0.004 0.005 0.005 
 291   (0.042) 0.028 0.003 0.003 0.016 0.027 
 271   (0.028) 0.036 0.002 0.002 0.003 0.002 

Locus 5 : Rsu6 
5 alleles
0.0% missing data
 120   (0.264) 0.216 0.208 0.285 0.443 0.274 
 126   (0.584) 0.645 0.781 0.588 0.517 0.476 
 124   (0.088) 0.062 0.007 0.123 0.034 0.228 
 130   (0.038) 0.068 0.003 0.003 0.003 0.003 
 114   (0.026) 0.009 0.002 0.002 0.002 0.018 

Locus 6 : Scv12 
3 alleles
1.5% missing data
 198   (0.580) 0.693 0.587 0.690 0.455 0.335 
 196   (0.249) 0.173 0.349 0.282 0.264 0.203 
 200   (0.171) 0.134 0.064 0.028 0.281 0.463 

Locus 7 : Scv23 
3 alleles
1.5% missing data
 158   (0.492) 0.469 0.629 0.367 0.503 0.713 
 164   (0.222) 0.265 0.106 0.433 0.140 0.068 
 160   (0.286) 0.266 0.265 0.201 0.357 0.219 

Locus 8 : Scv13 
5 alleles
0.0% missing data
 182   (0.719) 0.689 0.797 0.795 0.958 0.916 
 180   (0.098) 0.109 0.008 0.172 0.020 0.063 
 172   (0.067) 0.062 0.134 0.005 0.009 0.006 
 184   (0.070) 0.108 0.011 0.025 0.008 0.011 
 174   (0.045) 0.032 0.050 0.003 0.004 0.004 

Locus 9 : Scv32 
18 alleles
0.7% missing data
 236   (0.034) 0.109 0.003 0.002 0.003 0.003 
 238   (0.046) 0.035 0.090 0.004 0.022 0.004 
 234   (0.108) 0.063 0.392 0.343 0.121 0.022 
 246   (0.060) 0.022 0.008 0.288 0.053 0.181 
 248   (0.101) 0.138 0.013 0.008 0.310 0.144 
 262   (0.100) 0.075 0.068 0.012 0.113 0.272 
 232   (0.180) 0.305 0.211 0.173 0.021 0.138 
 250   (0.028) 0.010 0.002 0.003 0.227 0.003 
 228   (0.026) 0.036 0.002 0.002 0.003 0.002 
 220   (0.047) 0.020 0.003 0.070 0.012 0.186 
 264   (0.058) 0.051 0.025 0.055 0.039 0.007 
 252   (0.037) 0.014 0.061 0.003 0.004 0.019 
 254   (0.041) 0.028 0.071 0.003 0.008 0.003 
 242   (0.026) 0.037 0.002 0.002 0.003 0.002 
 266   (0.028) 0.012 0.029 0.002 0.003 0.003 
 244   (0.032) 0.014 0.017 0.002 0.054 0.007 
 226   (0.024) 0.009 0.002 0.025 0.002 0.002 
 240   (0.023) 0.021 0.002 0.002 0.002 0.002 

Locus 10 : Scv8 
6 alleles
0.7% missing data
 200   (0.620) 0.659 0.579 0.825 0.784 0.707 
 202   (0.084) 0.135 0.078 0.006 0.012 0.007 
 194   (0.101) 0.048 0.076 0.155 0.030 0.098 
 204   (0.057) 0.036 0.004 0.004 0.096 0.040 
 198   (0.086) 0.089 0.008 0.006 0.073 0.144 
 188   (0.053) 0.033 0.255 0.004 0.005 0.005 

Locus 11 : Scv9 
5 alleles
0.0% missing data
 198   (0.302) 0.259 0.457 0.429 0.488 0.136 
 200   (0.377) 0.461 0.166 0.350 0.361 0.533 
 196   (0.247) 0.254 0.332 0.045 0.143 0.324 
 204   (0.048) 0.017 0.033 0.175 0.006 0.004 
 202   (0.026) 0.009 0.011 0.002 0.003 0.002 

Locus 12 : Rsu1 
6 alleles
0.0% missing data
 189   (0.301) 0.478 0.204 0.495 0.080 0.064 
 185   (0.256) 0.213 0.518 0.190 0.073 0.248 
 177   (0.080) 0.052 0.038 0.009 0.014 0.149 
 181   (0.254) 0.220 0.233 0.060 0.768 0.178 
 193   (0.060) 0.021 0.004 0.035 0.060 0.269 
 197   (0.049) 0.016 0.003 0.210 0.005 0.092 

Locus 13 : Scv14 
7 alleles
4.4% missing data
 196   (0.517) 0.440 0.604 0.927 0.839 0.787 
 198   (0.084) 0.110 0.087 0.007 0.033 0.007 
 194   (0.148) 0.180 0.097 0.020 0.077 0.070 
 202   (0.175) 0.223 0.202 0.039 0.026 0.125 
 204   (0.025) 0.022 0.002 0.002 0.003 0.002 
 190   (0.026) 0.010 0.002 0.002 0.019 0.006 
 200   (0.026) 0.015 0.006 0.002 0.003 0.002 

Locus 14 : Scv16 
7 alleles
0.0% missing data
 182   (0.393) 0.335 0.498 0.205 0.754 0.554 
 184   (0.417) 0.494 0.380 0.769 0.224 0.302 
 188   (0.077) 0.108 0.005 0.018 0.008 0.134 
 200   (0.026) 0.022 0.002 0.002 0.002 0.002 
 198   (0.034) 0.012 0.071 0.002 0.006 0.003 
 190   (0.028) 0.010 0.042 0.002 0.003 0.002 
 186   (0.025) 0.020 0.002 0.002 0.002 0.003 

Locus 15 : Scv31 
15 alleles
3.0% missing data
 193   (0.112) 0.099 0.122 0.011 0.519 0.039 
 201   (0.116) 0.183 0.027 0.014 0.075 0.065 
 187   (0.085) 0.035 0.035 0.259 0.042 0.306 
 207   (0.030) 0.010 0.002 0.376 0.003 0.014 
 195   (0.069) 0.025 0.102 0.013 0.048 0.105 
 185   (0.139) 0.138 0.316 0.237 0.053 0.033 
 189   (0.072) 0.165 0.005 0.005 0.157 0.008 
 205   (0.023) 0.021 0.002 0.002 0.002 0.002 
 191   (0.136) 0.080 0.275 0.063 0.073 0.321 
 197   (0.039) 0.015 0.061 0.008 0.007 0.020 
 199   (0.054) 0.061 0.044 0.004 0.006 0.005 
 203   (0.034) 0.053 0.002 0.002 0.003 0.003 
 209   (0.027) 0.036 0.002 0.002 0.003 0.002 
 213   (0.036) 0.068 0.003 0.002 0.004 0.003 
 181   (0.029) 0.010 0.002 0.002 0.003 0.073 

Locus 16 : Scv6 
8 alleles
0.0% missing data
 191   (0.127) 0.185 0.013 0.009 0.172 0.177 
 195   (0.356) 0.296 0.422 0.680 0.554 0.453 
 197   (0.205) 0.131 0.246 0.256 0.222 0.310 
 201   (0.082) 0.144 0.056 0.006 0.015 0.007 
 205   (0.029) 0.037 0.002 0.002 0.003 0.002 
 193   (0.077) 0.098 0.140 0.006 0.008 0.008 
 199   (0.095) 0.072 0.118 0.039 0.024 0.039 
 181   (0.030) 0.037 0.002 0.002 0.003 0.003 

Values of parameters used in structure:
DATAFILE=C:\Users\drenske\Desktop\STRUCTURE\Squirrel_135_ID_16L_20250816\project_data,	OUTFILE=C:\Users\drenske\Desktop\STRUCTURE\Squirrel_135_ID_16L_20250816\10k_Burnin_100k_MCMC\Results\10k_Burnin_100k_MCMC_run_110,	NUMINDS=135,	NUMLOCI=16,	MISSING=-9,	LABEL=1,	POPDATA=1,	POPFLAG=0,	PHENOTYPE=0,	EXTRACOLS=1,	MAXPOPS=5,	BURNIN=10000,	NUMREPS=100000,	USEPOPINFO=0,	INFERALPHA=1,	INFERLAMBDA=1,	POPSPECIFICLAMBDA=0,	POPALPHAS=0,	COMPUTEPROB=1,	NOADMIX=0,	ADMBURNIN=2500,	UPDATEFREQ=1,	PRINTLIKES=0,	INTERMEDSAVE=0,	PRINTKLD=0,	PRINTNET=0,	PRINTLAMBDA=0,	ANCESTDIST=1,	NUMBOXES=1000,	ANCESTPINT=0.90000,	GENSBACK=2,	MIGRPRIOR=0.05000,	PRINTQHAT=1,	PRINTQSUM=0,	ALPHA=1.0000,	FREQSCORR=1,	FPRIORMEAN=0.0100,	FPRIORSD=0.0500,	ONEFST=0,	LAMBDA=1.0000,	UNIFPRIORALPHA=1,	ALPHAMAX=10.0000,	ALPHAPRIORA=1.0000,	ALPHAPRIORB=2.0000,	ALPHAPROPSD=0.0250,	STARTATPOPINFO=0,	RANDOMIZE=1,	LINKAGE=0,	METROFREQ=10,	REPORTHITRATE=0,	MARKOVPHASE=-1,	PHASED=0,	PLOIDY=2,	PHASEINFO=0	LOCPRIOR=0, 	LOCPRIORINIT=1.000000, 	LOCDATA=0, 	LOCISPOP=0, 	LOCPRIORSTEP=0.100000, 	MAXLOCPRIOR=20.000000, 	SEED=1755511644,	
[STRAT parameters]:    NUMSIMSTATS=1000,	PHENOTYPECOL=-9,	POOLFREQ=10,	LOCUSxONLY=0,	EMERROR=0.00100,	MISSINGPHENO=-9,	