          1*  1 0.0396 0.8470 0.0154 0.0218 0.0074 0.0591 0.0097 
           3  1 0.0070 0.0054 0.9650 0.0059 0.0050 0.0057 0.0060 
           6  1 0.0238 0.0062 0.9102 0.0139 0.0149 0.0140 0.0170 
           8  1 0.0118 0.0147 0.0085 0.3002 0.0042 0.0210 0.6397 
          10  1 0.0042 0.0074 0.0076 0.0067 0.0052 0.7126 0.2562 
          11  1 0.0177 0.4997 0.0556 0.2877 0.0743 0.0247 0.0403 
          12  1 0.0063 0.0049 0.0058 0.0076 0.0058 0.9559 0.0137 
          16  1 0.0057 0.0067 0.9471 0.0091 0.0061 0.0099 0.0154 
          18  1 0.0056 0.9540 0.0096 0.0115 0.0052 0.0064 0.0076 
          19  1 0.0330 0.7659 0.0150 0.0524 0.0744 0.0114 0.0481 
          21  1 0.0074 0.0063 0.9323 0.0100 0.0083 0.0095 0.0263 
          23  1 0.0195 0.0103 0.0150 0.0625 0.0646 0.7982 0.0300 
          24  1 0.0110 0.2114 0.0167 0.0198 0.0423 0.4780 0.2208 
          25  1 0.0123 0.0120 0.0410 0.0660 0.0109 0.8318 0.0261 
         26*  1 0.0092 0.0203 0.1515 0.0157 0.0055 0.1627 0.6352 
          28  1 0.0072 0.0085 0.1248 0.2106 0.0069 0.3751 0.2669 
          29  1 0.0058 0.0143 0.0058 0.0111 0.0061 0.7552 0.2017 
          30  1 0.3791 0.0200 0.1157 0.0239 0.0074 0.0579 0.3960 
          33  1 0.0119 0.9254 0.0068 0.0064 0.0376 0.0063 0.0057 
          37  1 0.0056 0.9281 0.0127 0.0102 0.0086 0.0274 0.0074 
          38  1 0.0042 0.9404 0.0095 0.0119 0.0052 0.0148 0.0139 
          43  1 0.0068 0.0101 0.0418 0.0358 0.0075 0.8117 0.0863 
          44  1 0.0229 0.0079 0.2604 0.5355 0.0082 0.0071 0.1580 
          48  1 0.0062 0.9540 0.0149 0.0071 0.0047 0.0066 0.0064 
          55  1 0.0263 0.0135 0.2974 0.3872 0.0119 0.0162 0.2475 
          59  1 0.0062 0.0065 0.9668 0.0066 0.0042 0.0041 0.0057 
          60  1 0.3341 0.0608 0.0221 0.1997 0.1197 0.2585 0.0052 
          61  1 0.0596 0.0104 0.0167 0.0907 0.8042 0.0102 0.0083 
          62  1 0.0287 0.0217 0.0129 0.2100 0.6745 0.0426 0.0096 
          65  1 0.0254 0.9269 0.0052 0.0114 0.0136 0.0078 0.0096 
          73  1 0.8740 0.0099 0.0063 0.0198 0.0057 0.0773 0.0071 
          75  1 0.0304 0.0137 0.0094 0.0079 0.9216 0.0054 0.0115 
          76  1 0.0076 0.0045 0.0057 0.0085 0.9605 0.0088 0.0045 
          77  1 0.0065 0.0088 0.0070 0.0275 0.9355 0.0105 0.0042 
          78  1 0.7152 0.0159 0.0071 0.0296 0.2073 0.0154 0.0095 
          79  1 0.0537 0.0111 0.0045 0.0162 0.9026 0.0048 0.0071 
          84  1 0.0329 0.0203 0.6096 0.1181 0.0423 0.0797 0.0971 
          85  1 0.0125 0.0121 0.0100 0.6289 0.0071 0.0064 0.3231 
          86  1 0.0229 0.0248 0.0079 0.4063 0.0148 0.0177 0.5056 
          89  1 0.0176 0.0364 0.5197 0.0638 0.0646 0.2843 0.0136 
          94  1 0.0053 0.0205 0.0120 0.0164 0.0068 0.9295 0.0096 
          95  1 0.0104 0.0103 0.9459 0.0107 0.0063 0.0053 0.0111 
          96  1 0.0056 0.0047 0.0041 0.0118 0.0068 0.0078 0.9592 
          98  1 0.7466 0.0081 0.0077 0.1808 0.0359 0.0140 0.0069 
         102  1 0.0136 0.8680 0.0440 0.0120 0.0184 0.0383 0.0056 
         105  1 0.9638 0.0091 0.0060 0.0061 0.0049 0.0051 0.0051 
         106  1 0.1155 0.0225 0.0826 0.1306 0.6327 0.0062 0.0099 
         108  1 0.8754 0.0551 0.0077 0.0161 0.0243 0.0107 0.0108 
         109  1 0.9018 0.0074 0.0138 0.0239 0.0159 0.0071 0.0299 
         112  1 0.0154 0.0277 0.0119 0.4503 0.3628 0.0737 0.0583 
         115  1 0.0466 0.7764 0.0185 0.0283 0.0165 0.1030 0.0107 
         116  1 0.0139 0.0203 0.0132 0.5728 0.0088 0.0129 0.3581 
         117  1 0.0280 0.0137 0.3830 0.0205 0.0289 0.2550 0.2710 
         129  1 0.0056 0.0084 0.1063 0.0322 0.0044 0.0094 0.8337 
         132  1 0.1236 0.1910 0.0302 0.1134 0.0477 0.4877 0.0063 
         133  1 0.7332 0.0076 0.0105 0.1773 0.0561 0.0110 0.0043 
         137  1 0.0228 0.0123 0.0199 0.1036 0.8051 0.0270 0.0092 
         139  1 0.0110 0.0182 0.0101 0.0114 0.9203 0.0079 0.0211 
         140  1 0.9392 0.0066 0.0120 0.0152 0.0147 0.0051 0.0072 
         142  1 0.0133 0.0078 0.0192 0.0802 0.8629 0.0118 0.0048 
         144  1 0.9701 0.0048 0.0064 0.0059 0.0049 0.0042 0.0037 
         145  1 0.0166 0.0084 0.0076 0.1880 0.7678 0.0068 0.0047 
         147  1 0.9450 0.0069 0.0044 0.0185 0.0142 0.0042 0.0068 
         160  1 0.0047 0.0087 0.0096 0.0071 0.0053 0.9438 0.0206 
        162*  1 0.0055 0.0048 0.0042 0.0127 0.0068 0.0083 0.9577 
         166  1 0.5886 0.0124 0.0324 0.1996 0.1321 0.0269 0.0081 
         177  1 0.0041 0.0046 0.0046 0.0052 0.9711 0.0049 0.0055 
         178  1 0.0829 0.0171 0.0092 0.0265 0.8107 0.0391 0.0146 
         186  1 0.0044 0.0043 0.9695 0.0055 0.0045 0.0064 0.0054 
         189  1 0.0039 0.0067 0.0069 0.6839 0.0082 0.0126 0.2778 
         190  1 0.0190 0.0214 0.0466 0.0623 0.0217 0.0997 0.7292 
         191  1 0.0291 0.0101 0.4056 0.4478 0.0243 0.0184 0.0646 
         193  1 0.0236 0.0138 0.0377 0.2223 0.6706 0.0236 0.0084 
         202  1 0.0104 0.0479 0.0094 0.0257 0.0141 0.5003 0.3922 
         204  1 0.0046 0.0042 0.0543 0.0094 0.0039 0.0067 0.9169 
         211  1 0.4599 0.0230 0.0097 0.0823 0.0528 0.3560 0.0163 
         216  1 0.8972 0.0070 0.0049 0.0363 0.0324 0.0175 0.0045 
         222  1 0.5358 0.0206 0.0061 0.4086 0.0113 0.0100 0.0075 
         224  1 0.0078 0.0088 0.0145 0.7154 0.0074 0.0135 0.2327 
         226  1 0.0053 0.0079 0.9633 0.0058 0.0049 0.0046 0.0082 
         229  1 0.1011 0.0503 0.0110 0.0792 0.0562 0.0523 0.6499 
         230  1 0.0150 0.0167 0.0190 0.0425 0.0411 0.0156 0.8501 
         232  1 0.0311 0.0237 0.0844 0.1694 0.1167 0.4698 0.1048 
         238  1 0.0338 0.6234 0.0066 0.0455 0.1930 0.0119 0.0858 
         242  1 0.0076 0.9634 0.0063 0.0092 0.0042 0.0046 0.0046 
         243  1 0.0833 0.7780 0.0366 0.0444 0.0338 0.0145 0.0094 
         244  1 0.0111 0.7594 0.0070 0.0143 0.1861 0.0108 0.0114 
         251  1 0.0229 0.7589 0.0092 0.0538 0.0332 0.0872 0.0347 
         266  1 0.0318 0.2102 0.0138 0.0501 0.6461 0.0158 0.0322 
         267  1 0.8147 0.0171 0.0261 0.0198 0.0126 0.0123 0.0975 
         268  1 0.7228 0.0099 0.0080 0.0498 0.1662 0.0381 0.0052 
         270  1 0.0130 0.0242 0.0642 0.3547 0.0105 0.0241 0.5093 
         276  1 0.0611 0.0166 0.2929 0.4748 0.0471 0.0439 0.0636 
         298  1 0.8988 0.0096 0.0121 0.0174 0.0464 0.0107 0.0051 
         306  1 0.2868 0.0347 0.0098 0.2368 0.3740 0.0525 0.0053 
         308  1 0.2085 0.0314 0.0071 0.0428 0.6212 0.0802 0.0089 
         311  1 0.4938 0.1756 0.0106 0.1890 0.0663 0.0240 0.0407 
         323  1 0.0054 0.0069 0.9643 0.0062 0.0047 0.0043 0.0082 
         327  1 0.0167 0.0197 0.0181 0.0623 0.0080 0.3791 0.4960 
         334  1 0.0231 0.9359 0.0043 0.0133 0.0098 0.0069 0.0066 
         338  1 0.7679 0.0153 0.0185 0.1181 0.0411 0.0246 0.0144 
         341  1 0.0059 0.0100 0.9516 0.0109 0.0069 0.0083 0.0065 
         346  1 0.0253 0.0095 0.0159 0.1527 0.6932 0.0927 0.0106 
         348  1 0.7352 0.0212 0.0076 0.0290 0.1937 0.0063 0.0071 
         351  1 0.0170 0.8422 0.0178 0.0423 0.0183 0.0557 0.0067 
         362  1 0.0062 0.0058 0.0277 0.0079 0.0063 0.0170 0.9291 
         364  1 0.0130 0.9339 0.0108 0.0124 0.0135 0.0113 0.0051 
         366  1 0.0316 0.8475 0.0140 0.0161 0.0132 0.0156 0.0621 
         376  1 0.0081 0.0079 0.8885 0.0250 0.0261 0.0269 0.0175 
         377  1 0.0186 0.0095 0.0128 0.5622 0.0136 0.3368 0.0465 
         378  1 0.0081 0.0052 0.0105 0.0092 0.0132 0.9440 0.0098 
         388  1 0.8905 0.0151 0.0094 0.0400 0.0111 0.0221 0.0118 
         391  1 0.0285 0.0113 0.4746 0.0818 0.0355 0.3629 0.0054 
         396  1 0.0524 0.0175 0.0640 0.4733 0.0497 0.0292 0.3139 
         400  1 0.0067 0.1020 0.0078 0.5241 0.0094 0.2730 0.0769 
         401  1 0.0157 0.1812 0.0728 0.0231 0.2634 0.0100 0.4339 
         406  1 0.6102 0.0271 0.0917 0.1853 0.0504 0.0241 0.0112 
         412  1 0.6132 0.0152 0.0231 0.2129 0.0724 0.0437 0.0195 
         413  1 0.0243 0.0389 0.0044 0.1683 0.7391 0.0084 0.0165 
         421  1 0.0216 0.0140 0.0137 0.7493 0.0277 0.0137 0.1600 
         423  1 0.0269 0.0225 0.0165 0.7278 0.0107 0.0099 0.1857 
         424  1 0.0916 0.0376 0.3056 0.2109 0.2236 0.1212 0.0096 
         426  1 0.0144 0.0192 0.0228 0.0293 0.0206 0.8600 0.0336 
         430  1 0.1270 0.0111 0.0537 0.2372 0.4980 0.0595 0.0136 
         435  1 0.0360 0.0048 0.0048 0.0922 0.8439 0.0140 0.0043 
         476  1 0.0068 0.0300 0.7841 0.0265 0.0297 0.0179 0.1050 
         478  1 0.0102 0.0222 0.6180 0.2579 0.0064 0.0152 0.0702 
         484  1 0.9012 0.0068 0.0127 0.0449 0.0186 0.0091 0.0067 
         489  1 0.0594 0.0073 0.0102 0.3696 0.0145 0.5271 0.0118 
         492  1 0.0224 0.9167 0.0054 0.0218 0.0184 0.0088 0.0064 
         493  1 0.0072 0.9346 0.0082 0.0103 0.0097 0.0126 0.0175 
         494  1 0.0063 0.9005 0.0132 0.0288 0.0094 0.0287 0.0131 
         500  1 0.0039 0.0070 0.0163 0.0418 0.0040 0.0078 0.9193 
         504  1 0.8667 0.0232 0.0073 0.0232 0.0093 0.0278 0.0425 
         506  1 0.8263 0.0059 0.0127 0.0079 0.0054 0.0104 0.1314 
