          1*  1 0.0319 0.0090 0.9215 0.0238 0.0138 
           3  1 0.0057 0.0058 0.0051 0.0062 0.9772 
           6  1 0.0121 0.0180 0.0065 0.0218 0.9415 
           8  1 0.0112 0.9659 0.0093 0.0073 0.0063 
          10  1 0.4906 0.4886 0.0082 0.0047 0.0079 
          11  1 0.0527 0.0719 0.8026 0.0371 0.0357 
          12  1 0.5906 0.3893 0.0058 0.0067 0.0076 
          16  1 0.0075 0.0143 0.0068 0.0055 0.9659 
          18  1 0.0063 0.0087 0.9702 0.0051 0.0097 
          19  1 0.0332 0.0335 0.8748 0.0432 0.0154 
          21  1 0.0084 0.0193 0.0064 0.0070 0.9588 
          23  1 0.6334 0.2749 0.0155 0.0565 0.0197 
          24  1 0.2385 0.4214 0.3076 0.0185 0.0141 
          25  1 0.5135 0.3960 0.0226 0.0222 0.0456 
         26*  1 0.0966 0.7940 0.0232 0.0058 0.0804 
          28  1 0.0466 0.8880 0.0086 0.0072 0.0496 
          29  1 0.5113 0.4651 0.0123 0.0054 0.0059 
          30  1 0.0266 0.5737 0.0386 0.2245 0.1366 
          33  1 0.0155 0.0048 0.9554 0.0175 0.0068 
          37  1 0.0204 0.0103 0.9505 0.0065 0.0123 
          38  1 0.0109 0.0169 0.9576 0.0043 0.0104 
          43  1 0.4395 0.5179 0.0093 0.0065 0.0268 
          44  1 0.0131 0.5272 0.0153 0.0414 0.4030 
          48  1 0.0066 0.0065 0.9684 0.0053 0.0132 
          55  1 0.0163 0.6832 0.0154 0.0251 0.2599 
          59  1 0.0042 0.0057 0.0061 0.0048 0.9793 
          60  1 0.3012 0.0096 0.1147 0.5507 0.0238 
          61  1 0.3738 0.0075 0.0087 0.5957 0.0143 
          62  1 0.4083 0.0137 0.0219 0.5438 0.0124 
          65  1 0.0097 0.0101 0.9536 0.0217 0.0049 
          73  1 0.0716 0.0230 0.0135 0.8845 0.0074 
          75  1 0.3635 0.0106 0.0283 0.5851 0.0126 
          76  1 0.3965 0.0059 0.0056 0.5855 0.0066 
          77  1 0.4189 0.0063 0.0162 0.5493 0.0093 
          78  1 0.0559 0.0099 0.0102 0.9172 0.0068 
          79  1 0.3682 0.0061 0.0143 0.6070 0.0044 
          84  1 0.0790 0.1727 0.0227 0.0392 0.6864 
          85  1 0.0077 0.9556 0.0143 0.0115 0.0109 
          86  1 0.0160 0.9324 0.0230 0.0223 0.0063 
          89  1 0.2986 0.0743 0.0479 0.0377 0.5415 
          94  1 0.5632 0.3965 0.0233 0.0049 0.0121 
          95  1 0.0060 0.0117 0.0096 0.0085 0.9642 
          96  1 0.0088 0.9757 0.0049 0.0053 0.0053 
          98  1 0.0424 0.0092 0.0098 0.9304 0.0082 
         102  1 0.0236 0.0077 0.9133 0.0146 0.0409 
         105  1 0.0064 0.0073 0.0145 0.9639 0.0079 
         106  1 0.2442 0.0153 0.0259 0.5697 0.1449 
         108  1 0.0150 0.0126 0.0612 0.9026 0.0087 
         109  1 0.0095 0.0354 0.0077 0.9268 0.0205 
         112  1 0.5120 0.1887 0.0810 0.2033 0.0150 
         115  1 0.0494 0.0192 0.8795 0.0357 0.0161 
         116  1 0.0093 0.9311 0.0214 0.0186 0.0196 
         117  1 0.1477 0.3893 0.0174 0.0297 0.4159 
         129  1 0.0066 0.9440 0.0069 0.0051 0.0374 
         132  1 0.3295 0.0233 0.3848 0.2320 0.0304 
         133  1 0.0537 0.0059 0.0079 0.9219 0.0107 
         137  1 0.4107 0.0110 0.0132 0.5469 0.0181 
         139  1 0.3682 0.0211 0.0508 0.5434 0.0164 
         140  1 0.0102 0.0092 0.0065 0.9603 0.0137 
         142  1 0.3911 0.0059 0.0077 0.5746 0.0208 
         144  1 0.0052 0.0049 0.0061 0.9765 0.0073 
         145  1 0.3874 0.0067 0.0083 0.5856 0.0121 
         147  1 0.0064 0.0083 0.0070 0.9734 0.0049 
         160  1 0.5732 0.3980 0.0121 0.0057 0.0109 
        162*  1 0.0098 0.9746 0.0049 0.0056 0.0050 
         166  1 0.1495 0.0083 0.0118 0.8086 0.0217 
         177  1 0.3941 0.0077 0.0090 0.5841 0.0051 
         178  1 0.3649 0.0162 0.0143 0.5963 0.0083 
         186  1 0.0048 0.0056 0.0045 0.0042 0.9809 
         189  1 0.0117 0.9687 0.0073 0.0047 0.0075 
         190  1 0.0328 0.9102 0.0151 0.0105 0.0314 
         191  1 0.0366 0.2582 0.0146 0.0754 0.6152 
         193  1 0.3850 0.0164 0.0142 0.5186 0.0657 
         202  1 0.3775 0.5335 0.0674 0.0117 0.0099 
         204  1 0.0058 0.9370 0.0043 0.0040 0.0489 
         211  1 0.3037 0.0253 0.0353 0.6241 0.0116 
         216  1 0.0315 0.0060 0.0065 0.9514 0.0047 
         222  1 0.0367 0.0222 0.0434 0.8904 0.0073 
         224  1 0.0136 0.9398 0.0132 0.0113 0.0221 
         226  1 0.0055 0.0067 0.0081 0.0050 0.9747 
         229  1 0.0476 0.8239 0.0508 0.0658 0.0119 
         230  1 0.0209 0.9306 0.0151 0.0168 0.0165 
         232  1 0.4243 0.3680 0.0292 0.0760 0.1026 
         238  1 0.0853 0.0560 0.7393 0.1125 0.0069 
         242  1 0.0044 0.0054 0.9774 0.0063 0.0065 
         243  1 0.0238 0.0107 0.8507 0.0771 0.0377 
         244  1 0.0680 0.0116 0.8749 0.0386 0.0069 
         251  1 0.0851 0.0457 0.8235 0.0354 0.0102 
         266  1 0.3041 0.0171 0.2949 0.3737 0.0102 
         267  1 0.0207 0.0582 0.0252 0.8533 0.0426 
         268  1 0.0855 0.0063 0.0098 0.8914 0.0070 
         270  1 0.0120 0.9341 0.0136 0.0108 0.0295 
         276  1 0.0742 0.2640 0.0206 0.1547 0.4865 
         298  1 0.0250 0.0061 0.0084 0.9495 0.0110 
         306  1 0.2967 0.0068 0.0324 0.6551 0.0089 
         308  1 0.3137 0.0128 0.0289 0.6378 0.0068 
         311  1 0.0533 0.0268 0.2076 0.7013 0.0111 
         323  1 0.0047 0.0064 0.0067 0.0050 0.9771 
         327  1 0.1483 0.8064 0.0178 0.0113 0.0163 
         334  1 0.0086 0.0093 0.9598 0.0179 0.0044 
         338  1 0.0426 0.0146 0.0126 0.9138 0.0165 
         341  1 0.0094 0.0066 0.0092 0.0057 0.9691 
         346  1 0.5275 0.0098 0.0120 0.4332 0.0176 
         348  1 0.0561 0.0077 0.0148 0.9146 0.0068 
         351  1 0.0388 0.0114 0.9107 0.0200 0.0191 
         362  1 0.0154 0.9434 0.0059 0.0056 0.0299 
         364  1 0.0122 0.0058 0.9562 0.0157 0.0102 
         366  1 0.0145 0.0414 0.9015 0.0284 0.0141 
         376  1 0.0266 0.0220 0.0084 0.0128 0.9302 
         377  1 0.5293 0.4213 0.0103 0.0234 0.0157 
         378  1 0.6065 0.3609 0.0059 0.0126 0.0141 
         388  1 0.0402 0.0141 0.0200 0.9161 0.0096 
         391  1 0.3201 0.0474 0.0166 0.0500 0.5659 
         396  1 0.0563 0.7662 0.0247 0.0761 0.0767 
         400  1 0.4486 0.4647 0.0699 0.0086 0.0082 
         401  1 0.0942 0.3504 0.3556 0.0713 0.1285 
         406  1 0.0815 0.0130 0.0488 0.7559 0.1008 
         412  1 0.0922 0.0261 0.0178 0.8385 0.0253 
         413  1 0.3748 0.0158 0.0439 0.5609 0.0046 
         421  1 0.0925 0.7399 0.0433 0.0966 0.0277 
         423  1 0.0379 0.8069 0.0740 0.0651 0.0161 
         424  1 0.2910 0.0117 0.0418 0.2935 0.3620 
         426  1 0.5836 0.3378 0.0200 0.0259 0.0328 
         430  1 0.3436 0.0185 0.0102 0.5721 0.0556 
         435  1 0.3913 0.0064 0.0046 0.5924 0.0053 
         476  1 0.0211 0.0842 0.0298 0.0115 0.8534 
         478  1 0.0132 0.2013 0.0269 0.0102 0.7483 
         484  1 0.0154 0.0065 0.0066 0.9591 0.0123 
         489  1 0.5379 0.3221 0.0139 0.1116 0.0145 
         492  1 0.0143 0.0107 0.9467 0.0228 0.0055 
         493  1 0.0119 0.0121 0.9606 0.0084 0.0069 
         494  1 0.0226 0.0243 0.9333 0.0069 0.0128 
         500  1 0.0073 0.9611 0.0065 0.0039 0.0212 
         504  1 0.0245 0.0493 0.0408 0.8762 0.0091 
         506  1 0.0112 0.1340 0.0079 0.8161 0.0308 
