

----------------------------------------------------
STRUCTURE by Pritchard, Stephens and Donnelly (2000)
     and Falush, Stephens and Pritchard (2003)
       Code by Pritchard, Falush and Hubisz
             Version 2.3.4 (Jul 2012)
----------------------------------------------------



Command line arguments:   bin\structure -m C:\Users\drenske\Desktop\STRUCTURE\Squirrel_135_ID_16L_20250816\10k_Burnin_100k_MCMC\mainparams -e C:\Users\drenske\Desktop\STRUCTURE\Squirrel_135_ID_16L_20250816\10k_Burnin_100k_MCMC\extraparams 
Input File:    C:\Users\drenske\Desktop\STRUCTURE\Squirrel_135_ID_16L_20250816\project_data

Run parameters:
   135 individuals
   16 loci
   5 populations assumed
   10000 Burn-in period
   100000 Reps


--------------------------------------------
Proportion of membership of each pre-defined
 population in each of the 5 clusters

Given    Inferred Clusters                     Number of
 Pop       1      2      3      4      5      Individuals

  1:     0.198  0.342  0.137  0.139  0.184      135
--------------------------------------------

Allele-freq. divergence among pops (Net nucleotide distance),
computed using point estimates of P.

      1       2       3       4       5      
 1      -    0.0650  0.0629  0.0758  0.0525  
 2   0.0650     -    0.0690  0.0812  0.0425  
 3   0.0629  0.0690     -    0.0934  0.0704  
 4   0.0758  0.0812  0.0934     -    0.0598  
 5   0.0525  0.0425  0.0704  0.0598     -    

Average distances (expected heterozygosity) between individuals in same cluster:
cluster  1  : 0.5538 
cluster  2  : 0.6009 
cluster  3  : 0.4863 
cluster  4  : 0.4679 
cluster  5  : 0.6491 

--------------------------------------------
Estimated Ln Prob of Data   = -4897.9
Mean value of ln likelihood = -4733.7
Variance of ln likelihood   = 328.5
Mean value of alpha         = 0.0486

Mean value of lambda        = 1.0286

Mean value of Fst_1         = 0.1831
Mean value of Fst_2         = 0.1375
Mean value of Fst_3         = 0.2268
Mean value of Fst_4         = 0.2869
Mean value of Fst_5         = 0.0410


Inferred ancestry of individuals:
        Label (%Miss) Pop:  Inferred clusters (and 90% probability intervals)
  1       1*    (0)    1 :  0.009 0.019 0.047 0.016 0.910     (0.000,0.053) (0.000,0.125) (0.000,0.335) (0.000,0.104) (0.573,1.000) 
  2        3    (0)    1 :  0.006 0.006 0.006 0.976 0.006     (0.000,0.036) (0.000,0.036) (0.000,0.032) (0.872,1.000) (0.000,0.032) 
  3        6    (0)    1 :  0.024 0.022 0.011 0.937 0.007     (0.000,0.161) (0.000,0.152) (0.000,0.062) (0.676,1.000) (0.000,0.038) 
  4        8    (0)    1 :  0.959 0.007 0.018 0.007 0.010     (0.785,1.000) (0.000,0.038) (0.000,0.116) (0.000,0.037) (0.000,0.059) 
  5       10    (0)    1 :  0.144 0.005 0.831 0.009 0.010     (0.000,0.644) (0.000,0.027) (0.335,1.000) (0.000,0.058) (0.000,0.063) 
  6       11    (0)    1 :  0.076 0.049 0.030 0.043 0.802     (0.000,0.481) (0.000,0.357) (0.000,0.206) (0.000,0.318) (0.039,1.000) 
  7       12    (0)    1 :  0.008 0.005 0.976 0.006 0.005     (0.000,0.046) (0.000,0.029) (0.875,1.000) (0.000,0.032) (0.000,0.025) 
  8       16    (6)    1 :  0.017 0.006 0.009 0.961 0.007     (0.000,0.113) (0.000,0.033) (0.000,0.052) (0.795,1.000) (0.000,0.039) 
  9       18    (0)    1 :  0.010 0.006 0.008 0.010 0.966     (0.000,0.058) (0.000,0.032) (0.000,0.048) (0.000,0.059) (0.824,1.000) 
 10       19    (0)    1 :  0.044 0.050 0.014 0.015 0.878     (0.000,0.308) (0.000,0.347) (0.000,0.084) (0.000,0.101) (0.440,1.000) 
 11       21    (6)    1 :  0.023 0.008 0.010 0.953 0.007     (0.000,0.158) (0.000,0.046) (0.000,0.058) (0.759,1.000) (0.000,0.041) 
 12       23    (6)    1 :  0.018 0.060 0.894 0.016 0.012     (0.000,0.125) (0.000,0.390) (0.537,1.000) (0.000,0.103) (0.000,0.070) 
 13       24    (6)    1 :  0.249 0.024 0.336 0.016 0.375     (0.000,0.937) (0.000,0.172) (0.000,0.995) (0.000,0.109) (0.000,0.998) 
 14       25    (6)    1 :  0.079 0.016 0.823 0.065 0.017     (0.000,0.391) (0.000,0.105) (0.492,1.000) (0.000,0.339) (0.000,0.108) 
 15      26*    (0)    1 :  0.721 0.007 0.149 0.091 0.032     (0.052,1.000) (0.000,0.040) (0.000,0.549) (0.000,0.525) (0.000,0.226) 
 16       28    (0)    1 :  0.841 0.008 0.084 0.056 0.010     (0.001,1.000) (0.000,0.049) (0.000,0.591) (0.000,0.411) (0.000,0.057) 
 17       29    (0)    1 :  0.107 0.006 0.865 0.006 0.016     (0.000,0.710) (0.000,0.032) (0.255,1.000) (0.000,0.033) (0.000,0.101) 
 18       30    (0)    1 :  0.599 0.140 0.063 0.152 0.047     (0.000,1.000) (0.000,0.630) (0.000,0.481) (0.000,0.785) (0.000,0.333) 
 19       33    (0)    1 :  0.005 0.020 0.007 0.006 0.963     (0.000,0.026) (0.000,0.138) (0.000,0.040) (0.000,0.036) (0.803,1.000) 
 20       37    (0)    1 :  0.009 0.008 0.030 0.013 0.941     (0.000,0.053) (0.000,0.043) (0.000,0.223) (0.000,0.081) (0.696,1.000) 
 21       38    (0)    1 :  0.017 0.004 0.017 0.010 0.953     (0.000,0.115) (0.000,0.024) (0.000,0.113) (0.000,0.060) (0.754,1.000) 
 22       43    (0)    1 :  0.203 0.008 0.733 0.045 0.011     (0.000,0.668) (0.000,0.046) (0.303,1.000) (0.000,0.291) (0.000,0.068) 
 23       44    (0)    1 :  0.619 0.019 0.007 0.345 0.009     (0.231,1.000) (0.000,0.126) (0.000,0.043) (0.000,0.700) (0.000,0.049) 
 24       48    (0)    1 :  0.008 0.006 0.008 0.016 0.963     (0.000,0.044) (0.000,0.032) (0.000,0.046) (0.000,0.108) (0.806,1.000) 
 25       55    (0)    1 :  0.767 0.025 0.015 0.177 0.016     (0.044,1.000) (0.000,0.181) (0.000,0.095) (0.000,0.784) (0.000,0.100) 
 26       59    (0)    1 :  0.007 0.005 0.005 0.977 0.006     (0.000,0.039) (0.000,0.028) (0.000,0.025) (0.883,1.000) (0.000,0.033) 
 27       60    (0)    1 :  0.006 0.633 0.232 0.022 0.106     (0.000,0.035) (0.000,1.000) (0.000,0.997) (0.000,0.156) (0.000,0.829) 
 28       61    (0)    1 :  0.008 0.959 0.009 0.015 0.010     (0.000,0.046) (0.782,1.000) (0.000,0.049) (0.000,0.097) (0.000,0.056) 
 29       62    (0)    1 :  0.015 0.894 0.056 0.012 0.022     (0.000,0.092) (0.489,1.000) (0.000,0.392) (0.000,0.074) (0.000,0.130) 
 30       65    (0)    1 :  0.013 0.024 0.008 0.006 0.949     (0.000,0.074) (0.000,0.167) (0.000,0.049) (0.000,0.032) (0.755,1.000) 
 31       73    (0)    1 :  0.020 0.831 0.124 0.009 0.016     (0.000,0.139) (0.463,1.000) (0.000,0.491) (0.000,0.052) (0.000,0.101) 
 32       75    (0)    1 :  0.013 0.934 0.007 0.015 0.030     (0.000,0.087) (0.692,1.000) (0.000,0.046) (0.000,0.105) (0.000,0.212) 
 33       76    (0)    1 :  0.006 0.963 0.018 0.007 0.006     (0.000,0.032) (0.803,1.000) (0.000,0.128) (0.000,0.038) (0.000,0.034) 
 34       77    (0)    1 :  0.007 0.931 0.031 0.012 0.020     (0.000,0.040) (0.647,1.000) (0.000,0.205) (0.000,0.074) (0.000,0.125) 
 35       78    (0)    1 :  0.010 0.964 0.009 0.007 0.010     (0.000,0.061) (0.815,1.000) (0.000,0.056) (0.000,0.039) (0.000,0.055) 
 36       79    (0)    1 :  0.007 0.966 0.006 0.004 0.017     (0.000,0.040) (0.821,1.000) (0.000,0.033) (0.000,0.025) (0.000,0.118) 
 37       84    (0)    1 :  0.147 0.051 0.100 0.679 0.022     (0.000,0.534) (0.000,0.344) (0.000,0.553) (0.279,1.000) (0.000,0.156) 
 38       85    (0)    1 :  0.959 0.010 0.007 0.011 0.013     (0.783,1.000) (0.000,0.065) (0.000,0.044) (0.000,0.066) (0.000,0.078) 
 39       86    (0)    1 :  0.933 0.017 0.016 0.006 0.027     (0.676,1.000) (0.000,0.114) (0.000,0.111) (0.000,0.035) (0.000,0.202) 
 40       89    (0)    1 :  0.023 0.051 0.362 0.522 0.042     (0.000,0.146) (0.000,0.361) (0.000,0.922) (0.000,0.957) (0.000,0.295) 
 41       94    (0)    1 :  0.014 0.006 0.950 0.012 0.018     (0.000,0.088) (0.000,0.033) (0.743,1.000) (0.000,0.080) (0.000,0.120) 
 42       95    (0)    1 :  0.012 0.008 0.006 0.964 0.010     (0.000,0.077) (0.000,0.046) (0.000,0.033) (0.809,1.000) (0.000,0.062) 
 43       96    (0)    1 :  0.974 0.006 0.010 0.005 0.005     (0.862,1.000) (0.000,0.032) (0.000,0.063) (0.000,0.029) (0.000,0.027) 
 44       98    (0)    1 :  0.009 0.957 0.013 0.009 0.012     (0.000,0.058) (0.781,1.000) (0.000,0.080) (0.000,0.055) (0.000,0.065) 
 45      102    (0)    1 :  0.007 0.018 0.025 0.043 0.907     (0.000,0.042) (0.000,0.129) (0.000,0.177) (0.000,0.286) (0.601,1.000) 
 46      105    (0)    1 :  0.009 0.955 0.008 0.010 0.019     (0.000,0.054) (0.772,1.000) (0.000,0.048) (0.000,0.059) (0.000,0.129) 
 47      106    (0)    1 :  0.014 0.804 0.008 0.152 0.022     (0.000,0.099) (0.483,1.000) (0.000,0.045) (0.000,0.461) (0.000,0.136) 
 48      108    (0)    1 :  0.016 0.898 0.012 0.011 0.063     (0.000,0.112) (0.539,1.000) (0.000,0.077) (0.000,0.067) (0.000,0.399) 
 49      109    (0)    1 :  0.056 0.897 0.007 0.030 0.010     (0.000,0.314) (0.613,1.000) (0.000,0.039) (0.000,0.210) (0.000,0.058) 
 50      112    (0)    1 :  0.181 0.356 0.363 0.015 0.084     (0.000,0.768) (0.000,0.999) (0.000,1.000) (0.000,0.098) (0.000,0.580) 
 51      115    (0)    1 :  0.013 0.031 0.071 0.016 0.868     (0.000,0.075) (0.000,0.220) (0.000,0.408) (0.000,0.110) (0.443,1.000) 
 52      116    (0)    1 :  0.951 0.011 0.008 0.012 0.018     (0.745,1.000) (0.000,0.069) (0.000,0.044) (0.000,0.071) (0.000,0.120) 
 53      117    (0)    1 :  0.266 0.036 0.231 0.451 0.017     (0.000,0.826) (0.000,0.257) (0.000,0.995) (0.000,0.997) (0.000,0.110) 
 54      129    (0)    1 :  0.943 0.005 0.008 0.036 0.008     (0.709,1.000) (0.000,0.026) (0.000,0.045) (0.000,0.253) (0.000,0.046) 
 55      132    (0)    1 :  0.008 0.207 0.434 0.032 0.319     (0.000,0.049) (0.000,0.934) (0.000,0.999) (0.000,0.237) (0.000,0.999) 
 56      133    (0)    1 :  0.006 0.964 0.011 0.011 0.009     (0.000,0.032) (0.812,1.000) (0.000,0.063) (0.000,0.065) (0.000,0.048) 
 57      137    (6)    1 :  0.011 0.917 0.036 0.022 0.014     (0.000,0.065) (0.588,1.000) (0.000,0.250) (0.000,0.152) (0.000,0.080) 
 58      139    (0)    1 :  0.025 0.888 0.013 0.020 0.054     (0.000,0.179) (0.531,1.000) (0.000,0.086) (0.000,0.141) (0.000,0.364) 
 59      140    (0)    1 :  0.010 0.962 0.006 0.012 0.009     (0.000,0.059) (0.800,1.000) (0.000,0.036) (0.000,0.079) (0.000,0.048) 
 60      142    (0)    1 :  0.006 0.943 0.016 0.025 0.009     (0.000,0.036) (0.702,1.000) (0.000,0.107) (0.000,0.181) (0.000,0.050) 
 61      144    (0)    1 :  0.006 0.971 0.005 0.010 0.008     (0.000,0.034) (0.849,1.000) (0.000,0.030) (0.000,0.059) (0.000,0.042) 
 62      145    (0)    1 :  0.008 0.960 0.008 0.016 0.009     (0.000,0.044) (0.788,1.000) (0.000,0.043) (0.000,0.105) (0.000,0.049) 
 63      147    (0)    1 :  0.011 0.970 0.005 0.005 0.008     (0.000,0.070) (0.846,1.000) (0.000,0.029) (0.000,0.031) (0.000,0.046) 
 64      160    (0)    1 :  0.012 0.005 0.964 0.010 0.009     (0.000,0.067) (0.000,0.029) (0.812,1.000) (0.000,0.060) (0.000,0.048) 
 65     162*    (0)    1 :  0.973 0.006 0.012 0.005 0.005     (0.855,1.000) (0.000,0.034) (0.000,0.073) (0.000,0.026) (0.000,0.026) 
 66      166    (0)    1 :  0.008 0.936 0.020 0.025 0.011     (0.000,0.046) (0.680,1.000) (0.000,0.076) (0.000,0.166) (0.000,0.059) 
 67      177    (0)    1 :  0.010 0.964 0.009 0.007 0.010     (0.000,0.064) (0.813,1.000) (0.000,0.055) (0.000,0.038) (0.000,0.058) 
 68      178    (0)    1 :  0.012 0.936 0.034 0.007 0.010     (0.000,0.075) (0.677,1.000) (0.000,0.243) (0.000,0.044) (0.000,0.059) 
 69      186    (0)    1 :  0.006 0.004 0.006 0.979 0.005     (0.000,0.036) (0.000,0.025) (0.000,0.031) (0.887,1.000) (0.000,0.025) 
 70      189    (0)    1 :  0.966 0.006 0.014 0.007 0.007     (0.819,1.000) (0.000,0.032) (0.000,0.089) (0.000,0.043) (0.000,0.039) 
 71      190    (0)    1 :  0.889 0.013 0.043 0.037 0.017     (0.530,1.000) (0.000,0.083) (0.000,0.304) (0.000,0.255) (0.000,0.118) 
 72      191    (0)    1 :  0.330 0.082 0.032 0.543 0.013     (0.000,0.963) (0.000,0.451) (0.000,0.235) (0.000,0.998) (0.000,0.077) 
 73      193    (0)    1 :  0.016 0.872 0.033 0.063 0.015     (0.000,0.106) (0.404,1.000) (0.000,0.230) (0.000,0.425) (0.000,0.090) 
 74      202    (0)    1 :  0.274 0.011 0.608 0.013 0.094     (0.000,0.728) (0.000,0.069) (0.159,1.000) (0.000,0.081) (0.000,0.491) 
 75      204    (0)    1 :  0.945 0.004 0.007 0.039 0.004     (0.691,1.000) (0.000,0.023) (0.000,0.042) (0.000,0.279) (0.000,0.024) 
 76      211    (0)    1 :  0.010 0.586 0.364 0.010 0.029     (0.000,0.063) (0.000,1.000) (0.000,0.993) (0.000,0.063) (0.000,0.196) 
 77      216    (0)    1 :  0.005 0.960 0.023 0.005 0.006     (0.000,0.030) (0.786,1.000) (0.000,0.164) (0.000,0.027) (0.000,0.035) 
 78      222    (0)    1 :  0.032 0.873 0.048 0.008 0.039     (0.000,0.244) (0.476,1.000) (0.000,0.316) (0.000,0.045) (0.000,0.286) 
 79      224    (0)    1 :  0.948 0.011 0.017 0.013 0.012     (0.732,1.000) (0.000,0.067) (0.000,0.110) (0.000,0.077) (0.000,0.067) 
 80      226    (0)    1 :  0.008 0.005 0.005 0.973 0.009     (0.000,0.043) (0.000,0.028) (0.000,0.030) (0.859,1.000) (0.000,0.052) 
 81      229    (0)    1 :  0.779 0.089 0.065 0.014 0.053     (0.346,1.000) (0.000,0.413) (0.000,0.427) (0.000,0.096) (0.000,0.372) 
 82      230    (0)    1 :  0.920 0.024 0.023 0.016 0.016     (0.654,1.000) (0.000,0.159) (0.000,0.149) (0.000,0.112) (0.000,0.101) 
 83      232    (0)    1 :  0.136 0.121 0.600 0.108 0.034     (0.000,0.703) (0.000,0.548) (0.000,1.000) (0.000,0.495) (0.000,0.237) 
 84      238    (0)    1 :  0.061 0.187 0.016 0.007 0.728     (0.000,0.380) (0.000,0.715) (0.000,0.110) (0.000,0.042) (0.116,1.000) 
 85      242    (0)    1 :  0.007 0.006 0.005 0.007 0.975     (0.000,0.038) (0.000,0.037) (0.000,0.029) (0.000,0.038) (0.868,1.000) 
 86      243    (0)    1 :  0.011 0.080 0.017 0.040 0.852     (0.000,0.064) (0.000,0.466) (0.000,0.116) (0.000,0.285) (0.445,1.000) 
 87      244    (0)    1 :  0.013 0.057 0.013 0.008 0.909     (0.000,0.081) (0.000,0.360) (0.000,0.084) (0.000,0.043) (0.584,1.000) 
 88      251    (0)    1 :  0.031 0.035 0.128 0.010 0.797     (0.000,0.222) (0.000,0.239) (0.000,0.584) (0.000,0.058) (0.319,1.000) 
 89      266    (0)    1 :  0.021 0.628 0.012 0.010 0.329     (0.000,0.144) (0.000,1.000) (0.000,0.075) (0.000,0.061) (0.000,0.987) 
 90      267    (0)    1 :  0.088 0.808 0.018 0.062 0.025     (0.000,0.420) (0.441,1.000) (0.000,0.120) (0.000,0.365) (0.000,0.170) 
 91      268    (0)    1 :  0.006 0.950 0.028 0.007 0.010     (0.000,0.032) (0.735,1.000) (0.000,0.203) (0.000,0.040) (0.000,0.057) 
 92      270    (0)    1 :  0.940 0.009 0.014 0.024 0.012     (0.699,1.000) (0.000,0.057) (0.000,0.093) (0.000,0.166) (0.000,0.075) 
 93      276    (0)    1 :  0.341 0.177 0.043 0.414 0.025     (0.000,1.000) (0.000,0.692) (0.000,0.307) (0.000,0.967) (0.000,0.174) 
 94      298    (6)    1 :  0.006 0.965 0.008 0.012 0.009     (0.000,0.035) (0.814,1.000) (0.000,0.047) (0.000,0.076) (0.000,0.050) 
 95      306    (0)    1 :  0.006 0.939 0.022 0.008 0.025     (0.000,0.033) (0.688,1.000) (0.000,0.114) (0.000,0.049) (0.000,0.146) 
 96      308    (0)    1 :  0.008 0.907 0.054 0.007 0.023     (0.000,0.048) (0.577,1.000) (0.000,0.348) (0.000,0.044) (0.000,0.156) 
 97      311    (6)    1 :  0.026 0.720 0.024 0.011 0.218     (0.000,0.184) (0.000,1.000) (0.000,0.171) (0.000,0.069) (0.000,0.997) 
 98      323    (0)    1 :  0.007 0.005 0.005 0.976 0.007     (0.000,0.044) (0.000,0.027) (0.000,0.027) (0.874,1.000) (0.000,0.040) 
 99      327    (0)    1 :  0.727 0.012 0.219 0.019 0.024     (0.008,1.000) (0.000,0.075) (0.000,0.849) (0.000,0.129) (0.000,0.162) 
100      334    (0)    1 :  0.009 0.017 0.007 0.004 0.962     (0.000,0.048) (0.000,0.122) (0.000,0.043) (0.000,0.024) (0.802,1.000) 
101      338    (0)    1 :  0.015 0.924 0.028 0.016 0.018     (0.000,0.096) (0.631,1.000) (0.000,0.200) (0.000,0.102) (0.000,0.101) 
102      341    (0)    1 :  0.007 0.006 0.011 0.966 0.010     (0.000,0.039) (0.000,0.035) (0.000,0.069) (0.824,1.000) (0.000,0.058) 
103      346    (0)    1 :  0.009 0.718 0.237 0.022 0.014     (0.000,0.049) (0.000,1.000) (0.000,0.998) (0.000,0.145) (0.000,0.083) 
104      348    (0)    1 :  0.009 0.966 0.006 0.007 0.012     (0.000,0.052) (0.825,1.000) (0.000,0.036) (0.000,0.041) (0.000,0.077) 
105      351    (0)    1 :  0.010 0.026 0.048 0.021 0.895     (0.000,0.060) (0.000,0.180) (0.000,0.327) (0.000,0.150) (0.512,1.000) 
106      362    (0)    1 :  0.935 0.006 0.024 0.028 0.007     (0.661,1.000) (0.000,0.035) (0.000,0.163) (0.000,0.200) (0.000,0.035) 
107      364    (0)    1 :  0.005 0.018 0.011 0.010 0.956     (0.000,0.031) (0.000,0.118) (0.000,0.067) (0.000,0.065) (0.769,1.000) 
108      366    (0)    1 :  0.042 0.022 0.017 0.014 0.906     (0.000,0.302) (0.000,0.146) (0.000,0.105) (0.000,0.084) (0.560,1.000) 
109      376    (0)    1 :  0.026 0.017 0.027 0.921 0.009     (0.000,0.179) (0.000,0.120) (0.000,0.195) (0.641,1.000) (0.000,0.051) 
110      377    (6)    1 :  0.109 0.020 0.840 0.018 0.013     (0.000,0.623) (0.000,0.112) (0.221,1.000) (0.000,0.125) (0.000,0.068) 
111      378    (0)    1 :  0.007 0.010 0.967 0.010 0.005     (0.000,0.040) (0.000,0.060) (0.830,1.000) (0.000,0.064) (0.000,0.028) 
112      388    (0)    1 :  0.015 0.888 0.060 0.010 0.027     (0.000,0.097) (0.503,1.000) (0.000,0.399) (0.000,0.065) (0.000,0.187) 
113      391    (0)    1 :  0.007 0.056 0.392 0.532 0.013     (0.000,0.039) (0.000,0.419) (0.014,0.780) (0.001,0.889) (0.000,0.070) 
114      396   (18)    1 :  0.735 0.103 0.043 0.092 0.027     (0.296,1.000) (0.000,0.509) (0.000,0.310) (0.000,0.506) (0.000,0.186) 
115      400   (18)    1 :  0.174 0.008 0.715 0.010 0.093     (0.000,0.857) (0.000,0.044) (0.000,1.000) (0.000,0.062) (0.000,0.692) 
116      401    (0)    1 :  0.389 0.100 0.010 0.073 0.427     (0.000,0.824) (0.000,0.558) (0.000,0.060) (0.000,0.501) (0.000,0.993) 
117      406    (0)    1 :  0.014 0.774 0.046 0.118 0.048     (0.000,0.090) (0.011,1.000) (0.000,0.325) (0.000,0.610) (0.000,0.340) 
118      412    (6)    1 :  0.024 0.878 0.055 0.023 0.021     (0.000,0.163) (0.423,1.000) (0.000,0.395) (0.000,0.160) (0.000,0.117) 
119      413    (0)    1 :  0.020 0.917 0.010 0.005 0.048     (0.000,0.131) (0.606,1.000) (0.000,0.058) (0.000,0.028) (0.000,0.312) 
120      421    (0)    1 :  0.744 0.154 0.033 0.028 0.041     (0.297,1.000) (0.000,0.603) (0.000,0.250) (0.000,0.199) (0.000,0.302) 
121      423    (0)    1 :  0.846 0.057 0.029 0.013 0.055     (0.342,1.000) (0.000,0.402) (0.000,0.199) (0.000,0.084) (0.000,0.387) 
122      424    (0)    1 :  0.010 0.445 0.182 0.327 0.037     (0.000,0.057) (0.000,1.000) (0.000,0.937) (0.000,0.996) (0.000,0.253) 
123      426    (0)    1 :  0.029 0.015 0.916 0.024 0.015     (0.000,0.201) (0.000,0.101) (0.627,1.000) (0.000,0.170) (0.000,0.102) 
124      430   (12)    1 :  0.017 0.899 0.028 0.045 0.010     (0.000,0.106) (0.506,1.000) (0.000,0.178) (0.000,0.327) (0.000,0.055) 
125      435    (0)    1 :  0.007 0.960 0.022 0.006 0.005     (0.000,0.038) (0.785,1.000) (0.000,0.159) (0.000,0.033) (0.000,0.026) 
126      476    (0)    1 :  0.100 0.016 0.021 0.824 0.039     (0.000,0.507) (0.000,0.112) (0.000,0.147) (0.417,1.000) (0.000,0.249) 
127      478    (0)    1 :  0.218 0.010 0.017 0.729 0.026     (0.000,0.615) (0.000,0.066) (0.000,0.108) (0.347,1.000) (0.000,0.186) 
128      484    (0)    1 :  0.007 0.960 0.011 0.014 0.007     (0.000,0.044) (0.794,1.000) (0.000,0.064) (0.000,0.095) (0.000,0.044) 
129      489    (0)    1 :  0.045 0.096 0.837 0.012 0.011     (0.000,0.309) (0.000,0.558) (0.336,1.000) (0.000,0.073) (0.000,0.060) 
130      492   (18)    1 :  0.009 0.024 0.009 0.006 0.952     (0.000,0.050) (0.000,0.171) (0.000,0.054) (0.000,0.032) (0.748,1.000) 
131      493    (0)    1 :  0.012 0.009 0.014 0.008 0.958     (0.000,0.074) (0.000,0.054) (0.000,0.092) (0.000,0.044) (0.787,1.000) 
132      494    (0)    1 :  0.023 0.008 0.030 0.015 0.923     (0.000,0.167) (0.000,0.047) (0.000,0.221) (0.000,0.102) (0.637,1.000) 
133      500    (0)    1 :  0.962 0.004 0.010 0.017 0.006     (0.802,1.000) (0.000,0.024) (0.000,0.063) (0.000,0.110) (0.000,0.036) 
134      504    (0)    1 :  0.061 0.843 0.036 0.011 0.049     (0.000,0.357) (0.485,1.000) (0.000,0.243) (0.000,0.069) (0.000,0.317) 
135      506    (0)    1 :  0.206 0.723 0.013 0.049 0.009     (0.000,0.633) (0.326,1.000) (0.000,0.081) (0.000,0.334) (0.000,0.045) 


Estimated Allele Frequencies in each cluster
First column gives estimated ancestral frequencies


Locus 1 : Rsu3 
3 alleles
1.5% missing data
 164   (0.520) 0.618 0.492 0.561 0.499 0.549 
 166   (0.240) 0.098 0.387 0.325 0.114 0.212 
 170   (0.240) 0.284 0.120 0.114 0.387 0.239 

Locus 2 : Rsu5 
5 alleles
1.5% missing data
 137   (0.711) 0.952 0.693 0.865 0.964 0.658 
 135   (0.096) 0.009 0.040 0.083 0.022 0.099 
 139   (0.126) 0.033 0.039 0.045 0.010 0.206 
 133   (0.026) 0.002 0.002 0.003 0.002 0.022 
 131   (0.040) 0.004 0.226 0.004 0.003 0.014 

Locus 3 : Scv1 
5 alleles
0.7% missing data
 181   (0.572) 0.621 0.336 0.649 0.950 0.633 
 179   (0.202) 0.134 0.224 0.144 0.023 0.211 
 177   (0.094) 0.011 0.176 0.192 0.015 0.058 
 185   (0.102) 0.231 0.261 0.011 0.010 0.061 
 171   (0.031) 0.003 0.002 0.004 0.002 0.037 

Locus 4 : Rsu4 
9 alleles
0.0% missing data
 267   (0.223) 0.301 0.084 0.085 0.147 0.300 
 263   (0.306) 0.256 0.421 0.734 0.492 0.256 
 259   (0.058) 0.195 0.004 0.031 0.244 0.021 
 287   (0.169) 0.200 0.205 0.109 0.099 0.131 
 275   (0.044) 0.004 0.006 0.004 0.003 0.090 
 279   (0.075) 0.011 0.088 0.013 0.006 0.095 
 283   (0.055) 0.005 0.188 0.005 0.004 0.043 
 291   (0.041) 0.026 0.003 0.015 0.003 0.029 
 271   (0.029) 0.002 0.002 0.003 0.002 0.036 

Locus 5 : Rsu6 
5 alleles
0.0% missing data
 120   (0.264) 0.275 0.207 0.444 0.284 0.218 
 126   (0.584) 0.475 0.782 0.517 0.590 0.642 
 124   (0.089) 0.229 0.007 0.033 0.122 0.064 
 130   (0.038) 0.003 0.002 0.003 0.003 0.067 
 114   (0.025) 0.018 0.002 0.002 0.002 0.009 

Locus 6 : Scv12 
3 alleles
1.5% missing data
 198   (0.584) 0.334 0.588 0.455 0.692 0.691 
 196   (0.246) 0.202 0.348 0.266 0.281 0.174 
 200   (0.170) 0.464 0.063 0.279 0.027 0.135 

Locus 7 : Scv23 
3 alleles
1.5% missing data
 158   (0.491) 0.715 0.630 0.502 0.366 0.468 
 164   (0.223) 0.068 0.105 0.139 0.434 0.266 
 160   (0.285) 0.218 0.265 0.359 0.200 0.266 

Locus 8 : Scv13 
5 alleles
0.0% missing data
 182   (0.719) 0.918 0.796 0.959 0.794 0.690 
 180   (0.098) 0.062 0.007 0.020 0.174 0.109 
 172   (0.068) 0.006 0.135 0.010 0.005 0.062 
 184   (0.071) 0.010 0.011 0.007 0.024 0.107 
 174   (0.045) 0.004 0.050 0.004 0.003 0.032 

Locus 9 : Scv32 
18 alleles
0.7% missing data
 236   (0.038) 0.003 0.003 0.004 0.003 0.109 
 238   (0.048) 0.004 0.090 0.023 0.004 0.037 
 234   (0.106) 0.021 0.393 0.122 0.342 0.063 
 246   (0.055) 0.181 0.007 0.049 0.291 0.022 
 248   (0.095) 0.145 0.012 0.311 0.007 0.135 
 262   (0.094) 0.272 0.068 0.111 0.011 0.073 
 232   (0.185) 0.137 0.212 0.022 0.173 0.303 
 250   (0.028) 0.003 0.002 0.228 0.003 0.010 
 228   (0.027) 0.002 0.002 0.003 0.002 0.036 
 220   (0.048) 0.185 0.003 0.012 0.070 0.022 
 264   (0.059) 0.006 0.024 0.041 0.055 0.052 
 252   (0.038) 0.019 0.062 0.004 0.003 0.015 
 254   (0.041) 0.003 0.071 0.008 0.003 0.028 
 242   (0.027) 0.002 0.002 0.003 0.002 0.037 
 266   (0.027) 0.003 0.029 0.003 0.002 0.013 
 244   (0.034) 0.008 0.017 0.053 0.003 0.015 
 226   (0.024) 0.002 0.002 0.002 0.026 0.009 
 240   (0.025) 0.002 0.002 0.002 0.002 0.022 

Locus 10 : Scv8 
6 alleles
0.7% missing data
 200   (0.618) 0.706 0.577 0.786 0.825 0.658 
 202   (0.086) 0.008 0.078 0.012 0.006 0.135 
 194   (0.099) 0.097 0.077 0.029 0.155 0.049 
 204   (0.057) 0.040 0.004 0.095 0.004 0.037 
 198   (0.086) 0.145 0.008 0.072 0.006 0.089 
 188   (0.052) 0.005 0.256 0.005 0.004 0.034 

Locus 11 : Scv9 
5 alleles
0.0% missing data
 198   (0.302) 0.135 0.456 0.492 0.428 0.261 
 200   (0.380) 0.535 0.166 0.357 0.349 0.460 
 196   (0.247) 0.324 0.334 0.143 0.044 0.252 
 204   (0.046) 0.004 0.033 0.006 0.177 0.017 
 202   (0.025) 0.002 0.011 0.002 0.002 0.009 

Locus 12 : Rsu1 
6 alleles
0.0% missing data
 189   (0.307) 0.064 0.204 0.078 0.496 0.477 
 185   (0.253) 0.247 0.518 0.072 0.192 0.212 
 177   (0.080) 0.149 0.038 0.015 0.009 0.052 
 181   (0.252) 0.178 0.232 0.771 0.059 0.221 
 193   (0.058) 0.270 0.004 0.059 0.034 0.021 
 197   (0.049) 0.092 0.003 0.005 0.210 0.017 

Locus 13 : Scv14 
7 alleles
4.4% missing data
 196   (0.516) 0.789 0.604 0.839 0.928 0.441 
 198   (0.084) 0.007 0.086 0.034 0.007 0.111 
 194   (0.147) 0.070 0.097 0.077 0.020 0.179 
 202   (0.175) 0.124 0.203 0.026 0.039 0.221 
 204   (0.026) 0.002 0.002 0.003 0.002 0.022 
 190   (0.026) 0.006 0.002 0.018 0.002 0.011 
 200   (0.026) 0.002 0.006 0.003 0.002 0.016 

Locus 14 : Scv16 
7 alleles
0.0% missing data
 182   (0.384) 0.554 0.498 0.755 0.203 0.333 
 184   (0.424) 0.302 0.380 0.223 0.771 0.495 
 188   (0.078) 0.134 0.005 0.008 0.018 0.107 
 200   (0.025) 0.002 0.002 0.002 0.002 0.022 
 198   (0.034) 0.003 0.071 0.006 0.002 0.012 
 190   (0.029) 0.002 0.042 0.003 0.002 0.010 
 186   (0.026) 0.003 0.003 0.003 0.002 0.020 

Locus 15 : Scv31 
15 alleles
3.0% missing data
 193   (0.115) 0.041 0.121 0.520 0.012 0.103 
 201   (0.120) 0.065 0.028 0.075 0.014 0.182 
 187   (0.083) 0.308 0.034 0.040 0.259 0.036 
 207   (0.030) 0.015 0.002 0.003 0.374 0.011 
 195   (0.066) 0.105 0.103 0.047 0.012 0.025 
 185   (0.139) 0.032 0.315 0.056 0.238 0.137 
 189   (0.077) 0.009 0.005 0.157 0.005 0.165 
 205   (0.020) 0.002 0.002 0.002 0.001 0.020 
 191   (0.131) 0.319 0.276 0.073 0.064 0.080 
 197   (0.041) 0.021 0.061 0.007 0.008 0.016 
 199   (0.053) 0.005 0.044 0.006 0.004 0.061 
 203   (0.030) 0.002 0.002 0.003 0.002 0.051 
 209   (0.030) 0.003 0.002 0.003 0.002 0.037 
 213   (0.036) 0.003 0.003 0.003 0.002 0.066 
 181   (0.028) 0.072 0.002 0.003 0.002 0.010 

Locus 16 : Scv6 
8 alleles
0.0% missing data
 191   (0.129) 0.177 0.014 0.171 0.010 0.185 
 195   (0.357) 0.454 0.422 0.553 0.682 0.298 
 197   (0.198) 0.309 0.246 0.224 0.254 0.130 
 201   (0.084) 0.008 0.056 0.016 0.006 0.143 
 205   (0.030) 0.002 0.002 0.003 0.002 0.037 
 193   (0.077) 0.008 0.140 0.008 0.006 0.098 
 199   (0.095) 0.038 0.119 0.023 0.038 0.073 
 181   (0.029) 0.003 0.002 0.003 0.002 0.036 

Values of parameters used in structure:
DATAFILE=C:\Users\drenske\Desktop\STRUCTURE\Squirrel_135_ID_16L_20250816\project_data,	OUTFILE=C:\Users\drenske\Desktop\STRUCTURE\Squirrel_135_ID_16L_20250816\10k_Burnin_100k_MCMC\Results\10k_Burnin_100k_MCMC_run_118,	NUMINDS=135,	NUMLOCI=16,	MISSING=-9,	LABEL=1,	POPDATA=1,	POPFLAG=0,	PHENOTYPE=0,	EXTRACOLS=1,	MAXPOPS=5,	BURNIN=10000,	NUMREPS=100000,	USEPOPINFO=0,	INFERALPHA=1,	INFERLAMBDA=1,	POPSPECIFICLAMBDA=0,	POPALPHAS=0,	COMPUTEPROB=1,	NOADMIX=0,	ADMBURNIN=2500,	UPDATEFREQ=1,	PRINTLIKES=0,	INTERMEDSAVE=0,	PRINTKLD=0,	PRINTNET=0,	PRINTLAMBDA=0,	ANCESTDIST=1,	NUMBOXES=1000,	ANCESTPINT=0.90000,	GENSBACK=2,	MIGRPRIOR=0.05000,	PRINTQHAT=1,	PRINTQSUM=0,	ALPHA=1.0000,	FREQSCORR=1,	FPRIORMEAN=0.0100,	FPRIORSD=0.0500,	ONEFST=0,	LAMBDA=1.0000,	UNIFPRIORALPHA=1,	ALPHAMAX=10.0000,	ALPHAPRIORA=1.0000,	ALPHAPRIORB=2.0000,	ALPHAPROPSD=0.0250,	STARTATPOPINFO=0,	RANDOMIZE=1,	LINKAGE=0,	METROFREQ=10,	REPORTHITRATE=0,	MARKOVPHASE=-1,	PHASED=0,	PLOIDY=2,	PHASEINFO=0	LOCPRIOR=0, 	LOCPRIORINIT=1.000000, 	LOCDATA=0, 	LOCISPOP=0, 	LOCPRIORSTEP=0.100000, 	MAXLOCPRIOR=20.000000, 	SEED=1755512165,	
[STRAT parameters]:    NUMSIMSTATS=1000,	PHENOTYPECOL=-9,	POOLFREQ=10,	LOCUSxONLY=0,	EMERROR=0.00100,	MISSINGPHENO=-9,	