

----------------------------------------------------
STRUCTURE by Pritchard, Stephens and Donnelly (2000)
     and Falush, Stephens and Pritchard (2003)
       Code by Pritchard, Falush and Hubisz
             Version 2.3.4 (Jul 2012)
----------------------------------------------------



Command line arguments:   bin\structure -m C:\Users\drenske\Desktop\STRUCTURE\Squirrel_135_ID_16L_20250816\10k_Burnin_100k_MCMC\mainparams -e C:\Users\drenske\Desktop\STRUCTURE\Squirrel_135_ID_16L_20250816\10k_Burnin_100k_MCMC\extraparams 
Input File:    C:\Users\drenske\Desktop\STRUCTURE\Squirrel_135_ID_16L_20250816\project_data

Run parameters:
   135 individuals
   16 loci
   4 populations assumed
   10000 Burn-in period
   100000 Reps


--------------------------------------------
Proportion of membership of each pre-defined
 population in each of the 4 clusters

Given    Inferred Clusters              Number of
 Pop       1      2      3      4      Individuals

  1:     0.366  0.188  0.299  0.147      135
--------------------------------------------

Allele-freq. divergence among pops (Net nucleotide distance),
computed using point estimates of P.

      1       2       3       4      
 1      -    0.0392  0.0522  0.0706  
 2   0.0392     -    0.0466  0.0537  
 3   0.0522  0.0466     -    0.0635  
 4   0.0706  0.0537  0.0635     -    

Average distances (expected heterozygosity) between individuals in same cluster:
cluster  1  : 0.6010 
cluster  2  : 0.6489 
cluster  3  : 0.5518 
cluster  4  : 0.4834 

--------------------------------------------
Estimated Ln Prob of Data   = -4960.2
Mean value of ln likelihood = -4831.9
Variance of ln likelihood   = 256.6
Mean value of alpha         = 0.0416

Mean value of lambda        = 1.0435

Mean value of Fst_1         = 0.1290
Mean value of Fst_2         = 0.0380
Mean value of Fst_3         = 0.1510
Mean value of Fst_4         = 0.2544


Inferred ancestry of individuals:
        Label (%Miss) Pop:  Inferred clusters (and 90% probability intervals)
  1       1*    (0)    1 :  0.021 0.953 0.013 0.013     (0.000,0.148) (0.729,1.000) (0.000,0.078) (0.000,0.081) 
  2        3    (0)    1 :  0.005 0.005 0.006 0.984     (0.000,0.030) (0.000,0.026) (0.000,0.030) (0.907,1.000) 
  3        6    (0)    1 :  0.021 0.006 0.012 0.961     (0.000,0.147) (0.000,0.030) (0.000,0.073) (0.765,1.000) 
  4        8    (0)    1 :  0.005 0.008 0.980 0.007     (0.000,0.029) (0.000,0.045) (0.882,1.000) (0.000,0.037) 
  5       10    (0)    1 :  0.005 0.006 0.984 0.005     (0.000,0.024) (0.000,0.032) (0.907,1.000) (0.000,0.028) 
  6       11    (0)    1 :  0.037 0.842 0.083 0.037     (0.000,0.273) (0.227,1.000) (0.000,0.518) (0.000,0.280) 
  7       12    (0)    1 :  0.011 0.007 0.972 0.009     (0.000,0.064) (0.000,0.035) (0.840,1.000) (0.000,0.052) 
  8       16    (6)    1 :  0.005 0.006 0.012 0.977     (0.000,0.028) (0.000,0.029) (0.000,0.065) (0.869,1.000) 
  9       18    (0)    1 :  0.005 0.978 0.008 0.009     (0.000,0.028) (0.868,1.000) (0.000,0.048) (0.000,0.051) 
 10       19    (0)    1 :  0.033 0.928 0.025 0.014     (0.000,0.234) (0.598,1.000) (0.000,0.176) (0.000,0.092) 
 11       21    (6)    1 :  0.007 0.006 0.012 0.975     (0.000,0.039) (0.000,0.031) (0.000,0.074) (0.853,1.000) 
 12       23    (6)    1 :  0.269 0.020 0.685 0.026     (0.000,1.000) (0.000,0.124) (0.000,1.000) (0.000,0.185) 
 13       24    (6)    1 :  0.026 0.277 0.686 0.011     (0.000,0.185) (0.000,1.000) (0.000,1.000) (0.000,0.064) 
 14       25    (6)    1 :  0.046 0.034 0.895 0.025     (0.000,0.332) (0.000,0.229) (0.514,1.000) (0.000,0.188) 
 15      26*    (0)    1 :  0.004 0.013 0.912 0.071     (0.000,0.023) (0.000,0.083) (0.531,1.000) (0.000,0.445) 
 16       28    (0)    1 :  0.006 0.007 0.944 0.043     (0.000,0.033) (0.000,0.033) (0.649,1.000) (0.000,0.326) 
 17       29    (0)    1 :  0.005 0.008 0.982 0.005     (0.000,0.027) (0.000,0.040) (0.899,1.000) (0.000,0.025) 
 18       30    (0)    1 :  0.168 0.062 0.566 0.204     (0.000,0.711) (0.000,0.482) (0.000,1.000) (0.000,0.981) 
 19       33    (0)    1 :  0.019 0.971 0.004 0.005     (0.000,0.130) (0.831,1.000) (0.000,0.024) (0.000,0.029) 
 20       37    (0)    1 :  0.007 0.969 0.013 0.012     (0.000,0.037) (0.814,1.000) (0.000,0.076) (0.000,0.078) 
 21       38    (0)    1 :  0.004 0.969 0.017 0.010     (0.000,0.021) (0.814,1.000) (0.000,0.112) (0.000,0.059) 
 22       43    (0)    1 :  0.006 0.009 0.977 0.009     (0.000,0.032) (0.000,0.046) (0.864,1.000) (0.000,0.050) 
 23       44    (0)    1 :  0.050 0.017 0.456 0.477     (0.000,0.368) (0.000,0.095) (0.000,0.899) (0.082,0.891) 
 24       48    (0)    1 :  0.005 0.976 0.006 0.013     (0.000,0.025) (0.857,1.000) (0.000,0.032) (0.000,0.083) 
 25       55    (0)    1 :  0.034 0.018 0.555 0.393     (0.000,0.257) (0.000,0.113) (0.000,1.000) (0.000,1.000) 
 26       59    (0)    1 :  0.005 0.006 0.005 0.985     (0.000,0.025) (0.000,0.030) (0.000,0.025) (0.912,1.000) 
 27       60    (0)    1 :  0.903 0.070 0.010 0.017     (0.317,1.000) (0.000,0.608) (0.000,0.057) (0.000,0.118) 
 28       61    (0)    1 :  0.973 0.008 0.007 0.012     (0.840,1.000) (0.000,0.042) (0.000,0.038) (0.000,0.075) 
 29       62    (0)    1 :  0.938 0.024 0.027 0.011     (0.651,1.000) (0.000,0.131) (0.000,0.167) (0.000,0.057) 
 30       65    (0)    1 :  0.018 0.968 0.009 0.005     (0.000,0.129) (0.813,1.000) (0.000,0.056) (0.000,0.026) 
 31       73    (0)    1 :  0.923 0.018 0.051 0.008     (0.630,1.000) (0.000,0.123) (0.000,0.317) (0.000,0.045) 
 32       75    (0)    1 :  0.956 0.024 0.008 0.012     (0.752,1.000) (0.000,0.173) (0.000,0.047) (0.000,0.081) 
 33       76    (0)    1 :  0.981 0.005 0.007 0.006     (0.890,1.000) (0.000,0.028) (0.000,0.037) (0.000,0.032) 
 34       77    (0)    1 :  0.967 0.014 0.009 0.010     (0.807,1.000) (0.000,0.086) (0.000,0.048) (0.000,0.058) 
 35       78    (0)    1 :  0.979 0.008 0.007 0.006     (0.876,1.000) (0.000,0.041) (0.000,0.042) (0.000,0.033) 
 36       79    (0)    1 :  0.973 0.017 0.006 0.004     (0.842,1.000) (0.000,0.117) (0.000,0.030) (0.000,0.023) 
 37       84    (0)    1 :  0.045 0.019 0.212 0.724     (0.000,0.315) (0.000,0.133) (0.000,0.649) (0.302,1.000) 
 38       85    (0)    1 :  0.012 0.019 0.958 0.011     (0.000,0.071) (0.000,0.122) (0.756,1.000) (0.000,0.064) 
 39       86    (0)    1 :  0.027 0.022 0.943 0.007     (0.000,0.205) (0.000,0.146) (0.674,1.000) (0.000,0.039) 
 40       89    (0)    1 :  0.117 0.063 0.214 0.605     (0.000,0.565) (0.000,0.414) (0.000,0.996) (0.000,1.000) 
 41       94    (0)    1 :  0.006 0.029 0.954 0.011     (0.000,0.030) (0.000,0.164) (0.748,1.000) (0.000,0.067) 
 42       95    (0)    1 :  0.007 0.008 0.007 0.978     (0.000,0.036) (0.000,0.045) (0.000,0.038) (0.872,1.000) 
 43       96    (0)    1 :  0.005 0.004 0.985 0.005     (0.000,0.028) (0.000,0.021) (0.913,1.000) (0.000,0.025) 
 44       98    (0)    1 :  0.972 0.011 0.009 0.008     (0.844,1.000) (0.000,0.053) (0.000,0.053) (0.000,0.041) 
 45      102    (0)    1 :  0.016 0.943 0.009 0.032     (0.000,0.114) (0.691,1.000) (0.000,0.054) (0.000,0.232) 
 46      105    (0)    1 :  0.967 0.018 0.007 0.008     (0.806,1.000) (0.000,0.125) (0.000,0.042) (0.000,0.048) 
 47      106    (0)    1 :  0.815 0.023 0.011 0.150     (0.458,1.000) (0.000,0.117) (0.000,0.075) (0.000,0.488) 
 48      108    (0)    1 :  0.918 0.058 0.014 0.010     (0.573,1.000) (0.000,0.383) (0.000,0.091) (0.000,0.061) 
 49      109    (0)    1 :  0.945 0.009 0.025 0.021     (0.710,1.000) (0.000,0.048) (0.000,0.186) (0.000,0.157) 
 50      112    (0)    1 :  0.386 0.085 0.509 0.020     (0.000,1.000) (0.000,0.605) (0.000,1.000) (0.000,0.143) 
 51      115    (0)    1 :  0.031 0.922 0.033 0.014     (0.000,0.214) (0.556,1.000) (0.000,0.237) (0.000,0.086) 
 52      116    (0)    1 :  0.019 0.036 0.916 0.029     (0.000,0.131) (0.000,0.259) (0.566,1.000) (0.000,0.205) 
 53      117    (0)    1 :  0.033 0.016 0.556 0.395     (0.000,0.241) (0.000,0.100) (0.000,1.000) (0.000,1.000) 
 54      129    (0)    1 :  0.004 0.007 0.942 0.047     (0.000,0.023) (0.000,0.036) (0.648,1.000) (0.000,0.336) 
 55      132    (0)    1 :  0.487 0.439 0.045 0.029     (0.000,1.000) (0.000,1.000) (0.000,0.326) (0.000,0.217) 
 56      133    (0)    1 :  0.979 0.007 0.006 0.008     (0.877,1.000) (0.000,0.035) (0.000,0.032) (0.000,0.046) 
 57      137    (6)    1 :  0.955 0.013 0.013 0.020     (0.730,1.000) (0.000,0.070) (0.000,0.074) (0.000,0.128) 
 58      139    (0)    1 :  0.917 0.048 0.019 0.015     (0.580,1.000) (0.000,0.340) (0.000,0.136) (0.000,0.109) 
 59      140    (0)    1 :  0.971 0.008 0.007 0.013     (0.834,1.000) (0.000,0.042) (0.000,0.038) (0.000,0.077) 
 60      142    (0)    1 :  0.964 0.008 0.007 0.021     (0.785,1.000) (0.000,0.041) (0.000,0.040) (0.000,0.147) 
 61      144    (0)    1 :  0.980 0.006 0.005 0.009     (0.885,1.000) (0.000,0.033) (0.000,0.025) (0.000,0.051) 
 62      145    (0)    1 :  0.970 0.008 0.007 0.015     (0.829,1.000) (0.000,0.040) (0.000,0.038) (0.000,0.085) 
 63      147    (0)    1 :  0.981 0.007 0.007 0.005     (0.888,1.000) (0.000,0.038) (0.000,0.040) (0.000,0.026) 
 64      160    (0)    1 :  0.007 0.015 0.969 0.010     (0.000,0.036) (0.000,0.066) (0.831,1.000) (0.000,0.055) 
 65     162*    (0)    1 :  0.005 0.005 0.985 0.004     (0.000,0.028) (0.000,0.025) (0.916,1.000) (0.000,0.023) 
 66      166    (0)    1 :  0.969 0.009 0.006 0.016     (0.819,1.000) (0.000,0.045) (0.000,0.032) (0.000,0.099) 
 67      177    (0)    1 :  0.977 0.009 0.008 0.005     (0.868,1.000) (0.000,0.049) (0.000,0.048) (0.000,0.029) 
 68      178    (0)    1 :  0.966 0.010 0.016 0.007     (0.800,1.000) (0.000,0.052) (0.000,0.110) (0.000,0.040) 
 69      186    (0)    1 :  0.004 0.004 0.005 0.986     (0.000,0.024) (0.000,0.021) (0.000,0.028) (0.919,1.000) 
 70      189    (0)    1 :  0.005 0.006 0.981 0.008     (0.000,0.028) (0.000,0.031) (0.887,1.000) (0.000,0.043) 
 71      190    (0)    1 :  0.009 0.013 0.953 0.025     (0.000,0.054) (0.000,0.078) (0.733,1.000) (0.000,0.179) 
 72      191    (0)    1 :  0.080 0.014 0.199 0.707     (0.000,0.451) (0.000,0.084) (0.000,0.779) (0.193,1.000) 
 73      193    (0)    1 :  0.882 0.013 0.023 0.082     (0.252,1.000) (0.000,0.066) (0.000,0.139) (0.000,0.606) 
 74      202    (0)    1 :  0.014 0.054 0.924 0.008     (0.000,0.093) (0.000,0.344) (0.612,1.000) (0.000,0.049) 
 75      204    (0)    1 :  0.004 0.004 0.902 0.089     (0.000,0.019) (0.000,0.021) (0.352,1.000) (0.000,0.640) 
 76      211    (0)    1 :  0.929 0.026 0.035 0.010     (0.619,1.000) (0.000,0.151) (0.000,0.256) (0.000,0.061) 
 77      216    (0)    1 :  0.983 0.006 0.006 0.004     (0.902,1.000) (0.000,0.031) (0.000,0.032) (0.000,0.023) 
 78      222    (0)    1 :  0.902 0.054 0.037 0.007     (0.484,1.000) (0.000,0.395) (0.000,0.286) (0.000,0.038) 
 79      224    (0)    1 :  0.013 0.017 0.939 0.031     (0.000,0.083) (0.000,0.090) (0.653,1.000) (0.000,0.225) 
 80      226    (0)    1 :  0.005 0.008 0.005 0.982     (0.000,0.026) (0.000,0.046) (0.000,0.028) (0.895,1.000) 
 81      229    (0)    1 :  0.039 0.036 0.916 0.009     (0.000,0.272) (0.000,0.257) (0.580,1.000) (0.000,0.052) 
 82      230    (0)    1 :  0.022 0.016 0.945 0.017     (0.000,0.151) (0.000,0.099) (0.721,1.000) (0.000,0.112) 
 83      232    (0)    1 :  0.100 0.022 0.788 0.089     (0.000,0.519) (0.000,0.132) (0.325,1.000) (0.000,0.480) 
 84      238    (0)    1 :  0.130 0.820 0.043 0.007     (0.000,0.650) (0.283,1.000) (0.000,0.309) (0.000,0.036) 
 85      242    (0)    1 :  0.006 0.984 0.005 0.005     (0.000,0.030) (0.908,1.000) (0.000,0.023) (0.000,0.029) 
 86      243    (0)    1 :  0.069 0.884 0.011 0.036     (0.000,0.439) (0.488,1.000) (0.000,0.067) (0.000,0.275) 
 87      244    (0)    1 :  0.048 0.933 0.012 0.007     (0.000,0.330) (0.635,1.000) (0.000,0.075) (0.000,0.037) 
 88      251    (0)    1 :  0.033 0.889 0.068 0.010     (0.000,0.236) (0.452,1.000) (0.000,0.448) (0.000,0.057) 
 89      266    (0)    1 :  0.672 0.306 0.014 0.009     (0.000,1.000) (0.000,0.999) (0.000,0.093) (0.000,0.048) 
 90      267    (0)    1 :  0.884 0.024 0.042 0.050     (0.522,1.000) (0.000,0.170) (0.000,0.294) (0.000,0.338) 
 91      268    (0)    1 :  0.978 0.009 0.007 0.006     (0.874,1.000) (0.000,0.046) (0.000,0.037) (0.000,0.033) 
 92      270    (0)    1 :  0.009 0.015 0.943 0.032     (0.000,0.051) (0.000,0.091) (0.673,1.000) (0.000,0.233) 
 93      276    (0)    1 :  0.189 0.025 0.212 0.574     (0.000,0.704) (0.000,0.171) (0.000,0.924) (0.012,1.000) 
 94      298    (6)    1 :  0.977 0.008 0.006 0.009     (0.863,1.000) (0.000,0.042) (0.000,0.031) (0.000,0.053) 
 95      306    (0)    1 :  0.969 0.019 0.005 0.007     (0.833,1.000) (0.000,0.101) (0.000,0.027) (0.000,0.036) 
 96      308    (0)    1 :  0.963 0.018 0.012 0.007     (0.780,1.000) (0.000,0.120) (0.000,0.073) (0.000,0.036) 
 97      311    (6)    1 :  0.735 0.225 0.029 0.011     (0.000,1.000) (0.000,1.000) (0.000,0.202) (0.000,0.066) 
 98      323    (0)    1 :  0.004 0.006 0.006 0.984     (0.000,0.023) (0.000,0.032) (0.000,0.029) (0.905,1.000) 
 99      327    (0)    1 :  0.009 0.013 0.965 0.013     (0.000,0.053) (0.000,0.082) (0.800,1.000) (0.000,0.084) 
100      334    (0)    1 :  0.014 0.975 0.007 0.004     (0.000,0.091) (0.851,1.000) (0.000,0.037) (0.000,0.020) 
101      338    (0)    1 :  0.956 0.015 0.016 0.013     (0.747,1.000) (0.000,0.076) (0.000,0.097) (0.000,0.080) 
102      341    (0)    1 :  0.007 0.009 0.007 0.977     (0.000,0.040) (0.000,0.053) (0.000,0.035) (0.863,1.000) 
103      346    (0)    1 :  0.948 0.012 0.020 0.020     (0.703,1.000) (0.000,0.060) (0.000,0.119) (0.000,0.125) 
104      348    (0)    1 :  0.976 0.012 0.006 0.006     (0.857,1.000) (0.000,0.071) (0.000,0.034) (0.000,0.032) 
105      351    (0)    1 :  0.022 0.946 0.014 0.018     (0.000,0.148) (0.691,1.000) (0.000,0.088) (0.000,0.123) 
106      362    (0)    1 :  0.005 0.005 0.953 0.037     (0.000,0.027) (0.000,0.027) (0.718,1.000) (0.000,0.257) 
107      364    (0)    1 :  0.015 0.971 0.005 0.009     (0.000,0.091) (0.827,1.000) (0.000,0.029) (0.000,0.054) 
108      366    (0)    1 :  0.021 0.940 0.025 0.013     (0.000,0.137) (0.662,1.000) (0.000,0.184) (0.000,0.081) 
109      376    (0)    1 :  0.013 0.007 0.024 0.957     (0.000,0.085) (0.000,0.035) (0.000,0.166) (0.751,1.000) 
110      377    (6)    1 :  0.030 0.010 0.946 0.014     (0.000,0.208) (0.000,0.048) (0.682,1.000) (0.000,0.080) 
111      378    (0)    1 :  0.033 0.007 0.941 0.019     (0.000,0.238) (0.000,0.035) (0.668,1.000) (0.000,0.133) 
112      388    (0)    1 :  0.951 0.019 0.021 0.009     (0.715,1.000) (0.000,0.125) (0.000,0.143) (0.000,0.053) 
113      391    (0)    1 :  0.265 0.037 0.117 0.581     (0.000,1.000) (0.000,0.263) (0.000,0.521) (0.000,1.000) 
114      396   (18)    1 :  0.060 0.024 0.848 0.068     (0.000,0.382) (0.000,0.164) (0.395,1.000) (0.000,0.450) 
115      400   (18)    1 :  0.008 0.046 0.941 0.006     (0.000,0.041) (0.000,0.320) (0.645,1.000) (0.000,0.031) 
116      401    (0)    1 :  0.109 0.469 0.285 0.137     (0.000,0.590) (0.000,1.000) (0.000,0.796) (0.000,0.689) 
117      406    (0)    1 :  0.846 0.045 0.015 0.094     (0.160,1.000) (0.000,0.301) (0.000,0.091) (0.000,0.593) 
118      412    (6)    1 :  0.931 0.019 0.030 0.020     (0.601,1.000) (0.000,0.094) (0.000,0.207) (0.000,0.133) 
119      413    (0)    1 :  0.932 0.047 0.017 0.005     (0.628,1.000) (0.000,0.309) (0.000,0.106) (0.000,0.025) 
120      421    (0)    1 :  0.116 0.037 0.819 0.028     (0.000,0.561) (0.000,0.267) (0.346,1.000) (0.000,0.211) 
121      423    (0)    1 :  0.061 0.076 0.847 0.016     (0.000,0.431) (0.000,0.572) (0.188,1.000) (0.000,0.109) 
122      424    (0)    1 :  0.596 0.035 0.015 0.354     (0.000,1.000) (0.000,0.244) (0.000,0.090) (0.000,1.000) 
123      426    (0)    1 :  0.054 0.018 0.879 0.048     (0.000,0.383) (0.000,0.118) (0.456,1.000) (0.000,0.338) 
124      430   (12)    1 :  0.933 0.009 0.018 0.040     (0.606,1.000) (0.000,0.044) (0.000,0.106) (0.000,0.294) 
125      435    (0)    1 :  0.982 0.004 0.009 0.005     (0.895,1.000) (0.000,0.023) (0.000,0.050) (0.000,0.025) 
126      476    (0)    1 :  0.012 0.026 0.048 0.914     (0.000,0.079) (0.000,0.181) (0.000,0.339) (0.586,1.000) 
127      478    (0)    1 :  0.009 0.023 0.169 0.800     (0.000,0.054) (0.000,0.168) (0.000,0.609) (0.369,1.000) 
128      484    (0)    1 :  0.977 0.006 0.006 0.011     (0.861,1.000) (0.000,0.034) (0.000,0.034) (0.000,0.063) 
129      489    (0)    1 :  0.209 0.018 0.757 0.017     (0.000,1.000) (0.000,0.092) (0.000,1.000) (0.000,0.096) 
130      492   (18)    1 :  0.021 0.966 0.008 0.006     (0.000,0.139) (0.797,1.000) (0.000,0.045) (0.000,0.028) 
131      493    (0)    1 :  0.008 0.973 0.012 0.007     (0.000,0.049) (0.839,1.000) (0.000,0.078) (0.000,0.037) 
132      494    (0)    1 :  0.007 0.954 0.027 0.012     (0.000,0.038) (0.729,1.000) (0.000,0.205) (0.000,0.073) 
133      500    (0)    1 :  0.004 0.006 0.964 0.026     (0.000,0.019) (0.000,0.033) (0.785,1.000) (0.000,0.187) 
134      504    (0)    1 :  0.875 0.054 0.061 0.010     (0.515,1.000) (0.000,0.336) (0.000,0.362) (0.000,0.061) 
135      506    (0)    1 :  0.848 0.008 0.094 0.050     (0.438,1.000) (0.000,0.044) (0.000,0.495) (0.000,0.342) 


Estimated Allele Frequencies in each cluster
First column gives estimated ancestral frequencies


Locus 1 : Rsu3 
3 alleles
1.5% missing data
 164   (0.518) 0.487 0.548 0.616 0.495 
 166   (0.241) 0.392 0.214 0.164 0.127 
 170   (0.241) 0.121 0.237 0.220 0.378 

Locus 2 : Rsu5 
5 alleles
1.5% missing data
 137   (0.700) 0.701 0.664 0.925 0.955 
 135   (0.103) 0.047 0.103 0.026 0.030 
 139   (0.131) 0.039 0.196 0.044 0.011 
 133   (0.027) 0.002 0.022 0.002 0.002 
 131   (0.040) 0.211 0.015 0.003 0.003 

Locus 3 : Scv1 
5 alleles
0.7% missing data
 181   (0.553) 0.347 0.624 0.646 0.923 
 179   (0.192) 0.220 0.202 0.139 0.031 
 177   (0.105) 0.182 0.066 0.068 0.026 
 185   (0.117) 0.248 0.072 0.144 0.017 
 171   (0.032) 0.002 0.037 0.002 0.003 

Locus 4 : Rsu4 
9 alleles
0.0% missing data
 267   (0.226) 0.085 0.298 0.223 0.146 
 263   (0.303) 0.431 0.263 0.446 0.477 
 259   (0.053) 0.004 0.019 0.132 0.255 
 287   (0.163) 0.211 0.130 0.153 0.100 
 275   (0.049) 0.007 0.089 0.003 0.004 
 279   (0.081) 0.083 0.094 0.012 0.008 
 283   (0.057) 0.175 0.044 0.004 0.004 
 291   (0.039) 0.003 0.027 0.025 0.003 
 271   (0.030) 0.002 0.036 0.002 0.002 

Locus 5 : Rsu6 
5 alleles
0.0% missing data
 120   (0.255) 0.220 0.218 0.344 0.279 
 126   (0.592) 0.769 0.643 0.478 0.596 
 124   (0.086) 0.006 0.062 0.163 0.120 
 130   (0.040) 0.003 0.066 0.003 0.003 
 114   (0.026) 0.002 0.010 0.012 0.003 

Locus 6 : Scv12 
3 alleles
1.5% missing data
 198   (0.603) 0.582 0.696 0.370 0.676 
 196   (0.240) 0.346 0.175 0.214 0.292 
 200   (0.157) 0.072 0.130 0.415 0.033 

Locus 7 : Scv23 
3 alleles
1.5% missing data
 158   (0.490) 0.623 0.468 0.639 0.388 
 164   (0.230) 0.117 0.265 0.082 0.407 
 160   (0.281) 0.260 0.266 0.279 0.205 

Locus 8 : Scv13 
5 alleles
0.0% missing data
 182   (0.708) 0.807 0.690 0.940 0.791 
 180   (0.099) 0.007 0.109 0.045 0.170 
 172   (0.070) 0.127 0.062 0.005 0.006 
 184   (0.076) 0.012 0.105 0.007 0.029 
 174   (0.048) 0.046 0.034 0.003 0.004 

Locus 9 : Scv32 
18 alleles
0.7% missing data
 236   (0.038) 0.003 0.106 0.003 0.003 
 238   (0.046) 0.093 0.036 0.003 0.004 
 234   (0.112) 0.380 0.067 0.059 0.317 
 246   (0.052) 0.007 0.021 0.139 0.277 
 248   (0.088) 0.019 0.137 0.221 0.008 
 262   (0.085) 0.068 0.071 0.223 0.015 
 232   (0.196) 0.205 0.304 0.078 0.186 
 250   (0.034) 0.005 0.014 0.096 0.011 
 228   (0.023) 0.002 0.034 0.002 0.002 
 220   (0.046) 0.003 0.021 0.120 0.085 
 264   (0.063) 0.034 0.053 0.009 0.053 
 252   (0.039) 0.060 0.015 0.012 0.004 
 254   (0.041) 0.069 0.028 0.003 0.003 
 242   (0.027) 0.002 0.036 0.002 0.002 
 266   (0.027) 0.028 0.013 0.002 0.002 
 244   (0.038) 0.018 0.017 0.026 0.003 
 226   (0.023) 0.002 0.009 0.002 0.024 
 240   (0.022) 0.002 0.021 0.002 0.002 

Locus 10 : Scv8 
6 alleles
0.7% missing data
 200   (0.628) 0.598 0.667 0.720 0.833 
 202   (0.090) 0.077 0.132 0.006 0.007 
 194   (0.103) 0.075 0.052 0.073 0.145 
 204   (0.046) 0.003 0.031 0.071 0.004 
 198   (0.076) 0.007 0.083 0.126 0.006 
 188   (0.057) 0.240 0.036 0.004 0.004 

Locus 11 : Scv9 
5 alleles
0.0% missing data
 198   (0.303) 0.465 0.265 0.256 0.421 
 200   (0.373) 0.173 0.452 0.480 0.353 
 196   (0.249) 0.317 0.254 0.259 0.063 
 204   (0.049) 0.034 0.019 0.004 0.161 
 202   (0.026) 0.011 0.010 0.002 0.002 

Locus 12 : Rsu1 
6 alleles
0.0% missing data
 189   (0.317) 0.205 0.469 0.063 0.461 
 185   (0.255) 0.499 0.214 0.169 0.196 
 177   (0.082) 0.036 0.055 0.102 0.012 
 181   (0.249) 0.253 0.227 0.405 0.087 
 193   (0.047) 0.003 0.017 0.204 0.037 
 197   (0.050) 0.003 0.018 0.058 0.207 

Locus 13 : Scv14 
7 alleles
4.4% missing data
 196   (0.501) 0.611 0.444 0.816 0.916 
 198   (0.081) 0.093 0.106 0.006 0.007 
 194   (0.145) 0.095 0.177 0.072 0.024 
 202   (0.193) 0.191 0.226 0.090 0.047 
 204   (0.026) 0.002 0.022 0.002 0.002 
 190   (0.027) 0.002 0.011 0.012 0.002 
 200   (0.026) 0.007 0.015 0.002 0.002 

Locus 14 : Scv16 
7 alleles
0.0% missing data
 182   (0.370) 0.498 0.331 0.651 0.230 
 184   (0.425) 0.385 0.493 0.260 0.724 
 188   (0.090) 0.006 0.111 0.081 0.037 
 200   (0.026) 0.002 0.022 0.002 0.002 
 198   (0.032) 0.068 0.012 0.002 0.002 
 190   (0.031) 0.039 0.011 0.002 0.003 
 186   (0.026) 0.002 0.021 0.002 0.002 

Locus 15 : Scv31 
15 alleles
3.0% missing data
 193   (0.120) 0.148 0.112 0.212 0.017 
 201   (0.106) 0.025 0.172 0.075 0.013 
 187   (0.084) 0.045 0.037 0.213 0.241 
 207   (0.029) 0.002 0.011 0.005 0.370 
 195   (0.064) 0.098 0.026 0.081 0.024 
 185   (0.144) 0.304 0.139 0.037 0.220 
 189   (0.083) 0.006 0.163 0.075 0.006 
 205   (0.025) 0.002 0.022 0.002 0.002 
 191   (0.129) 0.261 0.082 0.229 0.082 
 197   (0.040) 0.058 0.016 0.013 0.011 
 199   (0.052) 0.042 0.059 0.004 0.004 
 203   (0.033) 0.002 0.051 0.002 0.002 
 209   (0.028) 0.002 0.036 0.002 0.002 
 213   (0.035) 0.002 0.065 0.002 0.003 
 181   (0.028) 0.002 0.011 0.049 0.003 

Locus 16 : Scv6 
8 alleles
0.0% missing data
 191   (0.117) 0.013 0.177 0.192 0.009 
 195   (0.356) 0.437 0.306 0.479 0.672 
 197   (0.194) 0.246 0.128 0.279 0.259 
 201   (0.087) 0.056 0.142 0.006 0.007 
 205   (0.031) 0.002 0.037 0.002 0.002 
 193   (0.084) 0.132 0.100 0.007 0.007 
 199   (0.100) 0.112 0.074 0.033 0.040 
 181   (0.031) 0.002 0.036 0.002 0.002 

Values of parameters used in structure:
DATAFILE=C:\Users\drenske\Desktop\STRUCTURE\Squirrel_135_ID_16L_20250816\project_data,	OUTFILE=C:\Users\drenske\Desktop\STRUCTURE\Squirrel_135_ID_16L_20250816\10k_Burnin_100k_MCMC\Results\10k_Burnin_100k_MCMC_run_89,	NUMINDS=135,	NUMLOCI=16,	MISSING=-9,	LABEL=1,	POPDATA=1,	POPFLAG=0,	PHENOTYPE=0,	EXTRACOLS=1,	MAXPOPS=4,	BURNIN=10000,	NUMREPS=100000,	USEPOPINFO=0,	INFERALPHA=1,	INFERLAMBDA=1,	POPSPECIFICLAMBDA=0,	POPALPHAS=0,	COMPUTEPROB=1,	NOADMIX=0,	ADMBURNIN=2500,	UPDATEFREQ=1,	PRINTLIKES=0,	INTERMEDSAVE=0,	PRINTKLD=0,	PRINTNET=0,	PRINTLAMBDA=0,	ANCESTDIST=1,	NUMBOXES=1000,	ANCESTPINT=0.90000,	GENSBACK=2,	MIGRPRIOR=0.05000,	PRINTQHAT=1,	PRINTQSUM=0,	ALPHA=1.0000,	FREQSCORR=1,	FPRIORMEAN=0.0100,	FPRIORSD=0.0500,	ONEFST=0,	LAMBDA=1.0000,	UNIFPRIORALPHA=1,	ALPHAMAX=10.0000,	ALPHAPRIORA=1.0000,	ALPHAPRIORB=2.0000,	ALPHAPROPSD=0.0250,	STARTATPOPINFO=0,	RANDOMIZE=1,	LINKAGE=0,	METROFREQ=10,	REPORTHITRATE=0,	MARKOVPHASE=-1,	PHASED=0,	PLOIDY=2,	PHASEINFO=0	LOCPRIOR=0, 	LOCPRIORINIT=1.000000, 	LOCDATA=0, 	LOCISPOP=0, 	LOCPRIORSTEP=0.100000, 	MAXLOCPRIOR=20.000000, 	SEED=1755510397,	
[STRAT parameters]:    NUMSIMSTATS=1000,	PHENOTYPECOL=-9,	POOLFREQ=10,	LOCUSxONLY=0,	EMERROR=0.00100,	MISSINGPHENO=-9,	