

----------------------------------------------------
STRUCTURE by Pritchard, Stephens and Donnelly (2000)
     and Falush, Stephens and Pritchard (2003)
       Code by Pritchard, Falush and Hubisz
             Version 2.3.4 (Jul 2012)
----------------------------------------------------



Command line arguments:   bin\structure -m C:\Users\drenske\Desktop\STRUCTURE\Squirrel_135_ID_16L_20250816\10k_Burnin_100k_MCMC\mainparams -e C:\Users\drenske\Desktop\STRUCTURE\Squirrel_135_ID_16L_20250816\10k_Burnin_100k_MCMC\extraparams 
Input File:    C:\Users\drenske\Desktop\STRUCTURE\Squirrel_135_ID_16L_20250816\project_data

Run parameters:
   135 individuals
   16 loci
   2 populations assumed
   10000 Burn-in period
   100000 Reps


--------------------------------------------
Proportion of membership of each pre-defined
 population in each of the 2 clusters

Given    Inferred Clusters       Number of
 Pop       1      2             Individuals

  1:     0.508  0.492             135
--------------------------------------------

Allele-freq. divergence among pops (Net nucleotide distance),
computed using point estimates of P.

      1       2      
 1      -    0.0322  
 2   0.0322     -    

Average distances (expected heterozygosity) between individuals in same cluster:
cluster  1  : 0.5773 
cluster  2  : 0.6261 

--------------------------------------------
Estimated Ln Prob of Data   = -5209.0
Mean value of ln likelihood = -5141.7
Variance of ln likelihood   = 134.6
Mean value of alpha         = 0.0535

Mean value of lambda        = 1.1058

Mean value of Fst_1         = 0.0954
Mean value of Fst_2         = 0.0617


Inferred ancestry of individuals:
        Label (%Miss) Pop:  Inferred clusters (and 90% probability intervals)
  1       1*    (0)    1 :  0.072 0.928     (0.000,0.477) (0.523,1.000) 
  2        3    (0)    1 :  0.986 0.014     (0.910,1.000) (0.000,0.090) 
  3        6    (0)    1 :  0.960 0.040     (0.714,1.000) (0.000,0.286) 
  4        8    (0)    1 :  0.990 0.010     (0.942,1.000) (0.000,0.058) 
  5       10    (0)    1 :  0.991 0.009     (0.952,1.000) (0.000,0.048) 
  6       11    (0)    1 :  0.861 0.139     (0.166,1.000) (0.000,0.834) 
  7       12    (0)    1 :  0.982 0.018     (0.901,1.000) (0.000,0.099) 
  8       16    (6)    1 :  0.991 0.009     (0.946,1.000) (0.000,0.054) 
  9       18    (0)    1 :  0.909 0.091     (0.000,1.000) (0.000,1.000) 
 10       19    (0)    1 :  0.139 0.861     (0.000,0.986) (0.014,1.000) 
 11       21    (6)    1 :  0.986 0.014     (0.913,1.000) (0.000,0.087) 
 12       23    (6)    1 :  0.531 0.469     (0.000,1.000) (0.000,1.000) 
 13       24    (6)    1 :  0.954 0.046     (0.688,1.000) (0.000,0.312) 
 14       25    (6)    1 :  0.932 0.068     (0.558,1.000) (0.000,0.442) 
 15      26*    (0)    1 :  0.994 0.006     (0.966,1.000) (0.000,0.034) 
 16       28    (0)    1 :  0.992 0.008     (0.953,1.000) (0.000,0.047) 
 17       29    (0)    1 :  0.990 0.010     (0.943,1.000) (0.000,0.057) 
 18       30    (0)    1 :  0.856 0.144     (0.167,1.000) (0.000,0.833) 
 19       33    (0)    1 :  0.013 0.987     (0.000,0.082) (0.918,1.000) 
 20       37    (0)    1 :  0.889 0.111     (0.000,1.000) (0.000,1.000) 
 21       38    (0)    1 :  0.910 0.090     (0.343,1.000) (0.000,0.657) 
 22       43    (0)    1 :  0.991 0.009     (0.949,1.000) (0.000,0.051) 
 23       44    (0)    1 :  0.987 0.013     (0.920,1.000) (0.000,0.080) 
 24       48    (0)    1 :  0.907 0.093     (0.000,1.000) (0.000,1.000) 
 25       55    (0)    1 :  0.980 0.020     (0.862,1.000) (0.000,0.138) 
 26       59    (0)    1 :  0.988 0.012     (0.929,1.000) (0.000,0.071) 
 27       60    (0)    1 :  0.012 0.988     (0.000,0.075) (0.925,1.000) 
 28       61    (0)    1 :  0.012 0.988     (0.000,0.073) (0.927,1.000) 
 29       62    (0)    1 :  0.063 0.937     (0.000,0.469) (0.531,1.000) 
 30       65    (0)    1 :  0.383 0.617     (0.000,1.000) (0.000,1.000) 
 31       73    (0)    1 :  0.027 0.973     (0.000,0.183) (0.817,1.000) 
 32       75    (0)    1 :  0.011 0.989     (0.000,0.072) (0.928,1.000) 
 33       76    (0)    1 :  0.009 0.991     (0.000,0.057) (0.943,1.000) 
 34       77    (0)    1 :  0.015 0.985     (0.000,0.091) (0.909,1.000) 
 35       78    (0)    1 :  0.011 0.989     (0.000,0.064) (0.936,1.000) 
 36       79    (0)    1 :  0.007 0.993     (0.000,0.038) (0.962,1.000) 
 37       84    (0)    1 :  0.968 0.032     (0.770,1.000) (0.000,0.230) 
 38       85    (0)    1 :  0.971 0.029     (0.790,1.000) (0.000,0.210) 
 39       86    (0)    1 :  0.932 0.068     (0.569,1.000) (0.000,0.431) 
 40       89    (0)    1 :  0.956 0.044     (0.685,1.000) (0.000,0.315) 
 41       94    (0)    1 :  0.992 0.008     (0.957,1.000) (0.000,0.043) 
 42       95    (0)    1 :  0.980 0.020     (0.867,1.000) (0.000,0.133) 
 43       96    (0)    1 :  0.990 0.010     (0.942,1.000) (0.000,0.058) 
 44       98    (0)    1 :  0.012 0.988     (0.000,0.072) (0.928,1.000) 
 45      102    (0)    1 :  0.819 0.181     (0.000,1.000) (0.000,1.000) 
 46      105    (0)    1 :  0.009 0.991     (0.000,0.050) (0.950,1.000) 
 47      106    (0)    1 :  0.055 0.945     (0.000,0.317) (0.683,1.000) 
 48      108    (0)    1 :  0.015 0.985     (0.000,0.094) (0.906,1.000) 
 49      109    (0)    1 :  0.024 0.976     (0.000,0.176) (0.824,1.000) 
 50      112    (0)    1 :  0.412 0.588     (0.000,1.000) (0.000,1.000) 
 51      115    (0)    1 :  0.630 0.370     (0.000,1.000) (0.000,1.000) 
 52      116    (0)    1 :  0.977 0.023     (0.850,1.000) (0.000,0.150) 
 53      117    (0)    1 :  0.974 0.026     (0.826,1.000) (0.000,0.174) 
 54      129    (0)    1 :  0.995 0.005     (0.969,1.000) (0.000,0.031) 
 55      132    (0)    1 :  0.067 0.933     (0.000,0.466) (0.534,1.000) 
 56      133    (0)    1 :  0.009 0.991     (0.000,0.049) (0.951,1.000) 
 57      137    (6)    1 :  0.028 0.972     (0.000,0.165) (0.835,1.000) 
 58      139    (0)    1 :  0.021 0.979     (0.000,0.142) (0.858,1.000) 
 59      140    (0)    1 :  0.014 0.986     (0.000,0.083) (0.917,1.000) 
 60      142    (0)    1 :  0.015 0.985     (0.000,0.094) (0.906,1.000) 
 61      144    (0)    1 :  0.008 0.992     (0.000,0.044) (0.956,1.000) 
 62      145    (0)    1 :  0.018 0.982     (0.000,0.104) (0.896,1.000) 
 63      147    (0)    1 :  0.007 0.993     (0.000,0.045) (0.955,1.000) 
 64      160    (0)    1 :  0.989 0.011     (0.941,1.000) (0.000,0.059) 
 65     162*    (0)    1 :  0.990 0.010     (0.938,1.000) (0.000,0.062) 
 66      166    (0)    1 :  0.012 0.988     (0.000,0.069) (0.931,1.000) 
 67      177    (0)    1 :  0.012 0.988     (0.000,0.077) (0.923,1.000) 
 68      178    (0)    1 :  0.017 0.983     (0.000,0.114) (0.886,1.000) 
 69      186    (0)    1 :  0.990 0.010     (0.938,1.000) (0.000,0.062) 
 70      189    (0)    1 :  0.991 0.009     (0.946,1.000) (0.000,0.054) 
 71      190    (0)    1 :  0.989 0.011     (0.937,1.000) (0.000,0.063) 
 72      191    (0)    1 :  0.983 0.017     (0.889,1.000) (0.000,0.111) 
 73      193    (0)    1 :  0.144 0.856     (0.000,1.000) (0.000,1.000) 
 74      202    (0)    1 :  0.960 0.040     (0.713,1.000) (0.000,0.287) 
 75      204    (0)    1 :  0.995 0.005     (0.969,1.000) (0.000,0.031) 
 76      211    (0)    1 :  0.029 0.971     (0.000,0.201) (0.799,1.000) 
 77      216    (0)    1 :  0.008 0.992     (0.000,0.044) (0.956,1.000) 
 78      222    (0)    1 :  0.022 0.978     (0.000,0.143) (0.857,1.000) 
 79      224    (0)    1 :  0.985 0.015     (0.910,1.000) (0.000,0.090) 
 80      226    (0)    1 :  0.983 0.017     (0.890,1.000) (0.000,0.110) 
 81      229    (0)    1 :  0.919 0.081     (0.500,1.000) (0.000,0.500) 
 82      230    (0)    1 :  0.974 0.026     (0.823,1.000) (0.000,0.177) 
 83      232    (0)    1 :  0.958 0.042     (0.703,1.000) (0.000,0.297) 
 84      238    (0)    1 :  0.071 0.929     (0.000,0.391) (0.609,1.000) 
 85      242    (0)    1 :  0.051 0.949     (0.000,0.335) (0.665,1.000) 
 86      243    (0)    1 :  0.080 0.920     (0.000,0.534) (0.466,1.000) 
 87      244    (0)    1 :  0.030 0.970     (0.000,0.216) (0.784,1.000) 
 88      251    (0)    1 :  0.146 0.854     (0.000,0.998) (0.002,1.000) 
 89      266    (0)    1 :  0.034 0.966     (0.000,0.235) (0.765,1.000) 
 90      267    (0)    1 :  0.044 0.956     (0.000,0.305) (0.695,1.000) 
 91      268    (0)    1 :  0.009 0.991     (0.000,0.052) (0.948,1.000) 
 92      270    (0)    1 :  0.989 0.011     (0.931,1.000) (0.000,0.069) 
 93      276    (0)    1 :  0.962 0.038     (0.727,1.000) (0.000,0.273) 
 94      298    (6)    1 :  0.009 0.991     (0.000,0.054) (0.946,1.000) 
 95      306    (0)    1 :  0.008 0.992     (0.000,0.046) (0.954,1.000) 
 96      308    (0)    1 :  0.012 0.988     (0.000,0.077) (0.923,1.000) 
 97      311    (6)    1 :  0.023 0.977     (0.000,0.140) (0.860,1.000) 
 98      323    (0)    1 :  0.983 0.017     (0.895,1.000) (0.000,0.105) 
 99      327    (0)    1 :  0.990 0.010     (0.941,1.000) (0.000,0.059) 
100      334    (0)    1 :  0.031 0.969     (0.000,0.207) (0.793,1.000) 
101      338    (0)    1 :  0.023 0.977     (0.000,0.141) (0.859,1.000) 
102      341    (0)    1 :  0.942 0.058     (0.628,1.000) (0.000,0.372) 
103      346    (0)    1 :  0.023 0.977     (0.000,0.138) (0.862,1.000) 
104      348    (0)    1 :  0.008 0.992     (0.000,0.048) (0.952,1.000) 
105      351    (0)    1 :  0.065 0.935     (0.000,0.438) (0.562,1.000) 
106      362    (0)    1 :  0.992 0.008     (0.958,1.000) (0.000,0.042) 
107      364    (0)    1 :  0.038 0.962     (0.000,0.266) (0.734,1.000) 
108      366    (0)    1 :  0.248 0.752     (0.000,1.000) (0.000,1.000) 
109      376    (0)    1 :  0.986 0.014     (0.911,1.000) (0.000,0.089) 
110      377    (6)    1 :  0.908 0.092     (0.327,1.000) (0.000,0.673) 
111      378    (0)    1 :  0.963 0.037     (0.768,1.000) (0.000,0.232) 
112      388    (0)    1 :  0.015 0.985     (0.000,0.086) (0.914,1.000) 
113      391    (0)    1 :  0.516 0.484     (0.000,1.000) (0.000,1.000) 
114      396   (18)    1 :  0.968 0.032     (0.775,1.000) (0.000,0.225) 
115      400   (18)    1 :  0.979 0.021     (0.865,1.000) (0.000,0.135) 
116      401    (0)    1 :  0.801 0.199     (0.141,1.000) (0.000,0.859) 
117      406    (0)    1 :  0.049 0.951     (0.000,0.344) (0.656,1.000) 
118      412    (6)    1 :  0.080 0.920     (0.000,0.639) (0.361,1.000) 
119      413    (0)    1 :  0.013 0.987     (0.000,0.079) (0.921,1.000) 
120      421    (0)    1 :  0.943 0.057     (0.606,1.000) (0.000,0.394) 
121      423    (0)    1 :  0.928 0.072     (0.495,1.000) (0.000,0.505) 
122      424    (0)    1 :  0.048 0.952     (0.000,0.303) (0.697,1.000) 
123      426    (0)    1 :  0.962 0.038     (0.745,1.000) (0.000,0.255) 
124      430   (12)    1 :  0.041 0.959     (0.000,0.265) (0.735,1.000) 
125      435    (0)    1 :  0.011 0.989     (0.000,0.064) (0.936,1.000) 
126      476    (0)    1 :  0.985 0.015     (0.903,1.000) (0.000,0.097) 
127      478    (0)    1 :  0.991 0.009     (0.947,1.000) (0.000,0.053) 
128      484    (0)    1 :  0.009 0.991     (0.000,0.055) (0.945,1.000) 
129      489    (0)    1 :  0.572 0.428     (0.000,1.000) (0.000,1.000) 
130      492   (18)    1 :  0.017 0.983     (0.000,0.087) (0.913,1.000) 
131      493    (0)    1 :  0.831 0.169     (0.000,1.000) (0.000,1.000) 
132      494    (0)    1 :  0.884 0.116     (0.002,1.000) (0.000,0.998) 
133      500    (0)    1 :  0.995 0.005     (0.971,1.000) (0.000,0.029) 
134      504    (0)    1 :  0.025 0.975     (0.000,0.172) (0.828,1.000) 
135      506    (0)    1 :  0.116 0.884     (0.000,0.577) (0.423,1.000) 


Estimated Allele Frequencies in each cluster
First column gives estimated ancestral frequencies


Locus 1 : Rsu3 
3 alleles
1.5% missing data
 164   (0.513) 0.575 0.505 
 166   (0.275) 0.143 0.361 
 170   (0.212) 0.282 0.135 

Locus 2 : Rsu5 
5 alleles
1.5% missing data
 137   (0.688) 0.901 0.685 
 135   (0.089) 0.026 0.071 
 139   (0.115) 0.060 0.083 
 133   (0.031) 0.008 0.004 
 131   (0.078) 0.006 0.156 

Locus 3 : Scv1 
5 alleles
0.7% missing data
 181   (0.458) 0.727 0.413 
 179   (0.191) 0.111 0.221 
 177   (0.131) 0.049 0.157 
 185   (0.178) 0.104 0.198 
 171   (0.042) 0.009 0.012 

Locus 4 : Rsu4 
9 alleles
0.0% missing data
 267   (0.173) 0.196 0.159 
 263   (0.327) 0.434 0.382 
 259   (0.050) 0.153 0.006 
 287   (0.169) 0.123 0.197 
 275   (0.053) 0.034 0.015 
 279   (0.085) 0.026 0.082 
 283   (0.065) 0.004 0.141 
 291   (0.038) 0.020 0.007 
 271   (0.040) 0.009 0.011 

Locus 5 : Rsu6 
5 alleles
0.0% missing data
 120   (0.260) 0.306 0.220 
 126   (0.584) 0.523 0.748 
 124   (0.073) 0.141 0.015 
 130   (0.053) 0.022 0.014 
 114   (0.031) 0.009 0.004 

Locus 6 : Scv12 
3 alleles
1.5% missing data
 198   (0.542) 0.490 0.621 
 196   (0.289) 0.237 0.295 
 200   (0.169) 0.274 0.084 

Locus 7 : Scv23 
3 alleles
1.5% missing data
 158   (0.528) 0.543 0.586 
 164   (0.202) 0.193 0.164 
 160   (0.269) 0.264 0.250 

Locus 8 : Scv13 
5 alleles
0.0% missing data
 182   (0.744) 0.860 0.785 
 180   (0.060) 0.108 0.010 
 172   (0.070) 0.005 0.115 
 184   (0.077) 0.023 0.044 
 174   (0.049) 0.003 0.046 

Locus 9 : Scv32 
18 alleles
0.7% missing data
 236   (0.040) 0.004 0.051 
 238   (0.042) 0.003 0.079 
 234   (0.151) 0.133 0.295 
 246   (0.053) 0.161 0.011 
 248   (0.081) 0.155 0.049 
 262   (0.089) 0.145 0.068 
 232   (0.140) 0.168 0.203 
 250   (0.043) 0.059 0.010 
 228   (0.029) 0.003 0.015 
 220   (0.037) 0.097 0.005 
 264   (0.053) 0.016 0.048 
 252   (0.049) 0.010 0.047 
 254   (0.039) 0.003 0.059 
 242   (0.029) 0.014 0.005 
 266   (0.031) 0.002 0.024 
 244   (0.043) 0.016 0.019 
 226   (0.025) 0.008 0.003 
 240   (0.025) 0.002 0.009 

Locus 10 : Scv8 
6 alleles
0.7% missing data
 200   (0.587) 0.743 0.619 
 202   (0.091) 0.020 0.098 
 194   (0.111) 0.092 0.064 
 204   (0.045) 0.050 0.006 
 198   (0.082) 0.089 0.027 
 188   (0.084) 0.006 0.186 

Locus 11 : Scv9 
5 alleles
0.0% missing data
 198   (0.339) 0.293 0.422 
 200   (0.293) 0.449 0.238 
 196   (0.258) 0.212 0.292 
 204   (0.079) 0.044 0.038 
 202   (0.031) 0.002 0.010 

Locus 12 : Rsu1 
6 alleles
0.0% missing data
 189   (0.260) 0.233 0.277 
 185   (0.291) 0.175 0.429 
 177   (0.089) 0.070 0.040 
 181   (0.260) 0.297 0.243 
 193   (0.052) 0.133 0.006 
 197   (0.048) 0.092 0.005 

Locus 13 : Scv14 
7 alleles
4.4% missing data
 196   (0.547) 0.806 0.555 
 198   (0.064) 0.005 0.110 
 194   (0.128) 0.097 0.095 
 202   (0.167) 0.073 0.222 
 204   (0.031) 0.008 0.005 
 190   (0.031) 0.009 0.004 
 200   (0.031) 0.002 0.010 

Locus 14 : Scv16 
7 alleles
0.0% missing data
 182   (0.410) 0.463 0.482 
 184   (0.366) 0.439 0.395 
 188   (0.074) 0.085 0.022 
 200   (0.030) 0.004 0.008 
 198   (0.048) 0.003 0.052 
 190   (0.041) 0.003 0.031 
 186   (0.031) 0.002 0.010 

Locus 15 : Scv31 
15 alleles
3.0% missing data
 193   (0.120) 0.143 0.135 
 201   (0.082) 0.076 0.063 
 187   (0.085) 0.193 0.044 
 207   (0.039) 0.113 0.005 
 195   (0.083) 0.054 0.079 
 185   (0.145) 0.100 0.261 
 189   (0.051) 0.103 0.015 
 205   (0.026) 0.003 0.009 
 191   (0.147) 0.160 0.215 
 197   (0.052) 0.014 0.045 
 199   (0.043) 0.004 0.052 
 203   (0.033) 0.002 0.024 
 209   (0.030) 0.002 0.017 
 213   (0.034) 0.002 0.032 
 181   (0.032) 0.030 0.004 

Locus 16 : Scv6 
8 alleles
0.0% missing data
 191   (0.104) 0.150 0.051 
 195   (0.351) 0.502 0.407 
 197   (0.207) 0.245 0.218 
 201   (0.081) 0.021 0.086 
 205   (0.033) 0.014 0.005 
 193   (0.092) 0.022 0.122 
 199   (0.098) 0.039 0.100 
 181   (0.034) 0.007 0.012 

Values of parameters used in structure:
DATAFILE=C:\Users\drenske\Desktop\STRUCTURE\Squirrel_135_ID_16L_20250816\project_data,	OUTFILE=C:\Users\drenske\Desktop\STRUCTURE\Squirrel_135_ID_16L_20250816\10k_Burnin_100k_MCMC\Results\10k_Burnin_100k_MCMC_run_34,	NUMINDS=135,	NUMLOCI=16,	MISSING=-9,	LABEL=1,	POPDATA=1,	POPFLAG=0,	PHENOTYPE=0,	EXTRACOLS=1,	MAXPOPS=2,	BURNIN=10000,	NUMREPS=100000,	USEPOPINFO=0,	INFERALPHA=1,	INFERLAMBDA=1,	POPSPECIFICLAMBDA=0,	POPALPHAS=0,	COMPUTEPROB=1,	NOADMIX=0,	ADMBURNIN=2500,	UPDATEFREQ=1,	PRINTLIKES=0,	INTERMEDSAVE=0,	PRINTKLD=0,	PRINTNET=0,	PRINTLAMBDA=0,	ANCESTDIST=1,	NUMBOXES=1000,	ANCESTPINT=0.90000,	GENSBACK=2,	MIGRPRIOR=0.05000,	PRINTQHAT=1,	PRINTQSUM=0,	ALPHA=1.0000,	FREQSCORR=1,	FPRIORMEAN=0.0100,	FPRIORSD=0.0500,	ONEFST=0,	LAMBDA=1.0000,	UNIFPRIORALPHA=1,	ALPHAMAX=10.0000,	ALPHAPRIORA=1.0000,	ALPHAPRIORB=2.0000,	ALPHAPROPSD=0.0250,	STARTATPOPINFO=0,	RANDOMIZE=1,	LINKAGE=0,	METROFREQ=10,	REPORTHITRATE=0,	MARKOVPHASE=-1,	PHASED=0,	PLOIDY=2,	PHASEINFO=0	LOCPRIOR=0, 	LOCPRIORINIT=1.000000, 	LOCDATA=0, 	LOCISPOP=0, 	LOCPRIORSTEP=0.100000, 	MAXLOCPRIOR=20.000000, 	SEED=1755507873,	
[STRAT parameters]:    NUMSIMSTATS=1000,	PHENOTYPECOL=-9,	POOLFREQ=10,	LOCUSxONLY=0,	EMERROR=0.00100,	MISSINGPHENO=-9,	