

----------------------------------------------------
STRUCTURE by Pritchard, Stephens and Donnelly (2000)
     and Falush, Stephens and Pritchard (2003)
       Code by Pritchard, Falush and Hubisz
             Version 2.3.4 (Jul 2012)
----------------------------------------------------



Command line arguments:   bin\structure -m C:\Users\drenske\Desktop\STRUCTURE\Squirrel_135_ID_16L_20250816\10k_Burnin_100k_MCMC\mainparams -e C:\Users\drenske\Desktop\STRUCTURE\Squirrel_135_ID_16L_20250816\10k_Burnin_100k_MCMC\extraparams 
Input File:    C:\Users\drenske\Desktop\STRUCTURE\Squirrel_135_ID_16L_20250816\project_data

Run parameters:
   135 individuals
   16 loci
   3 populations assumed
   10000 Burn-in period
   100000 Reps


--------------------------------------------
Proportion of membership of each pre-defined
 population in each of the 3 clusters

Given    Inferred Clusters       Number of
 Pop       1      2      3      Individuals

  1:     0.204  0.418  0.378      135
--------------------------------------------

Allele-freq. divergence among pops (Net nucleotide distance),
computed using point estimates of P.

      1       2       3      
 1      -    0.0351  0.0370  
 2   0.0351     -    0.0445  
 3   0.0370  0.0445     -    

Average distances (expected heterozygosity) between individuals in same cluster:
cluster  1  : 0.6512 
cluster  2  : 0.5533 
cluster  3  : 0.6002 

--------------------------------------------
Estimated Ln Prob of Data   = -5069.3
Mean value of ln likelihood = -4964.8
Variance of ln likelihood   = 208.9
Mean value of alpha         = 0.0402

Mean value of lambda        = 1.0641

Mean value of Fst_1         = 0.0288
Mean value of Fst_2         = 0.1457
Mean value of Fst_3         = 0.1310


Inferred ancestry of individuals:
        Label (%Miss) Pop:  Inferred clusters (and 90% probability intervals)
  1       1*    (0)    1 :  0.967 0.013 0.020     (0.778,1.000) (0.000,0.077) (0.000,0.144) 
  2        3    (0)    1 :  0.020 0.967 0.013     (0.000,0.101) (0.802,1.000) (0.000,0.082) 
  3        6    (0)    1 :  0.007 0.962 0.031     (0.000,0.037) (0.739,1.000) (0.000,0.234) 
  4        8    (0)    1 :  0.011 0.983 0.006     (0.000,0.064) (0.897,1.000) (0.000,0.031) 
  5       10    (0)    1 :  0.008 0.986 0.006     (0.000,0.039) (0.921,1.000) (0.000,0.028) 
  6       11    (0)    1 :  0.819 0.147 0.034     (0.000,1.000) (0.000,0.925) (0.000,0.258) 
  7       12    (0)    1 :  0.012 0.975 0.014     (0.000,0.065) (0.846,1.000) (0.000,0.074) 
  8       16    (6)    1 :  0.010 0.983 0.007     (0.000,0.057) (0.893,1.000) (0.000,0.037) 
  9       18    (0)    1 :  0.986 0.009 0.005     (0.917,1.000) (0.000,0.048) (0.000,0.025) 
 10       19    (0)    1 :  0.941 0.026 0.033     (0.620,1.000) (0.000,0.191) (0.000,0.233) 
 11       21    (6)    1 :  0.009 0.980 0.010     (0.000,0.051) (0.873,1.000) (0.000,0.058) 
 12       23    (6)    1 :  0.028 0.575 0.397     (0.000,0.163) (0.000,1.000) (0.000,1.000) 
 13       24    (6)    1 :  0.397 0.579 0.024     (0.000,1.000) (0.000,1.000) (0.000,0.177) 
 14       25    (6)    1 :  0.054 0.877 0.069     (0.000,0.381) (0.409,1.000) (0.000,0.444) 
 15      26*    (0)    1 :  0.013 0.983 0.004     (0.000,0.084) (0.892,1.000) (0.000,0.022) 
 16       28    (0)    1 :  0.006 0.988 0.006     (0.000,0.032) (0.929,1.000) (0.000,0.029) 
 17       29    (0)    1 :  0.019 0.976 0.006     (0.000,0.082) (0.875,1.000) (0.000,0.030) 
 18       30    (0)    1 :  0.054 0.813 0.133     (0.000,0.391) (0.127,1.000) (0.000,0.598) 
 19       33    (0)    1 :  0.977 0.005 0.018     (0.853,1.000) (0.000,0.025) (0.000,0.123) 
 20       37    (0)    1 :  0.980 0.013 0.007     (0.874,1.000) (0.000,0.081) (0.000,0.034) 
 21       38    (0)    1 :  0.979 0.017 0.004     (0.867,1.000) (0.000,0.112) (0.000,0.021) 
 22       43    (0)    1 :  0.014 0.980 0.006     (0.000,0.081) (0.877,1.000) (0.000,0.032) 
 23       44    (0)    1 :  0.010 0.978 0.012     (0.000,0.050) (0.862,1.000) (0.000,0.075) 
 24       48    (0)    1 :  0.987 0.008 0.005     (0.924,1.000) (0.000,0.044) (0.000,0.023) 
 25       55    (0)    1 :  0.009 0.975 0.016     (0.000,0.051) (0.837,1.000) (0.000,0.101) 
 26       59    (0)    1 :  0.150 0.841 0.009     (0.000,1.000) (0.000,1.000) (0.000,0.052) 
 27       60    (0)    1 :  0.051 0.011 0.937     (0.000,0.346) (0.000,0.063) (0.602,1.000) 
 28       61    (0)    1 :  0.009 0.008 0.983     (0.000,0.049) (0.000,0.043) (0.894,1.000) 
 29       62    (0)    1 :  0.022 0.025 0.953     (0.000,0.120) (0.000,0.134) (0.721,1.000) 
 30       65    (0)    1 :  0.979 0.007 0.014     (0.861,1.000) (0.000,0.038) (0.000,0.098) 
 31       73    (0)    1 :  0.014 0.031 0.956     (0.000,0.088) (0.000,0.223) (0.725,1.000) 
 32       75    (0)    1 :  0.025 0.009 0.966     (0.000,0.179) (0.000,0.054) (0.779,1.000) 
 33       76    (0)    1 :  0.006 0.007 0.987     (0.000,0.032) (0.000,0.039) (0.918,1.000) 
 34       77    (0)    1 :  0.021 0.009 0.970     (0.000,0.115) (0.000,0.054) (0.824,1.000) 
 35       78    (0)    1 :  0.009 0.007 0.984     (0.000,0.046) (0.000,0.039) (0.902,1.000) 
 36       79    (0)    1 :  0.019 0.005 0.976     (0.000,0.137) (0.000,0.024) (0.845,1.000) 
 37       84    (0)    1 :  0.011 0.963 0.027     (0.000,0.064) (0.753,1.000) (0.000,0.200) 
 38       85    (0)    1 :  0.031 0.953 0.015     (0.000,0.203) (0.711,1.000) (0.000,0.097) 
 39       86    (0)    1 :  0.070 0.894 0.036     (0.000,0.481) (0.434,1.000) (0.000,0.273) 
 40       89    (0)    1 :  0.043 0.914 0.043     (0.000,0.290) (0.477,1.000) (0.000,0.319) 
 41       94    (0)    1 :  0.125 0.869 0.006     (0.000,1.000) (0.000,1.000) (0.000,0.028) 
 42       95    (0)    1 :  0.213 0.768 0.019     (0.000,1.000) (0.000,1.000) (0.000,0.135) 
 43       96    (0)    1 :  0.005 0.988 0.007     (0.000,0.028) (0.927,1.000) (0.000,0.036) 
 44       98    (0)    1 :  0.010 0.009 0.981     (0.000,0.052) (0.000,0.047) (0.886,1.000) 
 45      102    (0)    1 :  0.963 0.017 0.019     (0.767,1.000) (0.000,0.119) (0.000,0.137) 
 46      105    (0)    1 :  0.017 0.007 0.976     (0.000,0.116) (0.000,0.040) (0.847,1.000) 
 47      106    (0)    1 :  0.048 0.048 0.905     (0.000,0.346) (0.000,0.267) (0.549,1.000) 
 48      108    (0)    1 :  0.050 0.013 0.938     (0.000,0.343) (0.000,0.079) (0.626,1.000) 
 49      109    (0)    1 :  0.008 0.023 0.969     (0.000,0.040) (0.000,0.174) (0.795,1.000) 
 50      112    (0)    1 :  0.102 0.421 0.478     (0.000,0.835) (0.000,1.000) (0.000,1.000) 
 51      115    (0)    1 :  0.932 0.035 0.033     (0.564,1.000) (0.000,0.253) (0.000,0.231) 
 52      116    (0)    1 :  0.032 0.953 0.015     (0.000,0.226) (0.702,1.000) (0.000,0.098) 
 53      117    (0)    1 :  0.008 0.974 0.017     (0.000,0.044) (0.838,1.000) (0.000,0.108) 
 54      129    (0)    1 :  0.006 0.990 0.004     (0.000,0.028) (0.943,1.000) (0.000,0.021) 
 55      132    (0)    1 :  0.404 0.047 0.549     (0.000,1.000) (0.000,0.355) (0.000,1.000) 
 56      133    (0)    1 :  0.007 0.006 0.987     (0.000,0.037) (0.000,0.033) (0.917,1.000) 
 57      137    (6)    1 :  0.012 0.018 0.970     (0.000,0.064) (0.000,0.110) (0.815,1.000) 
 58      139    (0)    1 :  0.060 0.020 0.920     (0.000,0.424) (0.000,0.142) (0.532,1.000) 
 59      140    (0)    1 :  0.007 0.008 0.985     (0.000,0.039) (0.000,0.042) (0.905,1.000) 
 60      142    (0)    1 :  0.009 0.009 0.982     (0.000,0.047) (0.000,0.051) (0.888,1.000) 
 61      144    (0)    1 :  0.007 0.005 0.988     (0.000,0.040) (0.000,0.026) (0.924,1.000) 
 62      145    (0)    1 :  0.007 0.009 0.984     (0.000,0.038) (0.000,0.046) (0.902,1.000) 
 63      147    (0)    1 :  0.007 0.006 0.986     (0.000,0.042) (0.000,0.032) (0.916,1.000) 
 64      160    (0)    1 :  0.030 0.962 0.007     (0.000,0.133) (0.811,1.000) (0.000,0.038) 
 65     162*    (0)    1 :  0.006 0.988 0.006     (0.000,0.030) (0.926,1.000) (0.000,0.033) 
 66      166    (0)    1 :  0.010 0.008 0.983     (0.000,0.046) (0.000,0.041) (0.900,1.000) 
 67      177    (0)    1 :  0.010 0.008 0.982     (0.000,0.056) (0.000,0.048) (0.884,1.000) 
 68      178    (0)    1 :  0.009 0.013 0.978     (0.000,0.048) (0.000,0.077) (0.863,1.000) 
 69      186    (0)    1 :  0.011 0.981 0.008     (0.000,0.064) (0.881,1.000) (0.000,0.043) 
 70      189    (0)    1 :  0.009 0.985 0.006     (0.000,0.048) (0.908,1.000) (0.000,0.033) 
 71      190    (0)    1 :  0.009 0.984 0.007     (0.000,0.046) (0.903,1.000) (0.000,0.041) 
 72      191    (0)    1 :  0.008 0.976 0.017     (0.000,0.040) (0.842,1.000) (0.000,0.110) 
 73      193    (0)    1 :  0.013 0.052 0.935     (0.000,0.065) (0.000,0.369) (0.566,1.000) 
 74      202    (0)    1 :  0.199 0.778 0.024     (0.000,1.000) (0.000,1.000) (0.000,0.170) 
 75      204    (0)    1 :  0.004 0.992 0.003     (0.000,0.021) (0.955,1.000) (0.000,0.017) 
 76      211    (0)    1 :  0.027 0.024 0.948     (0.000,0.150) (0.000,0.182) (0.681,1.000) 
 77      216    (0)    1 :  0.005 0.006 0.989     (0.000,0.027) (0.000,0.029) (0.934,1.000) 
 78      222    (0)    1 :  0.061 0.016 0.923     (0.000,0.425) (0.000,0.100) (0.533,1.000) 
 79      224    (0)    1 :  0.014 0.975 0.011     (0.000,0.070) (0.849,1.000) (0.000,0.064) 
 80      226    (0)    1 :  0.240 0.748 0.012     (0.000,1.000) (0.000,1.000) (0.000,0.073) 
 81      229    (0)    1 :  0.051 0.924 0.025     (0.000,0.361) (0.550,1.000) (0.000,0.186) 
 82      230    (0)    1 :  0.020 0.957 0.023     (0.000,0.112) (0.765,1.000) (0.000,0.155) 
 83      232    (0)    1 :  0.015 0.940 0.044     (0.000,0.079) (0.623,1.000) (0.000,0.328) 
 84      238    (0)    1 :  0.867 0.020 0.113     (0.341,1.000) (0.000,0.135) (0.000,0.625) 
 85      242    (0)    1 :  0.990 0.005 0.005     (0.937,1.000) (0.000,0.027) (0.000,0.027) 
 86      243    (0)    1 :  0.912 0.018 0.070     (0.517,1.000) (0.000,0.119) (0.000,0.447) 
 87      244    (0)    1 :  0.947 0.009 0.043     (0.664,1.000) (0.000,0.055) (0.000,0.313) 
 88      251    (0)    1 :  0.920 0.042 0.038     (0.513,1.000) (0.000,0.330) (0.000,0.285) 
 89      266    (0)    1 :  0.339 0.013 0.648     (0.000,1.000) (0.000,0.082) (0.000,1.000) 
 90      267    (0)    1 :  0.022 0.051 0.927     (0.000,0.147) (0.000,0.349) (0.591,1.000) 
 91      268    (0)    1 :  0.009 0.007 0.984     (0.000,0.047) (0.000,0.038) (0.905,1.000) 
 92      270    (0)    1 :  0.013 0.978 0.008     (0.000,0.075) (0.867,1.000) (0.000,0.046) 
 93      276    (0)    1 :  0.011 0.948 0.041     (0.000,0.062) (0.653,1.000) (0.000,0.315) 
 94      298    (6)    1 :  0.008 0.006 0.985     (0.000,0.044) (0.000,0.033) (0.911,1.000) 
 95      306    (0)    1 :  0.016 0.005 0.978     (0.000,0.081) (0.000,0.028) (0.883,1.000) 
 96      308    (0)    1 :  0.015 0.009 0.976     (0.000,0.089) (0.000,0.048) (0.850,1.000) 
 97      311    (6)    1 :  0.221 0.021 0.758     (0.000,1.000) (0.000,0.143) (0.000,1.000) 
 98      323    (0)    1 :  0.163 0.824 0.014     (0.000,1.000) (0.000,1.000) (0.000,0.086) 
 99      327    (0)    1 :  0.011 0.981 0.007     (0.000,0.063) (0.885,1.000) (0.000,0.038) 
100      334    (0)    1 :  0.980 0.006 0.014     (0.873,1.000) (0.000,0.031) (0.000,0.091) 
101      338    (0)    1 :  0.013 0.016 0.972     (0.000,0.071) (0.000,0.086) (0.825,1.000) 
102      341    (0)    1 :  0.177 0.786 0.037     (0.000,1.000) (0.000,1.000) (0.000,0.256) 
103      346    (0)    1 :  0.011 0.020 0.969     (0.000,0.051) (0.000,0.121) (0.813,1.000) 
104      348    (0)    1 :  0.012 0.007 0.982     (0.000,0.064) (0.000,0.038) (0.886,1.000) 
105      351    (0)    1 :  0.953 0.017 0.030     (0.703,1.000) (0.000,0.111) (0.000,0.189) 
106      362    (0)    1 :  0.005 0.989 0.005     (0.000,0.027) (0.937,1.000) (0.000,0.026) 
107      364    (0)    1 :  0.979 0.007 0.014     (0.869,1.000) (0.000,0.036) (0.000,0.088) 
108      366    (0)    1 :  0.950 0.025 0.025     (0.678,1.000) (0.000,0.177) (0.000,0.173) 
109      376    (0)    1 :  0.009 0.980 0.011     (0.000,0.047) (0.878,1.000) (0.000,0.059) 
110      377    (6)    1 :  0.048 0.829 0.124     (0.000,0.319) (0.014,1.000) (0.000,0.745) 
111      378    (0)    1 :  0.007 0.968 0.024     (0.000,0.033) (0.807,1.000) (0.000,0.151) 
112      388    (0)    1 :  0.020 0.015 0.965     (0.000,0.132) (0.000,0.094) (0.775,1.000) 
113      391    (0)    1 :  0.059 0.421 0.521     (0.000,0.442) (0.000,1.000) (0.000,1.000) 
114      396   (18)    1 :  0.017 0.953 0.030     (0.000,0.096) (0.691,1.000) (0.000,0.222) 
115      400   (18)    1 :  0.375 0.613 0.012     (0.000,1.000) (0.000,1.000) (0.000,0.073) 
116      401    (0)    1 :  0.420 0.497 0.083     (0.000,1.000) (0.000,1.000) (0.000,0.497) 
117      406    (0)    1 :  0.043 0.031 0.926     (0.000,0.276) (0.000,0.224) (0.528,1.000) 
118      412    (6)    1 :  0.014 0.034 0.952     (0.000,0.075) (0.000,0.235) (0.693,1.000) 
119      413    (0)    1 :  0.048 0.009 0.943     (0.000,0.316) (0.000,0.049) (0.659,1.000) 
120      421    (0)    1 :  0.037 0.863 0.100     (0.000,0.269) (0.399,1.000) (0.000,0.550) 
121      423    (0)    1 :  0.158 0.766 0.076     (0.000,1.000) (0.000,1.000) (0.000,0.524) 
122      424    (0)    1 :  0.039 0.037 0.924     (0.000,0.261) (0.000,0.236) (0.495,1.000) 
123      426    (0)    1 :  0.015 0.954 0.032     (0.000,0.085) (0.704,1.000) (0.000,0.230) 
124      430   (12)    1 :  0.009 0.027 0.964     (0.000,0.045) (0.000,0.181) (0.769,1.000) 
125      435    (0)    1 :  0.004 0.007 0.989     (0.000,0.022) (0.000,0.034) (0.933,1.000) 
126      476    (0)    1 :  0.052 0.939 0.009     (0.000,0.351) (0.631,1.000) (0.000,0.053) 
127      478    (0)    1 :  0.011 0.983 0.006     (0.000,0.064) (0.893,1.000) (0.000,0.032) 
128      484    (0)    1 :  0.007 0.007 0.986     (0.000,0.038) (0.000,0.040) (0.914,1.000) 
129      489    (0)    1 :  0.031 0.479 0.490     (0.000,0.178) (0.000,1.000) (0.000,1.000) 
130      492   (18)    1 :  0.972 0.007 0.021     (0.816,1.000) (0.000,0.035) (0.000,0.146) 
131      493    (0)    1 :  0.984 0.009 0.007     (0.898,1.000) (0.000,0.050) (0.000,0.039) 
132      494    (0)    1 :  0.974 0.019 0.006     (0.832,1.000) (0.000,0.133) (0.000,0.035) 
133      500    (0)    1 :  0.007 0.990 0.004     (0.000,0.033) (0.942,1.000) (0.000,0.018) 
134      504    (0)    1 :  0.052 0.049 0.899     (0.000,0.335) (0.000,0.332) (0.529,1.000) 
135      506    (0)    1 :  0.009 0.092 0.899     (0.000,0.048) (0.000,0.497) (0.491,1.000) 


Estimated Allele Frequencies in each cluster
First column gives estimated ancestral frequencies


Locus 1 : Rsu3 
3 alleles
1.5% missing data
 164   (0.516) 0.534 0.591 0.484 
 166   (0.237) 0.211 0.145 0.392 
 170   (0.247) 0.255 0.264 0.124 

Locus 2 : Rsu5 
5 alleles
1.5% missing data
 137   (0.680) 0.666 0.949 0.701 
 135   (0.103) 0.099 0.019 0.053 
 139   (0.149) 0.196 0.029 0.039 
 133   (0.028) 0.022 0.001 0.002 
 131   (0.041) 0.017 0.002 0.205 

Locus 3 : Scv1 
5 alleles
0.7% missing data
 181   (0.544) 0.614 0.750 0.352 
 179   (0.203) 0.205 0.102 0.213 
 177   (0.099) 0.068 0.038 0.193 
 185   (0.120) 0.078 0.108 0.240 
 171   (0.034) 0.035 0.002 0.002 

Locus 4 : Rsu4 
9 alleles
0.0% missing data
 267   (0.234) 0.294 0.197 0.085 
 263   (0.294) 0.270 0.451 0.442 
 259   (0.036) 0.015 0.187 0.002 
 287   (0.157) 0.133 0.133 0.209 
 275   (0.055) 0.083 0.003 0.007 
 279   (0.089) 0.093 0.009 0.081 
 283   (0.062) 0.046 0.003 0.170 
 291   (0.042) 0.031 0.015 0.003 
 271   (0.032) 0.034 0.002 0.002 

Locus 5 : Rsu6 
5 alleles
0.0% missing data
 120   (0.245) 0.219 0.326 0.223 
 126   (0.605) 0.639 0.512 0.767 
 124   (0.077) 0.068 0.151 0.005 
 130   (0.045) 0.062 0.002 0.003 
 114   (0.028) 0.012 0.009 0.002 

Locus 6 : Scv12 
3 alleles
1.5% missing data
 198   (0.620) 0.694 0.450 0.590 
 196   (0.214) 0.166 0.247 0.338 
 200   (0.166) 0.140 0.303 0.072 

Locus 7 : Scv23 
3 alleles
1.5% missing data
 158   (0.483) 0.468 0.559 0.624 
 164   (0.244) 0.268 0.182 0.125 
 160   (0.273) 0.265 0.260 0.251 

Locus 8 : Scv13 
5 alleles
0.0% missing data
 182   (0.700) 0.697 0.893 0.814 
 180   (0.093) 0.103 0.087 0.006 
 172   (0.074) 0.062 0.004 0.124 
 184   (0.082) 0.100 0.014 0.012 
 174   (0.051) 0.037 0.003 0.044 

Locus 9 : Scv32 
18 alleles
0.7% missing data
 236   (0.046) 0.097 0.002 0.003 
 238   (0.045) 0.034 0.002 0.091 
 234   (0.097) 0.068 0.145 0.373 
 246   (0.047) 0.029 0.189 0.009 
 248   (0.103) 0.137 0.150 0.027 
 262   (0.088) 0.073 0.163 0.067 
 232   (0.199) 0.288 0.115 0.198 
 250   (0.037) 0.019 0.068 0.008 
 228   (0.029) 0.034 0.002 0.002 
 220   (0.032) 0.018 0.115 0.002 
 264   (0.060) 0.053 0.014 0.041 
 252   (0.040) 0.018 0.009 0.058 
 254   (0.040) 0.028 0.002 0.067 
 242   (0.027) 0.033 0.001 0.002 
 266   (0.026) 0.013 0.001 0.027 
 244   (0.039) 0.024 0.013 0.020 
 226   (0.022) 0.013 0.007 0.002 
 240   (0.022) 0.020 0.001 0.002 

Locus 10 : Scv8 
6 alleles
0.7% missing data
 200   (0.617) 0.659 0.761 0.604 
 202   (0.100) 0.126 0.005 0.075 
 194   (0.084) 0.048 0.098 0.075 
 204   (0.049) 0.034 0.050 0.003 
 198   (0.091) 0.096 0.082 0.010 
 188   (0.059) 0.038 0.003 0.232 

Locus 11 : Scv9 
5 alleles
0.0% missing data
 198   (0.284) 0.257 0.314 0.460 
 200   (0.373) 0.446 0.442 0.177 
 196   (0.254) 0.250 0.201 0.311 
 204   (0.063) 0.036 0.042 0.043 
 202   (0.027) 0.011 0.001 0.010 

Locus 12 : Rsu1 
6 alleles
0.0% missing data
 189   (0.351) 0.456 0.182 0.212 
 185   (0.234) 0.205 0.180 0.489 
 177   (0.082) 0.055 0.076 0.036 
 181   (0.250) 0.237 0.300 0.257 
 193   (0.037) 0.016 0.162 0.002 
 197   (0.046) 0.031 0.101 0.003 

Locus 13 : Scv14 
7 alleles
4.4% missing data
 196   (0.478) 0.458 0.851 0.621 
 198   (0.089) 0.101 0.005 0.092 
 194   (0.155) 0.171 0.058 0.092 
 202   (0.198) 0.218 0.076 0.185 
 204   (0.027) 0.022 0.002 0.002 
 190   (0.027) 0.014 0.007 0.002 
 200   (0.027) 0.016 0.002 0.006 

Locus 14 : Scv16 
7 alleles
0.0% missing data
 182   (0.356) 0.332 0.526 0.492 
 184   (0.440) 0.497 0.397 0.394 
 188   (0.086) 0.101 0.071 0.005 
 200   (0.027) 0.022 0.001 0.002 
 198   (0.033) 0.014 0.002 0.066 
 190   (0.031) 0.013 0.002 0.038 
 186   (0.027) 0.021 0.001 0.002 

Locus 15 : Scv31 
15 alleles
3.0% missing data
 193   (0.125) 0.113 0.150 0.148 
 201   (0.118) 0.163 0.055 0.026 
 187   (0.065) 0.035 0.230 0.050 
 207   (0.035) 0.017 0.136 0.002 
 195   (0.056) 0.027 0.060 0.099 
 185   (0.145) 0.150 0.083 0.304 
 189   (0.094) 0.163 0.045 0.006 
 205   (0.023) 0.020 0.001 0.002 
 191   (0.115) 0.083 0.184 0.256 
 197   (0.040) 0.018 0.012 0.057 
 199   (0.054) 0.057 0.003 0.041 
 203   (0.035) 0.047 0.002 0.002 
 209   (0.030) 0.034 0.002 0.002 
 213   (0.038) 0.060 0.002 0.003 
 181   (0.027) 0.012 0.035 0.002 

Locus 16 : Scv6 
8 alleles
0.0% missing data
 191   (0.136) 0.175 0.136 0.015 
 195   (0.349) 0.332 0.523 0.453 
 197   (0.163) 0.121 0.287 0.238 
 201   (0.099) 0.134 0.006 0.056 
 205   (0.033) 0.035 0.002 0.002 
 193   (0.092) 0.097 0.006 0.128 
 199   (0.095) 0.071 0.040 0.106 
 181   (0.033) 0.035 0.002 0.002 

Values of parameters used in structure:
DATAFILE=C:\Users\drenske\Desktop\STRUCTURE\Squirrel_135_ID_16L_20250816\project_data,	OUTFILE=C:\Users\drenske\Desktop\STRUCTURE\Squirrel_135_ID_16L_20250816\10k_Burnin_100k_MCMC\Results\10k_Burnin_100k_MCMC_run_65,	NUMINDS=135,	NUMLOCI=16,	MISSING=-9,	LABEL=1,	POPDATA=1,	POPFLAG=0,	PHENOTYPE=0,	EXTRACOLS=1,	MAXPOPS=3,	BURNIN=10000,	NUMREPS=100000,	USEPOPINFO=0,	INFERALPHA=1,	INFERLAMBDA=1,	POPSPECIFICLAMBDA=0,	POPALPHAS=0,	COMPUTEPROB=1,	NOADMIX=0,	ADMBURNIN=2500,	UPDATEFREQ=1,	PRINTLIKES=0,	INTERMEDSAVE=0,	PRINTKLD=0,	PRINTNET=0,	PRINTLAMBDA=0,	ANCESTDIST=1,	NUMBOXES=1000,	ANCESTPINT=0.90000,	GENSBACK=2,	MIGRPRIOR=0.05000,	PRINTQHAT=1,	PRINTQSUM=0,	ALPHA=1.0000,	FREQSCORR=1,	FPRIORMEAN=0.0100,	FPRIORSD=0.0500,	ONEFST=0,	LAMBDA=1.0000,	UNIFPRIORALPHA=1,	ALPHAMAX=10.0000,	ALPHAPRIORA=1.0000,	ALPHAPRIORB=2.0000,	ALPHAPROPSD=0.0250,	STARTATPOPINFO=0,	RANDOMIZE=1,	LINKAGE=0,	METROFREQ=10,	REPORTHITRATE=0,	MARKOVPHASE=-1,	PHASED=0,	PLOIDY=2,	PHASEINFO=0	LOCPRIOR=0, 	LOCPRIORINIT=1.000000, 	LOCDATA=0, 	LOCISPOP=0, 	LOCPRIORSTEP=0.100000, 	MAXLOCPRIOR=20.000000, 	SEED=1755509185,	
[STRAT parameters]:    NUMSIMSTATS=1000,	PHENOTYPECOL=-9,	POOLFREQ=10,	LOCUSxONLY=0,	EMERROR=0.00100,	MISSINGPHENO=-9,	