          1*  1 0.0331 0.8047 0.0079 0.0057 0.0202 0.0613 0.0523 0.0147 
           3  1 0.0054 0.0049 0.0054 0.0042 0.0066 0.0040 0.0068 0.9627 
           6  1 0.0088 0.0059 0.0201 0.0121 0.0181 0.0061 0.0228 0.9061 
           8  1 0.0220 0.0106 0.9288 0.0035 0.0147 0.0092 0.0056 0.0056 
          10  1 0.8530 0.0075 0.1094 0.0052 0.0036 0.0070 0.0051 0.0093 
          11  1 0.0235 0.5963 0.0880 0.0459 0.0125 0.0418 0.1512 0.0408 
          12  1 0.9653 0.0041 0.0066 0.0043 0.0041 0.0034 0.0073 0.0050 
          16  1 0.0082 0.0062 0.0151 0.0056 0.0051 0.0047 0.0060 0.9491 
          18  1 0.0063 0.9591 0.0073 0.0041 0.0051 0.0043 0.0050 0.0088 
          19  1 0.0110 0.8381 0.0331 0.0614 0.0211 0.0055 0.0152 0.0146 
          21  1 0.0084 0.0059 0.0214 0.0072 0.0061 0.0055 0.0084 0.9370 
          23  1 0.7442 0.0098 0.0162 0.0316 0.0144 0.0112 0.1608 0.0116 
          24  1 0.3754 0.0912 0.2360 0.0440 0.0106 0.2037 0.0179 0.0212 
          25  1 0.6989 0.0144 0.0759 0.0081 0.0093 0.0227 0.1126 0.0582 
         26*  1 0.1529 0.0189 0.6769 0.0047 0.0072 0.0377 0.0075 0.0940 
          28  1 0.1133 0.0065 0.7526 0.0066 0.0057 0.0217 0.0109 0.0827 
          29  1 0.8938 0.0129 0.0619 0.0055 0.0044 0.0107 0.0054 0.0055 
          30  1 0.0676 0.0244 0.4656 0.0072 0.2874 0.0094 0.0223 0.1160 
          33  1 0.0051 0.9264 0.0044 0.0332 0.0099 0.0055 0.0102 0.0053 
          37  1 0.0300 0.9153 0.0078 0.0083 0.0051 0.0141 0.0087 0.0107 
          38  1 0.0167 0.9350 0.0161 0.0043 0.0041 0.0113 0.0038 0.0088 
          43  1 0.7371 0.0083 0.1753 0.0062 0.0057 0.0127 0.0108 0.0441 
          44  1 0.0071 0.0104 0.5364 0.0065 0.0465 0.0059 0.0225 0.3646 
          48  1 0.0064 0.9561 0.0055 0.0038 0.0058 0.0048 0.0054 0.0122 
          55  1 0.0101 0.0111 0.7258 0.0095 0.0195 0.0166 0.0352 0.1722 
          59  1 0.0040 0.0059 0.0058 0.0038 0.0056 0.0041 0.0052 0.9656 
          60  1 0.0547 0.0159 0.0047 0.0174 0.0251 0.0846 0.7874 0.0101 
          61  1 0.0076 0.0099 0.0093 0.5419 0.0540 0.0170 0.3453 0.0150 
          62  1 0.0329 0.0204 0.0125 0.2794 0.0218 0.0348 0.5867 0.0116 
          65  1 0.0080 0.9136 0.0095 0.0127 0.0258 0.0145 0.0111 0.0048 
          73  1 0.0900 0.0075 0.0103 0.0052 0.8472 0.0143 0.0192 0.0062 
          75  1 0.0044 0.0113 0.0079 0.9297 0.0280 0.0055 0.0050 0.0082 
          76  1 0.0095 0.0046 0.0046 0.9530 0.0054 0.0028 0.0143 0.0059 
          77  1 0.0090 0.0084 0.0048 0.8396 0.0044 0.0128 0.1145 0.0066 
          78  1 0.0167 0.0166 0.0099 0.2874 0.6008 0.0092 0.0523 0.0071 
          79  1 0.0050 0.0120 0.0077 0.8892 0.0505 0.0103 0.0210 0.0044 
          84  1 0.0947 0.0100 0.1016 0.0177 0.0166 0.0701 0.0627 0.6268 
          85  1 0.0067 0.0120 0.9288 0.0069 0.0122 0.0124 0.0113 0.0097 
          86  1 0.0151 0.0161 0.8894 0.0111 0.0172 0.0328 0.0131 0.0051 
          89  1 0.2686 0.0229 0.0149 0.0328 0.0130 0.0334 0.1327 0.4816 
          94  1 0.9289 0.0233 0.0119 0.0056 0.0043 0.0050 0.0082 0.0129 
          95  1 0.0051 0.0094 0.0126 0.0050 0.0081 0.0043 0.0108 0.9447 
          96  1 0.0097 0.0046 0.9629 0.0053 0.0044 0.0040 0.0046 0.0046 
          98  1 0.0090 0.0072 0.0062 0.0449 0.1735 0.0434 0.7099 0.0061 
         102  1 0.0233 0.8697 0.0059 0.0136 0.0125 0.0206 0.0182 0.0362 
         105  1 0.0046 0.0066 0.0041 0.0039 0.9670 0.0044 0.0045 0.0048 
         106  1 0.0085 0.0337 0.0213 0.5157 0.2217 0.0250 0.0713 0.1029 
         108  1 0.0087 0.0640 0.0086 0.0234 0.8522 0.0122 0.0235 0.0072 
         109  1 0.0064 0.0099 0.0172 0.0301 0.8059 0.0061 0.1146 0.0097 
         112  1 0.0827 0.0426 0.1330 0.1590 0.0099 0.0184 0.5446 0.0099 
         115  1 0.0638 0.7882 0.0114 0.0152 0.0315 0.0369 0.0384 0.0147 
         116  1 0.0069 0.0164 0.9176 0.0066 0.0222 0.0070 0.0119 0.0114 
         117  1 0.2287 0.0169 0.2546 0.0225 0.0180 0.0086 0.0392 0.4116 
         129  1 0.0067 0.0072 0.9325 0.0035 0.0050 0.0052 0.0054 0.0346 
         132  1 0.2312 0.0823 0.0067 0.0135 0.0207 0.1287 0.4949 0.0220 
         133  1 0.0075 0.0062 0.0045 0.0640 0.1654 0.0399 0.7056 0.0069 
         137  1 0.0137 0.0136 0.0110 0.5198 0.0120 0.0127 0.4010 0.0162 
         139  1 0.0083 0.0121 0.0136 0.9326 0.0092 0.0087 0.0067 0.0089 
         140  1 0.0050 0.0088 0.0067 0.0214 0.8727 0.0044 0.0646 0.0164 
         142  1 0.0120 0.0081 0.0059 0.6949 0.0106 0.0059 0.2387 0.0239 
         144  1 0.0038 0.0044 0.0033 0.0047 0.9677 0.0041 0.0063 0.0057 
         145  1 0.0055 0.0064 0.0052 0.3325 0.0131 0.0591 0.5711 0.0071 
         147  1 0.0045 0.0066 0.0073 0.0188 0.9418 0.0096 0.0075 0.0040 
         160  1 0.9571 0.0078 0.0077 0.0049 0.0041 0.0045 0.0054 0.0085 
        162*  1 0.0105 0.0043 0.9614 0.0056 0.0045 0.0041 0.0052 0.0044 
         166  1 0.0062 0.0070 0.0070 0.0293 0.0532 0.0771 0.7988 0.0213 
         177  1 0.0042 0.0042 0.0044 0.9711 0.0035 0.0033 0.0052 0.0041 
         178  1 0.0325 0.0110 0.0143 0.8163 0.0310 0.0324 0.0544 0.0081 
         186  1 0.0052 0.0043 0.0051 0.0041 0.0036 0.0032 0.0049 0.9696 
         189  1 0.0128 0.0061 0.9522 0.0073 0.0036 0.0048 0.0068 0.0065 
         190  1 0.0433 0.0131 0.8442 0.0105 0.0085 0.0253 0.0221 0.0331 
         191  1 0.0276 0.0124 0.2937 0.0261 0.0512 0.0074 0.0376 0.5441 
         193  1 0.0165 0.0114 0.0105 0.2767 0.0145 0.0457 0.5920 0.0327 
         202  1 0.5481 0.0557 0.2912 0.0113 0.0081 0.0449 0.0312 0.0095 
         204  1 0.0078 0.0038 0.9391 0.0032 0.0041 0.0028 0.0042 0.0351 
         211  1 0.3115 0.0278 0.0102 0.0460 0.2229 0.0752 0.2971 0.0094 
         216  1 0.0225 0.0061 0.0049 0.0294 0.7538 0.0432 0.1354 0.0046 
         222  1 0.0188 0.0425 0.0141 0.0147 0.8027 0.0458 0.0548 0.0067 
         224  1 0.0160 0.0114 0.9201 0.0067 0.0129 0.0061 0.0127 0.0142 
         226  1 0.0044 0.0090 0.0071 0.0047 0.0039 0.0038 0.0079 0.9593 
         229  1 0.0645 0.0201 0.6918 0.0266 0.0265 0.1113 0.0489 0.0102 
         230  1 0.0206 0.0133 0.8910 0.0362 0.0109 0.0045 0.0092 0.0143 
         232  1 0.4796 0.0273 0.1292 0.0701 0.0186 0.0093 0.1983 0.0676 
         238  1 0.0119 0.6836 0.0610 0.1491 0.0235 0.0128 0.0518 0.0064 
         242  1 0.0044 0.9378 0.0054 0.0040 0.0075 0.0275 0.0074 0.0059 
         243  1 0.0106 0.7864 0.0079 0.0252 0.0281 0.0068 0.1076 0.0272 
         244  1 0.0110 0.7415 0.0115 0.1776 0.0084 0.0187 0.0249 0.0062 
         251  1 0.1319 0.7014 0.0273 0.0226 0.0168 0.0261 0.0662 0.0077 
         266  1 0.0111 0.1750 0.0225 0.5602 0.0160 0.0498 0.1536 0.0117 
         267  1 0.0125 0.0203 0.0343 0.0117 0.7970 0.0121 0.0836 0.0284 
         268  1 0.0452 0.0097 0.0051 0.3983 0.2547 0.0936 0.1854 0.0080 
         270  1 0.0157 0.0112 0.9094 0.0065 0.0103 0.0102 0.0128 0.0239 
         276  1 0.0304 0.0188 0.2551 0.0594 0.0575 0.0093 0.1270 0.4425 
         298  1 0.0109 0.0100 0.0059 0.1057 0.7824 0.0273 0.0422 0.0156 
         306  1 0.0069 0.0131 0.0056 0.0354 0.0199 0.0599 0.8512 0.0080 
         308  1 0.1021 0.0354 0.0086 0.5155 0.2165 0.0193 0.0957 0.0070 
         311  1 0.0228 0.1394 0.0233 0.0242 0.2179 0.0196 0.5441 0.0086 
         323  1 0.0044 0.0071 0.0070 0.0040 0.0052 0.0043 0.0054 0.9625 
         327  1 0.2166 0.0159 0.6848 0.0066 0.0123 0.0264 0.0205 0.0169 
         334  1 0.0055 0.0074 0.0042 0.0035 0.0058 0.9665 0.0041 0.0030 
         338  1 0.0281 0.0177 0.0177 0.0240 0.4632 0.0201 0.4111 0.0181 
         341  1 0.0060 0.0106 0.0068 0.0057 0.0046 0.0060 0.0185 0.9419 
         346  1 0.0313 0.0079 0.0070 0.3335 0.0071 0.0115 0.5908 0.0109 
         348  1 0.0065 0.0203 0.0087 0.2250 0.6631 0.0126 0.0552 0.0085 
         351  1 0.0339 0.4381 0.0093 0.0198 0.0090 0.2539 0.2152 0.0208 
         362  1 0.0291 0.0062 0.9158 0.0048 0.0057 0.0031 0.0069 0.0283 
         364  1 0.0095 0.9044 0.0050 0.0097 0.0086 0.0251 0.0289 0.0087 
         366  1 0.0104 0.8915 0.0323 0.0077 0.0238 0.0049 0.0190 0.0104 
         376  1 0.0214 0.0078 0.0209 0.0183 0.0056 0.0066 0.0317 0.8876 
         377  1 0.7572 0.0125 0.1055 0.0080 0.0227 0.0193 0.0579 0.0169 
         378  1 0.9457 0.0042 0.0060 0.0107 0.0064 0.0046 0.0122 0.0101 
         388  1 0.0310 0.0133 0.0091 0.0101 0.7478 0.0298 0.1489 0.0100 
         391  1 0.2571 0.0118 0.0063 0.0101 0.0183 0.0071 0.2552 0.4340 
         396  1 0.0279 0.0110 0.6346 0.0241 0.0219 0.0302 0.1984 0.0520 
         400  1 0.6455 0.0652 0.1633 0.0077 0.0074 0.0827 0.0192 0.0090 
         401  1 0.0092 0.2380 0.3780 0.1750 0.0097 0.0212 0.0665 0.1026 
         406  1 0.0146 0.0364 0.0094 0.0273 0.1225 0.0098 0.7201 0.0598 
         412  1 0.0247 0.0143 0.0159 0.0226 0.0967 0.0069 0.8041 0.0149 
         413  1 0.0071 0.0165 0.0183 0.2944 0.0246 0.2253 0.4098 0.0040 
         421  1 0.0172 0.0220 0.6108 0.0550 0.0316 0.0234 0.2192 0.0208 
         423  1 0.0202 0.0545 0.7104 0.0182 0.0815 0.0182 0.0849 0.0120 
         424  1 0.0377 0.0224 0.0088 0.0233 0.0213 0.0199 0.7382 0.1283 
         426  1 0.8516 0.0178 0.0266 0.0143 0.0118 0.0093 0.0428 0.0258 
         430  1 0.0132 0.0071 0.0126 0.0792 0.0210 0.0475 0.7870 0.0323 
         435  1 0.0184 0.0050 0.0058 0.6657 0.0325 0.0089 0.2588 0.0050 
         476  1 0.0154 0.0311 0.0866 0.0241 0.0061 0.0074 0.0207 0.8086 
         478  1 0.0153 0.0268 0.1926 0.0066 0.0086 0.0093 0.0148 0.7260 
         484  1 0.0106 0.0068 0.0057 0.0272 0.7157 0.0121 0.2059 0.0161 
         489  1 0.6759 0.0084 0.0298 0.0103 0.1122 0.0131 0.1411 0.0092 
         492  1 0.0037 0.0045 0.0036 0.0038 0.0044 0.9712 0.0050 0.0037 
         493  1 0.0104 0.9462 0.0107 0.0067 0.0056 0.0039 0.0106 0.0058 
         494  1 0.0301 0.9105 0.0159 0.0076 0.0059 0.0122 0.0068 0.0111 
         500  1 0.0090 0.0062 0.9548 0.0038 0.0037 0.0025 0.0047 0.0154 
         504  1 0.0337 0.0202 0.0434 0.0115 0.7622 0.0455 0.0752 0.0084 
         506  1 0.0093 0.0055 0.0431 0.0040 0.9072 0.0036 0.0168 0.0105 
