          1*  1 0.9645 0.0207 0.0147 
           3  1 0.0163 0.0111 0.9726 
           6  1 0.0064 0.0284 0.9652 
           8  1 0.0116 0.0060 0.9824 
          10  1 0.0083 0.0055 0.9862 
          11  1 0.8187 0.0330 0.1483 
          12  1 0.0127 0.0130 0.9743 
          16  1 0.0110 0.0068 0.9822 
          18  1 0.9862 0.0046 0.0091 
          19  1 0.9420 0.0335 0.0245 
          21  1 0.0099 0.0107 0.9793 
          23  1 0.0290 0.4198 0.5512 
          24  1 0.3930 0.0251 0.5819 
          25  1 0.0557 0.0798 0.8644 
         26*  1 0.0120 0.0045 0.9835 
          28  1 0.0061 0.0058 0.9881 
          29  1 0.0196 0.0058 0.9746 
          30  1 0.0437 0.1340 0.8223 
          33  1 0.9783 0.0169 0.0047 
          37  1 0.9805 0.0067 0.0128 
          38  1 0.9811 0.0036 0.0153 
          43  1 0.0145 0.0060 0.9795 
          44  1 0.0100 0.0122 0.9778 
          48  1 0.9869 0.0050 0.0080 
          55  1 0.0090 0.0155 0.9755 
          59  1 0.1082 0.0092 0.8826 
          60  1 0.0537 0.9354 0.0109 
          61  1 0.0080 0.9837 0.0083 
          62  1 0.0224 0.9480 0.0297 
          65  1 0.9782 0.0144 0.0074 
          73  1 0.0141 0.9536 0.0323 
          75  1 0.0297 0.9617 0.0086 
          76  1 0.0061 0.9867 0.0072 
          77  1 0.0182 0.9722 0.0097 
          78  1 0.0087 0.9843 0.0070 
          79  1 0.0202 0.9746 0.0052 
          84  1 0.0109 0.0249 0.9643 
          85  1 0.0354 0.0155 0.9491 
          86  1 0.0774 0.0392 0.8834 
          89  1 0.0402 0.0457 0.9142 
          94  1 0.1285 0.0060 0.8655 
          95  1 0.1517 0.0176 0.8308 
          96  1 0.0059 0.0064 0.9877 
          98  1 0.0096 0.9814 0.0090 
         102  1 0.9656 0.0171 0.0173 
         105  1 0.0175 0.9746 0.0079 
         106  1 0.0662 0.8870 0.0468 
         108  1 0.0546 0.9320 0.0134 
         109  1 0.0102 0.9652 0.0246 
         112  1 0.1088 0.4732 0.4180 
         115  1 0.9377 0.0318 0.0305 
         116  1 0.0335 0.0135 0.9530 
         117  1 0.0086 0.0156 0.9758 
         129  1 0.0054 0.0045 0.9901 
         132  1 0.4031 0.5451 0.0518 
         133  1 0.0066 0.9872 0.0062 
         137  1 0.0123 0.9721 0.0156 
         139  1 0.0672 0.9133 0.0194 
         140  1 0.0074 0.9845 0.0081 
         142  1 0.0082 0.9822 0.0096 
         144  1 0.0064 0.9884 0.0052 
         145  1 0.0090 0.9822 0.0089 
         147  1 0.0078 0.9862 0.0061 
         160  1 0.0301 0.0073 0.9626 
        162*  1 0.0060 0.0066 0.9875 
         166  1 0.0085 0.9833 0.0082 
         177  1 0.0098 0.9824 0.0078 
         178  1 0.0096 0.9774 0.0130 
         186  1 0.0089 0.0080 0.9831 
         189  1 0.0099 0.0055 0.9846 
         190  1 0.0086 0.0070 0.9843 
         191  1 0.0081 0.0159 0.9761 
         193  1 0.0123 0.9374 0.0503 
         202  1 0.1969 0.0273 0.7758 
         204  1 0.0039 0.0034 0.9926 
         211  1 0.0267 0.9480 0.0253 
         216  1 0.0056 0.9895 0.0049 
         222  1 0.0857 0.8988 0.0155 
         224  1 0.0144 0.0114 0.9742 
         226  1 0.1974 0.0108 0.7918 
         229  1 0.0561 0.0237 0.9202 
         230  1 0.0206 0.0258 0.9536 
         232  1 0.0155 0.0509 0.9337 
         238  1 0.8700 0.1093 0.0206 
         242  1 0.9896 0.0053 0.0051 
         243  1 0.9106 0.0716 0.0177 
         244  1 0.9468 0.0427 0.0105 
         251  1 0.9194 0.0387 0.0419 
         266  1 0.3566 0.6289 0.0145 
         267  1 0.0233 0.9218 0.0549 
         268  1 0.0084 0.9847 0.0070 
         270  1 0.0142 0.0087 0.9772 
         276  1 0.0129 0.0419 0.9452 
         298  1 0.0078 0.9848 0.0073 
         306  1 0.0134 0.9808 0.0058 
         308  1 0.0150 0.9761 0.0089 
         311  1 0.2534 0.7249 0.0218 
         323  1 0.1144 0.0132 0.8724 
         327  1 0.0116 0.0074 0.9810 
         334  1 0.9808 0.0137 0.0055 
         338  1 0.0150 0.9677 0.0174 
         341  1 0.1411 0.0365 0.8224 
         346  1 0.0112 0.9711 0.0177 
         348  1 0.0113 0.9824 0.0063 
         351  1 0.9574 0.0265 0.0161 
         362  1 0.0058 0.0052 0.9890 
         364  1 0.9796 0.0134 0.0070 
         366  1 0.9480 0.0251 0.0269 
         376  1 0.0106 0.0108 0.9786 
         377  1 0.0568 0.1301 0.8130 
         378  1 0.0076 0.0318 0.9606 
         388  1 0.0188 0.9651 0.0161 
         391  1 0.0524 0.5209 0.4266 
         396  1 0.0167 0.0287 0.9546 
         400  1 0.3998 0.0105 0.5898 
         401  1 0.4067 0.0802 0.5132 
         406  1 0.0429 0.9275 0.0296 
         412  1 0.0177 0.9411 0.0411 
         413  1 0.0497 0.9402 0.0102 
         421  1 0.0411 0.0931 0.8658 
         423  1 0.1533 0.0739 0.7728 
         424  1 0.0349 0.9229 0.0423 
         426  1 0.0151 0.0304 0.9545 
         430  1 0.0086 0.9630 0.0283 
         435  1 0.0048 0.9883 0.0068 
         476  1 0.0402 0.0098 0.9500 
         478  1 0.0105 0.0066 0.9829 
         484  1 0.0059 0.9863 0.0078 
         489  1 0.0348 0.5034 0.4619 
         492  1 0.9739 0.0188 0.0073 
         493  1 0.9822 0.0075 0.0103 
         494  1 0.9734 0.0064 0.0202 
         500  1 0.0071 0.0034 0.9895 
         504  1 0.0541 0.8938 0.0521 
         506  1 0.0096 0.9004 0.0900 
