          1*  1 0.0427 0.0093 0.0080 0.0490 0.0175 0.0158 0.1487 0.0054 0.7037 
           3  1 0.0059 0.0059 0.0068 0.0056 0.0072 0.9514 0.0071 0.0047 0.0054 
           6  1 0.0128 0.0204 0.0105 0.0121 0.0174 0.8785 0.0319 0.0114 0.0049 
           8  1 0.0423 0.6587 0.2322 0.0181 0.0175 0.0076 0.0057 0.0037 0.0141 
          10  1 0.7980 0.1620 0.0053 0.0074 0.0034 0.0073 0.0049 0.0052 0.0066 
          11  1 0.0162 0.0201 0.0868 0.6428 0.0090 0.0344 0.0341 0.0281 0.1286 
          12  1 0.9245 0.0252 0.0067 0.0066 0.0058 0.0056 0.0165 0.0049 0.0042 
          16  1 0.0103 0.0159 0.0084 0.0074 0.0049 0.9348 0.0070 0.0053 0.0061 
          18  1 0.0062 0.0080 0.0125 0.0136 0.0059 0.0091 0.0050 0.0044 0.9354 
          19  1 0.0099 0.0243 0.0159 0.8250 0.0172 0.0151 0.0089 0.0457 0.0380 
          21  1 0.0098 0.0233 0.0095 0.0084 0.0059 0.9213 0.0084 0.0074 0.0061 
          23  1 0.5334 0.0287 0.0504 0.0317 0.0114 0.0107 0.3024 0.0226 0.0086 
          24  1 0.4372 0.1237 0.0139 0.2773 0.0083 0.0160 0.0164 0.0308 0.0764 
          25  1 0.6013 0.0355 0.0415 0.0534 0.0086 0.0349 0.2090 0.0060 0.0097 
         26*  1 0.1953 0.5621 0.0138 0.0257 0.0058 0.1636 0.0108 0.0045 0.0184 
          28  1 0.3877 0.2825 0.1521 0.0122 0.0068 0.1308 0.0128 0.0064 0.0087 
          29  1 0.8322 0.1151 0.0083 0.0109 0.0050 0.0056 0.0054 0.0054 0.0121 
          30  1 0.1543 0.3077 0.0145 0.0534 0.3083 0.1153 0.0259 0.0064 0.0141 
          33  1 0.0061 0.0053 0.0056 0.1581 0.0143 0.0068 0.0184 0.0903 0.6951 
          37  1 0.0278 0.0065 0.0083 0.0117 0.0054 0.0115 0.0083 0.0094 0.9111 
          38  1 0.0169 0.0161 0.0106 0.0285 0.0045 0.0112 0.0043 0.0052 0.9027 
          43  1 0.7886 0.1009 0.0291 0.0116 0.0055 0.0356 0.0115 0.0069 0.0103 
          44  1 0.0075 0.1760 0.4150 0.0220 0.0466 0.3125 0.0072 0.0057 0.0075 
          48  1 0.0063 0.0057 0.0074 0.0089 0.0059 0.0130 0.0049 0.0041 0.9438 
          55  1 0.0117 0.2872 0.2794 0.0502 0.0176 0.2831 0.0475 0.0115 0.0119 
          59  1 0.0041 0.0057 0.0060 0.0058 0.0059 0.9572 0.0055 0.0039 0.0060 
          60  1 0.0691 0.0037 0.0072 0.0164 0.0135 0.0085 0.8592 0.0123 0.0100 
          61  1 0.0110 0.0092 0.0563 0.0223 0.0601 0.0174 0.2442 0.5697 0.0100 
          62  1 0.0428 0.0089 0.3477 0.0517 0.0187 0.0150 0.2132 0.2817 0.0204 
          65  1 0.0083 0.0102 0.0089 0.2445 0.0238 0.0054 0.0142 0.0144 0.6703 
          73  1 0.1136 0.0082 0.0210 0.0111 0.7824 0.0059 0.0436 0.0057 0.0083 
          75  1 0.0050 0.0097 0.0070 0.0248 0.0363 0.0092 0.0047 0.8928 0.0105 
          76  1 0.0111 0.0044 0.0092 0.0074 0.0053 0.0059 0.0122 0.9407 0.0039 
          77  1 0.0124 0.0047 0.0085 0.0103 0.0043 0.0074 0.0949 0.8490 0.0084 
          78  1 0.0145 0.0096 0.0289 0.0383 0.4962 0.0076 0.0365 0.3558 0.0127 
          79  1 0.0052 0.0073 0.0196 0.0428 0.0638 0.0048 0.0098 0.8369 0.0097 
          84  1 0.0784 0.0836 0.1000 0.0568 0.0176 0.5526 0.0715 0.0218 0.0177 
          85  1 0.0081 0.4122 0.4923 0.0322 0.0136 0.0120 0.0114 0.0075 0.0105 
          86  1 0.0161 0.4573 0.2025 0.2602 0.0190 0.0071 0.0128 0.0135 0.0116 
          89  1 0.1819 0.0133 0.1074 0.0580 0.0096 0.4682 0.1061 0.0339 0.0215 
          94  1 0.8848 0.0331 0.0142 0.0118 0.0045 0.0121 0.0072 0.0063 0.0259 
          95  1 0.0050 0.0111 0.0076 0.0095 0.0089 0.9300 0.0123 0.0053 0.0103 
          96  1 0.0077 0.9514 0.0105 0.0060 0.0050 0.0040 0.0051 0.0061 0.0042 
          98  1 0.0164 0.0064 0.0133 0.0213 0.1649 0.0063 0.7233 0.0415 0.0065 
         102  1 0.0222 0.0059 0.0087 0.6603 0.0092 0.0304 0.0156 0.0120 0.2358 
         105  1 0.0044 0.0040 0.0046 0.0057 0.9612 0.0050 0.0048 0.0037 0.0066 
         106  1 0.0048 0.0094 0.1382 0.2685 0.0785 0.0607 0.0283 0.3913 0.0203 
         108  1 0.0092 0.0083 0.0096 0.0435 0.8129 0.0069 0.0337 0.0273 0.0486 
         109  1 0.0085 0.0282 0.0150 0.0684 0.6386 0.0136 0.1769 0.0429 0.0079 
         112  1 0.0555 0.0586 0.3370 0.1909 0.0082 0.0110 0.2029 0.1193 0.0167 
         115  1 0.0642 0.0076 0.0145 0.6921 0.0223 0.0156 0.0442 0.0179 0.1216 
         116  1 0.0236 0.4038 0.4388 0.0703 0.0184 0.0139 0.0065 0.0061 0.0187 
         117  1 0.3120 0.2219 0.0157 0.0294 0.0164 0.3171 0.0535 0.0217 0.0123 
         129  1 0.0164 0.8170 0.0253 0.0105 0.0047 0.1084 0.0064 0.0039 0.0074 
         132  1 0.1916 0.0061 0.0123 0.0530 0.0174 0.0192 0.6036 0.0127 0.0841 
         133  1 0.0155 0.0039 0.0105 0.0139 0.1594 0.0069 0.7236 0.0604 0.0059 
         137  1 0.0229 0.0096 0.0169 0.0291 0.0104 0.0152 0.3616 0.5248 0.0095 
         139  1 0.0081 0.0172 0.0095 0.0327 0.0095 0.0095 0.0059 0.8960 0.0117 
         140  1 0.0064 0.0081 0.0167 0.0210 0.7788 0.0197 0.1045 0.0380 0.0067 
         142  1 0.0136 0.0049 0.1519 0.0174 0.0103 0.0265 0.1031 0.6656 0.0067 
         144  1 0.0038 0.0033 0.0052 0.0047 0.9594 0.0061 0.0079 0.0051 0.0046 
         145  1 0.0045 0.0038 0.4326 0.0108 0.0123 0.0069 0.2364 0.2848 0.0080 
         147  1 0.0047 0.0068 0.0187 0.0110 0.8920 0.0045 0.0092 0.0449 0.0080 
         160  1 0.9165 0.0399 0.0060 0.0062 0.0046 0.0088 0.0059 0.0050 0.0070 
        162*  1 0.0085 0.9499 0.0107 0.0060 0.0047 0.0041 0.0053 0.0064 0.0044 
         166  1 0.0309 0.0064 0.0075 0.0110 0.0470 0.0182 0.8508 0.0210 0.0070 
         177  1 0.0047 0.0054 0.0048 0.0058 0.0034 0.0044 0.0052 0.9626 0.0037 
         178  1 0.0398 0.0133 0.0121 0.0333 0.0372 0.0087 0.0550 0.7901 0.0104 
         186  1 0.0066 0.0052 0.0047 0.0044 0.0039 0.9610 0.0057 0.0043 0.0043 
         189  1 0.0154 0.3900 0.5540 0.0098 0.0035 0.0075 0.0047 0.0076 0.0075 
         190  1 0.1109 0.6884 0.0410 0.0305 0.0097 0.0464 0.0350 0.0166 0.0215 
         191  1 0.0172 0.0688 0.3885 0.0276 0.0232 0.4376 0.0123 0.0178 0.0071 
         193  1 0.0132 0.0070 0.4348 0.0183 0.0129 0.0328 0.2616 0.2081 0.0113 
         202  1 0.2830 0.2695 0.0245 0.3335 0.0093 0.0079 0.0423 0.0090 0.0211 
         204  1 0.0082 0.9101 0.0095 0.0048 0.0044 0.0511 0.0043 0.0035 0.0041 
         211  1 0.1718 0.0179 0.0159 0.0855 0.1507 0.0103 0.4753 0.0524 0.0201 
         216  1 0.0249 0.0046 0.0103 0.0175 0.5975 0.0051 0.3017 0.0320 0.0064 
         222  1 0.0070 0.0062 0.3724 0.0721 0.4701 0.0066 0.0224 0.0112 0.0318 
         224  1 0.0207 0.3084 0.5972 0.0174 0.0102 0.0210 0.0060 0.0071 0.0120 
         226  1 0.0048 0.0083 0.0044 0.0147 0.0040 0.9438 0.0089 0.0046 0.0065 
         229  1 0.0816 0.5716 0.0528 0.1213 0.0428 0.0084 0.0562 0.0349 0.0302 
         230  1 0.0242 0.8001 0.0267 0.0536 0.0136 0.0175 0.0117 0.0428 0.0097 
         232  1 0.3880 0.0832 0.1236 0.1527 0.0184 0.0550 0.1101 0.0573 0.0118 
         238  1 0.0070 0.0339 0.0180 0.7668 0.0132 0.0058 0.0195 0.0472 0.0886 
         242  1 0.0044 0.0046 0.0073 0.0146 0.0076 0.0060 0.0081 0.0039 0.9435 
         243  1 0.0098 0.0084 0.0111 0.5682 0.0216 0.0240 0.1148 0.0223 0.2197 
         244  1 0.0094 0.0094 0.0092 0.5682 0.0067 0.0062 0.0135 0.1477 0.2299 
         251  1 0.0587 0.0180 0.0388 0.7308 0.0113 0.0078 0.0251 0.0193 0.0901 
         266  1 0.0096 0.0198 0.0081 0.4401 0.0116 0.0094 0.1044 0.3391 0.0580 
         267  1 0.0128 0.0841 0.0123 0.0544 0.6113 0.0311 0.1566 0.0155 0.0220 
         268  1 0.0457 0.0049 0.0065 0.0231 0.2227 0.0068 0.3288 0.3526 0.0089 
         270  1 0.0473 0.5311 0.2696 0.0326 0.0148 0.0572 0.0104 0.0078 0.0292 
         276  1 0.0425 0.0724 0.3382 0.0489 0.0541 0.3374 0.0520 0.0428 0.0118 
         298  1 0.0133 0.0052 0.0126 0.0266 0.7277 0.0173 0.0625 0.1231 0.0116 
         306  1 0.0248 0.0047 0.1365 0.0249 0.0182 0.0076 0.7445 0.0267 0.0122 
         308  1 0.0631 0.0084 0.1173 0.0931 0.1581 0.0066 0.0656 0.4580 0.0297 
         311  1 0.0146 0.0223 0.1364 0.3738 0.0983 0.0073 0.2844 0.0151 0.0477 
         323  1 0.0046 0.0079 0.0055 0.0058 0.0055 0.9535 0.0049 0.0045 0.0078 
         327  1 0.3353 0.4813 0.0403 0.0592 0.0112 0.0210 0.0297 0.0073 0.0147 
         334  1 0.0066 0.0054 0.0103 0.0344 0.0159 0.0038 0.0145 0.0082 0.9010 
         338  1 0.0248 0.0162 0.1543 0.1244 0.2954 0.0174 0.3279 0.0287 0.0109 
         341  1 0.0072 0.0067 0.0078 0.0103 0.0046 0.9242 0.0214 0.0056 0.0121 
         346  1 0.0525 0.0099 0.0114 0.0166 0.0074 0.0106 0.5492 0.3367 0.0059 
         348  1 0.0069 0.0076 0.0646 0.0614 0.5206 0.0075 0.0388 0.2737 0.0189 
         351  1 0.0484 0.0067 0.0159 0.1688 0.0090 0.0179 0.1927 0.0145 0.5262 
         362  1 0.0198 0.9153 0.0073 0.0078 0.0062 0.0261 0.0067 0.0057 0.0052 
         364  1 0.0117 0.0048 0.0151 0.0357 0.0099 0.0108 0.0432 0.0122 0.8566 
         366  1 0.0167 0.0648 0.0090 0.2661 0.0345 0.0127 0.0389 0.0124 0.5448 
         376  1 0.0272 0.0159 0.0265 0.0144 0.0065 0.8591 0.0248 0.0191 0.0064 
         377  1 0.2347 0.0568 0.5891 0.0417 0.0187 0.0156 0.0255 0.0084 0.0094 
         378  1 0.9013 0.0138 0.0122 0.0087 0.0084 0.0106 0.0277 0.0129 0.0044 
         388  1 0.0296 0.0116 0.0270 0.0264 0.5280 0.0106 0.3360 0.0129 0.0178 
         391  1 0.1738 0.0072 0.0588 0.0767 0.0180 0.3600 0.2872 0.0097 0.0085 
         396  1 0.0265 0.3221 0.2880 0.1549 0.0209 0.0535 0.1006 0.0215 0.0119 
         400  1 0.2353 0.1019 0.4072 0.0590 0.0069 0.0085 0.0072 0.0084 0.1656 
         401  1 0.0107 0.3217 0.0238 0.3375 0.0076 0.0553 0.0303 0.1535 0.0597 
         406  1 0.0198 0.0108 0.0522 0.0892 0.1286 0.0730 0.5829 0.0244 0.0191 
         412  1 0.0243 0.0171 0.1325 0.0546 0.1212 0.0200 0.5977 0.0223 0.0102 
         413  1 0.0072 0.0118 0.3928 0.0640 0.0213 0.0037 0.1561 0.2831 0.0600 
         421  1 0.0133 0.1518 0.6605 0.0901 0.0121 0.0177 0.0284 0.0152 0.0110 
         423  1 0.0106 0.1590 0.7020 0.0544 0.0227 0.0181 0.0073 0.0072 0.0188 
         424  1 0.0395 0.0094 0.1679 0.0390 0.0160 0.1289 0.5530 0.0227 0.0236 
         426  1 0.7295 0.0333 0.0346 0.0416 0.0138 0.0231 0.0854 0.0193 0.0193 
         430  1 0.0285 0.0124 0.1889 0.0227 0.0177 0.0337 0.6060 0.0822 0.0081 
         435  1 0.0120 0.0043 0.2275 0.0112 0.0328 0.0046 0.0970 0.6067 0.0039 
         476  1 0.0159 0.0772 0.0248 0.0484 0.0070 0.7642 0.0151 0.0247 0.0226 
         478  1 0.0164 0.0779 0.1969 0.0253 0.0071 0.6352 0.0137 0.0061 0.0214 
         484  1 0.0114 0.0076 0.0083 0.0118 0.5785 0.0148 0.3302 0.0315 0.0059 
         489  1 0.2639 0.0115 0.5706 0.0181 0.0441 0.0103 0.0644 0.0094 0.0077 
         492  1 0.0088 0.0058 0.0146 0.0391 0.0145 0.0054 0.0352 0.0106 0.8661 
         493  1 0.0149 0.0228 0.0131 0.0727 0.0066 0.0095 0.0155 0.0101 0.8349 
         494  1 0.0367 0.0131 0.0330 0.3183 0.0066 0.0158 0.0058 0.0083 0.5623 
         500  1 0.0078 0.9168 0.0283 0.0134 0.0036 0.0160 0.0046 0.0041 0.0054 
         504  1 0.0534 0.0491 0.0140 0.0437 0.6576 0.0094 0.1367 0.0123 0.0237 
         506  1 0.0084 0.1119 0.0065 0.0086 0.8351 0.0097 0.0103 0.0045 0.0051 
