

----------------------------------------------------
STRUCTURE by Pritchard, Stephens and Donnelly (2000)
     and Falush, Stephens and Pritchard (2003)
       Code by Pritchard, Falush and Hubisz
             Version 2.3.4 (Jul 2012)
----------------------------------------------------



Command line arguments:   bin\structure -m C:\Users\drenske\Desktop\STRUCTURE\Squirrel_135_ID_16L_20250816\10k_Burnin_100k_MCMC\mainparams -e C:\Users\drenske\Desktop\STRUCTURE\Squirrel_135_ID_16L_20250816\10k_Burnin_100k_MCMC\extraparams 
Input File:    C:\Users\drenske\Desktop\STRUCTURE\Squirrel_135_ID_16L_20250816\project_data

Run parameters:
   135 individuals
   16 loci
   4 populations assumed
   10000 Burn-in period
   100000 Reps


--------------------------------------------
Proportion of membership of each pre-defined
 population in each of the 4 clusters

Given    Inferred Clusters              Number of
 Pop       1      2      3      4      Individuals

  1:     0.299  0.366  0.188  0.146      135
--------------------------------------------

Allele-freq. divergence among pops (Net nucleotide distance),
computed using point estimates of P.

      1       2       3       4      
 1      -    0.0524  0.0470  0.0646  
 2   0.0524     -    0.0397  0.0720  
 3   0.0470  0.0397     -    0.0547  
 4   0.0646  0.0720  0.0547     -    

Average distances (expected heterozygosity) between individuals in same cluster:
cluster  1  : 0.5518 
cluster  2  : 0.6009 
cluster  3  : 0.6488 
cluster  4  : 0.4811 

--------------------------------------------
Estimated Ln Prob of Data   = -4961.0
Mean value of ln likelihood = -4831.3
Variance of ln likelihood   = 259.3
Mean value of alpha         = 0.0433

Mean value of lambda        = 1.0569

Mean value of Fst_1         = 0.1515
Mean value of Fst_2         = 0.1307
Mean value of Fst_3         = 0.0392
Mean value of Fst_4         = 0.2616


Inferred ancestry of individuals:
        Label (%Miss) Pop:  Inferred clusters (and 90% probability intervals)
  1       1*    (0)    1 :  0.013 0.019 0.954 0.014     (0.000,0.079) (0.000,0.135) (0.737,1.000) (0.000,0.087) 
  2        3    (0)    1 :  0.006 0.006 0.005 0.983     (0.000,0.030) (0.000,0.033) (0.000,0.028) (0.903,1.000) 
  3        6    (0)    1 :  0.014 0.020 0.006 0.960     (0.000,0.082) (0.000,0.139) (0.000,0.034) (0.763,1.000) 
  4        8    (0)    1 :  0.979 0.005 0.009 0.007     (0.881,1.000) (0.000,0.029) (0.000,0.047) (0.000,0.037) 
  5       10    (0)    1 :  0.983 0.005 0.006 0.006     (0.905,1.000) (0.000,0.026) (0.000,0.031) (0.000,0.032) 
  6       11    (0)    1 :  0.079 0.042 0.838 0.041     (0.000,0.491) (0.000,0.313) (0.171,1.000) (0.000,0.310) 
  7       12    (0)    1 :  0.969 0.013 0.008 0.010     (0.823,1.000) (0.000,0.071) (0.000,0.043) (0.000,0.056) 
  8       16    (6)    1 :  0.012 0.005 0.006 0.976     (0.000,0.073) (0.000,0.026) (0.000,0.033) (0.864,1.000) 
  9       18    (0)    1 :  0.009 0.005 0.977 0.009     (0.000,0.048) (0.000,0.028) (0.866,1.000) (0.000,0.052) 
 10       19    (0)    1 :  0.028 0.037 0.920 0.015     (0.000,0.197) (0.000,0.259) (0.563,1.000) (0.000,0.100) 
 11       21    (6)    1 :  0.013 0.007 0.006 0.974     (0.000,0.078) (0.000,0.038) (0.000,0.035) (0.846,1.000) 
 12       23    (6)    1 :  0.684 0.270 0.020 0.026     (0.000,1.000) (0.000,1.000) (0.000,0.125) (0.000,0.178) 
 13       24    (6)    1 :  0.692 0.025 0.272 0.011     (0.000,1.000) (0.000,0.184) (0.000,0.999) (0.000,0.066) 
 14       25    (6)    1 :  0.900 0.046 0.032 0.023     (0.524,1.000) (0.000,0.337) (0.000,0.224) (0.000,0.163) 
 15      26*    (0)    1 :  0.901 0.005 0.013 0.081     (0.497,1.000) (0.000,0.024) (0.000,0.085) (0.000,0.481) 
 16       28    (0)    1 :  0.939 0.006 0.007 0.047     (0.636,1.000) (0.000,0.037) (0.000,0.037) (0.000,0.341) 
 17       29    (0)    1 :  0.981 0.005 0.009 0.005     (0.892,1.000) (0.000,0.028) (0.000,0.046) (0.000,0.027) 
 18       30    (0)    1 :  0.563 0.174 0.059 0.204     (0.000,1.000) (0.000,0.699) (0.000,0.458) (0.000,0.977) 
 19       33    (0)    1 :  0.004 0.018 0.971 0.006     (0.000,0.024) (0.000,0.128) (0.829,1.000) (0.000,0.034) 
 20       37    (0)    1 :  0.015 0.007 0.966 0.012     (0.000,0.096) (0.000,0.038) (0.800,1.000) (0.000,0.074) 
 21       38    (0)    1 :  0.018 0.004 0.967 0.010     (0.000,0.129) (0.000,0.023) (0.803,1.000) (0.000,0.062) 
 22       43    (0)    1 :  0.977 0.006 0.008 0.009     (0.868,1.000) (0.000,0.031) (0.000,0.041) (0.000,0.055) 
 23       44    (0)    1 :  0.461 0.043 0.020 0.477     (0.000,0.894) (0.000,0.329) (0.000,0.124) (0.085,0.906) 
 24       48    (0)    1 :  0.007 0.005 0.974 0.014     (0.000,0.036) (0.000,0.027) (0.846,1.000) (0.000,0.092) 
 25       55    (0)    1 :  0.580 0.034 0.019 0.367     (0.000,1.000) (0.000,0.255) (0.000,0.127) (0.000,1.000) 
 26       59    (0)    1 :  0.005 0.005 0.006 0.985     (0.000,0.025) (0.000,0.025) (0.000,0.032) (0.911,1.000) 
 27       60    (0)    1 :  0.010 0.903 0.068 0.019     (0.000,0.057) (0.332,1.000) (0.000,0.587) (0.000,0.130) 
 28       61    (0)    1 :  0.007 0.972 0.008 0.012     (0.000,0.042) (0.839,1.000) (0.000,0.047) (0.000,0.075) 
 29       62    (0)    1 :  0.025 0.941 0.023 0.011     (0.000,0.154) (0.672,1.000) (0.000,0.144) (0.000,0.056) 
 30       65    (0)    1 :  0.010 0.020 0.965 0.005     (0.000,0.056) (0.000,0.143) (0.800,1.000) (0.000,0.029) 
 31       73    (0)    1 :  0.051 0.923 0.018 0.008     (0.000,0.318) (0.628,1.000) (0.000,0.124) (0.000,0.044) 
 32       75    (0)    1 :  0.008 0.951 0.027 0.013     (0.000,0.051) (0.733,1.000) (0.000,0.195) (0.000,0.093) 
 33       76    (0)    1 :  0.007 0.981 0.006 0.006     (0.000,0.040) (0.891,1.000) (0.000,0.029) (0.000,0.031) 
 34       77    (0)    1 :  0.009 0.963 0.017 0.011     (0.000,0.053) (0.789,1.000) (0.000,0.100) (0.000,0.068) 
 35       78    (0)    1 :  0.009 0.977 0.009 0.006     (0.000,0.051) (0.865,1.000) (0.000,0.046) (0.000,0.032) 
 36       79    (0)    1 :  0.006 0.974 0.016 0.004     (0.000,0.035) (0.846,1.000) (0.000,0.109) (0.000,0.023) 
 37       84    (0)    1 :  0.215 0.050 0.020 0.716     (0.000,0.653) (0.000,0.338) (0.000,0.140) (0.296,1.000) 
 38       85    (0)    1 :  0.954 0.015 0.019 0.012     (0.740,1.000) (0.000,0.092) (0.000,0.116) (0.000,0.065) 
 39       86    (0)    1 :  0.945 0.025 0.023 0.007     (0.687,1.000) (0.000,0.184) (0.000,0.148) (0.000,0.037) 
 40       89    (0)    1 :  0.226 0.120 0.066 0.588     (0.000,0.997) (0.000,0.560) (0.000,0.436) (0.000,1.000) 
 41       94    (0)    1 :  0.950 0.005 0.034 0.011     (0.716,1.000) (0.000,0.028) (0.000,0.220) (0.000,0.063) 
 42       95    (0)    1 :  0.007 0.008 0.009 0.977     (0.000,0.038) (0.000,0.040) (0.000,0.050) (0.865,1.000) 
 43       96    (0)    1 :  0.984 0.005 0.005 0.006     (0.907,1.000) (0.000,0.028) (0.000,0.026) (0.000,0.029) 
 44       98    (0)    1 :  0.009 0.973 0.010 0.007     (0.000,0.055) (0.845,1.000) (0.000,0.053) (0.000,0.040) 
 45      102    (0)    1 :  0.010 0.017 0.938 0.035     (0.000,0.061) (0.000,0.120) (0.681,1.000) (0.000,0.248) 
 46      105    (0)    1 :  0.008 0.964 0.020 0.008     (0.000,0.044) (0.796,1.000) (0.000,0.141) (0.000,0.048) 
 47      106    (0)    1 :  0.012 0.808 0.029 0.152     (0.000,0.077) (0.448,1.000) (0.000,0.159) (0.000,0.484) 
 48      108    (0)    1 :  0.014 0.915 0.060 0.010     (0.000,0.091) (0.564,1.000) (0.000,0.397) (0.000,0.062) 
 49      109    (0)    1 :  0.023 0.943 0.009 0.025     (0.000,0.171) (0.709,1.000) (0.000,0.050) (0.000,0.183) 
 50      112    (0)    1 :  0.497 0.403 0.080 0.020     (0.000,1.000) (0.000,1.000) (0.000,0.557) (0.000,0.141) 
 51      115    (0)    1 :  0.025 0.030 0.931 0.014     (0.000,0.171) (0.000,0.204) (0.611,1.000) (0.000,0.086) 
 52      116    (0)    1 :  0.921 0.018 0.038 0.023     (0.586,1.000) (0.000,0.122) (0.000,0.273) (0.000,0.153) 
 53      117    (0)    1 :  0.540 0.032 0.015 0.413     (0.000,1.000) (0.000,0.233) (0.000,0.095) (0.000,1.000) 
 54      129    (0)    1 :  0.936 0.004 0.007 0.053     (0.616,1.000) (0.000,0.023) (0.000,0.037) (0.000,0.371) 
 55      132    (0)    1 :  0.044 0.458 0.465 0.034     (0.000,0.320) (0.000,1.000) (0.000,1.000) (0.000,0.255) 
 56      133    (0)    1 :  0.006 0.979 0.007 0.008     (0.000,0.032) (0.877,1.000) (0.000,0.040) (0.000,0.046) 
 57      137    (6)    1 :  0.016 0.953 0.012 0.019     (0.000,0.103) (0.733,1.000) (0.000,0.062) (0.000,0.123) 
 58      139    (0)    1 :  0.019 0.906 0.057 0.018     (0.000,0.134) (0.542,1.000) (0.000,0.392) (0.000,0.126) 
 59      140    (0)    1 :  0.007 0.970 0.008 0.016     (0.000,0.035) (0.825,1.000) (0.000,0.042) (0.000,0.096) 
 60      142    (0)    1 :  0.008 0.963 0.008 0.020     (0.000,0.046) (0.785,1.000) (0.000,0.044) (0.000,0.143) 
 61      144    (0)    1 :  0.004 0.981 0.006 0.008     (0.000,0.024) (0.888,1.000) (0.000,0.037) (0.000,0.049) 
 62      145    (0)    1 :  0.007 0.971 0.008 0.013     (0.000,0.039) (0.829,1.000) (0.000,0.043) (0.000,0.081) 
 63      147    (0)    1 :  0.007 0.980 0.008 0.005     (0.000,0.040) (0.885,1.000) (0.000,0.043) (0.000,0.028) 
 64      160    (0)    1 :  0.968 0.007 0.015 0.010     (0.825,1.000) (0.000,0.038) (0.000,0.068) (0.000,0.060) 
 65     162*    (0)    1 :  0.985 0.006 0.005 0.004     (0.914,1.000) (0.000,0.030) (0.000,0.025) (0.000,0.024) 
 66      166    (0)    1 :  0.007 0.968 0.009 0.017     (0.000,0.036) (0.815,1.000) (0.000,0.044) (0.000,0.105) 
 67      177    (0)    1 :  0.009 0.976 0.009 0.006     (0.000,0.053) (0.858,1.000) (0.000,0.054) (0.000,0.036) 
 68      178    (0)    1 :  0.018 0.966 0.010 0.007     (0.000,0.123) (0.797,1.000) (0.000,0.056) (0.000,0.037) 
 69      186    (0)    1 :  0.006 0.004 0.004 0.986     (0.000,0.029) (0.000,0.023) (0.000,0.022) (0.917,1.000) 
 70      189    (0)    1 :  0.978 0.005 0.007 0.009     (0.875,1.000) (0.000,0.030) (0.000,0.040) (0.000,0.049) 
 71      190    (0)    1 :  0.949 0.011 0.015 0.026     (0.717,1.000) (0.000,0.062) (0.000,0.096) (0.000,0.192) 
 72      191    (0)    1 :  0.226 0.074 0.014 0.686     (0.000,0.809) (0.000,0.437) (0.000,0.090) (0.160,1.000) 
 73      193    (0)    1 :  0.025 0.891 0.013 0.071     (0.000,0.148) (0.367,1.000) (0.000,0.067) (0.000,0.504) 
 74      202    (0)    1 :  0.927 0.013 0.051 0.008     (0.628,1.000) (0.000,0.084) (0.000,0.328) (0.000,0.052) 
 75      204    (0)    1 :  0.886 0.004 0.004 0.106     (0.154,1.000) (0.000,0.020) (0.000,0.023) (0.000,0.831) 
 76      211    (0)    1 :  0.035 0.920 0.033 0.012     (0.000,0.264) (0.573,1.000) (0.000,0.189) (0.000,0.071) 
 77      216    (0)    1 :  0.007 0.983 0.006 0.004     (0.000,0.037) (0.903,1.000) (0.000,0.031) (0.000,0.024) 
 78      222    (0)    1 :  0.042 0.895 0.055 0.007     (0.000,0.322) (0.460,1.000) (0.000,0.397) (0.000,0.042) 
 79      224    (0)    1 :  0.941 0.014 0.016 0.030     (0.665,1.000) (0.000,0.084) (0.000,0.094) (0.000,0.216) 
 80      226    (0)    1 :  0.005 0.005 0.008 0.982     (0.000,0.029) (0.000,0.026) (0.000,0.045) (0.895,1.000) 
 81      229    (0)    1 :  0.910 0.043 0.037 0.010     (0.569,1.000) (0.000,0.292) (0.000,0.264) (0.000,0.057) 
 82      230    (0)    1 :  0.948 0.020 0.015 0.017     (0.731,1.000) (0.000,0.136) (0.000,0.085) (0.000,0.119) 
 83      232    (0)    1 :  0.786 0.092 0.020 0.102     (0.344,1.000) (0.000,0.494) (0.000,0.118) (0.000,0.505) 
 84      238    (0)    1 :  0.048 0.160 0.786 0.007     (0.000,0.330) (0.000,0.714) (0.196,1.000) (0.000,0.040) 
 85      242    (0)    1 :  0.005 0.006 0.983 0.006     (0.000,0.026) (0.000,0.031) (0.902,1.000) (0.000,0.034) 
 86      243    (0)    1 :  0.010 0.071 0.883 0.036     (0.000,0.060) (0.000,0.444) (0.480,1.000) (0.000,0.266) 
 87      244    (0)    1 :  0.012 0.047 0.934 0.007     (0.000,0.076) (0.000,0.329) (0.636,1.000) (0.000,0.040) 
 88      251    (0)    1 :  0.074 0.040 0.876 0.011     (0.000,0.470) (0.000,0.292) (0.421,1.000) (0.000,0.065) 
 89      266    (0)    1 :  0.015 0.654 0.322 0.009     (0.000,0.099) (0.000,1.000) (0.000,1.000) (0.000,0.054) 
 90      267    (0)    1 :  0.047 0.880 0.023 0.050     (0.000,0.312) (0.523,1.000) (0.000,0.157) (0.000,0.332) 
 91      268    (0)    1 :  0.007 0.978 0.009 0.006     (0.000,0.042) (0.869,1.000) (0.000,0.048) (0.000,0.034) 
 92      270    (0)    1 :  0.935 0.009 0.016 0.040     (0.627,1.000) (0.000,0.053) (0.000,0.096) (0.000,0.293) 
 93      276    (0)    1 :  0.215 0.205 0.023 0.557     (0.000,0.932) (0.000,0.713) (0.000,0.157) (0.004,1.000) 
 94      298    (6)    1 :  0.006 0.975 0.009 0.010     (0.000,0.036) (0.850,1.000) (0.000,0.049) (0.000,0.059) 
 95      306    (0)    1 :  0.006 0.967 0.020 0.007     (0.000,0.033) (0.825,1.000) (0.000,0.106) (0.000,0.040) 
 96      308    (0)    1 :  0.013 0.965 0.016 0.007     (0.000,0.081) (0.794,1.000) (0.000,0.096) (0.000,0.037) 
 97      311    (6)    1 :  0.029 0.729 0.230 0.012     (0.000,0.204) (0.000,1.000) (0.000,1.000) (0.000,0.076) 
 98      323    (0)    1 :  0.005 0.005 0.007 0.983     (0.000,0.029) (0.000,0.025) (0.000,0.036) (0.904,1.000) 
 99      327    (0)    1 :  0.965 0.009 0.013 0.013     (0.804,1.000) (0.000,0.052) (0.000,0.081) (0.000,0.092) 
100      334    (0)    1 :  0.007 0.017 0.972 0.004     (0.000,0.040) (0.000,0.116) (0.833,1.000) (0.000,0.022) 
101      338    (0)    1 :  0.016 0.958 0.012 0.014     (0.000,0.092) (0.760,1.000) (0.000,0.071) (0.000,0.091) 
102      341    (0)    1 :  0.007 0.008 0.010 0.976     (0.000,0.035) (0.000,0.044) (0.000,0.057) (0.857,1.000) 
103      346    (0)    1 :  0.018 0.949 0.011 0.021     (0.000,0.116) (0.712,1.000) (0.000,0.059) (0.000,0.128) 
104      348    (0)    1 :  0.007 0.974 0.012 0.006     (0.000,0.038) (0.853,1.000) (0.000,0.072) (0.000,0.034) 
105      351    (0)    1 :  0.013 0.025 0.944 0.018     (0.000,0.083) (0.000,0.159) (0.683,1.000) (0.000,0.125) 
106      362    (0)    1 :  0.942 0.006 0.006 0.046     (0.655,1.000) (0.000,0.031) (0.000,0.029) (0.000,0.322) 
107      364    (0)    1 :  0.006 0.015 0.969 0.010     (0.000,0.034) (0.000,0.097) (0.820,1.000) (0.000,0.059) 
108      366    (0)    1 :  0.027 0.023 0.935 0.014     (0.000,0.196) (0.000,0.161) (0.640,1.000) (0.000,0.088) 
109      376    (0)    1 :  0.027 0.015 0.007 0.951     (0.000,0.198) (0.000,0.101) (0.000,0.039) (0.718,1.000) 
110      377    (6)    1 :  0.941 0.036 0.010 0.013     (0.649,1.000) (0.000,0.258) (0.000,0.049) (0.000,0.080) 
111      378    (0)    1 :  0.936 0.039 0.007 0.019     (0.647,1.000) (0.000,0.266) (0.000,0.037) (0.000,0.123) 
112      388    (0)    1 :  0.022 0.947 0.021 0.010     (0.000,0.158) (0.703,1.000) (0.000,0.142) (0.000,0.057) 
113      391    (0)    1 :  0.124 0.292 0.029 0.555     (0.000,0.527) (0.000,0.999) (0.000,0.202) (0.000,1.000) 
114      396   (18)    1 :  0.848 0.062 0.023 0.067     (0.410,1.000) (0.000,0.397) (0.000,0.153) (0.000,0.436) 
115      400   (18)    1 :  0.937 0.008 0.049 0.006     (0.620,1.000) (0.000,0.043) (0.000,0.344) (0.000,0.032) 
116      401    (0)    1 :  0.283 0.107 0.473 0.137     (0.000,0.788) (0.000,0.576) (0.000,1.000) (0.000,0.685) 
117      406    (0)    1 :  0.015 0.842 0.042 0.102     (0.000,0.091) (0.234,1.000) (0.000,0.271) (0.000,0.594) 
118      412    (6)    1 :  0.034 0.930 0.015 0.021     (0.000,0.242) (0.614,1.000) (0.000,0.077) (0.000,0.151) 
119      413    (0)    1 :  0.016 0.930 0.049 0.005     (0.000,0.104) (0.617,1.000) (0.000,0.325) (0.000,0.025) 
120      421    (0)    1 :  0.806 0.128 0.035 0.031     (0.339,1.000) (0.000,0.580) (0.000,0.255) (0.000,0.226) 
121      423    (0)    1 :  0.831 0.066 0.085 0.018     (0.022,1.000) (0.000,0.466) (0.000,0.646) (0.000,0.125) 
122      424    (0)    1 :  0.015 0.626 0.032 0.328     (0.000,0.087) (0.000,1.000) (0.000,0.210) (0.000,1.000) 
123      426    (0)    1 :  0.872 0.061 0.021 0.046     (0.436,1.000) (0.000,0.417) (0.000,0.136) (0.000,0.321) 
124      430   (12)    1 :  0.018 0.932 0.009 0.041     (0.000,0.109) (0.608,1.000) (0.000,0.050) (0.000,0.292) 
125      435    (0)    1 :  0.008 0.982 0.005 0.005     (0.000,0.046) (0.897,1.000) (0.000,0.024) (0.000,0.025) 
126      476    (0)    1 :  0.052 0.015 0.028 0.905     (0.000,0.355) (0.000,0.108) (0.000,0.196) (0.573,1.000) 
127      478    (0)    1 :  0.175 0.010 0.024 0.791     (0.000,0.611) (0.000,0.064) (0.000,0.172) (0.366,1.000) 
128      484    (0)    1 :  0.007 0.975 0.007 0.011     (0.000,0.037) (0.856,1.000) (0.000,0.041) (0.000,0.067) 
129      489    (0)    1 :  0.765 0.206 0.015 0.013     (0.000,1.000) (0.000,1.000) (0.000,0.081) (0.000,0.078) 
130      492   (18)    1 :  0.008 0.021 0.966 0.006     (0.000,0.042) (0.000,0.143) (0.798,1.000) (0.000,0.031) 
131      493    (0)    1 :  0.013 0.007 0.973 0.007     (0.000,0.083) (0.000,0.038) (0.841,1.000) (0.000,0.037) 
132      494    (0)    1 :  0.030 0.007 0.950 0.012     (0.000,0.229) (0.000,0.039) (0.708,1.000) (0.000,0.077) 
133      500    (0)    1 :  0.957 0.004 0.007 0.032     (0.744,1.000) (0.000,0.019) (0.000,0.036) (0.000,0.231) 
134      504    (0)    1 :  0.062 0.872 0.056 0.010     (0.000,0.360) (0.512,1.000) (0.000,0.351) (0.000,0.060) 
135      506    (0)    1 :  0.096 0.847 0.009 0.048     (0.000,0.496) (0.437,1.000) (0.000,0.051) (0.000,0.338) 


Estimated Allele Frequencies in each cluster
First column gives estimated ancestral frequencies


Locus 1 : Rsu3 
3 alleles
1.5% missing data
 164   (0.518) 0.616 0.487 0.548 0.496 
 166   (0.241) 0.164 0.393 0.214 0.124 
 170   (0.241) 0.220 0.120 0.238 0.380 

Locus 2 : Rsu5 
5 alleles
1.5% missing data
 137   (0.699) 0.924 0.701 0.664 0.957 
 135   (0.103) 0.026 0.048 0.102 0.027 
 139   (0.131) 0.045 0.039 0.198 0.011 
 133   (0.028) 0.002 0.002 0.022 0.002 
 131   (0.040) 0.003 0.211 0.014 0.003 

Locus 3 : Scv1 
5 alleles
0.7% missing data
 181   (0.552) 0.645 0.347 0.625 0.927 
 179   (0.192) 0.139 0.220 0.203 0.029 
 177   (0.105) 0.069 0.183 0.064 0.024 
 185   (0.118) 0.144 0.248 0.072 0.017 
 171   (0.032) 0.002 0.002 0.036 0.002 

Locus 4 : Rsu4 
9 alleles
0.0% missing data
 267   (0.228) 0.223 0.084 0.300 0.147 
 263   (0.298) 0.444 0.432 0.259 0.477 
 259   (0.054) 0.133 0.004 0.019 0.255 
 287   (0.162) 0.153 0.211 0.130 0.101 
 275   (0.050) 0.003 0.007 0.090 0.004 
 279   (0.081) 0.012 0.083 0.095 0.007 
 283   (0.058) 0.004 0.175 0.044 0.004 
 291   (0.040) 0.025 0.003 0.027 0.003 
 271   (0.030) 0.002 0.002 0.036 0.002 

Locus 5 : Rsu6 
5 alleles
0.0% missing data
 120   (0.256) 0.345 0.220 0.218 0.279 
 126   (0.590) 0.478 0.769 0.644 0.594 
 124   (0.087) 0.163 0.007 0.062 0.122 
 130   (0.040) 0.003 0.003 0.066 0.003 
 114   (0.027) 0.012 0.002 0.010 0.002 

Locus 6 : Scv12 
3 alleles
1.5% missing data
 198   (0.602) 0.370 0.583 0.696 0.676 
 196   (0.240) 0.215 0.346 0.174 0.290 
 200   (0.158) 0.416 0.071 0.129 0.034 

Locus 7 : Scv23 
3 alleles
1.5% missing data
 158   (0.490) 0.639 0.623 0.468 0.387 
 164   (0.229) 0.082 0.116 0.266 0.409 
 160   (0.281) 0.279 0.260 0.266 0.203 

Locus 8 : Scv13 
5 alleles
0.0% missing data
 182   (0.706) 0.940 0.808 0.689 0.792 
 180   (0.100) 0.045 0.007 0.109 0.171 
 172   (0.070) 0.005 0.127 0.062 0.006 
 184   (0.075) 0.007 0.011 0.106 0.028 
 174   (0.048) 0.003 0.047 0.034 0.004 

Locus 9 : Scv32 
18 alleles
0.7% missing data
 236   (0.043) 0.003 0.003 0.108 0.003 
 238   (0.044) 0.003 0.092 0.036 0.004 
 234   (0.106) 0.057 0.380 0.064 0.319 
 246   (0.053) 0.139 0.007 0.021 0.278 
 248   (0.092) 0.221 0.019 0.139 0.008 
 262   (0.090) 0.223 0.068 0.073 0.015 
 232   (0.187) 0.078 0.205 0.302 0.185 
 250   (0.034) 0.096 0.006 0.013 0.010 
 228   (0.027) 0.002 0.002 0.036 0.002 
 220   (0.047) 0.120 0.003 0.021 0.085 
 264   (0.061) 0.008 0.035 0.052 0.052 
 252   (0.039) 0.013 0.059 0.015 0.003 
 254   (0.041) 0.003 0.069 0.028 0.003 
 242   (0.029) 0.002 0.002 0.037 0.002 
 266   (0.029) 0.002 0.028 0.013 0.002 
 244   (0.037) 0.026 0.018 0.016 0.003 
 226   (0.021) 0.001 0.001 0.008 0.024 
 240   (0.021) 0.001 0.001 0.021 0.002 

Locus 10 : Scv8 
6 alleles
0.7% missing data
 200   (0.625) 0.720 0.597 0.667 0.835 
 202   (0.090) 0.006 0.076 0.132 0.007 
 194   (0.104) 0.073 0.075 0.051 0.144 
 204   (0.047) 0.071 0.003 0.030 0.004 
 198   (0.076) 0.126 0.007 0.084 0.006 
 188   (0.058) 0.004 0.240 0.036 0.004 

Locus 11 : Scv9 
5 alleles
0.0% missing data
 198   (0.304) 0.255 0.465 0.266 0.419 
 200   (0.373) 0.479 0.173 0.453 0.356 
 196   (0.248) 0.260 0.318 0.253 0.060 
 204   (0.049) 0.004 0.033 0.018 0.162 
 202   (0.026) 0.002 0.011 0.010 0.002 

Locus 12 : Rsu1 
6 alleles
0.0% missing data
 189   (0.314) 0.062 0.203 0.470 0.466 
 185   (0.256) 0.170 0.499 0.215 0.193 
 177   (0.083) 0.102 0.036 0.054 0.012 
 181   (0.248) 0.405 0.254 0.225 0.083 
 193   (0.048) 0.204 0.003 0.017 0.037 
 197   (0.052) 0.057 0.003 0.019 0.210 

Locus 13 : Scv14 
7 alleles
4.4% missing data
 196   (0.500) 0.817 0.611 0.442 0.918 
 198   (0.083) 0.006 0.092 0.107 0.007 
 194   (0.146) 0.071 0.095 0.177 0.023 
 202   (0.191) 0.090 0.192 0.225 0.045 
 204   (0.026) 0.002 0.002 0.022 0.002 
 190   (0.027) 0.012 0.002 0.011 0.002 
 200   (0.026) 0.002 0.006 0.015 0.002 

Locus 14 : Scv16 
7 alleles
0.0% missing data
 182   (0.368) 0.652 0.498 0.329 0.226 
 184   (0.425) 0.259 0.384 0.495 0.730 
 188   (0.090) 0.081 0.006 0.111 0.036 
 200   (0.027) 0.002 0.002 0.022 0.002 
 198   (0.032) 0.002 0.068 0.011 0.002 
 190   (0.031) 0.002 0.039 0.011 0.003 
 186   (0.026) 0.002 0.002 0.021 0.002 

Locus 15 : Scv31 
15 alleles
3.0% missing data
 193   (0.127) 0.213 0.148 0.116 0.017 
 201   (0.107) 0.074 0.025 0.174 0.014 
 187   (0.083) 0.212 0.044 0.036 0.244 
 207   (0.030) 0.005 0.002 0.011 0.372 
 195   (0.062) 0.082 0.097 0.025 0.022 
 185   (0.144) 0.036 0.306 0.138 0.221 
 189   (0.081) 0.075 0.006 0.163 0.006 
 205   (0.023) 0.002 0.002 0.021 0.002 
 191   (0.128) 0.229 0.262 0.081 0.078 
 197   (0.042) 0.013 0.059 0.017 0.011 
 199   (0.051) 0.004 0.041 0.059 0.004 
 203   (0.031) 0.002 0.002 0.050 0.002 
 209   (0.028) 0.002 0.002 0.036 0.002 
 213   (0.034) 0.002 0.002 0.065 0.002 
 181   (0.028) 0.049 0.002 0.010 0.003 

Locus 16 : Scv6 
8 alleles
0.0% missing data
 191   (0.118) 0.192 0.013 0.178 0.009 
 195   (0.356) 0.479 0.437 0.305 0.673 
 197   (0.191) 0.279 0.245 0.127 0.261 
 201   (0.088) 0.006 0.055 0.143 0.007 
 205   (0.031) 0.002 0.002 0.037 0.002 
 193   (0.085) 0.007 0.132 0.100 0.007 
 199   (0.101) 0.033 0.112 0.075 0.038 
 181   (0.031) 0.002 0.002 0.036 0.002 

Values of parameters used in structure:
DATAFILE=C:\Users\drenske\Desktop\STRUCTURE\Squirrel_135_ID_16L_20250816\project_data,	OUTFILE=C:\Users\drenske\Desktop\STRUCTURE\Squirrel_135_ID_16L_20250816\10k_Burnin_100k_MCMC\Results\10k_Burnin_100k_MCMC_run_84,	NUMINDS=135,	NUMLOCI=16,	MISSING=-9,	LABEL=1,	POPDATA=1,	POPFLAG=0,	PHENOTYPE=0,	EXTRACOLS=1,	MAXPOPS=4,	BURNIN=10000,	NUMREPS=100000,	USEPOPINFO=0,	INFERALPHA=1,	INFERLAMBDA=1,	POPSPECIFICLAMBDA=0,	POPALPHAS=0,	COMPUTEPROB=1,	NOADMIX=0,	ADMBURNIN=2500,	UPDATEFREQ=1,	PRINTLIKES=0,	INTERMEDSAVE=0,	PRINTKLD=0,	PRINTNET=0,	PRINTLAMBDA=0,	ANCESTDIST=1,	NUMBOXES=1000,	ANCESTPINT=0.90000,	GENSBACK=2,	MIGRPRIOR=0.05000,	PRINTQHAT=1,	PRINTQSUM=0,	ALPHA=1.0000,	FREQSCORR=1,	FPRIORMEAN=0.0100,	FPRIORSD=0.0500,	ONEFST=0,	LAMBDA=1.0000,	UNIFPRIORALPHA=1,	ALPHAMAX=10.0000,	ALPHAPRIORA=1.0000,	ALPHAPRIORB=2.0000,	ALPHAPROPSD=0.0250,	STARTATPOPINFO=0,	RANDOMIZE=1,	LINKAGE=0,	METROFREQ=10,	REPORTHITRATE=0,	MARKOVPHASE=-1,	PHASED=0,	PLOIDY=2,	PHASEINFO=0	LOCPRIOR=0, 	LOCPRIORINIT=1.000000, 	LOCDATA=0, 	LOCISPOP=0, 	LOCPRIORSTEP=0.100000, 	MAXLOCPRIOR=20.000000, 	SEED=1755510122,	
[STRAT parameters]:    NUMSIMSTATS=1000,	PHENOTYPECOL=-9,	POOLFREQ=10,	LOCUSxONLY=0,	EMERROR=0.00100,	MISSINGPHENO=-9,	