          1*  1 0.0368 0.1085 0.0149 0.7994 0.0090 0.0074 0.0240 
           3  1 0.0056 0.0066 0.9656 0.0055 0.0054 0.0048 0.0065 
           6  1 0.0102 0.0189 0.9120 0.0062 0.0200 0.0138 0.0189 
           8  1 0.0221 0.0070 0.0067 0.0102 0.9375 0.0040 0.0125 
          10  1 0.8468 0.0059 0.0096 0.0090 0.1194 0.0051 0.0041 
          11  1 0.0227 0.1592 0.0410 0.6099 0.0844 0.0662 0.0166 
          12  1 0.9661 0.0070 0.0056 0.0042 0.0077 0.0049 0.0044 
          16  1 0.0085 0.0069 0.9476 0.0064 0.0189 0.0059 0.0058 
          18  1 0.0073 0.0060 0.0093 0.9582 0.0091 0.0045 0.0056 
          19  1 0.0139 0.0481 0.0158 0.7520 0.0451 0.0911 0.0340 
          21  1 0.0091 0.0083 0.9383 0.0065 0.0236 0.0081 0.0062 
          23  1 0.7583 0.1400 0.0133 0.0106 0.0180 0.0413 0.0186 
          24  1 0.3949 0.1010 0.0188 0.1986 0.2301 0.0458 0.0108 
          25  1 0.7303 0.1068 0.0595 0.0144 0.0687 0.0095 0.0108 
         26*  1 0.1779 0.0182 0.1094 0.0213 0.6597 0.0055 0.0080 
          28  1 0.1349 0.0146 0.0744 0.0081 0.7548 0.0065 0.0068 
          29  1 0.8786 0.0065 0.0055 0.0143 0.0839 0.0056 0.0057 
          30  1 0.0688 0.0163 0.1073 0.0231 0.4676 0.0075 0.3094 
          33  1 0.0058 0.0180 0.0065 0.8994 0.0043 0.0538 0.0122 
          37  1 0.0298 0.0103 0.0127 0.9243 0.0088 0.0085 0.0056 
          38  1 0.0170 0.0057 0.0097 0.9428 0.0158 0.0047 0.0043 
          43  1 0.7533 0.0114 0.0437 0.0096 0.1681 0.0074 0.0065 
          44  1 0.0069 0.0224 0.3745 0.0104 0.5346 0.0086 0.0425 
          48  1 0.0070 0.0065 0.0153 0.9551 0.0062 0.0042 0.0057 
          55  1 0.0120 0.0303 0.1885 0.0141 0.7212 0.0116 0.0223 
          59  1 0.0042 0.0051 0.9683 0.0062 0.0065 0.0042 0.0054 
          60  1 0.0983 0.6841 0.0154 0.0317 0.0054 0.0907 0.0743 
          61  1 0.0080 0.2557 0.0172 0.0102 0.0103 0.6463 0.0524 
          62  1 0.0338 0.5473 0.0119 0.0192 0.0141 0.3514 0.0221 
          65  1 0.0084 0.0202 0.0051 0.9148 0.0111 0.0155 0.0250 
          73  1 0.0818 0.0181 0.0071 0.0087 0.0111 0.0052 0.8679 
          75  1 0.0053 0.0068 0.0096 0.0128 0.0082 0.9174 0.0399 
          76  1 0.0104 0.0323 0.0059 0.0044 0.0052 0.9350 0.0068 
          77  1 0.0094 0.0903 0.0072 0.0090 0.0047 0.8745 0.0049 
          78  1 0.0188 0.0393 0.0079 0.0161 0.0108 0.2532 0.6539 
          79  1 0.0056 0.0569 0.0046 0.0131 0.0076 0.8470 0.0653 
          84  1 0.0939 0.0999 0.6088 0.0171 0.1370 0.0230 0.0204 
          85  1 0.0077 0.0129 0.0104 0.0114 0.9380 0.0078 0.0118 
          86  1 0.0165 0.0175 0.0058 0.0182 0.9108 0.0127 0.0185 
          89  1 0.2766 0.1422 0.4803 0.0311 0.0190 0.0338 0.0170 
          94  1 0.9353 0.0092 0.0128 0.0192 0.0125 0.0063 0.0046 
          95  1 0.0053 0.0100 0.9493 0.0106 0.0112 0.0059 0.0077 
          96  1 0.0102 0.0049 0.0049 0.0047 0.9650 0.0055 0.0048 
          98  1 0.0124 0.4690 0.0081 0.0094 0.0079 0.0903 0.4029 
         102  1 0.0261 0.0392 0.0393 0.8611 0.0065 0.0154 0.0124 
         105  1 0.0050 0.0053 0.0055 0.0083 0.0047 0.0044 0.9668 
         106  1 0.0085 0.0811 0.1223 0.0375 0.0257 0.5049 0.2200 
         108  1 0.0103 0.0288 0.0083 0.0658 0.0104 0.0248 0.8517 
         109  1 0.0070 0.0408 0.0095 0.0084 0.0159 0.0258 0.8926 
         112  1 0.0907 0.4530 0.0105 0.0385 0.1337 0.2620 0.0116 
         115  1 0.0718 0.0688 0.0175 0.7731 0.0127 0.0192 0.0370 
         116  1 0.0083 0.0140 0.0133 0.0171 0.9205 0.0076 0.0192 
         117  1 0.2599 0.0321 0.3733 0.0171 0.2625 0.0293 0.0259 
         129  1 0.0083 0.0056 0.0419 0.0075 0.9272 0.0039 0.0055 
         132  1 0.2803 0.4537 0.0259 0.1410 0.0072 0.0422 0.0497 
         133  1 0.0099 0.4525 0.0095 0.0078 0.0051 0.1180 0.3972 
         137  1 0.0169 0.2663 0.0177 0.0114 0.0108 0.6613 0.0157 
         139  1 0.0089 0.0084 0.0097 0.0148 0.0155 0.9302 0.0125 
         140  1 0.0058 0.0280 0.0138 0.0086 0.0076 0.0180 0.9183 
         142  1 0.0116 0.2609 0.0249 0.0080 0.0060 0.6762 0.0124 
         144  1 0.0041 0.0065 0.0066 0.0049 0.0037 0.0049 0.9692 
         145  1 0.0059 0.5784 0.0076 0.0072 0.0056 0.3832 0.0122 
         147  1 0.0046 0.0078 0.0046 0.0067 0.0074 0.0171 0.9518 
         160  1 0.9566 0.0063 0.0101 0.0079 0.0092 0.0052 0.0047 
        162*  1 0.0115 0.0053 0.0044 0.0048 0.9630 0.0060 0.0051 
         166  1 0.0081 0.6493 0.0271 0.0087 0.0080 0.1377 0.1612 
         177  1 0.0049 0.0066 0.0042 0.0045 0.0056 0.9702 0.0040 
         178  1 0.0347 0.0602 0.0097 0.0131 0.0160 0.8121 0.0542 
         186  1 0.0057 0.0051 0.9703 0.0049 0.0056 0.0042 0.0043 
         189  1 0.0140 0.0081 0.0075 0.0067 0.9521 0.0078 0.0039 
         190  1 0.0547 0.0245 0.0349 0.0149 0.8471 0.0137 0.0102 
         191  1 0.0270 0.0365 0.5600 0.0130 0.2729 0.0301 0.0605 
         193  1 0.0177 0.5851 0.0401 0.0123 0.0114 0.3183 0.0152 
         202  1 0.5531 0.0533 0.0105 0.0562 0.3043 0.0131 0.0095 
         204  1 0.0073 0.0042 0.0341 0.0043 0.9419 0.0036 0.0047 
         211  1 0.3079 0.2996 0.0110 0.0305 0.0105 0.0488 0.2917 
         216  1 0.0197 0.0947 0.0054 0.0066 0.0054 0.0407 0.8276 
         222  1 0.0231 0.0553 0.0077 0.0423 0.0182 0.0203 0.8330 
         224  1 0.0176 0.0166 0.0168 0.0131 0.9166 0.0083 0.0111 
         226  1 0.0044 0.0076 0.9619 0.0088 0.0072 0.0056 0.0045 
         229  1 0.0637 0.0779 0.0091 0.0381 0.7401 0.0324 0.0387 
         230  1 0.0256 0.0087 0.0167 0.0121 0.8866 0.0369 0.0133 
         232  1 0.4698 0.1788 0.0814 0.0252 0.1385 0.0808 0.0255 
         238  1 0.0126 0.0879 0.0069 0.6200 0.0736 0.1686 0.0303 
         242  1 0.0046 0.0118 0.0064 0.9595 0.0058 0.0043 0.0076 
         243  1 0.0124 0.1042 0.0312 0.7653 0.0098 0.0351 0.0421 
         244  1 0.0115 0.0429 0.0074 0.7125 0.0120 0.2040 0.0095 
         251  1 0.1284 0.0928 0.0087 0.6888 0.0290 0.0326 0.0197 
         266  1 0.0113 0.1693 0.0109 0.1850 0.0206 0.5843 0.0186 
         267  1 0.0132 0.0357 0.0298 0.0200 0.0343 0.0138 0.8531 
         268  1 0.0453 0.1570 0.0088 0.0146 0.0060 0.3345 0.4338 
         270  1 0.0167 0.0139 0.0252 0.0127 0.9118 0.0078 0.0119 
         276  1 0.0362 0.1055 0.4544 0.0174 0.2461 0.0740 0.0664 
         298  1 0.0120 0.0466 0.0141 0.0108 0.0061 0.0845 0.8258 
         306  1 0.0112 0.7520 0.0086 0.0234 0.0068 0.1288 0.0693 
         308  1 0.0985 0.1253 0.0072 0.0317 0.0099 0.4808 0.2467 
         311  1 0.0251 0.4160 0.0101 0.1473 0.0246 0.0369 0.3401 
         323  1 0.0045 0.0057 0.9656 0.0073 0.0069 0.0048 0.0052 
         327  1 0.2428 0.0282 0.0175 0.0167 0.6733 0.0073 0.0143 
         334  1 0.0076 0.2383 0.0041 0.7170 0.0072 0.0075 0.0183 
         338  1 0.0301 0.2814 0.0213 0.0166 0.0158 0.0273 0.6075 
         341  1 0.0064 0.0173 0.9484 0.0097 0.0069 0.0063 0.0049 
         346  1 0.0377 0.3918 0.0138 0.0080 0.0082 0.5312 0.0094 
         348  1 0.0065 0.0429 0.0078 0.0232 0.0083 0.1862 0.7252 
         351  1 0.0355 0.2671 0.0171 0.6380 0.0088 0.0236 0.0099 
         362  1 0.0292 0.0070 0.0305 0.0062 0.9157 0.0053 0.0061 
         364  1 0.0101 0.0377 0.0096 0.9157 0.0052 0.0115 0.0102 
         366  1 0.0133 0.0328 0.0134 0.8503 0.0451 0.0151 0.0300 
         376  1 0.0254 0.0312 0.8853 0.0080 0.0249 0.0184 0.0069 
         377  1 0.7237 0.0715 0.0186 0.0133 0.1341 0.0107 0.0281 
         378  1 0.9486 0.0101 0.0105 0.0046 0.0070 0.0114 0.0077 
         388  1 0.0255 0.0712 0.0092 0.0153 0.0093 0.0118 0.8577 
         391  1 0.2680 0.2058 0.4675 0.0129 0.0064 0.0163 0.0231 
         396  1 0.0265 0.1829 0.0550 0.0154 0.6552 0.0336 0.0315 
         400  1 0.6301 0.0267 0.0093 0.1129 0.2029 0.0094 0.0086 
         401  1 0.0118 0.0700 0.0892 0.2282 0.4014 0.1880 0.0115 
         406  1 0.0186 0.4940 0.0867 0.0350 0.0104 0.0457 0.3096 
         412  1 0.0366 0.5704 0.0223 0.0155 0.0198 0.0590 0.2765 
         413  1 0.0084 0.5112 0.0041 0.0463 0.0186 0.3857 0.0257 
         421  1 0.0219 0.2186 0.0213 0.0254 0.6141 0.0675 0.0311 
         423  1 0.0251 0.1047 0.0141 0.0591 0.7082 0.0200 0.0688 
         424  1 0.0500 0.5880 0.2048 0.0310 0.0101 0.0760 0.0402 
         426  1 0.8601 0.0380 0.0236 0.0183 0.0280 0.0169 0.0150 
         430  1 0.0193 0.6556 0.0448 0.0094 0.0158 0.2144 0.0406 
         435  1 0.0193 0.2883 0.0052 0.0047 0.0057 0.6294 0.0473 
         476  1 0.0168 0.0219 0.8045 0.0304 0.0932 0.0258 0.0074 
         478  1 0.0179 0.0155 0.7108 0.0246 0.2155 0.0067 0.0089 
         484  1 0.0107 0.0968 0.0148 0.0064 0.0060 0.0339 0.8315 
         489  1 0.6798 0.1339 0.0107 0.0095 0.0324 0.0130 0.1207 
         492  1 0.0086 0.2572 0.0051 0.6961 0.0071 0.0108 0.0151 
         493  1 0.0134 0.0136 0.0074 0.9379 0.0126 0.0082 0.0069 
         494  1 0.0320 0.0162 0.0133 0.9039 0.0189 0.0092 0.0065 
         500  1 0.0102 0.0046 0.0180 0.0060 0.9530 0.0042 0.0040 
         504  1 0.0341 0.0392 0.0085 0.0251 0.0448 0.0124 0.8359 
         506  1 0.0104 0.0061 0.0112 0.0056 0.0450 0.0049 0.9168 
