          1*  1 0.0181 0.0316 0.0116 0.0079 0.9308 
           3  1 0.0065 0.0073 0.9746 0.0059 0.0057 
           6  1 0.0136 0.0205 0.9454 0.0151 0.0054 
           8  1 0.8012 0.0104 0.1741 0.0041 0.0103 
          10  1 0.9688 0.0045 0.0148 0.0052 0.0067 
          11  1 0.0729 0.0247 0.0537 0.0846 0.7641 
          12  1 0.9633 0.0087 0.0094 0.0117 0.0070 
          16  1 0.0124 0.0058 0.9694 0.0061 0.0063 
          18  1 0.0085 0.0053 0.0088 0.0050 0.9724 
          19  1 0.0283 0.0303 0.0219 0.0593 0.8603 
          21  1 0.0109 0.0062 0.9680 0.0084 0.0065 
          23  1 0.7121 0.0613 0.0288 0.1798 0.0179 
          24  1 0.7046 0.0104 0.0223 0.0415 0.2212 
          25  1 0.8711 0.0352 0.0384 0.0275 0.0279 
         26*  1 0.7826 0.0051 0.1940 0.0049 0.0134 
          28  1 0.7968 0.0063 0.1833 0.0067 0.0070 
          29  1 0.9697 0.0048 0.0096 0.0064 0.0095 
          30  1 0.3894 0.3489 0.2340 0.0076 0.0201 
          33  1 0.0050 0.0106 0.0059 0.0298 0.9487 
          37  1 0.0148 0.0058 0.0117 0.0086 0.9591 
          38  1 0.0189 0.0043 0.0108 0.0047 0.9614 
          43  1 0.9536 0.0053 0.0259 0.0067 0.0084 
          44  1 0.3095 0.0769 0.5755 0.0197 0.0185 
          48  1 0.0067 0.0053 0.0124 0.0043 0.9714 
          55  1 0.4258 0.0307 0.5141 0.0154 0.0140 
          59  1 0.0053 0.0055 0.9781 0.0046 0.0065 
          60  1 0.0631 0.4561 0.0247 0.3322 0.1238 
          61  1 0.0078 0.0426 0.0143 0.9268 0.0085 
          62  1 0.0185 0.0262 0.0142 0.9217 0.0195 
          65  1 0.0093 0.0228 0.0057 0.0116 0.9507 
          73  1 0.0357 0.9393 0.0074 0.0062 0.0115 
          75  1 0.0072 0.0366 0.0109 0.9262 0.0191 
          76  1 0.0058 0.0068 0.0052 0.9778 0.0044 
          77  1 0.0056 0.0061 0.0062 0.9748 0.0074 
          78  1 0.0137 0.7981 0.0072 0.1672 0.0138 
          79  1 0.0054 0.0463 0.0041 0.9345 0.0097 
          84  1 0.1772 0.0284 0.7309 0.0460 0.0175 
          85  1 0.7766 0.0151 0.1811 0.0090 0.0182 
          86  1 0.7771 0.0320 0.1448 0.0173 0.0288 
          89  1 0.2552 0.0348 0.5347 0.1162 0.0591 
          94  1 0.9452 0.0045 0.0107 0.0070 0.0326 
          95  1 0.0079 0.0090 0.9655 0.0076 0.0100 
          96  1 0.8198 0.0055 0.1634 0.0066 0.0047 
          98  1 0.0103 0.8763 0.0083 0.0961 0.0089 
         102  1 0.0137 0.0123 0.0335 0.0189 0.9216 
         105  1 0.0051 0.9756 0.0059 0.0047 0.0087 
         106  1 0.0162 0.1852 0.1554 0.6148 0.0284 
         108  1 0.0097 0.9088 0.0090 0.0209 0.0515 
         109  1 0.0095 0.9663 0.0088 0.0097 0.0056 
         112  1 0.2102 0.0165 0.0199 0.7178 0.0356 
         115  1 0.0429 0.0438 0.0141 0.0127 0.8864 
         116  1 0.7371 0.0262 0.1954 0.0120 0.0293 
         117  1 0.4769 0.0256 0.4517 0.0308 0.0150 
         129  1 0.7683 0.0057 0.2156 0.0037 0.0066 
         132  1 0.1329 0.2322 0.0279 0.0983 0.5086 
         133  1 0.0070 0.8408 0.0101 0.1342 0.0079 
         137  1 0.0134 0.0175 0.0150 0.9440 0.0101 
         139  1 0.0139 0.0127 0.0127 0.9357 0.0251 
         140  1 0.0057 0.9668 0.0092 0.0117 0.0066 
         142  1 0.0068 0.0108 0.0125 0.9639 0.0060 
         144  1 0.0041 0.9799 0.0058 0.0057 0.0046 
         145  1 0.0065 0.0162 0.0084 0.9607 0.0083 
         147  1 0.0062 0.9731 0.0049 0.0094 0.0064 
         160  1 0.9622 0.0061 0.0099 0.0074 0.0144 
        162*  1 0.8206 0.0056 0.1629 0.0063 0.0047 
         166  1 0.0095 0.6849 0.0251 0.2668 0.0137 
         177  1 0.0053 0.0043 0.0041 0.9818 0.0045 
         178  1 0.0252 0.0806 0.0105 0.8634 0.0203 
         186  1 0.0062 0.0045 0.9787 0.0055 0.0050 
         189  1 0.8064 0.0037 0.1724 0.0102 0.0073 
         190  1 0.7917 0.0089 0.1756 0.0106 0.0131 
         191  1 0.1473 0.0451 0.7658 0.0310 0.0108 
         193  1 0.0162 0.0228 0.0539 0.8933 0.0137 
         202  1 0.8925 0.0137 0.0274 0.0162 0.0502 
         204  1 0.7510 0.0046 0.2367 0.0035 0.0042 
         211  1 0.1155 0.6862 0.0125 0.1367 0.0491 
         216  1 0.0077 0.9385 0.0046 0.0423 0.0069 
         222  1 0.0325 0.8905 0.0076 0.0230 0.0465 
         224  1 0.7652 0.0144 0.1949 0.0104 0.0151 
         226  1 0.0062 0.0048 0.9712 0.0064 0.0114 
         229  1 0.7340 0.0412 0.1501 0.0309 0.0439 
         230  1 0.7715 0.0126 0.1769 0.0256 0.0134 
         232  1 0.6801 0.0368 0.1233 0.1383 0.0215 
         238  1 0.0497 0.0292 0.0114 0.1856 0.7241 
         242  1 0.0046 0.0070 0.0066 0.0041 0.9776 
         243  1 0.0117 0.0654 0.0323 0.0352 0.8553 
         244  1 0.0120 0.0101 0.0078 0.1545 0.8155 
         251  1 0.0824 0.0272 0.0125 0.0424 0.8355 
         266  1 0.0154 0.0275 0.0133 0.7325 0.2113 
         267  1 0.0255 0.9199 0.0260 0.0125 0.0162 
         268  1 0.0118 0.8116 0.0073 0.1582 0.0112 
         270  1 0.7582 0.0122 0.2057 0.0084 0.0156 
         276  1 0.1500 0.0778 0.6615 0.0902 0.0204 
         298  1 0.0072 0.9306 0.0099 0.0440 0.0083 
         306  1 0.0120 0.2776 0.0102 0.6578 0.0424 
         308  1 0.0292 0.2158 0.0079 0.7129 0.0342 
         311  1 0.0340 0.6828 0.0160 0.0847 0.1825 
         323  1 0.0058 0.0055 0.9761 0.0056 0.0071 
         327  1 0.8852 0.0125 0.0825 0.0069 0.0129 
         334  1 0.0081 0.0212 0.0044 0.0100 0.9563 
         338  1 0.0155 0.8998 0.0185 0.0524 0.0137 
         341  1 0.0115 0.0067 0.9533 0.0137 0.0148 
         346  1 0.0263 0.0165 0.0137 0.9345 0.0089 
         348  1 0.0068 0.8132 0.0072 0.1543 0.0184 
         351  1 0.0202 0.0144 0.0151 0.0230 0.9272 
         362  1 0.7818 0.0061 0.2021 0.0046 0.0055 
         364  1 0.0072 0.0119 0.0083 0.0149 0.9578 
         366  1 0.0253 0.0348 0.0176 0.0142 0.9081 
         376  1 0.0253 0.0068 0.9423 0.0183 0.0073 
         377  1 0.9177 0.0355 0.0201 0.0170 0.0097 
         378  1 0.9182 0.0184 0.0188 0.0378 0.0068 
         388  1 0.0135 0.9553 0.0087 0.0109 0.0117 
         391  1 0.1880 0.0681 0.5590 0.1586 0.0263 
         396  1 0.6537 0.0508 0.2189 0.0576 0.0190 
         400  1 0.9095 0.0080 0.0119 0.0088 0.0618 
         401  1 0.2327 0.0171 0.2706 0.2188 0.2610 
         406  1 0.0176 0.7372 0.0989 0.1078 0.0384 
         412  1 0.0347 0.7837 0.0273 0.1381 0.0162 
         413  1 0.0141 0.0232 0.0048 0.9306 0.0272 
         421  1 0.5961 0.0509 0.1444 0.1776 0.0310 
         423  1 0.6483 0.0689 0.1394 0.0544 0.0890 
         424  1 0.0512 0.1068 0.3924 0.4042 0.0454 
         426  1 0.8372 0.0373 0.0490 0.0549 0.0216 
         430  1 0.0244 0.1276 0.0557 0.7785 0.0137 
         435  1 0.0074 0.0251 0.0043 0.9590 0.0041 
         476  1 0.0405 0.0061 0.9109 0.0195 0.0229 
         478  1 0.1492 0.0110 0.8118 0.0067 0.0213 
         484  1 0.0068 0.9516 0.0101 0.0256 0.0059 
         489  1 0.7660 0.1545 0.0192 0.0440 0.0163 
         492  1 0.0085 0.0214 0.0062 0.0188 0.9452 
         493  1 0.0149 0.0072 0.0078 0.0092 0.9608 
         494  1 0.0319 0.0064 0.0132 0.0082 0.9402 
         500  1 0.7868 0.0041 0.1992 0.0037 0.0061 
         504  1 0.0350 0.9206 0.0107 0.0100 0.0237 
         506  1 0.0296 0.9406 0.0184 0.0055 0.0060 
