

----------------------------------------------------
STRUCTURE by Pritchard, Stephens and Donnelly (2000)
     and Falush, Stephens and Pritchard (2003)
       Code by Pritchard, Falush and Hubisz
             Version 2.3.4 (Jul 2012)
----------------------------------------------------



Command line arguments:   bin\structure -m C:\Users\drenske\Desktop\STRUCTURE\Squirrel_135_ID_16L_20250816\10k_Burnin_100k_MCMC\mainparams -e C:\Users\drenske\Desktop\STRUCTURE\Squirrel_135_ID_16L_20250816\10k_Burnin_100k_MCMC\extraparams 
Input File:    C:\Users\drenske\Desktop\STRUCTURE\Squirrel_135_ID_16L_20250816\project_data

Run parameters:
   135 individuals
   16 loci
   4 populations assumed
   10000 Burn-in period
   100000 Reps


--------------------------------------------
Proportion of membership of each pre-defined
 population in each of the 4 clusters

Given    Inferred Clusters              Number of
 Pop       1      2      3      4      Individuals

  1:     0.189  0.158  0.365  0.288      135
--------------------------------------------

Allele-freq. divergence among pops (Net nucleotide distance),
computed using point estimates of P.

      1       2       3       4      
 1      -    0.0515  0.0391  0.0464  
 2   0.0515     -    0.0684  0.0592  
 3   0.0391  0.0684     -    0.0519  
 4   0.0464  0.0592  0.0519     -    

Average distances (expected heterozygosity) between individuals in same cluster:
cluster  1  : 0.6494 
cluster  2  : 0.4902 
cluster  3  : 0.6009 
cluster  4  : 0.5506 

--------------------------------------------
Estimated Ln Prob of Data   = -4970.5
Mean value of ln likelihood = -4832.8
Variance of ln likelihood   = 275.4
Mean value of alpha         = 0.0429

Mean value of lambda        = 1.0445

Mean value of Fst_1         = 0.0367
Mean value of Fst_2         = 0.2506
Mean value of Fst_3         = 0.1298
Mean value of Fst_4         = 0.1558


Inferred ancestry of individuals:
        Label (%Miss) Pop:  Inferred clusters (and 90% probability intervals)
  1       1*    (0)    1 :  0.953 0.013 0.020 0.014     (0.729,1.000) (0.000,0.081) (0.000,0.134) (0.000,0.084) 
  2        3    (0)    1 :  0.006 0.983 0.006 0.006     (0.000,0.029) (0.900,1.000) (0.000,0.033) (0.000,0.029) 
  3        6    (0)    1 :  0.006 0.964 0.018 0.012     (0.000,0.032) (0.786,1.000) (0.000,0.117) (0.000,0.071) 
  4        8    (0)    1 :  0.009 0.069 0.006 0.917     (0.000,0.046) (0.000,0.957) (0.000,0.030) (0.001,1.000) 
  5       10    (0)    1 :  0.006 0.008 0.005 0.981     (0.000,0.034) (0.000,0.039) (0.000,0.023) (0.894,1.000) 
  6       11    (0)    1 :  0.856 0.042 0.034 0.069     (0.299,1.000) (0.000,0.300) (0.000,0.247) (0.000,0.458) 
  7       12    (0)    1 :  0.008 0.009 0.011 0.972     (0.000,0.038) (0.000,0.051) (0.000,0.061) (0.842,1.000) 
  8       16    (6)    1 :  0.007 0.975 0.005 0.013     (0.000,0.036) (0.858,1.000) (0.000,0.028) (0.000,0.071) 
  9       18    (0)    1 :  0.977 0.010 0.005 0.008     (0.861,1.000) (0.000,0.058) (0.000,0.027) (0.000,0.046) 
 10       19    (0)    1 :  0.923 0.017 0.035 0.024     (0.585,1.000) (0.000,0.107) (0.000,0.241) (0.000,0.177) 
 11       21    (6)    1 :  0.006 0.976 0.007 0.011     (0.000,0.033) (0.859,1.000) (0.000,0.038) (0.000,0.062) 
 12       23    (6)    1 :  0.021 0.023 0.243 0.712     (0.000,0.125) (0.000,0.166) (0.000,0.996) (0.000,1.000) 
 13       24    (6)    1 :  0.273 0.016 0.025 0.687     (0.000,0.997) (0.000,0.098) (0.000,0.181) (0.000,1.000) 
 14       25    (6)    1 :  0.031 0.029 0.040 0.900     (0.000,0.210) (0.000,0.219) (0.000,0.302) (0.525,1.000) 
 15      26*    (0)    1 :  0.016 0.129 0.005 0.851     (0.000,0.100) (0.000,0.741) (0.000,0.024) (0.203,1.000) 
 16       28    (0)    1 :  0.007 0.106 0.007 0.880     (0.000,0.039) (0.000,0.902) (0.000,0.038) (0.028,1.000) 
 17       29    (0)    1 :  0.008 0.006 0.005 0.982     (0.000,0.044) (0.000,0.030) (0.000,0.025) (0.894,1.000) 
 18       30    (0)    1 :  0.059 0.265 0.161 0.516     (0.000,0.466) (0.000,1.000) (0.000,0.680) (0.000,1.000) 
 19       33    (0)    1 :  0.971 0.006 0.018 0.004     (0.825,1.000) (0.000,0.033) (0.000,0.127) (0.000,0.024) 
 20       37    (0)    1 :  0.966 0.012 0.007 0.015     (0.801,1.000) (0.000,0.076) (0.000,0.037) (0.000,0.088) 
 21       38    (0)    1 :  0.969 0.010 0.004 0.018     (0.813,1.000) (0.000,0.056) (0.000,0.022) (0.000,0.121) 
 22       43    (0)    1 :  0.008 0.018 0.006 0.968     (0.000,0.043) (0.000,0.105) (0.000,0.034) (0.814,1.000) 
 23       44    (0)    1 :  0.021 0.519 0.046 0.414     (0.000,0.136) (0.121,1.000) (0.000,0.347) (0.000,0.862) 
 24       48    (0)    1 :  0.975 0.013 0.005 0.006     (0.858,1.000) (0.000,0.083) (0.000,0.025) (0.000,0.035) 
 25       55    (0)    1 :  0.015 0.433 0.032 0.519     (0.000,0.093) (0.000,1.000) (0.000,0.243) (0.000,1.000) 
 26       59    (0)    1 :  0.006 0.984 0.005 0.005     (0.000,0.033) (0.907,1.000) (0.000,0.027) (0.000,0.026) 
 27       60    (0)    1 :  0.075 0.017 0.893 0.015     (0.000,0.724) (0.000,0.115) (0.111,1.000) (0.000,0.081) 
 28       61    (0)    1 :  0.008 0.012 0.973 0.007     (0.000,0.044) (0.000,0.075) (0.841,1.000) (0.000,0.039) 
 29       62    (0)    1 :  0.022 0.011 0.941 0.026     (0.000,0.126) (0.000,0.062) (0.668,1.000) (0.000,0.165) 
 30       65    (0)    1 :  0.968 0.005 0.017 0.009     (0.817,1.000) (0.000,0.028) (0.000,0.122) (0.000,0.051) 
 31       73    (0)    1 :  0.017 0.008 0.922 0.053     (0.000,0.112) (0.000,0.047) (0.626,1.000) (0.000,0.324) 
 32       75    (0)    1 :  0.031 0.012 0.948 0.008     (0.000,0.233) (0.000,0.083) (0.714,1.000) (0.000,0.053) 
 33       76    (0)    1 :  0.007 0.006 0.979 0.008     (0.000,0.035) (0.000,0.034) (0.877,1.000) (0.000,0.048) 
 34       77    (0)    1 :  0.017 0.011 0.964 0.009     (0.000,0.095) (0.000,0.064) (0.794,1.000) (0.000,0.051) 
 35       78    (0)    1 :  0.010 0.006 0.976 0.008     (0.000,0.055) (0.000,0.033) (0.861,1.000) (0.000,0.043) 
 36       79    (0)    1 :  0.017 0.004 0.973 0.006     (0.000,0.121) (0.000,0.022) (0.839,1.000) (0.000,0.032) 
 37       84    (0)    1 :  0.021 0.730 0.046 0.203     (0.000,0.142) (0.303,1.000) (0.000,0.322) (0.000,0.648) 
 38       85    (0)    1 :  0.021 0.075 0.014 0.890     (0.000,0.138) (0.000,0.966) (0.000,0.088) (0.000,1.000) 
 39       86    (0)    1 :  0.032 0.056 0.028 0.885     (0.000,0.217) (0.000,0.571) (0.000,0.209) (0.035,1.000) 
 40       89    (0)    1 :  0.066 0.569 0.114 0.251     (0.000,0.428) (0.000,1.000) (0.000,0.560) (0.000,1.000) 
 41       94    (0)    1 :  0.031 0.011 0.006 0.953     (0.000,0.182) (0.000,0.063) (0.000,0.029) (0.740,1.000) 
 42       95    (0)    1 :  0.008 0.977 0.007 0.007     (0.000,0.046) (0.866,1.000) (0.000,0.040) (0.000,0.041) 
 43       96    (0)    1 :  0.005 0.066 0.005 0.924     (0.000,0.025) (0.000,0.962) (0.000,0.029) (0.002,1.000) 
 44       98    (0)    1 :  0.009 0.007 0.974 0.010     (0.000,0.051) (0.000,0.040) (0.848,1.000) (0.000,0.055) 
 45      102    (0)    1 :  0.943 0.031 0.016 0.011     (0.694,1.000) (0.000,0.225) (0.000,0.108) (0.000,0.069) 
 46      105    (0)    1 :  0.018 0.009 0.966 0.007     (0.000,0.126) (0.000,0.054) (0.804,1.000) (0.000,0.042) 
 47      106    (0)    1 :  0.022 0.151 0.816 0.011     (0.000,0.130) (0.000,0.484) (0.467,1.000) (0.000,0.075) 
 48      108    (0)    1 :  0.057 0.011 0.920 0.012     (0.000,0.383) (0.000,0.067) (0.575,1.000) (0.000,0.075) 
 49      109    (0)    1 :  0.010 0.026 0.941 0.023     (0.000,0.054) (0.000,0.190) (0.698,1.000) (0.000,0.175) 
 50      112    (0)    1 :  0.093 0.028 0.400 0.479     (0.000,0.665) (0.000,0.189) (0.000,1.000) (0.000,1.000) 
 51      115    (0)    1 :  0.922 0.013 0.030 0.035     (0.572,1.000) (0.000,0.078) (0.000,0.202) (0.000,0.259) 
 52      116    (0)    1 :  0.040 0.085 0.017 0.858     (0.000,0.284) (0.000,0.938) (0.000,0.117) (0.000,1.000) 
 53      117    (0)    1 :  0.015 0.433 0.031 0.522     (0.000,0.094) (0.000,1.000) (0.000,0.228) (0.000,1.000) 
 54      129    (0)    1 :  0.007 0.116 0.004 0.872     (0.000,0.038) (0.000,0.994) (0.000,0.023) (0.000,1.000) 
 55      132    (0)    1 :  0.445 0.028 0.456 0.071     (0.000,1.000) (0.000,0.211) (0.000,1.000) (0.000,0.475) 
 56      133    (0)    1 :  0.007 0.009 0.978 0.006     (0.000,0.040) (0.000,0.048) (0.871,1.000) (0.000,0.033) 
 57      137    (6)    1 :  0.013 0.020 0.953 0.014     (0.000,0.073) (0.000,0.132) (0.722,1.000) (0.000,0.086) 
 58      139    (0)    1 :  0.060 0.018 0.904 0.017     (0.000,0.425) (0.000,0.130) (0.514,1.000) (0.000,0.122) 
 59      140    (0)    1 :  0.009 0.016 0.969 0.007     (0.000,0.045) (0.000,0.094) (0.823,1.000) (0.000,0.037) 
 60      142    (0)    1 :  0.008 0.018 0.966 0.007     (0.000,0.043) (0.000,0.121) (0.801,1.000) (0.000,0.038) 
 61      144    (0)    1 :  0.007 0.008 0.981 0.004     (0.000,0.036) (0.000,0.046) (0.890,1.000) (0.000,0.024) 
 62      145    (0)    1 :  0.008 0.013 0.972 0.007     (0.000,0.043) (0.000,0.076) (0.836,1.000) (0.000,0.036) 
 63      147    (0)    1 :  0.007 0.005 0.980 0.007     (0.000,0.041) (0.000,0.027) (0.886,1.000) (0.000,0.041) 
 64      160    (0)    1 :  0.015 0.010 0.006 0.969     (0.000,0.070) (0.000,0.057) (0.000,0.032) (0.833,1.000) 
 65     162*    (0)    1 :  0.005 0.065 0.006 0.924     (0.000,0.027) (0.000,0.968) (0.000,0.031) (0.002,1.000) 
 66      166    (0)    1 :  0.011 0.016 0.967 0.007     (0.000,0.051) (0.000,0.101) (0.809,1.000) (0.000,0.036) 
 67      177    (0)    1 :  0.010 0.006 0.976 0.008     (0.000,0.056) (0.000,0.035) (0.859,1.000) (0.000,0.050) 
 68      178    (0)    1 :  0.011 0.007 0.963 0.019     (0.000,0.056) (0.000,0.041) (0.782,1.000) (0.000,0.130) 
 69      186    (0)    1 :  0.005 0.985 0.005 0.005     (0.000,0.026) (0.915,1.000) (0.000,0.025) (0.000,0.029) 
 70      189    (0)    1 :  0.007 0.068 0.006 0.920     (0.000,0.036) (0.000,0.952) (0.000,0.030) (0.004,1.000) 
 71      190    (0)    1 :  0.015 0.081 0.010 0.895     (0.000,0.095) (0.000,0.912) (0.000,0.059) (0.013,1.000) 
 72      191    (0)    1 :  0.013 0.721 0.077 0.189     (0.000,0.076) (0.204,1.000) (0.000,0.446) (0.000,0.761) 
 73      193    (0)    1 :  0.014 0.077 0.886 0.024     (0.000,0.075) (0.000,0.537) (0.319,1.000) (0.000,0.139) 
 74      202    (0)    1 :  0.061 0.014 0.014 0.911     (0.000,0.380) (0.000,0.079) (0.000,0.090) (0.556,1.000) 
 75      204    (0)    1 :  0.004 0.164 0.004 0.828     (0.000,0.022) (0.000,1.000) (0.000,0.020) (0.000,1.000) 
 76      211    (0)    1 :  0.027 0.011 0.913 0.049     (0.000,0.151) (0.000,0.071) (0.532,1.000) (0.000,0.351) 
 77      216    (0)    1 :  0.006 0.004 0.982 0.007     (0.000,0.031) (0.000,0.024) (0.899,1.000) (0.000,0.038) 
 78      222    (0)    1 :  0.046 0.007 0.910 0.036     (0.000,0.345) (0.000,0.039) (0.524,1.000) (0.000,0.273) 
 79      224    (0)    1 :  0.015 0.087 0.013 0.885     (0.000,0.088) (0.000,0.949) (0.000,0.081) (0.001,1.000) 
 80      226    (0)    1 :  0.010 0.979 0.005 0.006     (0.000,0.059) (0.877,1.000) (0.000,0.027) (0.000,0.034) 
 81      229    (0)    1 :  0.044 0.060 0.038 0.857     (0.000,0.315) (0.000,0.697) (0.000,0.270) (0.000,1.000) 
 82      230    (0)    1 :  0.018 0.076 0.024 0.882     (0.000,0.113) (0.000,0.912) (0.000,0.160) (0.001,1.000) 
 83      232    (0)    1 :  0.022 0.113 0.094 0.772     (0.000,0.134) (0.000,0.554) (0.000,0.498) (0.288,1.000) 
 84      238    (0)    1 :  0.802 0.008 0.149 0.042     (0.249,1.000) (0.000,0.045) (0.000,0.680) (0.000,0.299) 
 85      242    (0)    1 :  0.984 0.006 0.005 0.005     (0.906,1.000) (0.000,0.033) (0.000,0.028) (0.000,0.026) 
 86      243    (0)    1 :  0.890 0.034 0.066 0.011     (0.497,1.000) (0.000,0.254) (0.000,0.429) (0.000,0.064) 
 87      244    (0)    1 :  0.938 0.007 0.043 0.011     (0.660,1.000) (0.000,0.038) (0.000,0.303) (0.000,0.072) 
 88      251    (0)    1 :  0.876 0.011 0.039 0.075     (0.420,1.000) (0.000,0.061) (0.000,0.279) (0.000,0.475) 
 89      266    (0)    1 :  0.334 0.009 0.644 0.014     (0.000,1.000) (0.000,0.050) (0.000,1.000) (0.000,0.089) 
 90      267    (0)    1 :  0.026 0.054 0.878 0.043     (0.000,0.178) (0.000,0.358) (0.507,1.000) (0.000,0.294) 
 91      268    (0)    1 :  0.008 0.006 0.977 0.008     (0.000,0.046) (0.000,0.034) (0.866,1.000) (0.000,0.045) 
 92      270    (0)    1 :  0.015 0.095 0.010 0.881     (0.000,0.087) (0.000,0.979) (0.000,0.056) (0.000,1.000) 
 93      276    (0)    1 :  0.023 0.602 0.195 0.180     (0.000,0.160) (0.037,1.000) (0.000,0.700) (0.000,0.896) 
 94      298    (6)    1 :  0.009 0.009 0.976 0.006     (0.000,0.046) (0.000,0.053) (0.859,1.000) (0.000,0.033) 
 95      306    (0)    1 :  0.017 0.007 0.971 0.005     (0.000,0.102) (0.000,0.038) (0.834,1.000) (0.000,0.029) 
 96      308    (0)    1 :  0.018 0.006 0.963 0.013     (0.000,0.115) (0.000,0.037) (0.786,1.000) (0.000,0.080) 
 97      311    (6)    1 :  0.223 0.012 0.737 0.027     (0.000,1.000) (0.000,0.075) (0.000,1.000) (0.000,0.183) 
 98      323    (0)    1 :  0.007 0.982 0.005 0.006     (0.000,0.037) (0.900,1.000) (0.000,0.027) (0.000,0.031) 
 99      327    (0)    1 :  0.013 0.042 0.009 0.936     (0.000,0.083) (0.000,0.278) (0.000,0.052) (0.639,1.000) 
100      334    (0)    1 :  0.972 0.004 0.016 0.007     (0.831,1.000) (0.000,0.023) (0.000,0.114) (0.000,0.040) 
101      338    (0)    1 :  0.014 0.013 0.956 0.017     (0.000,0.071) (0.000,0.080) (0.750,1.000) (0.000,0.101) 
102      341    (0)    1 :  0.011 0.973 0.009 0.007     (0.000,0.060) (0.844,1.000) (0.000,0.047) (0.000,0.038) 
103      346    (0)    1 :  0.012 0.023 0.941 0.024     (0.000,0.061) (0.000,0.145) (0.661,1.000) (0.000,0.148) 
104      348    (0)    1 :  0.012 0.006 0.976 0.006     (0.000,0.071) (0.000,0.031) (0.858,1.000) (0.000,0.035) 
105      351    (0)    1 :  0.948 0.016 0.019 0.016     (0.707,1.000) (0.000,0.112) (0.000,0.125) (0.000,0.105) 
106      362    (0)    1 :  0.006 0.107 0.005 0.883     (0.000,0.030) (0.000,0.995) (0.000,0.027) (0.000,1.000) 
107      364    (0)    1 :  0.969 0.009 0.016 0.006     (0.816,1.000) (0.000,0.053) (0.000,0.102) (0.000,0.035) 
108      366    (0)    1 :  0.934 0.016 0.025 0.026     (0.636,1.000) (0.000,0.099) (0.000,0.166) (0.000,0.188) 
109      376    (0)    1 :  0.008 0.957 0.013 0.023     (0.000,0.041) (0.754,1.000) (0.000,0.084) (0.000,0.157) 
110      377    (6)    1 :  0.011 0.013 0.030 0.946     (0.000,0.052) (0.000,0.079) (0.000,0.211) (0.689,1.000) 
111      378    (0)    1 :  0.007 0.018 0.033 0.943     (0.000,0.036) (0.000,0.117) (0.000,0.231) (0.682,1.000) 
112      388    (0)    1 :  0.023 0.010 0.945 0.022     (0.000,0.152) (0.000,0.061) (0.699,1.000) (0.000,0.158) 
113      391    (0)    1 :  0.036 0.544 0.271 0.150     (0.000,0.258) (0.000,1.000) (0.000,0.998) (0.000,0.605) 
114      396   (18)    1 :  0.024 0.129 0.065 0.782     (0.000,0.155) (0.000,0.959) (0.000,0.410) (0.000,1.000) 
115      400   (18)    1 :  0.047 0.007 0.007 0.938     (0.000,0.316) (0.000,0.038) (0.000,0.039) (0.642,1.000) 
116      401    (0)    1 :  0.463 0.174 0.111 0.252     (0.000,1.000) (0.000,0.760) (0.000,0.580) (0.000,0.763) 
117      406    (0)    1 :  0.043 0.100 0.842 0.015     (0.000,0.283) (0.000,0.595) (0.225,1.000) (0.000,0.094) 
118      412    (6)    1 :  0.018 0.023 0.923 0.035     (0.000,0.099) (0.000,0.159) (0.574,1.000) (0.000,0.249) 
119      413    (0)    1 :  0.047 0.005 0.931 0.017     (0.000,0.315) (0.000,0.025) (0.624,1.000) (0.000,0.104) 
120      421    (0)    1 :  0.041 0.077 0.115 0.767     (0.000,0.299) (0.000,0.596) (0.000,0.567) (0.000,1.000) 
121      423    (0)    1 :  0.094 0.064 0.065 0.778     (0.000,0.734) (0.000,0.528) (0.000,0.454) (0.000,1.000) 
122      424    (0)    1 :  0.031 0.343 0.606 0.020     (0.000,0.203) (0.000,1.000) (0.000,1.000) (0.000,0.113) 
123      426    (0)    1 :  0.019 0.046 0.052 0.884     (0.000,0.121) (0.000,0.323) (0.000,0.371) (0.472,1.000) 
124      430   (12)    1 :  0.009 0.037 0.935 0.020     (0.000,0.046) (0.000,0.268) (0.622,1.000) (0.000,0.124) 
125      435    (0)    1 :  0.005 0.005 0.980 0.009     (0.000,0.025) (0.000,0.030) (0.886,1.000) (0.000,0.053) 
126      476    (0)    1 :  0.027 0.917 0.013 0.043     (0.000,0.192) (0.606,1.000) (0.000,0.087) (0.000,0.311) 
127      478    (0)    1 :  0.025 0.810 0.009 0.155     (0.000,0.189) (0.382,1.000) (0.000,0.054) (0.000,0.598) 
128      484    (0)    1 :  0.007 0.010 0.976 0.007     (0.000,0.035) (0.000,0.064) (0.858,1.000) (0.000,0.040) 
129      489    (0)    1 :  0.014 0.016 0.195 0.775     (0.000,0.071) (0.000,0.085) (0.000,1.000) (0.000,1.000) 
130      492   (18)    1 :  0.965 0.005 0.021 0.008     (0.795,1.000) (0.000,0.030) (0.000,0.150) (0.000,0.045) 
131      493    (0)    1 :  0.972 0.007 0.008 0.012     (0.839,1.000) (0.000,0.037) (0.000,0.050) (0.000,0.079) 
132      494    (0)    1 :  0.951 0.012 0.007 0.029     (0.720,1.000) (0.000,0.080) (0.000,0.044) (0.000,0.216) 
133      500    (0)    1 :  0.007 0.095 0.004 0.894     (0.000,0.039) (0.000,0.989) (0.000,0.019) (0.000,1.000) 
134      504    (0)    1 :  0.055 0.012 0.875 0.058     (0.000,0.343) (0.000,0.071) (0.512,1.000) (0.000,0.349) 
135      506    (0)    1 :  0.009 0.057 0.836 0.098     (0.000,0.051) (0.000,0.382) (0.417,1.000) (0.000,0.511) 


Estimated Allele Frequencies in each cluster
First column gives estimated ancestral frequencies


Locus 1 : Rsu3 
3 alleles
1.5% missing data
 164   (0.519) 0.548 0.501 0.487 0.613 
 166   (0.242) 0.215 0.124 0.392 0.172 
 170   (0.240) 0.237 0.375 0.120 0.214 

Locus 2 : Rsu5 
5 alleles
1.5% missing data
 137   (0.699) 0.665 0.957 0.701 0.920 
 135   (0.102) 0.101 0.028 0.047 0.030 
 139   (0.132) 0.197 0.011 0.039 0.046 
 133   (0.027) 0.022 0.002 0.002 0.002 
 131   (0.040) 0.015 0.003 0.212 0.003 

Locus 3 : Scv1 
5 alleles
0.7% missing data
 181   (0.553) 0.623 0.913 0.347 0.645 
 179   (0.195) 0.203 0.034 0.220 0.141 
 177   (0.104) 0.065 0.024 0.182 0.076 
 185   (0.116) 0.073 0.026 0.249 0.136 
 171   (0.032) 0.036 0.002 0.002 0.002 

Locus 4 : Rsu4 
9 alleles
0.0% missing data
 267   (0.229) 0.298 0.153 0.085 0.216 
 263   (0.301) 0.262 0.467 0.431 0.463 
 259   (0.052) 0.020 0.255 0.004 0.125 
 287   (0.162) 0.131 0.105 0.211 0.150 
 275   (0.048) 0.088 0.004 0.006 0.003 
 279   (0.080) 0.094 0.008 0.083 0.012 
 283   (0.057) 0.045 0.004 0.176 0.004 
 291   (0.040) 0.028 0.003 0.003 0.025 
 271   (0.031) 0.036 0.002 0.002 0.002 

Locus 5 : Rsu6 
5 alleles
0.0% missing data
 120   (0.257) 0.219 0.279 0.220 0.350 
 126   (0.592) 0.643 0.589 0.770 0.481 
 124   (0.086) 0.062 0.126 0.006 0.155 
 130   (0.040) 0.065 0.003 0.003 0.003 
 114   (0.026) 0.010 0.003 0.002 0.011 

Locus 6 : Scv12 
3 alleles
1.5% missing data
 198   (0.603) 0.694 0.661 0.584 0.375 
 196   (0.238) 0.175 0.288 0.346 0.217 
 200   (0.158) 0.132 0.051 0.071 0.408 

Locus 7 : Scv23 
3 alleles
1.5% missing data
 158   (0.489) 0.469 0.401 0.624 0.632 
 164   (0.230) 0.265 0.393 0.116 0.086 
 160   (0.281) 0.266 0.206 0.261 0.282 

Locus 8 : Scv13 
5 alleles
0.0% missing data
 182   (0.708) 0.690 0.797 0.808 0.942 
 180   (0.098) 0.108 0.166 0.007 0.043 
 172   (0.069) 0.062 0.006 0.128 0.005 
 184   (0.076) 0.105 0.028 0.011 0.007 
 174   (0.048) 0.035 0.004 0.046 0.003 

Locus 9 : Scv32 
18 alleles
0.7% missing data
 236   (0.041) 0.106 0.003 0.003 0.003 
 238   (0.044) 0.036 0.003 0.093 0.004 
 234   (0.111) 0.067 0.305 0.379 0.062 
 246   (0.050) 0.020 0.274 0.007 0.135 
 248   (0.090) 0.136 0.012 0.019 0.228 
 262   (0.088) 0.073 0.026 0.069 0.216 
 232   (0.196) 0.301 0.184 0.206 0.074 
 250   (0.034) 0.014 0.010 0.005 0.104 
 228   (0.026) 0.035 0.002 0.002 0.002 
 220   (0.045) 0.021 0.091 0.003 0.113 
 264   (0.063) 0.053 0.051 0.035 0.009 
 252   (0.039) 0.016 0.004 0.060 0.012 
 254   (0.038) 0.027 0.003 0.069 0.003 
 242   (0.026) 0.035 0.002 0.002 0.002 
 266   (0.026) 0.012 0.002 0.028 0.002 
 244   (0.037) 0.016 0.003 0.018 0.028 
 226   (0.023) 0.009 0.023 0.002 0.002 
 240   (0.023) 0.021 0.002 0.002 0.002 

Locus 10 : Scv8 
6 alleles
0.7% missing data
 200   (0.629) 0.666 0.831 0.596 0.721 
 202   (0.090) 0.131 0.007 0.077 0.007 
 194   (0.101) 0.052 0.142 0.075 0.071 
 204   (0.047) 0.031 0.005 0.003 0.073 
 198   (0.078) 0.085 0.011 0.007 0.124 
 188   (0.056) 0.036 0.004 0.241 0.004 

Locus 11 : Scv9 
5 alleles
0.0% missing data
 198   (0.303) 0.266 0.408 0.464 0.269 
 200   (0.372) 0.450 0.362 0.173 0.473 
 196   (0.250) 0.254 0.072 0.319 0.253 
 204   (0.049) 0.019 0.155 0.033 0.004 
 202   (0.026) 0.010 0.002 0.011 0.002 

Locus 12 : Rsu1 
6 alleles
0.0% missing data
 189   (0.319) 0.467 0.445 0.204 0.065 
 185   (0.253) 0.215 0.198 0.500 0.162 
 177   (0.082) 0.055 0.018 0.037 0.096 
 181   (0.249) 0.226 0.088 0.252 0.429 
 193   (0.047) 0.018 0.047 0.003 0.195 
 197   (0.050) 0.019 0.204 0.003 0.053 

Locus 13 : Scv14 
7 alleles
4.4% missing data
 196   (0.501) 0.443 0.914 0.611 0.819 
 198   (0.082) 0.106 0.007 0.092 0.007 
 194   (0.146) 0.177 0.024 0.095 0.071 
 202   (0.194) 0.225 0.049 0.192 0.086 
 204   (0.026) 0.022 0.002 0.002 0.002 
 190   (0.026) 0.011 0.002 0.002 0.013 
 200   (0.026) 0.016 0.002 0.006 0.002 

Locus 14 : Scv16 
7 alleles
0.0% missing data
 182   (0.368) 0.331 0.241 0.497 0.658 
 184   (0.429) 0.494 0.709 0.385 0.258 
 188   (0.088) 0.109 0.041 0.006 0.076 
 200   (0.026) 0.022 0.002 0.002 0.002 
 198   (0.032) 0.012 0.002 0.068 0.002 
 190   (0.031) 0.011 0.003 0.039 0.002 
 186   (0.026) 0.021 0.002 0.002 0.002 

Locus 15 : Scv31 
15 alleles
3.0% missing data
 193   (0.120) 0.112 0.016 0.146 0.233 
 201   (0.111) 0.173 0.016 0.026 0.074 
 187   (0.079) 0.035 0.245 0.044 0.204 
 207   (0.027) 0.010 0.356 0.002 0.004 
 195   (0.063) 0.026 0.027 0.098 0.079 
 185   (0.144) 0.140 0.213 0.306 0.036 
 189   (0.082) 0.161 0.006 0.006 0.081 
 205   (0.024) 0.021 0.002 0.002 0.002 
 191   (0.131) 0.084 0.091 0.262 0.218 
 197   (0.038) 0.016 0.012 0.058 0.012 
 199   (0.055) 0.060 0.004 0.042 0.004 
 203   (0.033) 0.050 0.002 0.002 0.002 
 209   (0.029) 0.036 0.002 0.002 0.002 
 213   (0.036) 0.064 0.003 0.003 0.003 
 181   (0.029) 0.011 0.006 0.002 0.046 

Locus 16 : Scv6 
8 alleles
0.0% missing data
 191   (0.119) 0.177 0.015 0.014 0.192 
 195   (0.355) 0.306 0.663 0.437 0.484 
 197   (0.192) 0.129 0.265 0.245 0.273 
 201   (0.089) 0.142 0.007 0.055 0.007 
 205   (0.030) 0.036 0.002 0.002 0.002 
 193   (0.084) 0.099 0.007 0.132 0.007 
 199   (0.099) 0.075 0.039 0.112 0.032 
 181   (0.031) 0.037 0.002 0.002 0.002 

Values of parameters used in structure:
DATAFILE=C:\Users\drenske\Desktop\STRUCTURE\Squirrel_135_ID_16L_20250816\project_data,	OUTFILE=C:\Users\drenske\Desktop\STRUCTURE\Squirrel_135_ID_16L_20250816\10k_Burnin_100k_MCMC\Results\10k_Burnin_100k_MCMC_run_97,	NUMINDS=135,	NUMLOCI=16,	MISSING=-9,	LABEL=1,	POPDATA=1,	POPFLAG=0,	PHENOTYPE=0,	EXTRACOLS=1,	MAXPOPS=4,	BURNIN=10000,	NUMREPS=100000,	USEPOPINFO=0,	INFERALPHA=1,	INFERLAMBDA=1,	POPSPECIFICLAMBDA=0,	POPALPHAS=0,	COMPUTEPROB=1,	NOADMIX=0,	ADMBURNIN=2500,	UPDATEFREQ=1,	PRINTLIKES=0,	INTERMEDSAVE=0,	PRINTKLD=0,	PRINTNET=0,	PRINTLAMBDA=0,	ANCESTDIST=1,	NUMBOXES=1000,	ANCESTPINT=0.90000,	GENSBACK=2,	MIGRPRIOR=0.05000,	PRINTQHAT=1,	PRINTQSUM=0,	ALPHA=1.0000,	FREQSCORR=1,	FPRIORMEAN=0.0100,	FPRIORSD=0.0500,	ONEFST=0,	LAMBDA=1.0000,	UNIFPRIORALPHA=1,	ALPHAMAX=10.0000,	ALPHAPRIORA=1.0000,	ALPHAPRIORB=2.0000,	ALPHAPROPSD=0.0250,	STARTATPOPINFO=0,	RANDOMIZE=1,	LINKAGE=0,	METROFREQ=10,	REPORTHITRATE=0,	MARKOVPHASE=-1,	PHASED=0,	PLOIDY=2,	PHASEINFO=0	LOCPRIOR=0, 	LOCPRIORINIT=1.000000, 	LOCDATA=0, 	LOCISPOP=0, 	LOCPRIORSTEP=0.100000, 	MAXLOCPRIOR=20.000000, 	SEED=1755510838,	
[STRAT parameters]:    NUMSIMSTATS=1000,	PHENOTYPECOL=-9,	POOLFREQ=10,	LOCUSxONLY=0,	EMERROR=0.00100,	MISSINGPHENO=-9,	