

----------------------------------------------------
STRUCTURE by Pritchard, Stephens and Donnelly (2000)
     and Falush, Stephens and Pritchard (2003)
       Code by Pritchard, Falush and Hubisz
             Version 2.3.4 (Jul 2012)
----------------------------------------------------



Command line arguments:   bin\structure -m C:\Users\drenske\Desktop\STRUCTURE\Squirrel_135_ID_16L_20250816\10k_Burnin_100k_MCMC\mainparams -e C:\Users\drenske\Desktop\STRUCTURE\Squirrel_135_ID_16L_20250816\10k_Burnin_100k_MCMC\extraparams 
Input File:    C:\Users\drenske\Desktop\STRUCTURE\Squirrel_135_ID_16L_20250816\project_data

Run parameters:
   135 individuals
   16 loci
   8 populations assumed
   10000 Burn-in period
   100000 Reps


--------------------------------------------
Proportion of membership of each pre-defined
 population in each of the 8 clusters

Given    Inferred Clusters                                          Number of
 Pop       1      2      3      4      5      6      7      8      Individuals

  1:     0.129  0.157  0.095  0.175  0.062  0.116  0.143  0.123      135
--------------------------------------------

Allele-freq. divergence among pops (Net nucleotide distance),
computed using point estimates of P.

      1       2       3       4       5       6       7       8      
 1      -    0.0462  0.0753  0.0766  0.1148  0.0729  0.0533  0.0442  
 2   0.0462     -    0.0715  0.0602  0.0962  0.0859  0.0674  0.0669  
 3   0.0753  0.0715     -    0.0748  0.1092  0.0988  0.1062  0.0960  
 4   0.0766  0.0602  0.0748     -    0.1276  0.0728  0.0914  0.0889  
 5   0.1148  0.0962  0.1092  0.1276     -    0.1587  0.1510  0.1580  
 6   0.0729  0.0859  0.0988  0.0728  0.1587     -    0.1243  0.0939  
 7   0.0533  0.0674  0.1062  0.0914  0.1510  0.1243     -    0.0903  
 8   0.0442  0.0669  0.0960  0.0889  0.1580  0.0939  0.0903     -    

Average distances (expected heterozygosity) between individuals in same cluster:
cluster  1  : 0.5693 
cluster  2  : 0.6418 
cluster  3  : 0.4671 
cluster  4  : 0.5484 
cluster  5  : 0.3970 
cluster  6  : 0.4607 
cluster  7  : 0.5512 
cluster  8  : 0.5926 

--------------------------------------------
Estimated Ln Prob of Data   = -4752.8
Mean value of ln likelihood = -4501.1
Variance of ln likelihood   = 503.5
Mean value of alpha         = 0.0451

Mean value of lambda        = 1.0051

Mean value of Fst_1         = 0.1950
Mean value of Fst_2         = 0.0594
Mean value of Fst_3         = 0.3340
Mean value of Fst_4         = 0.1954
Mean value of Fst_5         = 0.3892
Mean value of Fst_6         = 0.2724
Mean value of Fst_7         = 0.2014
Mean value of Fst_8         = 0.1783


Inferred ancestry of individuals:
        Label (%Miss) Pop:  Inferred clusters (and 90% probability intervals)
  1       1*    (0)    1 :  0.141 0.770 0.013 0.008 0.012 0.032 0.017 0.006     (0.000,0.755) (0.119,1.000) (0.000,0.081) (0.000,0.047) (0.000,0.080) (0.000,0.237) (0.000,0.118) (0.000,0.031) 
  2        3    (0)    1 :  0.009 0.007 0.651 0.007 0.306 0.007 0.008 0.006     (0.000,0.056) (0.000,0.038) (0.000,1.000) (0.000,0.036) (0.000,0.998) (0.000,0.038) (0.000,0.043) (0.000,0.032) 
  3        6    (0)    1 :  0.013 0.005 0.942 0.010 0.006 0.005 0.012 0.007     (0.000,0.086) (0.000,0.028) (0.756,1.000) (0.000,0.064) (0.000,0.034) (0.000,0.028) (0.000,0.079) (0.000,0.037) 
  4        8    (0)    1 :  0.007 0.011 0.013 0.927 0.004 0.020 0.015 0.004     (0.000,0.040) (0.000,0.068) (0.000,0.077) (0.687,1.000) (0.000,0.025) (0.000,0.132) (0.000,0.103) (0.000,0.020) 
  5       10    (0)    1 :  0.005 0.008 0.005 0.108 0.014 0.850 0.004 0.005     (0.000,0.027) (0.000,0.046) (0.000,0.030) (0.000,0.510) (0.000,0.098) (0.451,1.000) (0.000,0.022) (0.000,0.028) 
  6       11    (0)    1 :  0.128 0.542 0.013 0.093 0.097 0.033 0.016 0.078     (0.000,0.724) (0.000,1.000) (0.000,0.089) (0.000,0.519) (0.000,0.493) (0.000,0.233) (0.000,0.093) (0.000,0.546) 
  7       12    (0)    1 :  0.008 0.004 0.007 0.007 0.004 0.961 0.005 0.005     (0.000,0.042) (0.000,0.023) (0.000,0.035) (0.000,0.040) (0.000,0.024) (0.822,1.000) (0.000,0.026) (0.000,0.026) 
  8       16    (6)    1 :  0.005 0.005 0.962 0.007 0.008 0.005 0.004 0.004     (0.000,0.028) (0.000,0.026) (0.826,1.000) (0.000,0.038) (0.000,0.040) (0.000,0.030) (0.000,0.023) (0.000,0.022) 
  9       18    (0)    1 :  0.006 0.951 0.007 0.008 0.012 0.007 0.006 0.004     (0.000,0.032) (0.782,1.000) (0.000,0.043) (0.000,0.045) (0.000,0.073) (0.000,0.037) (0.000,0.032) (0.000,0.023) 
 10       19    (0)    1 :  0.018 0.768 0.016 0.054 0.016 0.011 0.031 0.086     (0.000,0.107) (0.028,1.000) (0.000,0.106) (0.000,0.378) (0.000,0.106) (0.000,0.061) (0.000,0.218) (0.000,0.521) 
 11       21    (6)    1 :  0.006 0.006 0.945 0.019 0.009 0.006 0.005 0.005     (0.000,0.032) (0.000,0.031) (0.767,1.000) (0.000,0.128) (0.000,0.051) (0.000,0.032) (0.000,0.027) (0.000,0.027) 
 12       23    (6)    1 :  0.170 0.010 0.043 0.017 0.006 0.700 0.014 0.040     (0.000,0.695) (0.000,0.059) (0.000,0.295) (0.000,0.120) (0.000,0.034) (0.206,1.000) (0.000,0.085) (0.000,0.274) 
 13       24    (6)    1 :  0.080 0.197 0.024 0.249 0.010 0.377 0.010 0.053     (0.000,0.593) (0.000,0.801) (0.000,0.174) (0.000,0.873) (0.000,0.066) (0.000,0.969) (0.000,0.062) (0.000,0.333) 
 14       25    (6)    1 :  0.087 0.012 0.202 0.038 0.005 0.641 0.009 0.007     (0.000,0.506) (0.000,0.068) (0.000,0.544) (0.000,0.263) (0.000,0.028) (0.249,0.988) (0.000,0.051) (0.000,0.040) 
 15      26*    (0)    1 :  0.018 0.022 0.035 0.695 0.070 0.149 0.007 0.005     (0.000,0.126) (0.000,0.151) (0.000,0.248) (0.133,1.000) (0.000,0.390) (0.000,0.566) (0.000,0.040) (0.000,0.029) 
 16       28    (0)    1 :  0.019 0.010 0.361 0.457 0.007 0.134 0.006 0.006     (0.000,0.128) (0.000,0.060) (0.000,0.973) (0.000,1.000) (0.000,0.038) (0.000,0.587) (0.000,0.031) (0.000,0.037) 
 17       29    (0)    1 :  0.006 0.015 0.008 0.073 0.005 0.882 0.005 0.005     (0.000,0.033) (0.000,0.102) (0.000,0.044) (0.000,0.479) (0.000,0.026) (0.470,1.000) (0.000,0.028) (0.000,0.030) 
 18       30    (0)    1 :  0.020 0.021 0.066 0.399 0.089 0.067 0.330 0.008     (0.000,0.121) (0.000,0.120) (0.000,0.441) (0.000,0.914) (0.000,0.478) (0.000,0.483) (0.000,0.737) (0.000,0.042) 
 19       33    (0)    1 :  0.012 0.917 0.006 0.005 0.006 0.005 0.011 0.039     (0.000,0.068) (0.648,1.000) (0.000,0.036) (0.000,0.025) (0.000,0.032) (0.000,0.028) (0.000,0.072) (0.000,0.270) 
 20       37    (0)    1 :  0.010 0.914 0.009 0.008 0.013 0.032 0.005 0.008     (0.000,0.063) (0.639,1.000) (0.000,0.057) (0.000,0.045) (0.000,0.090) (0.000,0.233) (0.000,0.028) (0.000,0.047) 
 21       38    (0)    1 :  0.005 0.932 0.008 0.015 0.012 0.018 0.005 0.005     (0.000,0.026) (0.704,1.000) (0.000,0.044) (0.000,0.100) (0.000,0.083) (0.000,0.129) (0.000,0.026) (0.000,0.027) 
 22       43    (0)    1 :  0.010 0.009 0.111 0.123 0.007 0.727 0.006 0.006     (0.000,0.064) (0.000,0.050) (0.000,0.433) (0.000,0.543) (0.000,0.043) (0.365,0.998) (0.000,0.034) (0.000,0.036) 
 23       44    (0)    1 :  0.011 0.009 0.132 0.586 0.209 0.007 0.038 0.008     (0.000,0.068) (0.000,0.047) (0.000,0.499) (0.180,0.960) (0.000,0.594) (0.000,0.043) (0.000,0.278) (0.000,0.042) 
 24       48    (0)    1 :  0.006 0.947 0.009 0.006 0.017 0.007 0.006 0.004     (0.000,0.033) (0.761,1.000) (0.000,0.052) (0.000,0.032) (0.000,0.112) (0.000,0.037) (0.000,0.030) (0.000,0.022) 
 25       55    (0)    1 :  0.031 0.012 0.390 0.509 0.021 0.008 0.019 0.010     (0.000,0.224) (0.000,0.074) (0.000,0.995) (0.000,0.999) (0.000,0.153) (0.000,0.047) (0.000,0.139) (0.000,0.057) 
 26       59    (0)    1 :  0.005 0.005 0.020 0.005 0.953 0.004 0.005 0.003     (0.000,0.031) (0.000,0.024) (0.000,0.147) (0.000,0.025) (0.782,1.000) (0.000,0.020) (0.000,0.033) (0.000,0.019) 
 27       60    (0)    1 :  0.843 0.020 0.011 0.005 0.011 0.059 0.022 0.030     (0.316,1.000) (0.000,0.122) (0.000,0.066) (0.000,0.024) (0.000,0.069) (0.000,0.378) (0.000,0.132) (0.000,0.182) 
 28       61    (0)    1 :  0.310 0.010 0.013 0.009 0.020 0.007 0.052 0.579     (0.000,0.989) (0.000,0.056) (0.000,0.080) (0.000,0.049) (0.000,0.146) (0.000,0.040) (0.000,0.345) (0.000,1.000) 
 29       62    (0)    1 :  0.488 0.020 0.016 0.013 0.010 0.031 0.024 0.398     (0.000,1.000) (0.000,0.134) (0.000,0.102) (0.000,0.082) (0.000,0.059) (0.000,0.229) (0.000,0.172) (0.000,1.000) 
 30       65    (0)    1 :  0.013 0.919 0.006 0.011 0.006 0.008 0.024 0.014     (0.000,0.082) (0.678,1.000) (0.000,0.031) (0.000,0.068) (0.000,0.030) (0.000,0.046) (0.000,0.168) (0.000,0.097) 
 31       73    (0)    1 :  0.023 0.008 0.010 0.010 0.005 0.083 0.856 0.005     (0.000,0.160) (0.000,0.047) (0.000,0.059) (0.000,0.059) (0.000,0.026) (0.000,0.391) (0.523,1.000) (0.000,0.028) 
 32       75    (0)    1 :  0.005 0.012 0.006 0.009 0.014 0.005 0.037 0.912     (0.000,0.030) (0.000,0.076) (0.000,0.033) (0.000,0.057) (0.000,0.099) (0.000,0.027) (0.000,0.256) (0.651,1.000) 
 33       76    (0)    1 :  0.018 0.004 0.006 0.005 0.005 0.010 0.006 0.945     (0.000,0.096) (0.000,0.023) (0.000,0.037) (0.000,0.026) (0.000,0.031) (0.000,0.062) (0.000,0.033) (0.759,1.000) 
 34       77    (0)    1 :  0.099 0.008 0.005 0.005 0.012 0.010 0.005 0.857     (0.000,0.659) (0.000,0.044) (0.000,0.026) (0.000,0.025) (0.000,0.084) (0.000,0.053) (0.000,0.024) (0.287,1.000) 
 35       78    (0)    1 :  0.042 0.017 0.007 0.010 0.009 0.019 0.614 0.283     (0.000,0.317) (0.000,0.106) (0.000,0.039) (0.000,0.059) (0.000,0.052) (0.000,0.133) (0.000,1.000) (0.000,0.959) 
 36       79    (0)    1 :  0.027 0.012 0.004 0.008 0.005 0.005 0.055 0.882     (0.000,0.152) (0.000,0.082) (0.000,0.023) (0.000,0.053) (0.000,0.030) (0.000,0.027) (0.000,0.350) (0.518,1.000) 
 37       84    (0)    1 :  0.057 0.014 0.703 0.061 0.081 0.045 0.019 0.020     (0.000,0.367) (0.000,0.093) (0.000,1.000) (0.000,0.366) (0.000,0.621) (0.000,0.327) (0.000,0.137) (0.000,0.136) 
 38       85    (0)    1 :  0.012 0.010 0.009 0.935 0.010 0.007 0.011 0.006     (0.000,0.073) (0.000,0.056) (0.000,0.050) (0.717,1.000) (0.000,0.061) (0.000,0.043) (0.000,0.069) (0.000,0.035) 
 39       86    (0)    1 :  0.015 0.017 0.007 0.909 0.005 0.017 0.018 0.011     (0.000,0.103) (0.000,0.119) (0.000,0.042) (0.634,1.000) (0.000,0.027) (0.000,0.122) (0.000,0.130) (0.000,0.062) 
 40       89    (0)    1 :  0.115 0.026 0.462 0.012 0.102 0.233 0.014 0.035     (0.000,0.586) (0.000,0.187) (0.000,0.965) (0.000,0.071) (0.000,0.612) (0.000,0.723) (0.000,0.086) (0.000,0.261) 
 41       94    (0)    1 :  0.007 0.014 0.007 0.011 0.018 0.933 0.005 0.005     (0.000,0.037) (0.000,0.089) (0.000,0.038) (0.000,0.064) (0.000,0.130) (0.711,1.000) (0.000,0.025) (0.000,0.029) 
 42       95    (0)    1 :  0.006 0.005 0.004 0.005 0.966 0.005 0.005 0.004     (0.000,0.037) (0.000,0.024) (0.000,0.024) (0.000,0.029) (0.845,1.000) (0.000,0.027) (0.000,0.026) (0.000,0.021) 
 43       96    (0)    1 :  0.005 0.005 0.006 0.962 0.004 0.010 0.005 0.005     (0.000,0.026) (0.000,0.025) (0.000,0.030) (0.826,1.000) (0.000,0.020) (0.000,0.059) (0.000,0.026) (0.000,0.028) 
 44       98    (0)    1 :  0.629 0.008 0.008 0.007 0.006 0.010 0.289 0.043     (0.000,1.000) (0.000,0.046) (0.000,0.045) (0.000,0.038) (0.000,0.032) (0.000,0.055) (0.000,0.999) (0.000,0.284) 
 45      102    (0)    1 :  0.023 0.846 0.068 0.006 0.008 0.021 0.012 0.015     (0.000,0.167) (0.507,1.000) (0.000,0.374) (0.000,0.035) (0.000,0.048) (0.000,0.150) (0.000,0.079) (0.000,0.104) 
 46      105    (0)    1 :  0.005 0.007 0.005 0.004 0.006 0.005 0.965 0.004     (0.000,0.029) (0.000,0.042) (0.000,0.026) (0.000,0.023) (0.000,0.032) (0.000,0.027) (0.842,1.000) (0.000,0.021) 
 47      106    (0)    1 :  0.063 0.036 0.035 0.018 0.118 0.007 0.231 0.491     (0.000,0.451) (0.000,0.256) (0.000,0.244) (0.000,0.124) (0.000,0.439) (0.000,0.038) (0.000,0.719) (0.000,0.988) 
 48      108    (0)    1 :  0.033 0.066 0.009 0.009 0.007 0.008 0.844 0.023     (0.000,0.221) (0.000,0.393) (0.000,0.054) (0.000,0.057) (0.000,0.039) (0.000,0.050) (0.486,1.000) (0.000,0.164) 
 49      109    (0)    1 :  0.073 0.008 0.016 0.014 0.005 0.006 0.855 0.024     (0.000,0.504) (0.000,0.046) (0.000,0.109) (0.000,0.091) (0.000,0.028) (0.000,0.035) (0.377,1.000) (0.000,0.173) 
 50      112    (0)    1 :  0.429 0.032 0.008 0.149 0.013 0.095 0.010 0.263     (0.000,0.997) (0.000,0.226) (0.000,0.048) (0.000,0.583) (0.000,0.084) (0.000,0.598) (0.000,0.059) (0.000,0.986) 
 51      115    (0)    1 :  0.068 0.768 0.015 0.014 0.014 0.067 0.036 0.018     (0.000,0.501) (0.063,1.000) (0.000,0.092) (0.000,0.080) (0.000,0.090) (0.000,0.401) (0.000,0.264) (0.000,0.113) 
 52      116    (0)    1 :  0.010 0.019 0.054 0.869 0.007 0.007 0.025 0.008     (0.000,0.058) (0.000,0.128) (0.000,0.425) (0.436,1.000) (0.000,0.041) (0.000,0.037) (0.000,0.182) (0.000,0.045) 
 53      117    (0)    1 :  0.013 0.014 0.796 0.081 0.009 0.064 0.012 0.010     (0.000,0.072) (0.000,0.097) (0.291,1.000) (0.000,0.458) (0.000,0.048) (0.000,0.424) (0.000,0.070) (0.000,0.058) 
 54      129    (0)    1 :  0.006 0.007 0.050 0.905 0.017 0.007 0.005 0.003     (0.000,0.032) (0.000,0.041) (0.000,0.323) (0.612,1.000) (0.000,0.125) (0.000,0.036) (0.000,0.028) (0.000,0.019) 
 55      132    (0)    1 :  0.569 0.125 0.017 0.006 0.025 0.215 0.024 0.018     (0.000,1.000) (0.000,0.742) (0.000,0.115) (0.000,0.036) (0.000,0.183) (0.000,0.758) (0.000,0.152) (0.000,0.105) 
 56      133    (0)    1 :  0.624 0.007 0.010 0.004 0.006 0.007 0.278 0.063     (0.000,1.000) (0.000,0.037) (0.000,0.060) (0.000,0.024) (0.000,0.035) (0.000,0.040) (0.000,0.999) (0.000,0.491) 
 57      137    (6)    1 :  0.321 0.013 0.013 0.011 0.021 0.017 0.014 0.590     (0.000,0.993) (0.000,0.084) (0.000,0.079) (0.000,0.066) (0.000,0.151) (0.000,0.108) (0.000,0.090) (0.000,1.000) 
 58      139    (0)    1 :  0.007 0.015 0.007 0.016 0.012 0.008 0.011 0.922     (0.000,0.040) (0.000,0.099) (0.000,0.042) (0.000,0.114) (0.000,0.085) (0.000,0.051) (0.000,0.068) (0.688,1.000) 
 59      140    (0)    1 :  0.034 0.008 0.020 0.007 0.009 0.005 0.898 0.020     (0.000,0.252) (0.000,0.042) (0.000,0.139) (0.000,0.039) (0.000,0.055) (0.000,0.026) (0.567,1.000) (0.000,0.140) 
 60      142    (0)    1 :  0.207 0.007 0.018 0.006 0.015 0.011 0.010 0.726     (0.000,0.928) (0.000,0.036) (0.000,0.128) (0.000,0.031) (0.000,0.104) (0.000,0.066) (0.000,0.059) (0.001,1.000) 
 61      144    (0)    1 :  0.007 0.005 0.004 0.004 0.009 0.004 0.964 0.005     (0.000,0.038) (0.000,0.024) (0.000,0.023) (0.000,0.019) (0.000,0.055) (0.000,0.020) (0.838,1.000) (0.000,0.026) 
 62      145    (0)    1 :  0.492 0.007 0.010 0.006 0.005 0.006 0.013 0.461     (0.000,1.000) (0.000,0.039) (0.000,0.058) (0.000,0.031) (0.000,0.026) (0.000,0.030) (0.000,0.086) (0.000,1.000) 
 63      147    (0)    1 :  0.008 0.007 0.005 0.007 0.004 0.004 0.946 0.018     (0.000,0.046) (0.000,0.040) (0.000,0.027) (0.000,0.044) (0.000,0.023) (0.000,0.024) (0.761,1.000) (0.000,0.123) 
 64      160    (0)    1 :  0.006 0.008 0.010 0.009 0.007 0.950 0.005 0.005     (0.000,0.033) (0.000,0.043) (0.000,0.058) (0.000,0.047) (0.000,0.042) (0.783,1.000) (0.000,0.027) (0.000,0.027) 
 65     162*    (0)    1 :  0.005 0.005 0.005 0.961 0.003 0.011 0.005 0.005     (0.000,0.027) (0.000,0.024) (0.000,0.027) (0.825,1.000) (0.000,0.018) (0.000,0.065) (0.000,0.027) (0.000,0.029) 
 66      166    (0)    1 :  0.828 0.007 0.015 0.008 0.024 0.006 0.067 0.046     (0.000,1.000) (0.000,0.038) (0.000,0.098) (0.000,0.044) (0.000,0.170) (0.000,0.031) (0.000,0.534) (0.000,0.307) 
 67      177    (0)    1 :  0.005 0.004 0.004 0.005 0.004 0.004 0.004 0.969     (0.000,0.029) (0.000,0.023) (0.000,0.024) (0.000,0.026) (0.000,0.021) (0.000,0.024) (0.000,0.020) (0.862,1.000) 
 68      178    (0)    1 :  0.075 0.014 0.023 0.014 0.004 0.033 0.040 0.797     (0.000,0.531) (0.000,0.091) (0.000,0.168) (0.000,0.094) (0.000,0.022) (0.000,0.245) (0.000,0.283) (0.321,1.000) 
 69      186    (0)    1 :  0.005 0.004 0.964 0.004 0.011 0.005 0.004 0.004     (0.000,0.027) (0.000,0.024) (0.837,1.000) (0.000,0.022) (0.000,0.062) (0.000,0.025) (0.000,0.021) (0.000,0.019) 
 70      189    (0)    1 :  0.007 0.006 0.009 0.941 0.007 0.017 0.004 0.009     (0.000,0.039) (0.000,0.035) (0.000,0.052) (0.740,1.000) (0.000,0.044) (0.000,0.111) (0.000,0.020) (0.000,0.055) 
 71      190    (0)    1 :  0.026 0.015 0.055 0.825 0.017 0.042 0.009 0.011     (0.000,0.186) (0.000,0.103) (0.000,0.346) (0.436,1.000) (0.000,0.115) (0.000,0.307) (0.000,0.056) (0.000,0.072) 
 72      191    (0)    1 :  0.020 0.016 0.674 0.171 0.018 0.021 0.055 0.024     (0.000,0.143) (0.000,0.111) (0.164,1.000) (0.000,0.732) (0.000,0.127) (0.000,0.148) (0.000,0.329) (0.000,0.176) 
 73      193    (0)    1 :  0.512 0.012 0.021 0.011 0.034 0.017 0.016 0.377     (0.000,1.000) (0.000,0.069) (0.000,0.137) (0.000,0.063) (0.000,0.243) (0.000,0.114) (0.000,0.105) (0.000,1.000) 
 74      202    (0)    1 :  0.037 0.053 0.015 0.338 0.006 0.528 0.010 0.013     (0.000,0.261) (0.000,0.356) (0.000,0.097) (0.000,0.764) (0.000,0.032) (0.069,0.966) (0.000,0.056) (0.000,0.086) 
 75      204    (0)    1 :  0.004 0.004 0.018 0.933 0.026 0.007 0.005 0.003     (0.000,0.023) (0.000,0.023) (0.000,0.116) (0.692,1.000) (0.000,0.187) (0.000,0.038) (0.000,0.025) (0.000,0.017) 
 76      211    (0)    1 :  0.398 0.028 0.011 0.012 0.010 0.297 0.202 0.043     (0.000,0.994) (0.000,0.193) (0.000,0.062) (0.000,0.073) (0.000,0.062) (0.000,0.836) (0.000,0.861) (0.000,0.279) 
 77      216    (0)    1 :  0.138 0.008 0.005 0.005 0.006 0.021 0.784 0.034     (0.000,0.707) (0.000,0.041) (0.000,0.027) (0.000,0.027) (0.000,0.032) (0.000,0.150) (0.217,1.000) (0.000,0.221) 
 78      222    (0)    1 :  0.022 0.044 0.006 0.017 0.011 0.024 0.858 0.018     (0.000,0.140) (0.000,0.317) (0.000,0.030) (0.000,0.103) (0.000,0.077) (0.000,0.183) (0.494,1.000) (0.000,0.123) 
 79      224    (0)    1 :  0.010 0.016 0.066 0.858 0.008 0.020 0.014 0.008     (0.000,0.056) (0.000,0.099) (0.000,0.470) (0.382,1.000) (0.000,0.047) (0.000,0.141) (0.000,0.095) (0.000,0.046) 
 80      226    (0)    1 :  0.005 0.007 0.011 0.005 0.960 0.004 0.004 0.004     (0.000,0.029) (0.000,0.039) (0.000,0.066) (0.000,0.031) (0.821,1.000) (0.000,0.021) (0.000,0.020) (0.000,0.019) 
 81      229    (0)    1 :  0.065 0.039 0.043 0.739 0.006 0.042 0.032 0.034     (0.000,0.353) (0.000,0.282) (0.000,0.299) (0.339,0.999) (0.000,0.033) (0.000,0.301) (0.000,0.243) (0.000,0.225) 
 82      230    (0)    1 :  0.008 0.012 0.012 0.867 0.023 0.026 0.014 0.038     (0.000,0.048) (0.000,0.070) (0.000,0.080) (0.553,1.000) (0.000,0.171) (0.000,0.169) (0.000,0.094) (0.000,0.240) 
 83      232    (0)    1 :  0.162 0.023 0.051 0.118 0.056 0.475 0.024 0.093     (0.000,0.640) (0.000,0.148) (0.000,0.339) (0.000,0.640) (0.000,0.333) (0.000,0.910) (0.000,0.172) (0.000,0.497) 
 84      238    (0)    1 :  0.061 0.597 0.003 0.080 0.029 0.015 0.027 0.188     (0.000,0.405) (0.000,0.999) (0.000,0.018) (0.000,0.436) (0.000,0.205) (0.000,0.098) (0.000,0.195) (0.000,0.641) 
 85      242    (0)    1 :  0.011 0.956 0.005 0.006 0.007 0.004 0.008 0.004     (0.000,0.055) (0.803,1.000) (0.000,0.029) (0.000,0.030) (0.000,0.039) (0.000,0.024) (0.000,0.047) (0.000,0.021) 
 86      243    (0)    1 :  0.109 0.761 0.027 0.009 0.022 0.009 0.033 0.030     (0.000,0.586) (0.299,1.000) (0.000,0.200) (0.000,0.050) (0.000,0.155) (0.000,0.057) (0.000,0.239) (0.000,0.219) 
 87      244    (0)    1 :  0.032 0.732 0.009 0.013 0.004 0.010 0.009 0.191     (0.000,0.225) (0.258,1.000) (0.000,0.056) (0.000,0.081) (0.000,0.023) (0.000,0.065) (0.000,0.053) (0.000,0.645) 
 88      251    (0)    1 :  0.055 0.720 0.013 0.031 0.007 0.127 0.016 0.030     (0.000,0.409) (0.211,1.000) (0.000,0.075) (0.000,0.222) (0.000,0.040) (0.000,0.583) (0.000,0.104) (0.000,0.200) 
 89      266    (0)    1 :  0.194 0.175 0.022 0.021 0.006 0.009 0.018 0.554     (0.000,0.768) (0.000,0.637) (0.000,0.162) (0.000,0.152) (0.000,0.034) (0.000,0.053) (0.000,0.126) (0.000,0.989) 
 90      267    (0)    1 :  0.056 0.020 0.021 0.035 0.024 0.011 0.819 0.013     (0.000,0.409) (0.000,0.134) (0.000,0.157) (0.000,0.240) (0.000,0.180) (0.000,0.074) (0.367,1.000) (0.000,0.083) 
 91      268    (0)    1 :  0.228 0.012 0.018 0.005 0.005 0.039 0.356 0.338     (0.000,0.985) (0.000,0.069) (0.000,0.122) (0.000,0.029) (0.000,0.025) (0.000,0.272) (0.000,0.998) (0.000,0.995) 
 92      270    (0)    1 :  0.014 0.013 0.022 0.875 0.038 0.018 0.011 0.008     (0.000,0.094) (0.000,0.084) (0.000,0.155) (0.527,1.000) (0.000,0.277) (0.000,0.123) (0.000,0.072) (0.000,0.047) 
 93      276    (0)    1 :  0.102 0.025 0.556 0.158 0.018 0.023 0.076 0.042     (0.000,0.569) (0.000,0.181) (0.000,0.997) (0.000,0.867) (0.000,0.125) (0.000,0.161) (0.000,0.448) (0.000,0.299) 
 94      298    (6)    1 :  0.065 0.011 0.021 0.006 0.010 0.011 0.782 0.094     (0.000,0.456) (0.000,0.060) (0.000,0.148) (0.000,0.032) (0.000,0.061) (0.000,0.066) (0.239,1.000) (0.000,0.546) 
 95      306    (0)    1 :  0.834 0.017 0.013 0.006 0.005 0.008 0.029 0.087     (0.311,1.000) (0.000,0.106) (0.000,0.080) (0.000,0.034) (0.000,0.029) (0.000,0.042) (0.000,0.213) (0.000,0.555) 
 96      308    (0)    1 :  0.093 0.035 0.008 0.009 0.006 0.099 0.204 0.546     (0.000,0.558) (0.000,0.255) (0.000,0.046) (0.000,0.049) (0.000,0.033) (0.000,0.479) (0.000,0.782) (0.000,0.999) 
 97      311    (6)    1 :  0.426 0.146 0.010 0.028 0.010 0.026 0.321 0.032     (0.000,1.000) (0.000,0.881) (0.000,0.058) (0.000,0.199) (0.000,0.061) (0.000,0.188) (0.000,0.989) (0.000,0.215) 
 98      323    (0)    1 :  0.008 0.008 0.055 0.008 0.901 0.006 0.006 0.008     (0.000,0.048) (0.000,0.051) (0.000,0.345) (0.000,0.045) (0.603,1.000) (0.000,0.032) (0.000,0.033) (0.000,0.047) 
 99      327    (0)    1 :  0.028 0.018 0.031 0.671 0.009 0.225 0.012 0.007     (0.000,0.203) (0.000,0.119) (0.000,0.218) (0.001,1.000) (0.000,0.054) (0.000,0.773) (0.000,0.075) (0.000,0.041) 
100      334    (0)    1 :  0.212 0.739 0.004 0.007 0.004 0.007 0.015 0.013     (0.000,1.000) (0.000,1.000) (0.000,0.021) (0.000,0.039) (0.000,0.023) (0.000,0.040) (0.000,0.096) (0.000,0.049) 
101      338    (0)    1 :  0.312 0.018 0.019 0.018 0.014 0.027 0.564 0.029     (0.000,0.989) (0.000,0.106) (0.000,0.129) (0.000,0.125) (0.000,0.092) (0.000,0.194) (0.000,1.000) (0.000,0.211) 
102      341    (0)    1 :  0.023 0.010 0.093 0.011 0.840 0.008 0.008 0.008     (0.000,0.160) (0.000,0.058) (0.000,0.461) (0.000,0.067) (0.462,1.000) (0.000,0.044) (0.000,0.043) (0.000,0.046) 
103      346    (0)    1 :  0.481 0.008 0.012 0.008 0.013 0.037 0.008 0.433     (0.000,1.000) (0.000,0.042) (0.000,0.069) (0.000,0.044) (0.000,0.086) (0.000,0.267) (0.000,0.045) (0.000,1.000) 
104      348    (0)    1 :  0.040 0.021 0.014 0.008 0.005 0.007 0.718 0.189     (0.000,0.292) (0.000,0.145) (0.000,0.088) (0.000,0.046) (0.000,0.025) (0.000,0.038) (0.000,1.000) (0.000,0.793) 
105      351    (0)    1 :  0.328 0.574 0.013 0.008 0.017 0.035 0.009 0.016     (0.000,1.000) (0.000,1.000) (0.000,0.078) (0.000,0.045) (0.000,0.117) (0.000,0.254) (0.000,0.052) (0.000,0.096) 
106      362    (0)    1 :  0.006 0.006 0.016 0.916 0.021 0.023 0.006 0.005     (0.000,0.036) (0.000,0.032) (0.000,0.104) (0.639,1.000) (0.000,0.153) (0.000,0.153) (0.000,0.032) (0.000,0.028) 
107      364    (0)    1 :  0.041 0.902 0.006 0.005 0.014 0.009 0.010 0.012     (0.000,0.293) (0.598,1.000) (0.000,0.037) (0.000,0.027) (0.000,0.101) (0.000,0.058) (0.000,0.056) (0.000,0.068) 
108      366    (0)    1 :  0.026 0.854 0.016 0.044 0.008 0.010 0.032 0.010     (0.000,0.188) (0.447,1.000) (0.000,0.105) (0.000,0.327) (0.000,0.046) (0.000,0.060) (0.000,0.231) (0.000,0.058) 
109      376    (0)    1 :  0.024 0.007 0.891 0.017 0.021 0.018 0.006 0.016     (0.000,0.174) (0.000,0.038) (0.604,1.000) (0.000,0.113) (0.000,0.141) (0.000,0.126) (0.000,0.033) (0.000,0.116) 
110      377    (6)    1 :  0.028 0.014 0.024 0.103 0.011 0.785 0.024 0.010     (0.000,0.184) (0.000,0.072) (0.000,0.168) (0.000,0.580) (0.000,0.069) (0.002,1.000) (0.000,0.168) (0.000,0.051) 
111      378    (0)    1 :  0.013 0.004 0.026 0.007 0.005 0.924 0.008 0.013     (0.000,0.088) (0.000,0.024) (0.000,0.174) (0.000,0.035) (0.000,0.026) (0.694,1.000) (0.000,0.042) (0.000,0.090) 
112      388    (0)    1 :  0.107 0.013 0.013 0.010 0.008 0.026 0.814 0.010     (0.000,0.810) (0.000,0.081) (0.000,0.083) (0.000,0.059) (0.000,0.048) (0.000,0.196) (0.049,1.000) (0.000,0.060) 
113      391    (0)    1 :  0.287 0.014 0.114 0.010 0.259 0.262 0.029 0.025     (0.000,0.875) (0.000,0.079) (0.000,0.517) (0.000,0.061) (0.000,0.644) (0.000,0.674) (0.000,0.209) (0.000,0.173) 
114      396   (18)    1 :  0.159 0.016 0.030 0.638 0.074 0.023 0.030 0.031     (0.000,0.605) (0.000,0.090) (0.000,0.217) (0.230,0.994) (0.000,0.422) (0.000,0.161) (0.000,0.219) (0.000,0.228) 
115      400   (18)    1 :  0.009 0.092 0.011 0.169 0.011 0.692 0.008 0.008     (0.000,0.054) (0.000,0.691) (0.000,0.066) (0.000,0.778) (0.000,0.067) (0.000,1.000) (0.000,0.046) (0.000,0.048) 
116      401    (0)    1 :  0.053 0.227 0.054 0.431 0.028 0.009 0.010 0.186     (0.000,0.388) (0.000,0.759) (0.000,0.371) (0.000,0.813) (0.000,0.206) (0.000,0.052) (0.000,0.061) (0.000,0.629) 
117      406    (0)    1 :  0.578 0.041 0.027 0.010 0.069 0.017 0.220 0.038     (0.000,1.000) (0.000,0.275) (0.000,0.203) (0.000,0.060) (0.000,0.446) (0.000,0.107) (0.000,0.989) (0.000,0.251) 
118      412    (6)    1 :  0.657 0.016 0.021 0.017 0.012 0.028 0.210 0.040     (0.000,1.000) (0.000,0.084) (0.000,0.144) (0.000,0.108) (0.000,0.076) (0.000,0.197) (0.000,0.994) (0.000,0.262) 
119      413    (0)    1 :  0.427 0.048 0.006 0.020 0.003 0.009 0.032 0.455     (0.000,1.000) (0.000,0.308) (0.000,0.033) (0.000,0.134) (0.000,0.018) (0.000,0.053) (0.000,0.233) (0.000,1.000) 
120      421    (0)    1 :  0.185 0.028 0.062 0.562 0.012 0.017 0.038 0.096     (0.000,0.684) (0.000,0.207) (0.000,0.414) (0.000,0.995) (0.000,0.077) (0.000,0.108) (0.000,0.283) (0.000,0.541) 
121      423    (0)    1 :  0.047 0.055 0.007 0.705 0.042 0.027 0.087 0.030     (0.000,0.363) (0.000,0.390) (0.000,0.039) (0.065,1.000) (0.000,0.277) (0.000,0.191) (0.000,0.494) (0.000,0.223) 
122      424    (0)    1 :  0.641 0.026 0.062 0.009 0.110 0.045 0.032 0.074     (0.000,1.000) (0.000,0.170) (0.000,0.427) (0.000,0.054) (0.000,0.614) (0.000,0.340) (0.000,0.219) (0.000,0.552) 
123      426    (0)    1 :  0.036 0.018 0.155 0.027 0.008 0.726 0.014 0.017     (0.000,0.246) (0.000,0.121) (0.000,0.631) (0.000,0.188) (0.000,0.045) (0.250,1.000) (0.000,0.083) (0.000,0.116) 
124      430   (12)    1 :  0.724 0.008 0.053 0.016 0.027 0.014 0.022 0.137     (0.000,1.000) (0.000,0.040) (0.000,0.412) (0.000,0.094) (0.000,0.190) (0.000,0.088) (0.000,0.141) (0.000,0.827) 
125      435    (0)    1 :  0.223 0.005 0.006 0.005 0.004 0.018 0.034 0.705     (0.000,0.880) (0.000,0.025) (0.000,0.032) (0.000,0.027) (0.000,0.022) (0.000,0.125) (0.000,0.228) (0.000,1.000) 
126      476    (0)    1 :  0.018 0.025 0.252 0.215 0.446 0.017 0.008 0.020     (0.000,0.129) (0.000,0.173) (0.000,0.720) (0.000,0.651) (0.131,0.763) (0.000,0.113) (0.000,0.051) (0.000,0.139) 
127      478    (0)    1 :  0.014 0.029 0.495 0.145 0.285 0.015 0.009 0.007     (0.000,0.091) (0.000,0.209) (0.000,0.999) (0.000,0.529) (0.000,0.925) (0.000,0.099) (0.000,0.058) (0.000,0.040) 
128      484    (0)    1 :  0.149 0.007 0.015 0.006 0.013 0.009 0.773 0.028     (0.000,0.703) (0.000,0.037) (0.000,0.104) (0.000,0.033) (0.000,0.088) (0.000,0.056) (0.222,1.000) (0.000,0.204) 
129      489    (0)    1 :  0.069 0.008 0.009 0.022 0.020 0.744 0.117 0.010     (0.000,0.580) (0.000,0.043) (0.000,0.046) (0.000,0.158) (0.000,0.139) (0.166,1.000) (0.000,0.512) (0.000,0.054) 
130      492   (18)    1 :  0.237 0.707 0.006 0.007 0.005 0.008 0.013 0.017     (0.000,1.000) (0.000,1.000) (0.000,0.033) (0.000,0.040) (0.000,0.026) (0.000,0.042) (0.000,0.076) (0.000,0.072) 
131      493    (0)    1 :  0.011 0.914 0.003 0.012 0.032 0.013 0.007 0.008     (0.000,0.069) (0.654,1.000) (0.000,0.018) (0.000,0.078) (0.000,0.224) (0.000,0.088) (0.000,0.039) (0.000,0.050) 
132      494    (0)    1 :  0.008 0.892 0.008 0.018 0.019 0.039 0.006 0.009     (0.000,0.042) (0.578,1.000) (0.000,0.050) (0.000,0.127) (0.000,0.139) (0.000,0.281) (0.000,0.036) (0.000,0.059) 
133      500    (0)    1 :  0.004 0.006 0.009 0.941 0.024 0.009 0.004 0.004     (0.000,0.023) (0.000,0.031) (0.000,0.050) (0.732,1.000) (0.000,0.177) (0.000,0.051) (0.000,0.020) (0.000,0.022) 
134      504    (0)    1 :  0.056 0.027 0.009 0.044 0.009 0.035 0.807 0.013     (0.000,0.404) (0.000,0.189) (0.000,0.057) (0.000,0.279) (0.000,0.053) (0.000,0.239) (0.390,1.000) (0.000,0.074) 
135      506    (0)    1 :  0.007 0.005 0.014 0.043 0.007 0.009 0.910 0.005     (0.000,0.035) (0.000,0.030) (0.000,0.093) (0.000,0.295) (0.000,0.037) (0.000,0.058) (0.620,1.000) (0.000,0.025) 


Estimated Allele Frequencies in each cluster
First column gives estimated ancestral frequencies


Locus 1 : Rsu3 
3 alleles
1.5% missing data
 164   (0.517) 0.444 0.560 0.767 0.618 0.160 0.578 0.455 0.570 
 166   (0.253) 0.403 0.210 0.118 0.095 0.069 0.297 0.499 0.211 
 170   (0.230) 0.153 0.230 0.115 0.288 0.771 0.125 0.046 0.220 

Locus 2 : Rsu5 
5 alleles
1.5% missing data
 137   (0.733) 0.828 0.649 0.969 0.951 0.954 0.878 0.496 0.784 
 135   (0.090) 0.076 0.108 0.015 0.009 0.025 0.067 0.017 0.050 
 139   (0.104) 0.082 0.205 0.010 0.034 0.013 0.048 0.012 0.082 
 133   (0.024) 0.003 0.023 0.002 0.002 0.002 0.002 0.003 0.003 
 131   (0.050) 0.011 0.015 0.004 0.004 0.005 0.005 0.472 0.081 

Locus 3 : Scv1 
5 alleles
0.7% missing data
 181   (0.543) 0.347 0.647 0.910 0.626 0.931 0.674 0.376 0.346 
 179   (0.203) 0.350 0.194 0.063 0.112 0.028 0.134 0.118 0.265 
 177   (0.104) 0.215 0.059 0.012 0.012 0.019 0.177 0.211 0.060 
 185   (0.122) 0.085 0.061 0.012 0.247 0.019 0.012 0.292 0.325 
 171   (0.028) 0.004 0.040 0.003 0.003 0.003 0.003 0.003 0.004 

Locus 4 : Rsu4 
9 alleles
0.0% missing data
 267   (0.187) 0.077 0.300 0.019 0.320 0.343 0.089 0.150 0.085 
 263   (0.339) 0.516 0.255 0.462 0.239 0.457 0.773 0.345 0.386 
 259   (0.051) 0.008 0.015 0.431 0.172 0.011 0.023 0.006 0.007 
 287   (0.181) 0.305 0.129 0.067 0.215 0.159 0.074 0.201 0.097 
 275   (0.041) 0.009 0.103 0.004 0.004 0.004 0.004 0.004 0.016 
 279   (0.064) 0.020 0.086 0.006 0.010 0.010 0.012 0.009 0.251 
 283   (0.073) 0.053 0.046 0.006 0.006 0.008 0.007 0.276 0.148 
 291   (0.036) 0.007 0.026 0.003 0.031 0.004 0.016 0.004 0.006 
 271   (0.028) 0.004 0.040 0.002 0.002 0.003 0.003 0.003 0.004 

Locus 5 : Rsu6 
5 alleles
0.0% missing data
 120   (0.271) 0.329 0.211 0.357 0.246 0.223 0.485 0.115 0.215 
 126   (0.600) 0.653 0.653 0.630 0.478 0.472 0.472 0.870 0.764 
 124   (0.073) 0.011 0.051 0.007 0.254 0.299 0.038 0.009 0.014 
 130   (0.031) 0.004 0.077 0.002 0.003 0.003 0.003 0.003 0.004 
 114   (0.024) 0.003 0.007 0.004 0.018 0.003 0.002 0.003 0.003 

Locus 6 : Scv12 
3 alleles
1.5% missing data
 198   (0.584) 0.661 0.715 0.480 0.315 0.926 0.444 0.424 0.680 
 196   (0.251) 0.298 0.153 0.455 0.184 0.051 0.248 0.514 0.187 
 200   (0.165) 0.041 0.132 0.065 0.501 0.024 0.307 0.062 0.133 

Locus 7 : Scv23 
3 alleles
1.5% missing data
 158   (0.512) 0.515 0.467 0.432 0.729 0.320 0.515 0.734 0.573 
 164   (0.201) 0.212 0.265 0.441 0.054 0.371 0.087 0.142 0.040 
 160   (0.286) 0.273 0.268 0.127 0.217 0.309 0.397 0.124 0.387 

Locus 8 : Scv13 
5 alleles
0.0% missing data
 182   (0.725) 0.910 0.692 0.809 0.916 0.774 0.966 0.890 0.564 
 180   (0.097) 0.020 0.112 0.167 0.058 0.182 0.018 0.011 0.018 
 172   (0.080) 0.038 0.062 0.007 0.007 0.010 0.007 0.083 0.259 
 184   (0.062) 0.019 0.114 0.014 0.015 0.030 0.006 0.012 0.017 
 174   (0.036) 0.012 0.020 0.003 0.004 0.004 0.003 0.004 0.142 

Locus 9 : Scv32 
18 alleles
0.7% missing data
 236   (0.032) 0.008 0.125 0.003 0.003 0.004 0.003 0.003 0.007 
 238   (0.045) 0.171 0.026 0.005 0.004 0.006 0.010 0.094 0.011 
 234   (0.134) 0.316 0.063 0.470 0.018 0.142 0.077 0.124 0.626 
 246   (0.064) 0.012 0.021 0.304 0.182 0.246 0.047 0.009 0.016 
 248   (0.091) 0.072 0.130 0.023 0.130 0.012 0.367 0.025 0.015 
 262   (0.096) 0.116 0.060 0.011 0.293 0.021 0.125 0.049 0.046 
 232   (0.168) 0.110 0.331 0.071 0.113 0.357 0.017 0.411 0.066 
 250   (0.028) 0.010 0.008 0.005 0.003 0.006 0.255 0.003 0.004 
 228   (0.026) 0.004 0.038 0.002 0.003 0.003 0.003 0.003 0.005 
 220   (0.040) 0.006 0.014 0.077 0.211 0.022 0.010 0.004 0.007 
 264   (0.057) 0.090 0.050 0.009 0.006 0.094 0.011 0.007 0.026 
 252   (0.043) 0.008 0.013 0.004 0.016 0.006 0.005 0.082 0.082 
 254   (0.050) 0.041 0.028 0.005 0.004 0.006 0.009 0.090 0.067 
 242   (0.022) 0.003 0.040 0.002 0.002 0.002 0.002 0.002 0.003 
 266   (0.029) 0.023 0.011 0.003 0.003 0.003 0.003 0.047 0.005 
 244   (0.033) 0.005 0.013 0.003 0.007 0.004 0.053 0.044 0.005 
 226   (0.021) 0.003 0.006 0.002 0.002 0.061 0.002 0.002 0.003 
 240   (0.021) 0.003 0.020 0.002 0.002 0.002 0.002 0.002 0.006 

Locus 10 : Scv8 
6 alleles
0.7% missing data
 200   (0.628) 0.752 0.653 0.723 0.701 0.951 0.777 0.634 0.427 
 202   (0.093) 0.077 0.153 0.008 0.009 0.012 0.009 0.084 0.058 
 194   (0.087) 0.116 0.039 0.252 0.080 0.014 0.021 0.010 0.098 
 204   (0.049) 0.013 0.026 0.005 0.043 0.008 0.116 0.005 0.009 
 198   (0.075) 0.017 0.093 0.007 0.161 0.009 0.071 0.008 0.017 
 188   (0.069) 0.026 0.036 0.006 0.006 0.007 0.006 0.258 0.390 

Locus 11 : Scv9 
5 alleles
0.0% missing data
 198   (0.328) 0.576 0.231 0.500 0.107 0.334 0.448 0.313 0.528 
 200   (0.346) 0.130 0.487 0.419 0.559 0.244 0.404 0.286 0.114 
 196   (0.260) 0.281 0.262 0.073 0.327 0.048 0.141 0.392 0.241 
 204   (0.043) 0.009 0.013 0.006 0.004 0.371 0.005 0.007 0.089 
 202   (0.024) 0.003 0.007 0.002 0.002 0.002 0.002 0.003 0.028 

Locus 12 : Rsu1 
6 alleles
0.0% missing data
 189   (0.306) 0.287 0.498 0.526 0.067 0.297 0.065 0.123 0.273 
 185   (0.278) 0.470 0.210 0.254 0.202 0.145 0.054 0.771 0.166 
 177   (0.080) 0.022 0.047 0.008 0.169 0.017 0.010 0.054 0.045 
 181   (0.236) 0.206 0.215 0.079 0.187 0.049 0.828 0.041 0.502 
 193   (0.056) 0.010 0.017 0.128 0.275 0.014 0.039 0.006 0.008 
 197   (0.044) 0.006 0.013 0.005 0.101 0.478 0.004 0.005 0.006 

Locus 13 : Scv14 
7 alleles
4.4% missing data
 196   (0.545) 0.496 0.452 0.882 0.793 0.929 0.885 0.594 0.654 
 198   (0.082) 0.220 0.102 0.009 0.007 0.009 0.016 0.029 0.059 
 194   (0.135) 0.083 0.187 0.036 0.057 0.027 0.054 0.062 0.178 
 202   (0.167) 0.186 0.217 0.064 0.129 0.028 0.022 0.307 0.083 
 204   (0.024) 0.003 0.022 0.003 0.002 0.002 0.002 0.003 0.004 
 190   (0.024) 0.004 0.008 0.003 0.008 0.003 0.018 0.003 0.004 
 200   (0.024) 0.008 0.011 0.003 0.002 0.002 0.002 0.003 0.018 

Locus 14 : Scv16 
7 alleles
0.0% missing data
 182   (0.389) 0.562 0.301 0.402 0.557 0.050 0.786 0.348 0.570 
 184   (0.415) 0.386 0.510 0.558 0.290 0.919 0.192 0.580 0.197 
 188   (0.067) 0.009 0.123 0.029 0.141 0.017 0.006 0.007 0.009 
 200   (0.023) 0.003 0.023 0.002 0.002 0.002 0.002 0.003 0.003 
 198   (0.045) 0.028 0.014 0.004 0.004 0.004 0.008 0.035 0.130 
 190   (0.036) 0.008 0.011 0.003 0.003 0.005 0.003 0.024 0.083 
 186   (0.025) 0.004 0.019 0.002 0.003 0.003 0.002 0.003 0.007 

Locus 15 : Scv31 
15 alleles
3.0% missing data
 193   (0.121) 0.163 0.093 0.021 0.042 0.017 0.573 0.183 0.039 
 201   (0.110) 0.022 0.204 0.041 0.065 0.013 0.069 0.060 0.017 
 187   (0.092) 0.020 0.031 0.374 0.298 0.085 0.039 0.118 0.014 
 207   (0.035) 0.005 0.010 0.396 0.010 0.256 0.003 0.004 0.005 
 195   (0.074) 0.022 0.024 0.037 0.099 0.016 0.041 0.218 0.035 
 185   (0.156) 0.416 0.124 0.017 0.026 0.552 0.024 0.169 0.302 
 189   (0.064) 0.009 0.193 0.006 0.008 0.007 0.185 0.007 0.009 
 205   (0.019) 0.003 0.020 0.002 0.002 0.002 0.002 0.002 0.004 
 191   (0.127) 0.266 0.059 0.086 0.350 0.026 0.043 0.017 0.481 
 197   (0.029) 0.004 0.009 0.004 0.007 0.008 0.003 0.166 0.004 
 199   (0.058) 0.009 0.068 0.005 0.006 0.006 0.006 0.044 0.070 
 203   (0.029) 0.004 0.060 0.002 0.003 0.003 0.003 0.003 0.004 
 209   (0.030) 0.015 0.035 0.003 0.003 0.003 0.003 0.003 0.006 
 213   (0.029) 0.037 0.061 0.002 0.003 0.003 0.003 0.003 0.005 
 181   (0.026) 0.005 0.008 0.003 0.079 0.004 0.002 0.003 0.004 

Locus 16 : Scv6 
8 alleles
0.0% missing data
 191   (0.104) 0.041 0.192 0.017 0.183 0.011 0.212 0.023 0.016 
 195   (0.376) 0.425 0.298 0.450 0.465 0.910 0.537 0.588 0.233 
 197   (0.208) 0.169 0.118 0.461 0.296 0.032 0.212 0.229 0.340 
 201   (0.075) 0.072 0.141 0.007 0.007 0.010 0.011 0.009 0.126 
 205   (0.025) 0.003 0.041 0.002 0.002 0.002 0.002 0.003 0.003 
 193   (0.093) 0.100 0.107 0.009 0.010 0.010 0.009 0.097 0.175 
 199   (0.094) 0.187 0.062 0.053 0.034 0.022 0.015 0.049 0.103 
 181   (0.026) 0.003 0.040 0.002 0.002 0.003 0.002 0.003 0.004 

Values of parameters used in structure:
DATAFILE=C:\Users\drenske\Desktop\STRUCTURE\Squirrel_135_ID_16L_20250816\project_data,	OUTFILE=C:\Users\drenske\Desktop\STRUCTURE\Squirrel_135_ID_16L_20250816\10k_Burnin_100k_MCMC\Results\10k_Burnin_100k_MCMC_run_186,	NUMINDS=135,	NUMLOCI=16,	MISSING=-9,	LABEL=1,	POPDATA=1,	POPFLAG=0,	PHENOTYPE=0,	EXTRACOLS=1,	MAXPOPS=8,	BURNIN=10000,	NUMREPS=100000,	USEPOPINFO=0,	INFERALPHA=1,	INFERLAMBDA=1,	POPSPECIFICLAMBDA=0,	POPALPHAS=0,	COMPUTEPROB=1,	NOADMIX=0,	ADMBURNIN=2500,	UPDATEFREQ=1,	PRINTLIKES=0,	INTERMEDSAVE=0,	PRINTKLD=0,	PRINTNET=0,	PRINTLAMBDA=0,	ANCESTDIST=1,	NUMBOXES=1000,	ANCESTPINT=0.90000,	GENSBACK=2,	MIGRPRIOR=0.05000,	PRINTQHAT=1,	PRINTQSUM=0,	ALPHA=1.0000,	FREQSCORR=1,	FPRIORMEAN=0.0100,	FPRIORSD=0.0500,	ONEFST=0,	LAMBDA=1.0000,	UNIFPRIORALPHA=1,	ALPHAMAX=10.0000,	ALPHAPRIORA=1.0000,	ALPHAPRIORB=2.0000,	ALPHAPROPSD=0.0250,	STARTATPOPINFO=0,	RANDOMIZE=1,	LINKAGE=0,	METROFREQ=10,	REPORTHITRATE=0,	MARKOVPHASE=-1,	PHASED=0,	PLOIDY=2,	PHASEINFO=0	LOCPRIOR=0, 	LOCPRIORINIT=1.000000, 	LOCDATA=0, 	LOCISPOP=0, 	LOCPRIORSTEP=0.100000, 	MAXLOCPRIOR=20.000000, 	SEED=1755517344,	
[STRAT parameters]:    NUMSIMSTATS=1000,	PHENOTYPECOL=-9,	POOLFREQ=10,	LOCUSxONLY=0,	EMERROR=0.00100,	MISSINGPHENO=-9,	