          1*  1 0.0066 0.0414 0.0277 0.0595 0.0163 0.0093 0.8392 
           3  1 0.0051 0.0058 0.0070 0.0072 0.9625 0.0063 0.0061 
           6  1 0.0149 0.0115 0.0201 0.0262 0.9003 0.0204 0.0065 
           8  1 0.0044 0.0230 0.0149 0.0829 0.0071 0.8546 0.0133 
          10  1 0.0058 0.7957 0.0041 0.0058 0.0087 0.1711 0.0089 
          11  1 0.0660 0.0301 0.0161 0.1662 0.0456 0.0709 0.6051 
          12  1 0.0060 0.9582 0.0051 0.0085 0.0065 0.0107 0.0050 
          16  1 0.0066 0.0096 0.0060 0.0080 0.9463 0.0165 0.0070 
          18  1 0.0054 0.0075 0.0065 0.0080 0.0097 0.0087 0.9543 
          19  1 0.1026 0.0129 0.0314 0.0253 0.0170 0.0453 0.7655 
          21  1 0.0084 0.0099 0.0064 0.0097 0.9290 0.0298 0.0067 
          23  1 0.0445 0.7611 0.0152 0.1346 0.0139 0.0208 0.0100 
          24  1 0.0527 0.4435 0.0114 0.0184 0.0182 0.2229 0.2330 
          25  1 0.0092 0.7652 0.0105 0.0905 0.0540 0.0581 0.0125 
         26*  1 0.0060 0.1836 0.0076 0.0115 0.1171 0.6484 0.0259 
          28  1 0.0071 0.2251 0.0073 0.0546 0.0975 0.5996 0.0089 
          29  1 0.0063 0.8266 0.0054 0.0069 0.0064 0.1330 0.0155 
          30  1 0.0085 0.0687 0.3170 0.0215 0.1177 0.4476 0.0190 
          33  1 0.0447 0.0057 0.0126 0.0100 0.0065 0.0050 0.9155 
          37  1 0.0094 0.0282 0.0061 0.0104 0.0135 0.0084 0.9240 
          38  1 0.0052 0.0155 0.0048 0.0070 0.0108 0.0166 0.9401 
          43  1 0.0081 0.7728 0.0069 0.0144 0.0419 0.1453 0.0106 
          44  1 0.0095 0.0078 0.0459 0.1645 0.3494 0.4137 0.0092 
          48  1 0.0050 0.0070 0.0063 0.0068 0.0150 0.0067 0.9532 
          55  1 0.0121 0.0117 0.0241 0.1227 0.2288 0.5869 0.0137 
          59  1 0.0047 0.0044 0.0057 0.0062 0.9662 0.0063 0.0066 
          60  1 0.0504 0.1448 0.1486 0.6004 0.0146 0.0051 0.0361 
          61  1 0.6438 0.0092 0.0607 0.2463 0.0202 0.0091 0.0105 
          62  1 0.4319 0.0367 0.0264 0.4556 0.0135 0.0139 0.0219 
          65  1 0.0149 0.0087 0.0234 0.0124 0.0061 0.0108 0.9238 
          73  1 0.0058 0.0950 0.8453 0.0272 0.0066 0.0107 0.0095 
          75  1 0.9136 0.0057 0.0397 0.0065 0.0097 0.0103 0.0145 
          76  1 0.9459 0.0097 0.0067 0.0222 0.0058 0.0049 0.0049 
          77  1 0.8906 0.0105 0.0054 0.0722 0.0076 0.0050 0.0087 
          78  1 0.2738 0.0172 0.6202 0.0515 0.0086 0.0115 0.0172 
          79  1 0.8656 0.0052 0.0657 0.0370 0.0050 0.0082 0.0134 
          84  1 0.0296 0.0997 0.0274 0.1052 0.6051 0.1114 0.0217 
          85  1 0.0076 0.0074 0.0138 0.1906 0.0111 0.7574 0.0121 
          86  1 0.0135 0.0179 0.0238 0.1174 0.0064 0.7967 0.0243 
          89  1 0.0437 0.2816 0.0144 0.1195 0.4936 0.0160 0.0312 
          94  1 0.0064 0.9295 0.0049 0.0109 0.0133 0.0150 0.0199 
          95  1 0.0064 0.0055 0.0089 0.0114 0.9449 0.0130 0.0100 
          96  1 0.0060 0.0100 0.0054 0.0075 0.0046 0.9617 0.0048 
          98  1 0.0418 0.0114 0.3591 0.5648 0.0070 0.0072 0.0086 
         102  1 0.0186 0.0312 0.0140 0.0183 0.0465 0.0070 0.8643 
         105  1 0.0046 0.0053 0.9656 0.0057 0.0059 0.0048 0.0080 
         106  1 0.5386 0.0077 0.1978 0.0988 0.1071 0.0192 0.0308 
         108  1 0.0263 0.0102 0.8590 0.0255 0.0085 0.0106 0.0599 
         109  1 0.0232 0.0076 0.8040 0.1188 0.0137 0.0240 0.0087 
         112  1 0.2472 0.0889 0.0130 0.4834 0.0114 0.1175 0.0385 
         115  1 0.0233 0.0902 0.0388 0.0382 0.0188 0.0131 0.7777 
         116  1 0.0082 0.0109 0.0220 0.1577 0.0131 0.7691 0.0190 
         117  1 0.0309 0.2416 0.0213 0.0428 0.3817 0.2643 0.0174 
         129  1 0.0041 0.0092 0.0057 0.0108 0.0587 0.9034 0.0081 
         132  1 0.0258 0.3426 0.0735 0.3570 0.0283 0.0078 0.1651 
         133  1 0.0583 0.0092 0.3515 0.5600 0.0086 0.0048 0.0076 
         137  1 0.6595 0.0238 0.0179 0.2554 0.0196 0.0112 0.0126 
         139  1 0.9296 0.0085 0.0116 0.0079 0.0099 0.0158 0.0167 
         140  1 0.0207 0.0058 0.8746 0.0676 0.0163 0.0078 0.0073 
         142  1 0.7306 0.0124 0.0116 0.2090 0.0234 0.0057 0.0074 
         144  1 0.0057 0.0043 0.9662 0.0076 0.0069 0.0041 0.0052 
         145  1 0.4786 0.0065 0.0156 0.4784 0.0074 0.0059 0.0077 
         147  1 0.0224 0.0048 0.9403 0.0121 0.0050 0.0077 0.0077 
         160  1 0.0055 0.9483 0.0050 0.0067 0.0105 0.0154 0.0086 
        162*  1 0.0066 0.0102 0.0054 0.0071 0.0044 0.9614 0.0048 
         166  1 0.0797 0.0165 0.2766 0.5867 0.0222 0.0080 0.0104 
         177  1 0.9712 0.0049 0.0041 0.0055 0.0042 0.0057 0.0045 
         178  1 0.8046 0.0384 0.0559 0.0610 0.0096 0.0150 0.0154 
         186  1 0.0046 0.0063 0.0044 0.0057 0.9687 0.0057 0.0046 
         189  1 0.0095 0.0142 0.0038 0.1981 0.0079 0.7593 0.0073 
         190  1 0.0154 0.0709 0.0124 0.0306 0.0404 0.8104 0.0197 
         191  1 0.0286 0.0272 0.0531 0.1425 0.5241 0.2124 0.0121 
         193  1 0.4040 0.0188 0.0201 0.4929 0.0396 0.0110 0.0135 
         202  1 0.0136 0.5385 0.0102 0.0309 0.0104 0.3364 0.0600 
         204  1 0.0038 0.0078 0.0049 0.0056 0.0373 0.9362 0.0044 
         211  1 0.0493 0.3227 0.3054 0.2637 0.0110 0.0138 0.0341 
         216  1 0.0373 0.0210 0.7795 0.1440 0.0054 0.0052 0.0076 
         222  1 0.0171 0.0232 0.7164 0.1674 0.0077 0.0137 0.0545 
         224  1 0.0085 0.0180 0.0137 0.2070 0.0179 0.7227 0.0122 
         226  1 0.0053 0.0049 0.0049 0.0084 0.9615 0.0073 0.0078 
         229  1 0.0442 0.0637 0.0525 0.0725 0.0116 0.7107 0.0448 
         230  1 0.0368 0.0188 0.0146 0.0187 0.0166 0.8803 0.0142 
         232  1 0.0940 0.4587 0.0252 0.1866 0.0734 0.1344 0.0276 
         238  1 0.1801 0.0139 0.0272 0.0661 0.0077 0.0813 0.6237 
         242  1 0.0044 0.0050 0.0083 0.0081 0.0065 0.0059 0.9616 
         243  1 0.0344 0.0135 0.0457 0.1176 0.0334 0.0102 0.7452 
         244  1 0.2061 0.0119 0.0095 0.0204 0.0070 0.0122 0.7330 
         251  1 0.0364 0.1158 0.0181 0.0618 0.0098 0.0309 0.7271 
         266  1 0.5744 0.0136 0.0211 0.1360 0.0116 0.0240 0.2193 
         267  1 0.0149 0.0128 0.7613 0.0960 0.0321 0.0630 0.0199 
         268  1 0.3061 0.0473 0.4168 0.2021 0.0078 0.0057 0.0142 
         270  1 0.0094 0.0198 0.0133 0.1020 0.0419 0.7954 0.0182 
         276  1 0.0589 0.0400 0.0618 0.2048 0.4169 0.1987 0.0189 
         298  1 0.0956 0.0127 0.8012 0.0553 0.0164 0.0061 0.0128 
         306  1 0.1205 0.0327 0.1315 0.6768 0.0095 0.0065 0.0226 
         308  1 0.5368 0.1002 0.2082 0.1022 0.0070 0.0097 0.0359 
         311  1 0.0358 0.0253 0.2996 0.4482 0.0103 0.0292 0.1517 
         323  1 0.0047 0.0047 0.0059 0.0057 0.9649 0.0073 0.0070 
         327  1 0.0080 0.2832 0.0170 0.0292 0.0191 0.6245 0.0191 
         334  1 0.0102 0.0080 0.0187 0.0143 0.0047 0.0079 0.9361 
         338  1 0.0360 0.0299 0.5546 0.3261 0.0186 0.0176 0.0172 
         341  1 0.0069 0.0084 0.0052 0.0175 0.9436 0.0078 0.0106 
         346  1 0.4748 0.0632 0.0135 0.4181 0.0130 0.0088 0.0086 
         348  1 0.2409 0.0071 0.6695 0.0425 0.0087 0.0101 0.0212 
         351  1 0.0184 0.0480 0.0127 0.1085 0.0185 0.0086 0.7852 
         362  1 0.0059 0.0227 0.0063 0.0082 0.0277 0.9229 0.0063 
         364  1 0.0127 0.0102 0.0122 0.0293 0.0100 0.0056 0.9199 
         366  1 0.0142 0.0154 0.0343 0.0232 0.0131 0.0518 0.8480 
         376  1 0.0221 0.0256 0.0069 0.0338 0.8793 0.0239 0.0083 
         377  1 0.0101 0.5957 0.0251 0.2318 0.0184 0.1038 0.0152 
         378  1 0.0137 0.9421 0.0080 0.0123 0.0098 0.0088 0.0052 
         388  1 0.0116 0.0263 0.7569 0.1657 0.0101 0.0120 0.0174 
         391  1 0.0179 0.3082 0.0247 0.1909 0.4408 0.0062 0.0113 
         396  1 0.0337 0.0276 0.0314 0.2905 0.0636 0.5357 0.0175 
         400  1 0.0105 0.5050 0.0083 0.1657 0.0104 0.1661 0.1340 
         401  1 0.2205 0.0099 0.0103 0.0463 0.0898 0.4041 0.2191 
         406  1 0.0338 0.0188 0.2749 0.5601 0.0701 0.0108 0.0314 
         412  1 0.0328 0.0321 0.2466 0.6356 0.0206 0.0178 0.0146 
         413  1 0.4950 0.0093 0.0289 0.3899 0.0045 0.0212 0.0511 
         421  1 0.0626 0.0199 0.0297 0.3701 0.0222 0.4644 0.0311 
         423  1 0.0218 0.0206 0.0729 0.2776 0.0156 0.5441 0.0474 
         424  1 0.0740 0.0821 0.0442 0.5709 0.1895 0.0097 0.0296 
         426  1 0.0188 0.8545 0.0145 0.0374 0.0278 0.0288 0.0182 
         430  1 0.2036 0.0308 0.0725 0.6219 0.0436 0.0171 0.0107 
         435  1 0.6891 0.0179 0.0400 0.2363 0.0056 0.0058 0.0053 
         476  1 0.0271 0.0195 0.0075 0.0218 0.7843 0.1115 0.0283 
         478  1 0.0071 0.0181 0.0103 0.0840 0.6929 0.1624 0.0251 
         484  1 0.0270 0.0119 0.7436 0.1873 0.0161 0.0070 0.0071 
         489  1 0.0120 0.5930 0.1078 0.2387 0.0113 0.0280 0.0092 
         492  1 0.0159 0.0090 0.0183 0.0342 0.0060 0.0075 0.9091 
         493  1 0.0087 0.0129 0.0071 0.0146 0.0080 0.0152 0.9335 
         494  1 0.0090 0.0329 0.0075 0.0136 0.0132 0.0171 0.9066 
         500  1 0.0043 0.0091 0.0042 0.0173 0.0172 0.9415 0.0064 
         504  1 0.0143 0.0373 0.7728 0.0795 0.0093 0.0555 0.0314 
         506  1 0.0052 0.0104 0.8710 0.0110 0.0133 0.0833 0.0058 
