          1*  1 0.0056 0.0212 0.0812 0.0073 0.0129 0.0396 0.6917 0.1181 0.0224 
           3  1 0.0044 0.0064 0.0057 0.0056 0.9566 0.0051 0.0050 0.0066 0.0045 
           6  1 0.0112 0.0159 0.0096 0.0196 0.8950 0.0094 0.0050 0.0286 0.0057 
           8  1 0.0038 0.0164 0.0111 0.9061 0.0063 0.0259 0.0123 0.0067 0.0114 
          10  1 0.0045 0.0034 0.0083 0.1106 0.0078 0.8472 0.0073 0.0046 0.0064 
          11  1 0.0274 0.0100 0.7348 0.0274 0.0270 0.0125 0.1064 0.0409 0.0137 
          12  1 0.0046 0.0044 0.0050 0.0061 0.0051 0.9591 0.0036 0.0081 0.0040 
          16  1 0.0054 0.0050 0.0073 0.0138 0.9432 0.0091 0.0057 0.0059 0.0046 
          18  1 0.0039 0.0050 0.0092 0.0075 0.0075 0.0063 0.9510 0.0046 0.0050 
          19  1 0.0420 0.0187 0.7790 0.0244 0.0132 0.0097 0.0976 0.0101 0.0052 
          21  1 0.0073 0.0055 0.0083 0.0203 0.9319 0.0080 0.0049 0.0078 0.0060 
          23  1 0.0267 0.0136 0.0307 0.0168 0.0115 0.6720 0.0085 0.1886 0.0315 
          24  1 0.0236 0.0080 0.3675 0.1453 0.0156 0.2860 0.0377 0.0152 0.1012 
          25  1 0.0069 0.0083 0.0811 0.0686 0.0477 0.6252 0.0103 0.1376 0.0145 
         26*  1 0.0047 0.0066 0.0270 0.6640 0.1032 0.1461 0.0163 0.0092 0.0230 
          28  1 0.0059 0.0057 0.0134 0.7040 0.0784 0.1560 0.0062 0.0136 0.0168 
          29  1 0.0051 0.0044 0.0105 0.0575 0.0050 0.8917 0.0115 0.0048 0.0096 
          30  1 0.0066 0.2802 0.0622 0.4151 0.0988 0.0933 0.0157 0.0205 0.0076 
          33  1 0.0636 0.0139 0.1004 0.0046 0.0055 0.0055 0.7868 0.0144 0.0053 
          37  1 0.0082 0.0052 0.0138 0.0075 0.0102 0.0306 0.9015 0.0092 0.0139 
          38  1 0.0045 0.0041 0.0278 0.0135 0.0098 0.0154 0.9117 0.0037 0.0094 
          43  1 0.0065 0.0053 0.0141 0.1703 0.0378 0.7357 0.0083 0.0114 0.0104 
          44  1 0.0079 0.0569 0.0275 0.4882 0.3758 0.0069 0.0094 0.0130 0.0145 
          48  1 0.0038 0.0050 0.0072 0.0048 0.0102 0.0053 0.9548 0.0046 0.0044 
          55  1 0.0090 0.0175 0.0358 0.6842 0.1773 0.0101 0.0094 0.0414 0.0153 
          59  1 0.0038 0.0049 0.0053 0.0057 0.9612 0.0037 0.0057 0.0052 0.0044 
          60  1 0.0343 0.0316 0.0634 0.0042 0.0095 0.0429 0.0169 0.7898 0.0074 
          61  1 0.5539 0.0561 0.0225 0.0092 0.0165 0.0076 0.0086 0.2893 0.0361 
          62  1 0.3425 0.0224 0.0456 0.0133 0.0131 0.0440 0.0189 0.3311 0.1692 
          65  1 0.0131 0.0272 0.2257 0.0092 0.0045 0.0074 0.6866 0.0139 0.0124 
          73  1 0.0051 0.8183 0.0109 0.0099 0.0056 0.1009 0.0058 0.0300 0.0135 
          75  1 0.8997 0.0357 0.0222 0.0084 0.0093 0.0044 0.0101 0.0048 0.0053 
          76  1 0.9514 0.0051 0.0061 0.0046 0.0051 0.0096 0.0039 0.0103 0.0038 
          77  1 0.8326 0.0039 0.0086 0.0042 0.0062 0.0079 0.0070 0.1209 0.0088 
          78  1 0.3361 0.5377 0.0298 0.0099 0.0068 0.0138 0.0142 0.0396 0.0121 
          79  1 0.8594 0.0562 0.0388 0.0072 0.0043 0.0044 0.0091 0.0102 0.0105 
          84  1 0.0224 0.0145 0.0433 0.0953 0.6085 0.0793 0.0090 0.0506 0.0770 
          85  1 0.0069 0.0149 0.0216 0.9068 0.0097 0.0071 0.0085 0.0113 0.0131 
          86  1 0.0102 0.0172 0.1026 0.8099 0.0052 0.0114 0.0093 0.0120 0.0222 
          89  1 0.0339 0.0100 0.0720 0.0144 0.4583 0.2375 0.0177 0.0887 0.0674 
          94  1 0.0059 0.0043 0.0086 0.0116 0.0121 0.9169 0.0273 0.0077 0.0057 
          95  1 0.0052 0.0077 0.0077 0.0114 0.9378 0.0046 0.0108 0.0108 0.0041 
          96  1 0.0053 0.0046 0.0049 0.9593 0.0041 0.0091 0.0044 0.0042 0.0042 
          98  1 0.0256 0.1614 0.0167 0.0058 0.0054 0.0087 0.0051 0.7387 0.0326 
         102  1 0.0104 0.0092 0.6563 0.0054 0.0262 0.0210 0.2467 0.0116 0.0132 
         105  1 0.0037 0.9630 0.0048 0.0037 0.0045 0.0046 0.0069 0.0042 0.0046 
         106  1 0.3399 0.1177 0.3461 0.0148 0.0705 0.0058 0.0167 0.0448 0.0437 
         108  1 0.0276 0.8251 0.0358 0.0087 0.0066 0.0085 0.0544 0.0256 0.0077 
         109  1 0.0319 0.7352 0.0587 0.0158 0.0094 0.0067 0.0077 0.1278 0.0068 
         112  1 0.1849 0.0089 0.2214 0.1073 0.0089 0.0768 0.0197 0.2867 0.0854 
         115  1 0.0140 0.0228 0.7059 0.0077 0.0143 0.0377 0.1461 0.0417 0.0097 
         116  1 0.0065 0.0209 0.0443 0.8583 0.0117 0.0097 0.0162 0.0123 0.0202 
         117  1 0.0220 0.0168 0.0354 0.2313 0.3462 0.2827 0.0156 0.0403 0.0097 
         129  1 0.0035 0.0043 0.0068 0.9256 0.0353 0.0073 0.0069 0.0055 0.0048 
         132  1 0.0157 0.0190 0.1214 0.0066 0.0189 0.1686 0.0638 0.5627 0.0233 
         133  1 0.0378 0.1585 0.0112 0.0041 0.0062 0.0065 0.0051 0.7392 0.0313 
         137  1 0.5133 0.0105 0.0250 0.0101 0.0151 0.0152 0.0113 0.3904 0.0091 
         139  1 0.9031 0.0105 0.0290 0.0131 0.0104 0.0077 0.0120 0.0059 0.0084 
         140  1 0.0280 0.8341 0.0179 0.0076 0.0174 0.0049 0.0072 0.0763 0.0066 
         142  1 0.7438 0.0092 0.0125 0.0052 0.0228 0.0109 0.0073 0.1249 0.0634 
         144  1 0.0048 0.9632 0.0043 0.0033 0.0058 0.0036 0.0041 0.0065 0.0042 
         145  1 0.4081 0.0110 0.0087 0.0043 0.0062 0.0051 0.0065 0.3209 0.2291 
         147  1 0.0376 0.9123 0.0105 0.0065 0.0039 0.0039 0.0060 0.0078 0.0115 
         160  1 0.0051 0.0042 0.0055 0.0073 0.0089 0.9520 0.0077 0.0052 0.0042 
        162*  1 0.0055 0.0045 0.0053 0.9576 0.0040 0.0100 0.0042 0.0046 0.0044 
         166  1 0.0544 0.0792 0.0132 0.0069 0.0168 0.0053 0.0059 0.8090 0.0093 
         177  1 0.9673 0.0034 0.0051 0.0045 0.0036 0.0043 0.0035 0.0049 0.0034 
         178  1 0.7904 0.0310 0.0342 0.0136 0.0087 0.0335 0.0089 0.0586 0.0211 
         186  1 0.0040 0.0036 0.0042 0.0051 0.9661 0.0050 0.0040 0.0048 0.0032 
         189  1 0.0079 0.0035 0.0076 0.9320 0.0073 0.0136 0.0065 0.0091 0.0124 
         190  1 0.0105 0.0083 0.0210 0.8206 0.0336 0.0519 0.0138 0.0206 0.0197 
         191  1 0.0246 0.0496 0.0394 0.2359 0.5500 0.0245 0.0083 0.0319 0.0358 
         193  1 0.3328 0.0149 0.0203 0.0105 0.0339 0.0156 0.0127 0.3499 0.2095 
         202  1 0.0079 0.0079 0.3397 0.1943 0.0078 0.3717 0.0204 0.0248 0.0256 
         204  1 0.0031 0.0041 0.0043 0.9433 0.0276 0.0068 0.0036 0.0042 0.0030 
         211  1 0.0509 0.1759 0.1353 0.0120 0.0094 0.2100 0.0168 0.3770 0.0127 
         216  1 0.0326 0.6621 0.0196 0.0049 0.0046 0.0141 0.0052 0.2409 0.0160 
         222  1 0.0135 0.6756 0.1191 0.0120 0.0070 0.0123 0.0422 0.0463 0.0720 
         224  1 0.0082 0.0132 0.0257 0.8581 0.0192 0.0182 0.0137 0.0170 0.0266 
         226  1 0.0045 0.0038 0.0134 0.0064 0.9493 0.0040 0.0069 0.0085 0.0033 
         229  1 0.0254 0.0221 0.0785 0.6243 0.0083 0.0708 0.0166 0.0350 0.1190 
         230  1 0.0323 0.0120 0.0360 0.8613 0.0128 0.0244 0.0083 0.0079 0.0049 
         232  1 0.0698 0.0185 0.1308 0.0981 0.0564 0.4490 0.0130 0.1271 0.0374 
         238  1 0.0564 0.0150 0.6915 0.0301 0.0054 0.0083 0.1616 0.0220 0.0097 
         242  1 0.0039 0.0088 0.0157 0.0055 0.0054 0.0043 0.9159 0.0090 0.0315 
         243  1 0.0239 0.0237 0.3612 0.0079 0.0220 0.0106 0.3963 0.1476 0.0068 
         244  1 0.1345 0.0064 0.5793 0.0085 0.0053 0.0088 0.2316 0.0153 0.0104 
         251  1 0.0195 0.0114 0.6945 0.0186 0.0075 0.0820 0.1159 0.0260 0.0244 
         266  1 0.3102 0.0107 0.5164 0.0147 0.0081 0.0067 0.0419 0.0743 0.0169 
         267  1 0.0131 0.7079 0.0508 0.0408 0.0277 0.0116 0.0212 0.1166 0.0103 
         268  1 0.3554 0.2293 0.0334 0.0046 0.0064 0.0346 0.0065 0.2864 0.0434 
         270  1 0.0075 0.0107 0.0138 0.8865 0.0257 0.0157 0.0159 0.0116 0.0126 
         276  1 0.0526 0.0545 0.0693 0.2379 0.4221 0.0339 0.0132 0.0943 0.0221 
         298  1 0.1423 0.7120 0.0263 0.0056 0.0161 0.0105 0.0100 0.0583 0.0189 
         306  1 0.0423 0.0405 0.0561 0.0055 0.0082 0.0072 0.0155 0.7541 0.0706 
         308  1 0.5010 0.1531 0.1031 0.0078 0.0062 0.0738 0.0306 0.0638 0.0607 
         311  1 0.0156 0.1363 0.3837 0.0181 0.0077 0.0202 0.0504 0.3133 0.0548 
         323  1 0.0042 0.0046 0.0050 0.0069 0.9581 0.0042 0.0076 0.0050 0.0043 
         327  1 0.0076 0.0123 0.0440 0.6618 0.0177 0.2063 0.0140 0.0245 0.0118 
         334  1 0.0043 0.0073 0.0162 0.0047 0.0034 0.0051 0.1615 0.0056 0.7919 
         338  1 0.0285 0.3968 0.1311 0.0153 0.0178 0.0237 0.0105 0.3168 0.0595 
         341  1 0.0054 0.0042 0.0083 0.0069 0.9357 0.0057 0.0115 0.0167 0.0056 
         346  1 0.3631 0.0065 0.0183 0.0068 0.0099 0.0308 0.0063 0.5514 0.0070 
         348  1 0.2399 0.5989 0.0499 0.0082 0.0076 0.0069 0.0162 0.0427 0.0297 
         351  1 0.0158 0.0083 0.2720 0.0078 0.0188 0.0304 0.2849 0.2351 0.1270 
         362  1 0.0048 0.0054 0.0070 0.9188 0.0259 0.0233 0.0052 0.0058 0.0036 
         364  1 0.0131 0.0096 0.0439 0.0050 0.0095 0.0100 0.8472 0.0387 0.0229 
         366  1 0.0089 0.0243 0.1582 0.0395 0.0100 0.0110 0.7159 0.0280 0.0042 
         376  1 0.0189 0.0057 0.0126 0.0205 0.8804 0.0213 0.0063 0.0240 0.0102 
         377  1 0.0087 0.0239 0.0556 0.1104 0.0189 0.6113 0.0126 0.0712 0.0876 
         378  1 0.0109 0.0062 0.0062 0.0056 0.0098 0.9377 0.0039 0.0118 0.0079 
         388  1 0.0118 0.6282 0.0251 0.0097 0.0096 0.0236 0.0145 0.2520 0.0256 
         391  1 0.0108 0.0191 0.0835 0.0060 0.4070 0.2085 0.0112 0.2208 0.0331 
         396  1 0.0262 0.0225 0.1264 0.5604 0.0495 0.0228 0.0093 0.1373 0.0455 
         400  1 0.0086 0.0070 0.0665 0.1676 0.0092 0.5261 0.1243 0.0209 0.0697 
         401  1 0.1104 0.0072 0.4526 0.2486 0.0615 0.0093 0.0612 0.0313 0.0179 
         406  1 0.0263 0.1448 0.0722 0.0094 0.0694 0.0132 0.0256 0.6204 0.0186 
         412  1 0.0266 0.1145 0.0545 0.0175 0.0158 0.0250 0.0111 0.6967 0.0383 
         413  1 0.3290 0.0225 0.0310 0.0147 0.0039 0.0057 0.0256 0.2195 0.3481 
         421  1 0.0553 0.0207 0.2055 0.4564 0.0205 0.0182 0.0145 0.1182 0.0908 
         423  1 0.0183 0.0546 0.1437 0.5483 0.0146 0.0170 0.0402 0.0609 0.1024 
         424  1 0.0268 0.0232 0.0492 0.0085 0.1537 0.0344 0.0269 0.5849 0.0923 
         426  1 0.0164 0.0117 0.0377 0.0252 0.0237 0.8159 0.0147 0.0352 0.0195 
         430  1 0.1010 0.0246 0.0270 0.0162 0.0334 0.0156 0.0070 0.6647 0.1105 
         435  1 0.6955 0.0270 0.0096 0.0051 0.0041 0.0153 0.0039 0.1361 0.1033 
         476  1 0.0219 0.0062 0.0467 0.0782 0.7856 0.0137 0.0231 0.0157 0.0089 
         478  1 0.0063 0.0076 0.0277 0.1803 0.7156 0.0152 0.0250 0.0141 0.0083 
         484  1 0.0276 0.6346 0.0125 0.0054 0.0146 0.0095 0.0052 0.2803 0.0103 
         489  1 0.0106 0.0925 0.0301 0.0262 0.0109 0.5656 0.0084 0.1294 0.1263 
         492  1 0.0046 0.0058 0.0165 0.0037 0.0038 0.0041 0.1512 0.0103 0.7999 
         493  1 0.0075 0.0056 0.0338 0.0136 0.0082 0.0122 0.8998 0.0130 0.0062 
         494  1 0.0085 0.0063 0.2392 0.0173 0.0131 0.0345 0.6633 0.0067 0.0111 
         500  1 0.0037 0.0036 0.0070 0.9502 0.0146 0.0084 0.0053 0.0046 0.0026 
         504  1 0.0138 0.7007 0.0446 0.0396 0.0085 0.0372 0.0166 0.1017 0.0373 
         506  1 0.0042 0.8957 0.0088 0.0535 0.0102 0.0085 0.0051 0.0099 0.0042 
