

----------------------------------------------------
STRUCTURE by Pritchard, Stephens and Donnelly (2000)
     and Falush, Stephens and Pritchard (2003)
       Code by Pritchard, Falush and Hubisz
             Version 2.3.4 (Jul 2012)
----------------------------------------------------



Command line arguments:   bin\structure -m C:\Users\drenske\Desktop\STRUCTURE\Squirrel_135_ID_16L_20250816\10k_Burnin_100k_MCMC\mainparams -e C:\Users\drenske\Desktop\STRUCTURE\Squirrel_135_ID_16L_20250816\10k_Burnin_100k_MCMC\extraparams 
Input File:    C:\Users\drenske\Desktop\STRUCTURE\Squirrel_135_ID_16L_20250816\project_data

Run parameters:
   135 individuals
   16 loci
   9 populations assumed
   10000 Burn-in period
   100000 Reps


--------------------------------------------
Proportion of membership of each pre-defined
 population in each of the 9 clusters

Given    Inferred Clusters                                                 Number of
 Pop       1      2      3      4      5      6      7      8      9      Individuals

  1:     0.141  0.108  0.045  0.120  0.110  0.126  0.113  0.126  0.110      135
--------------------------------------------

Allele-freq. divergence among pops (Net nucleotide distance),
computed using point estimates of P.

      1       2       3       4       5       6       7       8       9      
 1      -    0.0760  0.0983  0.0852  0.0867  0.0595  0.0545  0.0640  0.0943  
 2   0.0760     -    0.1263  0.1170  0.1013  0.0598  0.0740  0.1181  0.1349  
 3   0.0983  0.1263     -    0.1254  0.1591  0.0935  0.1055  0.1792  0.1840  
 4   0.0852  0.1170  0.1254     -    0.1449  0.0703  0.0803  0.1286  0.1544  
 5   0.0867  0.1013  0.1591  0.1449     -    0.0739  0.0781  0.1069  0.0913  
 6   0.0595  0.0598  0.0935  0.0703  0.0739     -    0.0534  0.0809  0.1218  
 7   0.0545  0.0740  0.1055  0.0803  0.0781  0.0534     -    0.0896  0.0871  
 8   0.0640  0.1181  0.1792  0.1286  0.1069  0.0809  0.0896     -    0.1144  
 9   0.0943  0.1349  0.1840  0.1544  0.0913  0.1218  0.0871  0.1144     -    

Average distances (expected heterozygosity) between individuals in same cluster:
cluster  1  : 0.6339 
cluster  2  : 0.5866 
cluster  3  : 0.5212 
cluster  4  : 0.5260 
cluster  5  : 0.4650 
cluster  6  : 0.5505 
cluster  7  : 0.5684 
cluster  8  : 0.4584 
cluster  9  : 0.4609 

--------------------------------------------
Estimated Ln Prob of Data   = -4732.2
Mean value of ln likelihood = -4429.2
Variance of ln likelihood   = 606.0
Mean value of alpha         = 0.0474

Mean value of lambda        = 1.0217

Mean value of Fst_1         = 0.0706
Mean value of Fst_2         = 0.1921
Mean value of Fst_3         = 0.4027
Mean value of Fst_4         = 0.2669
Mean value of Fst_5         = 0.2879
Mean value of Fst_6         = 0.2221
Mean value of Fst_7         = 0.1992
Mean value of Fst_8         = 0.3160
Mean value of Fst_9         = 0.3081


Inferred ancestry of individuals:
        Label (%Miss) Pop:  Inferred clusters (and 90% probability intervals)
  1       1*    (0)    1 :  0.753 0.006 0.038 0.019 0.033 0.119 0.008 0.015 0.010     (0.300,1.000) (0.000,0.033) (0.000,0.265) (0.000,0.128) (0.000,0.237) (0.000,0.518) (0.000,0.045) (0.000,0.098) (0.000,0.059) 
  2        3    (0)    1 :  0.006 0.005 0.005 0.007 0.005 0.008 0.006 0.953 0.006     (0.000,0.031) (0.000,0.025) (0.000,0.029) (0.000,0.042) (0.000,0.029) (0.000,0.045) (0.000,0.034) (0.804,1.000) (0.000,0.031) 
  3        6    (0)    1 :  0.007 0.013 0.008 0.017 0.013 0.034 0.011 0.875 0.023     (0.000,0.035) (0.000,0.079) (0.000,0.042) (0.000,0.119) (0.000,0.077) (0.000,0.244) (0.000,0.065) (0.542,1.000) (0.000,0.162) 
  4        8    (0)    1 :  0.016 0.004 0.010 0.017 0.048 0.006 0.323 0.008 0.568     (0.000,0.107) (0.000,0.021) (0.000,0.062) (0.000,0.125) (0.000,0.355) (0.000,0.033) (0.000,0.754) (0.000,0.045) (0.000,0.983) 
  5       10    (0)    1 :  0.007 0.005 0.007 0.004 0.771 0.005 0.007 0.007 0.187     (0.000,0.042) (0.000,0.028) (0.000,0.038) (0.000,0.020) (0.325,1.000) (0.000,0.028) (0.000,0.037) (0.000,0.041) (0.000,0.634) 
  6       11    (0)    1 :  0.437 0.048 0.027 0.010 0.026 0.074 0.306 0.050 0.022     (0.000,0.997) (0.000,0.352) (0.000,0.185) (0.000,0.064) (0.000,0.185) (0.000,0.456) (0.000,0.974) (0.000,0.342) (0.000,0.153) 
  7       12    (0)    1 :  0.005 0.005 0.004 0.005 0.947 0.011 0.006 0.005 0.012     (0.000,0.025) (0.000,0.029) (0.000,0.023) (0.000,0.028) (0.778,1.000) (0.000,0.060) (0.000,0.034) (0.000,0.030) (0.000,0.076) 
  8       16    (6)    1 :  0.007 0.006 0.006 0.005 0.010 0.006 0.009 0.936 0.015     (0.000,0.039) (0.000,0.032) (0.000,0.032) (0.000,0.026) (0.000,0.061) (0.000,0.036) (0.000,0.058) (0.735,1.000) (0.000,0.103) 
  9       18    (0)    1 :  0.948 0.004 0.005 0.006 0.006 0.005 0.011 0.008 0.007     (0.780,1.000) (0.000,0.024) (0.000,0.028) (0.000,0.033) (0.000,0.034) (0.000,0.027) (0.000,0.067) (0.000,0.051) (0.000,0.038) 
 10       19    (0)    1 :  0.786 0.080 0.007 0.020 0.012 0.013 0.037 0.013 0.032     (0.267,1.000) (0.000,0.466) (0.000,0.040) (0.000,0.128) (0.000,0.071) (0.000,0.074) (0.000,0.269) (0.000,0.082) (0.000,0.235) 
 11       21    (6)    1 :  0.007 0.008 0.008 0.006 0.009 0.009 0.010 0.917 0.026     (0.000,0.038) (0.000,0.047) (0.000,0.048) (0.000,0.035) (0.000,0.057) (0.000,0.051) (0.000,0.060) (0.685,1.000) (0.000,0.175) 
 12       23    (6)    1 :  0.011 0.029 0.026 0.013 0.596 0.261 0.021 0.011 0.030     (0.000,0.068) (0.000,0.210) (0.000,0.193) (0.000,0.079) (0.000,0.997) (0.000,0.943) (0.000,0.145) (0.000,0.071) (0.000,0.215) 
 13       24    (6)    1 :  0.087 0.045 0.147 0.010 0.505 0.015 0.020 0.019 0.152     (0.000,0.497) (0.000,0.276) (0.000,0.553) (0.000,0.055) (0.000,0.972) (0.000,0.097) (0.000,0.117) (0.000,0.135) (0.000,0.604) 
 14       25    (6)    1 :  0.013 0.007 0.014 0.009 0.684 0.175 0.048 0.034 0.018     (0.000,0.080) (0.000,0.037) (0.000,0.094) (0.000,0.049) (0.225,0.999) (0.000,0.654) (0.000,0.300) (0.000,0.229) (0.000,0.123) 
 15      26*    (0)    1 :  0.016 0.005 0.027 0.007 0.189 0.010 0.016 0.178 0.552     (0.000,0.108) (0.000,0.026) (0.000,0.173) (0.000,0.037) (0.000,0.647) (0.000,0.065) (0.000,0.107) (0.000,0.598) (0.000,0.991) 
 16       28    (0)    1 :  0.007 0.006 0.020 0.007 0.437 0.014 0.215 0.159 0.135     (0.000,0.041) (0.000,0.033) (0.000,0.145) (0.000,0.039) (0.000,0.998) (0.000,0.082) (0.000,0.947) (0.000,0.657) (0.000,0.839) 
 17       29    (0)    1 :  0.013 0.006 0.010 0.005 0.795 0.006 0.010 0.005 0.149     (0.000,0.088) (0.000,0.033) (0.000,0.062) (0.000,0.028) (0.269,1.000) (0.000,0.033) (0.000,0.059) (0.000,0.030) (0.000,0.674) 
 18       30    (0)    1 :  0.017 0.008 0.010 0.337 0.132 0.026 0.018 0.123 0.330     (0.000,0.105) (0.000,0.043) (0.000,0.058) (0.000,0.668) (0.000,0.692) (0.000,0.179) (0.000,0.110) (0.000,0.604) (0.000,0.744) 
 19       33    (0)    1 :  0.906 0.045 0.005 0.011 0.005 0.012 0.005 0.006 0.006     (0.625,1.000) (0.000,0.292) (0.000,0.028) (0.000,0.071) (0.000,0.028) (0.000,0.081) (0.000,0.028) (0.000,0.031) (0.000,0.032) 
 20       37    (0)    1 :  0.901 0.009 0.013 0.006 0.032 0.010 0.011 0.012 0.006     (0.625,1.000) (0.000,0.055) (0.000,0.089) (0.000,0.031) (0.000,0.230) (0.000,0.062) (0.000,0.063) (0.000,0.077) (0.000,0.037) 
 21       38    (0)    1 :  0.928 0.005 0.010 0.004 0.013 0.004 0.013 0.010 0.013     (0.706,1.000) (0.000,0.026) (0.000,0.064) (0.000,0.024) (0.000,0.091) (0.000,0.024) (0.000,0.078) (0.000,0.060) (0.000,0.084) 
 22       43    (0)    1 :  0.008 0.007 0.011 0.006 0.829 0.012 0.034 0.037 0.057     (0.000,0.047) (0.000,0.042) (0.000,0.071) (0.000,0.033) (0.452,1.000) (0.000,0.075) (0.000,0.247) (0.000,0.248) (0.000,0.367) 
 23       44    (0)    1 :  0.008 0.005 0.008 0.030 0.007 0.009 0.609 0.246 0.078     (0.000,0.046) (0.000,0.029) (0.000,0.042) (0.000,0.226) (0.000,0.039) (0.000,0.053) (0.000,1.000) (0.000,0.643) (0.000,0.537) 
 24       48    (0)    1 :  0.948 0.004 0.005 0.006 0.006 0.005 0.007 0.013 0.006     (0.781,1.000) (0.000,0.021) (0.000,0.028) (0.000,0.032) (0.000,0.036) (0.000,0.028) (0.000,0.041) (0.000,0.087) (0.000,0.034) 
 25       55    (0)    1 :  0.013 0.011 0.014 0.017 0.011 0.047 0.433 0.295 0.157     (0.000,0.080) (0.000,0.069) (0.000,0.096) (0.000,0.114) (0.000,0.069) (0.000,0.316) (0.000,0.930) (0.000,0.797) (0.000,0.783) 
 26       59    (0)    1 :  0.007 0.004 0.005 0.006 0.004 0.006 0.006 0.957 0.005     (0.000,0.039) (0.000,0.022) (0.000,0.027) (0.000,0.034) (0.000,0.023) (0.000,0.033) (0.000,0.037) (0.823,1.000) (0.000,0.030) 
 27       60    (0)    1 :  0.013 0.013 0.029 0.022 0.059 0.843 0.006 0.010 0.004     (0.000,0.079) (0.000,0.076) (0.000,0.090) (0.000,0.109) (0.000,0.376) (0.000,1.000) (0.000,0.034) (0.000,0.060) (0.000,0.023) 
 28       61    (0)    1 :  0.012 0.536 0.052 0.063 0.008 0.280 0.022 0.018 0.008     (0.000,0.070) (0.000,0.998) (0.000,0.402) (0.000,0.379) (0.000,0.050) (0.000,0.939) (0.000,0.133) (0.000,0.119) (0.000,0.046) 
 29       62    (0)    1 :  0.027 0.219 0.136 0.022 0.053 0.307 0.216 0.013 0.007     (0.000,0.194) (0.000,0.954) (0.000,0.723) (0.000,0.156) (0.000,0.367) (0.000,0.996) (0.000,0.962) (0.000,0.078) (0.000,0.044) 
 30       65    (0)    1 :  0.896 0.015 0.013 0.027 0.008 0.016 0.010 0.005 0.009     (0.635,1.000) (0.000,0.105) (0.000,0.085) (0.000,0.181) (0.000,0.046) (0.000,0.109) (0.000,0.059) (0.000,0.029) (0.000,0.058) 
 31       73    (0)    1 :  0.008 0.005 0.013 0.800 0.107 0.036 0.018 0.006 0.007     (0.000,0.046) (0.000,0.027) (0.000,0.088) (0.432,1.000) (0.000,0.445) (0.000,0.277) (0.000,0.121) (0.000,0.037) (0.000,0.035) 
 32       75    (0)    1 :  0.011 0.919 0.006 0.031 0.005 0.005 0.007 0.008 0.009     (0.000,0.068) (0.687,1.000) (0.000,0.035) (0.000,0.209) (0.000,0.027) (0.000,0.026) (0.000,0.039) (0.000,0.050) (0.000,0.060) 
 33       76    (0)    1 :  0.005 0.944 0.004 0.006 0.010 0.013 0.007 0.006 0.004     (0.000,0.027) (0.762,1.000) (0.000,0.020) (0.000,0.032) (0.000,0.063) (0.000,0.082) (0.000,0.040) (0.000,0.037) (0.000,0.024) 
 34       77    (0)    1 :  0.008 0.861 0.012 0.005 0.009 0.084 0.008 0.008 0.005     (0.000,0.050) (0.393,1.000) (0.000,0.071) (0.000,0.025) (0.000,0.053) (0.000,0.534) (0.000,0.043) (0.000,0.049) (0.000,0.026) 
 35       78    (0)    1 :  0.017 0.323 0.010 0.552 0.015 0.041 0.027 0.007 0.009     (0.000,0.111) (0.000,0.875) (0.000,0.063) (0.000,0.994) (0.000,0.099) (0.000,0.306) (0.000,0.190) (0.000,0.041) (0.000,0.055) 
 36       79    (0)    1 :  0.014 0.862 0.014 0.059 0.005 0.018 0.016 0.005 0.007     (0.000,0.095) (0.517,1.000) (0.000,0.095) (0.000,0.350) (0.000,0.028) (0.000,0.092) (0.000,0.107) (0.000,0.030) (0.000,0.046) 
 37       84    (0)    1 :  0.011 0.016 0.104 0.018 0.075 0.063 0.091 0.548 0.075     (0.000,0.064) (0.000,0.103) (0.000,0.422) (0.000,0.127) (0.000,0.444) (0.000,0.412) (0.000,0.546) (0.051,0.902) (0.000,0.358) 
 38       85    (0)    1 :  0.011 0.006 0.016 0.012 0.008 0.010 0.775 0.009 0.152     (0.000,0.064) (0.000,0.033) (0.000,0.113) (0.000,0.082) (0.000,0.046) (0.000,0.057) (0.000,1.000) (0.000,0.056) (0.000,0.980) 
 39       86    (0)    1 :  0.025 0.014 0.052 0.025 0.023 0.016 0.471 0.008 0.364     (0.000,0.179) (0.000,0.084) (0.000,0.336) (0.000,0.187) (0.000,0.164) (0.000,0.100) (0.000,0.985) (0.000,0.053) (0.000,0.983) 
 40       89    (0)    1 :  0.027 0.028 0.049 0.012 0.206 0.120 0.069 0.476 0.013     (0.000,0.190) (0.000,0.206) (0.000,0.308) (0.000,0.071) (0.000,0.680) (0.000,0.629) (0.000,0.443) (0.000,0.861) (0.000,0.076) 
 41       94    (0)    1 :  0.025 0.006 0.005 0.005 0.916 0.008 0.016 0.012 0.008     (0.000,0.174) (0.000,0.033) (0.000,0.028) (0.000,0.026) (0.664,1.000) (0.000,0.045) (0.000,0.107) (0.000,0.078) (0.000,0.047) 
 42       95    (0)    1 :  0.011 0.006 0.005 0.010 0.005 0.014 0.009 0.930 0.010     (0.000,0.066) (0.000,0.030) (0.000,0.026) (0.000,0.063) (0.000,0.030) (0.000,0.089) (0.000,0.051) (0.714,1.000) (0.000,0.068) 
 43       96    (0)    1 :  0.005 0.006 0.005 0.005 0.008 0.005 0.011 0.004 0.951     (0.000,0.026) (0.000,0.037) (0.000,0.029) (0.000,0.028) (0.000,0.042) (0.000,0.028) (0.000,0.071) (0.000,0.021) (0.791,1.000) 
 44       98    (0)    1 :  0.006 0.030 0.020 0.205 0.010 0.704 0.013 0.006 0.005     (0.000,0.034) (0.000,0.170) (0.000,0.129) (0.000,0.991) (0.000,0.058) (0.000,1.000) (0.000,0.056) (0.000,0.034) (0.000,0.029) 
 45      102    (0)    1 :  0.847 0.015 0.022 0.013 0.029 0.023 0.010 0.037 0.005     (0.519,1.000) (0.000,0.104) (0.000,0.154) (0.000,0.082) (0.000,0.201) (0.000,0.164) (0.000,0.061) (0.000,0.255) (0.000,0.028) 
 46      105    (0)    1 :  0.008 0.004 0.005 0.961 0.005 0.005 0.005 0.005 0.004     (0.000,0.046) (0.000,0.021) (0.000,0.028) (0.836,1.000) (0.000,0.026) (0.000,0.026) (0.000,0.025) (0.000,0.026) (0.000,0.022) 
 47      106    (0)    1 :  0.027 0.506 0.040 0.136 0.005 0.050 0.147 0.080 0.007     (0.000,0.191) (0.000,0.960) (0.000,0.275) (0.000,0.601) (0.000,0.030) (0.000,0.349) (0.000,0.553) (0.000,0.396) (0.000,0.041) 
 48      108    (0)    1 :  0.067 0.024 0.010 0.832 0.010 0.029 0.012 0.008 0.009     (0.000,0.387) (0.000,0.174) (0.000,0.064) (0.486,1.000) (0.000,0.059) (0.000,0.194) (0.000,0.072) (0.000,0.044) (0.000,0.056) 
 49      109    (0)    1 :  0.010 0.040 0.008 0.663 0.008 0.211 0.012 0.014 0.034     (0.000,0.056) (0.000,0.282) (0.000,0.046) (0.000,1.000) (0.000,0.046) (0.000,0.913) (0.000,0.065) (0.000,0.099) (0.000,0.223) 
 50      112    (0)    1 :  0.028 0.106 0.033 0.009 0.049 0.277 0.445 0.011 0.043     (0.000,0.193) (0.000,0.687) (0.000,0.226) (0.000,0.050) (0.000,0.347) (0.000,0.908) (0.000,0.991) (0.000,0.066) (0.000,0.302) 
 51      115    (0)    1 :  0.729 0.020 0.017 0.032 0.090 0.061 0.025 0.017 0.008     (0.044,1.000) (0.000,0.138) (0.000,0.106) (0.000,0.233) (0.000,0.458) (0.000,0.425) (0.000,0.153) (0.000,0.110) (0.000,0.048) 
 52      116    (0)    1 :  0.023 0.007 0.014 0.020 0.022 0.007 0.635 0.014 0.258     (0.000,0.157) (0.000,0.037) (0.000,0.084) (0.000,0.142) (0.000,0.159) (0.000,0.037) (0.000,1.000) (0.000,0.078) (0.000,0.955) 
 53      117    (0)    1 :  0.015 0.023 0.014 0.016 0.267 0.059 0.014 0.314 0.277     (0.000,0.096) (0.000,0.168) (0.000,0.085) (0.000,0.109) (0.000,0.989) (0.000,0.418) (0.000,0.083) (0.000,0.851) (0.000,0.775) 
 54      129    (0)    1 :  0.009 0.004 0.006 0.005 0.012 0.006 0.035 0.125 0.798     (0.000,0.054) (0.000,0.022) (0.000,0.036) (0.000,0.028) (0.000,0.067) (0.000,0.037) (0.000,0.252) (0.000,0.475) (0.445,1.000) 
 55      132    (0)    1 :  0.073 0.013 0.057 0.019 0.209 0.591 0.010 0.021 0.006     (0.000,0.450) (0.000,0.087) (0.000,0.386) (0.000,0.109) (0.000,0.745) (0.000,0.999) (0.000,0.062) (0.000,0.153) (0.000,0.032) 
 56      133    (0)    1 :  0.006 0.048 0.015 0.195 0.007 0.706 0.012 0.007 0.003     (0.000,0.032) (0.000,0.340) (0.000,0.094) (0.000,0.992) (0.000,0.040) (0.000,1.000) (0.000,0.045) (0.000,0.040) (0.000,0.019) 
 57      137    (6)    1 :  0.014 0.549 0.011 0.013 0.019 0.351 0.018 0.017 0.009     (0.000,0.087) (0.000,0.999) (0.000,0.059) (0.000,0.077) (0.000,0.125) (0.000,0.980) (0.000,0.119) (0.000,0.104) (0.000,0.052) 
 58      139    (0)    1 :  0.012 0.920 0.009 0.009 0.008 0.006 0.011 0.009 0.017     (0.000,0.074) (0.693,1.000) (0.000,0.055) (0.000,0.052) (0.000,0.044) (0.000,0.034) (0.000,0.068) (0.000,0.059) (0.000,0.115) 
 59      140    (0)    1 :  0.010 0.030 0.009 0.796 0.006 0.113 0.010 0.018 0.009     (0.000,0.063) (0.000,0.211) (0.000,0.042) (0.327,1.000) (0.000,0.031) (0.000,0.599) (0.000,0.051) (0.000,0.124) (0.000,0.054) 
 60      142    (0)    1 :  0.010 0.690 0.043 0.014 0.015 0.131 0.061 0.031 0.005     (0.000,0.062) (0.074,1.000) (0.000,0.335) (0.000,0.087) (0.000,0.098) (0.000,0.735) (0.000,0.467) (0.000,0.229) (0.000,0.028) 
 61      144    (0)    1 :  0.005 0.005 0.005 0.960 0.004 0.008 0.005 0.006 0.003     (0.000,0.026) (0.000,0.028) (0.000,0.026) (0.832,1.000) (0.000,0.021) (0.000,0.047) (0.000,0.029) (0.000,0.038) (0.000,0.019) 
 62      145    (0)    1 :  0.008 0.156 0.326 0.014 0.005 0.330 0.152 0.006 0.004     (0.000,0.045) (0.000,0.986) (0.000,0.999) (0.000,0.091) (0.000,0.026) (0.000,1.000) (0.000,0.990) (0.000,0.035) (0.000,0.022) 
 63      147    (0)    1 :  0.007 0.025 0.012 0.918 0.004 0.008 0.016 0.004 0.006     (0.000,0.043) (0.000,0.180) (0.000,0.075) (0.666,1.000) (0.000,0.023) (0.000,0.044) (0.000,0.110) (0.000,0.024) (0.000,0.039) 
 64      160    (0)    1 :  0.009 0.005 0.005 0.005 0.946 0.006 0.006 0.010 0.009     (0.000,0.052) (0.000,0.029) (0.000,0.027) (0.000,0.026) (0.774,1.000) (0.000,0.035) (0.000,0.032) (0.000,0.059) (0.000,0.057) 
 65     162*    (0)    1 :  0.005 0.007 0.006 0.005 0.007 0.005 0.012 0.004 0.949     (0.000,0.027) (0.000,0.042) (0.000,0.031) (0.000,0.028) (0.000,0.041) (0.000,0.029) (0.000,0.074) (0.000,0.022) (0.788,1.000) 
 66      166    (0)    1 :  0.007 0.026 0.028 0.056 0.008 0.841 0.007 0.020 0.006     (0.000,0.038) (0.000,0.150) (0.000,0.113) (0.000,0.450) (0.000,0.041) (0.000,1.000) (0.000,0.044) (0.000,0.134) (0.000,0.036) 
 67      177    (0)    1 :  0.004 0.965 0.004 0.004 0.004 0.005 0.005 0.004 0.005     (0.000,0.023) (0.854,1.000) (0.000,0.021) (0.000,0.020) (0.000,0.024) (0.000,0.025) (0.000,0.025) (0.000,0.024) (0.000,0.032) 
 68      178    (0)    1 :  0.011 0.810 0.025 0.038 0.041 0.041 0.013 0.009 0.012     (0.000,0.065) (0.427,1.000) (0.000,0.176) (0.000,0.262) (0.000,0.294) (0.000,0.302) (0.000,0.076) (0.000,0.052) (0.000,0.078) 
 69      186    (0)    1 :  0.005 0.004 0.003 0.004 0.006 0.006 0.005 0.962 0.005     (0.000,0.026) (0.000,0.023) (0.000,0.018) (0.000,0.023) (0.000,0.034) (0.000,0.032) (0.000,0.028) (0.840,1.000) (0.000,0.028) 
 70      189    (0)    1 :  0.007 0.007 0.006 0.003 0.015 0.005 0.807 0.007 0.143     (0.000,0.037) (0.000,0.042) (0.000,0.032) (0.000,0.018) (0.000,0.102) (0.000,0.026) (0.000,1.000) (0.000,0.039) (0.000,0.980) 
 71      190    (0)    1 :  0.017 0.019 0.040 0.010 0.120 0.042 0.047 0.048 0.659     (0.000,0.113) (0.000,0.131) (0.000,0.260) (0.000,0.059) (0.000,0.642) (0.000,0.289) (0.000,0.336) (0.000,0.325) (0.110,0.996) 
 72      191    (0)    1 :  0.010 0.017 0.013 0.024 0.019 0.014 0.494 0.381 0.028     (0.000,0.054) (0.000,0.119) (0.000,0.071) (0.000,0.183) (0.000,0.126) (0.000,0.091) (0.000,0.995) (0.000,0.869) (0.000,0.190) 
 73      193    (0)    1 :  0.014 0.111 0.256 0.015 0.020 0.355 0.185 0.037 0.008     (0.000,0.085) (0.000,0.902) (0.000,0.982) (0.000,0.103) (0.000,0.140) (0.000,1.000) (0.000,0.984) (0.000,0.259) (0.000,0.043) 
 74      202    (0)    1 :  0.047 0.010 0.047 0.011 0.382 0.072 0.025 0.008 0.397     (0.000,0.319) (0.000,0.058) (0.000,0.275) (0.000,0.065) (0.000,0.873) (0.000,0.475) (0.000,0.180) (0.000,0.048) (0.000,0.787) 
 75      204    (0)    1 :  0.004 0.004 0.004 0.004 0.007 0.004 0.010 0.060 0.903     (0.000,0.024) (0.000,0.021) (0.000,0.019) (0.000,0.023) (0.000,0.042) (0.000,0.024) (0.000,0.061) (0.000,0.361) (0.597,1.000) 
 76      211    (0)    1 :  0.023 0.047 0.034 0.178 0.201 0.475 0.012 0.011 0.019     (0.000,0.150) (0.000,0.283) (0.000,0.207) (0.000,0.826) (0.000,0.749) (0.000,0.992) (0.000,0.070) (0.000,0.065) (0.000,0.138) 
 77      216    (0)    1 :  0.006 0.032 0.019 0.655 0.016 0.254 0.009 0.005 0.004     (0.000,0.035) (0.000,0.204) (0.000,0.131) (0.056,1.000) (0.000,0.107) (0.000,0.823) (0.000,0.048) (0.000,0.026) (0.000,0.023) 
 78      222    (0)    1 :  0.019 0.010 0.018 0.457 0.006 0.028 0.453 0.006 0.004     (0.000,0.129) (0.000,0.055) (0.000,0.111) (0.000,0.976) (0.000,0.027) (0.000,0.198) (0.000,0.871) (0.000,0.038) (0.000,0.023) 
 79      224    (0)    1 :  0.010 0.006 0.006 0.009 0.016 0.006 0.829 0.016 0.102     (0.000,0.054) (0.000,0.035) (0.000,0.033) (0.000,0.053) (0.000,0.103) (0.000,0.034) (0.000,1.000) (0.000,0.091) (0.000,0.933) 
 80      226    (0)    1 :  0.009 0.005 0.003 0.004 0.004 0.009 0.005 0.952 0.009     (0.000,0.055) (0.000,0.026) (0.000,0.019) (0.000,0.023) (0.000,0.024) (0.000,0.058) (0.000,0.026) (0.798,1.000) (0.000,0.055) 
 81      229    (0)    1 :  0.019 0.022 0.183 0.031 0.080 0.046 0.038 0.008 0.573     (0.000,0.126) (0.000,0.155) (0.000,0.525) (0.000,0.234) (0.000,0.585) (0.000,0.306) (0.000,0.264) (0.000,0.047) (0.000,0.920) 
 82      230    (0)    1 :  0.019 0.053 0.007 0.015 0.023 0.013 0.053 0.019 0.797     (0.000,0.130) (0.000,0.307) (0.000,0.042) (0.000,0.108) (0.000,0.145) (0.000,0.087) (0.000,0.355) (0.000,0.135) (0.412,1.000) 
 83      232    (0)    1 :  0.027 0.062 0.026 0.020 0.422 0.151 0.150 0.063 0.079     (0.000,0.184) (0.000,0.397) (0.000,0.184) (0.000,0.137) (0.000,0.885) (0.000,0.650) (0.000,0.787) (0.000,0.373) (0.000,0.470) 
 84      238    (0)    1 :  0.608 0.171 0.023 0.025 0.010 0.047 0.036 0.007 0.072     (0.000,0.996) (0.000,0.617) (0.000,0.158) (0.000,0.182) (0.000,0.063) (0.000,0.321) (0.000,0.255) (0.000,0.043) (0.000,0.375) 
 85      242    (0)    1 :  0.931 0.004 0.023 0.008 0.005 0.008 0.010 0.006 0.004     (0.716,1.000) (0.000,0.023) (0.000,0.164) (0.000,0.053) (0.000,0.025) (0.000,0.049) (0.000,0.057) (0.000,0.034) (0.000,0.025) 
 86      243    (0)    1 :  0.737 0.026 0.008 0.026 0.010 0.152 0.012 0.024 0.007     (0.302,1.000) (0.000,0.182) (0.000,0.043) (0.000,0.185) (0.000,0.058) (0.000,0.615) (0.000,0.072) (0.000,0.177) (0.000,0.041) 
 87      244    (0)    1 :  0.702 0.205 0.020 0.009 0.011 0.024 0.012 0.006 0.011     (0.238,0.999) (0.000,0.657) (0.000,0.139) (0.000,0.054) (0.000,0.068) (0.000,0.171) (0.000,0.079) (0.000,0.036) (0.000,0.072) 
 88      251    (0)    1 :  0.672 0.024 0.055 0.017 0.094 0.051 0.050 0.008 0.028     (0.076,0.999) (0.000,0.153) (0.000,0.381) (0.000,0.115) (0.000,0.505) (0.000,0.375) (0.000,0.360) (0.000,0.049) (0.000,0.200) 
 89      266    (0)    1 :  0.152 0.556 0.042 0.014 0.010 0.169 0.009 0.011 0.036     (0.000,0.577) (0.060,0.958) (0.000,0.271) (0.000,0.097) (0.000,0.063) (0.000,0.641) (0.000,0.055) (0.000,0.069) (0.000,0.236) 
 90      267    (0)    1 :  0.019 0.015 0.012 0.614 0.010 0.181 0.010 0.033 0.106     (0.000,0.128) (0.000,0.099) (0.000,0.075) (0.000,0.999) (0.000,0.064) (0.000,0.788) (0.000,0.061) (0.000,0.232) (0.000,0.432) 
 91      268    (0)    1 :  0.009 0.342 0.038 0.277 0.048 0.269 0.006 0.007 0.005     (0.000,0.053) (0.000,0.970) (0.000,0.279) (0.000,0.980) (0.000,0.321) (0.000,0.961) (0.000,0.032) (0.000,0.041) (0.000,0.026) 
 92      270    (0)    1 :  0.026 0.008 0.014 0.016 0.043 0.011 0.414 0.072 0.397     (0.000,0.181) (0.000,0.043) (0.000,0.091) (0.000,0.108) (0.000,0.329) (0.000,0.065) (0.000,0.889) (0.000,0.470) (0.000,0.961) 
 93      276    (0)    1 :  0.014 0.039 0.012 0.045 0.043 0.064 0.468 0.285 0.030     (0.000,0.087) (0.000,0.289) (0.000,0.067) (0.000,0.316) (0.000,0.308) (0.000,0.444) (0.000,0.998) (0.000,0.816) (0.000,0.186) 
 94      298    (6)    1 :  0.011 0.099 0.018 0.769 0.014 0.054 0.011 0.018 0.005     (0.000,0.069) (0.000,0.490) (0.000,0.127) (0.332,1.000) (0.000,0.092) (0.000,0.386) (0.000,0.066) (0.000,0.131) (0.000,0.027) 
 95      306    (0)    1 :  0.015 0.020 0.096 0.022 0.011 0.770 0.054 0.008 0.004     (0.000,0.102) (0.000,0.127) (0.000,0.483) (0.000,0.135) (0.000,0.053) (0.353,1.000) (0.000,0.403) (0.000,0.046) (0.000,0.024) 
 96      308    (0)    1 :  0.042 0.471 0.047 0.189 0.085 0.086 0.064 0.007 0.008     (0.000,0.308) (0.000,0.989) (0.000,0.357) (0.000,0.696) (0.000,0.444) (0.000,0.540) (0.000,0.472) (0.000,0.038) (0.000,0.049) 
 97      311    (6)    1 :  0.123 0.021 0.066 0.190 0.018 0.460 0.083 0.009 0.029     (0.000,0.669) (0.000,0.129) (0.000,0.473) (0.000,0.899) (0.000,0.123) (0.000,0.998) (0.000,0.614) (0.000,0.051) (0.000,0.210) 
 98      323    (0)    1 :  0.007 0.005 0.004 0.006 0.004 0.006 0.006 0.953 0.009     (0.000,0.042) (0.000,0.024) (0.000,0.024) (0.000,0.034) (0.000,0.023) (0.000,0.031) (0.000,0.035) (0.804,1.000) (0.000,0.053) 
 99      327    (0)    1 :  0.019 0.008 0.023 0.013 0.385 0.029 0.065 0.020 0.439     (0.000,0.124) (0.000,0.046) (0.000,0.164) (0.000,0.082) (0.000,0.870) (0.000,0.208) (0.000,0.465) (0.000,0.143) (0.000,0.918) 
100      334    (0)    1 :  0.088 0.004 0.870 0.008 0.008 0.006 0.007 0.004 0.005     (0.000,0.933) (0.000,0.024) (0.000,1.000) (0.000,0.050) (0.000,0.047) (0.000,0.031) (0.000,0.036) (0.000,0.022) (0.000,0.025) 
101      338    (0)    1 :  0.018 0.023 0.053 0.387 0.022 0.394 0.072 0.018 0.014     (0.000,0.107) (0.000,0.162) (0.000,0.365) (0.000,0.995) (0.000,0.153) (0.000,0.984) (0.000,0.466) (0.000,0.118) (0.000,0.094) 
102      341    (0)    1 :  0.011 0.005 0.006 0.005 0.006 0.021 0.008 0.931 0.007     (0.000,0.069) (0.000,0.030) (0.000,0.035) (0.000,0.026) (0.000,0.035) (0.000,0.142) (0.000,0.043) (0.723,1.000) (0.000,0.039) 
103      346    (0)    1 :  0.008 0.336 0.008 0.008 0.036 0.573 0.008 0.012 0.011     (0.000,0.048) (0.000,0.995) (0.000,0.039) (0.000,0.042) (0.000,0.269) (0.000,1.000) (0.000,0.041) (0.000,0.067) (0.000,0.064) 
104      348    (0)    1 :  0.024 0.248 0.028 0.600 0.007 0.040 0.038 0.008 0.007     (0.000,0.167) (0.000,0.809) (0.000,0.192) (0.000,0.999) (0.000,0.041) (0.000,0.289) (0.000,0.285) (0.000,0.047) (0.000,0.041) 
105      351    (0)    1 :  0.479 0.018 0.174 0.010 0.055 0.218 0.018 0.021 0.006     (0.000,0.998) (0.000,0.116) (0.000,0.873) (0.000,0.060) (0.000,0.352) (0.000,0.920) (0.000,0.116) (0.000,0.145) (0.000,0.034) 
106      362    (0)    1 :  0.006 0.005 0.005 0.005 0.020 0.007 0.008 0.027 0.916     (0.000,0.036) (0.000,0.031) (0.000,0.028) (0.000,0.030) (0.000,0.132) (0.000,0.043) (0.000,0.048) (0.000,0.194) (0.667,1.000) 
107      364    (0)    1 :  0.886 0.012 0.028 0.009 0.010 0.033 0.008 0.010 0.005     (0.575,1.000) (0.000,0.071) (0.000,0.199) (0.000,0.054) (0.000,0.059) (0.000,0.235) (0.000,0.048) (0.000,0.060) (0.000,0.026) 
108      366    (0)    1 :  0.844 0.009 0.005 0.024 0.012 0.028 0.009 0.011 0.057     (0.479,1.000) (0.000,0.052) (0.000,0.029) (0.000,0.172) (0.000,0.075) (0.000,0.205) (0.000,0.051) (0.000,0.070) (0.000,0.354) 
109      376    (0)    1 :  0.009 0.018 0.014 0.006 0.027 0.031 0.024 0.857 0.014     (0.000,0.050) (0.000,0.128) (0.000,0.095) (0.000,0.036) (0.000,0.195) (0.000,0.217) (0.000,0.170) (0.556,1.000) (0.000,0.096) 
110      377    (6)    1 :  0.010 0.008 0.016 0.015 0.226 0.032 0.653 0.012 0.028     (0.000,0.052) (0.000,0.047) (0.000,0.084) (0.000,0.096) (0.000,0.938) (0.000,0.221) (0.000,1.000) (0.000,0.076) (0.000,0.175) 
111      378    (0)    1 :  0.005 0.012 0.008 0.008 0.920 0.020 0.009 0.010 0.007     (0.000,0.030) (0.000,0.082) (0.000,0.047) (0.000,0.047) (0.689,1.000) (0.000,0.125) (0.000,0.052) (0.000,0.066) (0.000,0.040) 
112      388    (0)    1 :  0.016 0.012 0.028 0.571 0.023 0.313 0.017 0.010 0.011     (0.000,0.101) (0.000,0.074) (0.000,0.195) (0.000,1.000) (0.000,0.162) (0.000,0.994) (0.000,0.112) (0.000,0.062) (0.000,0.068) 
113      391    (0)    1 :  0.013 0.010 0.019 0.019 0.219 0.287 0.032 0.395 0.006     (0.000,0.077) (0.000,0.056) (0.000,0.121) (0.000,0.125) (0.000,0.625) (0.000,0.894) (0.000,0.244) (0.000,0.794) (0.000,0.035) 
114      396   (18)    1 :  0.011 0.019 0.043 0.021 0.026 0.125 0.510 0.049 0.196     (0.000,0.062) (0.000,0.132) (0.000,0.275) (0.000,0.135) (0.000,0.186) (0.000,0.577) (0.000,0.997) (0.000,0.353) (0.000,0.795) 
115      400   (18)    1 :  0.078 0.008 0.034 0.006 0.235 0.008 0.571 0.007 0.053     (0.000,0.513) (0.000,0.048) (0.000,0.231) (0.000,0.033) (0.000,0.884) (0.000,0.036) (0.000,1.000) (0.000,0.040) (0.000,0.399) 
116      401    (0)    1 :  0.159 0.233 0.042 0.010 0.011 0.049 0.015 0.054 0.426     (0.000,0.643) (0.000,0.649) (0.000,0.279) (0.000,0.055) (0.000,0.066) (0.000,0.358) (0.000,0.088) (0.000,0.407) (0.013,0.766) 
117      406    (0)    1 :  0.039 0.022 0.022 0.133 0.013 0.673 0.026 0.062 0.010     (0.000,0.273) (0.000,0.145) (0.000,0.117) (0.000,0.889) (0.000,0.073) (0.000,1.000) (0.000,0.154) (0.000,0.422) (0.000,0.065) 
118      412    (6)    1 :  0.016 0.017 0.040 0.135 0.022 0.691 0.043 0.020 0.017     (0.000,0.090) (0.000,0.100) (0.000,0.257) (0.000,0.955) (0.000,0.148) (0.000,1.000) (0.000,0.302) (0.000,0.134) (0.000,0.110) 
119      413    (0)    1 :  0.023 0.146 0.461 0.022 0.006 0.177 0.150 0.004 0.011     (0.000,0.169) (0.000,0.841) (0.000,0.999) (0.000,0.160) (0.000,0.033) (0.000,0.927) (0.000,0.859) (0.000,0.021) (0.000,0.068) 
120      421    (0)    1 :  0.008 0.012 0.012 0.011 0.010 0.026 0.853 0.013 0.054     (0.000,0.044) (0.000,0.077) (0.000,0.073) (0.000,0.068) (0.000,0.062) (0.000,0.182) (0.425,1.000) (0.000,0.086) (0.000,0.417) 
121      423    (0)    1 :  0.013 0.006 0.009 0.014 0.010 0.007 0.867 0.018 0.057     (0.000,0.073) (0.000,0.032) (0.000,0.051) (0.000,0.085) (0.000,0.058) (0.000,0.041) (0.463,1.000) (0.000,0.126) (0.000,0.387) 
122      424    (0)    1 :  0.025 0.017 0.083 0.019 0.029 0.606 0.072 0.139 0.010     (0.000,0.174) (0.000,0.103) (0.000,0.578) (0.000,0.125) (0.000,0.196) (0.000,1.000) (0.000,0.614) (0.000,0.692) (0.000,0.061) 
123      426    (0)    1 :  0.024 0.019 0.015 0.013 0.767 0.070 0.031 0.024 0.037     (0.000,0.172) (0.000,0.132) (0.000,0.095) (0.000,0.079) (0.170,1.000) (0.000,0.543) (0.000,0.218) (0.000,0.171) (0.000,0.252) 
124      430   (12)    1 :  0.008 0.056 0.138 0.019 0.018 0.643 0.072 0.035 0.012     (0.000,0.046) (0.000,0.432) (0.000,0.743) (0.000,0.125) (0.000,0.113) (0.000,1.000) (0.000,0.564) (0.000,0.249) (0.000,0.072) 
125      435    (0)    1 :  0.006 0.620 0.080 0.035 0.018 0.135 0.097 0.005 0.004     (0.000,0.032) (0.000,1.000) (0.000,0.571) (0.000,0.232) (0.000,0.118) (0.000,0.742) (0.000,0.633) (0.000,0.030) (0.000,0.024) 
126      476    (0)    1 :  0.033 0.028 0.013 0.007 0.018 0.018 0.028 0.765 0.089     (0.000,0.217) (0.000,0.192) (0.000,0.092) (0.000,0.042) (0.000,0.126) (0.000,0.129) (0.000,0.199) (0.417,0.998) (0.000,0.430) 
127      478    (0)    1 :  0.020 0.006 0.009 0.008 0.016 0.012 0.310 0.588 0.032     (0.000,0.141) (0.000,0.032) (0.000,0.055) (0.000,0.046) (0.000,0.105) (0.000,0.076) (0.000,0.952) (0.000,0.972) (0.000,0.245) 
128      484    (0)    1 :  0.006 0.030 0.009 0.612 0.010 0.304 0.008 0.014 0.007     (0.000,0.035) (0.000,0.213) (0.000,0.052) (0.000,1.000) (0.000,0.063) (0.000,0.919) (0.000,0.043) (0.000,0.090) (0.000,0.041) 
129      489    (0)    1 :  0.008 0.009 0.027 0.051 0.326 0.083 0.481 0.010 0.006     (0.000,0.041) (0.000,0.050) (0.000,0.181) (0.000,0.359) (0.000,0.974) (0.000,0.585) (0.000,0.999) (0.000,0.059) (0.000,0.031) 
130      492   (18)    1 :  0.077 0.005 0.886 0.006 0.005 0.009 0.005 0.004 0.004     (0.000,0.877) (0.000,0.024) (0.000,1.000) (0.000,0.030) (0.000,0.025) (0.000,0.042) (0.000,0.025) (0.000,0.022) (0.000,0.021) 
131      493    (0)    1 :  0.928 0.008 0.005 0.005 0.010 0.010 0.010 0.007 0.018     (0.718,1.000) (0.000,0.045) (0.000,0.027) (0.000,0.031) (0.000,0.061) (0.000,0.062) (0.000,0.057) (0.000,0.042) (0.000,0.123) 
132      494    (0)    1 :  0.889 0.008 0.012 0.006 0.026 0.006 0.032 0.013 0.008     (0.587,1.000) (0.000,0.048) (0.000,0.079) (0.000,0.038) (0.000,0.192) (0.000,0.035) (0.000,0.228) (0.000,0.083) (0.000,0.045) 
133      500    (0)    1 :  0.009 0.005 0.003 0.004 0.008 0.005 0.049 0.015 0.904     (0.000,0.054) (0.000,0.024) (0.000,0.015) (0.000,0.021) (0.000,0.044) (0.000,0.025) (0.000,0.328) (0.000,0.103) (0.602,1.000) 
134      504    (0)    1 :  0.024 0.012 0.035 0.677 0.041 0.138 0.018 0.010 0.045     (0.000,0.170) (0.000,0.071) (0.000,0.231) (0.112,0.998) (0.000,0.274) (0.000,0.714) (0.000,0.118) (0.000,0.061) (0.000,0.272) 
135      506    (0)    1 :  0.005 0.004 0.004 0.810 0.008 0.010 0.006 0.010 0.143     (0.000,0.029) (0.000,0.025) (0.000,0.023) (0.465,1.000) (0.000,0.045) (0.000,0.058) (0.000,0.033) (0.000,0.057) (0.000,0.480) 


Estimated Allele Frequencies in each cluster
First column gives estimated ancestral frequencies


Locus 1 : Rsu3 
3 alleles
1.5% missing data
 164   (0.513) 0.595 0.624 0.149 0.416 0.617 0.495 0.432 0.491 0.778 
 166   (0.251) 0.188 0.143 0.529 0.552 0.240 0.391 0.258 0.081 0.047 
 170   (0.237) 0.217 0.233 0.322 0.032 0.144 0.114 0.310 0.428 0.175 

Locus 2 : Rsu5 
5 alleles
1.5% missing data
 137   (0.738) 0.685 0.803 0.340 0.404 0.892 0.874 0.939 0.975 0.949 
 135   (0.087) 0.119 0.046 0.034 0.014 0.058 0.082 0.028 0.012 0.008 
 139   (0.096) 0.156 0.059 0.613 0.010 0.044 0.020 0.019 0.008 0.036 
 133   (0.025) 0.025 0.004 0.004 0.002 0.002 0.003 0.003 0.002 0.002 
 131   (0.054) 0.015 0.089 0.009 0.570 0.005 0.022 0.010 0.004 0.005 

Locus 3 : Scv1 
5 alleles
0.7% missing data
 181   (0.516) 0.690 0.351 0.173 0.389 0.742 0.358 0.417 0.955 0.767 
 179   (0.198) 0.138 0.273 0.591 0.101 0.134 0.303 0.190 0.021 0.055 
 177   (0.113) 0.063 0.039 0.091 0.182 0.107 0.273 0.103 0.011 0.017 
 185   (0.145) 0.067 0.333 0.138 0.326 0.014 0.063 0.285 0.011 0.159 
 171   (0.028) 0.042 0.004 0.007 0.003 0.003 0.004 0.004 0.002 0.002 

Locus 4 : Rsu4 
9 alleles
0.0% missing data
 267   (0.205) 0.276 0.095 0.522 0.113 0.069 0.050 0.256 0.147 0.321 
 263   (0.337) 0.261 0.325 0.348 0.387 0.744 0.465 0.435 0.472 0.204 
 259   (0.065) 0.019 0.010 0.012 0.007 0.080 0.009 0.216 0.266 0.067 
 287   (0.154) 0.123 0.084 0.047 0.161 0.062 0.377 0.043 0.099 0.355 
 275   (0.038) 0.115 0.017 0.008 0.004 0.003 0.007 0.005 0.002 0.003 
 279   (0.063) 0.088 0.288 0.028 0.007 0.016 0.013 0.010 0.005 0.011 
 283   (0.072) 0.047 0.172 0.015 0.315 0.007 0.068 0.014 0.005 0.006 
 291   (0.036) 0.027 0.006 0.016 0.004 0.016 0.006 0.017 0.003 0.031 
 271   (0.028) 0.045 0.004 0.004 0.003 0.003 0.004 0.004 0.002 0.002 

Locus 5 : Rsu6 
5 alleles
0.0% missing data
 120   (0.267) 0.215 0.215 0.119 0.099 0.537 0.351 0.344 0.292 0.110 
 126   (0.606) 0.640 0.764 0.854 0.887 0.411 0.635 0.614 0.567 0.472 
 124   (0.073) 0.052 0.014 0.019 0.008 0.047 0.008 0.015 0.137 0.408 
 130   (0.030) 0.086 0.004 0.004 0.003 0.002 0.003 0.004 0.002 0.002 
 114   (0.024) 0.007 0.004 0.004 0.003 0.003 0.003 0.022 0.002 0.008 

Locus 6 : Scv12 
3 alleles
1.5% missing data
 198   (0.578) 0.720 0.652 0.802 0.417 0.404 0.612 0.605 0.704 0.161 
 196   (0.261) 0.148 0.205 0.136 0.536 0.302 0.347 0.272 0.276 0.080 
 200   (0.161) 0.132 0.143 0.062 0.047 0.294 0.041 0.123 0.020 0.759 

Locus 7 : Scv23 
3 alleles
1.5% missing data
 158   (0.527) 0.457 0.542 0.634 0.787 0.457 0.478 0.744 0.338 0.753 
 164   (0.187) 0.255 0.036 0.281 0.112 0.107 0.237 0.045 0.462 0.061 
 160   (0.285) 0.288 0.422 0.084 0.101 0.435 0.285 0.211 0.200 0.186 

Locus 8 : Scv13 
5 alleles
0.0% missing data
 182   (0.736) 0.671 0.504 0.949 0.906 0.967 0.908 0.917 0.781 0.902 
 180   (0.088) 0.118 0.016 0.016 0.009 0.016 0.015 0.054 0.191 0.070 
 172   (0.077) 0.064 0.299 0.012 0.073 0.007 0.049 0.011 0.006 0.007 
 184   (0.062) 0.125 0.020 0.016 0.009 0.006 0.020 0.011 0.020 0.018 
 174   (0.037) 0.021 0.161 0.008 0.004 0.003 0.008 0.006 0.002 0.004 

Locus 9 : Scv32 
18 alleles
0.7% missing data
 236   (0.034) 0.139 0.007 0.009 0.003 0.003 0.005 0.005 0.002 0.003 
 238   (0.043) 0.023 0.007 0.026 0.075 0.009 0.192 0.007 0.003 0.004 
 234   (0.139) 0.063 0.661 0.213 0.096 0.105 0.354 0.072 0.334 0.023 
 246   (0.060) 0.018 0.015 0.021 0.007 0.015 0.009 0.224 0.319 0.104 
 248   (0.099) 0.115 0.015 0.256 0.021 0.403 0.035 0.185 0.008 0.033 
 262   (0.103) 0.054 0.032 0.125 0.036 0.129 0.117 0.109 0.011 0.414 
 232   (0.146) 0.353 0.039 0.094 0.503 0.016 0.084 0.232 0.158 0.028 
 250   (0.030) 0.009 0.004 0.008 0.003 0.264 0.018 0.005 0.004 0.004 
 228   (0.025) 0.041 0.005 0.007 0.002 0.003 0.003 0.004 0.002 0.002 
 220   (0.045) 0.014 0.007 0.014 0.004 0.009 0.006 0.020 0.077 0.333 
 264   (0.056) 0.053 0.019 0.018 0.006 0.010 0.097 0.018 0.043 0.005 
 252   (0.045) 0.013 0.091 0.010 0.082 0.005 0.013 0.008 0.003 0.030 
 254   (0.052) 0.017 0.073 0.159 0.104 0.009 0.023 0.008 0.004 0.004 
 242   (0.022) 0.043 0.003 0.004 0.002 0.002 0.002 0.003 0.001 0.002 
 266   (0.027) 0.009 0.005 0.010 0.036 0.003 0.033 0.007 0.002 0.003 
 244   (0.031) 0.010 0.005 0.015 0.015 0.011 0.004 0.089 0.002 0.004 
 226   (0.021) 0.006 0.003 0.004 0.002 0.002 0.002 0.003 0.026 0.002 
 240   (0.022) 0.021 0.007 0.005 0.002 0.002 0.003 0.003 0.001 0.002 

Locus 10 : Scv8 
6 alleles
0.7% missing data
 200   (0.614) 0.641 0.419 0.710 0.615 0.797 0.786 0.503 0.829 0.860 
 202   (0.097) 0.165 0.056 0.071 0.063 0.010 0.079 0.036 0.007 0.008 
 194   (0.098) 0.042 0.060 0.149 0.010 0.036 0.087 0.185 0.151 0.018 
 204   (0.048) 0.022 0.009 0.028 0.005 0.134 0.008 0.034 0.004 0.027 
 198   (0.074) 0.095 0.015 0.024 0.007 0.017 0.012 0.230 0.005 0.081 
 188   (0.068) 0.034 0.441 0.017 0.301 0.006 0.028 0.011 0.004 0.006 

Locus 11 : Scv9 
5 alleles
0.0% missing data
 198   (0.316) 0.199 0.539 0.457 0.350 0.503 0.595 0.144 0.423 0.097 
 200   (0.342) 0.503 0.106 0.369 0.321 0.373 0.096 0.307 0.367 0.702 
 196   (0.272) 0.277 0.214 0.163 0.319 0.117 0.297 0.537 0.033 0.195 
 204   (0.045) 0.013 0.111 0.008 0.006 0.005 0.008 0.008 0.175 0.004 
 202   (0.024) 0.007 0.030 0.004 0.003 0.002 0.003 0.004 0.002 0.002 

Locus 12 : Rsu1 
6 alleles
0.0% missing data
 189   (0.274) 0.501 0.271 0.432 0.098 0.066 0.255 0.081 0.504 0.080 
 185   (0.270) 0.184 0.133 0.430 0.795 0.082 0.507 0.318 0.174 0.106 
 177   (0.088) 0.048 0.042 0.024 0.062 0.014 0.016 0.133 0.011 0.146 
 181   (0.248) 0.233 0.537 0.086 0.034 0.742 0.205 0.263 0.045 0.236 
 193   (0.068) 0.019 0.010 0.019 0.006 0.091 0.011 0.166 0.028 0.306 
 197   (0.052) 0.014 0.007 0.008 0.005 0.005 0.006 0.039 0.238 0.126 

Locus 13 : Scv14 
7 alleles
4.4% missing data
 196   (0.559) 0.488 0.668 0.293 0.593 0.888 0.552 0.620 0.945 0.912 
 198   (0.080) 0.107 0.061 0.039 0.030 0.016 0.218 0.011 0.006 0.007 
 194   (0.123) 0.191 0.162 0.038 0.024 0.050 0.043 0.240 0.016 0.012 
 202   (0.165) 0.171 0.080 0.611 0.345 0.025 0.173 0.118 0.027 0.052 
 204   (0.025) 0.024 0.004 0.004 0.002 0.003 0.003 0.003 0.002 0.002 
 190   (0.025) 0.008 0.004 0.008 0.002 0.016 0.005 0.004 0.002 0.012 
 200   (0.023) 0.010 0.021 0.006 0.002 0.003 0.007 0.003 0.002 0.003 

Locus 14 : Scv16 
7 alleles
0.0% missing data
 182   (0.410) 0.251 0.538 0.827 0.283 0.755 0.556 0.540 0.178 0.643 
 184   (0.399) 0.547 0.198 0.137 0.648 0.224 0.398 0.258 0.799 0.313 
 188   (0.064) 0.134 0.009 0.011 0.006 0.006 0.007 0.183 0.014 0.032 
 200   (0.021) 0.024 0.003 0.003 0.002 0.002 0.002 0.003 0.001 0.002 
 198   (0.045) 0.013 0.149 0.011 0.037 0.007 0.023 0.007 0.003 0.004 
 190   (0.037) 0.010 0.096 0.007 0.021 0.003 0.010 0.006 0.003 0.003 
 186   (0.024) 0.020 0.007 0.004 0.002 0.002 0.003 0.004 0.002 0.003 

Locus 15 : Scv31 
15 alleles
3.0% missing data
 193   (0.109) 0.085 0.034 0.075 0.161 0.576 0.211 0.021 0.013 0.042 
 201   (0.098) 0.220 0.015 0.052 0.072 0.074 0.016 0.021 0.009 0.097 
 187   (0.081) 0.025 0.013 0.023 0.098 0.090 0.022 0.028 0.283 0.469 
 207   (0.036) 0.010 0.005 0.007 0.004 0.003 0.004 0.060 0.381 0.004 
 195   (0.062) 0.018 0.033 0.022 0.192 0.014 0.018 0.266 0.009 0.019 
 185   (0.163) 0.131 0.313 0.066 0.158 0.023 0.473 0.105 0.236 0.017 
 189   (0.069) 0.218 0.010 0.017 0.007 0.158 0.008 0.033 0.004 0.006 
 205   (0.024) 0.023 0.005 0.004 0.003 0.002 0.003 0.004 0.002 0.002 
 191   (0.150) 0.064 0.466 0.257 0.018 0.039 0.213 0.381 0.048 0.256 
 197   (0.023) 0.007 0.003 0.005 0.228 0.003 0.003 0.004 0.003 0.004 
 199   (0.058) 0.073 0.081 0.013 0.048 0.006 0.008 0.009 0.004 0.005 
 203   (0.034) 0.067 0.005 0.007 0.003 0.003 0.004 0.005 0.002 0.003 
 209   (0.030) 0.036 0.007 0.022 0.003 0.003 0.008 0.004 0.002 0.003 
 213   (0.029) 0.014 0.004 0.422 0.003 0.002 0.003 0.004 0.002 0.002 
 181   (0.034) 0.009 0.005 0.007 0.003 0.003 0.005 0.055 0.002 0.070 

Locus 16 : Scv6 
8 alleles
0.0% missing data
 191   (0.112) 0.184 0.017 0.245 0.020 0.249 0.016 0.053 0.009 0.221 
 195   (0.363) 0.309 0.221 0.119 0.603 0.434 0.495 0.641 0.683 0.393 
 197   (0.221) 0.123 0.373 0.055 0.236 0.277 0.194 0.179 0.272 0.341 
 201   (0.077) 0.148 0.131 0.080 0.008 0.012 0.049 0.020 0.006 0.006 
 205   (0.026) 0.045 0.003 0.003 0.002 0.002 0.003 0.003 0.002 0.002 
 193   (0.095) 0.115 0.189 0.044 0.093 0.009 0.110 0.025 0.007 0.011 
 199   (0.077) 0.030 0.062 0.448 0.034 0.014 0.130 0.075 0.020 0.023 
 181   (0.028) 0.045 0.004 0.005 0.003 0.002 0.003 0.004 0.002 0.002 

Values of parameters used in structure:
DATAFILE=C:\Users\drenske\Desktop\STRUCTURE\Squirrel_135_ID_16L_20250816\project_data,	OUTFILE=C:\Users\drenske\Desktop\STRUCTURE\Squirrel_135_ID_16L_20250816\10k_Burnin_100k_MCMC\Results\10k_Burnin_100k_MCMC_run_220,	NUMINDS=135,	NUMLOCI=16,	MISSING=-9,	LABEL=1,	POPDATA=1,	POPFLAG=0,	PHENOTYPE=0,	EXTRACOLS=1,	MAXPOPS=9,	BURNIN=10000,	NUMREPS=100000,	USEPOPINFO=0,	INFERALPHA=1,	INFERLAMBDA=1,	POPSPECIFICLAMBDA=0,	POPALPHAS=0,	COMPUTEPROB=1,	NOADMIX=0,	ADMBURNIN=2500,	UPDATEFREQ=1,	PRINTLIKES=0,	INTERMEDSAVE=0,	PRINTKLD=0,	PRINTNET=0,	PRINTLAMBDA=0,	ANCESTDIST=1,	NUMBOXES=1000,	ANCESTPINT=0.90000,	GENSBACK=2,	MIGRPRIOR=0.05000,	PRINTQHAT=1,	PRINTQSUM=0,	ALPHA=1.0000,	FREQSCORR=1,	FPRIORMEAN=0.0100,	FPRIORSD=0.0500,	ONEFST=0,	LAMBDA=1.0000,	UNIFPRIORALPHA=1,	ALPHAMAX=10.0000,	ALPHAPRIORA=1.0000,	ALPHAPRIORB=2.0000,	ALPHAPROPSD=0.0250,	STARTATPOPINFO=0,	RANDOMIZE=1,	LINKAGE=0,	METROFREQ=10,	REPORTHITRATE=0,	MARKOVPHASE=-1,	PHASED=0,	PLOIDY=2,	PHASEINFO=0	LOCPRIOR=0, 	LOCPRIORINIT=1.000000, 	LOCDATA=0, 	LOCISPOP=0, 	LOCPRIORSTEP=0.100000, 	MAXLOCPRIOR=20.000000, 	SEED=1755520434,	
[STRAT parameters]:    NUMSIMSTATS=1000,	PHENOTYPECOL=-9,	POOLFREQ=10,	LOCUSxONLY=0,	EMERROR=0.00100,	MISSINGPHENO=-9,	