          1*  1 0.0125 0.9328 0.0088 0.0120 0.0340 
           3  1 0.9784 0.0053 0.0050 0.0052 0.0061 
           6  1 0.9467 0.0055 0.0143 0.0138 0.0198 
           8  1 0.0151 0.0089 0.0040 0.9629 0.0090 
          10  1 0.0058 0.0069 0.0054 0.9774 0.0045 
          11  1 0.0422 0.7768 0.0857 0.0734 0.0218 
          12  1 0.0089 0.0073 0.0132 0.9610 0.0096 
          16  1 0.9698 0.0068 0.0055 0.0126 0.0053 
          18  1 0.0093 0.9720 0.0052 0.0085 0.0050 
          19  1 0.0198 0.8712 0.0545 0.0257 0.0288 
          21  1 0.9685 0.0062 0.0082 0.0105 0.0066 
          23  1 0.0249 0.0195 0.2271 0.6632 0.0654 
          24  1 0.0118 0.2127 0.0480 0.7169 0.0106 
          25  1 0.0254 0.0301 0.0332 0.8691 0.0422 
         26*  1 0.0803 0.0136 0.0046 0.8968 0.0047 
          28  1 0.0536 0.0066 0.0067 0.9267 0.0064 
          29  1 0.0051 0.0084 0.0056 0.9764 0.0045 
          30  1 0.1550 0.0223 0.0077 0.4356 0.3794 
          33  1 0.0059 0.9513 0.0265 0.0046 0.0117 
          37  1 0.0121 0.9615 0.0074 0.0134 0.0056 
          38  1 0.0092 0.9639 0.0047 0.0180 0.0042 
          43  1 0.0108 0.0082 0.0067 0.9691 0.0052 
          44  1 0.5127 0.0186 0.0228 0.3492 0.0966 
          48  1 0.0138 0.9694 0.0043 0.0066 0.0059 
          55  1 0.4364 0.0142 0.0174 0.4971 0.0349 
          59  1 0.9800 0.0057 0.0041 0.0050 0.0052 
          60  1 0.0246 0.1196 0.3888 0.0149 0.4521 
          61  1 0.0144 0.0085 0.9317 0.0066 0.0388 
          62  1 0.0146 0.0199 0.9248 0.0162 0.0245 
          65  1 0.0054 0.9509 0.0116 0.0099 0.0222 
          73  1 0.0065 0.0114 0.0065 0.0327 0.9430 
          75  1 0.0100 0.0236 0.9114 0.0075 0.0476 
          76  1 0.0051 0.0044 0.9783 0.0051 0.0071 
          77  1 0.0061 0.0071 0.9755 0.0052 0.0061 
          78  1 0.0072 0.0149 0.1631 0.0132 0.8016 
          79  1 0.0042 0.0094 0.9302 0.0054 0.0508 
          84  1 0.7058 0.0207 0.0483 0.1967 0.0284 
          85  1 0.0199 0.0183 0.0095 0.9373 0.0150 
          86  1 0.0102 0.0208 0.0152 0.9250 0.0289 
          89  1 0.5940 0.0621 0.1352 0.1759 0.0328 
          94  1 0.0130 0.0317 0.0069 0.9439 0.0045 
          95  1 0.9678 0.0094 0.0057 0.0087 0.0085 
          96  1 0.0078 0.0046 0.0061 0.9762 0.0054 
          98  1 0.0092 0.0092 0.1118 0.0093 0.8605 
         102  1 0.0378 0.9238 0.0173 0.0098 0.0113 
         105  1 0.0051 0.0085 0.0047 0.0048 0.9768 
         106  1 0.1632 0.0312 0.5910 0.0170 0.1977 
         108  1 0.0079 0.0513 0.0221 0.0100 0.9087 
         109  1 0.0092 0.0066 0.0113 0.0096 0.9633 
         112  1 0.0116 0.0296 0.7380 0.2043 0.0166 
         115  1 0.0146 0.9025 0.0132 0.0296 0.0401 
         116  1 0.0383 0.0321 0.0135 0.8894 0.0268 
         117  1 0.3856 0.0165 0.0335 0.5398 0.0246 
         129  1 0.0562 0.0071 0.0040 0.9273 0.0054 
         132  1 0.0321 0.5330 0.1232 0.0464 0.2654 
         133  1 0.0107 0.0089 0.1447 0.0063 0.8293 
         137  1 0.0156 0.0100 0.9459 0.0107 0.0178 
         139  1 0.0123 0.0298 0.9254 0.0150 0.0175 
         140  1 0.0108 0.0064 0.0118 0.0054 0.9656 
         142  1 0.0143 0.0064 0.9637 0.0056 0.0100 
         144  1 0.0061 0.0046 0.0053 0.0039 0.9800 
         145  1 0.0083 0.0079 0.9631 0.0056 0.0150 
         147  1 0.0047 0.0060 0.0092 0.0061 0.9740 
         160  1 0.0103 0.0138 0.0077 0.9624 0.0059 
        162*  1 0.0078 0.0045 0.0058 0.9767 0.0052 
         166  1 0.0256 0.0131 0.3010 0.0078 0.6525 
         177  1 0.0041 0.0049 0.9816 0.0051 0.0043 
         178  1 0.0096 0.0193 0.8668 0.0218 0.0825 
         186  1 0.9817 0.0045 0.0042 0.0053 0.0042 
         189  1 0.0136 0.0061 0.0097 0.9669 0.0037 
         190  1 0.0264 0.0142 0.0100 0.9396 0.0098 
         191  1 0.7313 0.0136 0.0372 0.1647 0.0532 
         193  1 0.0476 0.0135 0.9031 0.0145 0.0213 
         202  1 0.0086 0.0484 0.0168 0.9123 0.0139 
         204  1 0.0928 0.0044 0.0036 0.8949 0.0043 
         211  1 0.0120 0.0407 0.1797 0.0497 0.7180 
         216  1 0.0047 0.0065 0.0502 0.0058 0.9329 
         222  1 0.0077 0.0575 0.0214 0.0285 0.8849 
         224  1 0.0431 0.0163 0.0119 0.9144 0.0143 
         226  1 0.9766 0.0081 0.0053 0.0053 0.0047 
         229  1 0.0154 0.0383 0.0314 0.8738 0.0411 
         230  1 0.0254 0.0125 0.0223 0.9262 0.0136 
         232  1 0.0901 0.0210 0.1423 0.7115 0.0352 
         238  1 0.0093 0.7182 0.1916 0.0520 0.0288 
         242  1 0.0060 0.9779 0.0044 0.0051 0.0066 
         243  1 0.0327 0.8547 0.0357 0.0112 0.0656 
         244  1 0.0069 0.8195 0.1504 0.0120 0.0111 
         251  1 0.0105 0.8496 0.0426 0.0743 0.0229 
         266  1 0.0129 0.2026 0.7409 0.0142 0.0295 
         267  1 0.0240 0.0151 0.0120 0.0259 0.9231 
         268  1 0.0079 0.0111 0.1838 0.0085 0.7887 
         270  1 0.0525 0.0163 0.0085 0.9101 0.0127 
         276  1 0.6078 0.0213 0.1134 0.1705 0.0870 
         298  1 0.0113 0.0088 0.0612 0.0055 0.9131 
         306  1 0.0109 0.0376 0.6716 0.0076 0.2723 
         308  1 0.0074 0.0385 0.7018 0.0187 0.2336 
         311  1 0.0126 0.1931 0.0976 0.0309 0.6657 
         323  1 0.9779 0.0063 0.0045 0.0058 0.0054 
         327  1 0.0163 0.0131 0.0070 0.9528 0.0108 
         334  1 0.0040 0.9617 0.0090 0.0075 0.0179 
         338  1 0.0177 0.0157 0.0589 0.0142 0.8935 
         341  1 0.9687 0.0105 0.0090 0.0062 0.0056 
         346  1 0.0151 0.0089 0.9461 0.0117 0.0181 
         348  1 0.0074 0.0190 0.1539 0.0071 0.8127 
         351  1 0.0154 0.9357 0.0198 0.0125 0.0166 
         362  1 0.0413 0.0060 0.0048 0.9419 0.0060 
         364  1 0.0097 0.9553 0.0161 0.0065 0.0123 
         366  1 0.0158 0.9113 0.0147 0.0277 0.0305 
         376  1 0.9423 0.0064 0.0220 0.0219 0.0075 
         377  1 0.0136 0.0105 0.0177 0.9235 0.0347 
         378  1 0.0206 0.0069 0.0459 0.9069 0.0198 
         388  1 0.0083 0.0129 0.0140 0.0115 0.9533 
         391  1 0.6033 0.0262 0.1844 0.1136 0.0725 
         396  1 0.0743 0.0215 0.0647 0.7872 0.0524 
         400  1 0.0064 0.0506 0.0082 0.9269 0.0079 
         401  1 0.1982 0.2790 0.2237 0.2838 0.0153 
         406  1 0.0997 0.0383 0.1304 0.0130 0.7185 
         412  1 0.0297 0.0168 0.1664 0.0327 0.7545 
         413  1 0.0044 0.0262 0.9317 0.0158 0.0219 
         421  1 0.0313 0.0308 0.1781 0.7113 0.0485 
         423  1 0.0245 0.1091 0.0536 0.7463 0.0665 
         424  1 0.4123 0.0375 0.4324 0.0173 0.1004 
         426  1 0.0520 0.0236 0.0702 0.8100 0.0442 
         430  1 0.0566 0.0117 0.7900 0.0193 0.1224 
         435  1 0.0043 0.0042 0.9606 0.0065 0.0243 
         476  1 0.9002 0.0247 0.0228 0.0461 0.0063 
         478  1 0.7944 0.0232 0.0081 0.1621 0.0121 
         484  1 0.0115 0.0058 0.0279 0.0060 0.9487 
         489  1 0.0175 0.0211 0.0533 0.7542 0.1539 
         492  1 0.0056 0.9480 0.0188 0.0079 0.0197 
         493  1 0.0073 0.9619 0.0092 0.0148 0.0069 
         494  1 0.0123 0.9413 0.0084 0.0319 0.0061 
         500  1 0.0331 0.0066 0.0036 0.9527 0.0040 
         504  1 0.0083 0.0239 0.0102 0.0371 0.9206 
         506  1 0.0143 0.0055 0.0051 0.0341 0.9409 
