          1*  1 0.0156 0.7062 0.0068 0.0053 0.0111 0.0265 0.0296 0.1552 0.0293 0.0143 
           3  1 0.0075 0.0054 0.0056 0.0043 0.0059 0.0075 0.0058 0.0069 0.0044 0.9468 
           6  1 0.0156 0.0056 0.0104 0.0122 0.0214 0.0161 0.0134 0.0380 0.0063 0.8608 
           8  1 0.0161 0.0165 0.3565 0.0040 0.5367 0.0063 0.0365 0.0081 0.0122 0.0072 
          10  1 0.0035 0.0067 0.0061 0.0052 0.1885 0.0042 0.7643 0.0062 0.0078 0.0076 
          11  1 0.0096 0.3214 0.3064 0.0433 0.0211 0.0366 0.0192 0.1549 0.0368 0.0506 
          12  1 0.0053 0.0048 0.0061 0.0046 0.0114 0.0094 0.9374 0.0114 0.0041 0.0055 
          16  1 0.0053 0.0068 0.0102 0.0059 0.0166 0.0076 0.0100 0.0065 0.0050 0.9259 
          18  1 0.0061 0.9421 0.0112 0.0039 0.0064 0.0067 0.0061 0.0044 0.0043 0.0089 
          19  1 0.0216 0.6427 0.0440 0.0890 0.0341 0.0169 0.0108 0.1200 0.0066 0.0143 
          21  1 0.0061 0.0067 0.0105 0.0078 0.0282 0.0108 0.0097 0.0092 0.0060 0.9049 
          23  1 0.0140 0.0107 0.0106 0.0257 0.0325 0.1434 0.5723 0.1701 0.0092 0.0114 
          24  1 0.0090 0.0550 0.0199 0.0432 0.1599 0.0099 0.4217 0.0508 0.2111 0.0196 
          25  1 0.0083 0.0118 0.0642 0.0057 0.0139 0.0490 0.6272 0.1712 0.0144 0.0345 
         26*  1 0.0065 0.0136 0.0174 0.0049 0.5602 0.0057 0.1543 0.0136 0.0352 0.1887 
          28  1 0.0072 0.0072 0.2763 0.0057 0.0904 0.0080 0.3814 0.0152 0.0339 0.1747 
          29  1 0.0051 0.0121 0.0101 0.0060 0.1453 0.0056 0.7917 0.0061 0.0127 0.0054 
          30  1 0.3271 0.0164 0.0205 0.0078 0.3277 0.0100 0.1135 0.0352 0.0121 0.1297 
          33  1 0.0107 0.8779 0.0054 0.0538 0.0054 0.0061 0.0051 0.0238 0.0062 0.0056 
          37  1 0.0056 0.8866 0.0108 0.0088 0.0060 0.0094 0.0347 0.0101 0.0160 0.0120 
          38  1 0.0045 0.9180 0.0136 0.0048 0.0103 0.0049 0.0148 0.0076 0.0131 0.0085 
          43  1 0.0059 0.0075 0.0434 0.0069 0.0470 0.0057 0.8058 0.0141 0.0175 0.0461 
          44  1 0.0255 0.0083 0.6697 0.0048 0.0275 0.0176 0.0064 0.0077 0.0051 0.2273 
          48  1 0.0053 0.9432 0.0066 0.0039 0.0060 0.0064 0.0061 0.0047 0.0049 0.0129 
          55  1 0.0151 0.0121 0.4852 0.0095 0.0898 0.0160 0.0119 0.0539 0.0138 0.2928 
          59  1 0.0066 0.0070 0.0069 0.0040 0.0053 0.0053 0.0042 0.0062 0.0046 0.9499 
          60  1 0.0081 0.0111 0.0056 0.0102 0.0039 0.1406 0.0298 0.7769 0.0057 0.0081 
          61  1 0.0619 0.0105 0.0129 0.4593 0.0084 0.2190 0.0076 0.1883 0.0156 0.0166 
          62  1 0.0169 0.0259 0.0975 0.1429 0.0069 0.5613 0.0509 0.0625 0.0226 0.0126 
          65  1 0.0264 0.8523 0.0134 0.0152 0.0084 0.0094 0.0078 0.0421 0.0200 0.0050 
          73  1 0.7791 0.0069 0.0173 0.0049 0.0059 0.0169 0.1073 0.0395 0.0158 0.0064 
          75  1 0.0380 0.0106 0.0069 0.9066 0.0091 0.0048 0.0044 0.0059 0.0059 0.0079 
          76  1 0.0060 0.0048 0.0074 0.9258 0.0042 0.0192 0.0118 0.0113 0.0031 0.0064 
          77  1 0.0044 0.0069 0.0060 0.7747 0.0044 0.0227 0.0088 0.1546 0.0101 0.0074 
          78  1 0.5117 0.0155 0.0257 0.3369 0.0091 0.0329 0.0153 0.0360 0.0103 0.0066 
          79  1 0.0744 0.0135 0.0121 0.8145 0.0068 0.0416 0.0052 0.0136 0.0134 0.0049 
          84  1 0.0144 0.0112 0.0825 0.0139 0.0660 0.1035 0.0662 0.0326 0.0728 0.5369 
          85  1 0.0116 0.0096 0.8571 0.0060 0.0631 0.0096 0.0067 0.0119 0.0152 0.0093 
          86  1 0.0224 0.0190 0.5107 0.0140 0.2816 0.0168 0.0172 0.0645 0.0454 0.0083 
          89  1 0.0090 0.0197 0.0326 0.0200 0.0114 0.1550 0.1994 0.0525 0.0266 0.4738 
          94  1 0.0047 0.0269 0.0179 0.0057 0.0078 0.0092 0.9027 0.0074 0.0052 0.0127 
          95  1 0.0095 0.0120 0.0094 0.0053 0.0110 0.0076 0.0051 0.0141 0.0045 0.9215 
          96  1 0.0054 0.0043 0.0128 0.0066 0.9437 0.0075 0.0073 0.0043 0.0043 0.0039 
          98  1 0.1143 0.0062 0.0087 0.0189 0.0058 0.2490 0.0088 0.5094 0.0725 0.0063 
         102  1 0.0120 0.7344 0.0079 0.0120 0.0050 0.0234 0.0277 0.1218 0.0178 0.0381 
         105  1 0.9585 0.0067 0.0042 0.0036 0.0041 0.0048 0.0044 0.0045 0.0044 0.0048 
         106  1 0.0986 0.0243 0.1152 0.4837 0.0058 0.1266 0.0050 0.0552 0.0173 0.0683 
         108  1 0.8217 0.0556 0.0099 0.0286 0.0088 0.0099 0.0080 0.0408 0.0101 0.0066 
         109  1 0.6235 0.0117 0.0100 0.0469 0.0378 0.0756 0.0090 0.1610 0.0087 0.0159 
         112  1 0.0082 0.0270 0.4434 0.0915 0.0303 0.1878 0.0448 0.1426 0.0120 0.0125 
         115  1 0.0282 0.5957 0.0279 0.0239 0.0074 0.0195 0.0852 0.1669 0.0298 0.0154 
         116  1 0.0145 0.0215 0.7156 0.0066 0.1632 0.0221 0.0212 0.0141 0.0087 0.0125 
         117  1 0.0150 0.0152 0.0136 0.0203 0.2812 0.0312 0.2519 0.0587 0.0130 0.2999 
         129  1 0.0048 0.0080 0.0371 0.0041 0.7767 0.0056 0.0118 0.0068 0.0062 0.1388 
         132  1 0.0125 0.0417 0.0105 0.0113 0.0052 0.0997 0.1337 0.6139 0.0500 0.0216 
         133  1 0.1132 0.0061 0.0062 0.0307 0.0036 0.2450 0.0070 0.5117 0.0696 0.0068 
         137  1 0.0088 0.0115 0.0146 0.4511 0.0073 0.0778 0.0177 0.3853 0.0102 0.0157 
         139  1 0.0091 0.0100 0.0108 0.9120 0.0165 0.0069 0.0069 0.0092 0.0103 0.0082 
         140  1 0.7617 0.0104 0.0076 0.0314 0.0105 0.0569 0.0053 0.0944 0.0042 0.0177 
         142  1 0.0108 0.0086 0.0136 0.5132 0.0046 0.3827 0.0128 0.0260 0.0047 0.0231 
         144  1 0.9567 0.0043 0.0042 0.0046 0.0034 0.0059 0.0037 0.0072 0.0041 0.0058 
         145  1 0.0081 0.0053 0.0103 0.0803 0.0032 0.8541 0.0040 0.0075 0.0225 0.0048 
         147  1 0.8792 0.0069 0.0164 0.0504 0.0060 0.0117 0.0043 0.0079 0.0127 0.0046 
         160  1 0.0044 0.0080 0.0059 0.0049 0.0092 0.0053 0.9417 0.0060 0.0052 0.0094 
        162*  1 0.0053 0.0044 0.0128 0.0065 0.9420 0.0087 0.0074 0.0045 0.0044 0.0039 
         166  1 0.0160 0.0061 0.0079 0.0143 0.0058 0.1426 0.0053 0.7745 0.0098 0.0179 
         177  1 0.0035 0.0043 0.0043 0.9586 0.0052 0.0058 0.0044 0.0062 0.0035 0.0042 
         178  1 0.0354 0.0092 0.0131 0.7793 0.0113 0.0217 0.0404 0.0495 0.0312 0.0089 
         186  1 0.0038 0.0046 0.0050 0.0042 0.0052 0.0052 0.0060 0.0056 0.0033 0.9571 
         189  1 0.0034 0.0067 0.8996 0.0069 0.0433 0.0090 0.0157 0.0043 0.0044 0.0067 
         190  1 0.0111 0.0140 0.0594 0.0177 0.6462 0.0243 0.0920 0.0380 0.0460 0.0513 
         191  1 0.0192 0.0102 0.5151 0.0183 0.0144 0.0392 0.0179 0.0114 0.0053 0.3490 
         193  1 0.0109 0.0110 0.0288 0.0596 0.0065 0.8054 0.0127 0.0178 0.0185 0.0288 
         202  1 0.0085 0.0398 0.0195 0.0074 0.3785 0.0551 0.3343 0.1129 0.0369 0.0072 
         204  1 0.0040 0.0042 0.0111 0.0036 0.8954 0.0040 0.0066 0.0043 0.0034 0.0634 
         211  1 0.1423 0.0230 0.0091 0.0527 0.0215 0.1018 0.1627 0.4536 0.0223 0.0112 
         216  1 0.5829 0.0058 0.0085 0.0299 0.0042 0.0627 0.0142 0.2684 0.0186 0.0048 
         222  1 0.4083 0.0221 0.4840 0.0104 0.0040 0.0172 0.0053 0.0317 0.0112 0.0059 
         224  1 0.0069 0.0076 0.9236 0.0059 0.0107 0.0082 0.0151 0.0056 0.0046 0.0119 
         226  1 0.0040 0.0077 0.0049 0.0052 0.0087 0.0059 0.0045 0.0108 0.0038 0.9446 
         229  1 0.0274 0.0170 0.0287 0.0193 0.5690 0.0673 0.0625 0.0323 0.1680 0.0085 
         230  1 0.0168 0.0175 0.0562 0.0570 0.7792 0.0122 0.0197 0.0178 0.0063 0.0173 
         232  1 0.0170 0.0256 0.0988 0.0512 0.0683 0.1699 0.4281 0.0720 0.0085 0.0606 
         238  1 0.0223 0.5480 0.0310 0.1347 0.0632 0.0525 0.0084 0.1172 0.0160 0.0068 
         242  1 0.0097 0.9086 0.0115 0.0039 0.0043 0.0065 0.0041 0.0110 0.0342 0.0062 
         243  1 0.0223 0.6828 0.0108 0.0226 0.0063 0.0492 0.0097 0.1659 0.0073 0.0231 
         244  1 0.0085 0.5895 0.0095 0.2207 0.0109 0.0190 0.0108 0.1074 0.0181 0.0057 
         251  1 0.0156 0.5536 0.0362 0.0174 0.0272 0.1025 0.0733 0.1320 0.0341 0.0081 
         266  1 0.0123 0.1280 0.0079 0.4982 0.0299 0.0419 0.0088 0.2233 0.0392 0.0105 
         267  1 0.5796 0.0229 0.0100 0.0158 0.1110 0.0500 0.0094 0.1566 0.0113 0.0334 
         268  1 0.1831 0.0079 0.0058 0.3376 0.0045 0.0552 0.0439 0.2751 0.0797 0.0072 
         270  1 0.0127 0.0270 0.4536 0.0069 0.3482 0.0142 0.0353 0.0126 0.0144 0.0752 
         276  1 0.0438 0.0135 0.5157 0.0342 0.0153 0.0394 0.0402 0.0387 0.0073 0.2519 
         298  1 0.7213 0.0116 0.0096 0.1141 0.0050 0.0210 0.0126 0.0619 0.0268 0.0161 
         306  1 0.0127 0.0126 0.0138 0.0108 0.0038 0.4302 0.0056 0.4923 0.0115 0.0067 
         308  1 0.1995 0.0348 0.0245 0.3650 0.0073 0.2139 0.0785 0.0544 0.0155 0.0067 
         311  1 0.0990 0.1073 0.0295 0.0133 0.0303 0.4850 0.0143 0.1922 0.0207 0.0084 
         323  1 0.0060 0.0079 0.0059 0.0044 0.0082 0.0055 0.0043 0.0052 0.0048 0.9478 
         327  1 0.0108 0.0169 0.0814 0.0077 0.4269 0.0164 0.3411 0.0420 0.0366 0.0204 
         334  1 0.0064 0.0064 0.0045 0.0039 0.0038 0.0045 0.0049 0.0049 0.9572 0.0034 
         338  1 0.2541 0.0132 0.0321 0.0180 0.0140 0.4253 0.0257 0.1900 0.0123 0.0155 
         341  1 0.0047 0.0107 0.0074 0.0058 0.0068 0.0104 0.0057 0.0193 0.0062 0.9232 
         346  1 0.0060 0.0077 0.0066 0.3212 0.0094 0.0981 0.0368 0.4992 0.0059 0.0090 
         348  1 0.5241 0.0246 0.0252 0.2655 0.0066 0.1007 0.0074 0.0253 0.0131 0.0077 
         351  1 0.0085 0.2849 0.0168 0.0183 0.0062 0.0529 0.0393 0.3113 0.2364 0.0255 
         362  1 0.0061 0.0068 0.0070 0.0052 0.9129 0.0076 0.0193 0.0064 0.0040 0.0248 
         364  1 0.0085 0.8666 0.0073 0.0091 0.0048 0.0278 0.0104 0.0308 0.0250 0.0096 
         366  1 0.0221 0.8297 0.0091 0.0094 0.0521 0.0098 0.0105 0.0422 0.0045 0.0106 
         376  1 0.0063 0.0079 0.0193 0.0178 0.0137 0.0433 0.0252 0.0163 0.0064 0.8439 
         377  1 0.0152 0.0084 0.6449 0.0070 0.0133 0.0701 0.2080 0.0156 0.0063 0.0112 
         378  1 0.0078 0.0051 0.0074 0.0124 0.0070 0.0185 0.9106 0.0149 0.0054 0.0109 
         388  1 0.4986 0.0151 0.0188 0.0116 0.0122 0.1001 0.0233 0.2801 0.0305 0.0097 
         391  1 0.0200 0.0112 0.0114 0.0107 0.0064 0.1545 0.2163 0.1741 0.0045 0.3908 
         396  1 0.0197 0.0116 0.5200 0.0144 0.1417 0.1197 0.0226 0.0611 0.0393 0.0498 
         400  1 0.0058 0.0707 0.6224 0.0081 0.0278 0.0080 0.2144 0.0089 0.0273 0.0065 
         401  1 0.0077 0.1306 0.0087 0.1844 0.4054 0.1263 0.0103 0.0542 0.0245 0.0477 
         406  1 0.1108 0.0457 0.0142 0.0230 0.0108 0.3054 0.0141 0.3940 0.0084 0.0736 
         412  1 0.0604 0.0143 0.0178 0.0132 0.0167 0.5506 0.0236 0.2765 0.0088 0.0182 
         413  1 0.0132 0.0209 0.0295 0.0615 0.0079 0.6776 0.0047 0.0122 0.1689 0.0036 
         421  1 0.0110 0.0071 0.8880 0.0092 0.0118 0.0254 0.0087 0.0189 0.0093 0.0106 
         423  1 0.0123 0.0093 0.8942 0.0053 0.0217 0.0170 0.0092 0.0069 0.0066 0.0175 
         424  1 0.0187 0.0297 0.0124 0.0121 0.0093 0.5058 0.0225 0.2298 0.0117 0.1480 
         426  1 0.0127 0.0252 0.0259 0.0175 0.0363 0.0366 0.7467 0.0624 0.0122 0.0245 
         430  1 0.0218 0.0079 0.0218 0.0381 0.0115 0.4975 0.0173 0.3224 0.0268 0.0350 
         435  1 0.0373 0.0047 0.0177 0.4206 0.0037 0.4793 0.0127 0.0143 0.0055 0.0042 
         476  1 0.0066 0.0310 0.0288 0.0244 0.0932 0.0323 0.0153 0.0185 0.0077 0.7422 
         478  1 0.0076 0.0185 0.3386 0.0054 0.0127 0.0106 0.0143 0.0148 0.0093 0.5681 
         484  1 0.5516 0.0062 0.0067 0.0260 0.0072 0.0904 0.0096 0.2689 0.0189 0.0146 
         489  1 0.0424 0.0072 0.3894 0.0080 0.0051 0.1754 0.3185 0.0342 0.0103 0.0094 
         492  1 0.0044 0.0039 0.0037 0.0037 0.0033 0.0056 0.0037 0.0052 0.9625 0.0039 
         493  1 0.0055 0.9210 0.0076 0.0066 0.0176 0.0109 0.0096 0.0094 0.0043 0.0074 
         494  1 0.0060 0.8537 0.0329 0.0072 0.0079 0.0086 0.0270 0.0313 0.0126 0.0129 
         500  1 0.0036 0.0094 0.0654 0.0043 0.8823 0.0037 0.0072 0.0057 0.0027 0.0157 
         504  1 0.6391 0.0183 0.0183 0.0133 0.0469 0.0308 0.0396 0.1256 0.0581 0.0101 
         506  1 0.8092 0.0055 0.0064 0.0043 0.1377 0.0071 0.0080 0.0087 0.0035 0.0096 
