

----------------------------------------------------
STRUCTURE by Pritchard, Stephens and Donnelly (2000)
     and Falush, Stephens and Pritchard (2003)
       Code by Pritchard, Falush and Hubisz
             Version 2.3.4 (Jul 2012)
----------------------------------------------------



Command line arguments:   bin\structure -m C:\Users\drenske\Desktop\STRUCTURE\Squirrel_135_ID_16L_20250816\10k_Burnin_100k_MCMC\mainparams -e C:\Users\drenske\Desktop\STRUCTURE\Squirrel_135_ID_16L_20250816\10k_Burnin_100k_MCMC\extraparams 
Input File:    C:\Users\drenske\Desktop\STRUCTURE\Squirrel_135_ID_16L_20250816\project_data

Run parameters:
   135 individuals
   16 loci
   10 populations assumed
   10000 Burn-in period
   100000 Reps


--------------------------------------------
Proportion of membership of each pre-defined
 population in each of the 10 clusters

Given    Inferred Clusters                                                        Number of
 Pop       1      2      3      4      5      6      7      8      9     10      Individuals

  1:     0.038  0.086  0.103  0.123  0.114  0.106  0.124  0.106  0.095  0.105      135
--------------------------------------------

Allele-freq. divergence among pops (Net nucleotide distance),
computed using point estimates of P.

      1       2       3       4       5       6       7       8       9      10      
 1      -    0.1474  0.1241  0.1196  0.2013  0.1250  0.2042  0.1628  0.1671  0.1887  
 2   0.1474     -    0.0502  0.0886  0.1397  0.0779  0.1190  0.1088  0.0799  0.1035  
 3   0.1241  0.0502     -    0.0404  0.0691  0.0570  0.0742  0.0821  0.0706  0.0732  
 4   0.1196  0.0886  0.0404     -    0.0937  0.0739  0.0654  0.0986  0.0854  0.0943  
 5   0.2013  0.1397  0.0691  0.0937     -    0.1291  0.1118  0.1624  0.1358  0.0926  
 6   0.1250  0.0779  0.0570  0.0739  0.1291     -    0.0896  0.0943  0.0787  0.0872  
 7   0.2042  0.1190  0.0742  0.0654  0.1118  0.0896     -    0.1400  0.1243  0.1120  
 8   0.1628  0.1088  0.0821  0.0986  0.1624  0.0943  0.1400     -    0.1362  0.1647  
 9   0.1671  0.0799  0.0706  0.0854  0.1358  0.0787  0.1243  0.1362     -    0.1103  
10   0.1887  0.1035  0.0732  0.0943  0.0926  0.0872  0.1120  0.1647  0.1103     -    

Average distances (expected heterozygosity) between individuals in same cluster:
cluster  1  : 0.4964 
cluster  2  : 0.4939 
cluster  3  : 0.6063 
cluster  4  : 0.6278 
cluster  5  : 0.4665 
cluster  6  : 0.5412 
cluster  7  : 0.4569 
cluster  8  : 0.5069 
cluster  9  : 0.5827 
cluster 10  : 0.4515 

--------------------------------------------
Estimated Ln Prob of Data   = -5081.0
Mean value of ln likelihood = -4389.2
Variance of ln likelihood   = 1383.7
Mean value of alpha         = 0.0468

Mean value of lambda        = 0.9796

Mean value of Fst_1         = 0.4240
Mean value of Fst_2         = 0.3058
Mean value of Fst_3         = 0.1398
Mean value of Fst_4         = 0.0860
Mean value of Fst_5         = 0.3045
Mean value of Fst_6         = 0.2454
Mean value of Fst_7         = 0.3141
Mean value of Fst_8         = 0.2910
Mean value of Fst_9         = 0.2102
Mean value of Fst_10         = 0.3025


Inferred ancestry of individuals:
        Label (%Miss) Pop:  Inferred clusters (and 90% probability intervals)
  1       1*    (0)    1 :  0.045 0.008 0.028 0.661 0.009 0.188 0.014 0.014 0.005 0.027     (0.000,0.291) (0.000,0.049) (0.000,0.117) (0.001,0.997) (0.000,0.051) (0.000,0.606) (0.000,0.090) (0.000,0.086) (0.000,0.027) (0.000,0.199) 
  2        3    (0)    1 :  0.005 0.007 0.006 0.005 0.006 0.006 0.948 0.007 0.004 0.005     (0.000,0.027) (0.000,0.043) (0.000,0.032) (0.000,0.029) (0.000,0.033) (0.000,0.034) (0.794,1.000) (0.000,0.042) (0.000,0.023) (0.000,0.027) 
  3        6    (0)    1 :  0.006 0.012 0.011 0.006 0.021 0.039 0.865 0.016 0.012 0.013     (0.000,0.034) (0.000,0.075) (0.000,0.063) (0.000,0.031) (0.000,0.146) (0.000,0.279) (0.530,1.000) (0.000,0.107) (0.000,0.074) (0.000,0.075) 
  4        8    (0)    1 :  0.014 0.038 0.258 0.016 0.603 0.005 0.007 0.019 0.004 0.034     (0.000,0.097) (0.000,0.317) (0.000,0.699) (0.000,0.111) (0.140,0.991) (0.000,0.030) (0.000,0.039) (0.000,0.139) (0.000,0.019) (0.000,0.235) 
  5       10    (0)    1 :  0.008 0.004 0.007 0.007 0.175 0.006 0.008 0.003 0.005 0.778     (0.000,0.047) (0.000,0.024) (0.000,0.040) (0.000,0.038) (0.000,0.581) (0.000,0.030) (0.000,0.044) (0.000,0.018) (0.000,0.028) (0.372,1.000) 
  6       11    (0)    1 :  0.057 0.039 0.424 0.289 0.020 0.055 0.045 0.010 0.042 0.018     (0.000,0.403) (0.000,0.274) (0.000,0.996) (0.000,0.976) (0.000,0.139) (0.000,0.362) (0.000,0.321) (0.000,0.056) (0.000,0.305) (0.000,0.123) 
  7       12    (0)    1 :  0.004 0.007 0.006 0.004 0.010 0.009 0.005 0.005 0.005 0.945     (0.000,0.023) (0.000,0.044) (0.000,0.030) (0.000,0.023) (0.000,0.064) (0.000,0.052) (0.000,0.028) (0.000,0.027) (0.000,0.025) (0.777,1.000) 
  8       16    (6)    1 :  0.005 0.008 0.010 0.007 0.015 0.006 0.928 0.005 0.005 0.010     (0.000,0.031) (0.000,0.050) (0.000,0.057) (0.000,0.038) (0.000,0.099) (0.000,0.037) (0.720,1.000) (0.000,0.030) (0.000,0.031) (0.000,0.060) 
  9       18    (0)    1 :  0.005 0.008 0.010 0.942 0.007 0.004 0.009 0.006 0.004 0.006     (0.000,0.025) (0.000,0.045) (0.000,0.058) (0.768,1.000) (0.000,0.038) (0.000,0.023) (0.000,0.050) (0.000,0.036) (0.000,0.022) (0.000,0.036) 
 10       19    (0)    1 :  0.029 0.017 0.216 0.566 0.032 0.011 0.014 0.019 0.084 0.012     (0.000,0.084) (0.000,0.104) (0.000,0.990) (0.000,0.999) (0.000,0.229) (0.000,0.064) (0.000,0.089) (0.000,0.121) (0.000,0.497) (0.000,0.070) 
 11       21    (6)    1 :  0.007 0.011 0.011 0.007 0.028 0.008 0.906 0.006 0.007 0.010     (0.000,0.039) (0.000,0.070) (0.000,0.062) (0.000,0.037) (0.000,0.189) (0.000,0.045) (0.661,1.000) (0.000,0.033) (0.000,0.043) (0.000,0.058) 
 12       23    (6)    1 :  0.011 0.108 0.019 0.011 0.030 0.145 0.011 0.013 0.025 0.627     (0.000,0.062) (0.000,0.497) (0.000,0.109) (0.000,0.066) (0.000,0.214) (0.000,0.713) (0.000,0.070) (0.000,0.075) (0.000,0.179) (0.005,0.995) 
 13       24    (6)    1 :  0.212 0.008 0.080 0.054 0.148 0.024 0.018 0.009 0.040 0.406     (0.000,0.661) (0.000,0.046) (0.000,0.653) (0.000,0.373) (0.000,0.568) (0.000,0.162) (0.000,0.132) (0.000,0.054) (0.000,0.246) (0.000,0.919) 
 14       25    (6)    1 :  0.014 0.033 0.069 0.013 0.024 0.146 0.040 0.007 0.006 0.648     (0.000,0.084) (0.000,0.216) (0.000,0.385) (0.000,0.082) (0.000,0.170) (0.000,0.609) (0.000,0.262) (0.000,0.040) (0.000,0.036) (0.156,0.993) 
 15      26*    (0)    1 :  0.036 0.006 0.024 0.014 0.573 0.015 0.167 0.005 0.005 0.154     (0.000,0.218) (0.000,0.032) (0.000,0.157) (0.000,0.097) (0.000,0.986) (0.000,0.104) (0.000,0.595) (0.000,0.028) (0.000,0.026) (0.000,0.577) 
 16       28    (0)    1 :  0.030 0.032 0.245 0.008 0.198 0.014 0.152 0.006 0.006 0.309     (0.000,0.220) (0.000,0.156) (0.000,0.979) (0.000,0.042) (0.000,0.967) (0.000,0.089) (0.000,0.655) (0.000,0.035) (0.000,0.034) (0.000,0.987) 
 17       29    (0)    1 :  0.013 0.006 0.012 0.012 0.118 0.006 0.005 0.005 0.005 0.817     (0.000,0.088) (0.000,0.033) (0.000,0.070) (0.000,0.082) (0.000,0.563) (0.000,0.032) (0.000,0.030) (0.000,0.025) (0.000,0.028) (0.373,1.000) 
 18       30    (0)    1 :  0.014 0.008 0.036 0.017 0.349 0.031 0.119 0.308 0.008 0.110     (0.000,0.082) (0.000,0.044) (0.000,0.227) (0.000,0.104) (0.000,0.779) (0.000,0.229) (0.000,0.604) (0.000,0.632) (0.000,0.044) (0.000,0.640) 
 19       33    (0)    1 :  0.029 0.005 0.031 0.834 0.005 0.017 0.005 0.011 0.056 0.005     (0.000,0.074) (0.000,0.030) (0.000,0.120) (0.302,1.000) (0.000,0.030) (0.000,0.119) (0.000,0.030) (0.000,0.075) (0.000,0.334) (0.000,0.030) 
 20       37    (0)    1 :  0.018 0.009 0.011 0.885 0.006 0.010 0.011 0.005 0.009 0.036     (0.000,0.120) (0.000,0.056) (0.000,0.064) (0.587,1.000) (0.000,0.034) (0.000,0.059) (0.000,0.068) (0.000,0.029) (0.000,0.057) (0.000,0.256) 
 21       38    (0)    1 :  0.020 0.006 0.016 0.909 0.011 0.004 0.009 0.004 0.005 0.016     (0.000,0.114) (0.000,0.032) (0.000,0.097) (0.655,1.000) (0.000,0.070) (0.000,0.024) (0.000,0.057) (0.000,0.024) (0.000,0.027) (0.000,0.109) 
 22       43    (0)    1 :  0.015 0.010 0.050 0.008 0.067 0.014 0.038 0.006 0.007 0.785     (0.000,0.108) (0.000,0.049) (0.000,0.334) (0.000,0.049) (0.000,0.394) (0.000,0.097) (0.000,0.254) (0.000,0.033) (0.000,0.043) (0.412,0.999) 
 23       44    (0)    1 :  0.006 0.078 0.484 0.008 0.109 0.006 0.256 0.042 0.005 0.007     (0.000,0.029) (0.000,0.599) (0.000,0.998) (0.000,0.045) (0.000,0.620) (0.000,0.036) (0.000,0.663) (0.000,0.305) (0.000,0.027) (0.000,0.039) 
 24       48    (0)    1 :  0.005 0.006 0.007 0.944 0.006 0.005 0.012 0.006 0.004 0.006     (0.000,0.028) (0.000,0.038) (0.000,0.036) (0.775,1.000) (0.000,0.030) (0.000,0.025) (0.000,0.074) (0.000,0.033) (0.000,0.020) (0.000,0.034) 
 25       55    (0)    1 :  0.017 0.048 0.383 0.011 0.204 0.048 0.254 0.015 0.010 0.011     (0.000,0.116) (0.000,0.396) (0.000,0.936) (0.000,0.067) (0.000,0.933) (0.000,0.313) (0.000,0.759) (0.000,0.107) (0.000,0.058) (0.000,0.065) 
 26       59    (0)    1 :  0.005 0.005 0.006 0.006 0.005 0.006 0.952 0.006 0.004 0.004     (0.000,0.028) (0.000,0.026) (0.000,0.033) (0.000,0.035) (0.000,0.030) (0.000,0.037) (0.810,1.000) (0.000,0.035) (0.000,0.022) (0.000,0.022) 
 27       60    (0)    1 :  0.007 0.009 0.007 0.011 0.004 0.907 0.009 0.006 0.010 0.031     (0.000,0.033) (0.000,0.053) (0.000,0.036) (0.000,0.065) (0.000,0.023) (0.643,1.000) (0.000,0.052) (0.000,0.034) (0.000,0.056) (0.000,0.220) 
 28       61    (0)    1 :  0.016 0.157 0.017 0.010 0.009 0.236 0.018 0.058 0.471 0.008     (0.000,0.104) (0.000,0.786) (0.000,0.102) (0.000,0.060) (0.000,0.053) (0.000,0.842) (0.000,0.124) (0.000,0.359) (0.000,0.980) (0.000,0.043) 
 29       62    (0)    1 :  0.025 0.593 0.087 0.025 0.007 0.069 0.015 0.018 0.102 0.060     (0.000,0.147) (0.000,0.999) (0.000,0.566) (0.000,0.174) (0.000,0.041) (0.000,0.481) (0.000,0.096) (0.000,0.118) (0.000,0.626) (0.000,0.400) 
 30       65    (0)    1 :  0.033 0.008 0.044 0.832 0.009 0.020 0.005 0.026 0.016 0.008     (0.000,0.181) (0.000,0.042) (0.000,0.286) (0.344,1.000) (0.000,0.057) (0.000,0.144) (0.000,0.029) (0.000,0.178) (0.000,0.105) (0.000,0.047) 
 31       73    (0)    1 :  0.014 0.017 0.017 0.007 0.007 0.046 0.006 0.761 0.005 0.120     (0.000,0.096) (0.000,0.117) (0.000,0.116) (0.000,0.041) (0.000,0.041) (0.000,0.340) (0.000,0.033) (0.398,0.999) (0.000,0.026) (0.000,0.450) 
 32       75    (0)    1 :  0.007 0.005 0.010 0.011 0.009 0.005 0.008 0.034 0.907 0.004     (0.000,0.040) (0.000,0.030) (0.000,0.057) (0.000,0.067) (0.000,0.056) (0.000,0.026) (0.000,0.051) (0.000,0.230) (0.655,1.000) (0.000,0.025) 
 33       76    (0)    1 :  0.003 0.018 0.008 0.005 0.004 0.011 0.007 0.006 0.926 0.012     (0.000,0.018) (0.000,0.104) (0.000,0.046) (0.000,0.025) (0.000,0.025) (0.000,0.066) (0.000,0.040) (0.000,0.030) (0.707,1.000) (0.000,0.077) 
 34       77    (0)    1 :  0.011 0.013 0.007 0.008 0.004 0.159 0.007 0.004 0.776 0.010     (0.000,0.068) (0.000,0.075) (0.000,0.039) (0.000,0.044) (0.000,0.023) (0.000,0.964) (0.000,0.041) (0.000,0.024) (0.000,1.000) (0.000,0.061) 
 35       78    (0)    1 :  0.010 0.034 0.033 0.016 0.009 0.035 0.007 0.492 0.348 0.015     (0.000,0.063) (0.000,0.255) (0.000,0.232) (0.000,0.104) (0.000,0.056) (0.000,0.258) (0.000,0.040) (0.000,0.971) (0.000,0.890) (0.000,0.106) 
 36       79    (0)    1 :  0.013 0.042 0.028 0.014 0.007 0.009 0.005 0.071 0.807 0.005     (0.000,0.086) (0.000,0.267) (0.000,0.176) (0.000,0.096) (0.000,0.043) (0.000,0.053) (0.000,0.028) (0.000,0.385) (0.365,1.000) (0.000,0.026) 
 37       84    (0)    1 :  0.071 0.104 0.069 0.010 0.072 0.032 0.548 0.014 0.013 0.066     (0.000,0.344) (0.000,0.487) (0.000,0.462) (0.000,0.054) (0.000,0.348) (0.000,0.234) (0.065,0.902) (0.000,0.091) (0.000,0.073) (0.000,0.415) 
 38       85    (0)    1 :  0.020 0.077 0.624 0.011 0.224 0.009 0.010 0.012 0.006 0.007     (0.000,0.122) (0.000,0.871) (0.000,1.000) (0.000,0.060) (0.000,0.995) (0.000,0.050) (0.000,0.059) (0.000,0.077) (0.000,0.033) (0.000,0.041) 
 39       86    (0)    1 :  0.054 0.043 0.441 0.020 0.370 0.014 0.008 0.021 0.014 0.016     (0.000,0.325) (0.000,0.303) (0.000,0.988) (0.000,0.138) (0.000,0.985) (0.000,0.088) (0.000,0.045) (0.000,0.158) (0.000,0.087) (0.000,0.111) 
 40       89    (0)    1 :  0.027 0.157 0.038 0.023 0.012 0.039 0.464 0.009 0.018 0.213     (0.000,0.178) (0.000,0.605) (0.000,0.258) (0.000,0.156) (0.000,0.067) (0.000,0.286) (0.000,0.845) (0.000,0.052) (0.000,0.117) (0.000,0.664) 
 41       94    (0)    1 :  0.006 0.010 0.017 0.028 0.009 0.007 0.013 0.004 0.006 0.901     (0.000,0.032) (0.000,0.061) (0.000,0.111) (0.000,0.202) (0.000,0.052) (0.000,0.040) (0.000,0.086) (0.000,0.025) (0.000,0.030) (0.628,1.000) 
 42       95    (0)    1 :  0.004 0.006 0.009 0.012 0.012 0.014 0.925 0.008 0.005 0.005     (0.000,0.024) (0.000,0.032) (0.000,0.052) (0.000,0.074) (0.000,0.075) (0.000,0.094) (0.707,1.000) (0.000,0.050) (0.000,0.027) (0.000,0.030) 
 43       96    (0)    1 :  0.005 0.009 0.011 0.005 0.945 0.004 0.004 0.005 0.006 0.007     (0.000,0.025) (0.000,0.055) (0.000,0.063) (0.000,0.025) (0.778,1.000) (0.000,0.025) (0.000,0.021) (0.000,0.027) (0.000,0.036) (0.000,0.042) 
 44       98    (0)    1 :  0.049 0.137 0.010 0.006 0.006 0.666 0.006 0.088 0.024 0.009     (0.000,0.288) (0.000,0.964) (0.000,0.051) (0.000,0.034) (0.000,0.035) (0.000,1.000) (0.000,0.030) (0.000,0.781) (0.000,0.141) (0.000,0.050) 
 45      102    (0)    1 :  0.030 0.021 0.156 0.686 0.005 0.019 0.036 0.011 0.011 0.025     (0.000,0.181) (0.000,0.148) (0.000,0.974) (0.000,0.999) (0.000,0.027) (0.000,0.136) (0.000,0.255) (0.000,0.069) (0.000,0.073) (0.000,0.179) 
 46      105    (0)    1 :  0.005 0.005 0.004 0.007 0.004 0.004 0.005 0.959 0.004 0.004     (0.000,0.026) (0.000,0.028) (0.000,0.022) (0.000,0.041) (0.000,0.022) (0.000,0.024) (0.000,0.026) (0.833,1.000) (0.000,0.019) (0.000,0.024) 
 47      106    (0)    1 :  0.024 0.123 0.154 0.026 0.009 0.021 0.073 0.115 0.452 0.005     (0.000,0.156) (0.000,0.575) (0.000,0.795) (0.000,0.177) (0.000,0.049) (0.000,0.138) (0.000,0.375) (0.000,0.535) (0.000,0.928) (0.000,0.030) 
 48      108    (0)    1 :  0.014 0.007 0.017 0.053 0.008 0.037 0.007 0.819 0.028 0.008     (0.000,0.091) (0.000,0.040) (0.000,0.117) (0.000,0.329) (0.000,0.049) (0.000,0.228) (0.000,0.041) (0.501,1.000) (0.000,0.203) (0.000,0.047) 
 49      109    (0)    1 :  0.007 0.029 0.027 0.011 0.034 0.250 0.015 0.577 0.042 0.007     (0.000,0.042) (0.000,0.207) (0.000,0.164) (0.000,0.059) (0.000,0.225) (0.000,0.928) (0.000,0.105) (0.000,0.999) (0.000,0.286) (0.000,0.041) 
 50      112    (0)    1 :  0.020 0.260 0.350 0.027 0.049 0.141 0.012 0.008 0.080 0.052     (0.000,0.091) (0.000,0.893) (0.000,0.977) (0.000,0.189) (0.000,0.339) (0.000,0.635) (0.000,0.074) (0.000,0.047) (0.000,0.525) (0.000,0.376) 
 51      115    (0)    1 :  0.052 0.010 0.194 0.537 0.007 0.066 0.017 0.023 0.021 0.073     (0.000,0.354) (0.000,0.050) (0.000,0.985) (0.000,0.998) (0.000,0.037) (0.000,0.439) (0.000,0.114) (0.000,0.159) (0.000,0.134) (0.000,0.407) 
 52      116    (0)    1 :  0.008 0.096 0.527 0.020 0.291 0.005 0.011 0.015 0.006 0.020     (0.000,0.050) (0.000,0.761) (0.000,0.999) (0.000,0.133) (0.000,0.987) (0.000,0.030) (0.000,0.067) (0.000,0.103) (0.000,0.033) (0.000,0.137) 
 53      117    (0)    1 :  0.011 0.024 0.017 0.015 0.272 0.063 0.310 0.015 0.022 0.250     (0.000,0.064) (0.000,0.178) (0.000,0.096) (0.000,0.093) (0.000,0.749) (0.000,0.433) (0.000,0.862) (0.000,0.096) (0.000,0.159) (0.000,0.971) 
 54      129    (0)    1 :  0.006 0.008 0.039 0.008 0.802 0.006 0.112 0.005 0.004 0.009     (0.000,0.037) (0.000,0.038) (0.000,0.266) (0.000,0.049) (0.443,1.000) (0.000,0.035) (0.000,0.453) (0.000,0.026) (0.000,0.023) (0.000,0.052) 
 55      132    (0)    1 :  0.056 0.012 0.025 0.043 0.005 0.684 0.021 0.011 0.010 0.132     (0.000,0.347) (0.000,0.073) (0.000,0.139) (0.000,0.306) (0.000,0.028) (0.018,0.999) (0.000,0.155) (0.000,0.056) (0.000,0.064) (0.000,0.563) 
 56      133    (0)    1 :  0.044 0.135 0.008 0.006 0.004 0.675 0.007 0.082 0.033 0.007     (0.000,0.235) (0.000,0.970) (0.000,0.042) (0.000,0.032) (0.000,0.021) (0.000,1.000) (0.000,0.036) (0.000,0.716) (0.000,0.225) (0.000,0.036) 
 57      137    (6)    1 :  0.010 0.029 0.018 0.011 0.009 0.432 0.015 0.009 0.450 0.018     (0.000,0.053) (0.000,0.194) (0.000,0.109) (0.000,0.063) (0.000,0.051) (0.000,0.993) (0.000,0.093) (0.000,0.050) (0.000,0.994) (0.000,0.117) 
 58      139    (0)    1 :  0.011 0.007 0.013 0.011 0.016 0.006 0.008 0.008 0.912 0.008     (0.000,0.067) (0.000,0.040) (0.000,0.082) (0.000,0.069) (0.000,0.113) (0.000,0.033) (0.000,0.047) (0.000,0.045) (0.671,1.000) (0.000,0.048) 
 59      140    (0)    1 :  0.005 0.037 0.011 0.011 0.010 0.125 0.022 0.744 0.031 0.005     (0.000,0.025) (0.000,0.267) (0.000,0.055) (0.000,0.064) (0.000,0.059) (0.000,0.610) (0.000,0.157) (0.291,1.000) (0.000,0.214) (0.000,0.031) 
 60      142    (0)    1 :  0.005 0.383 0.013 0.009 0.005 0.037 0.027 0.011 0.496 0.013     (0.000,0.025) (0.000,0.950) (0.000,0.079) (0.000,0.051) (0.000,0.026) (0.000,0.255) (0.000,0.200) (0.000,0.069) (0.000,0.983) (0.000,0.083) 
 61      144    (0)    1 :  0.004 0.006 0.004 0.004 0.003 0.007 0.006 0.957 0.005 0.004     (0.000,0.025) (0.000,0.032) (0.000,0.024) (0.000,0.023) (0.000,0.018) (0.000,0.041) (0.000,0.037) (0.825,1.000) (0.000,0.026) (0.000,0.021) 
 62      145    (0)    1 :  0.030 0.877 0.006 0.005 0.003 0.035 0.005 0.008 0.027 0.004     (0.000,0.070) (0.000,1.000) (0.000,0.031) (0.000,0.030) (0.000,0.018) (0.000,0.102) (0.000,0.025) (0.000,0.043) (0.000,0.099) (0.000,0.021) 
 63      147    (0)    1 :  0.014 0.011 0.016 0.007 0.007 0.008 0.004 0.886 0.043 0.004     (0.000,0.093) (0.000,0.071) (0.000,0.109) (0.000,0.042) (0.000,0.038) (0.000,0.049) (0.000,0.024) (0.569,1.000) (0.000,0.297) (0.000,0.025) 
 64      160    (0)    1 :  0.005 0.005 0.006 0.009 0.009 0.006 0.010 0.004 0.005 0.941     (0.000,0.027) (0.000,0.027) (0.000,0.034) (0.000,0.050) (0.000,0.052) (0.000,0.034) (0.000,0.057) (0.000,0.025) (0.000,0.030) (0.764,1.000) 
 65     162*    (0)    1 :  0.004 0.009 0.011 0.005 0.943 0.004 0.004 0.005 0.006 0.008     (0.000,0.023) (0.000,0.057) (0.000,0.063) (0.000,0.026) (0.767,1.000) (0.000,0.024) (0.000,0.021) (0.000,0.029) (0.000,0.037) (0.000,0.044) 
 66      166    (0)    1 :  0.009 0.009 0.008 0.006 0.007 0.910 0.015 0.015 0.016 0.005     (0.000,0.050) (0.000,0.047) (0.000,0.044) (0.000,0.031) (0.000,0.038) (0.649,1.000) (0.000,0.098) (0.000,0.093) (0.000,0.097) (0.000,0.029) 
 67      177    (0)    1 :  0.003 0.005 0.004 0.004 0.005 0.005 0.004 0.003 0.961 0.004     (0.000,0.019) (0.000,0.029) (0.000,0.024) (0.000,0.021) (0.000,0.029) (0.000,0.029) (0.000,0.021) (0.000,0.018) (0.844,1.000) (0.000,0.024) 
 68      178    (0)    1 :  0.031 0.019 0.019 0.010 0.011 0.047 0.008 0.032 0.786 0.036     (0.000,0.211) (0.000,0.116) (0.000,0.120) (0.000,0.057) (0.000,0.073) (0.000,0.328) (0.000,0.051) (0.000,0.234) (0.387,1.000) (0.000,0.261) 
 69      186    (0)    1 :  0.003 0.005 0.005 0.005 0.005 0.006 0.957 0.004 0.004 0.006     (0.000,0.018) (0.000,0.029) (0.000,0.029) (0.000,0.025) (0.000,0.028) (0.000,0.030) (0.828,1.000) (0.000,0.021) (0.000,0.023) (0.000,0.032) 
 70      189    (0)    1 :  0.005 0.088 0.646 0.007 0.215 0.004 0.007 0.003 0.008 0.017     (0.000,0.031) (0.000,0.926) (0.000,1.000) (0.000,0.038) (0.000,0.995) (0.000,0.022) (0.000,0.038) (0.000,0.018) (0.000,0.044) (0.000,0.114) 
 71      190    (0)    1 :  0.046 0.021 0.054 0.016 0.683 0.037 0.045 0.009 0.018 0.071     (0.000,0.292) (0.000,0.148) (0.000,0.383) (0.000,0.107) (0.215,0.995) (0.000,0.260) (0.000,0.311) (0.000,0.053) (0.000,0.122) (0.000,0.468) 
 72      191    (0)    1 :  0.006 0.105 0.401 0.009 0.048 0.010 0.362 0.027 0.015 0.017     (0.000,0.032) (0.000,0.589) (0.000,0.989) (0.000,0.051) (0.000,0.383) (0.000,0.062) (0.000,0.852) (0.000,0.195) (0.000,0.105) (0.000,0.117) 
 73      193    (0)    1 :  0.023 0.821 0.017 0.011 0.007 0.043 0.031 0.010 0.025 0.013     (0.000,0.078) (0.000,1.000) (0.000,0.111) (0.000,0.067) (0.000,0.039) (0.000,0.216) (0.000,0.223) (0.000,0.060) (0.000,0.109) (0.000,0.081) 
 74      202    (0)    1 :  0.046 0.045 0.110 0.039 0.340 0.031 0.008 0.008 0.008 0.365     (0.000,0.271) (0.000,0.292) (0.000,0.754) (0.000,0.269) (0.000,0.756) (0.000,0.223) (0.000,0.045) (0.000,0.045) (0.000,0.049) (0.000,0.797) 
 75      204    (0)    1 :  0.003 0.005 0.009 0.004 0.908 0.004 0.053 0.004 0.003 0.007     (0.000,0.019) (0.000,0.025) (0.000,0.053) (0.000,0.021) (0.614,1.000) (0.000,0.022) (0.000,0.333) (0.000,0.023) (0.000,0.018) (0.000,0.040) 
 76      211    (0)    1 :  0.032 0.027 0.034 0.021 0.021 0.506 0.011 0.123 0.048 0.176     (0.000,0.193) (0.000,0.189) (0.000,0.191) (0.000,0.143) (0.000,0.151) (0.000,0.979) (0.000,0.071) (0.000,0.684) (0.000,0.283) (0.000,0.667) 
 77      216    (0)    1 :  0.022 0.012 0.011 0.006 0.004 0.355 0.005 0.542 0.029 0.014     (0.000,0.141) (0.000,0.071) (0.000,0.061) (0.000,0.030) (0.000,0.025) (0.000,0.843) (0.000,0.027) (0.026,0.995) (0.000,0.188) (0.000,0.090) 
 78      222    (0)    1 :  0.017 0.099 0.356 0.030 0.005 0.030 0.006 0.439 0.010 0.008     (0.000,0.102) (0.000,0.661) (0.000,0.867) (0.000,0.221) (0.000,0.027) (0.000,0.223) (0.000,0.040) (0.000,0.971) (0.000,0.055) (0.000,0.037) 
 79      224    (0)    1 :  0.005 0.106 0.664 0.010 0.166 0.005 0.013 0.008 0.006 0.017     (0.000,0.030) (0.000,0.959) (0.000,1.000) (0.000,0.054) (0.000,0.985) (0.000,0.029) (0.000,0.082) (0.000,0.049) (0.000,0.035) (0.000,0.113) 
 80      226    (0)    1 :  0.004 0.005 0.007 0.009 0.008 0.009 0.945 0.004 0.005 0.004     (0.000,0.021) (0.000,0.026) (0.000,0.036) (0.000,0.055) (0.000,0.052) (0.000,0.059) (0.778,1.000) (0.000,0.021) (0.000,0.028) (0.000,0.025) 
 81      229    (0)    1 :  0.158 0.062 0.050 0.017 0.567 0.029 0.008 0.028 0.018 0.064     (0.000,0.527) (0.000,0.345) (0.000,0.360) (0.000,0.110) (0.002,0.911) (0.000,0.214) (0.000,0.046) (0.000,0.213) (0.000,0.126) (0.000,0.471) 
 82      230    (0)    1 :  0.007 0.013 0.061 0.021 0.780 0.012 0.016 0.015 0.052 0.022     (0.000,0.039) (0.000,0.081) (0.000,0.391) (0.000,0.147) (0.389,0.999) (0.000,0.081) (0.000,0.110) (0.000,0.103) (0.000,0.302) (0.000,0.154) 
 83      232    (0)    1 :  0.011 0.162 0.121 0.022 0.060 0.062 0.060 0.017 0.043 0.443     (0.000,0.052) (0.000,0.642) (0.000,0.725) (0.000,0.149) (0.000,0.394) (0.000,0.390) (0.000,0.351) (0.000,0.122) (0.000,0.299) (0.000,0.882) 
 84      238    (0)    1 :  0.023 0.043 0.206 0.480 0.062 0.026 0.006 0.020 0.124 0.009     (0.000,0.124) (0.000,0.300) (0.000,0.989) (0.000,0.987) (0.000,0.352) (0.000,0.189) (0.000,0.036) (0.000,0.141) (0.000,0.526) (0.000,0.052) 
 85      242    (0)    1 :  0.057 0.006 0.021 0.879 0.004 0.010 0.006 0.009 0.004 0.004     (0.000,0.330) (0.000,0.034) (0.000,0.099) (0.525,1.000) (0.000,0.024) (0.000,0.061) (0.000,0.034) (0.000,0.054) (0.000,0.022) (0.000,0.022) 
 86      243    (0)    1 :  0.022 0.021 0.108 0.627 0.007 0.142 0.024 0.017 0.024 0.009     (0.000,0.064) (0.000,0.139) (0.000,0.938) (0.000,0.998) (0.000,0.037) (0.000,0.600) (0.000,0.174) (0.000,0.111) (0.000,0.174) (0.000,0.057) 
 87      244    (0)    1 :  0.036 0.017 0.142 0.540 0.011 0.022 0.006 0.007 0.208 0.010     (0.000,0.218) (0.000,0.117) (0.000,0.968) (0.000,0.994) (0.000,0.074) (0.000,0.152) (0.000,0.032) (0.000,0.044) (0.000,0.655) (0.000,0.062) 
 88      251    (0)    1 :  0.066 0.088 0.203 0.469 0.025 0.024 0.008 0.013 0.016 0.086     (0.000,0.487) (0.000,0.532) (0.000,0.987) (0.000,0.992) (0.000,0.182) (0.000,0.172) (0.000,0.048) (0.000,0.077) (0.000,0.096) (0.000,0.492) 
 89      266    (0)    1 :  0.040 0.015 0.127 0.120 0.031 0.153 0.010 0.012 0.484 0.008     (0.000,0.268) (0.000,0.090) (0.000,0.920) (0.000,0.527) (0.000,0.213) (0.000,0.582) (0.000,0.065) (0.000,0.079) (0.000,0.906) (0.000,0.046) 
 90      267    (0)    1 :  0.013 0.015 0.021 0.024 0.111 0.223 0.030 0.535 0.016 0.011     (0.000,0.082) (0.000,0.098) (0.000,0.114) (0.000,0.168) (0.000,0.444) (0.000,0.787) (0.000,0.219) (0.000,0.996) (0.000,0.111) (0.000,0.069) 
 91      268    (0)    1 :  0.069 0.020 0.013 0.007 0.005 0.346 0.007 0.151 0.341 0.040     (0.000,0.448) (0.000,0.090) (0.000,0.060) (0.000,0.042) (0.000,0.025) (0.000,0.977) (0.000,0.041) (0.000,0.803) (0.000,0.935) (0.000,0.281) 
 92      270    (0)    1 :  0.016 0.051 0.338 0.024 0.445 0.010 0.067 0.013 0.007 0.031     (0.000,0.105) (0.000,0.417) (0.000,0.898) (0.000,0.169) (0.000,0.990) (0.000,0.060) (0.000,0.451) (0.000,0.085) (0.000,0.038) (0.000,0.226) 
 93      276    (0)    1 :  0.008 0.081 0.438 0.013 0.050 0.042 0.263 0.038 0.036 0.031     (0.000,0.045) (0.000,0.591) (0.000,0.997) (0.000,0.078) (0.000,0.400) (0.000,0.307) (0.000,0.800) (0.000,0.278) (0.000,0.260) (0.000,0.226) 
 94      298    (6)    1 :  0.027 0.018 0.016 0.010 0.005 0.063 0.018 0.718 0.113 0.012     (0.000,0.191) (0.000,0.123) (0.000,0.094) (0.000,0.064) (0.000,0.029) (0.000,0.428) (0.000,0.128) (0.272,0.999) (0.000,0.506) (0.000,0.080) 
 95      306    (0)    1 :  0.013 0.324 0.015 0.011 0.004 0.599 0.007 0.012 0.009 0.006     (0.000,0.070) (0.000,0.674) (0.000,0.083) (0.000,0.067) (0.000,0.023) (0.258,0.971) (0.000,0.039) (0.000,0.077) (0.000,0.052) (0.000,0.033) 
 96      308    (0)    1 :  0.017 0.220 0.038 0.037 0.007 0.048 0.007 0.177 0.363 0.086     (0.000,0.110) (0.000,0.714) (0.000,0.259) (0.000,0.268) (0.000,0.044) (0.000,0.345) (0.000,0.040) (0.000,0.648) (0.000,0.926) (0.000,0.445) 
 97      311    (6)    1 :  0.026 0.338 0.115 0.079 0.027 0.263 0.008 0.118 0.012 0.013     (0.000,0.157) (0.000,0.981) (0.000,0.889) (0.000,0.470) (0.000,0.196) (0.000,0.975) (0.000,0.049) (0.000,0.709) (0.000,0.071) (0.000,0.084) 
 98      323    (0)    1 :  0.005 0.005 0.006 0.009 0.008 0.005 0.947 0.006 0.004 0.004     (0.000,0.028) (0.000,0.030) (0.000,0.035) (0.000,0.048) (0.000,0.050) (0.000,0.028) (0.789,1.000) (0.000,0.035) (0.000,0.025) (0.000,0.023) 
 99      327    (0)    1 :  0.037 0.017 0.086 0.017 0.466 0.033 0.019 0.010 0.007 0.309     (0.000,0.269) (0.000,0.106) (0.000,0.547) (0.000,0.110) (0.000,0.936) (0.000,0.241) (0.000,0.134) (0.000,0.057) (0.000,0.043) (0.000,0.794) 
100      334    (0)    1 :  0.930 0.005 0.005 0.006 0.004 0.031 0.003 0.007 0.004 0.005     (0.763,1.000) (0.000,0.026) (0.000,0.027) (0.000,0.032) (0.000,0.022) (0.000,0.058) (0.000,0.019) (0.000,0.044) (0.000,0.023) (0.000,0.026) 
101      338    (0)    1 :  0.016 0.295 0.064 0.014 0.015 0.277 0.017 0.263 0.016 0.024     (0.000,0.097) (0.000,0.960) (0.000,0.438) (0.000,0.081) (0.000,0.097) (0.000,0.892) (0.000,0.113) (0.000,0.956) (0.000,0.103) (0.000,0.169) 
102      341    (0)    1 :  0.007 0.009 0.007 0.011 0.007 0.021 0.922 0.005 0.006 0.006     (0.000,0.038) (0.000,0.053) (0.000,0.040) (0.000,0.069) (0.000,0.038) (0.000,0.143) (0.699,1.000) (0.000,0.027) (0.000,0.032) (0.000,0.034) 
103      346    (0)    1 :  0.006 0.021 0.010 0.008 0.009 0.589 0.010 0.006 0.309 0.033     (0.000,0.030) (0.000,0.129) (0.000,0.047) (0.000,0.044) (0.000,0.051) (0.000,1.000) (0.000,0.057) (0.000,0.032) (0.000,0.986) (0.000,0.242) 
104      348    (0)    1 :  0.020 0.075 0.045 0.025 0.007 0.033 0.008 0.530 0.250 0.008     (0.000,0.125) (0.000,0.417) (0.000,0.324) (0.000,0.178) (0.000,0.039) (0.000,0.249) (0.000,0.047) (0.000,0.990) (0.000,0.776) (0.000,0.047) 
105      351    (0)    1 :  0.246 0.016 0.072 0.267 0.006 0.304 0.028 0.008 0.015 0.037     (0.000,0.879) (0.000,0.091) (0.000,0.673) (0.000,0.971) (0.000,0.036) (0.000,0.968) (0.000,0.206) (0.000,0.045) (0.000,0.086) (0.000,0.267) 
106      362    (0)    1 :  0.004 0.008 0.008 0.007 0.912 0.006 0.024 0.006 0.005 0.021     (0.000,0.022) (0.000,0.048) (0.000,0.044) (0.000,0.039) (0.661,1.000) (0.000,0.036) (0.000,0.176) (0.000,0.033) (0.000,0.030) (0.000,0.125) 
107      364    (0)    1 :  0.038 0.023 0.019 0.840 0.005 0.037 0.010 0.009 0.009 0.010     (0.000,0.236) (0.000,0.167) (0.000,0.086) (0.460,1.000) (0.000,0.026) (0.000,0.262) (0.000,0.063) (0.000,0.053) (0.000,0.052) (0.000,0.065) 
108      366    (0)    1 :  0.018 0.007 0.032 0.804 0.052 0.033 0.010 0.023 0.010 0.010     (0.000,0.041) (0.000,0.038) (0.000,0.145) (0.326,1.000) (0.000,0.334) (0.000,0.231) (0.000,0.062) (0.000,0.169) (0.000,0.057) (0.000,0.063) 
109      376    (0)    1 :  0.007 0.040 0.018 0.007 0.013 0.018 0.848 0.006 0.016 0.026     (0.000,0.042) (0.000,0.241) (0.000,0.124) (0.000,0.039) (0.000,0.086) (0.000,0.129) (0.550,1.000) (0.000,0.037) (0.000,0.109) (0.000,0.192) 
110      377    (6)    1 :  0.009 0.195 0.420 0.013 0.036 0.013 0.013 0.015 0.007 0.278     (0.000,0.040) (0.000,0.956) (0.000,0.996) (0.000,0.067) (0.000,0.267) (0.000,0.081) (0.000,0.085) (0.000,0.093) (0.000,0.038) (0.000,0.976) 
111      378    (0)    1 :  0.006 0.019 0.007 0.005 0.007 0.016 0.010 0.007 0.011 0.913     (0.000,0.032) (0.000,0.132) (0.000,0.037) (0.000,0.025) (0.000,0.040) (0.000,0.099) (0.000,0.063) (0.000,0.041) (0.000,0.072) (0.674,1.000) 
112      388    (0)    1 :  0.030 0.035 0.026 0.015 0.012 0.413 0.010 0.428 0.010 0.022     (0.000,0.206) (0.000,0.251) (0.000,0.165) (0.000,0.090) (0.000,0.075) (0.000,0.994) (0.000,0.058) (0.000,0.998) (0.000,0.061) (0.000,0.159) 
113      391    (0)    1 :  0.006 0.130 0.037 0.013 0.006 0.154 0.410 0.018 0.009 0.217     (0.000,0.032) (0.000,0.595) (0.000,0.241) (0.000,0.076) (0.000,0.032) (0.000,0.708) (0.000,0.792) (0.000,0.125) (0.000,0.051) (0.000,0.605) 
114      396   (18)    1 :  0.037 0.154 0.407 0.011 0.226 0.059 0.049 0.017 0.016 0.025     (0.000,0.244) (0.000,0.681) (0.000,0.988) (0.000,0.063) (0.000,0.828) (0.000,0.391) (0.000,0.349) (0.000,0.112) (0.000,0.106) (0.000,0.180) 
115      400   (18)    1 :  0.042 0.073 0.419 0.104 0.066 0.007 0.007 0.006 0.008 0.266     (0.000,0.281) (0.000,0.644) (0.000,0.995) (0.000,0.666) (0.000,0.489) (0.000,0.040) (0.000,0.041) (0.000,0.032) (0.000,0.044) (0.000,0.956) 
116      401    (0)    1 :  0.035 0.104 0.114 0.122 0.373 0.019 0.048 0.008 0.168 0.010     (0.000,0.214) (0.000,0.533) (0.000,0.902) (0.000,0.578) (0.000,0.740) (0.000,0.118) (0.000,0.361) (0.000,0.044) (0.000,0.607) (0.000,0.056) 
117      406    (0)    1 :  0.013 0.175 0.036 0.039 0.011 0.519 0.073 0.102 0.019 0.013     (0.000,0.055) (0.000,0.907) (0.000,0.216) (0.000,0.270) (0.000,0.070) (0.000,0.997) (0.000,0.467) (0.000,0.669) (0.000,0.126) (0.000,0.080) 
118      412    (6)    1 :  0.008 0.373 0.026 0.014 0.019 0.449 0.017 0.057 0.012 0.024     (0.000,0.038) (0.000,0.997) (0.000,0.147) (0.000,0.080) (0.000,0.133) (0.000,0.999) (0.000,0.115) (0.000,0.451) (0.000,0.070) (0.000,0.153) 
119      413    (0)    1 :  0.168 0.705 0.023 0.023 0.008 0.024 0.003 0.014 0.028 0.005     (0.000,0.569) (0.000,0.998) (0.000,0.133) (0.000,0.166) (0.000,0.048) (0.000,0.121) (0.000,0.018) (0.000,0.090) (0.000,0.168) (0.000,0.027) 
120      421    (0)    1 :  0.012 0.172 0.654 0.008 0.090 0.021 0.012 0.012 0.011 0.009     (0.000,0.066) (0.000,0.924) (0.000,1.000) (0.000,0.043) (0.000,0.575) (0.000,0.145) (0.000,0.079) (0.000,0.076) (0.000,0.065) (0.000,0.050) 
121      423    (0)    1 :  0.012 0.171 0.657 0.017 0.086 0.006 0.017 0.018 0.006 0.009     (0.000,0.054) (0.000,0.959) (0.000,1.000) (0.000,0.102) (0.000,0.603) (0.000,0.033) (0.000,0.121) (0.000,0.114) (0.000,0.030) (0.000,0.054) 
122      424    (0)    1 :  0.014 0.437 0.021 0.028 0.009 0.263 0.170 0.020 0.013 0.025     (0.000,0.081) (0.000,0.988) (0.000,0.111) (0.000,0.203) (0.000,0.056) (0.000,0.978) (0.000,0.698) (0.000,0.131) (0.000,0.076) (0.000,0.169) 
123      426    (0)    1 :  0.012 0.037 0.031 0.021 0.033 0.040 0.024 0.011 0.017 0.774     (0.000,0.068) (0.000,0.261) (0.000,0.211) (0.000,0.151) (0.000,0.228) (0.000,0.272) (0.000,0.168) (0.000,0.073) (0.000,0.115) (0.318,1.000) 
124      430   (12)    1 :  0.026 0.397 0.022 0.008 0.013 0.433 0.031 0.018 0.039 0.016     (0.000,0.167) (0.000,0.936) (0.000,0.136) (0.000,0.044) (0.000,0.073) (0.000,0.982) (0.000,0.220) (0.000,0.111) (0.000,0.282) (0.000,0.097) 
125      435    (0)    1 :  0.008 0.498 0.011 0.005 0.004 0.031 0.005 0.034 0.391 0.013     (0.000,0.031) (0.000,0.938) (0.000,0.067) (0.000,0.026) (0.000,0.020) (0.000,0.186) (0.000,0.025) (0.000,0.217) (0.000,0.924) (0.000,0.086) 
126      476    (0)    1 :  0.010 0.031 0.034 0.028 0.091 0.012 0.747 0.007 0.025 0.015     (0.000,0.062) (0.000,0.202) (0.000,0.241) (0.000,0.186) (0.000,0.438) (0.000,0.076) (0.391,0.996) (0.000,0.041) (0.000,0.174) (0.000,0.107) 
127      478    (0)    1 :  0.011 0.034 0.247 0.018 0.046 0.012 0.605 0.008 0.005 0.015     (0.000,0.064) (0.000,0.235) (0.000,0.881) (0.000,0.128) (0.000,0.327) (0.000,0.080) (0.000,0.973) (0.000,0.048) (0.000,0.028) (0.000,0.100) 
128      484    (0)    1 :  0.015 0.028 0.008 0.006 0.008 0.367 0.016 0.512 0.030 0.010     (0.000,0.077) (0.000,0.195) (0.000,0.043) (0.000,0.034) (0.000,0.048) (0.000,0.937) (0.000,0.107) (0.000,0.994) (0.000,0.216) (0.000,0.060) 
129      489    (0)    1 :  0.011 0.297 0.245 0.008 0.010 0.030 0.010 0.049 0.006 0.334     (0.000,0.068) (0.000,0.990) (0.000,0.968) (0.000,0.039) (0.000,0.045) (0.000,0.204) (0.000,0.062) (0.000,0.351) (0.000,0.035) (0.000,0.978) 
130      492   (18)    1 :  0.934 0.005 0.004 0.004 0.003 0.033 0.004 0.005 0.004 0.004     (0.783,1.000) (0.000,0.029) (0.000,0.020) (0.000,0.023) (0.000,0.019) (0.000,0.075) (0.000,0.021) (0.000,0.026) (0.000,0.021) (0.000,0.020) 
131      493    (0)    1 :  0.005 0.010 0.017 0.914 0.016 0.008 0.007 0.005 0.007 0.010     (0.000,0.026) (0.000,0.067) (0.000,0.081) (0.685,1.000) (0.000,0.110) (0.000,0.051) (0.000,0.044) (0.000,0.028) (0.000,0.040) (0.000,0.066) 
132      494    (0)    1 :  0.022 0.011 0.073 0.824 0.009 0.006 0.012 0.006 0.007 0.029     (0.000,0.117) (0.000,0.066) (0.000,0.543) (0.139,1.000) (0.000,0.051) (0.000,0.033) (0.000,0.077) (0.000,0.038) (0.000,0.042) (0.000,0.211) 
133      500    (0)    1 :  0.003 0.008 0.053 0.009 0.893 0.004 0.015 0.004 0.004 0.008     (0.000,0.016) (0.000,0.032) (0.000,0.339) (0.000,0.052) (0.577,1.000) (0.000,0.023) (0.000,0.102) (0.000,0.020) (0.000,0.021) (0.000,0.049) 
134      504    (0)    1 :  0.056 0.012 0.034 0.020 0.047 0.155 0.010 0.609 0.014 0.044     (0.000,0.339) (0.000,0.071) (0.000,0.231) (0.000,0.137) (0.000,0.285) (0.000,0.716) (0.000,0.062) (0.039,0.990) (0.000,0.089) (0.000,0.294) 
135      506    (0)    1 :  0.004 0.007 0.007 0.005 0.136 0.013 0.009 0.807 0.004 0.008     (0.000,0.019) (0.000,0.039) (0.000,0.038) (0.000,0.030) (0.000,0.470) (0.000,0.076) (0.000,0.049) (0.450,1.000) (0.000,0.024) (0.000,0.045) 


Estimated Allele Frequencies in each cluster
First column gives estimated ancestral frequencies


Locus 1 : Rsu3 
3 alleles
1.5% missing data
 164   (0.526) 0.186 0.288 0.501 0.598 0.766 0.519 0.494 0.392 0.664 0.633 
 166   (0.244) 0.424 0.598 0.197 0.177 0.047 0.332 0.078 0.577 0.096 0.244 
 170   (0.230) 0.390 0.115 0.302 0.224 0.187 0.148 0.427 0.031 0.241 0.122 

Locus 2 : Rsu5 
5 alleles
1.5% missing data
 137   (0.743) 0.266 0.835 0.899 0.675 0.954 0.896 0.974 0.348 0.810 0.899 
 135   (0.085) 0.021 0.098 0.036 0.127 0.008 0.053 0.012 0.012 0.040 0.060 
 139   (0.096) 0.699 0.050 0.039 0.156 0.032 0.022 0.008 0.010 0.054 0.035 
 133   (0.024) 0.005 0.003 0.007 0.028 0.002 0.003 0.002 0.002 0.004 0.002 
 131   (0.051) 0.009 0.014 0.018 0.014 0.004 0.027 0.003 0.628 0.093 0.005 

Locus 3 : Scv1 
5 alleles
0.7% missing data
 181   (0.525) 0.180 0.326 0.473 0.708 0.758 0.355 0.956 0.393 0.356 0.763 
 179   (0.190) 0.715 0.090 0.203 0.128 0.061 0.389 0.020 0.082 0.281 0.110 
 177   (0.110) 0.034 0.322 0.071 0.062 0.016 0.212 0.011 0.170 0.024 0.110 
 185   (0.147) 0.063 0.258 0.241 0.066 0.162 0.041 0.012 0.352 0.334 0.014 
 171   (0.028) 0.008 0.005 0.013 0.036 0.002 0.003 0.002 0.003 0.004 0.003 

Locus 4 : Rsu4 
9 alleles
0.0% missing data
 267   (0.202) 0.643 0.052 0.266 0.283 0.319 0.070 0.146 0.103 0.103 0.070 
 263   (0.338) 0.197 0.794 0.332 0.262 0.211 0.342 0.477 0.401 0.273 0.771 
 259   (0.059) 0.013 0.031 0.209 0.016 0.081 0.009 0.263 0.006 0.009 0.062 
 287   (0.156) 0.045 0.077 0.079 0.123 0.340 0.461 0.098 0.143 0.078 0.056 
 275   (0.039) 0.010 0.004 0.015 0.128 0.003 0.007 0.003 0.004 0.016 0.003 
 279   (0.066) 0.039 0.011 0.032 0.073 0.011 0.022 0.005 0.007 0.316 0.014 
 283   (0.076) 0.025 0.024 0.030 0.045 0.006 0.079 0.005 0.329 0.194 0.007 
 291   (0.040) 0.022 0.006 0.027 0.024 0.026 0.006 0.003 0.004 0.007 0.014 
 271   (0.025) 0.005 0.003 0.010 0.045 0.002 0.004 0.002 0.002 0.004 0.002 

Locus 5 : Rsu6 
5 alleles
0.0% missing data
 120   (0.263) 0.142 0.198 0.333 0.211 0.124 0.415 0.297 0.078 0.203 0.528 
 126   (0.615) 0.824 0.785 0.601 0.630 0.465 0.571 0.564 0.909 0.777 0.427 
 124   (0.072) 0.025 0.009 0.033 0.053 0.401 0.009 0.136 0.008 0.013 0.040 
 130   (0.028) 0.005 0.003 0.009 0.100 0.002 0.003 0.002 0.003 0.004 0.002 
 114   (0.022) 0.004 0.005 0.023 0.007 0.008 0.003 0.002 0.002 0.003 0.002 

Locus 6 : Scv12 
3 alleles
1.5% missing data
 198   (0.576) 0.752 0.818 0.560 0.721 0.172 0.578 0.704 0.400 0.626 0.403 
 196   (0.265) 0.179 0.143 0.300 0.139 0.090 0.384 0.275 0.553 0.218 0.289 
 200   (0.158) 0.070 0.039 0.141 0.140 0.738 0.038 0.020 0.046 0.155 0.308 

Locus 7 : Scv23 
3 alleles
1.5% missing data
 158   (0.526) 0.569 0.701 0.672 0.453 0.756 0.452 0.336 0.827 0.537 0.448 
 164   (0.186) 0.351 0.057 0.085 0.260 0.062 0.274 0.465 0.094 0.035 0.107 
 160   (0.288) 0.079 0.243 0.243 0.287 0.182 0.274 0.198 0.080 0.428 0.445 

Locus 8 : Scv13 
5 alleles
0.0% missing data
 182   (0.735) 0.936 0.931 0.851 0.683 0.908 0.905 0.783 0.908 0.459 0.967 
 180   (0.089) 0.023 0.018 0.077 0.112 0.067 0.015 0.189 0.009 0.016 0.017 
 172   (0.075) 0.015 0.015 0.029 0.057 0.006 0.058 0.006 0.071 0.338 0.007 
 184   (0.063) 0.018 0.025 0.027 0.129 0.015 0.015 0.020 0.008 0.019 0.006 
 174   (0.037) 0.008 0.011 0.016 0.019 0.004 0.007 0.003 0.004 0.167 0.003 

Locus 9 : Scv32 
18 alleles
0.7% missing data
 236   (0.036) 0.015 0.004 0.016 0.144 0.003 0.006 0.002 0.003 0.007 0.003 
 238   (0.037) 0.017 0.012 0.014 0.019 0.003 0.267 0.003 0.058 0.006 0.005 
 234   (0.147) 0.101 0.440 0.062 0.061 0.023 0.323 0.333 0.070 0.654 0.107 
 246   (0.063) 0.027 0.040 0.191 0.019 0.116 0.008 0.322 0.007 0.016 0.018 
 248   (0.099) 0.370 0.052 0.174 0.107 0.040 0.049 0.008 0.021 0.015 0.395 
 262   (0.106) 0.124 0.114 0.112 0.047 0.405 0.092 0.011 0.029 0.029 0.124 
 232   (0.161) 0.056 0.209 0.218 0.385 0.036 0.052 0.158 0.558 0.035 0.016 
 250   (0.025) 0.006 0.008 0.010 0.007 0.003 0.011 0.003 0.002 0.004 0.278 
 228   (0.025) 0.009 0.004 0.012 0.032 0.002 0.003 0.002 0.003 0.005 0.003 
 220   (0.041) 0.017 0.007 0.030 0.012 0.320 0.005 0.074 0.004 0.007 0.007 
 264   (0.057) 0.017 0.038 0.024 0.056 0.005 0.097 0.045 0.006 0.019 0.009 
 252   (0.041) 0.011 0.008 0.016 0.012 0.029 0.014 0.003 0.089 0.098 0.004 
 254   (0.046) 0.192 0.009 0.015 0.013 0.004 0.031 0.003 0.098 0.082 0.007 
 242   (0.026) 0.007 0.003 0.010 0.043 0.002 0.003 0.002 0.002 0.004 0.002 
 266   (0.025) 0.007 0.026 0.010 0.008 0.002 0.029 0.002 0.030 0.004 0.002 
 244   (0.027) 0.014 0.022 0.072 0.012 0.003 0.003 0.002 0.015 0.004 0.014 
 226   (0.020) 0.005 0.003 0.007 0.006 0.002 0.003 0.026 0.002 0.003 0.002 
 240   (0.017) 0.006 0.002 0.007 0.017 0.001 0.002 0.001 0.002 0.007 0.002 

Locus 10 : Scv8 
6 alleles
0.7% missing data
 200   (0.627) 0.816 0.505 0.547 0.630 0.852 0.831 0.830 0.601 0.423 0.802 
 202   (0.097) 0.060 0.071 0.045 0.179 0.008 0.093 0.007 0.054 0.050 0.009 
 194   (0.084) 0.033 0.344 0.137 0.035 0.023 0.027 0.150 0.008 0.026 0.029 
 204   (0.048) 0.041 0.009 0.043 0.019 0.025 0.008 0.004 0.005 0.009 0.133 
 198   (0.074) 0.029 0.041 0.203 0.103 0.086 0.011 0.005 0.007 0.015 0.021 
 188   (0.070) 0.021 0.029 0.025 0.035 0.006 0.030 0.005 0.325 0.477 0.006 

Locus 11 : Scv9 
5 alleles
0.0% missing data
 198   (0.320) 0.467 0.323 0.179 0.182 0.095 0.674 0.423 0.341 0.559 0.501 
 200   (0.340) 0.423 0.153 0.331 0.528 0.697 0.086 0.366 0.344 0.106 0.381 
 196   (0.273) 0.097 0.512 0.465 0.271 0.202 0.231 0.034 0.305 0.181 0.111 
 204   (0.044) 0.008 0.009 0.017 0.012 0.004 0.007 0.175 0.006 0.124 0.005 
 202   (0.023) 0.004 0.004 0.007 0.006 0.002 0.003 0.002 0.004 0.031 0.002 

Locus 12 : Rsu1 
6 alleles
0.0% missing data
 189   (0.280) 0.442 0.326 0.127 0.517 0.075 0.218 0.506 0.083 0.267 0.054 
 185   (0.271) 0.432 0.323 0.310 0.174 0.113 0.559 0.169 0.808 0.120 0.072 
 177   (0.084) 0.029 0.029 0.129 0.041 0.151 0.014 0.011 0.068 0.043 0.011 
 181   (0.250) 0.067 0.285 0.237 0.237 0.225 0.193 0.044 0.031 0.553 0.779 
 193   (0.065) 0.022 0.026 0.155 0.018 0.310 0.011 0.030 0.006 0.010 0.079 
 197   (0.049) 0.009 0.010 0.042 0.014 0.126 0.006 0.239 0.004 0.007 0.005 

Locus 13 : Scv14 
7 alleles
4.4% missing data
 196   (0.557) 0.158 0.780 0.591 0.506 0.909 0.455 0.943 0.599 0.661 0.896 
 198   (0.079) 0.036 0.013 0.030 0.100 0.006 0.305 0.006 0.026 0.059 0.010 
 194   (0.126) 0.037 0.133 0.207 0.206 0.014 0.024 0.016 0.026 0.169 0.052 
 202   (0.169) 0.749 0.064 0.147 0.148 0.056 0.202 0.029 0.342 0.085 0.023 
 204   (0.024) 0.005 0.003 0.008 0.022 0.002 0.003 0.002 0.002 0.004 0.003 
 190   (0.024) 0.009 0.004 0.009 0.008 0.011 0.004 0.002 0.002 0.004 0.014 
 200   (0.022) 0.006 0.003 0.008 0.009 0.002 0.007 0.002 0.002 0.019 0.002 

Locus 14 : Scv16 
7 alleles
0.0% missing data
 182   (0.405) 0.813 0.699 0.481 0.222 0.632 0.522 0.172 0.241 0.516 0.776 
 184   (0.410) 0.140 0.254 0.312 0.562 0.313 0.423 0.804 0.696 0.196 0.204 
 188   (0.063) 0.015 0.024 0.164 0.151 0.044 0.007 0.015 0.007 0.009 0.006 
 200   (0.021) 0.005 0.002 0.007 0.025 0.002 0.003 0.001 0.002 0.003 0.002 
 198   (0.043) 0.015 0.013 0.014 0.012 0.004 0.029 0.003 0.031 0.164 0.007 
 190   (0.036) 0.008 0.005 0.012 0.010 0.003 0.013 0.003 0.019 0.105 0.003 
 186   (0.022) 0.004 0.003 0.008 0.017 0.003 0.003 0.001 0.002 0.006 0.002 

Locus 15 : Scv31 
15 alleles
3.0% missing data
 193   (0.114) 0.104 0.034 0.050 0.075 0.042 0.291 0.014 0.128 0.035 0.585 
 201   (0.103) 0.068 0.017 0.047 0.233 0.091 0.017 0.010 0.082 0.017 0.077 
 187   (0.081) 0.032 0.014 0.051 0.024 0.467 0.024 0.283 0.105 0.013 0.070 
 207   (0.035) 0.008 0.009 0.060 0.010 0.004 0.004 0.383 0.004 0.005 0.003 
 195   (0.064) 0.021 0.093 0.212 0.019 0.026 0.012 0.008 0.200 0.038 0.016 
 185   (0.176) 0.081 0.167 0.122 0.126 0.019 0.524 0.238 0.140 0.314 0.024 
 189   (0.063) 0.023 0.010 0.039 0.246 0.006 0.008 0.004 0.006 0.009 0.167 
 205   (0.022) 0.005 0.003 0.009 0.018 0.002 0.003 0.002 0.002 0.005 0.002 
 191   (0.150) 0.072 0.622 0.297 0.059 0.257 0.076 0.044 0.018 0.448 0.037 
 197   (0.027) 0.006 0.003 0.010 0.007 0.005 0.005 0.003 0.254 0.004 0.003 
 199   (0.057) 0.017 0.009 0.023 0.070 0.005 0.008 0.004 0.050 0.093 0.006 
 203   (0.027) 0.010 0.003 0.009 0.071 0.002 0.003 0.002 0.003 0.004 0.002 
 209   (0.031) 0.037 0.004 0.012 0.029 0.003 0.013 0.002 0.003 0.008 0.003 
 213   (0.021) 0.508 0.002 0.007 0.006 0.002 0.007 0.001 0.002 0.003 0.002 
 181   (0.031) 0.008 0.010 0.052 0.009 0.069 0.004 0.002 0.003 0.005 0.003 

Locus 16 : Scv6 
8 alleles
0.0% missing data
 191   (0.110) 0.310 0.016 0.076 0.196 0.216 0.022 0.009 0.018 0.018 0.241 
 195   (0.378) 0.111 0.399 0.580 0.308 0.400 0.497 0.691 0.626 0.206 0.451 
 197   (0.212) 0.064 0.053 0.208 0.114 0.344 0.259 0.266 0.234 0.413 0.272 
 201   (0.081) 0.110 0.036 0.040 0.136 0.007 0.073 0.006 0.008 0.137 0.010 
 205   (0.023) 0.004 0.002 0.007 0.052 0.002 0.003 0.001 0.002 0.003 0.002 
 193   (0.095) 0.031 0.130 0.037 0.122 0.010 0.096 0.007 0.082 0.178 0.009 
 199   (0.076) 0.364 0.362 0.044 0.025 0.020 0.048 0.019 0.027 0.042 0.013 
 181   (0.025) 0.007 0.003 0.009 0.047 0.002 0.003 0.002 0.003 0.004 0.002 

Values of parameters used in structure:
DATAFILE=C:\Users\drenske\Desktop\STRUCTURE\Squirrel_135_ID_16L_20250816\project_data,	OUTFILE=C:\Users\drenske\Desktop\STRUCTURE\Squirrel_135_ID_16L_20250816\10k_Burnin_100k_MCMC\Results\10k_Burnin_100k_MCMC_run_234,	NUMINDS=135,	NUMLOCI=16,	MISSING=-9,	LABEL=1,	POPDATA=1,	POPFLAG=0,	PHENOTYPE=0,	EXTRACOLS=1,	MAXPOPS=10,	BURNIN=10000,	NUMREPS=100000,	USEPOPINFO=0,	INFERALPHA=1,	INFERLAMBDA=1,	POPSPECIFICLAMBDA=0,	POPALPHAS=0,	COMPUTEPROB=1,	NOADMIX=0,	ADMBURNIN=2500,	UPDATEFREQ=1,	PRINTLIKES=0,	INTERMEDSAVE=0,	PRINTKLD=0,	PRINTNET=0,	PRINTLAMBDA=0,	ANCESTDIST=1,	NUMBOXES=1000,	ANCESTPINT=0.90000,	GENSBACK=2,	MIGRPRIOR=0.05000,	PRINTQHAT=1,	PRINTQSUM=0,	ALPHA=1.0000,	FREQSCORR=1,	FPRIORMEAN=0.0100,	FPRIORSD=0.0500,	ONEFST=0,	LAMBDA=1.0000,	UNIFPRIORALPHA=1,	ALPHAMAX=10.0000,	ALPHAPRIORA=1.0000,	ALPHAPRIORB=2.0000,	ALPHAPROPSD=0.0250,	STARTATPOPINFO=0,	RANDOMIZE=1,	LINKAGE=0,	METROFREQ=10,	REPORTHITRATE=0,	MARKOVPHASE=-1,	PHASED=0,	PLOIDY=2,	PHASEINFO=0	LOCPRIOR=0, 	LOCPRIORINIT=1.000000, 	LOCDATA=0, 	LOCISPOP=0, 	LOCPRIORSTEP=0.100000, 	MAXLOCPRIOR=20.000000, 	SEED=1755521816,	
[STRAT parameters]:    NUMSIMSTATS=1000,	PHENOTYPECOL=-9,	POOLFREQ=10,	LOCUSxONLY=0,	EMERROR=0.00100,	MISSINGPHENO=-9,	