          1*  1 0.0835 0.0096 0.0059 0.0745 0.6076 0.0324 0.0153 0.1565 0.0147 
           3  1 0.0080 0.0060 0.0046 0.0054 0.0052 0.0052 0.9519 0.0065 0.0073 
           6  1 0.0234 0.0197 0.0138 0.0111 0.0052 0.0103 0.8861 0.0152 0.0153 
           8  1 0.0083 0.8859 0.0039 0.0123 0.0120 0.0281 0.0063 0.0226 0.0206 
          10  1 0.0051 0.1063 0.0054 0.0080 0.0082 0.8481 0.0096 0.0057 0.0035 
          11  1 0.0439 0.0293 0.0331 0.6587 0.1293 0.0141 0.0318 0.0503 0.0094 
          12  1 0.0088 0.0068 0.0048 0.0055 0.0041 0.9533 0.0054 0.0065 0.0047 
          16  1 0.0065 0.0156 0.0058 0.0075 0.0064 0.0092 0.9377 0.0061 0.0053 
          18  1 0.0068 0.0081 0.0043 0.0098 0.9425 0.0069 0.0089 0.0067 0.0058 
          19  1 0.0101 0.0220 0.0456 0.7786 0.0772 0.0100 0.0146 0.0227 0.0192 
          21  1 0.0098 0.0234 0.0076 0.0098 0.0060 0.0090 0.9202 0.0085 0.0056 
          23  1 0.1462 0.0190 0.0296 0.0341 0.0092 0.6575 0.0127 0.0781 0.0136 
          24  1 0.0134 0.1447 0.0290 0.3352 0.0545 0.3122 0.0145 0.0875 0.0089 
          25  1 0.0948 0.0748 0.0068 0.0711 0.0112 0.6107 0.0530 0.0695 0.0081 
         26*  1 0.0082 0.6337 0.0047 0.0310 0.0168 0.1658 0.1097 0.0241 0.0060 
          28  1 0.0131 0.6880 0.0067 0.0132 0.0076 0.1616 0.0794 0.0242 0.0061 
          29  1 0.0051 0.0565 0.0061 0.0110 0.0133 0.8905 0.0054 0.0071 0.0050 
          30  1 0.0147 0.4019 0.0073 0.0572 0.0155 0.1033 0.1088 0.0159 0.2756 
          33  1 0.0117 0.0050 0.0942 0.1732 0.6789 0.0058 0.0070 0.0119 0.0123 
          37  1 0.0096 0.0085 0.0097 0.0154 0.8980 0.0299 0.0122 0.0114 0.0053 
          38  1 0.0049 0.0163 0.0054 0.0447 0.8869 0.0167 0.0123 0.0081 0.0047 
          43  1 0.0094 0.1812 0.0076 0.0141 0.0098 0.7170 0.0419 0.0133 0.0056 
          44  1 0.0274 0.4359 0.0060 0.0254 0.0090 0.0072 0.3939 0.0405 0.0547 
          48  1 0.0060 0.0060 0.0039 0.0079 0.9470 0.0068 0.0111 0.0057 0.0055 
          55  1 0.0317 0.6627 0.0108 0.0352 0.0110 0.0095 0.1766 0.0451 0.0174 
          59  1 0.0059 0.0066 0.0041 0.0059 0.0063 0.0041 0.9564 0.0051 0.0058 
          60  1 0.4550 0.0047 0.0320 0.0373 0.0159 0.0379 0.0112 0.3942 0.0117 
          61  1 0.2647 0.0112 0.4869 0.0202 0.0092 0.0080 0.0179 0.1215 0.0604 
          62  1 0.5086 0.0129 0.1217 0.0407 0.0191 0.0458 0.0134 0.2196 0.0182 
          65  1 0.0129 0.0115 0.0136 0.2465 0.6583 0.0090 0.0056 0.0201 0.0225 
          73  1 0.0288 0.0103 0.0049 0.0111 0.0069 0.1225 0.0065 0.0313 0.7776 
          75  1 0.0060 0.0079 0.8895 0.0176 0.0108 0.0048 0.0091 0.0065 0.0477 
          76  1 0.0318 0.0048 0.9159 0.0078 0.0049 0.0122 0.0063 0.0106 0.0057 
          77  1 0.0533 0.0048 0.8741 0.0082 0.0080 0.0086 0.0071 0.0317 0.0043 
          78  1 0.0450 0.0108 0.3237 0.0345 0.0145 0.0167 0.0079 0.0291 0.5178 
          79  1 0.0786 0.0079 0.7450 0.0543 0.0112 0.0053 0.0050 0.0209 0.0718 
          84  1 0.0802 0.0968 0.0133 0.0472 0.0132 0.0835 0.5790 0.0717 0.0150 
          85  1 0.0137 0.8705 0.0070 0.0221 0.0114 0.0074 0.0126 0.0414 0.0138 
          86  1 0.0134 0.7783 0.0118 0.1125 0.0098 0.0134 0.0057 0.0340 0.0212 
          89  1 0.1159 0.0145 0.0182 0.0574 0.0204 0.2194 0.4612 0.0829 0.0101 
          94  1 0.0094 0.0116 0.0062 0.0103 0.0273 0.9099 0.0133 0.0074 0.0046 
          95  1 0.0094 0.0115 0.0054 0.0076 0.0103 0.0048 0.9351 0.0082 0.0077 
          96  1 0.0058 0.9539 0.0059 0.0057 0.0047 0.0095 0.0047 0.0049 0.0050 
          98  1 0.5539 0.0063 0.0292 0.0173 0.0061 0.0089 0.0060 0.2835 0.0888 
         102  1 0.0130 0.0059 0.0088 0.6740 0.2132 0.0237 0.0272 0.0245 0.0098 
         105  1 0.0050 0.0039 0.0038 0.0052 0.0069 0.0049 0.0050 0.0048 0.9604 
         106  1 0.0678 0.0138 0.3077 0.3235 0.0155 0.0060 0.0735 0.0766 0.1155 
         108  1 0.0201 0.0089 0.0277 0.0417 0.0471 0.0087 0.0073 0.0238 0.8147 
         109  1 0.0972 0.0216 0.0417 0.0478 0.0087 0.0077 0.0111 0.0909 0.6733 
         112  1 0.3257 0.1054 0.1159 0.2036 0.0185 0.0727 0.0107 0.1387 0.0087 
         115  1 0.0329 0.0087 0.0193 0.6379 0.1425 0.0473 0.0181 0.0696 0.0237 
         116  1 0.0251 0.8120 0.0062 0.0408 0.0214 0.0099 0.0141 0.0454 0.0251 
         117  1 0.0419 0.2346 0.0257 0.0328 0.0149 0.2527 0.3523 0.0274 0.0177 
         129  1 0.0055 0.9133 0.0036 0.0078 0.0081 0.0084 0.0416 0.0068 0.0047 
         132  1 0.3228 0.0072 0.0194 0.0628 0.0571 0.1372 0.0222 0.3579 0.0133 
         133  1 0.5566 0.0043 0.0421 0.0100 0.0057 0.0064 0.0067 0.2825 0.0858 
         137  1 0.2285 0.0109 0.5416 0.0285 0.0097 0.0179 0.0145 0.1383 0.0101 
         139  1 0.0073 0.0139 0.9071 0.0209 0.0116 0.0082 0.0093 0.0099 0.0116 
         140  1 0.0610 0.0087 0.0343 0.0162 0.0076 0.0059 0.0222 0.0474 0.7968 
         142  1 0.3056 0.0058 0.5029 0.0200 0.0073 0.0121 0.0262 0.1101 0.0100 
         144  1 0.0073 0.0033 0.0051 0.0048 0.0046 0.0039 0.0063 0.0060 0.9587 
         145  1 0.6049 0.0043 0.0771 0.0071 0.0062 0.0043 0.0062 0.2806 0.0093 
         147  1 0.0136 0.0072 0.0362 0.0115 0.0077 0.0048 0.0045 0.0144 0.9001 
         160  1 0.0059 0.0085 0.0052 0.0066 0.0084 0.9461 0.0092 0.0056 0.0045 
        162*  1 0.0057 0.9526 0.0060 0.0056 0.0046 0.0104 0.0044 0.0056 0.0051 
         166  1 0.4606 0.0077 0.0510 0.0147 0.0069 0.0054 0.0251 0.3872 0.0414 
         177  1 0.0050 0.0049 0.9653 0.0049 0.0038 0.0042 0.0040 0.0044 0.0034 
         178  1 0.0513 0.0151 0.7762 0.0310 0.0096 0.0367 0.0086 0.0366 0.0347 
         186  1 0.0050 0.0057 0.0043 0.0046 0.0043 0.0058 0.9613 0.0048 0.0042 
         189  1 0.0187 0.8849 0.0075 0.0087 0.0074 0.0150 0.0079 0.0463 0.0037 
         190  1 0.0194 0.8066 0.0116 0.0214 0.0157 0.0536 0.0372 0.0265 0.0080 
         191  1 0.0613 0.1930 0.0204 0.0326 0.0090 0.0245 0.5498 0.0648 0.0445 
         193  1 0.5850 0.0092 0.0626 0.0116 0.0105 0.0129 0.0316 0.2662 0.0103 
         202  1 0.0243 0.1861 0.0075 0.3598 0.0198 0.3554 0.0082 0.0309 0.0081 
         204  1 0.0042 0.9364 0.0035 0.0048 0.0040 0.0072 0.0310 0.0044 0.0045 
         211  1 0.2376 0.0123 0.0480 0.0774 0.0186 0.2131 0.0111 0.2595 0.1224 
         216  1 0.1700 0.0049 0.0325 0.0145 0.0061 0.0154 0.0051 0.1998 0.5517 
         222  1 0.0773 0.0116 0.0152 0.0991 0.0509 0.0151 0.0077 0.1064 0.6166 
         224  1 0.0370 0.8024 0.0070 0.0258 0.0127 0.0190 0.0193 0.0617 0.0150 
         226  1 0.0071 0.0073 0.0055 0.0155 0.0071 0.0046 0.9425 0.0063 0.0040 
         229  1 0.0597 0.6317 0.0201 0.1000 0.0254 0.0585 0.0083 0.0719 0.0244 
         230  1 0.0083 0.8487 0.0387 0.0348 0.0082 0.0254 0.0151 0.0083 0.0126 
         232  1 0.1613 0.0870 0.0434 0.1242 0.0134 0.4284 0.0580 0.0669 0.0174 
         238  1 0.0331 0.0354 0.0461 0.7062 0.1256 0.0078 0.0062 0.0249 0.0148 
         242  1 0.0083 0.0059 0.0040 0.0261 0.9160 0.0048 0.0062 0.0198 0.0088 
         243  1 0.0972 0.0091 0.0234 0.4388 0.3178 0.0100 0.0246 0.0571 0.0219 
         244  1 0.0141 0.0094 0.1425 0.5933 0.1957 0.0098 0.0061 0.0225 0.0065 
         251  1 0.0456 0.0166 0.0140 0.6910 0.0918 0.0718 0.0085 0.0486 0.0120 
         266  1 0.0715 0.0145 0.3216 0.4497 0.0493 0.0077 0.0090 0.0670 0.0097 
         267  1 0.0863 0.0486 0.0131 0.0507 0.0218 0.0121 0.0331 0.0883 0.6460 
         268  1 0.2052 0.0049 0.3441 0.0288 0.0074 0.0335 0.0075 0.2169 0.1517 
         270  1 0.0168 0.8485 0.0068 0.0167 0.0203 0.0223 0.0284 0.0265 0.0137 
         276  1 0.0856 0.1873 0.0535 0.0566 0.0140 0.0372 0.4538 0.0537 0.0583 
         298  1 0.0527 0.0062 0.1127 0.0263 0.0114 0.0119 0.0184 0.0525 0.7080 
         306  1 0.5566 0.0060 0.0204 0.0399 0.0135 0.0066 0.0078 0.3326 0.0166 
         308  1 0.1507 0.0079 0.3176 0.1261 0.0299 0.0844 0.0068 0.0891 0.1876 
         311  1 0.3018 0.0195 0.0105 0.3221 0.0502 0.0156 0.0085 0.1890 0.0828 
         323  1 0.0057 0.0078 0.0044 0.0055 0.0084 0.0044 0.9527 0.0052 0.0057 
         327  1 0.0202 0.6395 0.0065 0.0454 0.0162 0.2084 0.0184 0.0336 0.0119 
         334  1 0.0218 0.0068 0.0057 0.0273 0.5056 0.0056 0.0037 0.4115 0.0120 
         338  1 0.3211 0.0190 0.0151 0.1102 0.0110 0.0286 0.0175 0.1968 0.2806 
         341  1 0.0158 0.0072 0.0058 0.0097 0.0109 0.0062 0.9284 0.0111 0.0048 
         346  1 0.3014 0.0079 0.4507 0.0158 0.0076 0.0316 0.0127 0.1658 0.0064 
         348  1 0.0654 0.0091 0.2151 0.0604 0.0199 0.0071 0.0083 0.0596 0.5550 
         351  1 0.1292 0.0088 0.0165 0.1865 0.3289 0.0347 0.0173 0.2697 0.0084 
         362  1 0.0067 0.9070 0.0054 0.0079 0.0058 0.0258 0.0295 0.0057 0.0060 
         364  1 0.0388 0.0052 0.0110 0.0508 0.8219 0.0115 0.0111 0.0405 0.0092 
         366  1 0.0239 0.0481 0.0141 0.2520 0.5886 0.0116 0.0128 0.0194 0.0295 
         376  1 0.0313 0.0226 0.0162 0.0133 0.0062 0.0207 0.8650 0.0192 0.0056 
         377  1 0.1301 0.1127 0.0078 0.0493 0.0131 0.5142 0.0213 0.1262 0.0251 
         378  1 0.0160 0.0064 0.0117 0.0073 0.0041 0.9239 0.0107 0.0125 0.0075 
         388  1 0.1774 0.0125 0.0125 0.0314 0.0168 0.0276 0.0095 0.1984 0.5139 
         391  1 0.1743 0.0062 0.0082 0.0917 0.0108 0.2084 0.4116 0.0661 0.0227 
         396  1 0.1365 0.5422 0.0168 0.1110 0.0110 0.0245 0.0480 0.0909 0.0192 
         400  1 0.0305 0.1976 0.0095 0.0819 0.1563 0.4444 0.0096 0.0622 0.0081 
         401  1 0.0405 0.2803 0.0968 0.4021 0.0725 0.0102 0.0590 0.0315 0.0072 
         406  1 0.4521 0.0107 0.0256 0.0814 0.0224 0.0150 0.0883 0.2085 0.0961 
         412  1 0.5748 0.0166 0.0137 0.0370 0.0112 0.0240 0.0229 0.2468 0.0529 
         413  1 0.4826 0.0109 0.0776 0.0425 0.0433 0.0060 0.0037 0.3168 0.0166 
         421  1 0.2002 0.4434 0.0254 0.1087 0.0177 0.0163 0.0195 0.1504 0.0184 
         423  1 0.1557 0.4511 0.0090 0.1023 0.0471 0.0160 0.0179 0.1526 0.0483 
         424  1 0.5089 0.0085 0.0159 0.0449 0.0286 0.0260 0.1651 0.1819 0.0202 
         426  1 0.0438 0.0306 0.0173 0.0360 0.0153 0.7901 0.0267 0.0288 0.0114 
         430  1 0.5334 0.0181 0.0539 0.0272 0.0100 0.0169 0.0386 0.2805 0.0215 
         435  1 0.3559 0.0050 0.4252 0.0102 0.0044 0.0137 0.0045 0.1461 0.0351 
         476  1 0.0183 0.0842 0.0232 0.0447 0.0232 0.0156 0.7705 0.0140 0.0063 
         478  1 0.0146 0.1813 0.0057 0.0268 0.0262 0.0177 0.6989 0.0210 0.0078 
         484  1 0.2087 0.0064 0.0319 0.0147 0.0061 0.0111 0.0168 0.1357 0.5686 
         489  1 0.2177 0.0239 0.0082 0.0188 0.0087 0.4641 0.0100 0.1683 0.0803 
         492  1 0.0354 0.0062 0.0071 0.0371 0.4675 0.0066 0.0050 0.4255 0.0096 
         493  1 0.0170 0.0163 0.0089 0.0477 0.8677 0.0147 0.0092 0.0121 0.0064 
         494  1 0.0091 0.0163 0.0075 0.3072 0.5843 0.0373 0.0147 0.0165 0.0070 
         500  1 0.0047 0.9428 0.0041 0.0086 0.0051 0.0082 0.0174 0.0054 0.0038 
         504  1 0.0748 0.0472 0.0130 0.0460 0.0210 0.0522 0.0093 0.0927 0.6439 
         506  1 0.0102 0.0636 0.0042 0.0078 0.0052 0.0095 0.0092 0.0092 0.8812 
