

----------------------------------------------------
STRUCTURE by Pritchard, Stephens and Donnelly (2000)
     and Falush, Stephens and Pritchard (2003)
       Code by Pritchard, Falush and Hubisz
             Version 2.3.4 (Jul 2012)
----------------------------------------------------



Command line arguments:   bin\structure -m C:\Users\drenske\Desktop\STRUCTURE\Squirrel_135_ID_16L_20250816\10k_Burnin_100k_MCMC\mainparams -e C:\Users\drenske\Desktop\STRUCTURE\Squirrel_135_ID_16L_20250816\10k_Burnin_100k_MCMC\extraparams 
Input File:    C:\Users\drenske\Desktop\STRUCTURE\Squirrel_135_ID_16L_20250816\project_data

Run parameters:
   135 individuals
   16 loci
   8 populations assumed
   10000 Burn-in period
   100000 Reps


--------------------------------------------
Proportion of membership of each pre-defined
 population in each of the 8 clusters

Given    Inferred Clusters                                          Number of
 Pop       1      2      3      4      5      6      7      8      Individuals

  1:     0.116  0.125  0.165  0.108  0.131  0.143  0.082  0.131      135
--------------------------------------------

Allele-freq. divergence among pops (Net nucleotide distance),
computed using point estimates of P.

      1       2       3       4       5       6       7       8      
 1      -    0.0728  0.0723  0.0995  0.1341  0.0855  0.0792  0.1059  
 2   0.0728     -    0.0848  0.0535  0.0641  0.0576  0.0293  0.0844  
 3   0.0723  0.0848     -    0.1021  0.1090  0.0655  0.0766  0.0865  
 4   0.0995  0.0535  0.1021     -    0.1104  0.0753  0.0716  0.1148  
 5   0.1341  0.0641  0.1090  0.1104     -    0.0766  0.0652  0.1183  
 6   0.0855  0.0576  0.0655  0.0753  0.0766     -    0.0376  0.0629  
 7   0.0792  0.0293  0.0766  0.0716  0.0652  0.0376     -    0.0920  
 8   0.1059  0.0844  0.0865  0.1148  0.1183  0.0629  0.0920     -    

Average distances (expected heterozygosity) between individuals in same cluster:
cluster  1  : 0.4637 
cluster  2  : 0.5464 
cluster  3  : 0.5331 
cluster  4  : 0.5837 
cluster  5  : 0.5384 
cluster  6  : 0.6390 
cluster  7  : 0.6105 
cluster  8  : 0.4628 

--------------------------------------------
Estimated Ln Prob of Data   = -4795.3
Mean value of ln likelihood = -4491.6
Variance of ln likelihood   = 607.3
Mean value of alpha         = 0.0491

Mean value of lambda        = 1.0004

Mean value of Fst_1         = 0.2729
Mean value of Fst_2         = 0.2283
Mean value of Fst_3         = 0.2228
Mean value of Fst_4         = 0.1930
Mean value of Fst_5         = 0.2366
Mean value of Fst_6         = 0.0670
Mean value of Fst_7         = 0.2438
Mean value of Fst_8         = 0.3034


Inferred ancestry of individuals:
        Label (%Miss) Pop:  Inferred clusters (and 90% probability intervals)
  1       1*    (0)    1 :  0.031 0.057 0.010 0.006 0.016 0.634 0.230 0.016     (0.000,0.226) (0.000,0.380) (0.000,0.062) (0.000,0.033) (0.000,0.098) (0.000,1.000) (0.000,0.942) (0.000,0.110) 
  2        3    (0)    1 :  0.006 0.007 0.006 0.005 0.007 0.006 0.006 0.958     (0.000,0.032) (0.000,0.041) (0.000,0.034) (0.000,0.026) (0.000,0.044) (0.000,0.031) (0.000,0.031) (0.817,1.000) 
  3        6    (0)    1 :  0.011 0.024 0.021 0.015 0.020 0.006 0.010 0.893     (0.000,0.067) (0.000,0.170) (0.000,0.146) (0.000,0.095) (0.000,0.137) (0.000,0.034) (0.000,0.057) (0.583,1.000) 
  4        8    (0)    1 :  0.030 0.008 0.855 0.004 0.017 0.013 0.067 0.007     (0.000,0.205) (0.000,0.046) (0.415,1.000) (0.000,0.021) (0.000,0.114) (0.000,0.083) (0.000,0.465) (0.000,0.041) 
  5       10    (0)    1 :  0.841 0.005 0.120 0.005 0.004 0.009 0.008 0.009     (0.441,1.000) (0.000,0.028) (0.000,0.520) (0.000,0.029) (0.000,0.020) (0.000,0.051) (0.000,0.042) (0.000,0.055) 
  6       11    (0)    1 :  0.023 0.110 0.058 0.048 0.014 0.520 0.178 0.049     (0.000,0.164) (0.000,0.618) (0.000,0.389) (0.000,0.350) (0.000,0.086) (0.000,0.999) (0.000,0.940) (0.000,0.348) 
  7       12    (0)    1 :  0.959 0.008 0.008 0.005 0.005 0.005 0.005 0.006     (0.820,1.000) (0.000,0.046) (0.000,0.048) (0.000,0.029) (0.000,0.027) (0.000,0.025) (0.000,0.029) (0.000,0.031) 
  8       16    (6)    1 :  0.010 0.007 0.017 0.006 0.005 0.007 0.006 0.941     (0.000,0.059) (0.000,0.043) (0.000,0.110) (0.000,0.033) (0.000,0.031) (0.000,0.040) (0.000,0.037) (0.747,1.000) 
  9       18    (0)    1 :  0.007 0.006 0.008 0.004 0.006 0.934 0.026 0.009     (0.000,0.038) (0.000,0.035) (0.000,0.048) (0.000,0.024) (0.000,0.034) (0.742,1.000) (0.000,0.076) (0.000,0.052) 
 10       19    (0)    1 :  0.011 0.017 0.040 0.089 0.029 0.768 0.029 0.016     (0.000,0.065) (0.000,0.105) (0.000,0.285) (0.000,0.499) (0.000,0.201) (0.083,1.000) (0.000,0.167) (0.000,0.104) 
 11       21    (6)    1 :  0.010 0.010 0.026 0.008 0.006 0.007 0.007 0.926     (0.000,0.059) (0.000,0.060) (0.000,0.181) (0.000,0.046) (0.000,0.035) (0.000,0.037) (0.000,0.043) (0.703,1.000) 
 12       23    (6)    1 :  0.718 0.162 0.021 0.034 0.015 0.011 0.026 0.013     (0.249,1.000) (0.000,0.642) (0.000,0.149) (0.000,0.228) (0.000,0.093) (0.000,0.069) (0.000,0.181) (0.000,0.083) 
 13       24    (6)    1 :  0.355 0.014 0.201 0.042 0.010 0.124 0.236 0.018     (0.000,0.957) (0.000,0.085) (0.000,0.704) (0.000,0.264) (0.000,0.061) (0.000,0.631) (0.000,0.887) (0.000,0.128) 
 14       25    (6)    1 :  0.696 0.097 0.062 0.008 0.010 0.015 0.056 0.055     (0.236,0.999) (0.000,0.514) (0.000,0.352) (0.000,0.043) (0.000,0.062) (0.000,0.092) (0.000,0.379) (0.000,0.316) 
 15      26*    (0)    1 :  0.170 0.008 0.630 0.005 0.008 0.019 0.049 0.111     (0.000,0.587) (0.000,0.044) (0.000,0.996) (0.000,0.029) (0.000,0.043) (0.000,0.129) (0.000,0.293) (0.000,0.550) 
 16       28    (0)    1 :  0.209 0.011 0.616 0.007 0.007 0.008 0.047 0.094     (0.000,0.976) (0.000,0.072) (0.000,1.000) (0.000,0.042) (0.000,0.042) (0.000,0.048) (0.000,0.325) (0.000,0.550) 
 17       29    (0)    1 :  0.880 0.006 0.073 0.006 0.005 0.014 0.010 0.006     (0.481,1.000) (0.000,0.034) (0.000,0.464) (0.000,0.035) (0.000,0.029) (0.000,0.091) (0.000,0.061) (0.000,0.034) 
 18       30    (0)    1 :  0.091 0.017 0.422 0.008 0.302 0.021 0.019 0.119     (0.000,0.601) (0.000,0.105) (0.000,0.952) (0.000,0.048) (0.000,0.671) (0.000,0.116) (0.000,0.101) (0.000,0.632) 
 19       33    (0)    1 :  0.006 0.010 0.005 0.056 0.012 0.884 0.021 0.006     (0.000,0.034) (0.000,0.061) (0.000,0.029) (0.000,0.340) (0.000,0.079) (0.550,1.000) (0.000,0.090) (0.000,0.035) 
 20       37    (0)    1 :  0.034 0.009 0.009 0.009 0.005 0.888 0.032 0.013     (0.000,0.243) (0.000,0.057) (0.000,0.053) (0.000,0.053) (0.000,0.032) (0.564,1.000) (0.000,0.151) (0.000,0.089) 
 21       38    (0)    1 :  0.018 0.005 0.016 0.005 0.005 0.909 0.033 0.010     (0.000,0.129) (0.000,0.025) (0.000,0.110) (0.000,0.028) (0.000,0.028) (0.635,1.000) (0.000,0.137) (0.000,0.060) 
 22       43    (0)    1 :  0.760 0.009 0.148 0.008 0.006 0.010 0.016 0.044     (0.354,1.000) (0.000,0.053) (0.000,0.585) (0.000,0.045) (0.000,0.037) (0.000,0.059) (0.000,0.106) (0.000,0.278) 
 23       44    (0)    1 :  0.007 0.033 0.391 0.007 0.050 0.013 0.114 0.385     (0.000,0.043) (0.000,0.256) (0.000,0.886) (0.000,0.039) (0.000,0.344) (0.000,0.069) (0.000,0.772) (0.000,0.722) 
 24       48    (0)    1 :  0.007 0.006 0.006 0.004 0.006 0.930 0.025 0.015     (0.000,0.042) (0.000,0.032) (0.000,0.038) (0.000,0.023) (0.000,0.034) (0.726,1.000) (0.000,0.066) (0.000,0.101) 
 25       55    (0)    1 :  0.011 0.030 0.586 0.012 0.022 0.013 0.097 0.230     (0.000,0.067) (0.000,0.223) (0.000,1.000) (0.000,0.073) (0.000,0.155) (0.000,0.078) (0.000,0.594) (0.000,0.829) 
 26       59    (0)    1 :  0.004 0.006 0.006 0.004 0.006 0.006 0.005 0.962     (0.000,0.024) (0.000,0.031) (0.000,0.038) (0.000,0.024) (0.000,0.035) (0.000,0.035) (0.000,0.032) (0.834,1.000) 
 27       60    (0)    1 :  0.060 0.453 0.005 0.042 0.035 0.026 0.364 0.015     (0.000,0.373) (0.000,1.000) (0.000,0.029) (0.000,0.301) (0.000,0.200) (0.000,0.170) (0.000,0.998) (0.000,0.094) 
 28       61    (0)    1 :  0.009 0.245 0.011 0.594 0.060 0.010 0.050 0.020     (0.000,0.053) (0.000,0.916) (0.000,0.066) (0.000,0.999) (0.000,0.369) (0.000,0.062) (0.000,0.364) (0.000,0.140) 
 29       62    (0)    1 :  0.038 0.611 0.012 0.150 0.018 0.018 0.141 0.013     (0.000,0.276) (0.000,1.000) (0.000,0.070) (0.000,0.941) (0.000,0.125) (0.000,0.115) (0.000,0.931) (0.000,0.078) 
 30       65    (0)    1 :  0.009 0.013 0.012 0.015 0.026 0.891 0.029 0.005     (0.000,0.053) (0.000,0.083) (0.000,0.070) (0.000,0.104) (0.000,0.176) (0.596,1.000) (0.000,0.144) (0.000,0.031) 
 31       73    (0)    1 :  0.102 0.027 0.010 0.005 0.819 0.008 0.023 0.006     (0.000,0.432) (0.000,0.190) (0.000,0.058) (0.000,0.030) (0.468,1.000) (0.000,0.046) (0.000,0.162) (0.000,0.036) 
 32       75    (0)    1 :  0.005 0.005 0.009 0.910 0.041 0.013 0.007 0.009     (0.000,0.030) (0.000,0.032) (0.000,0.056) (0.648,1.000) (0.000,0.264) (0.000,0.083) (0.000,0.044) (0.000,0.057) 
 33       76    (0)    1 :  0.011 0.014 0.005 0.945 0.007 0.005 0.005 0.007     (0.000,0.071) (0.000,0.093) (0.000,0.031) (0.764,1.000) (0.000,0.039) (0.000,0.029) (0.000,0.030) (0.000,0.039) 
 34       77    (0)    1 :  0.009 0.053 0.005 0.891 0.005 0.008 0.023 0.007     (0.000,0.055) (0.000,0.371) (0.000,0.031) (0.510,1.000) (0.000,0.025) (0.000,0.046) (0.000,0.156) (0.000,0.040) 
 35       78    (0)    1 :  0.017 0.043 0.010 0.282 0.604 0.018 0.019 0.008     (0.000,0.115) (0.000,0.316) (0.000,0.057) (0.000,0.829) (0.006,0.999) (0.000,0.115) (0.000,0.119) (0.000,0.046) 
 36       79    (0)    1 :  0.006 0.027 0.008 0.838 0.086 0.017 0.014 0.005     (0.000,0.033) (0.000,0.190) (0.000,0.051) (0.444,1.000) (0.000,0.448) (0.000,0.115) (0.000,0.094) (0.000,0.032) 
 37       84    (0)    1 :  0.086 0.094 0.110 0.018 0.019 0.015 0.069 0.590     (0.000,0.487) (0.000,0.479) (0.000,0.447) (0.000,0.122) (0.000,0.129) (0.000,0.091) (0.000,0.394) (0.212,0.951) 
 38       85    (0)    1 :  0.009 0.014 0.798 0.007 0.014 0.012 0.136 0.011     (0.000,0.052) (0.000,0.089) (0.000,1.000) (0.000,0.039) (0.000,0.091) (0.000,0.072) (0.000,0.978) (0.000,0.067) 
 39       86    (0)    1 :  0.018 0.017 0.799 0.012 0.022 0.023 0.102 0.007     (0.000,0.123) (0.000,0.111) (0.171,1.000) (0.000,0.075) (0.000,0.161) (0.000,0.157) (0.000,0.690) (0.000,0.039) 
 40       89    (0)    1 :  0.237 0.143 0.014 0.025 0.012 0.024 0.071 0.474     (0.000,0.746) (0.000,0.619) (0.000,0.082) (0.000,0.183) (0.000,0.070) (0.000,0.160) (0.000,0.425) (0.000,0.864) 
 41       94    (0)    1 :  0.920 0.010 0.012 0.006 0.005 0.024 0.009 0.015     (0.673,1.000) (0.000,0.058) (0.000,0.072) (0.000,0.035) (0.000,0.027) (0.000,0.166) (0.000,0.056) (0.000,0.103) 
 42       95    (0)    1 :  0.005 0.010 0.012 0.006 0.009 0.011 0.008 0.939     (0.000,0.030) (0.000,0.063) (0.000,0.076) (0.000,0.033) (0.000,0.053) (0.000,0.068) (0.000,0.043) (0.740,1.000) 
 43       96    (0)    1 :  0.011 0.006 0.956 0.006 0.005 0.005 0.006 0.005     (0.000,0.071) (0.000,0.032) (0.807,1.000) (0.000,0.033) (0.000,0.031) (0.000,0.027) (0.000,0.033) (0.000,0.024) 
 44       98    (0)    1 :  0.012 0.609 0.007 0.042 0.244 0.008 0.071 0.007     (0.000,0.072) (0.000,1.000) (0.000,0.040) (0.000,0.295) (0.000,0.995) (0.000,0.043) (0.000,0.626) (0.000,0.039) 
 45      102    (0)    1 :  0.030 0.021 0.006 0.013 0.014 0.832 0.041 0.043     (0.000,0.209) (0.000,0.153) (0.000,0.036) (0.000,0.092) (0.000,0.091) (0.455,1.000) (0.000,0.269) (0.000,0.283) 
 46      105    (0)    1 :  0.005 0.005 0.005 0.004 0.963 0.008 0.005 0.005     (0.000,0.030) (0.000,0.030) (0.000,0.027) (0.000,0.022) (0.839,1.000) (0.000,0.047) (0.000,0.030) (0.000,0.029) 
 47      106    (0)    1 :  0.007 0.120 0.018 0.464 0.185 0.036 0.070 0.101     (0.000,0.041) (0.000,0.611) (0.000,0.122) (0.000,0.952) (0.000,0.663) (0.000,0.246) (0.000,0.456) (0.000,0.429) 
 48      108    (0)    1 :  0.009 0.019 0.009 0.026 0.840 0.060 0.030 0.007     (0.000,0.055) (0.000,0.133) (0.000,0.055) (0.000,0.182) (0.504,1.000) (0.000,0.361) (0.000,0.201) (0.000,0.042) 
 49      109    (0)    1 :  0.007 0.120 0.025 0.031 0.775 0.013 0.016 0.012     (0.000,0.041) (0.000,0.773) (0.000,0.178) (0.000,0.224) (0.001,1.000) (0.000,0.069) (0.000,0.099) (0.000,0.075) 
 50      112    (0)    1 :  0.077 0.476 0.100 0.132 0.010 0.037 0.157 0.011     (0.000,0.499) (0.000,0.996) (0.000,0.485) (0.000,0.738) (0.000,0.060) (0.000,0.257) (0.000,0.870) (0.000,0.067) 
 51      115    (0)    1 :  0.073 0.038 0.012 0.021 0.032 0.669 0.134 0.021     (0.000,0.412) (0.000,0.274) (0.000,0.069) (0.000,0.144) (0.000,0.227) (0.000,1.000) (0.000,0.886) (0.000,0.146) 
 52      116    (0)    1 :  0.013 0.024 0.769 0.007 0.024 0.023 0.127 0.014     (0.000,0.074) (0.000,0.165) (0.000,1.000) (0.000,0.036) (0.000,0.175) (0.000,0.155) (0.000,0.890) (0.000,0.086) 
 53      117    (0)    1 :  0.280 0.040 0.251 0.026 0.022 0.017 0.014 0.349     (0.000,0.985) (0.000,0.298) (0.000,0.787) (0.000,0.191) (0.000,0.146) (0.000,0.112) (0.000,0.084) (0.000,0.914) 
 54      129    (0)    1 :  0.010 0.006 0.901 0.004 0.005 0.007 0.012 0.054     (0.000,0.057) (0.000,0.032) (0.592,1.000) (0.000,0.023) (0.000,0.029) (0.000,0.045) (0.000,0.075) (0.000,0.336) 
 55      132    (0)    1 :  0.168 0.264 0.007 0.017 0.023 0.065 0.432 0.024     (0.000,0.651) (0.000,0.962) (0.000,0.039) (0.000,0.098) (0.000,0.134) (0.000,0.443) (0.000,1.000) (0.000,0.177) 
 56      133    (0)    1 :  0.009 0.606 0.005 0.066 0.234 0.007 0.065 0.008     (0.000,0.054) (0.000,1.000) (0.000,0.026) (0.000,0.497) (0.000,0.994) (0.000,0.039) (0.000,0.564) (0.000,0.047) 
 57      137    (6)    1 :  0.020 0.256 0.011 0.631 0.014 0.015 0.036 0.017     (0.000,0.137) (0.000,0.964) (0.000,0.072) (0.000,1.000) (0.000,0.092) (0.000,0.094) (0.000,0.258) (0.000,0.113) 
 58      139    (0)    1 :  0.008 0.007 0.014 0.928 0.012 0.012 0.010 0.009     (0.000,0.049) (0.000,0.039) (0.000,0.097) (0.708,1.000) (0.000,0.070) (0.000,0.078) (0.000,0.059) (0.000,0.057) 
 59      140    (0)    1 :  0.005 0.075 0.009 0.027 0.846 0.010 0.011 0.018     (0.000,0.031) (0.000,0.515) (0.000,0.051) (0.000,0.189) (0.399,1.000) (0.000,0.057) (0.000,0.060) (0.000,0.128) 
 60      142    (0)    1 :  0.013 0.327 0.006 0.554 0.012 0.009 0.053 0.026     (0.000,0.080) (0.000,0.941) (0.000,0.034) (0.000,0.999) (0.000,0.073) (0.000,0.053) (0.000,0.451) (0.000,0.190) 
 61      144    (0)    1 :  0.004 0.008 0.004 0.005 0.963 0.005 0.005 0.007     (0.000,0.023) (0.000,0.045) (0.000,0.020) (0.000,0.027) (0.841,1.000) (0.000,0.028) (0.000,0.030) (0.000,0.039) 
 62      145    (0)    1 :  0.005 0.660 0.005 0.147 0.009 0.007 0.161 0.007     (0.000,0.028) (0.000,1.000) (0.000,0.025) (0.000,0.986) (0.000,0.057) (0.000,0.040) (0.000,0.995) (0.000,0.036) 
 63      147    (0)    1 :  0.005 0.009 0.007 0.025 0.929 0.008 0.012 0.005     (0.000,0.030) (0.000,0.052) (0.000,0.045) (0.000,0.178) (0.693,1.000) (0.000,0.049) (0.000,0.070) (0.000,0.027) 
 64      160    (0)    1 :  0.949 0.006 0.010 0.006 0.005 0.009 0.007 0.009     (0.779,1.000) (0.000,0.035) (0.000,0.056) (0.000,0.032) (0.000,0.027) (0.000,0.054) (0.000,0.038) (0.000,0.053) 
 65     162*    (0)    1 :  0.011 0.006 0.956 0.006 0.005 0.005 0.006 0.004     (0.000,0.065) (0.000,0.032) (0.806,1.000) (0.000,0.035) (0.000,0.026) (0.000,0.029) (0.000,0.033) (0.000,0.025) 
 66      166    (0)    1 :  0.007 0.460 0.008 0.072 0.090 0.008 0.321 0.034     (0.000,0.038) (0.000,1.000) (0.000,0.048) (0.000,0.517) (0.000,0.710) (0.000,0.045) (0.000,0.997) (0.000,0.247) 
 67      177    (0)    1 :  0.005 0.006 0.005 0.968 0.004 0.005 0.004 0.004     (0.000,0.026) (0.000,0.032) (0.000,0.031) (0.860,1.000) (0.000,0.021) (0.000,0.025) (0.000,0.022) (0.000,0.023) 
 68      178    (0)    1 :  0.041 0.034 0.014 0.799 0.051 0.013 0.038 0.010     (0.000,0.287) (0.000,0.255) (0.000,0.093) (0.409,1.000) (0.000,0.332) (0.000,0.080) (0.000,0.261) (0.000,0.059) 
 69      186    (0)    1 :  0.006 0.005 0.006 0.004 0.004 0.004 0.004 0.965     (0.000,0.034) (0.000,0.030) (0.000,0.030) (0.000,0.024) (0.000,0.024) (0.000,0.024) (0.000,0.024) (0.848,1.000) 
 70      189    (0)    1 :  0.015 0.011 0.791 0.008 0.004 0.007 0.156 0.007     (0.000,0.099) (0.000,0.066) (0.000,1.000) (0.000,0.049) (0.000,0.023) (0.000,0.039) (0.000,0.990) (0.000,0.043) 
 71      190    (0)    1 :  0.071 0.026 0.795 0.013 0.009 0.016 0.032 0.037     (0.000,0.472) (0.000,0.189) (0.349,1.000) (0.000,0.086) (0.000,0.054) (0.000,0.108) (0.000,0.227) (0.000,0.255) 
 72      191    (0)    1 :  0.027 0.055 0.183 0.020 0.053 0.013 0.110 0.541     (0.000,0.195) (0.000,0.378) (0.000,0.793) (0.000,0.135) (0.000,0.330) (0.000,0.074) (0.000,0.709) (0.000,0.960) 
 73      193    (0)    1 :  0.014 0.637 0.008 0.119 0.011 0.011 0.169 0.030     (0.000,0.088) (0.000,1.000) (0.000,0.050) (0.000,0.929) (0.000,0.069) (0.000,0.067) (0.000,0.988) (0.000,0.212) 
 74      202    (0)    1 :  0.502 0.036 0.315 0.012 0.010 0.060 0.055 0.010     (0.022,0.937) (0.000,0.254) (0.000,0.741) (0.000,0.074) (0.000,0.061) (0.000,0.379) (0.000,0.335) (0.000,0.065) 
 75      204    (0)    1 :  0.008 0.004 0.936 0.003 0.005 0.005 0.005 0.034     (0.000,0.049) (0.000,0.023) (0.698,1.000) (0.000,0.019) (0.000,0.027) (0.000,0.025) (0.000,0.027) (0.000,0.246) 
 76      211    (0)    1 :  0.267 0.224 0.014 0.040 0.175 0.024 0.246 0.010     (0.000,0.760) (0.000,0.908) (0.000,0.095) (0.000,0.266) (0.000,0.818) (0.000,0.157) (0.000,0.931) (0.000,0.064) 
 77      216    (0)    1 :  0.019 0.147 0.006 0.030 0.676 0.007 0.110 0.006     (0.000,0.130) (0.000,0.739) (0.000,0.031) (0.000,0.196) (0.123,1.000) (0.000,0.040) (0.000,0.613) (0.000,0.032) 
 78      222    (0)    1 :  0.018 0.067 0.011 0.015 0.696 0.036 0.149 0.008     (0.000,0.126) (0.000,0.485) (0.000,0.066) (0.000,0.095) (0.095,1.000) (0.000,0.264) (0.000,0.749) (0.000,0.052) 
 79      224    (0)    1 :  0.020 0.027 0.726 0.007 0.015 0.015 0.173 0.018     (0.000,0.138) (0.000,0.185) (0.000,1.000) (0.000,0.044) (0.000,0.096) (0.000,0.083) (0.000,0.993) (0.000,0.122) 
 80      226    (0)    1 :  0.005 0.008 0.008 0.007 0.004 0.009 0.006 0.954     (0.000,0.026) (0.000,0.046) (0.000,0.050) (0.000,0.038) (0.000,0.024) (0.000,0.049) (0.000,0.034) (0.799,1.000) 
 81      229    (0)    1 :  0.074 0.073 0.677 0.025 0.036 0.032 0.074 0.010     (0.000,0.497) (0.000,0.363) (0.204,0.994) (0.000,0.176) (0.000,0.259) (0.000,0.230) (0.000,0.422) (0.000,0.060) 
 82      230    (0)    1 :  0.023 0.010 0.866 0.042 0.014 0.016 0.013 0.017     (0.000,0.154) (0.000,0.059) (0.553,1.000) (0.000,0.255) (0.000,0.098) (0.000,0.100) (0.000,0.071) (0.000,0.119) 
 83      232    (0)    1 :  0.448 0.203 0.109 0.056 0.020 0.030 0.068 0.066     (0.000,0.921) (0.000,0.709) (0.000,0.593) (0.000,0.369) (0.000,0.146) (0.000,0.209) (0.000,0.501) (0.000,0.378) 
 84      238    (0)    1 :  0.012 0.064 0.080 0.158 0.025 0.626 0.028 0.008     (0.000,0.073) (0.000,0.398) (0.000,0.423) (0.000,0.573) (0.000,0.185) (0.004,0.998) (0.000,0.194) (0.000,0.045) 
 85      242    (0)    1 :  0.005 0.007 0.006 0.004 0.009 0.919 0.043 0.007     (0.000,0.029) (0.000,0.042) (0.000,0.033) (0.000,0.024) (0.000,0.053) (0.670,1.000) (0.000,0.242) (0.000,0.038) 
 86      243    (0)    1 :  0.012 0.113 0.009 0.033 0.030 0.752 0.023 0.029     (0.000,0.076) (0.000,0.577) (0.000,0.053) (0.000,0.230) (0.000,0.214) (0.290,1.000) (0.000,0.145) (0.000,0.216) 
 87      244    (0)    1 :  0.012 0.019 0.012 0.251 0.009 0.653 0.039 0.006     (0.000,0.073) (0.000,0.130) (0.000,0.076) (0.000,0.705) (0.000,0.055) (0.119,0.999) (0.000,0.278) (0.000,0.036) 
 88      251    (0)    1 :  0.120 0.088 0.028 0.020 0.016 0.643 0.075 0.009     (0.000,0.557) (0.000,0.539) (0.000,0.200) (0.000,0.128) (0.000,0.101) (0.001,0.999) (0.000,0.546) (0.000,0.052) 
 89      266    (0)    1 :  0.011 0.091 0.025 0.589 0.016 0.156 0.099 0.012     (0.000,0.067) (0.000,0.517) (0.000,0.182) (0.114,0.984) (0.000,0.108) (0.000,0.587) (0.000,0.528) (0.000,0.079) 
 90      267    (0)    1 :  0.014 0.096 0.064 0.014 0.731 0.024 0.026 0.031     (0.000,0.093) (0.000,0.621) (0.000,0.360) (0.000,0.091) (0.026,1.000) (0.000,0.162) (0.000,0.186) (0.000,0.219) 
 91      268    (0)    1 :  0.042 0.175 0.005 0.320 0.294 0.011 0.145 0.008     (0.000,0.292) (0.000,0.944) (0.000,0.028) (0.000,0.940) (0.000,0.993) (0.000,0.065) (0.000,0.713) (0.000,0.052) 
 92      270    (0)    1 :  0.021 0.017 0.807 0.008 0.014 0.019 0.075 0.038     (0.000,0.143) (0.000,0.121) (0.248,1.000) (0.000,0.048) (0.000,0.092) (0.000,0.132) (0.000,0.561) (0.000,0.287) 
 93      276    (0)    1 :  0.037 0.101 0.174 0.058 0.065 0.020 0.098 0.446     (0.000,0.268) (0.000,0.535) (0.000,0.890) (0.000,0.364) (0.000,0.413) (0.000,0.136) (0.000,0.740) (0.000,0.905) 
 94      298    (6)    1 :  0.013 0.047 0.006 0.089 0.760 0.012 0.053 0.019     (0.000,0.084) (0.000,0.351) (0.000,0.035) (0.000,0.479) (0.292,1.000) (0.000,0.075) (0.000,0.389) (0.000,0.135) 
 95      306    (0)    1 :  0.009 0.655 0.006 0.032 0.036 0.016 0.238 0.008     (0.000,0.050) (0.168,1.000) (0.000,0.034) (0.000,0.241) (0.000,0.262) (0.000,0.102) (0.000,0.714) (0.000,0.049) 
 96      308    (0)    1 :  0.097 0.168 0.009 0.375 0.254 0.036 0.055 0.007     (0.000,0.475) (0.000,0.661) (0.000,0.051) (0.000,0.964) (0.000,0.760) (0.000,0.260) (0.000,0.408) (0.000,0.039) 
 97      311    (6)    1 :  0.020 0.526 0.025 0.017 0.171 0.140 0.093 0.009     (0.000,0.135) (0.000,0.999) (0.000,0.169) (0.000,0.105) (0.000,0.869) (0.000,0.695) (0.000,0.699) (0.000,0.054) 
 98      323    (0)    1 :  0.005 0.006 0.008 0.005 0.006 0.008 0.006 0.957     (0.000,0.029) (0.000,0.031) (0.000,0.046) (0.000,0.026) (0.000,0.035) (0.000,0.044) (0.000,0.031) (0.816,1.000) 
 99      327    (0)    1 :  0.256 0.020 0.613 0.007 0.013 0.019 0.054 0.018     (0.000,0.804) (0.000,0.141) (0.020,0.998) (0.000,0.042) (0.000,0.081) (0.000,0.124) (0.000,0.345) (0.000,0.122) 
100      334    (0)    1 :  0.006 0.009 0.007 0.006 0.011 0.284 0.672 0.004     (0.000,0.036) (0.000,0.050) (0.000,0.037) (0.000,0.036) (0.000,0.072) (0.000,0.999) (0.000,1.000) (0.000,0.023) 
101      338    (0)    1 :  0.032 0.391 0.016 0.021 0.425 0.018 0.078 0.019     (0.000,0.223) (0.000,0.987) (0.000,0.107) (0.000,0.146) (0.000,0.998) (0.000,0.108) (0.000,0.538) (0.000,0.130) 
102      341    (0)    1 :  0.007 0.016 0.007 0.006 0.005 0.011 0.009 0.937     (0.000,0.041) (0.000,0.111) (0.000,0.044) (0.000,0.036) (0.000,0.028) (0.000,0.069) (0.000,0.056) (0.737,1.000) 
103      346    (0)    1 :  0.044 0.348 0.008 0.531 0.009 0.009 0.036 0.013     (0.000,0.318) (0.000,0.998) (0.000,0.049) (0.000,1.000) (0.000,0.050) (0.000,0.052) (0.000,0.255) (0.000,0.080) 
104      348    (0)    1 :  0.008 0.062 0.009 0.194 0.668 0.025 0.026 0.008     (0.000,0.045) (0.000,0.386) (0.000,0.054) (0.000,0.719) (0.051,1.000) (0.000,0.172) (0.000,0.188) (0.000,0.045) 
105      351    (0)    1 :  0.029 0.092 0.008 0.017 0.008 0.339 0.487 0.020     (0.000,0.210) (0.000,0.688) (0.000,0.044) (0.000,0.105) (0.000,0.048) (0.000,0.998) (0.000,1.000) (0.000,0.143) 
106      362    (0)    1 :  0.026 0.007 0.913 0.006 0.006 0.007 0.006 0.029     (0.000,0.164) (0.000,0.039) (0.632,1.000) (0.000,0.036) (0.000,0.034) (0.000,0.038) (0.000,0.033) (0.000,0.202) 
107      364    (0)    1 :  0.010 0.032 0.006 0.010 0.009 0.856 0.067 0.010     (0.000,0.063) (0.000,0.234) (0.000,0.032) (0.000,0.058) (0.000,0.055) (0.439,1.000) (0.000,0.442) (0.000,0.060) 
108      366    (0)    1 :  0.012 0.021 0.044 0.011 0.028 0.856 0.017 0.011     (0.000,0.075) (0.000,0.145) (0.000,0.314) (0.000,0.061) (0.000,0.196) (0.464,1.000) (0.000,0.085) (0.000,0.067) 
109      376    (0)    1 :  0.026 0.034 0.024 0.019 0.006 0.009 0.015 0.866     (0.000,0.189) (0.000,0.227) (0.000,0.166) (0.000,0.131) (0.000,0.036) (0.000,0.051) (0.000,0.106) (0.565,1.000) 
110      377    (6)    1 :  0.562 0.111 0.086 0.007 0.020 0.013 0.183 0.016     (0.000,1.000) (0.000,0.852) (0.000,0.516) (0.000,0.041) (0.000,0.131) (0.000,0.071) (0.000,0.988) (0.000,0.109) 
111      378    (0)    1 :  0.937 0.014 0.007 0.012 0.007 0.005 0.008 0.011     (0.741,1.000) (0.000,0.094) (0.000,0.038) (0.000,0.081) (0.000,0.042) (0.000,0.029) (0.000,0.044) (0.000,0.066) 
112      388    (0)    1 :  0.029 0.177 0.011 0.012 0.676 0.017 0.068 0.010     (0.000,0.212) (0.000,0.964) (0.000,0.069) (0.000,0.074) (0.000,1.000) (0.000,0.114) (0.000,0.467) (0.000,0.063) 
113      391    (0)    1 :  0.252 0.227 0.007 0.011 0.020 0.015 0.027 0.441     (0.000,0.624) (0.000,0.770) (0.000,0.038) (0.000,0.066) (0.000,0.139) (0.000,0.086) (0.000,0.190) (0.000,0.816) 
114      396   (18)    1 :  0.024 0.192 0.535 0.020 0.023 0.015 0.135 0.055     (0.000,0.170) (0.000,0.676) (0.000,0.984) (0.000,0.139) (0.000,0.165) (0.000,0.088) (0.000,0.848) (0.000,0.379) 
115      400   (18)    1 :  0.531 0.023 0.160 0.009 0.009 0.092 0.166 0.010     (0.000,1.000) (0.000,0.117) (0.000,0.723) (0.000,0.055) (0.000,0.049) (0.000,0.626) (0.000,0.958) (0.000,0.060) 
116      401    (0)    1 :  0.011 0.082 0.398 0.177 0.009 0.207 0.031 0.086     (0.000,0.063) (0.000,0.483) (0.000,0.782) (0.000,0.610) (0.000,0.050) (0.000,0.721) (0.000,0.207) (0.000,0.531) 
117      406    (0)    1 :  0.017 0.587 0.011 0.031 0.167 0.048 0.055 0.085     (0.000,0.105) (0.000,1.000) (0.000,0.067) (0.000,0.208) (0.000,0.948) (0.000,0.340) (0.000,0.429) (0.000,0.510) 
118      412    (6)    1 :  0.025 0.741 0.017 0.016 0.101 0.016 0.063 0.020     (0.000,0.175) (0.000,1.000) (0.000,0.109) (0.000,0.094) (0.000,0.862) (0.000,0.094) (0.000,0.581) (0.000,0.136) 
119      413    (0)    1 :  0.007 0.546 0.012 0.147 0.019 0.036 0.229 0.004     (0.000,0.042) (0.000,1.000) (0.000,0.073) (0.000,0.950) (0.000,0.133) (0.000,0.245) (0.000,0.983) (0.000,0.021) 
120      421    (0)    1 :  0.014 0.266 0.409 0.022 0.020 0.020 0.230 0.018     (0.000,0.089) (0.000,0.757) (0.000,0.925) (0.000,0.149) (0.000,0.129) (0.000,0.122) (0.000,0.990) (0.000,0.127) 
121      423    (0)    1 :  0.018 0.167 0.457 0.010 0.058 0.045 0.228 0.017     (0.000,0.116) (0.000,0.769) (0.000,0.996) (0.000,0.057) (0.000,0.401) (0.000,0.331) (0.000,0.992) (0.000,0.121) 
122      424    (0)    1 :  0.033 0.671 0.009 0.022 0.022 0.028 0.071 0.143     (0.000,0.232) (0.000,1.000) (0.000,0.052) (0.000,0.136) (0.000,0.147) (0.000,0.189) (0.000,0.570) (0.000,0.676) 
123      426    (0)    1 :  0.838 0.037 0.026 0.018 0.014 0.018 0.021 0.027     (0.467,1.000) (0.000,0.261) (0.000,0.176) (0.000,0.126) (0.000,0.088) (0.000,0.126) (0.000,0.144) (0.000,0.191) 
124      430   (12)    1 :  0.017 0.629 0.016 0.073 0.028 0.009 0.183 0.045     (0.000,0.107) (0.000,1.000) (0.000,0.101) (0.000,0.528) (0.000,0.191) (0.000,0.047) (0.000,0.796) (0.000,0.326) 
125      435    (0)    1 :  0.018 0.381 0.005 0.464 0.047 0.005 0.075 0.005     (0.000,0.118) (0.000,0.926) (0.000,0.029) (0.000,0.996) (0.000,0.281) (0.000,0.028) (0.000,0.585) (0.000,0.027) 
126      476    (0)    1 :  0.016 0.023 0.101 0.027 0.007 0.034 0.015 0.778     (0.000,0.105) (0.000,0.166) (0.000,0.483) (0.000,0.186) (0.000,0.042) (0.000,0.216) (0.000,0.101) (0.405,1.000) 
127      478    (0)    1 :  0.019 0.017 0.165 0.006 0.010 0.028 0.050 0.705     (0.000,0.132) (0.000,0.115) (0.000,0.542) (0.000,0.036) (0.000,0.063) (0.000,0.197) (0.000,0.360) (0.342,0.995) 
128      484    (0)    1 :  0.012 0.198 0.007 0.035 0.700 0.007 0.024 0.017     (0.000,0.076) (0.000,0.832) (0.000,0.041) (0.000,0.253) (0.009,1.000) (0.000,0.040) (0.000,0.139) (0.000,0.120) 
129      489    (0)    1 :  0.471 0.224 0.021 0.009 0.083 0.008 0.173 0.010     (0.000,0.998) (0.000,0.994) (0.000,0.147) (0.000,0.051) (0.000,0.450) (0.000,0.046) (0.000,0.981) (0.000,0.065) 
130      492   (18)    1 :  0.006 0.019 0.006 0.007 0.009 0.269 0.679 0.005     (0.000,0.034) (0.000,0.123) (0.000,0.031) (0.000,0.039) (0.000,0.049) (0.000,0.998) (0.000,1.000) (0.000,0.027) 
131      493    (0)    1 :  0.012 0.013 0.013 0.008 0.006 0.918 0.022 0.007     (0.000,0.077) (0.000,0.086) (0.000,0.092) (0.000,0.046) (0.000,0.037) (0.684,1.000) (0.000,0.071) (0.000,0.042) 
132      494    (0)    1 :  0.035 0.008 0.017 0.008 0.007 0.876 0.036 0.013     (0.000,0.251) (0.000,0.047) (0.000,0.112) (0.000,0.049) (0.000,0.039) (0.523,1.000) (0.000,0.212) (0.000,0.082) 
133      500    (0)    1 :  0.010 0.005 0.943 0.004 0.004 0.007 0.011 0.016     (0.000,0.057) (0.000,0.025) (0.740,1.000) (0.000,0.024) (0.000,0.023) (0.000,0.042) (0.000,0.059) (0.000,0.108) 
134      504    (0)    1 :  0.047 0.082 0.047 0.013 0.725 0.027 0.049 0.010     (0.000,0.292) (0.000,0.553) (0.000,0.289) (0.000,0.076) (0.211,1.000) (0.000,0.187) (0.000,0.333) (0.000,0.064) 
135      506    (0)    1 :  0.010 0.010 0.076 0.004 0.879 0.006 0.005 0.011     (0.000,0.062) (0.000,0.054) (0.000,0.399) (0.000,0.025) (0.535,1.000) (0.000,0.034) (0.000,0.029) (0.000,0.066) 


Estimated Allele Frequencies in each cluster
First column gives estimated ancestral frequencies


Locus 1 : Rsu3 
3 alleles
1.5% missing data
 164   (0.524) 0.613 0.439 0.663 0.622 0.439 0.587 0.326 0.498 
 166   (0.247) 0.273 0.458 0.068 0.135 0.521 0.192 0.381 0.090 
 170   (0.229) 0.114 0.103 0.269 0.244 0.040 0.221 0.293 0.412 

Locus 2 : Rsu5 
5 alleles
1.5% missing data
 137   (0.730) 0.882 0.861 0.957 0.811 0.442 0.668 0.655 0.973 
 135   (0.089) 0.067 0.086 0.009 0.041 0.016 0.117 0.035 0.014 
 139   (0.105) 0.044 0.035 0.028 0.064 0.012 0.175 0.295 0.008 
 133   (0.024) 0.002 0.003 0.002 0.003 0.002 0.025 0.005 0.002 
 131   (0.052) 0.005 0.016 0.004 0.081 0.528 0.016 0.011 0.003 

Locus 3 : Scv1 
5 alleles
0.7% missing data
 181   (0.530) 0.720 0.341 0.658 0.359 0.380 0.673 0.333 0.952 
 179   (0.201) 0.122 0.226 0.109 0.288 0.110 0.157 0.457 0.023 
 177   (0.106) 0.142 0.287 0.013 0.033 0.192 0.062 0.089 0.010 
 185   (0.134) 0.013 0.142 0.217 0.315 0.315 0.067 0.113 0.012 
 171   (0.029) 0.003 0.004 0.003 0.004 0.003 0.041 0.008 0.002 

Locus 4 : Rsu4 
9 alleles
0.0% missing data
 267   (0.202) 0.085 0.041 0.318 0.096 0.133 0.287 0.316 0.145 
 263   (0.327) 0.756 0.620 0.221 0.287 0.363 0.251 0.383 0.466 
 259   (0.057) 0.048 0.009 0.169 0.009 0.006 0.017 0.048 0.275 
 287   (0.177) 0.071 0.248 0.243 0.123 0.179 0.135 0.162 0.097 
 275   (0.038) 0.004 0.005 0.003 0.017 0.004 0.111 0.012 0.003 
 279   (0.064) 0.012 0.013 0.009 0.290 0.008 0.084 0.031 0.005 
 283   (0.074) 0.007 0.054 0.006 0.170 0.300 0.045 0.023 0.005 
 291   (0.037) 0.015 0.005 0.029 0.006 0.004 0.026 0.019 0.003 
 271   (0.025) 0.002 0.003 0.002 0.004 0.002 0.043 0.005 0.002 

Locus 5 : Rsu6 
5 alleles
0.0% missing data
 120   (0.268) 0.491 0.302 0.233 0.215 0.101 0.210 0.285 0.291 
 126   (0.600) 0.464 0.683 0.466 0.763 0.884 0.642 0.679 0.576 
 124   (0.077) 0.041 0.009 0.282 0.014 0.009 0.057 0.021 0.129 
 130   (0.032) 0.003 0.003 0.002 0.004 0.003 0.083 0.007 0.002 
 114   (0.023) 0.002 0.003 0.016 0.003 0.003 0.008 0.008 0.002 

Locus 6 : Scv12 
3 alleles
1.5% missing data
 198   (0.575) 0.415 0.705 0.283 0.651 0.412 0.708 0.674 0.687 
 196   (0.267) 0.270 0.263 0.167 0.202 0.532 0.156 0.252 0.292 
 200   (0.158) 0.315 0.032 0.550 0.146 0.056 0.136 0.074 0.021 

Locus 7 : Scv23 
3 alleles
1.5% missing data
 158   (0.519) 0.487 0.550 0.722 0.544 0.764 0.461 0.609 0.357 
 164   (0.195) 0.115 0.157 0.060 0.041 0.128 0.256 0.247 0.442 
 160   (0.286) 0.399 0.293 0.218 0.415 0.108 0.283 0.144 0.202 

Locus 8 : Scv13 
5 alleles
0.0% missing data
 182   (0.736) 0.966 0.919 0.913 0.499 0.898 0.676 0.922 0.785 
 180   (0.089) 0.017 0.017 0.065 0.016 0.009 0.117 0.036 0.185 
 172   (0.076) 0.007 0.034 0.006 0.305 0.080 0.061 0.015 0.006 
 184   (0.063) 0.006 0.022 0.012 0.019 0.009 0.124 0.017 0.022 
 174   (0.037) 0.003 0.008 0.003 0.161 0.004 0.022 0.008 0.002 

Locus 9 : Scv32 
18 alleles
0.7% missing data
 236   (0.036) 0.003 0.005 0.003 0.007 0.004 0.133 0.016 0.002 
 238   (0.047) 0.008 0.102 0.004 0.010 0.083 0.023 0.148 0.004 
 234   (0.141) 0.110 0.386 0.021 0.659 0.110 0.066 0.115 0.333 
 246   (0.056) 0.038 0.019 0.180 0.015 0.007 0.018 0.060 0.303 
 248   (0.092) 0.350 0.038 0.115 0.014 0.022 0.110 0.229 0.007 
 262   (0.101) 0.128 0.142 0.308 0.035 0.037 0.058 0.087 0.011 
 232   (0.157) 0.016 0.136 0.092 0.039 0.460 0.350 0.117 0.177 
 250   (0.025) 0.262 0.007 0.003 0.004 0.003 0.008 0.006 0.003 
 228   (0.025) 0.003 0.004 0.002 0.005 0.003 0.040 0.007 0.002 
 220   (0.041) 0.010 0.005 0.229 0.007 0.004 0.015 0.013 0.072 
 264   (0.059) 0.012 0.079 0.006 0.029 0.007 0.054 0.036 0.045 
 252   (0.046) 0.005 0.010 0.020 0.086 0.087 0.014 0.010 0.003 
 254   (0.046) 0.008 0.016 0.004 0.064 0.097 0.019 0.092 0.003 
 242   (0.022) 0.002 0.002 0.002 0.003 0.002 0.042 0.005 0.002 
 266   (0.032) 0.003 0.032 0.003 0.005 0.039 0.012 0.011 0.002 
 244   (0.033) 0.038 0.012 0.006 0.005 0.033 0.013 0.039 0.002 
 226   (0.020) 0.002 0.002 0.002 0.003 0.002 0.006 0.004 0.026 
 240   (0.020) 0.002 0.002 0.002 0.008 0.002 0.020 0.005 0.001 

Locus 10 : Scv8 
6 alleles
0.7% missing data
 200   (0.616) 0.790 0.692 0.732 0.448 0.620 0.638 0.706 0.827 
 202   (0.095) 0.010 0.072 0.008 0.055 0.070 0.161 0.074 0.007 
 194   (0.091) 0.028 0.175 0.075 0.046 0.010 0.041 0.096 0.153 
 204   (0.051) 0.115 0.010 0.036 0.009 0.005 0.026 0.033 0.004 
 198   (0.077) 0.052 0.024 0.143 0.017 0.008 0.098 0.073 0.005 
 188   (0.070) 0.007 0.026 0.006 0.425 0.287 0.036 0.018 0.005 

Locus 11 : Scv9 
5 alleles
0.0% missing data
 198   (0.328) 0.478 0.464 0.114 0.580 0.325 0.207 0.466 0.426 
 200   (0.340) 0.397 0.108 0.596 0.100 0.308 0.495 0.281 0.357 
 196   (0.263) 0.118 0.416 0.284 0.182 0.357 0.276 0.240 0.043 
 204   (0.045) 0.005 0.008 0.004 0.108 0.006 0.014 0.009 0.173 
 202   (0.024) 0.002 0.003 0.002 0.029 0.004 0.007 0.004 0.002 

Locus 12 : Rsu1 
6 alleles
0.0% missing data
 189   (0.289) 0.061 0.268 0.063 0.257 0.106 0.494 0.337 0.497 
 185   (0.275) 0.066 0.461 0.195 0.145 0.785 0.194 0.387 0.179 
 177   (0.084) 0.011 0.025 0.157 0.043 0.061 0.050 0.046 0.010 
 181   (0.248) 0.782 0.228 0.188 0.539 0.038 0.231 0.175 0.054 
 193   (0.057) 0.075 0.011 0.295 0.009 0.006 0.018 0.041 0.032 
 197   (0.046) 0.005 0.007 0.102 0.006 0.004 0.014 0.014 0.228 

Locus 13 : Scv14 
7 alleles
4.4% missing data
 196   (0.546) 0.886 0.604 0.832 0.660 0.594 0.480 0.349 0.938 
 198   (0.082) 0.013 0.111 0.007 0.072 0.030 0.095 0.188 0.006 
 194   (0.133) 0.053 0.132 0.032 0.159 0.047 0.195 0.117 0.017 
 202   (0.168) 0.025 0.143 0.117 0.080 0.322 0.186 0.326 0.033 
 204   (0.023) 0.003 0.003 0.002 0.004 0.002 0.023 0.005 0.002 
 190   (0.025) 0.017 0.004 0.008 0.004 0.003 0.009 0.007 0.002 
 200   (0.024) 0.002 0.004 0.002 0.022 0.002 0.011 0.008 0.002 

Locus 14 : Scv16 
7 alleles
0.0% missing data
 182   (0.399) 0.783 0.626 0.572 0.553 0.310 0.263 0.585 0.187 
 184   (0.404) 0.195 0.334 0.292 0.193 0.619 0.535 0.325 0.784 
 188   (0.065) 0.006 0.008 0.124 0.009 0.007 0.131 0.045 0.019 
 200   (0.025) 0.002 0.003 0.002 0.004 0.003 0.025 0.005 0.002 
 198   (0.045) 0.008 0.018 0.004 0.140 0.036 0.014 0.025 0.003 
 190   (0.038) 0.004 0.008 0.003 0.094 0.022 0.012 0.011 0.003 
 186   (0.024) 0.002 0.004 0.003 0.007 0.003 0.021 0.005 0.002 

Locus 15 : Scv31 
15 alleles
3.0% missing data
 193   (0.107) 0.566 0.110 0.031 0.030 0.157 0.080 0.209 0.011 
 201   (0.103) 0.085 0.016 0.068 0.016 0.068 0.215 0.042 0.011 
 187   (0.082) 0.056 0.016 0.350 0.013 0.113 0.028 0.024 0.262 
 207   (0.028) 0.003 0.004 0.008 0.004 0.003 0.008 0.011 0.403 
 195   (0.068) 0.025 0.053 0.084 0.031 0.210 0.022 0.083 0.012 
 185   (0.185) 0.026 0.406 0.025 0.335 0.169 0.139 0.172 0.230 
 189   (0.061) 0.172 0.007 0.007 0.008 0.006 0.209 0.027 0.004 
 205   (0.023) 0.002 0.003 0.002 0.005 0.003 0.022 0.005 0.002 
 191   (0.139) 0.044 0.355 0.328 0.454 0.018 0.063 0.176 0.049 
 197   (0.031) 0.004 0.004 0.007 0.004 0.196 0.009 0.006 0.004 
 199   (0.058) 0.006 0.008 0.005 0.079 0.046 0.071 0.014 0.004 
 203   (0.030) 0.003 0.003 0.002 0.004 0.003 0.065 0.008 0.002 
 209   (0.032) 0.003 0.006 0.003 0.009 0.003 0.031 0.030 0.002 
 213   (0.026) 0.002 0.003 0.002 0.003 0.003 0.029 0.177 0.002 
 181   (0.029) 0.003 0.006 0.077 0.004 0.003 0.009 0.015 0.002 

Locus 16 : Scv6 
8 alleles
0.0% missing data
 191   (0.108) 0.212 0.014 0.191 0.017 0.021 0.185 0.147 0.008 
 195   (0.366) 0.499 0.468 0.441 0.218 0.600 0.310 0.351 0.689 
 197   (0.216) 0.249 0.127 0.318 0.405 0.234 0.123 0.136 0.262 
 201   (0.078) 0.010 0.037 0.007 0.134 0.008 0.135 0.116 0.006 
 205   (0.025) 0.002 0.002 0.002 0.003 0.002 0.044 0.005 0.002 
 193   (0.096) 0.010 0.130 0.010 0.164 0.096 0.116 0.040 0.007 
 199   (0.084) 0.016 0.220 0.029 0.055 0.036 0.042 0.199 0.024 
 181   (0.026) 0.002 0.003 0.002 0.004 0.003 0.044 0.006 0.002 

Values of parameters used in structure:
DATAFILE=C:\Users\drenske\Desktop\STRUCTURE\Squirrel_135_ID_16L_20250816\project_data,	OUTFILE=C:\Users\drenske\Desktop\STRUCTURE\Squirrel_135_ID_16L_20250816\10k_Burnin_100k_MCMC\Results\10k_Burnin_100k_MCMC_run_178,	NUMINDS=135,	NUMLOCI=16,	MISSING=-9,	LABEL=1,	POPDATA=1,	POPFLAG=0,	PHENOTYPE=0,	EXTRACOLS=1,	MAXPOPS=8,	BURNIN=10000,	NUMREPS=100000,	USEPOPINFO=0,	INFERALPHA=1,	INFERLAMBDA=1,	POPSPECIFICLAMBDA=0,	POPALPHAS=0,	COMPUTEPROB=1,	NOADMIX=0,	ADMBURNIN=2500,	UPDATEFREQ=1,	PRINTLIKES=0,	INTERMEDSAVE=0,	PRINTKLD=0,	PRINTNET=0,	PRINTLAMBDA=0,	ANCESTDIST=1,	NUMBOXES=1000,	ANCESTPINT=0.90000,	GENSBACK=2,	MIGRPRIOR=0.05000,	PRINTQHAT=1,	PRINTQSUM=0,	ALPHA=1.0000,	FREQSCORR=1,	FPRIORMEAN=0.0100,	FPRIORSD=0.0500,	ONEFST=0,	LAMBDA=1.0000,	UNIFPRIORALPHA=1,	ALPHAMAX=10.0000,	ALPHAPRIORA=1.0000,	ALPHAPRIORB=2.0000,	ALPHAPROPSD=0.0250,	STARTATPOPINFO=0,	RANDOMIZE=1,	LINKAGE=0,	METROFREQ=10,	REPORTHITRATE=0,	MARKOVPHASE=-1,	PHASED=0,	PLOIDY=2,	PHASEINFO=0	LOCPRIOR=0, 	LOCPRIORINIT=1.000000, 	LOCDATA=0, 	LOCISPOP=0, 	LOCPRIORSTEP=0.100000, 	MAXLOCPRIOR=20.000000, 	SEED=1755516643,	
[STRAT parameters]:    NUMSIMSTATS=1000,	PHENOTYPECOL=-9,	POOLFREQ=10,	LOCUSxONLY=0,	EMERROR=0.00100,	MISSINGPHENO=-9,	