

----------------------------------------------------
STRUCTURE by Pritchard, Stephens and Donnelly (2000)
     and Falush, Stephens and Pritchard (2003)
       Code by Pritchard, Falush and Hubisz
             Version 2.3.4 (Jul 2012)
----------------------------------------------------



Command line arguments:   bin\structure -m C:\Users\drenske\Desktop\STRUCTURE\Squirrel_135_ID_16L_20250816\10k_Burnin_100k_MCMC\mainparams -e C:\Users\drenske\Desktop\STRUCTURE\Squirrel_135_ID_16L_20250816\10k_Burnin_100k_MCMC\extraparams 
Input File:    C:\Users\drenske\Desktop\STRUCTURE\Squirrel_135_ID_16L_20250816\project_data

Run parameters:
   135 individuals
   16 loci
   9 populations assumed
   10000 Burn-in period
   100000 Reps


--------------------------------------------
Proportion of membership of each pre-defined
 population in each of the 9 clusters

Given    Inferred Clusters                                                 Number of
 Pop       1      2      3      4      5      6      7      8      9      Individuals

  1:     0.111  0.123  0.096  0.170  0.127  0.110  0.101  0.119  0.043      135
--------------------------------------------

Allele-freq. divergence among pops (Net nucleotide distance),
computed using point estimates of P.

      1       2       3       4       5       6       7       8       9      
 1      -    0.1094  0.0421  0.0959  0.1118  0.0952  0.0883  0.0520  0.1350  
 2   0.1094     -    0.0564  0.1065  0.1208  0.1411  0.0919  0.0683  0.1334  
 3   0.0421  0.0564     -    0.0401  0.0545  0.0602  0.0224  0.0252  0.0878  
 4   0.0959  0.1065  0.0401     -    0.0816  0.0712  0.0721  0.0822  0.1507  
 5   0.1118  0.1208  0.0545  0.0816     -    0.1058  0.0679  0.0786  0.1878  
 6   0.0952  0.1411  0.0602  0.0712  0.1058     -    0.0979  0.0743  0.1698  
 7   0.0883  0.0919  0.0224  0.0721  0.0679  0.0979     -    0.0719  0.1087  
 8   0.0520  0.0683  0.0252  0.0822  0.0786  0.0743  0.0719     -    0.1027  
 9   0.1350  0.1334  0.0878  0.1507  0.1878  0.1698  0.1087  0.1027     -    

Average distances (expected heterozygosity) between individuals in same cluster:
cluster  1  : 0.5814 
cluster  2  : 0.5299 
cluster  3  : 0.6603 
cluster  4  : 0.5398 
cluster  5  : 0.4631 
cluster  6  : 0.4542 
cluster  7  : 0.6179 
cluster  8  : 0.5497 
cluster  9  : 0.5031 

--------------------------------------------
Estimated Ln Prob of Data   = -4784.6
Mean value of ln likelihood = -4491.4
Variance of ln likelihood   = 586.4
Mean value of alpha         = 0.0425

Mean value of lambda        = 0.9605

Mean value of Fst_1         = 0.1932
Mean value of Fst_2         = 0.2428
Mean value of Fst_3         = 0.0003
Mean value of Fst_4         = 0.2068
Mean value of Fst_5         = 0.2987
Mean value of Fst_6         = 0.2834
Mean value of Fst_7         = 0.1145
Mean value of Fst_8         = 0.2180
Mean value of Fst_9         = 0.4508


Inferred ancestry of individuals:
        Label (%Miss) Pop:  Inferred clusters (and 90% probability intervals)
  1       1*    (0)    1 :  0.006 0.021 0.081 0.007 0.013 0.040 0.692 0.118 0.022     (0.000,0.029) (0.000,0.152) (0.000,0.753) (0.000,0.040) (0.000,0.079) (0.000,0.278) (0.001,1.000) (0.000,0.512) (0.000,0.157) 
  2        3    (0)    1 :  0.004 0.006 0.006 0.006 0.957 0.005 0.005 0.007 0.005     (0.000,0.023) (0.000,0.037) (0.000,0.029) (0.000,0.029) (0.810,1.000) (0.000,0.026) (0.000,0.026) (0.000,0.034) (0.000,0.024) 
  3        6    (0)    1 :  0.011 0.016 0.010 0.020 0.895 0.009 0.005 0.029 0.006     (0.000,0.067) (0.000,0.109) (0.000,0.052) (0.000,0.127) (0.578,1.000) (0.000,0.053) (0.000,0.026) (0.000,0.210) (0.000,0.030) 
  4        8    (0)    1 :  0.004 0.016 0.011 0.906 0.006 0.026 0.012 0.007 0.011     (0.000,0.020) (0.000,0.118) (0.000,0.065) (0.639,1.000) (0.000,0.035) (0.000,0.190) (0.000,0.082) (0.000,0.038) (0.000,0.077) 
  5       10    (0)    1 :  0.005 0.003 0.008 0.111 0.008 0.847 0.007 0.005 0.006     (0.000,0.024) (0.000,0.018) (0.000,0.044) (0.000,0.510) (0.000,0.047) (0.448,1.000) (0.000,0.040) (0.000,0.023) (0.000,0.039) 
  6       11    (0)    1 :  0.027 0.010 0.735 0.027 0.027 0.012 0.106 0.041 0.014     (0.000,0.168) (0.000,0.058) (0.000,1.000) (0.000,0.198) (0.000,0.198) (0.000,0.079) (0.000,0.781) (0.000,0.300) (0.000,0.076) 
  7       12    (0)    1 :  0.005 0.004 0.005 0.006 0.005 0.959 0.004 0.008 0.004     (0.000,0.024) (0.000,0.024) (0.000,0.026) (0.000,0.034) (0.000,0.027) (0.821,1.000) (0.000,0.019) (0.000,0.044) (0.000,0.020) 
  8       16    (6)    1 :  0.005 0.005 0.007 0.014 0.943 0.009 0.006 0.006 0.005     (0.000,0.029) (0.000,0.026) (0.000,0.040) (0.000,0.088) (0.754,1.000) (0.000,0.053) (0.000,0.030) (0.000,0.032) (0.000,0.025) 
  9       18    (0)    1 :  0.004 0.005 0.009 0.008 0.007 0.006 0.951 0.005 0.005     (0.000,0.021) (0.000,0.028) (0.000,0.043) (0.000,0.044) (0.000,0.042) (0.000,0.034) (0.791,1.000) (0.000,0.024) (0.000,0.026) 
 10       19    (0)    1 :  0.042 0.019 0.779 0.024 0.013 0.010 0.098 0.010 0.005     (0.000,0.303) (0.000,0.120) (0.000,1.000) (0.000,0.174) (0.000,0.083) (0.000,0.056) (0.000,0.748) (0.000,0.053) (0.000,0.027) 
 11       21    (6)    1 :  0.007 0.006 0.008 0.020 0.932 0.008 0.005 0.008 0.006     (0.000,0.041) (0.000,0.029) (0.000,0.045) (0.000,0.146) (0.719,1.000) (0.000,0.047) (0.000,0.026) (0.000,0.044) (0.000,0.033) 
 12       23    (6)    1 :  0.027 0.014 0.031 0.017 0.012 0.672 0.009 0.189 0.031     (0.000,0.191) (0.000,0.083) (0.000,0.209) (0.000,0.117) (0.000,0.071) (0.045,1.000) (0.000,0.051) (0.000,0.753) (0.000,0.242) 
 13       24    (6)    1 :  0.024 0.008 0.367 0.145 0.016 0.286 0.038 0.015 0.101     (0.000,0.167) (0.000,0.046) (0.000,0.998) (0.000,0.694) (0.000,0.106) (0.000,0.895) (0.000,0.287) (0.000,0.091) (0.000,0.453) 
 14       25    (6)    1 :  0.007 0.008 0.081 0.069 0.048 0.625 0.010 0.138 0.014     (0.000,0.040) (0.000,0.047) (0.000,0.560) (0.000,0.366) (0.000,0.290) (0.000,0.997) (0.000,0.060) (0.000,0.657) (0.000,0.099) 
 15      26*    (0)    1 :  0.005 0.007 0.027 0.664 0.103 0.146 0.016 0.009 0.023     (0.000,0.025) (0.000,0.036) (0.000,0.187) (0.000,0.999) (0.000,0.562) (0.000,0.562) (0.000,0.111) (0.000,0.054) (0.000,0.152) 
 16       28    (0)    1 :  0.006 0.006 0.013 0.704 0.078 0.156 0.006 0.014 0.017     (0.000,0.033) (0.000,0.033) (0.000,0.071) (0.000,1.000) (0.000,0.526) (0.000,0.944) (0.000,0.034) (0.000,0.091) (0.000,0.122) 
 17       29    (0)    1 :  0.005 0.004 0.010 0.057 0.005 0.892 0.011 0.005 0.010     (0.000,0.027) (0.000,0.023) (0.000,0.059) (0.000,0.400) (0.000,0.026) (0.532,1.000) (0.000,0.073) (0.000,0.026) (0.000,0.062) 
 18       30    (0)    1 :  0.007 0.280 0.062 0.415 0.099 0.093 0.016 0.021 0.008     (0.000,0.036) (0.000,0.655) (0.000,0.535) (0.000,0.952) (0.000,0.587) (0.000,0.620) (0.000,0.093) (0.000,0.136) (0.000,0.043) 
 19       33    (0)    1 :  0.064 0.014 0.100 0.005 0.005 0.005 0.787 0.014 0.005     (0.000,0.357) (0.000,0.096) (0.000,0.892) (0.000,0.024) (0.000,0.030) (0.000,0.032) (0.000,1.000) (0.000,0.093) (0.000,0.029) 
 20       37    (0)    1 :  0.008 0.005 0.014 0.008 0.010 0.031 0.901 0.009 0.014     (0.000,0.050) (0.000,0.027) (0.000,0.072) (0.000,0.042) (0.000,0.061) (0.000,0.226) (0.616,1.000) (0.000,0.056) (0.000,0.097) 
 21       38    (0)    1 :  0.004 0.004 0.028 0.014 0.010 0.015 0.912 0.004 0.009     (0.000,0.025) (0.000,0.022) (0.000,0.156) (0.000,0.085) (0.000,0.063) (0.000,0.108) (0.645,1.000) (0.000,0.019) (0.000,0.062) 
 22       43    (0)    1 :  0.007 0.005 0.014 0.170 0.038 0.736 0.008 0.011 0.010     (0.000,0.036) (0.000,0.030) (0.000,0.083) (0.000,0.605) (0.000,0.258) (0.332,1.000) (0.000,0.048) (0.000,0.071) (0.000,0.069) 
 23       44    (0)    1 :  0.008 0.057 0.028 0.488 0.376 0.007 0.009 0.013 0.014     (0.000,0.043) (0.000,0.372) (0.000,0.184) (0.000,0.974) (0.000,0.723) (0.000,0.038) (0.000,0.052) (0.000,0.071) (0.000,0.075) 
 24       48    (0)    1 :  0.004 0.005 0.007 0.005 0.010 0.005 0.955 0.005 0.004     (0.000,0.020) (0.000,0.026) (0.000,0.036) (0.000,0.026) (0.000,0.061) (0.000,0.030) (0.802,1.000) (0.000,0.024) (0.000,0.023) 
 25       55    (0)    1 :  0.009 0.017 0.036 0.684 0.177 0.010 0.009 0.041 0.015     (0.000,0.051) (0.000,0.127) (0.000,0.240) (0.000,1.000) (0.000,0.750) (0.000,0.058) (0.000,0.056) (0.000,0.292) (0.000,0.110) 
 26       59    (0)    1 :  0.004 0.005 0.005 0.006 0.961 0.004 0.006 0.005 0.004     (0.000,0.020) (0.000,0.027) (0.000,0.029) (0.000,0.030) (0.833,1.000) (0.000,0.020) (0.000,0.031) (0.000,0.029) (0.000,0.024) 
 27       60    (0)    1 :  0.034 0.032 0.063 0.004 0.010 0.043 0.017 0.790 0.007     (0.000,0.219) (0.000,0.194) (0.000,0.631) (0.000,0.023) (0.000,0.054) (0.000,0.298) (0.000,0.090) (0.000,1.000) (0.000,0.035) 
 28       61    (0)    1 :  0.554 0.056 0.023 0.009 0.017 0.008 0.009 0.289 0.036     (0.000,0.999) (0.000,0.356) (0.000,0.128) (0.000,0.054) (0.000,0.112) (0.000,0.040) (0.000,0.049) (0.000,0.976) (0.000,0.271) 
 29       62    (0)    1 :  0.343 0.022 0.046 0.013 0.013 0.044 0.019 0.331 0.169     (0.000,0.998) (0.000,0.156) (0.000,0.311) (0.000,0.083) (0.000,0.081) (0.000,0.320) (0.000,0.133) (0.000,0.998) (0.000,0.941) 
 30       65    (0)    1 :  0.013 0.027 0.226 0.009 0.004 0.007 0.687 0.014 0.012     (0.000,0.092) (0.000,0.191) (0.000,0.994) (0.000,0.055) (0.000,0.024) (0.000,0.042) (0.000,1.000) (0.000,0.091) (0.000,0.085) 
 31       73    (0)    1 :  0.005 0.818 0.011 0.010 0.006 0.101 0.006 0.030 0.013     (0.000,0.028) (0.459,1.000) (0.000,0.060) (0.000,0.060) (0.000,0.032) (0.000,0.433) (0.000,0.032) (0.000,0.216) (0.000,0.088) 
 32       75    (0)    1 :  0.900 0.036 0.022 0.008 0.009 0.004 0.010 0.005 0.005     (0.611,1.000) (0.000,0.245) (0.000,0.133) (0.000,0.053) (0.000,0.060) (0.000,0.024) (0.000,0.065) (0.000,0.026) (0.000,0.031) 
 33       76    (0)    1 :  0.951 0.005 0.006 0.005 0.005 0.010 0.004 0.010 0.004     (0.788,1.000) (0.000,0.026) (0.000,0.032) (0.000,0.025) (0.000,0.029) (0.000,0.059) (0.000,0.020) (0.000,0.060) (0.000,0.018) 
 34       77    (0)    1 :  0.833 0.004 0.009 0.004 0.006 0.008 0.007 0.121 0.009     (0.090,1.000) (0.000,0.021) (0.000,0.049) (0.000,0.022) (0.000,0.033) (0.000,0.044) (0.000,0.039) (0.000,0.823) (0.000,0.049) 
 35       78    (0)    1 :  0.336 0.538 0.030 0.010 0.007 0.014 0.014 0.040 0.012     (0.000,0.939) (0.000,0.995) (0.000,0.195) (0.000,0.057) (0.000,0.038) (0.000,0.095) (0.000,0.087) (0.000,0.301) (0.000,0.070) 
 36       79    (0)    1 :  0.859 0.056 0.039 0.007 0.004 0.004 0.009 0.010 0.010     (0.492,1.000) (0.000,0.352) (0.000,0.274) (0.000,0.044) (0.000,0.023) (0.000,0.024) (0.000,0.056) (0.000,0.057) (0.000,0.068) 
 37       84    (0)    1 :  0.022 0.015 0.043 0.095 0.609 0.079 0.009 0.051 0.077     (0.000,0.163) (0.000,0.097) (0.000,0.319) (0.000,0.430) (0.225,0.956) (0.000,0.464) (0.000,0.050) (0.000,0.358) (0.000,0.363) 
 38       85    (0)    1 :  0.007 0.015 0.022 0.907 0.010 0.007 0.009 0.011 0.013     (0.000,0.038) (0.000,0.107) (0.000,0.112) (0.642,1.000) (0.000,0.057) (0.000,0.040) (0.000,0.047) (0.000,0.070) (0.000,0.092) 
 39       86    (0)    1 :  0.010 0.017 0.103 0.810 0.005 0.011 0.009 0.012 0.022     (0.000,0.061) (0.000,0.124) (0.000,0.641) (0.277,1.000) (0.000,0.028) (0.000,0.076) (0.000,0.054) (0.000,0.077) (0.000,0.160) 
 40       89    (0)    1 :  0.034 0.010 0.072 0.014 0.458 0.238 0.018 0.089 0.067     (0.000,0.253) (0.000,0.054) (0.000,0.529) (0.000,0.082) (0.000,0.878) (0.000,0.778) (0.000,0.119) (0.000,0.534) (0.000,0.406) 
 41       94    (0)    1 :  0.006 0.004 0.009 0.012 0.012 0.917 0.027 0.008 0.006     (0.000,0.033) (0.000,0.023) (0.000,0.050) (0.000,0.072) (0.000,0.079) (0.655,1.000) (0.000,0.200) (0.000,0.044) (0.000,0.029) 
 42       95    (0)    1 :  0.005 0.008 0.008 0.011 0.938 0.005 0.011 0.011 0.004     (0.000,0.028) (0.000,0.045) (0.000,0.041) (0.000,0.063) (0.734,1.000) (0.000,0.025) (0.000,0.060) (0.000,0.066) (0.000,0.022) 
 43       96    (0)    1 :  0.005 0.005 0.005 0.959 0.004 0.009 0.004 0.004 0.004     (0.000,0.029) (0.000,0.025) (0.000,0.026) (0.822,1.000) (0.000,0.021) (0.000,0.052) (0.000,0.023) (0.000,0.022) (0.000,0.023) 
 44       98    (0)    1 :  0.026 0.161 0.017 0.006 0.005 0.009 0.005 0.739 0.033     (0.000,0.149) (0.000,0.984) (0.000,0.086) (0.000,0.032) (0.000,0.028) (0.000,0.048) (0.000,0.027) (0.000,1.000) (0.000,0.166) 
 45      102    (0)    1 :  0.010 0.009 0.656 0.005 0.026 0.021 0.247 0.012 0.013     (0.000,0.069) (0.000,0.054) (0.000,1.000) (0.000,0.029) (0.000,0.194) (0.000,0.151) (0.000,0.968) (0.000,0.072) (0.000,0.090) 
 46      105    (0)    1 :  0.004 0.963 0.005 0.004 0.005 0.005 0.007 0.004 0.005     (0.000,0.021) (0.841,1.000) (0.000,0.025) (0.000,0.019) (0.000,0.025) (0.000,0.025) (0.000,0.041) (0.000,0.022) (0.000,0.025) 
 47      106    (0)    1 :  0.340 0.118 0.346 0.015 0.071 0.006 0.017 0.045 0.044     (0.000,0.968) (0.000,0.574) (0.000,0.998) (0.000,0.100) (0.000,0.381) (0.000,0.030) (0.000,0.112) (0.000,0.366) (0.000,0.345) 
 48      108    (0)    1 :  0.028 0.825 0.036 0.009 0.007 0.008 0.054 0.026 0.008     (0.000,0.202) (0.469,1.000) (0.000,0.263) (0.000,0.051) (0.000,0.036) (0.000,0.050) (0.000,0.338) (0.000,0.180) (0.000,0.045) 
 49      109    (0)    1 :  0.032 0.735 0.059 0.016 0.009 0.007 0.008 0.128 0.007     (0.000,0.230) (0.000,1.000) (0.000,0.441) (0.000,0.110) (0.000,0.056) (0.000,0.037) (0.000,0.040) (0.000,0.758) (0.000,0.036) 
 50      112    (0)    1 :  0.185 0.009 0.221 0.107 0.009 0.077 0.020 0.287 0.085     (0.000,0.906) (0.000,0.050) (0.000,0.991) (0.000,0.521) (0.000,0.052) (0.000,0.526) (0.000,0.129) (0.000,0.968) (0.000,0.660) 
 51      115    (0)    1 :  0.014 0.023 0.706 0.008 0.014 0.038 0.146 0.042 0.010     (0.000,0.088) (0.000,0.159) (0.000,1.000) (0.000,0.042) (0.000,0.091) (0.000,0.276) (0.000,0.920) (0.000,0.307) (0.000,0.055) 
 52      116    (0)    1 :  0.007 0.021 0.044 0.858 0.012 0.010 0.016 0.012 0.020     (0.000,0.036) (0.000,0.153) (0.000,0.297) (0.439,1.000) (0.000,0.068) (0.000,0.047) (0.000,0.111) (0.000,0.057) (0.000,0.135) 
 53      117    (0)    1 :  0.022 0.017 0.035 0.231 0.346 0.283 0.016 0.040 0.010     (0.000,0.159) (0.000,0.108) (0.000,0.234) (0.000,0.794) (0.000,0.936) (0.000,0.983) (0.000,0.103) (0.000,0.308) (0.000,0.050) 
 54      129    (0)    1 :  0.003 0.004 0.007 0.926 0.035 0.007 0.007 0.006 0.005     (0.000,0.018) (0.000,0.023) (0.000,0.038) (0.681,1.000) (0.000,0.251) (0.000,0.037) (0.000,0.040) (0.000,0.031) (0.000,0.027) 
 55      132    (0)    1 :  0.016 0.019 0.121 0.007 0.019 0.169 0.064 0.563 0.023     (0.000,0.098) (0.000,0.106) (0.000,0.920) (0.000,0.035) (0.000,0.135) (0.000,0.673) (0.000,0.436) (0.000,1.000) (0.000,0.163) 
 56      133    (0)    1 :  0.038 0.159 0.011 0.004 0.006 0.006 0.005 0.739 0.031     (0.000,0.260) (0.000,0.983) (0.000,0.049) (0.000,0.021) (0.000,0.032) (0.000,0.034) (0.000,0.025) (0.000,1.000) (0.000,0.145) 
 57      137    (6)    1 :  0.513 0.011 0.025 0.010 0.015 0.015 0.011 0.390 0.009     (0.000,1.000) (0.000,0.062) (0.000,0.162) (0.000,0.061) (0.000,0.090) (0.000,0.102) (0.000,0.068) (0.000,0.997) (0.000,0.045) 
 58      139    (0)    1 :  0.903 0.011 0.029 0.013 0.010 0.008 0.012 0.006 0.008     (0.623,1.000) (0.000,0.058) (0.000,0.163) (0.000,0.090) (0.000,0.068) (0.000,0.046) (0.000,0.079) (0.000,0.031) (0.000,0.053) 
 59      140    (0)    1 :  0.028 0.834 0.018 0.008 0.017 0.005 0.007 0.076 0.007     (0.000,0.200) (0.382,1.000) (0.000,0.102) (0.000,0.042) (0.000,0.125) (0.000,0.025) (0.000,0.040) (0.000,0.511) (0.000,0.031) 
 60      142    (0)    1 :  0.744 0.009 0.012 0.005 0.023 0.011 0.007 0.125 0.063     (0.146,1.000) (0.000,0.052) (0.000,0.070) (0.000,0.028) (0.000,0.168) (0.000,0.067) (0.000,0.039) (0.000,0.715) (0.000,0.508) 
 61      144    (0)    1 :  0.005 0.963 0.004 0.003 0.006 0.004 0.004 0.007 0.004     (0.000,0.027) (0.840,1.000) (0.000,0.024) (0.000,0.018) (0.000,0.032) (0.000,0.019) (0.000,0.022) (0.000,0.038) (0.000,0.023) 
 62      145    (0)    1 :  0.408 0.011 0.009 0.004 0.006 0.005 0.007 0.321 0.229     (0.000,1.000) (0.000,0.066) (0.000,0.043) (0.000,0.022) (0.000,0.032) (0.000,0.027) (0.000,0.037) (0.000,1.000) (0.000,0.998) 
 63      147    (0)    1 :  0.038 0.912 0.010 0.007 0.004 0.004 0.006 0.008 0.011     (0.000,0.258) (0.638,1.000) (0.000,0.061) (0.000,0.037) (0.000,0.021) (0.000,0.021) (0.000,0.033) (0.000,0.043) (0.000,0.075) 
 64      160    (0)    1 :  0.005 0.004 0.006 0.007 0.009 0.952 0.008 0.005 0.004     (0.000,0.027) (0.000,0.023) (0.000,0.029) (0.000,0.040) (0.000,0.052) (0.790,1.000) (0.000,0.043) (0.000,0.028) (0.000,0.022) 
 65     162*    (0)    1 :  0.005 0.004 0.005 0.958 0.004 0.010 0.004 0.005 0.004     (0.000,0.030) (0.000,0.023) (0.000,0.028) (0.813,1.000) (0.000,0.021) (0.000,0.061) (0.000,0.022) (0.000,0.024) (0.000,0.024) 
 66      166    (0)    1 :  0.054 0.079 0.013 0.007 0.017 0.005 0.006 0.809 0.009     (0.000,0.464) (0.000,0.786) (0.000,0.060) (0.000,0.038) (0.000,0.112) (0.000,0.027) (0.000,0.031) (0.000,1.000) (0.000,0.049) 
 67      177    (0)    1 :  0.967 0.003 0.005 0.004 0.004 0.004 0.004 0.005 0.003     (0.858,1.000) (0.000,0.018) (0.000,0.026) (0.000,0.025) (0.000,0.019) (0.000,0.023) (0.000,0.019) (0.000,0.025) (0.000,0.018) 
 68      178    (0)    1 :  0.790 0.031 0.034 0.014 0.009 0.034 0.009 0.059 0.021     (0.325,1.000) (0.000,0.228) (0.000,0.228) (0.000,0.088) (0.000,0.051) (0.000,0.255) (0.000,0.053) (0.000,0.431) (0.000,0.148) 
 69      186    (0)    1 :  0.004 0.004 0.004 0.005 0.966 0.005 0.004 0.005 0.003     (0.000,0.021) (0.000,0.019) (0.000,0.023) (0.000,0.028) (0.850,1.000) (0.000,0.026) (0.000,0.021) (0.000,0.025) (0.000,0.017) 
 70      189    (0)    1 :  0.008 0.004 0.008 0.932 0.007 0.014 0.006 0.009 0.012     (0.000,0.047) (0.000,0.019) (0.000,0.039) (0.704,1.000) (0.000,0.042) (0.000,0.090) (0.000,0.035) (0.000,0.037) (0.000,0.062) 
 71      190    (0)    1 :  0.011 0.008 0.021 0.821 0.034 0.052 0.014 0.021 0.020     (0.000,0.067) (0.000,0.047) (0.000,0.128) (0.397,1.000) (0.000,0.241) (0.000,0.374) (0.000,0.092) (0.000,0.150) (0.000,0.142) 
 72      191    (0)    1 :  0.025 0.050 0.039 0.236 0.550 0.024 0.008 0.032 0.036     (0.000,0.181) (0.000,0.316) (0.000,0.299) (0.000,0.886) (0.000,0.972) (0.000,0.180) (0.000,0.046) (0.000,0.241) (0.000,0.304) 
 73      193    (0)    1 :  0.333 0.015 0.020 0.011 0.034 0.016 0.013 0.350 0.209     (0.000,0.999) (0.000,0.099) (0.000,0.105) (0.000,0.061) (0.000,0.246) (0.000,0.099) (0.000,0.082) (0.000,1.000) (0.000,0.994) 
 74      202    (0)    1 :  0.008 0.008 0.340 0.194 0.008 0.372 0.020 0.025 0.026     (0.000,0.046) (0.000,0.044) (0.000,0.991) (0.000,0.667) (0.000,0.045) (0.000,0.858) (0.000,0.136) (0.000,0.175) (0.000,0.177) 
 75      204    (0)    1 :  0.003 0.004 0.004 0.943 0.028 0.007 0.004 0.004 0.003     (0.000,0.017) (0.000,0.022) (0.000,0.022) (0.735,1.000) (0.000,0.194) (0.000,0.036) (0.000,0.019) (0.000,0.023) (0.000,0.015) 
 76      211    (0)    1 :  0.051 0.176 0.135 0.012 0.009 0.210 0.017 0.377 0.013     (0.000,0.308) (0.000,0.864) (0.000,0.908) (0.000,0.079) (0.000,0.058) (0.000,0.728) (0.000,0.110) (0.000,0.976) (0.000,0.083) 
 77      216    (0)    1 :  0.033 0.662 0.020 0.005 0.005 0.014 0.005 0.241 0.016     (0.000,0.212) (0.027,1.000) (0.000,0.122) (0.000,0.026) (0.000,0.025) (0.000,0.095) (0.000,0.028) (0.000,0.837) (0.000,0.105) 
 78      222    (0)    1 :  0.014 0.676 0.119 0.012 0.007 0.012 0.042 0.046 0.072     (0.000,0.077) (0.000,1.000) (0.000,0.783) (0.000,0.070) (0.000,0.043) (0.000,0.074) (0.000,0.302) (0.000,0.394) (0.000,0.521) 
 79      224    (0)    1 :  0.008 0.013 0.026 0.858 0.019 0.018 0.014 0.017 0.027     (0.000,0.048) (0.000,0.091) (0.000,0.133) (0.356,1.000) (0.000,0.125) (0.000,0.126) (0.000,0.085) (0.000,0.073) (0.000,0.175) 
 80      226    (0)    1 :  0.004 0.004 0.013 0.006 0.949 0.004 0.007 0.009 0.003     (0.000,0.024) (0.000,0.020) (0.000,0.090) (0.000,0.035) (0.782,1.000) (0.000,0.022) (0.000,0.036) (0.000,0.050) (0.000,0.017) 
 81      229    (0)    1 :  0.025 0.022 0.078 0.624 0.008 0.071 0.017 0.035 0.119     (0.000,0.178) (0.000,0.162) (0.000,0.597) (0.000,0.984) (0.000,0.050) (0.000,0.498) (0.000,0.110) (0.000,0.244) (0.000,0.467) 
 82      230    (0)    1 :  0.032 0.012 0.036 0.861 0.013 0.024 0.008 0.008 0.005     (0.000,0.213) (0.000,0.084) (0.000,0.229) (0.521,1.000) (0.000,0.082) (0.000,0.160) (0.000,0.046) (0.000,0.046) (0.000,0.027) 
 83      232    (0)    1 :  0.070 0.018 0.131 0.098 0.056 0.449 0.013 0.127 0.037     (0.000,0.432) (0.000,0.130) (0.000,0.839) (0.000,0.583) (0.000,0.370) (0.000,0.926) (0.000,0.074) (0.000,0.587) (0.000,0.312) 
 84      238    (0)    1 :  0.056 0.015 0.692 0.030 0.005 0.008 0.162 0.022 0.010     (0.000,0.374) (0.000,0.102) (0.000,1.000) (0.000,0.225) (0.000,0.030) (0.000,0.050) (0.000,0.838) (0.000,0.153) (0.000,0.058) 
 85      242    (0)    1 :  0.004 0.009 0.016 0.005 0.005 0.004 0.916 0.009 0.031     (0.000,0.021) (0.000,0.055) (0.000,0.078) (0.000,0.030) (0.000,0.029) (0.000,0.023) (0.662,1.000) (0.000,0.056) (0.000,0.224) 
 86      243    (0)    1 :  0.024 0.024 0.361 0.008 0.022 0.011 0.396 0.148 0.007     (0.000,0.172) (0.000,0.173) (0.000,0.999) (0.000,0.043) (0.000,0.159) (0.000,0.065) (0.000,0.987) (0.000,0.628) (0.000,0.034) 
 87      244    (0)    1 :  0.134 0.006 0.579 0.009 0.005 0.009 0.232 0.015 0.010     (0.000,0.579) (0.000,0.037) (0.000,1.000) (0.000,0.051) (0.000,0.029) (0.000,0.051) (0.000,0.882) (0.000,0.092) (0.000,0.061) 
 88      251    (0)    1 :  0.020 0.011 0.694 0.019 0.008 0.082 0.116 0.026 0.024     (0.000,0.119) (0.000,0.069) (0.000,1.000) (0.000,0.121) (0.000,0.042) (0.000,0.498) (0.000,0.795) (0.000,0.180) (0.000,0.163) 
 89      266    (0)    1 :  0.310 0.011 0.516 0.015 0.008 0.007 0.042 0.074 0.017     (0.000,0.878) (0.000,0.065) (0.000,1.000) (0.000,0.101) (0.000,0.050) (0.000,0.034) (0.000,0.290) (0.000,0.470) (0.000,0.112) 
 90      267    (0)    1 :  0.013 0.708 0.051 0.041 0.028 0.012 0.021 0.117 0.010     (0.000,0.083) (0.000,1.000) (0.000,0.375) (0.000,0.278) (0.000,0.208) (0.000,0.076) (0.000,0.153) (0.000,0.648) (0.000,0.068) 
 91      268    (0)    1 :  0.355 0.229 0.033 0.005 0.006 0.035 0.007 0.286 0.043     (0.000,0.988) (0.000,0.987) (0.000,0.203) (0.000,0.024) (0.000,0.036) (0.000,0.256) (0.000,0.036) (0.000,0.985) (0.000,0.299) 
 92      270    (0)    1 :  0.008 0.011 0.014 0.887 0.026 0.016 0.016 0.012 0.013     (0.000,0.043) (0.000,0.067) (0.000,0.070) (0.555,1.000) (0.000,0.185) (0.000,0.099) (0.000,0.106) (0.000,0.072) (0.000,0.081) 
 93      276    (0)    1 :  0.053 0.055 0.069 0.238 0.422 0.034 0.013 0.094 0.022     (0.000,0.354) (0.000,0.378) (0.000,0.529) (0.000,0.972) (0.000,0.911) (0.000,0.252) (0.000,0.082) (0.000,0.560) (0.000,0.151) 
 94      298    (6)    1 :  0.142 0.712 0.026 0.006 0.016 0.010 0.010 0.058 0.019     (0.000,0.628) (0.155,1.000) (0.000,0.177) (0.000,0.031) (0.000,0.112) (0.000,0.063) (0.000,0.060) (0.000,0.427) (0.000,0.126) 
 95      306    (0)    1 :  0.042 0.041 0.056 0.006 0.008 0.007 0.016 0.754 0.071     (0.000,0.325) (0.000,0.307) (0.000,0.415) (0.000,0.029) (0.000,0.048) (0.000,0.035) (0.000,0.101) (0.170,1.000) (0.000,0.443) 
 96      308    (0)    1 :  0.501 0.153 0.103 0.008 0.006 0.074 0.031 0.064 0.061     (0.000,0.997) (0.000,0.676) (0.000,0.788) (0.000,0.045) (0.000,0.034) (0.000,0.412) (0.000,0.221) (0.000,0.456) (0.000,0.487) 
 97      311    (6)    1 :  0.016 0.136 0.384 0.018 0.008 0.020 0.050 0.313 0.055     (0.000,0.092) (0.000,0.824) (0.000,0.999) (0.000,0.121) (0.000,0.043) (0.000,0.142) (0.000,0.349) (0.000,0.996) (0.000,0.436) 
 98      323    (0)    1 :  0.004 0.005 0.005 0.007 0.958 0.004 0.008 0.005 0.004     (0.000,0.022) (0.000,0.026) (0.000,0.026) (0.000,0.039) (0.819,1.000) (0.000,0.022) (0.000,0.042) (0.000,0.027) (0.000,0.024) 
 99      327    (0)    1 :  0.008 0.012 0.044 0.662 0.018 0.206 0.014 0.025 0.012     (0.000,0.044) (0.000,0.079) (0.000,0.320) (0.000,1.000) (0.000,0.123) (0.000,0.744) (0.000,0.091) (0.000,0.183) (0.000,0.078) 
100      334    (0)    1 :  0.004 0.007 0.016 0.005 0.003 0.005 0.161 0.006 0.792     (0.000,0.024) (0.000,0.043) (0.000,0.046) (0.000,0.025) (0.000,0.018) (0.000,0.028) (0.000,0.991) (0.000,0.027) (0.000,1.000) 
101      338    (0)    1 :  0.028 0.397 0.131 0.015 0.018 0.024 0.010 0.317 0.059     (0.000,0.204) (0.000,0.997) (0.000,0.938) (0.000,0.100) (0.000,0.118) (0.000,0.171) (0.000,0.061) (0.000,0.981) (0.000,0.449) 
102      341    (0)    1 :  0.005 0.004 0.008 0.007 0.936 0.006 0.012 0.017 0.006     (0.000,0.030) (0.000,0.022) (0.000,0.048) (0.000,0.038) (0.730,1.000) (0.000,0.030) (0.000,0.073) (0.000,0.118) (0.000,0.031) 
103      346    (0)    1 :  0.363 0.006 0.018 0.007 0.010 0.031 0.006 0.551 0.007     (0.000,0.998) (0.000,0.033) (0.000,0.100) (0.000,0.035) (0.000,0.053) (0.000,0.227) (0.000,0.033) (0.000,1.000) (0.000,0.035) 
104      348    (0)    1 :  0.240 0.599 0.050 0.008 0.008 0.007 0.016 0.043 0.030     (0.000,0.850) (0.000,1.000) (0.000,0.388) (0.000,0.048) (0.000,0.044) (0.000,0.040) (0.000,0.110) (0.000,0.315) (0.000,0.220) 
105      351    (0)    1 :  0.016 0.008 0.272 0.008 0.019 0.030 0.285 0.235 0.127     (0.000,0.088) (0.000,0.044) (0.000,0.996) (0.000,0.043) (0.000,0.130) (0.000,0.224) (0.000,0.992) (0.000,0.968) (0.000,0.633) 
106      362    (0)    1 :  0.005 0.005 0.007 0.919 0.026 0.023 0.005 0.006 0.004     (0.000,0.026) (0.000,0.028) (0.000,0.037) (0.645,1.000) (0.000,0.186) (0.000,0.154) (0.000,0.027) (0.000,0.032) (0.000,0.019) 
107      364    (0)    1 :  0.013 0.010 0.044 0.005 0.010 0.010 0.847 0.039 0.023     (0.000,0.084) (0.000,0.055) (0.000,0.283) (0.000,0.028) (0.000,0.056) (0.000,0.064) (0.442,1.000) (0.000,0.278) (0.000,0.166) 
108      366    (0)    1 :  0.009 0.024 0.158 0.039 0.010 0.011 0.716 0.028 0.004     (0.000,0.051) (0.000,0.174) (0.000,0.981) (0.000,0.292) (0.000,0.058) (0.000,0.065) (0.000,1.000) (0.000,0.211) (0.000,0.022) 
109      376    (0)    1 :  0.019 0.006 0.013 0.020 0.880 0.021 0.006 0.024 0.010     (0.000,0.137) (0.000,0.033) (0.000,0.080) (0.000,0.143) (0.582,1.000) (0.000,0.154) (0.000,0.035) (0.000,0.175) (0.000,0.065) 
110      377    (6)    1 :  0.009 0.024 0.056 0.110 0.019 0.611 0.013 0.071 0.088     (0.000,0.046) (0.000,0.166) (0.000,0.418) (0.000,0.603) (0.000,0.134) (0.000,1.000) (0.000,0.067) (0.000,0.629) (0.000,0.759) 
111      378    (0)    1 :  0.011 0.006 0.006 0.006 0.010 0.938 0.004 0.012 0.008     (0.000,0.071) (0.000,0.034) (0.000,0.032) (0.000,0.030) (0.000,0.060) (0.736,1.000) (0.000,0.020) (0.000,0.073) (0.000,0.039) 
112      388    (0)    1 :  0.012 0.628 0.025 0.010 0.010 0.024 0.014 0.252 0.026     (0.000,0.073) (0.000,1.000) (0.000,0.165) (0.000,0.057) (0.000,0.058) (0.000,0.171) (0.000,0.096) (0.000,0.982) (0.000,0.178) 
113      391    (0)    1 :  0.011 0.019 0.083 0.006 0.407 0.209 0.011 0.221 0.033     (0.000,0.062) (0.000,0.136) (0.000,0.644) (0.000,0.033) (0.000,0.825) (0.000,0.604) (0.000,0.063) (0.000,0.801) (0.000,0.287) 
114      396   (18)    1 :  0.026 0.023 0.126 0.560 0.050 0.023 0.009 0.137 0.046     (0.000,0.196) (0.000,0.156) (0.000,0.912) (0.000,0.983) (0.000,0.363) (0.000,0.153) (0.000,0.052) (0.000,0.570) (0.000,0.306) 
115      400   (18)    1 :  0.009 0.007 0.067 0.168 0.009 0.526 0.124 0.021 0.070     (0.000,0.049) (0.000,0.037) (0.000,0.574) (0.000,0.782) (0.000,0.058) (0.000,1.000) (0.000,0.775) (0.000,0.084) (0.000,0.435) 
116      401    (0)    1 :  0.110 0.007 0.453 0.249 0.061 0.009 0.061 0.031 0.018     (0.000,0.540) (0.000,0.037) (0.000,1.000) (0.000,0.728) (0.000,0.442) (0.000,0.051) (0.000,0.415) (0.000,0.235) (0.000,0.121) 
117      406    (0)    1 :  0.026 0.145 0.072 0.009 0.069 0.013 0.026 0.620 0.019     (0.000,0.183) (0.000,0.937) (0.000,0.589) (0.000,0.054) (0.000,0.483) (0.000,0.080) (0.000,0.178) (0.000,1.000) (0.000,0.087) 
118      412    (6)    1 :  0.027 0.115 0.055 0.017 0.016 0.025 0.011 0.697 0.038     (0.000,0.157) (0.000,0.915) (0.000,0.412) (0.000,0.116) (0.000,0.099) (0.000,0.171) (0.000,0.062) (0.000,1.000) (0.000,0.258) 
119      413    (0)    1 :  0.329 0.023 0.031 0.015 0.004 0.006 0.026 0.220 0.348     (0.000,0.991) (0.000,0.160) (0.000,0.198) (0.000,0.095) (0.000,0.021) (0.000,0.030) (0.000,0.190) (0.000,0.958) (0.000,0.991) 
120      421    (0)    1 :  0.055 0.021 0.205 0.456 0.020 0.018 0.014 0.118 0.091     (0.000,0.408) (0.000,0.141) (0.000,0.987) (0.000,0.982) (0.000,0.150) (0.000,0.118) (0.000,0.091) (0.000,0.624) (0.000,0.607) 
121      423    (0)    1 :  0.018 0.055 0.144 0.548 0.015 0.017 0.040 0.061 0.102     (0.000,0.118) (0.000,0.382) (0.000,0.961) (0.000,1.000) (0.000,0.100) (0.000,0.108) (0.000,0.288) (0.000,0.511) (0.000,0.703) 
122      424    (0)    1 :  0.027 0.023 0.049 0.009 0.154 0.034 0.027 0.585 0.092     (0.000,0.177) (0.000,0.158) (0.000,0.367) (0.000,0.050) (0.000,0.739) (0.000,0.249) (0.000,0.189) (0.000,1.000) (0.000,0.694) 
123      426    (0)    1 :  0.016 0.012 0.038 0.025 0.024 0.816 0.015 0.035 0.020     (0.000,0.114) (0.000,0.073) (0.000,0.261) (0.000,0.175) (0.000,0.173) (0.383,1.000) (0.000,0.101) (0.000,0.242) (0.000,0.123) 
124      430   (12)    1 :  0.101 0.025 0.027 0.016 0.033 0.016 0.007 0.665 0.111     (0.000,0.687) (0.000,0.164) (0.000,0.154) (0.000,0.104) (0.000,0.250) (0.000,0.090) (0.000,0.036) (0.000,1.000) (0.000,0.716) 
125      435    (0)    1 :  0.696 0.027 0.010 0.005 0.004 0.015 0.004 0.136 0.103     (0.011,1.000) (0.000,0.191) (0.000,0.050) (0.000,0.028) (0.000,0.022) (0.000,0.100) (0.000,0.020) (0.000,0.731) (0.000,0.667) 
126      476    (0)    1 :  0.022 0.006 0.047 0.078 0.786 0.014 0.023 0.016 0.009     (0.000,0.156) (0.000,0.035) (0.000,0.319) (0.000,0.440) (0.394,1.000) (0.000,0.096) (0.000,0.162) (0.000,0.111) (0.000,0.054) 
127      478    (0)    1 :  0.006 0.008 0.028 0.180 0.716 0.015 0.025 0.014 0.008     (0.000,0.035) (0.000,0.046) (0.000,0.210) (0.000,0.566) (0.350,0.996) (0.000,0.099) (0.000,0.177) (0.000,0.094) (0.000,0.052) 
128      484    (0)    1 :  0.028 0.635 0.012 0.005 0.015 0.010 0.005 0.280 0.010     (0.000,0.199) (0.003,1.000) (0.000,0.067) (0.000,0.030) (0.000,0.095) (0.000,0.054) (0.000,0.027) (0.000,0.853) (0.000,0.053) 
129      489    (0)    1 :  0.011 0.092 0.030 0.026 0.011 0.566 0.008 0.129 0.126     (0.000,0.054) (0.000,0.480) (0.000,0.178) (0.000,0.187) (0.000,0.066) (0.000,1.000) (0.000,0.044) (0.000,0.964) (0.000,0.950) 
130      492   (18)    1 :  0.005 0.006 0.016 0.004 0.004 0.004 0.151 0.010 0.800     (0.000,0.024) (0.000,0.028) (0.000,0.037) (0.000,0.019) (0.000,0.020) (0.000,0.021) (0.000,0.986) (0.000,0.052) (0.000,1.000) 
131      493    (0)    1 :  0.008 0.006 0.034 0.014 0.008 0.012 0.900 0.013 0.006     (0.000,0.043) (0.000,0.033) (0.000,0.212) (0.000,0.096) (0.000,0.050) (0.000,0.080) (0.612,1.000) (0.000,0.090) (0.000,0.032) 
132      494    (0)    1 :  0.009 0.006 0.239 0.017 0.013 0.034 0.663 0.007 0.011     (0.000,0.051) (0.000,0.036) (0.000,0.996) (0.000,0.118) (0.000,0.085) (0.000,0.256) (0.000,1.000) (0.000,0.036) (0.000,0.071) 
133      500    (0)    1 :  0.004 0.004 0.007 0.950 0.015 0.008 0.005 0.005 0.003     (0.000,0.020) (0.000,0.019) (0.000,0.036) (0.777,1.000) (0.000,0.097) (0.000,0.048) (0.000,0.029) (0.000,0.024) (0.000,0.013) 
134      504    (0)    1 :  0.014 0.701 0.045 0.040 0.008 0.037 0.017 0.102 0.037     (0.000,0.083) (0.065,1.000) (0.000,0.324) (0.000,0.267) (0.000,0.050) (0.000,0.261) (0.000,0.116) (0.000,0.647) (0.000,0.243) 
135      506    (0)    1 :  0.004 0.896 0.009 0.053 0.010 0.008 0.005 0.010 0.004     (0.000,0.023) (0.576,1.000) (0.000,0.047) (0.000,0.336) (0.000,0.059) (0.000,0.052) (0.000,0.026) (0.000,0.051) (0.000,0.021) 


Estimated Allele Frequencies in each cluster
First column gives estimated ancestral frequencies


Locus 1 : Rsu3 
3 alleles
1.5% missing data
 164   (0.547) 0.579 0.424 0.547 0.642 0.498 0.620 0.573 0.491 0.152 
 166   (0.249) 0.198 0.538 0.248 0.071 0.094 0.270 0.179 0.383 0.512 
 170   (0.205) 0.223 0.038 0.204 0.287 0.409 0.110 0.248 0.126 0.336 

Locus 2 : Rsu5 
5 alleles
1.5% missing data
 137   (0.746) 0.816 0.425 0.747 0.964 0.974 0.904 0.639 0.887 0.322 
 135   (0.083) 0.035 0.013 0.083 0.007 0.013 0.058 0.137 0.076 0.031 
 139   (0.106) 0.057 0.012 0.107 0.023 0.009 0.031 0.182 0.020 0.637 
 133   (0.019) 0.003 0.002 0.019 0.002 0.001 0.002 0.031 0.002 0.003 
 131   (0.044) 0.089 0.548 0.044 0.004 0.003 0.004 0.011 0.016 0.008 

Locus 3 : Scv1 
5 alleles
0.7% missing data
 181   (0.534) 0.351 0.381 0.535 0.643 0.952 0.739 0.717 0.350 0.165 
 179   (0.198) 0.261 0.101 0.198 0.120 0.022 0.108 0.159 0.310 0.645 
 177   (0.109) 0.053 0.192 0.108 0.012 0.011 0.138 0.056 0.259 0.086 
 185   (0.130) 0.332 0.323 0.130 0.224 0.012 0.013 0.052 0.077 0.099 
 171   (0.029) 0.004 0.003 0.030 0.002 0.002 0.003 0.016 0.004 0.005 

Locus 4 : Rsu4 
9 alleles
0.0% missing data
 267   (0.191) 0.082 0.133 0.191 0.304 0.144 0.086 0.327 0.045 0.595 
 263   (0.326) 0.394 0.365 0.326 0.237 0.472 0.778 0.273 0.486 0.295 
 259   (0.056) 0.008 0.006 0.055 0.197 0.271 0.041 0.014 0.010 0.011 
 287   (0.171) 0.086 0.183 0.171 0.218 0.094 0.061 0.118 0.351 0.037 
 275   (0.039) 0.010 0.004 0.039 0.003 0.003 0.004 0.137 0.005 0.006 
 279   (0.083) 0.252 0.010 0.083 0.010 0.007 0.013 0.038 0.020 0.025 
 283   (0.072) 0.159 0.293 0.072 0.006 0.005 0.007 0.039 0.073 0.017 
 291   (0.036) 0.005 0.004 0.036 0.022 0.002 0.009 0.013 0.005 0.010 
 271   (0.026) 0.004 0.003 0.026 0.002 0.002 0.003 0.041 0.004 0.004 

Locus 5 : Rsu6 
5 alleles
0.0% missing data
 120   (0.245) 0.220 0.090 0.245 0.261 0.290 0.486 0.212 0.358 0.102 
 126   (0.634) 0.763 0.896 0.634 0.470 0.577 0.468 0.612 0.628 0.872 
 124   (0.076) 0.011 0.009 0.076 0.250 0.129 0.042 0.050 0.009 0.018 
 130   (0.026) 0.003 0.002 0.025 0.002 0.002 0.002 0.120 0.003 0.003 
 114   (0.020) 0.003 0.003 0.020 0.017 0.002 0.002 0.006 0.003 0.004 

Locus 6 : Scv12 
3 alleles
1.5% missing data
 198   (0.579) 0.688 0.401 0.580 0.312 0.690 0.429 0.748 0.632 0.823 
 196   (0.267) 0.188 0.539 0.267 0.183 0.288 0.255 0.108 0.333 0.121 
 200   (0.153) 0.125 0.060 0.153 0.504 0.022 0.317 0.144 0.034 0.055 

Locus 7 : Scv23 
3 alleles
1.5% missing data
 158   (0.531) 0.566 0.784 0.531 0.722 0.362 0.488 0.468 0.488 0.604 
 164   (0.185) 0.032 0.116 0.185 0.061 0.435 0.107 0.283 0.219 0.313 
 160   (0.285) 0.402 0.100 0.285 0.217 0.203 0.406 0.248 0.293 0.083 

Locus 8 : Scv13 
5 alleles
0.0% missing data
 182   (0.712) 0.556 0.900 0.711 0.916 0.786 0.965 0.720 0.914 0.953 
 180   (0.100) 0.016 0.011 0.100 0.065 0.183 0.018 0.088 0.016 0.016 
 172   (0.079) 0.286 0.076 0.079 0.007 0.006 0.007 0.043 0.047 0.012 
 184   (0.067) 0.014 0.009 0.067 0.009 0.021 0.006 0.135 0.016 0.013 
 174   (0.042) 0.127 0.004 0.043 0.004 0.003 0.004 0.013 0.007 0.007 

Locus 9 : Scv32 
18 alleles
0.7% missing data
 236   (0.039) 0.006 0.004 0.040 0.003 0.003 0.004 0.147 0.006 0.009 
 238   (0.043) 0.010 0.084 0.043 0.004 0.003 0.008 0.025 0.181 0.018 
 234   (0.134) 0.646 0.096 0.134 0.020 0.335 0.109 0.044 0.363 0.151 
 246   (0.056) 0.013 0.007 0.056 0.197 0.301 0.042 0.016 0.013 0.029 
 248   (0.100) 0.014 0.024 0.100 0.134 0.008 0.355 0.124 0.046 0.307 
 262   (0.112) 0.033 0.038 0.112 0.285 0.012 0.129 0.035 0.110 0.112 
 232   (0.158) 0.060 0.480 0.159 0.111 0.178 0.016 0.425 0.096 0.087 
 250   (0.028) 0.004 0.003 0.028 0.003 0.004 0.256 0.007 0.011 0.007 
 228   (0.026) 0.004 0.003 0.026 0.002 0.002 0.003 0.011 0.003 0.006 
 220   (0.041) 0.006 0.004 0.041 0.202 0.074 0.008 0.011 0.005 0.010 
 264   (0.053) 0.023 0.006 0.053 0.005 0.042 0.010 0.059 0.091 0.018 
 252   (0.041) 0.084 0.088 0.041 0.017 0.003 0.005 0.011 0.010 0.010 
 254   (0.046) 0.076 0.085 0.046 0.004 0.003 0.007 0.016 0.024 0.179 
 242   (0.026) 0.004 0.003 0.026 0.002 0.002 0.003 0.032 0.003 0.005 
 266   (0.028) 0.005 0.037 0.028 0.002 0.002 0.003 0.008 0.023 0.009 
 244   (0.031) 0.005 0.034 0.031 0.006 0.002 0.039 0.014 0.010 0.038 
 226   (0.018) 0.003 0.002 0.018 0.002 0.025 0.002 0.005 0.002 0.004 
 240   (0.018) 0.005 0.002 0.018 0.001 0.001 0.002 0.010 0.002 0.004 

Locus 10 : Scv8 
6 alleles
0.7% missing data
 200   (0.632) 0.410 0.628 0.632 0.707 0.826 0.794 0.625 0.780 0.760 
 202   (0.086) 0.051 0.063 0.086 0.007 0.006 0.009 0.203 0.074 0.058 
 194   (0.086) 0.095 0.010 0.086 0.090 0.153 0.023 0.026 0.096 0.104 
 204   (0.053) 0.008 0.005 0.053 0.035 0.004 0.113 0.016 0.008 0.021 
 198   (0.078) 0.015 0.008 0.078 0.156 0.006 0.056 0.099 0.019 0.040 
 188   (0.065) 0.420 0.286 0.065 0.005 0.004 0.006 0.031 0.024 0.017 

Locus 11 : Scv9 
5 alleles
0.0% missing data
 198   (0.327) 0.535 0.320 0.326 0.114 0.421 0.476 0.183 0.588 0.436 
 200   (0.309) 0.104 0.314 0.309 0.571 0.357 0.394 0.555 0.092 0.379 
 196   (0.301) 0.245 0.357 0.302 0.310 0.050 0.124 0.246 0.311 0.174 
 204   (0.043) 0.090 0.006 0.043 0.004 0.171 0.005 0.011 0.007 0.007 
 202   (0.019) 0.026 0.003 0.019 0.002 0.001 0.002 0.005 0.002 0.003 

Locus 12 : Rsu1 
6 alleles
0.0% missing data
 189   (0.309) 0.264 0.105 0.309 0.056 0.499 0.054 0.563 0.246 0.398 
 185   (0.274) 0.145 0.789 0.274 0.216 0.172 0.063 0.167 0.513 0.454 
 177   (0.079) 0.042 0.062 0.079 0.157 0.009 0.011 0.025 0.016 0.019 
 181   (0.245) 0.535 0.036 0.245 0.182 0.057 0.798 0.221 0.210 0.106 
 193   (0.053) 0.008 0.005 0.053 0.291 0.034 0.070 0.013 0.010 0.016 
 197   (0.040) 0.005 0.004 0.039 0.098 0.229 0.004 0.010 0.005 0.006 

Locus 13 : Scv14 
7 alleles
4.4% missing data
 196   (0.534) 0.679 0.604 0.533 0.834 0.935 0.894 0.492 0.535 0.238 
 198   (0.083) 0.057 0.032 0.083 0.007 0.007 0.014 0.113 0.208 0.022 
 194   (0.139) 0.172 0.048 0.139 0.041 0.018 0.053 0.230 0.068 0.086 
 202   (0.180) 0.077 0.310 0.181 0.111 0.035 0.025 0.142 0.179 0.644 
 204   (0.021) 0.003 0.002 0.021 0.002 0.002 0.002 0.011 0.003 0.003 
 190   (0.021) 0.003 0.002 0.021 0.004 0.002 0.010 0.006 0.003 0.004 
 200   (0.021) 0.009 0.002 0.022 0.002 0.002 0.002 0.006 0.004 0.003 

Locus 14 : Scv16 
7 alleles
0.0% missing data
 182   (0.413) 0.564 0.297 0.413 0.556 0.194 0.788 0.215 0.573 0.848 
 184   (0.425) 0.193 0.644 0.425 0.289 0.780 0.195 0.561 0.384 0.124 
 188   (0.056) 0.008 0.006 0.056 0.146 0.018 0.005 0.176 0.007 0.009 
 200   (0.019) 0.003 0.002 0.019 0.002 0.001 0.002 0.023 0.002 0.003 
 198   (0.034) 0.147 0.029 0.034 0.003 0.002 0.005 0.009 0.022 0.007 
 190   (0.032) 0.082 0.020 0.032 0.003 0.003 0.003 0.008 0.009 0.006 
 186   (0.020) 0.003 0.002 0.021 0.002 0.001 0.002 0.009 0.002 0.003 

Locus 15 : Scv31 
15 alleles
3.0% missing data
 193   (0.126) 0.040 0.156 0.126 0.040 0.013 0.559 0.059 0.189 0.068 
 201   (0.101) 0.015 0.067 0.102 0.059 0.011 0.087 0.239 0.016 0.053 
 187   (0.083) 0.012 0.125 0.082 0.323 0.258 0.050 0.021 0.018 0.021 
 207   (0.026) 0.004 0.003 0.026 0.012 0.405 0.003 0.006 0.004 0.005 
 195   (0.073) 0.032 0.212 0.073 0.101 0.013 0.032 0.020 0.034 0.052 
 185   (0.174) 0.315 0.152 0.174 0.025 0.226 0.025 0.117 0.472 0.074 
 189   (0.060) 0.008 0.006 0.060 0.008 0.004 0.178 0.272 0.008 0.016 
 205   (0.019) 0.003 0.002 0.019 0.002 0.001 0.002 0.006 0.002 0.003 
 191   (0.158) 0.473 0.020 0.158 0.337 0.055 0.044 0.047 0.227 0.176 
 197   (0.026) 0.003 0.202 0.025 0.007 0.003 0.004 0.006 0.004 0.005 
 199   (0.056) 0.079 0.043 0.056 0.005 0.004 0.006 0.065 0.008 0.011 
 203   (0.025) 0.003 0.003 0.024 0.002 0.002 0.002 0.087 0.003 0.006 
 209   (0.027) 0.005 0.003 0.027 0.002 0.002 0.003 0.023 0.009 0.018 
 213   (0.021) 0.003 0.002 0.021 0.002 0.001 0.002 0.023 0.003 0.486 
 181   (0.025) 0.004 0.003 0.025 0.076 0.002 0.002 0.006 0.004 0.006 

Locus 16 : Scv6 
8 alleles
0.0% missing data
 191   (0.102) 0.014 0.020 0.102 0.185 0.008 0.208 0.217 0.015 0.270 
 195   (0.389) 0.227 0.618 0.390 0.460 0.693 0.503 0.280 0.488 0.155 
 197   (0.205) 0.356 0.230 0.204 0.313 0.261 0.250 0.098 0.191 0.046 
 201   (0.086) 0.131 0.009 0.086 0.007 0.006 0.011 0.138 0.054 0.059 
 205   (0.019) 0.002 0.002 0.019 0.002 0.001 0.002 0.062 0.002 0.002 
 193   (0.093) 0.180 0.084 0.093 0.009 0.007 0.009 0.125 0.113 0.035 
 199   (0.084) 0.085 0.034 0.084 0.023 0.023 0.015 0.033 0.133 0.428 
 181   (0.023) 0.003 0.003 0.023 0.002 0.002 0.002 0.046 0.003 0.004 

Values of parameters used in structure:
DATAFILE=C:\Users\drenske\Desktop\STRUCTURE\Squirrel_135_ID_16L_20250816\project_data,	OUTFILE=C:\Users\drenske\Desktop\STRUCTURE\Squirrel_135_ID_16L_20250816\10k_Burnin_100k_MCMC\Results\10k_Burnin_100k_MCMC_run_209,	NUMINDS=135,	NUMLOCI=16,	MISSING=-9,	LABEL=1,	POPDATA=1,	POPFLAG=0,	PHENOTYPE=0,	EXTRACOLS=1,	MAXPOPS=9,	BURNIN=10000,	NUMREPS=100000,	USEPOPINFO=0,	INFERALPHA=1,	INFERLAMBDA=1,	POPSPECIFICLAMBDA=0,	POPALPHAS=0,	COMPUTEPROB=1,	NOADMIX=0,	ADMBURNIN=2500,	UPDATEFREQ=1,	PRINTLIKES=0,	INTERMEDSAVE=0,	PRINTKLD=0,	PRINTNET=0,	PRINTLAMBDA=0,	ANCESTDIST=1,	NUMBOXES=1000,	ANCESTPINT=0.90000,	GENSBACK=2,	MIGRPRIOR=0.05000,	PRINTQHAT=1,	PRINTQSUM=0,	ALPHA=1.0000,	FREQSCORR=1,	FPRIORMEAN=0.0100,	FPRIORSD=0.0500,	ONEFST=0,	LAMBDA=1.0000,	UNIFPRIORALPHA=1,	ALPHAMAX=10.0000,	ALPHAPRIORA=1.0000,	ALPHAPRIORB=2.0000,	ALPHAPROPSD=0.0250,	STARTATPOPINFO=0,	RANDOMIZE=1,	LINKAGE=0,	METROFREQ=10,	REPORTHITRATE=0,	MARKOVPHASE=-1,	PHASED=0,	PLOIDY=2,	PHASEINFO=0	LOCPRIOR=0, 	LOCPRIORINIT=1.000000, 	LOCDATA=0, 	LOCISPOP=0, 	LOCPRIORSTEP=0.100000, 	MAXLOCPRIOR=20.000000, 	SEED=1755519387,	
[STRAT parameters]:    NUMSIMSTATS=1000,	PHENOTYPECOL=-9,	POOLFREQ=10,	LOCUSxONLY=0,	EMERROR=0.00100,	MISSINGPHENO=-9,	