

----------------------------------------------------
STRUCTURE by Pritchard, Stephens and Donnelly (2000)
     and Falush, Stephens and Pritchard (2003)
       Code by Pritchard, Falush and Hubisz
             Version 2.3.4 (Jul 2012)
----------------------------------------------------



Command line arguments:   bin\structure -m C:\Users\drenske\Desktop\STRUCTURE\Squirrel_135_ID_16L_20250816\10k_Burnin_100k_MCMC\mainparams -e C:\Users\drenske\Desktop\STRUCTURE\Squirrel_135_ID_16L_20250816\10k_Burnin_100k_MCMC\extraparams 
Input File:    C:\Users\drenske\Desktop\STRUCTURE\Squirrel_135_ID_16L_20250816\project_data

Run parameters:
   135 individuals
   16 loci
   7 populations assumed
   10000 Burn-in period
   100000 Reps


--------------------------------------------
Proportion of membership of each pre-defined
 population in each of the 7 clusters

Given    Inferred Clusters                                   Number of
 Pop       1      2      3      4      5      6      7      Individuals

  1:     0.166  0.130  0.130  0.126  0.160  0.124  0.164      135
--------------------------------------------

Allele-freq. divergence among pops (Net nucleotide distance),
computed using point estimates of P.

      1       2       3       4       5       6       7      
 1      -    0.0568  0.0857  0.0928  0.0962  0.0607  0.0646  
 2   0.0568     -    0.0733  0.0383  0.0433  0.0463  0.0415  
 3   0.0857  0.0733     -    0.1062  0.1047  0.0915  0.0655  
 4   0.0928  0.0383  0.1062     -    0.0814  0.0768  0.0659  
 5   0.0962  0.0433  0.1047  0.0814     -    0.0942  0.0626  
 6   0.0607  0.0463  0.0915  0.0768  0.0942     -    0.0705  
 7   0.0646  0.0415  0.0655  0.0659  0.0626  0.0705     -    

Average distances (expected heterozygosity) between individuals in same cluster:
cluster  1  : 0.5318 
cluster  2  : 0.5792 
cluster  3  : 0.4626 
cluster  4  : 0.5912 
cluster  5  : 0.5582 
cluster  6  : 0.4997 
cluster  7  : 0.6421 

--------------------------------------------
Estimated Ln Prob of Data   = -4803.2
Mean value of ln likelihood = -4556.7
Variance of ln likelihood   = 492.9
Mean value of alpha         = 0.0473

Mean value of lambda        = 1.0130

Mean value of Fst_1         = 0.2214
Mean value of Fst_2         = 0.1895
Mean value of Fst_3         = 0.3063
Mean value of Fst_4         = 0.1723
Mean value of Fst_5         = 0.1993
Mean value of Fst_6         = 0.2372
Mean value of Fst_7         = 0.0602


Inferred ancestry of individuals:
        Label (%Miss) Pop:  Inferred clusters (and 90% probability intervals)
  1       1*    (0)    1 :  0.010 0.035 0.013 0.007 0.027 0.064 0.843     (0.000,0.060) (0.000,0.251) (0.000,0.086) (0.000,0.042) (0.000,0.195) (0.000,0.402) (0.451,1.000) 
  2        3    (0)    1 :  0.006 0.006 0.964 0.005 0.007 0.006 0.006     (0.000,0.033) (0.000,0.034) (0.834,1.000) (0.000,0.027) (0.000,0.041) (0.000,0.030) (0.000,0.030) 
  3        6    (0)    1 :  0.021 0.016 0.908 0.015 0.022 0.013 0.006     (0.000,0.146) (0.000,0.101) (0.608,1.000) (0.000,0.095) (0.000,0.154) (0.000,0.077) (0.000,0.032) 
  4        8    (0)    1 :  0.807 0.135 0.007 0.004 0.015 0.019 0.013     (0.302,1.000) (0.000,0.641) (0.000,0.043) (0.000,0.022) (0.000,0.103) (0.000,0.130) (0.000,0.082) 
  5       10    (0)    1 :  0.297 0.006 0.008 0.006 0.004 0.671 0.008     (0.000,1.000) (0.000,0.032) (0.000,0.048) (0.000,0.032) (0.000,0.024) (0.000,1.000) (0.000,0.046) 
  6       11    (0)    1 :  0.066 0.198 0.045 0.065 0.016 0.031 0.578     (0.000,0.428) (0.000,0.935) (0.000,0.328) (0.000,0.472) (0.000,0.106) (0.000,0.215) (0.000,1.000) 
  7       12    (0)    1 :  0.079 0.009 0.006 0.006 0.006 0.888 0.005     (0.000,0.876) (0.000,0.050) (0.000,0.034) (0.000,0.031) (0.000,0.032) (0.005,1.000) (0.000,0.029) 
  8       16    (6)    1 :  0.016 0.007 0.950 0.006 0.005 0.009 0.006     (0.000,0.104) (0.000,0.043) (0.766,1.000) (0.000,0.033) (0.000,0.030) (0.000,0.055) (0.000,0.036) 
  9       18    (0)    1 :  0.008 0.009 0.010 0.005 0.006 0.006 0.956     (0.000,0.047) (0.000,0.051) (0.000,0.062) (0.000,0.026) (0.000,0.035) (0.000,0.037) (0.796,1.000) 
 10       19    (0)    1 :  0.045 0.029 0.017 0.082 0.032 0.012 0.784     (0.000,0.323) (0.000,0.199) (0.000,0.109) (0.000,0.498) (0.000,0.229) (0.000,0.064) (0.109,1.000) 
 11       21    (6)    1 :  0.025 0.010 0.935 0.008 0.007 0.010 0.006     (0.000,0.173) (0.000,0.057) (0.719,1.000) (0.000,0.047) (0.000,0.036) (0.000,0.054) (0.000,0.036) 
 12       23    (6)    1 :  0.032 0.109 0.012 0.037 0.014 0.787 0.009     (0.000,0.206) (0.000,0.617) (0.000,0.075) (0.000,0.254) (0.000,0.086) (0.261,1.000) (0.000,0.052) 
 13       24    (6)    1 :  0.307 0.024 0.017 0.050 0.012 0.396 0.194     (0.000,0.985) (0.000,0.158) (0.000,0.121) (0.000,0.310) (0.000,0.075) (0.000,0.991) (0.000,0.767) 
 14       25    (6)    1 :  0.077 0.077 0.045 0.008 0.012 0.767 0.014     (0.000,0.430) (0.000,0.449) (0.000,0.280) (0.000,0.045) (0.000,0.072) (0.299,1.000) (0.000,0.087) 
 15      26*    (0)    1 :  0.656 0.011 0.140 0.005 0.008 0.161 0.020     (0.000,1.000) (0.000,0.067) (0.000,0.582) (0.000,0.028) (0.000,0.044) (0.000,0.586) (0.000,0.137) 
 16       28    (0)    1 :  0.599 0.100 0.096 0.007 0.007 0.182 0.009     (0.000,1.000) (0.000,0.756) (0.000,0.540) (0.000,0.042) (0.000,0.039) (0.000,0.973) (0.000,0.048) 
 17       29    (0)    1 :  0.272 0.008 0.006 0.006 0.006 0.688 0.015     (0.000,1.000) (0.000,0.044) (0.000,0.033) (0.000,0.035) (0.000,0.032) (0.000,1.000) (0.000,0.097) 
 18       30    (0)    1 :  0.441 0.016 0.109 0.008 0.343 0.066 0.017     (0.000,0.962) (0.000,0.094) (0.000,0.614) (0.000,0.041) (0.000,0.719) (0.000,0.508) (0.000,0.094) 
 19       33    (0)    1 :  0.005 0.009 0.006 0.045 0.012 0.008 0.915     (0.000,0.028) (0.000,0.051) (0.000,0.036) (0.000,0.299) (0.000,0.077) (0.000,0.044) (0.628,1.000) 
 20       37    (0)    1 :  0.009 0.010 0.012 0.008 0.006 0.028 0.928     (0.000,0.055) (0.000,0.057) (0.000,0.074) (0.000,0.048) (0.000,0.031) (0.000,0.204) (0.680,1.000) 
 21       38    (0)    1 :  0.017 0.009 0.010 0.005 0.004 0.014 0.941     (0.000,0.118) (0.000,0.045) (0.000,0.060) (0.000,0.026) (0.000,0.022) (0.000,0.095) (0.728,1.000) 
 22       43    (0)    1 :  0.235 0.024 0.038 0.008 0.006 0.678 0.011     (0.000,0.991) (0.000,0.146) (0.000,0.256) (0.000,0.045) (0.000,0.040) (0.000,1.000) (0.000,0.064) 
 23       44    (0)    1 :  0.348 0.286 0.314 0.007 0.030 0.007 0.008     (0.000,0.941) (0.000,0.998) (0.000,0.691) (0.000,0.036) (0.000,0.223) (0.000,0.039) (0.000,0.044) 
 24       48    (0)    1 :  0.006 0.007 0.014 0.004 0.006 0.007 0.956     (0.000,0.034) (0.000,0.039) (0.000,0.090) (0.000,0.022) (0.000,0.032) (0.000,0.036) (0.795,1.000) 
 25       55    (0)    1 :  0.496 0.188 0.249 0.012 0.024 0.015 0.015     (0.000,1.000) (0.000,0.784) (0.000,0.808) (0.000,0.074) (0.000,0.180) (0.000,0.097) (0.000,0.098) 
 26       59    (0)    1 :  0.006 0.006 0.967 0.005 0.006 0.004 0.006     (0.000,0.034) (0.000,0.034) (0.849,1.000) (0.000,0.026) (0.000,0.033) (0.000,0.023) (0.000,0.034) 
 27       60    (0)    1 :  0.005 0.420 0.015 0.074 0.134 0.307 0.046     (0.000,0.029) (0.000,1.000) (0.000,0.096) (0.000,0.589) (0.000,0.820) (0.000,1.000) (0.000,0.318) 
 28       61    (0)    1 :  0.008 0.187 0.017 0.688 0.066 0.023 0.010     (0.000,0.049) (0.000,0.950) (0.000,0.119) (0.000,1.000) (0.000,0.406) (0.000,0.132) (0.000,0.059) 
 29       62    (0)    1 :  0.012 0.485 0.011 0.370 0.025 0.074 0.021     (0.000,0.076) (0.000,1.000) (0.000,0.069) (0.000,1.000) (0.000,0.176) (0.000,0.587) (0.000,0.145) 
 30       65    (0)    1 :  0.010 0.010 0.005 0.014 0.024 0.009 0.928     (0.000,0.061) (0.000,0.060) (0.000,0.029) (0.000,0.097) (0.000,0.172) (0.000,0.054) (0.699,1.000) 
 31       73    (0)    1 :  0.013 0.017 0.006 0.006 0.875 0.074 0.009     (0.000,0.084) (0.000,0.115) (0.000,0.036) (0.000,0.031) (0.560,1.000) (0.000,0.377) (0.000,0.053) 
 32       75    (0)    1 :  0.010 0.006 0.008 0.924 0.034 0.005 0.012     (0.000,0.063) (0.000,0.036) (0.000,0.053) (0.674,1.000) (0.000,0.234) (0.000,0.028) (0.000,0.081) 
 33       76    (0)    1 :  0.005 0.012 0.006 0.956 0.007 0.009 0.005     (0.000,0.030) (0.000,0.072) (0.000,0.032) (0.796,1.000) (0.000,0.040) (0.000,0.055) (0.000,0.026) 
 34       77    (0)    1 :  0.005 0.068 0.007 0.889 0.005 0.018 0.008     (0.000,0.029) (0.000,0.569) (0.000,0.038) (0.348,1.000) (0.000,0.028) (0.000,0.102) (0.000,0.049) 
 35       78    (0)    1 :  0.013 0.033 0.007 0.230 0.682 0.019 0.016     (0.000,0.080) (0.000,0.241) (0.000,0.040) (0.000,0.925) (0.000,1.000) (0.000,0.128) (0.000,0.105) 
 36       79    (0)    1 :  0.007 0.034 0.005 0.870 0.066 0.006 0.012     (0.000,0.046) (0.000,0.206) (0.000,0.028) (0.456,1.000) (0.000,0.397) (0.000,0.032) (0.000,0.077) 
 37       84    (0)    1 :  0.113 0.128 0.583 0.027 0.032 0.099 0.019     (0.000,0.474) (0.000,0.594) (0.143,0.971) (0.000,0.192) (0.000,0.228) (0.000,0.540) (0.000,0.126) 
 38       85    (0)    1 :  0.617 0.334 0.011 0.007 0.012 0.007 0.012     (0.000,1.000) (0.000,1.000) (0.000,0.071) (0.000,0.037) (0.000,0.077) (0.000,0.041) (0.000,0.069) 
 39       86    (0)    1 :  0.707 0.207 0.007 0.014 0.022 0.018 0.025     (0.000,1.000) (0.000,0.923) (0.000,0.038) (0.000,0.089) (0.000,0.161) (0.000,0.128) (0.000,0.171) 
 40       89    (0)    1 :  0.021 0.122 0.479 0.037 0.016 0.295 0.030     (0.000,0.138) (0.000,0.608) (0.000,0.880) (0.000,0.276) (0.000,0.105) (0.000,0.837) (0.000,0.208) 
 41       94    (0)    1 :  0.101 0.023 0.013 0.007 0.005 0.821 0.030     (0.000,0.972) (0.000,0.112) (0.000,0.084) (0.000,0.037) (0.000,0.028) (0.000,1.000) (0.000,0.186) 
 42       95    (0)    1 :  0.012 0.010 0.949 0.006 0.009 0.005 0.009     (0.000,0.069) (0.000,0.057) (0.764,1.000) (0.000,0.032) (0.000,0.054) (0.000,0.030) (0.000,0.054) 
 43       96    (0)    1 :  0.960 0.011 0.004 0.006 0.006 0.008 0.005     (0.811,1.000) (0.000,0.063) (0.000,0.025) (0.000,0.037) (0.000,0.031) (0.000,0.046) (0.000,0.027) 
 44       98    (0)    1 :  0.008 0.329 0.008 0.046 0.553 0.046 0.010     (0.000,0.045) (0.000,1.000) (0.000,0.050) (0.000,0.307) (0.000,1.000) (0.000,0.255) (0.000,0.056) 
 45      102    (0)    1 :  0.007 0.018 0.042 0.018 0.013 0.031 0.872     (0.000,0.038) (0.000,0.122) (0.000,0.282) (0.000,0.128) (0.000,0.090) (0.000,0.218) (0.559,1.000) 
 46      105    (0)    1 :  0.005 0.006 0.005 0.005 0.967 0.005 0.008     (0.000,0.026) (0.000,0.031) (0.000,0.030) (0.000,0.026) (0.846,1.000) (0.000,0.029) (0.000,0.048) 
 47      106    (0)    1 :  0.017 0.127 0.097 0.545 0.170 0.011 0.034     (0.000,0.117) (0.000,0.577) (0.000,0.428) (0.000,0.995) (0.000,0.662) (0.000,0.062) (0.000,0.227) 
 48      108    (0)    1 :  0.011 0.021 0.008 0.022 0.858 0.014 0.066     (0.000,0.070) (0.000,0.149) (0.000,0.047) (0.000,0.159) (0.494,1.000) (0.000,0.089) (0.000,0.394) 
 49      109    (0)    1 :  0.021 0.032 0.011 0.022 0.888 0.018 0.008     (0.000,0.155) (0.000,0.223) (0.000,0.068) (0.000,0.156) (0.525,1.000) (0.000,0.065) (0.000,0.045) 
 50      112    (0)    1 :  0.098 0.543 0.010 0.208 0.012 0.102 0.027     (0.000,0.496) (0.000,1.000) (0.000,0.058) (0.000,0.957) (0.000,0.073) (0.000,0.631) (0.000,0.175) 
 51      115    (0)    1 :  0.015 0.033 0.017 0.018 0.043 0.089 0.785     (0.000,0.086) (0.000,0.202) (0.000,0.110) (0.000,0.115) (0.000,0.305) (0.000,0.470) (0.229,1.000) 
 52      116    (0)    1 :  0.643 0.285 0.016 0.008 0.016 0.010 0.022     (0.000,1.000) (0.000,0.999) (0.000,0.098) (0.000,0.040) (0.000,0.108) (0.000,0.055) (0.000,0.155) 
 53      117    (0)    1 :  0.319 0.029 0.371 0.029 0.024 0.212 0.015     (0.000,0.889) (0.000,0.220) (0.000,0.931) (0.000,0.210) (0.000,0.162) (0.000,0.981) (0.000,0.098) 
 54      129    (0)    1 :  0.890 0.017 0.068 0.004 0.006 0.008 0.008     (0.542,1.000) (0.000,0.100) (0.000,0.388) (0.000,0.022) (0.000,0.032) (0.000,0.046) (0.000,0.045) 
 55      132    (0)    1 :  0.007 0.269 0.026 0.035 0.054 0.466 0.144     (0.000,0.040) (0.000,0.997) (0.000,0.188) (0.000,0.255) (0.000,0.414) (0.000,1.000) (0.000,0.728) 
 56      133    (0)    1 :  0.005 0.325 0.010 0.062 0.548 0.042 0.007     (0.000,0.029) (0.000,1.000) (0.000,0.060) (0.000,0.433) (0.000,1.000) (0.000,0.189) (0.000,0.042) 
 57      137    (6)    1 :  0.011 0.196 0.018 0.688 0.019 0.053 0.013     (0.000,0.070) (0.000,0.983) (0.000,0.123) (0.000,1.000) (0.000,0.126) (0.000,0.402) (0.000,0.082) 
 58      139    (0)    1 :  0.017 0.009 0.009 0.934 0.010 0.008 0.013     (0.000,0.124) (0.000,0.053) (0.000,0.056) (0.716,1.000) (0.000,0.060) (0.000,0.046) (0.000,0.084) 
 59      140    (0)    1 :  0.007 0.022 0.015 0.016 0.922 0.012 0.006     (0.000,0.041) (0.000,0.134) (0.000,0.104) (0.000,0.108) (0.632,1.000) (0.000,0.050) (0.000,0.037) 
 60      142    (0)    1 :  0.006 0.200 0.024 0.734 0.014 0.015 0.008     (0.000,0.035) (0.000,0.943) (0.000,0.176) (0.000,1.000) (0.000,0.084) (0.000,0.089) (0.000,0.043) 
 61      144    (0)    1 :  0.004 0.006 0.006 0.005 0.970 0.004 0.005     (0.000,0.021) (0.000,0.036) (0.000,0.034) (0.000,0.027) (0.860,1.000) (0.000,0.022) (0.000,0.026) 
 62      145    (0)    1 :  0.005 0.508 0.008 0.426 0.017 0.027 0.008     (0.000,0.028) (0.000,1.000) (0.000,0.046) (0.000,1.000) (0.000,0.110) (0.000,0.083) (0.000,0.047) 
 63      147    (0)    1 :  0.007 0.012 0.004 0.017 0.947 0.005 0.007     (0.000,0.043) (0.000,0.078) (0.000,0.024) (0.000,0.108) (0.751,1.000) (0.000,0.025) (0.000,0.043) 
 64      160    (0)    1 :  0.138 0.007 0.010 0.006 0.005 0.825 0.010     (0.000,0.997) (0.000,0.037) (0.000,0.058) (0.000,0.031) (0.000,0.028) (0.000,1.000) (0.000,0.053) 
 65     162*    (0)    1 :  0.957 0.011 0.004 0.007 0.006 0.010 0.005     (0.799,1.000) (0.000,0.062) (0.000,0.024) (0.000,0.038) (0.000,0.031) (0.000,0.058) (0.000,0.029) 
 66      166    (0)    1 :  0.008 0.416 0.024 0.125 0.281 0.136 0.010     (0.000,0.045) (0.000,1.000) (0.000,0.166) (0.000,0.965) (0.000,0.998) (0.000,0.995) (0.000,0.058) 
 67      177    (0)    1 :  0.005 0.006 0.004 0.972 0.004 0.004 0.005     (0.000,0.030) (0.000,0.031) (0.000,0.024) (0.870,1.000) (0.000,0.022) (0.000,0.025) (0.000,0.025) 
 68      178    (0)    1 :  0.016 0.034 0.008 0.807 0.071 0.049 0.015     (0.000,0.107) (0.000,0.229) (0.000,0.050) (0.387,1.000) (0.000,0.395) (0.000,0.334) (0.000,0.099) 
 69      186    (0)    1 :  0.006 0.005 0.970 0.004 0.005 0.006 0.005     (0.000,0.031) (0.000,0.029) (0.859,1.000) (0.000,0.024) (0.000,0.025) (0.000,0.032) (0.000,0.026) 
 70      189    (0)    1 :  0.612 0.351 0.007 0.008 0.004 0.012 0.007     (0.000,1.000) (0.000,1.000) (0.000,0.043) (0.000,0.045) (0.000,0.022) (0.000,0.072) (0.000,0.037) 
 71      190    (0)    1 :  0.821 0.039 0.039 0.015 0.012 0.057 0.017     (0.372,1.000) (0.000,0.256) (0.000,0.272) (0.000,0.105) (0.000,0.070) (0.000,0.405) (0.000,0.117) 
 72      191    (0)    1 :  0.176 0.222 0.497 0.026 0.042 0.023 0.013     (0.000,0.804) (0.000,0.938) (0.000,0.961) (0.000,0.192) (0.000,0.296) (0.000,0.160) (0.000,0.078) 
 73      193    (0)    1 :  0.009 0.526 0.033 0.342 0.019 0.059 0.012     (0.000,0.050) (0.000,1.000) (0.000,0.237) (0.000,1.000) (0.000,0.126) (0.000,0.474) (0.000,0.071) 
 74      202    (0)    1 :  0.366 0.040 0.009 0.013 0.010 0.515 0.046     (0.000,0.865) (0.000,0.276) (0.000,0.057) (0.000,0.085) (0.000,0.062) (0.000,0.984) (0.000,0.311) 
 75      204    (0)    1 :  0.923 0.007 0.051 0.003 0.005 0.007 0.004     (0.619,1.000) (0.000,0.037) (0.000,0.345) (0.000,0.019) (0.000,0.026) (0.000,0.039) (0.000,0.022) 
 76      211    (0)    1 :  0.014 0.173 0.011 0.050 0.285 0.441 0.026     (0.000,0.092) (0.000,0.931) (0.000,0.070) (0.000,0.312) (0.000,0.958) (0.000,0.999) (0.000,0.170) 
 77      216    (0)    1 :  0.005 0.044 0.005 0.033 0.867 0.038 0.007     (0.000,0.029) (0.000,0.342) (0.000,0.029) (0.000,0.216) (0.440,1.000) (0.000,0.280) (0.000,0.039) 
 78      222    (0)    1 :  0.016 0.236 0.007 0.018 0.678 0.014 0.031     (0.000,0.087) (0.000,0.790) (0.000,0.042) (0.000,0.094) (0.142,1.000) (0.000,0.082) (0.000,0.232) 
 79      224    (0)    1 :  0.578 0.359 0.019 0.007 0.010 0.015 0.011     (0.000,1.000) (0.000,1.000) (0.000,0.124) (0.000,0.041) (0.000,0.062) (0.000,0.097) (0.000,0.066) 
 80      226    (0)    1 :  0.007 0.007 0.963 0.006 0.005 0.005 0.008     (0.000,0.042) (0.000,0.038) (0.830,1.000) (0.000,0.031) (0.000,0.025) (0.000,0.029) (0.000,0.044) 
 81      229    (0)    1 :  0.699 0.080 0.010 0.039 0.070 0.056 0.045     (0.217,0.999) (0.000,0.436) (0.000,0.062) (0.000,0.254) (0.000,0.415) (0.000,0.398) (0.000,0.317) 
 82      230    (0)    1 :  0.866 0.033 0.016 0.039 0.014 0.018 0.014     (0.518,1.000) (0.000,0.233) (0.000,0.103) (0.000,0.251) (0.000,0.101) (0.000,0.113) (0.000,0.087) 
 83      232    (0)    1 :  0.161 0.181 0.067 0.091 0.028 0.448 0.023     (0.000,0.730) (0.000,0.761) (0.000,0.393) (0.000,0.504) (0.000,0.201) (0.000,0.973) (0.000,0.160) 
 84      238    (0)    1 :  0.078 0.059 0.008 0.175 0.029 0.015 0.637     (0.000,0.423) (0.000,0.392) (0.000,0.043) (0.000,0.612) (0.000,0.212) (0.000,0.097) (0.000,1.000) 
 85      242    (0)    1 :  0.005 0.007 0.007 0.004 0.007 0.005 0.965     (0.000,0.028) (0.000,0.042) (0.000,0.039) (0.000,0.022) (0.000,0.042) (0.000,0.026) (0.836,1.000) 
 86      243    (0)    1 :  0.009 0.062 0.033 0.035 0.064 0.020 0.776     (0.000,0.052) (0.000,0.439) (0.000,0.245) (0.000,0.249) (0.000,0.422) (0.000,0.124) (0.341,1.000) 
 87      244    (0)    1 :  0.011 0.020 0.007 0.203 0.010 0.011 0.737     (0.000,0.073) (0.000,0.131) (0.000,0.038) (0.000,0.642) (0.000,0.062) (0.000,0.066) (0.306,1.000) 
 88      251    (0)    1 :  0.035 0.073 0.009 0.027 0.022 0.092 0.742     (0.000,0.255) (0.000,0.487) (0.000,0.050) (0.000,0.176) (0.000,0.147) (0.000,0.519) (0.240,1.000) 
 89      266    (0)    1 :  0.025 0.096 0.012 0.614 0.023 0.037 0.194     (0.000,0.174) (0.000,0.602) (0.000,0.082) (0.005,0.998) (0.000,0.167) (0.000,0.269) (0.000,0.654) 
 90      267    (0)    1 :  0.056 0.022 0.028 0.013 0.836 0.024 0.020     (0.000,0.325) (0.000,0.147) (0.000,0.203) (0.000,0.082) (0.445,1.000) (0.000,0.151) (0.000,0.138) 
 91      268    (0)    1 :  0.007 0.064 0.008 0.281 0.562 0.067 0.011     (0.000,0.035) (0.000,0.545) (0.000,0.049) (0.000,0.994) (0.000,1.000) (0.000,0.414) (0.000,0.066) 
 92      270    (0)    1 :  0.728 0.171 0.045 0.008 0.013 0.017 0.018     (0.001,1.000) (0.000,0.775) (0.000,0.338) (0.000,0.045) (0.000,0.081) (0.000,0.111) (0.000,0.116) 
 93      276    (0)    1 :  0.166 0.273 0.384 0.061 0.061 0.040 0.016     (0.000,0.907) (0.000,0.991) (0.000,0.904) (0.000,0.392) (0.000,0.405) (0.000,0.291) (0.000,0.101) 
 94      298    (6)    1 :  0.006 0.024 0.014 0.083 0.846 0.017 0.011     (0.000,0.031) (0.000,0.152) (0.000,0.089) (0.000,0.494) (0.377,1.000) (0.000,0.103) (0.000,0.064) 
 95      306    (0)    1 :  0.006 0.534 0.008 0.148 0.120 0.155 0.029     (0.000,0.033) (0.000,1.000) (0.000,0.047) (0.000,0.917) (0.000,0.689) (0.000,0.989) (0.000,0.200) 
 96      308    (0)    1 :  0.011 0.101 0.007 0.517 0.226 0.106 0.034     (0.000,0.063) (0.000,0.584) (0.000,0.038) (0.000,0.999) (0.000,0.773) (0.000,0.508) (0.000,0.242) 
 97      311    (6)    1 :  0.029 0.345 0.010 0.039 0.365 0.055 0.158     (0.000,0.207) (0.000,0.999) (0.000,0.056) (0.000,0.272) (0.000,0.993) (0.000,0.373) (0.000,0.817) 
 98      323    (0)    1 :  0.008 0.006 0.965 0.004 0.005 0.005 0.007     (0.000,0.046) (0.000,0.031) (0.836,1.000) (0.000,0.023) (0.000,0.031) (0.000,0.026) (0.000,0.038) 
 99      327    (0)    1 :  0.658 0.032 0.017 0.008 0.015 0.254 0.017     (0.000,1.000) (0.000,0.233) (0.000,0.116) (0.000,0.044) (0.000,0.099) (0.000,0.878) (0.000,0.111) 
100      334    (0)    1 :  0.008 0.056 0.004 0.009 0.021 0.008 0.894     (0.000,0.048) (0.000,0.425) (0.000,0.022) (0.000,0.052) (0.000,0.151) (0.000,0.047) (0.438,1.000) 
101      338    (0)    1 :  0.015 0.223 0.018 0.032 0.635 0.060 0.018     (0.000,0.093) (0.000,0.981) (0.000,0.123) (0.000,0.225) (0.000,1.000) (0.000,0.453) (0.000,0.110) 
102      341    (0)    1 :  0.007 0.014 0.946 0.007 0.005 0.011 0.010     (0.000,0.042) (0.000,0.094) (0.755,1.000) (0.000,0.040) (0.000,0.028) (0.000,0.063) (0.000,0.062) 
103      346    (0)    1 :  0.009 0.280 0.012 0.533 0.013 0.145 0.008     (0.000,0.051) (0.000,1.000) (0.000,0.073) (0.000,1.000) (0.000,0.067) (0.000,0.977) (0.000,0.047) 
104      348    (0)    1 :  0.009 0.038 0.007 0.187 0.728 0.007 0.024     (0.000,0.052) (0.000,0.273) (0.000,0.043) (0.000,0.860) (0.000,1.000) (0.000,0.036) (0.000,0.164) 
105      351    (0)    1 :  0.009 0.123 0.016 0.017 0.012 0.057 0.767     (0.000,0.050) (0.000,0.928) (0.000,0.109) (0.000,0.102) (0.000,0.073) (0.000,0.386) (0.000,1.000) 
106      362    (0)    1 :  0.928 0.008 0.027 0.005 0.006 0.021 0.006     (0.666,1.000) (0.000,0.046) (0.000,0.190) (0.000,0.030) (0.000,0.034) (0.000,0.125) (0.000,0.033) 
107      364    (0)    1 :  0.005 0.024 0.010 0.011 0.011 0.011 0.927     (0.000,0.031) (0.000,0.167) (0.000,0.059) (0.000,0.068) (0.000,0.066) (0.000,0.070) (0.674,1.000) 
108      366    (0)    1 :  0.047 0.018 0.013 0.012 0.030 0.018 0.861     (0.000,0.328) (0.000,0.114) (0.000,0.083) (0.000,0.073) (0.000,0.222) (0.000,0.124) (0.484,1.000) 
109      376    (0)    1 :  0.021 0.031 0.880 0.024 0.007 0.029 0.008     (0.000,0.146) (0.000,0.212) (0.583,1.000) (0.000,0.169) (0.000,0.045) (0.000,0.210) (0.000,0.047) 
110      377    (6)    1 :  0.101 0.375 0.016 0.011 0.023 0.461 0.012     (0.000,0.620) (0.000,1.000) (0.000,0.104) (0.000,0.056) (0.000,0.164) (0.000,1.000) (0.000,0.065) 
111      378    (0)    1 :  0.056 0.013 0.011 0.012 0.008 0.895 0.005     (0.000,0.473) (0.000,0.077) (0.000,0.072) (0.000,0.077) (0.000,0.047) (0.428,1.000) (0.000,0.027) 
112      388    (0)    1 :  0.011 0.040 0.009 0.011 0.869 0.044 0.016     (0.000,0.070) (0.000,0.273) (0.000,0.056) (0.000,0.064) (0.409,1.000) (0.000,0.279) (0.000,0.109) 
113      391    (0)    1 :  0.008 0.168 0.419 0.017 0.021 0.357 0.010     (0.000,0.042) (0.000,0.781) (0.000,0.820) (0.000,0.105) (0.000,0.147) (0.000,0.881) (0.000,0.059) 
114      396   (18)    1 :  0.449 0.384 0.049 0.033 0.037 0.032 0.015     (0.000,0.992) (0.000,0.997) (0.000,0.354) (0.000,0.242) (0.000,0.275) (0.000,0.233) (0.000,0.090) 
115      400   (18)    1 :  0.173 0.287 0.008 0.009 0.007 0.384 0.131     (0.000,0.830) (0.000,0.999) (0.000,0.051) (0.000,0.049) (0.000,0.041) (0.000,1.000) (0.000,0.813) 
116      401    (0)    1 :  0.416 0.049 0.091 0.215 0.014 0.011 0.205     (0.000,0.804) (0.000,0.367) (0.000,0.555) (0.000,0.655) (0.000,0.085) (0.000,0.062) (0.000,0.720) 
117      406    (0)    1 :  0.011 0.363 0.082 0.034 0.397 0.082 0.032     (0.000,0.068) (0.000,1.000) (0.000,0.494) (0.000,0.228) (0.000,1.000) (0.000,0.792) (0.000,0.211) 
118      412    (6)    1 :  0.018 0.446 0.023 0.039 0.380 0.081 0.014     (0.000,0.122) (0.000,1.000) (0.000,0.159) (0.000,0.254) (0.000,1.000) (0.000,0.758) (0.000,0.077) 
119      413    (0)    1 :  0.016 0.457 0.004 0.437 0.030 0.014 0.042     (0.000,0.108) (0.000,1.000) (0.000,0.023) (0.000,1.000) (0.000,0.224) (0.000,0.071) (0.000,0.280) 
120      421    (0)    1 :  0.373 0.516 0.018 0.032 0.026 0.016 0.019     (0.000,0.988) (0.000,1.000) (0.000,0.126) (0.000,0.238) (0.000,0.190) (0.000,0.094) (0.000,0.120) 
121      423    (0)    1 :  0.441 0.438 0.015 0.012 0.046 0.014 0.034     (0.000,1.000) (0.000,1.000) (0.000,0.104) (0.000,0.069) (0.000,0.344) (0.000,0.090) (0.000,0.237) 
122      424    (0)    1 :  0.009 0.480 0.174 0.079 0.039 0.192 0.028     (0.000,0.051) (0.000,1.000) (0.000,0.799) (0.000,0.576) (0.000,0.284) (0.000,0.996) (0.000,0.188) 
123      426    (0)    1 :  0.063 0.038 0.022 0.016 0.015 0.828 0.018     (0.000,0.412) (0.000,0.248) (0.000,0.152) (0.000,0.112) (0.000,0.095) (0.279,1.000) (0.000,0.127) 
124      430   (12)    1 :  0.014 0.523 0.038 0.214 0.053 0.148 0.009     (0.000,0.086) (0.000,1.000) (0.000,0.271) (0.000,0.986) (0.000,0.399) (0.000,0.990) (0.000,0.051) 
125      435    (0)    1 :  0.005 0.242 0.005 0.678 0.043 0.022 0.005     (0.000,0.030) (0.000,0.922) (0.000,0.028) (0.000,1.000) (0.000,0.282) (0.000,0.148) (0.000,0.027) 
126      476    (0)    1 :  0.099 0.027 0.788 0.032 0.007 0.019 0.029     (0.000,0.479) (0.000,0.187) (0.416,1.000) (0.000,0.214) (0.000,0.042) (0.000,0.135) (0.000,0.196) 
127      478    (0)    1 :  0.143 0.149 0.652 0.007 0.009 0.015 0.026     (0.000,0.544) (0.000,0.774) (0.047,0.997) (0.000,0.036) (0.000,0.061) (0.000,0.092) (0.000,0.184) 
128      484    (0)    1 :  0.006 0.061 0.014 0.024 0.864 0.023 0.008     (0.000,0.037) (0.000,0.464) (0.000,0.095) (0.000,0.170) (0.397,1.000) (0.000,0.114) (0.000,0.042) 
129      489    (0)    1 :  0.025 0.348 0.010 0.013 0.078 0.518 0.008     (0.000,0.172) (0.000,1.000) (0.000,0.060) (0.000,0.071) (0.000,0.455) (0.000,1.000) (0.000,0.043) 
130      492   (18)    1 :  0.008 0.071 0.006 0.016 0.019 0.010 0.871     (0.000,0.045) (0.000,0.656) (0.000,0.032) (0.000,0.102) (0.000,0.127) (0.000,0.056) (0.237,1.000) 
131      493    (0)    1 :  0.016 0.013 0.008 0.008 0.007 0.012 0.936     (0.000,0.113) (0.000,0.083) (0.000,0.046) (0.000,0.051) (0.000,0.040) (0.000,0.079) (0.725,1.000) 
132      494    (0)    1 :  0.018 0.022 0.013 0.009 0.007 0.028 0.903     (0.000,0.122) (0.000,0.160) (0.000,0.088) (0.000,0.055) (0.000,0.039) (0.000,0.208) (0.599,1.000) 
133      500    (0)    1 :  0.926 0.030 0.020 0.004 0.004 0.008 0.007     (0.648,1.000) (0.000,0.229) (0.000,0.137) (0.000,0.022) (0.000,0.023) (0.000,0.049) (0.000,0.040) 
134      504    (0)    1 :  0.046 0.024 0.008 0.011 0.844 0.041 0.026     (0.000,0.277) (0.000,0.162) (0.000,0.047) (0.000,0.063) (0.494,1.000) (0.000,0.265) (0.000,0.179) 
135      506    (0)    1 :  0.077 0.007 0.011 0.005 0.884 0.010 0.006     (0.000,0.395) (0.000,0.039) (0.000,0.068) (0.000,0.027) (0.557,1.000) (0.000,0.061) (0.000,0.032) 


Estimated Allele Frequencies in each cluster
First column gives estimated ancestral frequencies


Locus 1 : Rsu3 
3 alleles
1.5% missing data
 164   (0.522) 0.677 0.431 0.497 0.566 0.477 0.562 0.553 
 166   (0.252) 0.074 0.365 0.093 0.205 0.483 0.314 0.212 
 170   (0.226) 0.248 0.204 0.411 0.228 0.040 0.124 0.235 

Locus 2 : Rsu5 
5 alleles
1.5% missing data
 137   (0.731) 0.945 0.881 0.973 0.792 0.541 0.857 0.646 
 135   (0.088) 0.009 0.061 0.014 0.050 0.015 0.084 0.105 
 139   (0.104) 0.040 0.044 0.009 0.078 0.011 0.050 0.212 
 133   (0.026) 0.002 0.003 0.002 0.003 0.002 0.003 0.023 
 131   (0.050) 0.004 0.011 0.003 0.076 0.429 0.006 0.014 

Locus 3 : Scv1 
5 alleles
0.7% missing data
 181   (0.524) 0.682 0.375 0.952 0.352 0.369 0.655 0.633 
 179   (0.208) 0.112 0.242 0.023 0.274 0.147 0.155 0.208 
 177   (0.107) 0.013 0.188 0.011 0.056 0.219 0.170 0.058 
 185   (0.133) 0.190 0.190 0.012 0.313 0.262 0.016 0.062 
 171   (0.028) 0.002 0.004 0.002 0.004 0.003 0.003 0.039 

Locus 4 : Rsu4 
9 alleles
0.0% missing data
 267   (0.196) 0.303 0.130 0.146 0.086 0.136 0.068 0.312 
 263   (0.336) 0.261 0.543 0.472 0.364 0.353 0.709 0.257 
 259   (0.058) 0.147 0.090 0.265 0.009 0.006 0.043 0.016 
 287   (0.173) 0.237 0.171 0.101 0.122 0.220 0.132 0.123 
 275   (0.040) 0.003 0.007 0.003 0.016 0.004 0.005 0.101 
 279   (0.064) 0.011 0.014 0.005 0.248 0.008 0.014 0.083 
 283   (0.069) 0.006 0.030 0.005 0.146 0.267 0.010 0.043 
 291   (0.037) 0.029 0.011 0.003 0.006 0.004 0.017 0.025 
 271   (0.027) 0.002 0.004 0.002 0.004 0.003 0.003 0.039 

Locus 5 : Rsu6 
5 alleles
0.0% missing data
 120   (0.271) 0.240 0.318 0.286 0.221 0.147 0.470 0.212 
 126   (0.600) 0.457 0.654 0.578 0.758 0.839 0.490 0.654 
 124   (0.074) 0.286 0.013 0.132 0.014 0.008 0.035 0.051 
 130   (0.032) 0.003 0.004 0.002 0.004 0.003 0.003 0.075 
 114   (0.023) 0.013 0.011 0.002 0.003 0.003 0.002 0.007 

Locus 6 : Scv12 
3 alleles
1.5% missing data
 198   (0.578) 0.281 0.661 0.695 0.677 0.438 0.436 0.719 
 196   (0.259) 0.160 0.261 0.284 0.193 0.508 0.299 0.152 
 200   (0.164) 0.560 0.078 0.021 0.130 0.053 0.265 0.128 

Locus 7 : Scv23 
3 alleles
1.5% missing data
 158   (0.518) 0.714 0.633 0.351 0.568 0.696 0.485 0.466 
 164   (0.190) 0.060 0.111 0.447 0.041 0.156 0.149 0.270 
 160   (0.292) 0.226 0.255 0.202 0.391 0.148 0.366 0.264 

Locus 8 : Scv13 
5 alleles
0.0% missing data
 182   (0.734) 0.914 0.915 0.784 0.573 0.892 0.958 0.700 
 180   (0.087) 0.063 0.031 0.185 0.016 0.009 0.018 0.109 
 172   (0.078) 0.007 0.026 0.006 0.253 0.084 0.012 0.058 
 184   (0.063) 0.013 0.018 0.023 0.019 0.011 0.008 0.112 
 174   (0.037) 0.003 0.010 0.003 0.138 0.004 0.004 0.021 

Locus 9 : Scv32 
18 alleles
0.7% missing data
 236   (0.033) 0.003 0.005 0.002 0.006 0.003 0.003 0.125 
 238   (0.051) 0.004 0.076 0.004 0.019 0.108 0.047 0.030 
 234   (0.132) 0.024 0.236 0.337 0.632 0.158 0.134 0.062 
 246   (0.055) 0.150 0.102 0.304 0.015 0.007 0.030 0.018 
 248   (0.096) 0.131 0.103 0.007 0.015 0.023 0.309 0.138 
 262   (0.097) 0.318 0.126 0.010 0.045 0.061 0.109 0.059 
 232   (0.165) 0.083 0.171 0.171 0.060 0.375 0.026 0.328 
 250   (0.029) 0.012 0.009 0.003 0.004 0.003 0.233 0.009 
 228   (0.025) 0.002 0.004 0.002 0.005 0.003 0.003 0.037 
 220   (0.038) 0.227 0.011 0.075 0.006 0.004 0.011 0.013 
 264   (0.058) 0.005 0.063 0.044 0.031 0.007 0.034 0.050 
 252   (0.045) 0.020 0.008 0.003 0.079 0.075 0.006 0.014 
 254   (0.049) 0.004 0.014 0.003 0.059 0.093 0.015 0.030 
 242   (0.023) 0.002 0.003 0.002 0.003 0.002 0.003 0.040 
 266   (0.027) 0.002 0.017 0.002 0.005 0.046 0.005 0.010 
 244   (0.033) 0.007 0.046 0.002 0.005 0.028 0.028 0.013 
 226   (0.021) 0.002 0.003 0.026 0.003 0.002 0.002 0.006 
 240   (0.022) 0.002 0.003 0.001 0.007 0.002 0.002 0.020 

Locus 10 : Scv8 
6 alleles
0.7% missing data
 200   (0.614) 0.755 0.627 0.827 0.445 0.658 0.798 0.655 
 202   (0.094) 0.008 0.058 0.007 0.065 0.077 0.019 0.152 
 194   (0.096) 0.063 0.168 0.153 0.091 0.011 0.039 0.041 
 204   (0.050) 0.049 0.018 0.004 0.009 0.005 0.098 0.027 
 198   (0.076) 0.120 0.109 0.005 0.016 0.008 0.037 0.091 
 188   (0.070) 0.006 0.019 0.005 0.374 0.242 0.008 0.035 

Locus 11 : Scv9 
5 alleles
0.0% missing data
 198   (0.326) 0.139 0.369 0.424 0.550 0.349 0.528 0.238 
 200   (0.341) 0.592 0.199 0.363 0.109 0.263 0.336 0.486 
 196   (0.264) 0.263 0.419 0.039 0.219 0.379 0.127 0.256 
 204   (0.045) 0.004 0.009 0.173 0.096 0.006 0.007 0.013 
 202   (0.024) 0.002 0.004 0.002 0.026 0.003 0.002 0.007 

Locus 12 : Rsu1 
6 alleles
0.0% missing data
 189   (0.285) 0.073 0.191 0.501 0.266 0.137 0.103 0.493 
 185   (0.272) 0.181 0.384 0.181 0.184 0.760 0.112 0.212 
 177   (0.087) 0.142 0.071 0.010 0.042 0.050 0.012 0.048 
 181   (0.248) 0.232 0.258 0.051 0.493 0.043 0.701 0.216 
 193   (0.059) 0.276 0.076 0.028 0.009 0.006 0.066 0.017 
 197   (0.048) 0.096 0.021 0.229 0.007 0.004 0.005 0.014 

Locus 13 : Scv14 
7 alleles
4.4% missing data
 196   (0.549) 0.839 0.599 0.939 0.665 0.577 0.815 0.444 
 198   (0.086) 0.007 0.100 0.007 0.076 0.045 0.065 0.109 
 194   (0.134) 0.038 0.164 0.017 0.159 0.041 0.061 0.178 
 202   (0.159) 0.102 0.125 0.032 0.074 0.330 0.033 0.228 
 204   (0.024) 0.002 0.003 0.002 0.004 0.002 0.003 0.022 
 190   (0.024) 0.009 0.004 0.002 0.004 0.002 0.018 0.008 
 200   (0.025) 0.002 0.005 0.002 0.019 0.003 0.004 0.011 

Locus 14 : Scv16 
7 alleles
0.0% missing data
 182   (0.407) 0.601 0.578 0.192 0.567 0.374 0.715 0.316 
 184   (0.400) 0.292 0.319 0.783 0.209 0.551 0.256 0.502 
 188   (0.066) 0.096 0.077 0.016 0.009 0.007 0.007 0.118 
 200   (0.023) 0.002 0.003 0.002 0.003 0.002 0.002 0.022 
 198   (0.044) 0.004 0.014 0.003 0.122 0.041 0.013 0.013 
 190   (0.037) 0.003 0.006 0.003 0.083 0.022 0.004 0.011 
 186   (0.023) 0.003 0.004 0.002 0.006 0.002 0.002 0.019 

Locus 15 : Scv31 
15 alleles
3.0% missing data
 193   (0.110) 0.073 0.064 0.012 0.035 0.203 0.540 0.088 
 201   (0.101) 0.082 0.020 0.011 0.016 0.056 0.066 0.197 
 187   (0.085) 0.348 0.021 0.268 0.013 0.104 0.054 0.027 
 207   (0.031) 0.009 0.028 0.390 0.004 0.003 0.004 0.009 
 195   (0.070) 0.071 0.134 0.012 0.034 0.170 0.027 0.022 
 185   (0.173) 0.024 0.285 0.234 0.318 0.227 0.074 0.136 
 189   (0.068) 0.016 0.022 0.005 0.009 0.007 0.138 0.193 
 205   (0.022) 0.002 0.003 0.002 0.004 0.002 0.002 0.020 
 191   (0.135) 0.288 0.361 0.051 0.476 0.018 0.072 0.059 
 197   (0.026) 0.007 0.004 0.004 0.004 0.156 0.004 0.007 
 199   (0.058) 0.005 0.009 0.004 0.069 0.041 0.007 0.066 
 203   (0.029) 0.002 0.004 0.002 0.004 0.003 0.003 0.058 
 209   (0.032) 0.003 0.007 0.002 0.006 0.003 0.004 0.038 
 213   (0.029) 0.002 0.009 0.002 0.004 0.003 0.003 0.071 
 181   (0.031) 0.067 0.028 0.003 0.004 0.003 0.003 0.009 

Locus 16 : Scv6 
8 alleles
0.0% missing data
 191   (0.104) 0.208 0.032 0.008 0.015 0.022 0.178 0.194 
 195   (0.366) 0.415 0.524 0.683 0.239 0.568 0.517 0.293 
 197   (0.220) 0.326 0.159 0.266 0.347 0.230 0.232 0.118 
 201   (0.074) 0.007 0.041 0.005 0.127 0.008 0.018 0.146 
 205   (0.026) 0.002 0.003 0.002 0.003 0.002 0.003 0.040 
 193   (0.091) 0.010 0.071 0.007 0.162 0.116 0.015 0.104 
 199   (0.094) 0.031 0.166 0.028 0.102 0.051 0.035 0.066 
 181   (0.026) 0.002 0.003 0.002 0.004 0.003 0.003 0.039 

Values of parameters used in structure:
DATAFILE=C:\Users\drenske\Desktop\STRUCTURE\Squirrel_135_ID_16L_20250816\project_data,	OUTFILE=C:\Users\drenske\Desktop\STRUCTURE\Squirrel_135_ID_16L_20250816\10k_Burnin_100k_MCMC\Results\10k_Burnin_100k_MCMC_run_155,	NUMINDS=135,	NUMLOCI=16,	MISSING=-9,	LABEL=1,	POPDATA=1,	POPFLAG=0,	PHENOTYPE=0,	EXTRACOLS=1,	MAXPOPS=7,	BURNIN=10000,	NUMREPS=100000,	USEPOPINFO=0,	INFERALPHA=1,	INFERLAMBDA=1,	POPSPECIFICLAMBDA=0,	POPALPHAS=0,	COMPUTEPROB=1,	NOADMIX=0,	ADMBURNIN=2500,	UPDATEFREQ=1,	PRINTLIKES=0,	INTERMEDSAVE=0,	PRINTKLD=0,	PRINTNET=0,	PRINTLAMBDA=0,	ANCESTDIST=1,	NUMBOXES=1000,	ANCESTPINT=0.90000,	GENSBACK=2,	MIGRPRIOR=0.05000,	PRINTQHAT=1,	PRINTQSUM=0,	ALPHA=1.0000,	FREQSCORR=1,	FPRIORMEAN=0.0100,	FPRIORSD=0.0500,	ONEFST=0,	LAMBDA=1.0000,	UNIFPRIORALPHA=1,	ALPHAMAX=10.0000,	ALPHAPRIORA=1.0000,	ALPHAPRIORB=2.0000,	ALPHAPROPSD=0.0250,	STARTATPOPINFO=0,	RANDOMIZE=1,	LINKAGE=0,	METROFREQ=10,	REPORTHITRATE=0,	MARKOVPHASE=-1,	PHASED=0,	PLOIDY=2,	PHASEINFO=0	LOCPRIOR=0, 	LOCPRIORINIT=1.000000, 	LOCDATA=0, 	LOCISPOP=0, 	LOCPRIORSTEP=0.100000, 	MAXLOCPRIOR=20.000000, 	SEED=1755514789,	
[STRAT parameters]:    NUMSIMSTATS=1000,	PHENOTYPECOL=-9,	POOLFREQ=10,	LOCUSxONLY=0,	EMERROR=0.00100,	MISSINGPHENO=-9,	