          1*  1 0.0133 0.0095 0.0116 0.0336 0.9320 
           3  1 0.9785 0.0048 0.0058 0.0059 0.0050 
           6  1 0.9482 0.0141 0.0130 0.0190 0.0057 
           8  1 0.0077 0.0037 0.9714 0.0090 0.0082 
          10  1 0.0053 0.0050 0.9793 0.0043 0.0061 
          11  1 0.0408 0.0754 0.0779 0.0249 0.7810 
          12  1 0.0098 0.0152 0.9575 0.0099 0.0076 
          16  1 0.9703 0.0056 0.0125 0.0052 0.0064 
          18  1 0.0088 0.0047 0.0082 0.0054 0.9729 
          19  1 0.0183 0.0553 0.0278 0.0293 0.8693 
          21  1 0.9685 0.0074 0.0119 0.0064 0.0058 
          23  1 0.0270 0.2285 0.6650 0.0592 0.0203 
          24  1 0.0107 0.0420 0.7083 0.0103 0.2287 
          25  1 0.0287 0.0391 0.8622 0.0400 0.0300 
         26*  1 0.0776 0.0045 0.9001 0.0048 0.0129 
          28  1 0.0473 0.0067 0.9329 0.0063 0.0067 
          29  1 0.0052 0.0057 0.9753 0.0050 0.0088 
          30  1 0.1413 0.0082 0.4419 0.3849 0.0236 
          33  1 0.0066 0.0273 0.0043 0.0104 0.9514 
          37  1 0.0107 0.0078 0.0136 0.0058 0.9621 
          38  1 0.0108 0.0047 0.0180 0.0042 0.9623 
          43  1 0.0094 0.0079 0.9694 0.0054 0.0078 
          44  1 0.4966 0.0205 0.3742 0.0905 0.0182 
          48  1 0.0131 0.0046 0.0063 0.0058 0.9701 
          55  1 0.4222 0.0176 0.5105 0.0352 0.0146 
          59  1 0.9792 0.0042 0.0054 0.0051 0.0061 
          60  1 0.0243 0.3584 0.0130 0.4549 0.1494 
          61  1 0.0139 0.9339 0.0071 0.0363 0.0088 
          62  1 0.0140 0.9213 0.0172 0.0282 0.0193 
          65  1 0.0056 0.0116 0.0096 0.0200 0.9532 
          73  1 0.0064 0.0062 0.0295 0.9473 0.0105 
          75  1 0.0110 0.9117 0.0073 0.0494 0.0205 
          76  1 0.0048 0.9787 0.0054 0.0069 0.0042 
          77  1 0.0060 0.9759 0.0050 0.0057 0.0074 
          78  1 0.0075 0.1808 0.0126 0.7864 0.0127 
          79  1 0.0043 0.9305 0.0058 0.0491 0.0103 
          84  1 0.7029 0.0456 0.2019 0.0298 0.0199 
          85  1 0.0135 0.0090 0.9444 0.0158 0.0173 
          86  1 0.0077 0.0179 0.9263 0.0305 0.0177 
          89  1 0.6069 0.1282 0.1673 0.0363 0.0613 
          94  1 0.0105 0.0070 0.9452 0.0046 0.0328 
          95  1 0.9682 0.0065 0.0079 0.0080 0.0093 
          96  1 0.0052 0.0058 0.9792 0.0051 0.0046 
          98  1 0.0086 0.1349 0.0095 0.8374 0.0096 
         102  1 0.0368 0.0169 0.0095 0.0112 0.9255 
         105  1 0.0057 0.0045 0.0050 0.9772 0.0076 
         106  1 0.1705 0.6073 0.0185 0.1708 0.0329 
         108  1 0.0079 0.0256 0.0093 0.9051 0.0520 
         109  1 0.0087 0.0111 0.0092 0.9647 0.0064 
         112  1 0.0114 0.7065 0.2274 0.0148 0.0399 
         115  1 0.0129 0.0119 0.0313 0.0401 0.9038 
         116  1 0.0298 0.0122 0.8946 0.0292 0.0342 
         117  1 0.4020 0.0299 0.5246 0.0262 0.0173 
         129  1 0.0482 0.0039 0.9352 0.0057 0.0071 
         132  1 0.0327 0.1338 0.0420 0.2533 0.5382 
         133  1 0.0100 0.1704 0.0057 0.8053 0.0087 
         137  1 0.0159 0.9446 0.0111 0.0177 0.0107 
         139  1 0.0122 0.9308 0.0141 0.0178 0.0251 
         140  1 0.0099 0.0119 0.0050 0.9666 0.0065 
         142  1 0.0142 0.9628 0.0063 0.0095 0.0071 
         144  1 0.0060 0.0053 0.0039 0.9801 0.0048 
         145  1 0.0092 0.9615 0.0057 0.0161 0.0075 
         147  1 0.0043 0.0139 0.0061 0.9693 0.0064 
         160  1 0.0105 0.0082 0.9612 0.0056 0.0145 
        162*  1 0.0049 0.0058 0.9792 0.0054 0.0049 
         166  1 0.0253 0.2939 0.0076 0.6580 0.0153 
         177  1 0.0042 0.9814 0.0054 0.0044 0.0047 
         178  1 0.0085 0.8762 0.0208 0.0774 0.0171 
         186  1 0.9816 0.0043 0.0057 0.0039 0.0045 
         189  1 0.0080 0.0089 0.9731 0.0036 0.0064 
         190  1 0.0247 0.0098 0.9436 0.0090 0.0129 
         191  1 0.7313 0.0368 0.1675 0.0518 0.0126 
         193  1 0.0564 0.8919 0.0156 0.0210 0.0151 
         202  1 0.0093 0.0163 0.9108 0.0128 0.0508 
         204  1 0.0763 0.0035 0.9116 0.0043 0.0043 
         211  1 0.0129 0.1758 0.0500 0.7118 0.0495 
         216  1 0.0046 0.0542 0.0060 0.9283 0.0068 
         222  1 0.0073 0.0207 0.0295 0.8879 0.0546 
         224  1 0.0323 0.0110 0.9278 0.0136 0.0153 
         226  1 0.9766 0.0052 0.0056 0.0046 0.0080 
         229  1 0.0087 0.0329 0.8871 0.0383 0.0330 
         230  1 0.0181 0.0225 0.9334 0.0123 0.0137 
         232  1 0.0859 0.1452 0.7088 0.0360 0.0241 
         238  1 0.0081 0.2037 0.0467 0.0276 0.7138 
         242  1 0.0064 0.0045 0.0048 0.0062 0.9781 
         243  1 0.0344 0.0381 0.0103 0.0661 0.8510 
         244  1 0.0072 0.1372 0.0129 0.0099 0.8329 
         251  1 0.0104 0.0427 0.0721 0.0270 0.8478 
         266  1 0.0124 0.7286 0.0147 0.0285 0.2157 
         267  1 0.0232 0.0126 0.0240 0.9250 0.0153 
         268  1 0.0072 0.2092 0.0081 0.7648 0.0108 
         270  1 0.0373 0.0078 0.9274 0.0126 0.0149 
         276  1 0.6038 0.1089 0.1825 0.0847 0.0201 
         298  1 0.0102 0.0725 0.0056 0.9027 0.0089 
         306  1 0.0108 0.6621 0.0080 0.2681 0.0511 
         308  1 0.0076 0.7251 0.0201 0.2093 0.0379 
         311  1 0.0123 0.0832 0.0335 0.6741 0.1969 
         323  1 0.9780 0.0043 0.0056 0.0050 0.0070 
         327  1 0.0144 0.0074 0.9543 0.0109 0.0131 
         334  1 0.0043 0.0094 0.0072 0.0185 0.9607 
         338  1 0.0193 0.0503 0.0150 0.9011 0.0142 
         341  1 0.9702 0.0091 0.0060 0.0052 0.0095 
         346  1 0.0143 0.9470 0.0118 0.0182 0.0086 
         348  1 0.0076 0.1754 0.0070 0.7913 0.0187 
         351  1 0.0155 0.0251 0.0143 0.0155 0.9296 
         362  1 0.0360 0.0047 0.9477 0.0061 0.0055 
         364  1 0.0093 0.0141 0.0058 0.0122 0.9585 
         366  1 0.0141 0.0135 0.0274 0.0293 0.9156 
         376  1 0.9457 0.0189 0.0221 0.0063 0.0070 
         377  1 0.0141 0.0168 0.9186 0.0405 0.0099 
         378  1 0.0195 0.0461 0.9091 0.0187 0.0066 
         388  1 0.0089 0.0120 0.0124 0.9541 0.0126 
         391  1 0.6341 0.1653 0.1038 0.0702 0.0266 
         396  1 0.0688 0.0554 0.8026 0.0506 0.0226 
         400  1 0.0060 0.0080 0.9259 0.0083 0.0518 
         401  1 0.1885 0.2189 0.2794 0.0174 0.2958 
         406  1 0.0902 0.1190 0.0134 0.7384 0.0390 
         412  1 0.0261 0.1616 0.0328 0.7633 0.0163 
         413  1 0.0043 0.9292 0.0145 0.0241 0.0279 
         421  1 0.0347 0.1641 0.7194 0.0479 0.0338 
         423  1 0.0195 0.0433 0.7740 0.0671 0.0961 
         424  1 0.4454 0.3987 0.0168 0.0974 0.0417 
         426  1 0.0539 0.0606 0.8214 0.0413 0.0227 
         430  1 0.0621 0.7801 0.0202 0.1248 0.0128 
         435  1 0.0043 0.9577 0.0066 0.0269 0.0045 
         476  1 0.9025 0.0206 0.0470 0.0065 0.0234 
         478  1 0.7891 0.0073 0.1702 0.0114 0.0219 
         484  1 0.0110 0.0326 0.0061 0.9448 0.0055 
         489  1 0.0176 0.0564 0.7445 0.1632 0.0183 
         492  1 0.0054 0.0178 0.0077 0.0169 0.9522 
         493  1 0.0071 0.0086 0.0142 0.0068 0.9633 
         494  1 0.0125 0.0087 0.0307 0.0062 0.9419 
         500  1 0.0284 0.0037 0.9578 0.0041 0.0060 
         504  1 0.0077 0.0102 0.0365 0.9219 0.0238 
         506  1 0.0137 0.0054 0.0314 0.9442 0.0054 
