

----------------------------------------------------
STRUCTURE by Pritchard, Stephens and Donnelly (2000)
     and Falush, Stephens and Pritchard (2003)
       Code by Pritchard, Falush and Hubisz
             Version 2.3.4 (Jul 2012)
----------------------------------------------------



Command line arguments:   bin\structure -m M:\STRUCTURE\Squirrel_133_ID_16L_20250816\10k_Burnin_100k_MCMC\mainparams -e M:\STRUCTURE\Squirrel_133_ID_16L_20250816\10k_Burnin_100k_MCMC\extraparams 
Input File:    M:\STRUCTURE\Squirrel_133_ID_16L_20250816\project_data

Run parameters:
   133 individuals
   16 loci
   6 populations assumed
   10000 Burn-in period
   100000 Reps


--------------------------------------------
Proportion of membership of each pre-defined
 population in each of the 6 clusters

Given    Inferred Clusters                            Number of
 Pop       1      2      3      4      5      6      Individuals

  1:     0.137  0.129  0.177  0.188  0.193  0.175      133
--------------------------------------------

Allele-freq. divergence among pops (Net nucleotide distance),
computed using point estimates of P.

      1       2       3       4       5       6      
 1      -    0.0950  0.0622  0.0804  0.0934  0.0966  
 2   0.0950     -    0.0765  0.0693  0.0938  0.0767  
 3   0.0622  0.0765     -    0.0581  0.0545  0.0597  
 4   0.0804  0.0693  0.0581     -    0.0793  0.0814  
 5   0.0934  0.0938  0.0545  0.0793     -    0.0630  
 6   0.0966  0.0767  0.0597  0.0814  0.0630     -    

Average distances (expected heterozygosity) between individuals in same cluster:
cluster  1  : 0.4658 
cluster  2  : 0.4810 
cluster  3  : 0.6456 
cluster  4  : 0.5501 
cluster  5  : 0.5669 
cluster  6  : 0.5810 

--------------------------------------------
Estimated Ln Prob of Data   = -4736.5
Mean value of ln likelihood = -4556.1
Variance of ln likelihood   = 360.7
Mean value of alpha         = 0.0459

Mean value of lambda        = 1.0363

Mean value of Fst_1         = 0.2920
Mean value of Fst_2         = 0.2375
Mean value of Fst_3         = 0.0522
Mean value of Fst_4         = 0.1950
Mean value of Fst_5         = 0.1784
Mean value of Fst_6         = 0.1535


Inferred ancestry of individuals:
        Label (%Miss) Pop:  Inferred clusters (and 90% probability intervals)
  1       1*    (0)    1 :  0.015 0.061 0.879 0.008 0.030 0.008     (0.000,0.096) (0.000,0.393) (0.490,1.000) (0.000,0.043) (0.000,0.212) (0.000,0.047) 
  2        3    (0)    1 :  0.972 0.006 0.005 0.006 0.006 0.005     (0.859,1.000) (0.000,0.029) (0.000,0.029) (0.000,0.033) (0.000,0.035) (0.000,0.027) 
  3        6    (0)    1 :  0.919 0.011 0.006 0.024 0.024 0.016     (0.624,1.000) (0.000,0.063) (0.000,0.034) (0.000,0.168) (0.000,0.172) (0.000,0.101) 
  4        8    (0)    1 :  0.007 0.018 0.010 0.951 0.010 0.005     (0.000,0.036) (0.000,0.119) (0.000,0.062) (0.760,1.000) (0.000,0.061) (0.000,0.027) 
  5       10    (0)    1 :  0.010 0.821 0.009 0.151 0.004 0.005     (0.000,0.066) (0.346,1.000) (0.000,0.055) (0.000,0.630) (0.000,0.022) (0.000,0.025) 
  6       11    (0)    1 :  0.046 0.029 0.727 0.068 0.021 0.108     (0.000,0.337) (0.000,0.205) (0.000,1.000) (0.000,0.456) (0.000,0.148) (0.000,0.697) 
  7       12    (0)    1 :  0.005 0.973 0.004 0.007 0.005 0.006     (0.000,0.027) (0.864,1.000) (0.000,0.023) (0.000,0.042) (0.000,0.027) (0.000,0.030) 
  8       16    (6)    1 :  0.954 0.008 0.007 0.019 0.006 0.006     (0.772,1.000) (0.000,0.048) (0.000,0.036) (0.000,0.124) (0.000,0.032) (0.000,0.035) 
  9       18    (0)    1 :  0.010 0.006 0.964 0.009 0.005 0.006     (0.000,0.061) (0.000,0.035) (0.822,1.000) (0.000,0.054) (0.000,0.028) (0.000,0.029) 
 10       19    (0)    1 :  0.016 0.012 0.847 0.043 0.026 0.056     (0.000,0.104) (0.000,0.069) (0.370,1.000) (0.000,0.308) (0.000,0.182) (0.000,0.397) 
 11       21    (6)    1 :  0.944 0.009 0.007 0.026 0.006 0.008     (0.733,1.000) (0.000,0.052) (0.000,0.037) (0.000,0.185) (0.000,0.034) (0.000,0.044) 
 12       23    (6)    1 :  0.015 0.877 0.009 0.018 0.016 0.064     (0.000,0.096) (0.531,1.000) (0.000,0.050) (0.000,0.130) (0.000,0.105) (0.000,0.365) 
 13       24    (6)    1 :  0.016 0.421 0.292 0.223 0.012 0.036     (0.000,0.117) (0.000,0.997) (0.000,0.944) (0.000,0.831) (0.000,0.072) (0.000,0.256) 
 14       25    (6)    1 :  0.052 0.824 0.016 0.081 0.013 0.014     (0.000,0.307) (0.489,1.000) (0.000,0.100) (0.000,0.392) (0.000,0.083) (0.000,0.095) 
 15      26*    (0)    1 :  0.096 0.178 0.025 0.688 0.008 0.005     (0.000,0.538) (0.000,0.575) (0.000,0.183) (0.000,1.000) (0.000,0.045) (0.000,0.030) 
 16       28    (0)    1 :  0.055 0.111 0.009 0.810 0.008 0.008     (0.000,0.393) (0.000,0.794) (0.000,0.049) (0.000,1.000) (0.000,0.046) (0.000,0.048) 
 17       29    (0)    1 :  0.006 0.854 0.015 0.113 0.006 0.006     (0.000,0.038) (0.273,1.000) (0.000,0.100) (0.000,0.689) (0.000,0.033) (0.000,0.033) 
 18       30    (0)    1 :  0.107 0.055 0.020 0.480 0.331 0.007     (0.000,0.611) (0.000,0.423) (0.000,0.114) (0.000,0.998) (0.000,0.767) (0.000,0.038) 
 19       33    (0)    1 :  0.006 0.006 0.945 0.005 0.011 0.026     (0.000,0.035) (0.000,0.036) (0.733,1.000) (0.000,0.025) (0.000,0.076) (0.000,0.186) 
 20       37    (0)    1 :  0.013 0.024 0.942 0.008 0.006 0.008     (0.000,0.080) (0.000,0.173) (0.712,1.000) (0.000,0.043) (0.000,0.034) (0.000,0.049) 
 21       38    (0)    1 :  0.010 0.015 0.950 0.016 0.004 0.005     (0.000,0.059) (0.000,0.103) (0.754,1.000) (0.000,0.110) (0.000,0.020) (0.000,0.026) 
 22       43    (0)    1 :  0.036 0.738 0.011 0.199 0.007 0.008     (0.000,0.250) (0.311,1.000) (0.000,0.069) (0.000,0.652) (0.000,0.042) (0.000,0.049) 
 23       44    (0)    1 :  0.335 0.008 0.011 0.605 0.031 0.010     (0.000,0.707) (0.000,0.044) (0.000,0.055) (0.149,1.000) (0.000,0.228) (0.000,0.059) 
 24       48    (0)    1 :  0.015 0.006 0.962 0.006 0.006 0.005     (0.000,0.099) (0.000,0.035) (0.812,1.000) (0.000,0.033) (0.000,0.030) (0.000,0.026) 
 25       55    (0)    1 :  0.179 0.013 0.014 0.755 0.027 0.012     (0.000,0.782) (0.000,0.080) (0.000,0.087) (0.040,1.000) (0.000,0.194) (0.000,0.078) 
 26       59    (0)    1 :  0.974 0.004 0.006 0.006 0.005 0.004     (0.869,1.000) (0.000,0.023) (0.000,0.034) (0.000,0.034) (0.000,0.031) (0.000,0.023) 
 27       60    (0)    1 :  0.028 0.296 0.111 0.006 0.329 0.231     (0.000,0.201) (0.000,0.991) (0.000,0.737) (0.000,0.032) (0.000,0.992) (0.000,0.972) 
 28       61    (0)    1 :  0.016 0.009 0.008 0.008 0.043 0.916     (0.000,0.110) (0.000,0.046) (0.000,0.046) (0.000,0.048) (0.000,0.309) (0.601,1.000) 
 29       62    (0)    1 :  0.014 0.036 0.019 0.013 0.030 0.888     (0.000,0.089) (0.000,0.249) (0.000,0.130) (0.000,0.080) (0.000,0.215) (0.528,1.000) 
 30       65    (0)    1 :  0.005 0.007 0.941 0.010 0.024 0.012     (0.000,0.030) (0.000,0.041) (0.728,1.000) (0.000,0.064) (0.000,0.169) (0.000,0.084) 
 31       73    (0)    1 :  0.007 0.081 0.010 0.012 0.884 0.006     (0.000,0.038) (0.000,0.392) (0.000,0.059) (0.000,0.083) (0.572,1.000) (0.000,0.031) 
 32       75    (0)    1 :  0.011 0.006 0.018 0.011 0.042 0.913     (0.000,0.078) (0.000,0.032) (0.000,0.120) (0.000,0.069) (0.000,0.291) (0.610,1.000) 
 33       76    (0)    1 :  0.005 0.008 0.004 0.004 0.007 0.972     (0.000,0.029) (0.000,0.046) (0.000,0.022) (0.000,0.022) (0.000,0.038) (0.858,1.000) 
 34       77    (0)    1 :  0.006 0.011 0.007 0.005 0.006 0.965     (0.000,0.035) (0.000,0.053) (0.000,0.040) (0.000,0.025) (0.000,0.032) (0.831,1.000) 
 35       78    (0)    1 :  0.007 0.016 0.016 0.012 0.790 0.160     (0.000,0.040) (0.000,0.109) (0.000,0.103) (0.000,0.075) (0.040,1.000) (0.000,0.861) 
 36       79    (0)    1 :  0.004 0.004 0.010 0.006 0.049 0.927     (0.000,0.024) (0.000,0.023) (0.000,0.060) (0.000,0.036) (0.000,0.328) (0.632,1.000) 
 37       84    (0)    1 :  0.660 0.109 0.020 0.131 0.033 0.046     (0.260,0.997) (0.000,0.560) (0.000,0.141) (0.000,0.500) (0.000,0.234) (0.000,0.317) 
 38       85    (0)    1 :  0.011 0.007 0.011 0.951 0.013 0.007     (0.000,0.071) (0.000,0.037) (0.000,0.061) (0.761,1.000) (0.000,0.085) (0.000,0.043) 
 39       86    (0)    1 :  0.006 0.013 0.021 0.933 0.017 0.010     (0.000,0.033) (0.000,0.092) (0.000,0.146) (0.697,1.000) (0.000,0.116) (0.000,0.058) 
 40       89    (0)    1 :  0.548 0.319 0.031 0.015 0.018 0.069     (0.000,0.942) (0.000,0.821) (0.000,0.231) (0.000,0.092) (0.000,0.119) (0.000,0.411) 
 41       94    (0)    1 :  0.012 0.941 0.024 0.011 0.005 0.007     (0.000,0.079) (0.716,1.000) (0.000,0.162) (0.000,0.068) (0.000,0.029) (0.000,0.037) 
 42       95    (0)    1 :  0.957 0.006 0.010 0.012 0.010 0.006     (0.784,1.000) (0.000,0.031) (0.000,0.060) (0.000,0.073) (0.000,0.058) (0.000,0.034) 
 43       96    (0)    1 :  0.005 0.009 0.005 0.971 0.005 0.006     (0.000,0.025) (0.000,0.053) (0.000,0.027) (0.854,1.000) (0.000,0.026) (0.000,0.032) 
 44       98    (0)    1 :  0.009 0.014 0.009 0.008 0.882 0.078     (0.000,0.052) (0.000,0.090) (0.000,0.049) (0.000,0.041) (0.213,1.000) (0.000,0.697) 
 45      102    (0)    1 :  0.042 0.030 0.892 0.006 0.012 0.018     (0.000,0.279) (0.000,0.213) (0.584,1.000) (0.000,0.036) (0.000,0.078) (0.000,0.128) 
 46      105    (0)    1 :  0.006 0.005 0.009 0.005 0.970 0.005     (0.000,0.033) (0.000,0.028) (0.000,0.051) (0.000,0.028) (0.854,1.000) (0.000,0.026) 
 47      106    (0)    1 :  0.142 0.008 0.030 0.027 0.196 0.598     (0.000,0.495) (0.000,0.042) (0.000,0.201) (0.000,0.194) (0.000,0.712) (0.000,1.000) 
 48      108    (0)    1 :  0.008 0.011 0.059 0.009 0.888 0.025     (0.000,0.049) (0.000,0.065) (0.000,0.378) (0.000,0.055) (0.520,1.000) (0.000,0.173) 
 49      109    (0)    1 :  0.010 0.006 0.007 0.015 0.951 0.011     (0.000,0.066) (0.000,0.031) (0.000,0.037) (0.000,0.107) (0.760,1.000) (0.000,0.063) 
 50      112    (0)    1 :  0.010 0.079 0.038 0.119 0.014 0.739     (0.000,0.059) (0.000,0.577) (0.000,0.260) (0.000,0.540) (0.000,0.086) (0.000,1.000) 
 51      115    (0)    1 :  0.015 0.080 0.841 0.012 0.041 0.012     (0.000,0.098) (0.000,0.441) (0.405,1.000) (0.000,0.069) (0.000,0.299) (0.000,0.069) 
 52      116    (0)    1 :  0.011 0.007 0.014 0.947 0.012 0.008     (0.000,0.067) (0.000,0.037) (0.000,0.085) (0.741,1.000) (0.000,0.078) (0.000,0.048) 
 53      117    (0)    1 :  0.399 0.283 0.016 0.244 0.028 0.030     (0.000,0.979) (0.000,0.998) (0.000,0.106) (0.000,0.799) (0.000,0.197) (0.000,0.221) 
 54      129    (0)    1 :  0.039 0.009 0.008 0.935 0.006 0.004     (0.000,0.266) (0.000,0.045) (0.000,0.044) (0.685,1.000) (0.000,0.032) (0.000,0.021) 
 55      132    (0)    1 :  0.032 0.519 0.267 0.006 0.115 0.061     (0.000,0.234) (0.000,1.000) (0.000,0.974) (0.000,0.035) (0.000,0.644) (0.000,0.423) 
 56      133    (0)    1 :  0.012 0.012 0.008 0.005 0.858 0.105     (0.000,0.075) (0.000,0.071) (0.000,0.048) (0.000,0.027) (0.008,1.000) (0.000,0.880) 
 57      137    (6)    1 :  0.016 0.025 0.011 0.010 0.022 0.916     (0.000,0.105) (0.000,0.158) (0.000,0.063) (0.000,0.056) (0.000,0.147) (0.604,1.000) 
 58      139    (0)    1 :  0.013 0.009 0.022 0.018 0.016 0.923     (0.000,0.087) (0.000,0.053) (0.000,0.152) (0.000,0.127) (0.000,0.096) (0.651,1.000) 
 59      140    (0)    1 :  0.011 0.005 0.006 0.007 0.959 0.012     (0.000,0.071) (0.000,0.028) (0.000,0.033) (0.000,0.038) (0.794,1.000) (0.000,0.075) 
 60      142    (0)    1 :  0.016 0.010 0.006 0.005 0.012 0.951     (0.000,0.102) (0.000,0.062) (0.000,0.033) (0.000,0.030) (0.000,0.067) (0.755,1.000) 
 61      144    (0)    1 :  0.006 0.004 0.005 0.004 0.975 0.005     (0.000,0.036) (0.000,0.023) (0.000,0.026) (0.000,0.024) (0.876,1.000) (0.000,0.030) 
 62      145    (0)    1 :  0.008 0.008 0.008 0.006 0.015 0.955     (0.000,0.045) (0.000,0.042) (0.000,0.046) (0.000,0.031) (0.000,0.100) (0.781,1.000) 
 63      147    (0)    1 :  0.005 0.004 0.007 0.008 0.966 0.010     (0.000,0.027) (0.000,0.024) (0.000,0.037) (0.000,0.049) (0.831,1.000) (0.000,0.060) 
 64      160    (0)    1 :  0.009 0.958 0.010 0.013 0.005 0.005     (0.000,0.053) (0.799,1.000) (0.000,0.054) (0.000,0.059) (0.000,0.026) (0.000,0.030) 
 65     162*    (0)    1 :  0.005 0.010 0.005 0.970 0.005 0.006     (0.000,0.026) (0.000,0.057) (0.000,0.025) (0.851,1.000) (0.000,0.025) (0.000,0.034) 
 66      166    (0)    1 :  0.032 0.022 0.015 0.009 0.654 0.267     (0.000,0.218) (0.000,0.091) (0.000,0.082) (0.000,0.054) (0.000,1.000) (0.000,1.000) 
 67      177    (0)    1 :  0.004 0.004 0.005 0.005 0.004 0.977     (0.000,0.024) (0.000,0.025) (0.000,0.026) (0.000,0.031) (0.000,0.023) (0.885,1.000) 
 68      178    (0)    1 :  0.009 0.039 0.021 0.017 0.091 0.824     (0.000,0.050) (0.000,0.286) (0.000,0.143) (0.000,0.116) (0.000,0.443) (0.436,1.000) 
 69      186    (0)    1 :  0.975 0.006 0.005 0.006 0.004 0.005     (0.876,1.000) (0.000,0.031) (0.000,0.025) (0.000,0.032) (0.000,0.023) (0.000,0.025) 
 70      189    (0)    1 :  0.007 0.011 0.006 0.963 0.004 0.009     (0.000,0.039) (0.000,0.067) (0.000,0.033) (0.816,1.000) (0.000,0.020) (0.000,0.054) 
 71      190    (0)    1 :  0.041 0.051 0.018 0.865 0.012 0.013     (0.000,0.277) (0.000,0.355) (0.000,0.123) (0.488,1.000) (0.000,0.079) (0.000,0.090) 
 72      191    (0)    1 :  0.510 0.030 0.014 0.363 0.044 0.040     (0.000,0.993) (0.000,0.215) (0.000,0.080) (0.000,0.984) (0.000,0.302) (0.000,0.282) 
 73      193    (0)    1 :  0.041 0.023 0.014 0.011 0.022 0.889     (0.000,0.289) (0.000,0.156) (0.000,0.084) (0.000,0.064) (0.000,0.161) (0.533,1.000) 
 74      202    (0)    1 :  0.010 0.604 0.058 0.305 0.008 0.015     (0.000,0.062) (0.187,0.998) (0.000,0.366) (0.000,0.737) (0.000,0.048) (0.000,0.099) 
 75      204    (0)    1 :  0.032 0.008 0.004 0.948 0.004 0.004     (0.000,0.232) (0.000,0.042) (0.000,0.024) (0.723,1.000) (0.000,0.023) (0.000,0.022) 
 76      211    (0)    1 :  0.011 0.467 0.028 0.009 0.412 0.073     (0.000,0.069) (0.000,0.999) (0.000,0.195) (0.000,0.056) (0.000,0.998) (0.000,0.462) 
 77      216    (0)    1 :  0.005 0.020 0.006 0.005 0.930 0.034     (0.000,0.027) (0.000,0.138) (0.000,0.036) (0.000,0.027) (0.673,1.000) (0.000,0.225) 
 78      222    (0)    1 :  0.008 0.019 0.052 0.022 0.879 0.021     (0.000,0.049) (0.000,0.131) (0.000,0.346) (0.000,0.147) (0.521,1.000) (0.000,0.142) 
 79      224    (0)    1 :  0.013 0.014 0.010 0.945 0.009 0.010     (0.000,0.078) (0.000,0.092) (0.000,0.054) (0.733,1.000) (0.000,0.055) (0.000,0.056) 
 80      226    (0)    1 :  0.970 0.005 0.008 0.007 0.005 0.005     (0.853,1.000) (0.000,0.026) (0.000,0.047) (0.000,0.037) (0.000,0.027) (0.000,0.030) 
 81      229    (0)    1 :  0.012 0.072 0.057 0.728 0.062 0.068     (0.000,0.080) (0.000,0.477) (0.000,0.385) (0.276,1.000) (0.000,0.386) (0.000,0.332) 
 82      230    (0)    1 :  0.015 0.020 0.013 0.911 0.014 0.028     (0.000,0.100) (0.000,0.137) (0.000,0.078) (0.644,1.000) (0.000,0.094) (0.000,0.191) 
 83      232    (0)    1 :  0.091 0.536 0.030 0.146 0.034 0.163     (0.000,0.465) (0.000,0.997) (0.000,0.204) (0.000,0.711) (0.000,0.247) (0.000,0.646) 
 84      238    (0)    1 :  0.007 0.014 0.683 0.072 0.030 0.195     (0.000,0.043) (0.000,0.090) (0.076,1.000) (0.000,0.420) (0.000,0.220) (0.000,0.656) 
 85      242    (0)    1 :  0.006 0.005 0.972 0.006 0.008 0.004     (0.000,0.034) (0.000,0.025) (0.858,1.000) (0.000,0.033) (0.000,0.045) (0.000,0.023) 
 86      243    (0)    1 :  0.036 0.014 0.828 0.010 0.078 0.035     (0.000,0.263) (0.000,0.090) (0.407,1.000) (0.000,0.059) (0.000,0.474) (0.000,0.248) 
 87      244    (0)    1 :  0.007 0.010 0.799 0.012 0.010 0.162     (0.000,0.040) (0.000,0.057) (0.358,1.000) (0.000,0.077) (0.000,0.064) (0.000,0.609) 
 88      251    (0)    1 :  0.010 0.123 0.784 0.029 0.021 0.033     (0.000,0.058) (0.000,0.581) (0.311,1.000) (0.000,0.215) (0.000,0.138) (0.000,0.241) 
 89      266    (0)    1 :  0.013 0.016 0.232 0.018 0.029 0.692     (0.000,0.089) (0.000,0.101) (0.000,0.729) (0.000,0.129) (0.000,0.212) (0.186,1.000) 
 90      267    (0)    1 :  0.028 0.015 0.016 0.041 0.886 0.013     (0.000,0.209) (0.000,0.098) (0.000,0.107) (0.000,0.270) (0.564,1.000) (0.000,0.078) 
 91      268    (0)    1 :  0.008 0.038 0.012 0.005 0.786 0.151     (0.000,0.050) (0.000,0.270) (0.000,0.065) (0.000,0.027) (0.000,1.000) (0.000,0.930) 
 92      270    (0)    1 :  0.024 0.015 0.012 0.930 0.011 0.010     (0.000,0.171) (0.000,0.094) (0.000,0.071) (0.668,1.000) (0.000,0.064) (0.000,0.059) 
 93      276    (0)    1 :  0.403 0.036 0.021 0.362 0.078 0.099     (0.000,0.952) (0.000,0.259) (0.000,0.137) (0.000,0.999) (0.000,0.475) (0.000,0.511) 
 94      298    (6)    1 :  0.012 0.010 0.009 0.006 0.919 0.043     (0.000,0.078) (0.000,0.062) (0.000,0.055) (0.000,0.030) (0.615,1.000) (0.000,0.298) 
 95      306    (0)    1 :  0.011 0.040 0.052 0.007 0.264 0.626     (0.000,0.069) (0.000,0.284) (0.000,0.374) (0.000,0.042) (0.000,0.878) (0.000,1.000) 
 96      308    (0)    1 :  0.007 0.097 0.035 0.009 0.224 0.628     (0.000,0.043) (0.000,0.460) (0.000,0.249) (0.000,0.052) (0.000,0.813) (0.000,1.000) 
 97      311    (6)    1 :  0.013 0.036 0.198 0.029 0.637 0.087     (0.000,0.081) (0.000,0.255) (0.000,0.964) (0.000,0.211) (0.000,1.000) (0.000,0.562) 
 98      323    (0)    1 :  0.973 0.004 0.007 0.007 0.005 0.004     (0.863,1.000) (0.000,0.022) (0.000,0.038) (0.000,0.039) (0.000,0.028) (0.000,0.025) 
 99      327    (0)    1 :  0.017 0.240 0.021 0.697 0.017 0.008     (0.000,0.121) (0.000,0.848) (0.000,0.145) (0.015,1.000) (0.000,0.117) (0.000,0.043) 
100      334    (0)    1 :  0.004 0.006 0.952 0.007 0.021 0.009     (0.000,0.023) (0.000,0.034) (0.764,1.000) (0.000,0.042) (0.000,0.146) (0.000,0.058) 
101      338    (0)    1 :  0.021 0.025 0.016 0.013 0.875 0.051     (0.000,0.149) (0.000,0.181) (0.000,0.096) (0.000,0.072) (0.470,1.000) (0.000,0.355) 
102      341    (0)    1 :  0.964 0.009 0.008 0.006 0.005 0.007     (0.824,1.000) (0.000,0.053) (0.000,0.048) (0.000,0.035) (0.000,0.026) (0.000,0.041) 
103      346    (0)    1 :  0.014 0.077 0.009 0.008 0.018 0.875     (0.000,0.085) (0.000,0.582) (0.000,0.048) (0.000,0.046) (0.000,0.104) (0.250,1.000) 
104      348    (0)    1 :  0.007 0.006 0.018 0.008 0.816 0.144     (0.000,0.043) (0.000,0.034) (0.000,0.120) (0.000,0.046) (0.090,1.000) (0.000,0.788) 
105      351    (0)    1 :  0.019 0.046 0.889 0.009 0.015 0.023     (0.000,0.129) (0.000,0.321) (0.508,1.000) (0.000,0.048) (0.000,0.094) (0.000,0.152) 
106      362    (0)    1 :  0.027 0.023 0.006 0.933 0.006 0.006     (0.000,0.188) (0.000,0.145) (0.000,0.033) (0.673,1.000) (0.000,0.033) (0.000,0.031) 
107      364    (0)    1 :  0.010 0.011 0.945 0.005 0.013 0.016     (0.000,0.064) (0.000,0.067) (0.731,1.000) (0.000,0.029) (0.000,0.081) (0.000,0.108) 
108      366    (0)    1 :  0.013 0.017 0.886 0.045 0.026 0.012     (0.000,0.086) (0.000,0.109) (0.516,1.000) (0.000,0.325) (0.000,0.191) (0.000,0.070) 
109      376    (0)    1 :  0.903 0.028 0.007 0.025 0.007 0.030     (0.612,1.000) (0.000,0.205) (0.000,0.042) (0.000,0.176) (0.000,0.039) (0.000,0.200) 
110      377    (6)    1 :  0.030 0.623 0.021 0.225 0.076 0.025     (0.000,0.202) (0.000,1.000) (0.000,0.136) (0.000,0.778) (0.000,0.449) (0.000,0.151) 
111      378    (0)    1 :  0.010 0.961 0.005 0.007 0.007 0.011     (0.000,0.057) (0.804,1.000) (0.000,0.025) (0.000,0.037) (0.000,0.040) (0.000,0.068) 
112      388    (0)    1 :  0.009 0.023 0.013 0.009 0.936 0.010     (0.000,0.052) (0.000,0.162) (0.000,0.078) (0.000,0.057) (0.688,1.000) (0.000,0.061) 
113      391    (0)    1 :  0.529 0.387 0.012 0.006 0.026 0.041     (0.000,0.891) (0.003,0.795) (0.000,0.070) (0.000,0.031) (0.000,0.176) (0.000,0.301) 
114      401    (0)    1 :  0.106 0.011 0.287 0.365 0.014 0.217     (0.000,0.591) (0.000,0.060) (0.000,0.848) (0.000,0.764) (0.000,0.084) (0.000,0.669) 
115      406    (0)    1 :  0.115 0.033 0.039 0.011 0.706 0.097     (0.000,0.596) (0.000,0.232) (0.000,0.260) (0.000,0.068) (0.000,1.000) (0.000,0.695) 
116      412    (6)    1 :  0.026 0.061 0.017 0.020 0.736 0.139     (0.000,0.191) (0.000,0.440) (0.000,0.104) (0.000,0.135) (0.000,1.000) (0.000,0.956) 
117      413    (0)    1 :  0.004 0.009 0.028 0.017 0.024 0.918     (0.000,0.024) (0.000,0.051) (0.000,0.203) (0.000,0.114) (0.000,0.167) (0.624,1.000) 
118      421    (0)    1 :  0.026 0.022 0.035 0.671 0.056 0.190     (0.000,0.188) (0.000,0.147) (0.000,0.263) (0.247,1.000) (0.000,0.373) (0.000,0.641) 
119      423    (0)    1 :  0.012 0.021 0.058 0.820 0.045 0.044     (0.000,0.078) (0.000,0.148) (0.000,0.406) (0.350,1.000) (0.000,0.328) (0.000,0.320) 
120      424    (0)    1 :  0.377 0.145 0.048 0.009 0.084 0.336     (0.000,0.991) (0.000,0.831) (0.000,0.345) (0.000,0.057) (0.000,0.542) (0.000,0.993) 
121      426    (0)    1 :  0.024 0.905 0.014 0.027 0.014 0.016     (0.000,0.168) (0.602,1.000) (0.000,0.095) (0.000,0.189) (0.000,0.087) (0.000,0.108) 
122      430   (12)    1 :  0.061 0.042 0.014 0.019 0.118 0.745     (0.000,0.437) (0.000,0.293) (0.000,0.080) (0.000,0.124) (0.000,0.601) (0.006,1.000) 
123      435    (0)    1 :  0.004 0.013 0.004 0.005 0.028 0.945     (0.000,0.025) (0.000,0.084) (0.000,0.024) (0.000,0.027) (0.000,0.205) (0.723,1.000) 
124      476    (0)    1 :  0.808 0.020 0.030 0.107 0.007 0.028     (0.405,1.000) (0.000,0.141) (0.000,0.202) (0.000,0.517) (0.000,0.041) (0.000,0.196) 
125      478    (0)    1 :  0.722 0.017 0.027 0.214 0.012 0.007     (0.352,1.000) (0.000,0.116) (0.000,0.197) (0.000,0.601) (0.000,0.084) (0.000,0.040) 
126      484    (0)    1 :  0.012 0.010 0.006 0.006 0.944 0.023     (0.000,0.074) (0.000,0.059) (0.000,0.033) (0.000,0.034) (0.728,1.000) (0.000,0.140) 
127      489    (0)    1 :  0.013 0.823 0.010 0.039 0.098 0.018     (0.000,0.079) (0.389,1.000) (0.000,0.054) (0.000,0.289) (0.000,0.495) (0.000,0.098) 
128      492   (18)    1 :  0.005 0.008 0.937 0.007 0.022 0.020     (0.000,0.030) (0.000,0.049) (0.689,1.000) (0.000,0.040) (0.000,0.149) (0.000,0.141) 
129      493    (0)    1 :  0.007 0.013 0.951 0.012 0.008 0.009     (0.000,0.042) (0.000,0.084) (0.768,1.000) (0.000,0.079) (0.000,0.048) (0.000,0.053) 
130      494    (0)    1 :  0.014 0.027 0.925 0.019 0.006 0.009     (0.000,0.093) (0.000,0.193) (0.661,1.000) (0.000,0.132) (0.000,0.037) (0.000,0.056) 
131      500    (0)    1 :  0.016 0.008 0.006 0.962 0.004 0.004     (0.000,0.109) (0.000,0.048) (0.000,0.031) (0.805,1.000) (0.000,0.022) (0.000,0.021) 
132      504    (0)    1 :  0.007 0.024 0.021 0.034 0.904 0.009     (0.000,0.044) (0.000,0.174) (0.000,0.148) (0.000,0.228) (0.633,1.000) (0.000,0.049) 
133      506    (0)    1 :  0.014 0.011 0.006 0.073 0.891 0.005     (0.000,0.091) (0.000,0.072) (0.000,0.033) (0.000,0.401) (0.553,1.000) (0.000,0.026) 


Estimated Allele Frequencies in each cluster
First column gives estimated ancestral frequencies


Locus 1 : Rsu3 
3 alleles
0.0% missing data
 164   (0.518) 0.499 0.559 0.550 0.622 0.507 0.483 
 166   (0.256) 0.112 0.321 0.213 0.091 0.445 0.312 
 170   (0.227) 0.388 0.120 0.237 0.287 0.048 0.205 

Locus 2 : Rsu5 
5 alleles
0.0% missing data
 137   (0.721) 0.964 0.858 0.653 0.956 0.615 0.794 
 135   (0.091) 0.022 0.084 0.102 0.008 0.017 0.063 
 139   (0.109) 0.009 0.050 0.206 0.029 0.011 0.081 
 133   (0.026) 0.002 0.003 0.022 0.002 0.002 0.003 
 131   (0.052) 0.004 0.005 0.016 0.004 0.355 0.059 

Locus 3 : Scv1 
5 alleles
0.0% missing data
 181   (0.540) 0.946 0.686 0.631 0.630 0.356 0.341 
 179   (0.201) 0.024 0.100 0.210 0.126 0.180 0.270 
 177   (0.108) 0.016 0.199 0.060 0.012 0.234 0.101 
 185   (0.121) 0.011 0.012 0.061 0.230 0.227 0.285 
 171   (0.029) 0.002 0.004 0.037 0.002 0.003 0.004 

Locus 4 : Rsu4 
9 alleles
0.0% missing data
 267   (0.201) 0.145 0.063 0.304 0.291 0.125 0.062 
 263   (0.322) 0.496 0.742 0.258 0.240 0.355 0.487 
 259   (0.055) 0.242 0.036 0.017 0.210 0.005 0.007 
 287   (0.179) 0.098 0.116 0.130 0.210 0.252 0.144 
 275   (0.040) 0.003 0.004 0.095 0.003 0.004 0.012 
 279   (0.067) 0.006 0.014 0.088 0.009 0.008 0.177 
 283   (0.068) 0.005 0.007 0.044 0.006 0.245 0.103 
 291   (0.039) 0.003 0.016 0.027 0.029 0.004 0.005 
 271   (0.027) 0.002 0.003 0.037 0.002 0.003 0.003 

Locus 5 : Rsu6 
5 alleles
0.0% missing data
 120   (0.270) 0.281 0.491 0.219 0.267 0.179 0.228 
 126   (0.590) 0.590 0.467 0.646 0.469 0.807 0.754 
 124   (0.081) 0.125 0.036 0.057 0.242 0.008 0.011 
 130   (0.034) 0.002 0.003 0.071 0.003 0.003 0.004 
 114   (0.025) 0.002 0.003 0.008 0.019 0.002 0.003 

Locus 6 : Scv12 
3 alleles
1.5% missing data
 198   (0.582) 0.697 0.434 0.709 0.326 0.455 0.732 
 196   (0.251) 0.279 0.287 0.164 0.190 0.495 0.169 
 200   (0.166) 0.024 0.279 0.128 0.484 0.050 0.099 

Locus 7 : Scv23 
3 alleles
0.8% missing data
 158   (0.509) 0.362 0.500 0.469 0.730 0.654 0.588 
 164   (0.200) 0.439 0.146 0.267 0.061 0.167 0.043 
 160   (0.291) 0.200 0.354 0.263 0.209 0.179 0.369 

Locus 8 : Scv13 
5 alleles
0.0% missing data
 182   (0.723) 0.791 0.962 0.695 0.913 0.887 0.686 
 180   (0.091) 0.175 0.018 0.110 0.067 0.009 0.015 
 172   (0.080) 0.006 0.009 0.062 0.007 0.086 0.180 
 184   (0.066) 0.025 0.007 0.109 0.011 0.014 0.015 
 174   (0.040) 0.003 0.004 0.023 0.003 0.004 0.104 

Locus 9 : Scv32 
18 alleles
0.8% missing data
 236   (0.037) 0.003 0.004 0.118 0.003 0.003 0.006 
 238   (0.054) 0.005 0.034 0.037 0.004 0.121 0.040 
 234   (0.120) 0.337 0.125 0.062 0.021 0.188 0.587 
 246   (0.050) 0.296 0.019 0.016 0.174 0.006 0.013 
 248   (0.087) 0.007 0.341 0.138 0.149 0.019 0.012 
 262   (0.099) 0.011 0.117 0.067 0.265 0.084 0.066 
 232   (0.181) 0.168 0.021 0.318 0.138 0.315 0.096 
 250   (0.028) 0.003 0.249 0.009 0.003 0.002 0.003 
 228   (0.026) 0.002 0.003 0.037 0.002 0.002 0.004 
 220   (0.040) 0.070 0.011 0.015 0.199 0.004 0.005 
 264   (0.058) 0.058 0.026 0.051 0.005 0.010 0.055 
 252   (0.047) 0.004 0.006 0.015 0.019 0.063 0.058 
 254   (0.049) 0.003 0.013 0.031 0.004 0.091 0.038 
 242   (0.022) 0.002 0.002 0.037 0.002 0.002 0.003 
 266   (0.021) 0.001 0.002 0.009 0.002 0.051 0.003 
 244   (0.032) 0.003 0.021 0.012 0.006 0.036 0.004 
 226   (0.025) 0.026 0.003 0.008 0.002 0.002 0.003 
 240   (0.023) 0.002 0.002 0.021 0.002 0.002 0.004 

Locus 10 : Scv8 
6 alleles
0.8% missing data
 200   (0.610) 0.827 0.825 0.658 0.695 0.687 0.470 
 202   (0.095) 0.007 0.014 0.146 0.008 0.081 0.071 
 194   (0.095) 0.151 0.031 0.043 0.100 0.010 0.152 
 204   (0.054) 0.004 0.104 0.032 0.041 0.005 0.009 
 198   (0.073) 0.005 0.019 0.085 0.149 0.007 0.021 
 188   (0.072) 0.005 0.007 0.037 0.006 0.209 0.277 

Locus 11 : Scv9 
5 alleles
0.0% missing data
 198   (0.319) 0.430 0.526 0.253 0.118 0.363 0.541 
 200   (0.350) 0.351 0.336 0.467 0.555 0.232 0.110 
 196   (0.260) 0.043 0.130 0.258 0.321 0.395 0.263 
 204   (0.046) 0.174 0.006 0.014 0.004 0.006 0.066 
 202   (0.025) 0.002 0.002 0.008 0.002 0.003 0.021 

Locus 12 : Rsu1 
6 alleles
0.0% missing data
 189   (0.301) 0.504 0.090 0.489 0.062 0.163 0.255 
 185   (0.275) 0.187 0.077 0.217 0.245 0.735 0.251 
 177   (0.085) 0.009 0.011 0.050 0.139 0.043 0.043 
 181   (0.238) 0.056 0.750 0.213 0.187 0.050 0.438 
 193   (0.055) 0.031 0.067 0.017 0.269 0.005 0.007 
 197   (0.047) 0.213 0.005 0.014 0.099 0.004 0.005 

Locus 13 : Scv14 
7 alleles
4.5% missing data
 196   (0.526) 0.929 0.831 0.433 0.789 0.556 0.664 
 198   (0.094) 0.008 0.050 0.116 0.008 0.067 0.092 
 194   (0.143) 0.020 0.066 0.182 0.063 0.047 0.175 
 202   (0.161) 0.037 0.026 0.226 0.129 0.323 0.049 
 204   (0.026) 0.002 0.003 0.022 0.002 0.002 0.003 
 190   (0.025) 0.002 0.021 0.009 0.007 0.002 0.003 
 200   (0.026) 0.002 0.003 0.013 0.002 0.003 0.015 

Locus 14 : Scv16 
7 alleles
0.0% missing data
 182   (0.397) 0.199 0.724 0.322 0.560 0.403 0.615 
 184   (0.402) 0.775 0.250 0.500 0.287 0.519 0.222 
 188   (0.070) 0.017 0.007 0.111 0.142 0.006 0.008 
 200   (0.024) 0.002 0.002 0.022 0.002 0.002 0.003 
 198   (0.046) 0.003 0.011 0.014 0.004 0.046 0.087 
 190   (0.038) 0.003 0.004 0.012 0.003 0.021 0.060 
 186   (0.023) 0.002 0.002 0.019 0.002 0.002 0.005 

Locus 15 : Scv31 
15 alleles
3.0% missing data
 193   (0.112) 0.012 0.578 0.095 0.038 0.205 0.025 
 201   (0.112) 0.012 0.080 0.191 0.066 0.050 0.014 
 187   (0.088) 0.255 0.049 0.032 0.311 0.093 0.011 
 207   (0.034) 0.382 0.004 0.011 0.019 0.004 0.004 
 195   (0.077) 0.016 0.046 0.025 0.114 0.167 0.030 
 185   (0.156) 0.239 0.039 0.141 0.021 0.276 0.328 
 189   (0.067) 0.005 0.118 0.175 0.006 0.006 0.007 
 205   (0.026) 0.002 0.003 0.022 0.003 0.003 0.004 
 191   (0.122) 0.060 0.061 0.061 0.341 0.017 0.514 
 197   (0.029) 0.004 0.004 0.009 0.010 0.129 0.003 
 199   (0.060) 0.004 0.007 0.065 0.005 0.039 0.046 
 203   (0.029) 0.002 0.003 0.055 0.002 0.003 0.003 
 209   (0.030) 0.002 0.003 0.039 0.003 0.003 0.004 
 213   (0.033) 0.002 0.003 0.072 0.003 0.003 0.004 
 181   (0.027) 0.002 0.003 0.008 0.059 0.003 0.003 

Locus 16 : Scv6 
8 alleles
0.0% missing data
 191   (0.115) 0.008 0.187 0.189 0.185 0.022 0.014 
 195   (0.358) 0.692 0.527 0.292 0.455 0.554 0.271 
 197   (0.214) 0.248 0.231 0.124 0.319 0.222 0.286 
 201   (0.073) 0.005 0.017 0.146 0.006 0.008 0.108 
 205   (0.026) 0.002 0.002 0.038 0.002 0.002 0.003 
 193   (0.090) 0.007 0.010 0.103 0.009 0.130 0.141 
 199   (0.096) 0.036 0.023 0.071 0.021 0.060 0.175 
 181   (0.028) 0.002 0.003 0.038 0.002 0.003 0.003 

Values of parameters used in structure:
DATAFILE=M:\STRUCTURE\Squirrel_133_ID_16L_20250816\project_data,	OUTFILE=M:\STRUCTURE\Squirrel_133_ID_16L_20250816\10k_Burnin_100k_MCMC\Results\10k_Burnin_100k_MCMC_run_149,	NUMINDS=133,	NUMLOCI=16,	MISSING=-9,	LABEL=1,	POPDATA=1,	POPFLAG=0,	PHENOTYPE=0,	EXTRACOLS=1,	MAXPOPS=6,	BURNIN=10000,	NUMREPS=100000,	USEPOPINFO=0,	INFERALPHA=1,	INFERLAMBDA=1,	POPSPECIFICLAMBDA=0,	POPALPHAS=0,	COMPUTEPROB=1,	NOADMIX=0,	ADMBURNIN=2500,	UPDATEFREQ=1,	PRINTLIKES=0,	INTERMEDSAVE=0,	PRINTKLD=0,	PRINTNET=0,	PRINTLAMBDA=0,	ANCESTDIST=1,	NUMBOXES=1000,	ANCESTPINT=0.90000,	GENSBACK=2,	MIGRPRIOR=0.05000,	PRINTQHAT=1,	PRINTQSUM=0,	ALPHA=1.0000,	FREQSCORR=1,	FPRIORMEAN=0.0100,	FPRIORSD=0.0500,	ONEFST=0,	LAMBDA=1.0000,	UNIFPRIORALPHA=1,	ALPHAMAX=10.0000,	ALPHAPRIORA=1.0000,	ALPHAPRIORB=2.0000,	ALPHAPROPSD=0.0250,	STARTATPOPINFO=0,	RANDOMIZE=1,	LINKAGE=0,	METROFREQ=10,	REPORTHITRATE=0,	MARKOVPHASE=-1,	PHASED=0,	PLOIDY=2,	PHASEINFO=0	LOCPRIOR=0, 	LOCPRIORINIT=1.000000, 	LOCDATA=0, 	LOCISPOP=0, 	LOCPRIORSTEP=0.100000, 	MAXLOCPRIOR=20.000000, 	SEED=1763672133,	
[STRAT parameters]:    NUMSIMSTATS=1000,	PHENOTYPECOL=-9,	POOLFREQ=10,	LOCUSxONLY=0,	EMERROR=0.00100,	MISSINGPHENO=-9,	