

----------------------------------------------------
STRUCTURE by Pritchard, Stephens and Donnelly (2000)
     and Falush, Stephens and Pritchard (2003)
       Code by Pritchard, Falush and Hubisz
             Version 2.3.4 (Jul 2012)
----------------------------------------------------



Command line arguments:   bin\structure -m M:\STRUCTURE\Squirrel_133_ID_16L_20250816\10k_Burnin_100k_MCMC\mainparams -e M:\STRUCTURE\Squirrel_133_ID_16L_20250816\10k_Burnin_100k_MCMC\extraparams 
Input File:    M:\STRUCTURE\Squirrel_133_ID_16L_20250816\project_data

Run parameters:
   133 individuals
   16 loci
   2 populations assumed
   10000 Burn-in period
   100000 Reps


--------------------------------------------
Proportion of membership of each pre-defined
 population in each of the 2 clusters

Given    Inferred Clusters       Number of
 Pop       1      2             Individuals

  1:     0.496  0.504             133
--------------------------------------------

Allele-freq. divergence among pops (Net nucleotide distance),
computed using point estimates of P.

      1       2      
 1      -    0.0321  
 2   0.0321     -    

Average distances (expected heterozygosity) between individuals in same cluster:
cluster  1  : 0.5761 
cluster  2  : 0.6267 

--------------------------------------------
Estimated Ln Prob of Data   = -5149.1
Mean value of ln likelihood = -5075.7
Variance of ln likelihood   = 146.9
Mean value of alpha         = 0.0535

Mean value of lambda        = 1.0912

Mean value of Fst_1         = 0.0987
Mean value of Fst_2         = 0.0582


Inferred ancestry of individuals:
        Label (%Miss) Pop:  Inferred clusters (and 90% probability intervals)
  1       1*    (0)    1 :  0.070 0.930     (0.000,0.473) (0.527,1.000) 
  2        3    (0)    1 :  0.987 0.013     (0.918,1.000) (0.000,0.082) 
  3        6    (0)    1 :  0.966 0.034     (0.754,1.000) (0.000,0.246) 
  4        8    (0)    1 :  0.990 0.010     (0.938,1.000) (0.000,0.062) 
  5       10    (0)    1 :  0.991 0.009     (0.951,1.000) (0.000,0.049) 
  6       11    (0)    1 :  0.819 0.181     (0.000,1.000) (0.000,1.000) 
  7       12    (0)    1 :  0.980 0.020     (0.885,1.000) (0.000,0.115) 
  8       16    (6)    1 :  0.990 0.010     (0.941,1.000) (0.000,0.059) 
  9       18    (0)    1 :  0.847 0.153     (0.000,1.000) (0.000,1.000) 
 10       19    (0)    1 :  0.136 0.864     (0.000,0.995) (0.005,1.000) 
 11       21    (6)    1 :  0.985 0.015     (0.910,1.000) (0.000,0.090) 
 12       23    (6)    1 :  0.547 0.453     (0.000,1.000) (0.000,1.000) 
 13       24    (6)    1 :  0.938 0.062     (0.594,1.000) (0.000,0.406) 
 14       25    (6)    1 :  0.925 0.075     (0.522,1.000) (0.000,0.478) 
 15      26*    (0)    1 :  0.994 0.006     (0.965,1.000) (0.000,0.035) 
 16       28    (0)    1 :  0.992 0.008     (0.954,1.000) (0.000,0.046) 
 17       29    (0)    1 :  0.990 0.010     (0.945,1.000) (0.000,0.055) 
 18       30    (0)    1 :  0.865 0.135     (0.215,1.000) (0.000,0.785) 
 19       33    (0)    1 :  0.013 0.987     (0.000,0.079) (0.921,1.000) 
 20       37    (0)    1 :  0.830 0.170     (0.000,1.000) (0.000,1.000) 
 21       38    (0)    1 :  0.871 0.129     (0.000,1.000) (0.000,1.000) 
 22       43    (0)    1 :  0.991 0.009     (0.948,1.000) (0.000,0.052) 
 23       44    (0)    1 :  0.987 0.013     (0.917,1.000) (0.000,0.083) 
 24       48    (0)    1 :  0.845 0.155     (0.000,1.000) (0.000,1.000) 
 25       55    (0)    1 :  0.980 0.020     (0.868,1.000) (0.000,0.132) 
 26       59    (0)    1 :  0.989 0.011     (0.932,1.000) (0.000,0.068) 
 27       60    (0)    1 :  0.014 0.986     (0.000,0.090) (0.910,1.000) 
 28       61    (0)    1 :  0.012 0.988     (0.000,0.076) (0.924,1.000) 
 29       62    (0)    1 :  0.058 0.942     (0.000,0.403) (0.597,1.000) 
 30       65    (0)    1 :  0.333 0.667     (0.000,0.993) (0.007,1.000) 
 31       73    (0)    1 :  0.029 0.971     (0.000,0.199) (0.801,1.000) 
 32       75    (0)    1 :  0.012 0.988     (0.000,0.074) (0.926,1.000) 
 33       76    (0)    1 :  0.010 0.990     (0.000,0.057) (0.943,1.000) 
 34       77    (0)    1 :  0.012 0.988     (0.000,0.076) (0.924,1.000) 
 35       78    (0)    1 :  0.010 0.990     (0.000,0.059) (0.941,1.000) 
 36       79    (0)    1 :  0.007 0.993     (0.000,0.039) (0.961,1.000) 
 37       84    (0)    1 :  0.961 0.039     (0.719,1.000) (0.000,0.281) 
 38       85    (0)    1 :  0.970 0.030     (0.784,1.000) (0.000,0.216) 
 39       86    (0)    1 :  0.937 0.063     (0.582,1.000) (0.000,0.418) 
 40       89    (0)    1 :  0.947 0.053     (0.629,1.000) (0.000,0.371) 
 41       94    (0)    1 :  0.991 0.009     (0.951,1.000) (0.000,0.049) 
 42       95    (0)    1 :  0.978 0.022     (0.857,1.000) (0.000,0.143) 
 43       96    (0)    1 :  0.990 0.010     (0.940,1.000) (0.000,0.060) 
 44       98    (0)    1 :  0.011 0.989     (0.000,0.063) (0.937,1.000) 
 45      102    (0)    1 :  0.773 0.227     (0.000,1.000) (0.000,1.000) 
 46      105    (0)    1 :  0.009 0.991     (0.000,0.052) (0.948,1.000) 
 47      106    (0)    1 :  0.051 0.949     (0.000,0.307) (0.693,1.000) 
 48      108    (0)    1 :  0.014 0.986     (0.000,0.088) (0.912,1.000) 
 49      109    (0)    1 :  0.026 0.974     (0.000,0.183) (0.817,1.000) 
 50      112    (0)    1 :  0.333 0.667     (0.000,1.000) (0.000,1.000) 
 51      115    (0)    1 :  0.631 0.369     (0.000,1.000) (0.000,1.000) 
 52      116    (0)    1 :  0.978 0.022     (0.850,1.000) (0.000,0.150) 
 53      117    (0)    1 :  0.977 0.023     (0.851,1.000) (0.000,0.149) 
 54      129    (0)    1 :  0.994 0.006     (0.965,1.000) (0.000,0.035) 
 55      132    (0)    1 :  0.073 0.927     (0.000,0.487) (0.513,1.000) 
 56      133    (0)    1 :  0.008 0.992     (0.000,0.049) (0.951,1.000) 
 57      137    (6)    1 :  0.031 0.969     (0.000,0.178) (0.822,1.000) 
 58      139    (0)    1 :  0.023 0.977     (0.000,0.157) (0.843,1.000) 
 59      140    (0)    1 :  0.015 0.985     (0.000,0.094) (0.906,1.000) 
 60      142    (0)    1 :  0.015 0.985     (0.000,0.096) (0.904,1.000) 
 61      144    (0)    1 :  0.008 0.992     (0.000,0.047) (0.953,1.000) 
 62      145    (0)    1 :  0.018 0.982     (0.000,0.099) (0.901,1.000) 
 63      147    (0)    1 :  0.007 0.993     (0.000,0.043) (0.957,1.000) 
 64      160    (0)    1 :  0.989 0.011     (0.942,1.000) (0.000,0.058) 
 65     162*    (0)    1 :  0.989 0.011     (0.935,1.000) (0.000,0.065) 
 66      166    (0)    1 :  0.012 0.988     (0.000,0.072) (0.928,1.000) 
 67      177    (0)    1 :  0.013 0.987     (0.000,0.082) (0.918,1.000) 
 68      178    (0)    1 :  0.017 0.983     (0.000,0.104) (0.896,1.000) 
 69      186    (0)    1 :  0.989 0.011     (0.937,1.000) (0.000,0.063) 
 70      189    (0)    1 :  0.991 0.009     (0.947,1.000) (0.000,0.053) 
 71      190    (0)    1 :  0.988 0.012     (0.929,1.000) (0.000,0.071) 
 72      191    (0)    1 :  0.982 0.018     (0.887,1.000) (0.000,0.113) 
 73      193    (0)    1 :  0.133 0.867     (0.000,1.000) (0.000,1.000) 
 74      202    (0)    1 :  0.955 0.045     (0.692,1.000) (0.000,0.308) 
 75      204    (0)    1 :  0.995 0.005     (0.973,1.000) (0.000,0.027) 
 76      211    (0)    1 :  0.030 0.970     (0.000,0.215) (0.785,1.000) 
 77      216    (0)    1 :  0.008 0.992     (0.000,0.046) (0.954,1.000) 
 78      222    (0)    1 :  0.014 0.986     (0.000,0.081) (0.919,1.000) 
 79      224    (0)    1 :  0.984 0.016     (0.904,1.000) (0.000,0.096) 
 80      226    (0)    1 :  0.981 0.019     (0.874,1.000) (0.000,0.126) 
 81      229    (0)    1 :  0.919 0.081     (0.504,1.000) (0.000,0.496) 
 82      230    (0)    1 :  0.977 0.023     (0.843,1.000) (0.000,0.157) 
 83      232    (0)    1 :  0.958 0.042     (0.705,1.000) (0.000,0.295) 
 84      238    (0)    1 :  0.071 0.929     (0.000,0.390) (0.610,1.000) 
 85      242    (0)    1 :  0.053 0.947     (0.000,0.353) (0.647,1.000) 
 86      243    (0)    1 :  0.068 0.932     (0.000,0.458) (0.542,1.000) 
 87      244    (0)    1 :  0.029 0.971     (0.000,0.206) (0.794,1.000) 
 88      251    (0)    1 :  0.138 0.862     (0.000,0.995) (0.005,1.000) 
 89      266    (0)    1 :  0.032 0.968     (0.000,0.223) (0.777,1.000) 
 90      267    (0)    1 :  0.043 0.957     (0.000,0.300) (0.700,1.000) 
 91      268    (0)    1 :  0.009 0.991     (0.000,0.055) (0.945,1.000) 
 92      270    (0)    1 :  0.989 0.011     (0.932,1.000) (0.000,0.068) 
 93      276    (0)    1 :  0.965 0.035     (0.752,1.000) (0.000,0.248) 
 94      298    (6)    1 :  0.010 0.990     (0.000,0.058) (0.942,1.000) 
 95      306    (0)    1 :  0.008 0.992     (0.000,0.047) (0.953,1.000) 
 96      308    (0)    1 :  0.012 0.988     (0.000,0.071) (0.929,1.000) 
 97      311    (6)    1 :  0.019 0.981     (0.000,0.122) (0.878,1.000) 
 98      323    (0)    1 :  0.984 0.016     (0.903,1.000) (0.000,0.097) 
 99      327    (0)    1 :  0.989 0.011     (0.936,1.000) (0.000,0.064) 
100      334    (0)    1 :  0.031 0.969     (0.000,0.210) (0.790,1.000) 
101      338    (0)    1 :  0.023 0.977     (0.000,0.138) (0.862,1.000) 
102      341    (0)    1 :  0.942 0.058     (0.622,1.000) (0.000,0.378) 
103      346    (0)    1 :  0.024 0.976     (0.000,0.146) (0.854,1.000) 
104      348    (0)    1 :  0.008 0.992     (0.000,0.048) (0.952,1.000) 
105      351    (0)    1 :  0.080 0.920     (0.000,0.502) (0.498,1.000) 
106      362    (0)    1 :  0.993 0.007     (0.962,1.000) (0.000,0.038) 
107      364    (0)    1 :  0.037 0.963     (0.000,0.261) (0.739,1.000) 
108      366    (0)    1 :  0.256 0.744     (0.000,1.000) (0.000,1.000) 
109      376    (0)    1 :  0.986 0.014     (0.918,1.000) (0.000,0.082) 
110      377    (6)    1 :  0.762 0.238     (0.000,1.000) (0.000,1.000) 
111      378    (0)    1 :  0.961 0.039     (0.756,1.000) (0.000,0.244) 
112      388    (0)    1 :  0.015 0.985     (0.000,0.095) (0.905,1.000) 
113      391    (0)    1 :  0.526 0.474     (0.000,1.000) (0.000,1.000) 
114      401    (0)    1 :  0.774 0.226     (0.076,1.000) (0.000,0.924) 
115      406    (0)    1 :  0.046 0.954     (0.000,0.316) (0.684,1.000) 
116      412    (6)    1 :  0.077 0.923     (0.000,0.580) (0.420,1.000) 
117      413    (0)    1 :  0.013 0.987     (0.000,0.075) (0.925,1.000) 
118      421    (0)    1 :  0.933 0.067     (0.546,1.000) (0.000,0.454) 
119      423    (0)    1 :  0.915 0.085     (0.386,1.000) (0.000,0.614) 
120      424    (0)    1 :  0.050 0.950     (0.000,0.327) (0.673,1.000) 
121      426    (0)    1 :  0.964 0.036     (0.763,1.000) (0.000,0.237) 
122      430   (12)    1 :  0.041 0.959     (0.000,0.272) (0.728,1.000) 
123      435    (0)    1 :  0.011 0.989     (0.000,0.069) (0.931,1.000) 
124      476    (0)    1 :  0.985 0.015     (0.905,1.000) (0.000,0.095) 
125      478    (0)    1 :  0.991 0.009     (0.946,1.000) (0.000,0.054) 
126      484    (0)    1 :  0.009 0.991     (0.000,0.052) (0.948,1.000) 
127      489    (0)    1 :  0.566 0.434     (0.000,1.000) (0.000,1.000) 
128      492   (18)    1 :  0.015 0.985     (0.000,0.087) (0.913,1.000) 
129      493    (0)    1 :  0.773 0.227     (0.000,1.000) (0.000,1.000) 
130      494    (0)    1 :  0.840 0.160     (0.000,1.000) (0.000,1.000) 
131      500    (0)    1 :  0.995 0.005     (0.969,1.000) (0.000,0.031) 
132      504    (0)    1 :  0.026 0.974     (0.000,0.183) (0.817,1.000) 
133      506    (0)    1 :  0.124 0.876     (0.000,0.593) (0.407,1.000) 


Estimated Allele Frequencies in each cluster
First column gives estimated ancestral frequencies


Locus 1 : Rsu3 
3 alleles
0.0% missing data
 164   (0.513) 0.575 0.504 
 166   (0.278) 0.142 0.360 
 170   (0.209) 0.283 0.136 

Locus 2 : Rsu5 
5 alleles
0.0% missing data
 137   (0.685) 0.903 0.686 
 135   (0.088) 0.025 0.071 
 139   (0.115) 0.058 0.084 
 133   (0.031) 0.008 0.004 
 131   (0.081) 0.006 0.155 

Locus 3 : Scv1 
5 alleles
0.0% missing data
 181   (0.461) 0.740 0.415 
 179   (0.185) 0.097 0.219 
 177   (0.133) 0.048 0.157 
 185   (0.180) 0.106 0.197 
 171   (0.040) 0.009 0.012 

Locus 4 : Rsu4 
9 alleles
0.0% missing data
 267   (0.172) 0.188 0.159 
 263   (0.329) 0.431 0.384 
 259   (0.047) 0.159 0.006 
 287   (0.167) 0.128 0.195 
 275   (0.053) 0.033 0.017 
 279   (0.086) 0.027 0.082 
 283   (0.068) 0.005 0.140 
 291   (0.037) 0.021 0.007 
 271   (0.040) 0.009 0.012 

Locus 5 : Rsu6 
5 alleles
0.0% missing data
 120   (0.260) 0.308 0.220 
 126   (0.588) 0.516 0.746 
 124   (0.070) 0.146 0.015 
 130   (0.051) 0.021 0.015 
 114   (0.031) 0.009 0.004 

Locus 6 : Scv12 
3 alleles
1.5% missing data
 198   (0.547) 0.486 0.623 
 196   (0.289) 0.237 0.294 
 200   (0.165) 0.276 0.084 

Locus 7 : Scv23 
3 alleles
0.8% missing data
 158   (0.531) 0.544 0.586 
 164   (0.202) 0.196 0.165 
 160   (0.268) 0.261 0.250 

Locus 8 : Scv13 
5 alleles
0.0% missing data
 182   (0.742) 0.857 0.785 
 180   (0.060) 0.111 0.012 
 172   (0.072) 0.005 0.114 
 184   (0.076) 0.023 0.044 
 174   (0.050) 0.004 0.045 

Locus 9 : Scv32 
18 alleles
0.8% missing data
 236   (0.039) 0.004 0.050 
 238   (0.044) 0.003 0.078 
 234   (0.156) 0.139 0.293 
 246   (0.052) 0.153 0.013 
 248   (0.081) 0.160 0.050 
 262   (0.089) 0.143 0.069 
 232   (0.146) 0.171 0.204 
 250   (0.041) 0.061 0.010 
 228   (0.028) 0.003 0.015 
 220   (0.037) 0.101 0.005 
 264   (0.053) 0.016 0.048 
 252   (0.051) 0.010 0.047 
 254   (0.039) 0.003 0.058 
 242   (0.027) 0.013 0.005 
 266   (0.031) 0.002 0.024 
 244   (0.037) 0.007 0.020 
 226   (0.025) 0.009 0.003 
 240   (0.025) 0.002 0.009 

Locus 10 : Scv8 
6 alleles
0.8% missing data
 200   (0.588) 0.752 0.619 
 202   (0.091) 0.020 0.098 
 194   (0.110) 0.095 0.064 
 204   (0.043) 0.051 0.006 
 198   (0.080) 0.076 0.029 
 188   (0.087) 0.006 0.184 

Locus 11 : Scv9 
5 alleles
0.0% missing data
 198   (0.342) 0.296 0.419 
 200   (0.291) 0.448 0.240 
 196   (0.259) 0.209 0.293 
 204   (0.078) 0.045 0.038 
 202   (0.030) 0.002 0.010 

Locus 12 : Rsu1 
6 alleles
0.0% missing data
 189   (0.264) 0.237 0.278 
 185   (0.299) 0.182 0.424 
 177   (0.085) 0.065 0.041 
 181   (0.257) 0.289 0.245 
 193   (0.050) 0.131 0.006 
 197   (0.046) 0.095 0.006 

Locus 13 : Scv14 
7 alleles
4.5% missing data
 196   (0.546) 0.803 0.556 
 198   (0.067) 0.005 0.108 
 194   (0.128) 0.097 0.097 
 202   (0.169) 0.076 0.219 
 204   (0.030) 0.008 0.005 
 190   (0.030) 0.009 0.004 
 200   (0.030) 0.002 0.010 

Locus 14 : Scv16 
7 alleles
0.0% missing data
 182   (0.410) 0.457 0.481 
 184   (0.370) 0.445 0.394 
 188   (0.072) 0.087 0.024 
 200   (0.029) 0.004 0.008 
 198   (0.048) 0.003 0.052 
 190   (0.041) 0.003 0.031 
 186   (0.029) 0.002 0.010 

Locus 15 : Scv31 
15 alleles
3.0% missing data
 193   (0.120) 0.148 0.134 
 201   (0.082) 0.077 0.064 
 187   (0.083) 0.201 0.043 
 207   (0.038) 0.117 0.005 
 195   (0.083) 0.056 0.079 
 185   (0.146) 0.095 0.259 
 189   (0.051) 0.088 0.019 
 205   (0.026) 0.003 0.009 
 191   (0.150) 0.166 0.214 
 197   (0.051) 0.014 0.044 
 199   (0.042) 0.004 0.052 
 203   (0.033) 0.003 0.024 
 209   (0.030) 0.002 0.017 
 213   (0.035) 0.003 0.032 
 181   (0.030) 0.023 0.004 

Locus 16 : Scv6 
8 alleles
0.0% missing data
 191   (0.104) 0.154 0.053 
 195   (0.354) 0.496 0.407 
 197   (0.211) 0.255 0.216 
 201   (0.082) 0.022 0.086 
 205   (0.032) 0.014 0.005 
 193   (0.092) 0.021 0.121 
 199   (0.093) 0.032 0.099 
 181   (0.033) 0.006 0.013 

Values of parameters used in structure:
DATAFILE=M:\STRUCTURE\Squirrel_133_ID_16L_20250816\project_data,	OUTFILE=M:\STRUCTURE\Squirrel_133_ID_16L_20250816\10k_Burnin_100k_MCMC\Results\10k_Burnin_100k_MCMC_run_36,	NUMINDS=133,	NUMLOCI=16,	MISSING=-9,	LABEL=1,	POPDATA=1,	POPFLAG=0,	PHENOTYPE=0,	EXTRACOLS=1,	MAXPOPS=2,	BURNIN=10000,	NUMREPS=100000,	USEPOPINFO=0,	INFERALPHA=1,	INFERLAMBDA=1,	POPSPECIFICLAMBDA=0,	POPALPHAS=0,	COMPUTEPROB=1,	NOADMIX=0,	ADMBURNIN=2500,	UPDATEFREQ=1,	PRINTLIKES=0,	INTERMEDSAVE=0,	PRINTKLD=0,	PRINTNET=0,	PRINTLAMBDA=0,	ANCESTDIST=1,	NUMBOXES=1000,	ANCESTPINT=0.90000,	GENSBACK=2,	MIGRPRIOR=0.05000,	PRINTQHAT=1,	PRINTQSUM=0,	ALPHA=1.0000,	FREQSCORR=1,	FPRIORMEAN=0.0100,	FPRIORSD=0.0500,	ONEFST=0,	LAMBDA=1.0000,	UNIFPRIORALPHA=1,	ALPHAMAX=10.0000,	ALPHAPRIORA=1.0000,	ALPHAPRIORB=2.0000,	ALPHAPROPSD=0.0250,	STARTATPOPINFO=0,	RANDOMIZE=1,	LINKAGE=0,	METROFREQ=10,	REPORTHITRATE=0,	MARKOVPHASE=-1,	PHASED=0,	PLOIDY=2,	PHASEINFO=0	LOCPRIOR=0, 	LOCPRIORINIT=1.000000, 	LOCDATA=0, 	LOCISPOP=0, 	LOCPRIORSTEP=0.100000, 	MAXLOCPRIOR=20.000000, 	SEED=1763664534,	
[STRAT parameters]:    NUMSIMSTATS=1000,	PHENOTYPECOL=-9,	POOLFREQ=10,	LOCUSxONLY=0,	EMERROR=0.00100,	MISSINGPHENO=-9,	