          1*  1 0.0141 0.6342 0.0112 0.0081 0.1804 0.0049 0.0778 0.0086 0.0307 0.0300 
           3  1 0.9519 0.0049 0.0063 0.0064 0.0062 0.0042 0.0055 0.0056 0.0040 0.0051 
           6  1 0.8722 0.0052 0.0130 0.0111 0.0369 0.0114 0.0110 0.0206 0.0056 0.0129 
           8  1 0.0064 0.0132 0.0179 0.1598 0.0052 0.0035 0.0142 0.7375 0.0110 0.0313 
          10  1 0.0063 0.0061 0.0030 0.0046 0.0043 0.0045 0.0071 0.1199 0.0070 0.8371 
          11  1 0.0296 0.1302 0.0076 0.0622 0.0293 0.0262 0.6673 0.0196 0.0134 0.0146 
          12  1 0.0053 0.0042 0.0046 0.0067 0.0091 0.0045 0.0056 0.0078 0.0033 0.9489 
          16  1 0.9328 0.0064 0.0047 0.0082 0.0060 0.0053 0.0069 0.0151 0.0048 0.0097 
          18  1 0.0074 0.9468 0.0052 0.0093 0.0037 0.0039 0.0077 0.0068 0.0038 0.0055 
          19  1 0.0128 0.1154 0.0150 0.0158 0.0094 0.0421 0.7511 0.0229 0.0057 0.0098 
          21  1 0.9132 0.0056 0.0051 0.0101 0.0078 0.0072 0.0089 0.0267 0.0059 0.0094 
          23  1 0.0101 0.0085 0.0104 0.0660 0.2375 0.0223 0.0315 0.0227 0.0109 0.5799 
          24  1 0.0160 0.0317 0.0083 0.0104 0.0158 0.0264 0.2416 0.1057 0.1413 0.4028 
          25  1 0.0346 0.0095 0.0065 0.0457 0.1896 0.0064 0.0616 0.0399 0.0119 0.5945 
         26*  1 0.1489 0.0145 0.0052 0.0111 0.0103 0.0042 0.0234 0.5736 0.0282 0.1805 
          28  1 0.1147 0.0065 0.0056 0.1423 0.0133 0.0057 0.0133 0.3828 0.0212 0.2945 
          29  1 0.0051 0.0116 0.0044 0.0067 0.0049 0.0056 0.0095 0.0758 0.0104 0.8661 
          30  1 0.1046 0.0166 0.2829 0.0127 0.0234 0.0063 0.0423 0.3371 0.0086 0.1655 
          33  1 0.0057 0.7711 0.0116 0.0048 0.0147 0.0735 0.1024 0.0049 0.0057 0.0056 
          37  1 0.0114 0.8899 0.0050 0.0096 0.0094 0.0096 0.0138 0.0065 0.0155 0.0293 
          38  1 0.0098 0.9003 0.0041 0.0070 0.0037 0.0045 0.0321 0.0129 0.0118 0.0139 
          43  1 0.0355 0.0083 0.0047 0.0240 0.0118 0.0069 0.0105 0.1002 0.0149 0.7833 
          44  1 0.3201 0.0085 0.0581 0.2978 0.0074 0.0054 0.0248 0.2658 0.0053 0.0068 
          48  1 0.0109 0.9480 0.0052 0.0064 0.0043 0.0035 0.0066 0.0052 0.0042 0.0058 
          55  1 0.2186 0.0099 0.0137 0.2167 0.0493 0.0091 0.0409 0.4171 0.0147 0.0100 
          59  1 0.9562 0.0058 0.0054 0.0050 0.0056 0.0038 0.0054 0.0053 0.0040 0.0036 
          60  1 0.0086 0.0098 0.0056 0.0064 0.9053 0.0107 0.0131 0.0039 0.0065 0.0300 
          61  1 0.0171 0.0079 0.0567 0.0525 0.2813 0.5236 0.0231 0.0099 0.0209 0.0071 
          62  1 0.0154 0.0168 0.0179 0.4524 0.1066 0.2246 0.0521 0.0080 0.0462 0.0600 
          65  1 0.0052 0.6793 0.0245 0.0070 0.0198 0.0142 0.2176 0.0094 0.0161 0.0070 
          73  1 0.0059 0.0062 0.7402 0.0267 0.0551 0.0054 0.0123 0.0077 0.0118 0.1288 
          75  1 0.0087 0.0113 0.0335 0.0063 0.0047 0.9023 0.0152 0.0081 0.0053 0.0047 
          76  1 0.0059 0.0043 0.0048 0.0092 0.0113 0.9405 0.0062 0.0043 0.0028 0.0107 
          77  1 0.0070 0.0064 0.0038 0.0074 0.1004 0.8431 0.0098 0.0043 0.0095 0.0085 
          78  1 0.0071 0.0138 0.4439 0.0321 0.0409 0.3962 0.0331 0.0097 0.0090 0.0142 
          79  1 0.0049 0.0105 0.0625 0.0146 0.0085 0.8283 0.0483 0.0066 0.0115 0.0043 
          84  1 0.5798 0.0078 0.0125 0.0710 0.0329 0.0187 0.0382 0.0733 0.0754 0.0904 
          85  1 0.0122 0.0088 0.0158 0.3441 0.0111 0.0066 0.0295 0.5514 0.0132 0.0074 
          86  1 0.0065 0.0091 0.0190 0.1886 0.0115 0.0103 0.1705 0.5480 0.0234 0.0130 
          89  1 0.4909 0.0175 0.0074 0.1258 0.0521 0.0315 0.0515 0.0112 0.0269 0.1853 
          94  1 0.0121 0.0355 0.0044 0.0131 0.0074 0.0056 0.0101 0.0091 0.0048 0.8978 
          95  1 0.9285 0.0111 0.0074 0.0066 0.0129 0.0052 0.0082 0.0115 0.0039 0.0046 
          96  1 0.0038 0.0041 0.0042 0.0093 0.0045 0.0054 0.0056 0.9501 0.0044 0.0085 
          98  1 0.0051 0.0050 0.0687 0.0207 0.8305 0.0225 0.0163 0.0054 0.0175 0.0082 
         102  1 0.0269 0.2874 0.0077 0.0108 0.0150 0.0096 0.5999 0.0054 0.0153 0.0221 
         105  1 0.0043 0.0064 0.9612 0.0040 0.0042 0.0033 0.0047 0.0035 0.0044 0.0039 
         106  1 0.0677 0.0169 0.0717 0.1536 0.0240 0.3795 0.2540 0.0094 0.0189 0.0043 
         108  1 0.0067 0.0498 0.8141 0.0075 0.0325 0.0299 0.0357 0.0076 0.0083 0.0078 
         109  1 0.0139 0.0081 0.4885 0.0135 0.3134 0.0447 0.0770 0.0279 0.0059 0.0072 
         112  1 0.0100 0.0190 0.0084 0.3043 0.1570 0.1373 0.2371 0.0677 0.0123 0.0470 
         115  1 0.0152 0.1656 0.0177 0.0126 0.0466 0.0163 0.6506 0.0067 0.0139 0.0548 
         116  1 0.0115 0.0168 0.0163 0.3285 0.0054 0.0055 0.0532 0.5406 0.0080 0.0142 
         117  1 0.2931 0.0127 0.0137 0.0126 0.0484 0.0198 0.0249 0.2041 0.0081 0.3626 
         129  1 0.0810 0.0077 0.0042 0.0209 0.0059 0.0036 0.0089 0.8499 0.0057 0.0124 
         132  1 0.0222 0.0437 0.0083 0.0147 0.6696 0.0128 0.0514 0.0055 0.0363 0.1356 
         133  1 0.0059 0.0048 0.0677 0.0159 0.8385 0.0326 0.0099 0.0039 0.0149 0.0058 
         137  1 0.0144 0.0103 0.0079 0.0207 0.3956 0.4906 0.0260 0.0086 0.0068 0.0192 
         139  1 0.0085 0.0114 0.0079 0.0092 0.0059 0.9016 0.0248 0.0149 0.0082 0.0075 
         140  1 0.0208 0.0095 0.7082 0.0177 0.1618 0.0423 0.0190 0.0093 0.0059 0.0055 
         142  1 0.0298 0.0077 0.0103 0.2039 0.0444 0.6576 0.0178 0.0046 0.0126 0.0113 
         144  1 0.0059 0.0041 0.9577 0.0049 0.0076 0.0049 0.0043 0.0032 0.0038 0.0036 
         145  1 0.0061 0.0066 0.0094 0.5914 0.0779 0.2027 0.0082 0.0036 0.0896 0.0046 
         147  1 0.0043 0.0072 0.8743 0.0184 0.0084 0.0527 0.0107 0.0062 0.0136 0.0041 
         160  1 0.0085 0.0078 0.0041 0.0055 0.0055 0.0053 0.0058 0.0073 0.0042 0.9461 
        162*  1 0.0039 0.0043 0.0042 0.0091 0.0046 0.0061 0.0055 0.9493 0.0045 0.0084 
         166  1 0.0156 0.0056 0.0121 0.0064 0.9182 0.0130 0.0076 0.0064 0.0098 0.0053 
         177  1 0.0040 0.0036 0.0030 0.0047 0.0043 0.9624 0.0051 0.0049 0.0034 0.0044 
         178  1 0.0084 0.0071 0.0281 0.0114 0.0394 0.7967 0.0319 0.0115 0.0249 0.0406 
         186  1 0.9599 0.0045 0.0037 0.0045 0.0053 0.0039 0.0044 0.0052 0.0028 0.0057 
         189  1 0.0081 0.0074 0.0032 0.3916 0.0041 0.0072 0.0079 0.5510 0.0052 0.0144 
         190  1 0.0421 0.0157 0.0088 0.0309 0.0308 0.0140 0.0285 0.7120 0.0284 0.0889 
         191  1 0.4321 0.0078 0.0215 0.3452 0.0098 0.0169 0.0225 0.1201 0.0054 0.0186 
         193  1 0.0308 0.0106 0.0115 0.5936 0.0921 0.1552 0.0169 0.0066 0.0687 0.0140 
         202  1 0.0067 0.0181 0.0078 0.0269 0.0290 0.0073 0.3465 0.2572 0.0248 0.2757 
         204  1 0.0448 0.0040 0.0044 0.0068 0.0037 0.0034 0.0048 0.9184 0.0028 0.0068 
         211  1 0.0100 0.0194 0.0932 0.0204 0.5181 0.0530 0.1089 0.0166 0.0229 0.1375 
         216  1 0.0046 0.0049 0.4761 0.0112 0.4187 0.0313 0.0169 0.0045 0.0190 0.0127 
         222  1 0.0071 0.0354 0.4192 0.3965 0.0396 0.0139 0.0623 0.0063 0.0152 0.0046 
         224  1 0.0158 0.0126 0.0106 0.4508 0.0059 0.0061 0.0208 0.4555 0.0054 0.0165 
         226  1 0.9413 0.0076 0.0035 0.0042 0.0082 0.0046 0.0156 0.0076 0.0034 0.0040 
         229  1 0.0081 0.0118 0.0261 0.0383 0.0295 0.0214 0.0780 0.5433 0.1346 0.1090 
         230  1 0.0146 0.0112 0.0129 0.0202 0.0102 0.0400 0.0417 0.8216 0.0049 0.0227 
         232  1 0.0575 0.0136 0.0155 0.1453 0.0840 0.0509 0.1327 0.0816 0.0092 0.4097 
         238  1 0.0053 0.1231 0.0113 0.0175 0.0188 0.0475 0.7272 0.0345 0.0083 0.0065 
         242  1 0.0067 0.8808 0.0096 0.0075 0.0109 0.0043 0.0293 0.0048 0.0419 0.0042 
         243  1 0.0233 0.4076 0.0213 0.0109 0.1608 0.0212 0.3328 0.0071 0.0052 0.0097 
         244  1 0.0056 0.1919 0.0063 0.0088 0.0156 0.1152 0.6270 0.0091 0.0116 0.0089 
         251  1 0.0082 0.0892 0.0113 0.0455 0.0157 0.0158 0.7230 0.0176 0.0198 0.0540 
         266  1 0.0085 0.0470 0.0102 0.0074 0.0993 0.3123 0.4707 0.0167 0.0200 0.0080 
         267  1 0.0287 0.0212 0.4783 0.0103 0.2777 0.0148 0.0627 0.0853 0.0106 0.0103 
         268  1 0.0062 0.0064 0.1153 0.0067 0.3758 0.3738 0.0230 0.0045 0.0442 0.0441 
         270  1 0.0587 0.0232 0.0129 0.1843 0.0104 0.0079 0.0250 0.6393 0.0120 0.0263 
         276  1 0.3437 0.0123 0.0479 0.2710 0.0595 0.0459 0.0549 0.1215 0.0078 0.0355 
         298  1 0.0185 0.0103 0.6941 0.0141 0.0602 0.1401 0.0235 0.0058 0.0209 0.0126 
         306  1 0.0088 0.0121 0.0112 0.1674 0.7085 0.0233 0.0306 0.0047 0.0272 0.0063 
         308  1 0.0066 0.0297 0.1494 0.1604 0.0595 0.4032 0.1011 0.0072 0.0176 0.0654 
         311  1 0.0085 0.0469 0.0718 0.2005 0.3127 0.0124 0.2899 0.0211 0.0230 0.0132 
         323  1 0.9523 0.0074 0.0052 0.0050 0.0047 0.0043 0.0058 0.0070 0.0043 0.0040 
         327  1 0.0190 0.0141 0.0077 0.0423 0.0331 0.0067 0.0514 0.5231 0.0173 0.2855 
         334  1 0.0034 0.0255 0.0058 0.0047 0.0041 0.0037 0.0063 0.0037 0.9381 0.0048 
         338  1 0.0151 0.0116 0.1952 0.2058 0.3751 0.0234 0.1137 0.0156 0.0230 0.0215 
         341  1 0.9239 0.0130 0.0043 0.0068 0.0192 0.0052 0.0096 0.0060 0.0061 0.0058 
         346  1 0.0101 0.0070 0.0053 0.0108 0.5410 0.3595 0.0146 0.0082 0.0052 0.0382 
         348  1 0.0074 0.0203 0.4534 0.0796 0.0365 0.3111 0.0596 0.0071 0.0176 0.0072 
         351  1 0.0227 0.1936 0.0075 0.0175 0.2211 0.0168 0.3055 0.0065 0.1762 0.0324 
         362  1 0.0249 0.0055 0.0057 0.0074 0.0062 0.0051 0.0068 0.9096 0.0038 0.0250 
         364  1 0.0106 0.8310 0.0084 0.0166 0.0405 0.0107 0.0426 0.0044 0.0250 0.0103 
         366  1 0.0109 0.7247 0.0231 0.0076 0.0331 0.0104 0.1274 0.0474 0.0041 0.0113 
         376  1 0.8616 0.0064 0.0058 0.0253 0.0199 0.0179 0.0129 0.0167 0.0070 0.0264 
         377  1 0.0273 0.0110 0.0240 0.5877 0.0169 0.0088 0.0569 0.0848 0.0087 0.1738 
         378  1 0.0100 0.0040 0.0072 0.0123 0.0138 0.0111 0.0067 0.0062 0.0052 0.9237 
         388  1 0.0089 0.0152 0.3331 0.0289 0.5088 0.0119 0.0368 0.0110 0.0264 0.0190 
         391  1 0.3870 0.0122 0.0197 0.0778 0.2171 0.0097 0.0832 0.0059 0.0068 0.1806 
         401  1 0.0508 0.0597 0.0065 0.0260 0.0208 0.1378 0.3724 0.2922 0.0236 0.0102 
         406  1 0.0665 0.0265 0.0733 0.0689 0.6203 0.0212 0.0949 0.0094 0.0067 0.0122 
         412  1 0.0162 0.0118 0.0478 0.1881 0.6285 0.0142 0.0424 0.0182 0.0081 0.0247 
         413  1 0.0037 0.0191 0.0143 0.4945 0.0373 0.1533 0.0249 0.0096 0.2377 0.0057 
         421  1 0.0189 0.0115 0.0116 0.5688 0.0306 0.0185 0.0829 0.2339 0.0116 0.0116 
         423  1 0.0179 0.0217 0.0220 0.6457 0.0068 0.0064 0.0397 0.2195 0.0098 0.0104 
         424  1 0.1587 0.0308 0.0162 0.2102 0.4495 0.0240 0.0498 0.0084 0.0254 0.0270 
         426  1 0.0221 0.0179 0.0112 0.0346 0.0455 0.0170 0.0366 0.0260 0.0087 0.7804 
         430  1 0.0362 0.0070 0.0147 0.2182 0.5455 0.0729 0.0229 0.0134 0.0527 0.0167 
         435  1 0.0043 0.0041 0.0241 0.3144 0.0395 0.5680 0.0098 0.0043 0.0209 0.0107 
         476  1 0.7556 0.0237 0.0064 0.0274 0.0114 0.0218 0.0472 0.0853 0.0074 0.0137 
         478  1 0.6735 0.0244 0.0074 0.1242 0.0123 0.0058 0.0233 0.1035 0.0071 0.0184 
         484  1 0.0145 0.0053 0.4546 0.0094 0.4496 0.0304 0.0125 0.0067 0.0076 0.0094 
         489  1 0.0102 0.0064 0.0326 0.6219 0.0316 0.0085 0.0197 0.0122 0.0134 0.2435 
         492  1 0.0037 0.0221 0.0044 0.0040 0.0061 0.0038 0.0040 0.0031 0.9451 0.0037 
         493  1 0.0078 0.8988 0.0047 0.0111 0.0108 0.0071 0.0287 0.0162 0.0040 0.0107 
         494  1 0.0130 0.7164 0.0069 0.0221 0.0051 0.0070 0.1840 0.0113 0.0095 0.0246 
         500  1 0.0138 0.0070 0.0032 0.0179 0.0042 0.0037 0.0113 0.9293 0.0025 0.0071 
         504  1 0.0095 0.0164 0.5562 0.0141 0.1884 0.0143 0.0605 0.0461 0.0413 0.0532 
         506  1 0.0089 0.0055 0.8059 0.0058 0.0182 0.0044 0.0101 0.1290 0.0036 0.0086 
