          1*  1 0.8824 0.0586 0.0288 0.0083 0.0138 0.0080 
           3  1 0.0057 0.0057 0.0064 0.0056 0.9717 0.0049 
           6  1 0.0062 0.0123 0.0244 0.0232 0.9185 0.0155 
           8  1 0.0097 0.0168 0.0101 0.9527 0.0063 0.0043 
          10  1 0.0099 0.7992 0.0046 0.1717 0.0093 0.0053 
          11  1 0.7380 0.0260 0.0246 0.0706 0.0451 0.0958 
          12  1 0.0046 0.9722 0.0050 0.0076 0.0053 0.0053 
          16  1 0.0066 0.0088 0.0057 0.0175 0.9553 0.0062 
          18  1 0.9650 0.0062 0.0055 0.0085 0.0097 0.0052 
          19  1 0.8401 0.0117 0.0308 0.0396 0.0164 0.0614 
          21  1 0.0063 0.0078 0.0065 0.0295 0.9416 0.0082 
          23  1 0.0086 0.8830 0.0160 0.0188 0.0129 0.0607 
          24  1 0.2628 0.4498 0.0114 0.2183 0.0163 0.0414 
          25  1 0.0125 0.8491 0.0124 0.0657 0.0463 0.0140 
         26*  1 0.0257 0.1800 0.0084 0.6909 0.0896 0.0053 
          28  1 0.0090 0.1614 0.0074 0.7525 0.0612 0.0085 
          29  1 0.0172 0.8173 0.0053 0.1478 0.0062 0.0062 
          30  1 0.0218 0.0792 0.3379 0.4461 0.1082 0.0068 
          33  1 0.9472 0.0059 0.0111 0.0050 0.0059 0.0250 
          37  1 0.9403 0.0237 0.0061 0.0083 0.0128 0.0088 
          38  1 0.9513 0.0135 0.0042 0.0161 0.0100 0.0048 
          43  1 0.0113 0.7669 0.0071 0.1729 0.0339 0.0079 
          44  1 0.0084 0.0073 0.0296 0.5939 0.3511 0.0097 
          48  1 0.9635 0.0069 0.0059 0.0065 0.0127 0.0045 
          55  1 0.0141 0.0147 0.0285 0.7367 0.1931 0.0129 
          59  1 0.0065 0.0043 0.0057 0.0064 0.9729 0.0043 
          60  1 0.1052 0.3343 0.3247 0.0058 0.0236 0.2063 
          61  1 0.0088 0.0081 0.0456 0.0072 0.0162 0.9141 
          62  1 0.0180 0.0331 0.0296 0.0128 0.0143 0.8921 
          65  1 0.9389 0.0075 0.0237 0.0111 0.0054 0.0134 
          73  1 0.0092 0.0753 0.8907 0.0124 0.0064 0.0060 
          75  1 0.0213 0.0053 0.0392 0.0105 0.0104 0.9132 
          76  1 0.0041 0.0090 0.0072 0.0042 0.0054 0.9701 
          77  1 0.0075 0.0092 0.0057 0.0048 0.0064 0.9664 
          78  1 0.0148 0.0170 0.7697 0.0116 0.0070 0.1799 
          79  1 0.0099 0.0045 0.0482 0.0059 0.0044 0.9271 
          84  1 0.0215 0.1001 0.0309 0.1254 0.6709 0.0512 
          85  1 0.0109 0.0069 0.0126 0.9508 0.0112 0.0076 
          86  1 0.0193 0.0158 0.0179 0.9304 0.0056 0.0109 
          89  1 0.0335 0.3060 0.0194 0.0158 0.5471 0.0781 
          94  1 0.0245 0.9416 0.0049 0.0111 0.0111 0.0068 
          95  1 0.0100 0.0055 0.0090 0.0128 0.9563 0.0064 
          96  1 0.0049 0.0086 0.0048 0.9715 0.0046 0.0057 
          98  1 0.0090 0.0145 0.8842 0.0073 0.0091 0.0759 
         102  1 0.8946 0.0291 0.0130 0.0065 0.0387 0.0181 
         105  1 0.0084 0.0053 0.9706 0.0051 0.0054 0.0052 
         106  1 0.0274 0.0072 0.1886 0.0275 0.1294 0.6199 
         108  1 0.0545 0.0119 0.8922 0.0099 0.0076 0.0237 
         109  1 0.0061 0.0056 0.9507 0.0152 0.0102 0.0123 
         112  1 0.0388 0.0924 0.0163 0.1324 0.0109 0.7093 
         115  1 0.8290 0.0865 0.0436 0.0122 0.0148 0.0139 
         116  1 0.0137 0.0068 0.0125 0.9479 0.0106 0.0085 
         117  1 0.0158 0.3131 0.0229 0.2357 0.3833 0.0292 
         129  1 0.0078 0.0081 0.0059 0.9348 0.0393 0.0040 
         132  1 0.2303 0.5732 0.1021 0.0066 0.0298 0.0581 
         133  1 0.0077 0.0123 0.8573 0.0049 0.0110 0.1068 
         137  1 0.0103 0.0223 0.0220 0.0100 0.0169 0.9184 
         139  1 0.0255 0.0086 0.0142 0.0192 0.0119 0.9206 
         140  1 0.0064 0.0052 0.9580 0.0066 0.0118 0.0121 
         142  1 0.0066 0.0109 0.0101 0.0049 0.0158 0.9518 
         144  1 0.0051 0.0043 0.9754 0.0041 0.0059 0.0052 
         145  1 0.0080 0.0073 0.0163 0.0060 0.0076 0.9547 
         147  1 0.0064 0.0044 0.9616 0.0084 0.0046 0.0147 
         160  1 0.0078 0.9624 0.0047 0.0109 0.0086 0.0054 
        162*  1 0.0047 0.0098 0.0051 0.9702 0.0042 0.0060 
         166  1 0.0130 0.0258 0.6976 0.0080 0.0317 0.2239 
         177  1 0.0049 0.0047 0.0048 0.0056 0.0042 0.9759 
         178  1 0.0200 0.0384 0.0814 0.0166 0.0089 0.8347 
         186  1 0.0045 0.0055 0.0042 0.0057 0.9755 0.0046 
         189  1 0.0060 0.0097 0.0037 0.9641 0.0075 0.0089 
         190  1 0.0185 0.0630 0.0114 0.8570 0.0364 0.0136 
         191  1 0.0122 0.0266 0.0494 0.3471 0.5275 0.0373 
         193  1 0.0141 0.0264 0.0241 0.0111 0.0443 0.8800 
         202  1 0.0552 0.5945 0.0088 0.3172 0.0097 0.0146 
         204  1 0.0042 0.0068 0.0045 0.9522 0.0284 0.0038 
         211  1 0.0265 0.4772 0.4079 0.0091 0.0102 0.0691 
         216  1 0.0065 0.0193 0.9293 0.0048 0.0048 0.0353 
         222  1 0.0524 0.0146 0.8815 0.0198 0.0072 0.0245 
         224  1 0.0104 0.0144 0.0097 0.9419 0.0148 0.0089 
         226  1 0.0070 0.0045 0.0051 0.0068 0.9715 0.0052 
         229  1 0.0523 0.0557 0.0552 0.7549 0.0136 0.0684 
         230  1 0.0127 0.0156 0.0125 0.9155 0.0147 0.0290 
         232  1 0.0274 0.5310 0.0339 0.1564 0.0932 0.1581 
         238  1 0.6724 0.0144 0.0316 0.0816 0.0067 0.1934 
         242  1 0.9716 0.0047 0.0072 0.0057 0.0063 0.0046 
         243  1 0.8309 0.0144 0.0743 0.0097 0.0349 0.0357 
         244  1 0.7980 0.0106 0.0108 0.0125 0.0069 0.1612 
         251  1 0.7880 0.1100 0.0237 0.0300 0.0094 0.0389 
         266  1 0.2277 0.0166 0.0276 0.0185 0.0126 0.6970 
         267  1 0.0172 0.0150 0.8856 0.0436 0.0254 0.0133 
         268  1 0.0108 0.0396 0.7791 0.0055 0.0080 0.1571 
         270  1 0.0128 0.0154 0.0112 0.9256 0.0251 0.0100 
         276  1 0.0223 0.0382 0.0856 0.3312 0.4233 0.0993 
         298  1 0.0094 0.0115 0.8995 0.0056 0.0121 0.0619 
         306  1 0.0502 0.0485 0.2669 0.0073 0.0106 0.6165 
         308  1 0.0344 0.0930 0.2060 0.0093 0.0070 0.6502 
         311  1 0.2222 0.0360 0.6083 0.0268 0.0115 0.0953 
         323  1 0.0068 0.0045 0.0053 0.0068 0.9722 0.0044 
         327  1 0.0195 0.2668 0.0158 0.6727 0.0173 0.0079 
         334  1 0.9538 0.0064 0.0194 0.0072 0.0041 0.0091 
         338  1 0.0163 0.0309 0.8654 0.0114 0.0182 0.0577 
         341  1 0.0087 0.0088 0.0055 0.0067 0.9629 0.0076 
         346  1 0.0087 0.1028 0.0181 0.0077 0.0141 0.8485 
         348  1 0.0197 0.0059 0.7917 0.0088 0.0070 0.1670 
         351  1 0.8842 0.0510 0.0152 0.0089 0.0180 0.0228 
         362  1 0.0061 0.0204 0.0062 0.9374 0.0241 0.0058 
         364  1 0.9434 0.0119 0.0138 0.0051 0.0107 0.0152 
         366  1 0.8815 0.0178 0.0294 0.0462 0.0119 0.0132 
         376  1 0.0081 0.0266 0.0070 0.0247 0.9058 0.0278 
         377  1 0.0229 0.6085 0.0788 0.2281 0.0315 0.0302 
         378  1 0.0046 0.9609 0.0078 0.0073 0.0091 0.0103 
         388  1 0.0129 0.0233 0.9351 0.0097 0.0082 0.0107 
         391  1 0.0111 0.4052 0.0243 0.0060 0.5146 0.0387 
         401  1 0.2712 0.0103 0.0148 0.3741 0.1027 0.2269 
         406  1 0.0353 0.0383 0.7159 0.0107 0.1072 0.0926 
         412  1 0.0184 0.0611 0.7471 0.0222 0.0272 0.1241 
         413  1 0.0321 0.0080 0.0218 0.0168 0.0043 0.9170 
         421  1 0.0349 0.0238 0.0559 0.6772 0.0255 0.1827 
         423  1 0.0583 0.0209 0.0457 0.8179 0.0140 0.0431 
         424  1 0.0418 0.1707 0.0954 0.0102 0.3711 0.3109 
         426  1 0.0158 0.9102 0.0116 0.0264 0.0177 0.0183 
         430  1 0.0112 0.0457 0.1224 0.0171 0.0650 0.7386 
         435  1 0.0048 0.0120 0.0268 0.0049 0.0044 0.9471 
         476  1 0.0286 0.0189 0.0066 0.1078 0.8103 0.0279 
         478  1 0.0279 0.0171 0.0116 0.2099 0.7265 0.0070 
         484  1 0.0063 0.0097 0.9456 0.0057 0.0113 0.0214 
         489  1 0.0099 0.8126 0.1086 0.0357 0.0110 0.0224 
         492  1 0.9379 0.0082 0.0203 0.0067 0.0054 0.0215 
         493  1 0.9508 0.0128 0.0077 0.0119 0.0074 0.0095 
         494  1 0.9267 0.0242 0.0060 0.0205 0.0129 0.0096 
         500  1 0.0063 0.0082 0.0039 0.9637 0.0140 0.0040 
         504  1 0.0220 0.0231 0.9061 0.0329 0.0069 0.0091 
         506  1 0.0064 0.0106 0.8935 0.0713 0.0127 0.0055 
