

----------------------------------------------------
STRUCTURE by Pritchard, Stephens and Donnelly (2000)
     and Falush, Stephens and Pritchard (2003)
       Code by Pritchard, Falush and Hubisz
             Version 2.3.4 (Jul 2012)
----------------------------------------------------



Command line arguments:   bin\structure -m M:\STRUCTURE\Squirrel_133_ID_16L_20250816\10k_Burnin_100k_MCMC\mainparams -e M:\STRUCTURE\Squirrel_133_ID_16L_20250816\10k_Burnin_100k_MCMC\extraparams 
Input File:    M:\STRUCTURE\Squirrel_133_ID_16L_20250816\project_data

Run parameters:
   133 individuals
   16 loci
   9 populations assumed
   10000 Burn-in period
   100000 Reps


--------------------------------------------
Proportion of membership of each pre-defined
 population in each of the 9 clusters

Given    Inferred Clusters                                                 Number of
 Pop       1      2      3      4      5      6      7      8      9      Individuals

  1:     0.130  0.135  0.044  0.107  0.157  0.119  0.098  0.101  0.108      133
--------------------------------------------

Allele-freq. divergence among pops (Net nucleotide distance),
computed using point estimates of P.

      1       2       3       4       5       6       7       8       9      
 1      -    0.0633  0.1813  0.1068  0.0876  0.1248  0.1219  0.1155  0.0858  
 2   0.0633     -    0.0950  0.0914  0.0687  0.0855  0.0834  0.0800  0.0689  
 3   0.1813  0.0950     -    0.1724  0.1512  0.1388  0.1497  0.1329  0.1120  
 4   0.1068  0.0914  0.1724     -    0.0748  0.1512  0.1100  0.1007  0.0851  
 5   0.0876  0.0687  0.1512  0.0748     -    0.1163  0.1081  0.0971  0.1002  
 6   0.1248  0.0855  0.1388  0.1512  0.1163     -    0.1249  0.0919  0.0828  
 7   0.1219  0.0834  0.1497  0.1100  0.1081  0.1249     -    0.0833  0.0779  
 8   0.1155  0.0800  0.1329  0.1007  0.0971  0.0919  0.0833     -    0.0741  
 9   0.0858  0.0689  0.1120  0.0851  0.1002  0.0828  0.0779  0.0741     -    

Average distances (expected heterozygosity) between individuals in same cluster:
cluster  1  : 0.4623 
cluster  2  : 0.6335 
cluster  3  : 0.5253 
cluster  4  : 0.4527 
cluster  5  : 0.5321 
cluster  6  : 0.5254 
cluster  7  : 0.5818 
cluster  8  : 0.5075 
cluster  9  : 0.5413 

--------------------------------------------
Estimated Ln Prob of Data   = -4867.0
Mean value of ln likelihood = -4375.3
Variance of ln likelihood   = 983.4
Mean value of alpha         = 0.0468

Mean value of lambda        = 1.0009

Mean value of Fst_1         = 0.3029
Mean value of Fst_2         = 0.0764
Mean value of Fst_3         = 0.3885
Mean value of Fst_4         = 0.2975
Mean value of Fst_5         = 0.2230
Mean value of Fst_6         = 0.2579
Mean value of Fst_7         = 0.2108
Mean value of Fst_8         = 0.2605
Mean value of Fst_9         = 0.2381


Inferred ancestry of individuals:
        Label (%Miss) Pop:  Inferred clusters (and 90% probability intervals)
  1       1*    (0)    1 :  0.014 0.718 0.041 0.031 0.008 0.016 0.005 0.008 0.159     (0.000,0.091) (0.227,1.000) (0.000,0.274) (0.000,0.222) (0.000,0.047) (0.000,0.106) (0.000,0.031) (0.000,0.048) (0.000,0.567) 
  2        3    (0)    1 :  0.954 0.005 0.004 0.005 0.006 0.007 0.004 0.007 0.006     (0.806,1.000) (0.000,0.031) (0.000,0.025) (0.000,0.030) (0.000,0.034) (0.000,0.040) (0.000,0.023) (0.000,0.040) (0.000,0.035) 
  3        6    (0)    1 :  0.875 0.006 0.006 0.014 0.024 0.016 0.013 0.010 0.035     (0.534,1.000) (0.000,0.034) (0.000,0.035) (0.000,0.086) (0.000,0.162) (0.000,0.108) (0.000,0.083) (0.000,0.062) (0.000,0.249) 
  4        8    (0)    1 :  0.008 0.014 0.013 0.034 0.865 0.021 0.004 0.035 0.006     (0.000,0.041) (0.000,0.094) (0.000,0.087) (0.000,0.238) (0.516,1.000) (0.000,0.153) (0.000,0.020) (0.000,0.261) (0.000,0.033) 
  5       10    (0)    1 :  0.008 0.007 0.008 0.877 0.082 0.004 0.005 0.004 0.005     (0.000,0.048) (0.000,0.040) (0.000,0.049) (0.529,1.000) (0.000,0.430) (0.000,0.020) (0.000,0.026) (0.000,0.025) (0.000,0.027) 
  6       11    (0)    1 :  0.049 0.490 0.153 0.024 0.049 0.013 0.041 0.106 0.074     (0.000,0.353) (0.000,0.998) (0.000,0.981) (0.000,0.174) (0.000,0.345) (0.000,0.079) (0.000,0.299) (0.000,0.705) (0.000,0.459) 
  7       12    (0)    1 :  0.006 0.005 0.004 0.953 0.007 0.005 0.005 0.007 0.010     (0.000,0.032) (0.000,0.025) (0.000,0.021) (0.800,1.000) (0.000,0.037) (0.000,0.029) (0.000,0.026) (0.000,0.042) (0.000,0.051) 
  8       16    (6)    1 :  0.934 0.007 0.006 0.011 0.018 0.005 0.006 0.008 0.006     (0.726,1.000) (0.000,0.037) (0.000,0.030) (0.000,0.065) (0.000,0.118) (0.000,0.029) (0.000,0.031) (0.000,0.048) (0.000,0.036) 
  9       18    (0)    1 :  0.009 0.948 0.006 0.006 0.008 0.006 0.004 0.010 0.004     (0.000,0.051) (0.783,1.000) (0.000,0.029) (0.000,0.034) (0.000,0.045) (0.000,0.033) (0.000,0.022) (0.000,0.061) (0.000,0.023) 
 10       19    (0)    1 :  0.015 0.662 0.135 0.013 0.034 0.024 0.080 0.021 0.016     (0.000,0.094) (0.000,1.000) (0.000,0.981) (0.000,0.079) (0.000,0.247) (0.000,0.160) (0.000,0.469) (0.000,0.125) (0.000,0.072) 
 11       21    (6)    1 :  0.920 0.006 0.007 0.010 0.026 0.006 0.007 0.010 0.008     (0.690,1.000) (0.000,0.035) (0.000,0.038) (0.000,0.058) (0.000,0.179) (0.000,0.034) (0.000,0.041) (0.000,0.061) (0.000,0.046) 
 12       23    (6)    1 :  0.011 0.012 0.010 0.610 0.020 0.015 0.024 0.085 0.212     (0.000,0.070) (0.000,0.071) (0.000,0.051) (0.000,0.997) (0.000,0.143) (0.000,0.102) (0.000,0.172) (0.000,0.458) (0.000,0.887) 
 13       24    (6)    1 :  0.018 0.075 0.230 0.445 0.146 0.009 0.041 0.010 0.025     (0.000,0.127) (0.000,0.467) (0.000,0.856) (0.000,0.952) (0.000,0.657) (0.000,0.058) (0.000,0.252) (0.000,0.058) (0.000,0.163) 
 14       25    (6)    1 :  0.041 0.012 0.020 0.620 0.056 0.009 0.006 0.026 0.209     (0.000,0.260) (0.000,0.075) (0.000,0.114) (0.008,0.996) (0.000,0.329) (0.000,0.051) (0.000,0.035) (0.000,0.185) (0.000,0.732) 
 15      26*    (0)    1 :  0.113 0.017 0.031 0.196 0.614 0.007 0.005 0.006 0.011     (0.000,0.554) (0.000,0.118) (0.000,0.190) (0.000,0.647) (0.000,0.997) (0.000,0.039) (0.000,0.027) (0.000,0.030) (0.000,0.072) 
 16       28    (0)    1 :  0.108 0.007 0.022 0.306 0.501 0.007 0.006 0.025 0.017     (0.000,0.602) (0.000,0.040) (0.000,0.166) (0.000,0.994) (0.000,1.000) (0.000,0.038) (0.000,0.037) (0.000,0.116) (0.000,0.117) 
 17       29    (0)    1 :  0.006 0.012 0.012 0.900 0.049 0.005 0.006 0.005 0.006     (0.000,0.031) (0.000,0.074) (0.000,0.082) (0.584,1.000) (0.000,0.340) (0.000,0.027) (0.000,0.031) (0.000,0.029) (0.000,0.030) 
 18       30    (0)    1 :  0.101 0.018 0.018 0.180 0.351 0.294 0.007 0.007 0.024     (0.000,0.588) (0.000,0.099) (0.000,0.081) (0.000,0.758) (0.000,0.881) (0.000,0.648) (0.000,0.039) (0.000,0.035) (0.000,0.171) 
 19       33    (0)    1 :  0.006 0.845 0.053 0.005 0.005 0.010 0.053 0.005 0.017     (0.000,0.035) (0.304,1.000) (0.000,0.477) (0.000,0.030) (0.000,0.027) (0.000,0.067) (0.000,0.322) (0.000,0.030) (0.000,0.116) 
 20       37    (0)    1 :  0.012 0.902 0.016 0.027 0.008 0.005 0.010 0.009 0.010     (0.000,0.077) (0.631,1.000) (0.000,0.115) (0.000,0.199) (0.000,0.047) (0.000,0.030) (0.000,0.063) (0.000,0.053) (0.000,0.062) 
 21       38    (0)    1 :  0.009 0.925 0.016 0.016 0.015 0.004 0.005 0.006 0.004     (0.000,0.060) (0.694,1.000) (0.000,0.099) (0.000,0.110) (0.000,0.100) (0.000,0.024) (0.000,0.026) (0.000,0.034) (0.000,0.023) 
 22       43    (0)    1 :  0.034 0.009 0.015 0.786 0.123 0.006 0.007 0.007 0.013     (0.000,0.236) (0.000,0.050) (0.000,0.107) (0.392,1.000) (0.000,0.534) (0.000,0.035) (0.000,0.039) (0.000,0.036) (0.000,0.085) 
 23       44    (0)    1 :  0.392 0.013 0.009 0.008 0.394 0.062 0.006 0.109 0.008     (0.000,0.734) (0.000,0.075) (0.000,0.039) (0.000,0.044) (0.000,0.899) (0.000,0.389) (0.000,0.032) (0.000,0.610) (0.000,0.043) 
 24       48    (0)    1 :  0.013 0.947 0.006 0.007 0.006 0.006 0.004 0.008 0.005     (0.000,0.085) (0.776,1.000) (0.000,0.030) (0.000,0.036) (0.000,0.036) (0.000,0.034) (0.000,0.020) (0.000,0.044) (0.000,0.026) 
 25       55    (0)    1 :  0.217 0.011 0.020 0.010 0.608 0.019 0.010 0.048 0.057     (0.000,0.823) (0.000,0.066) (0.000,0.133) (0.000,0.060) (0.000,0.999) (0.000,0.132) (0.000,0.058) (0.000,0.343) (0.000,0.352) 
 26       59    (0)    1 :  0.958 0.006 0.005 0.004 0.006 0.006 0.004 0.005 0.006     (0.826,1.000) (0.000,0.035) (0.000,0.027) (0.000,0.023) (0.000,0.035) (0.000,0.036) (0.000,0.021) (0.000,0.027) (0.000,0.034) 
 27       60    (0)    1 :  0.008 0.011 0.009 0.028 0.004 0.008 0.009 0.009 0.915     (0.000,0.046) (0.000,0.064) (0.000,0.034) (0.000,0.204) (0.000,0.023) (0.000,0.041) (0.000,0.051) (0.000,0.050) (0.657,1.000) 
 28       61    (0)    1 :  0.019 0.009 0.016 0.008 0.010 0.058 0.489 0.102 0.291     (0.000,0.128) (0.000,0.050) (0.000,0.103) (0.000,0.046) (0.000,0.059) (0.000,0.365) (0.000,0.990) (0.000,0.637) (0.000,0.939) 
 29       62    (0)    1 :  0.015 0.017 0.021 0.049 0.011 0.016 0.092 0.703 0.076     (0.000,0.099) (0.000,0.108) (0.000,0.115) (0.000,0.336) (0.000,0.064) (0.000,0.113) (0.000,0.624) (0.000,1.000) (0.000,0.480) 
 30       65    (0)    1 :  0.005 0.867 0.044 0.008 0.011 0.027 0.014 0.007 0.017     (0.000,0.030) (0.514,1.000) (0.000,0.261) (0.000,0.045) (0.000,0.072) (0.000,0.185) (0.000,0.095) (0.000,0.042) (0.000,0.115) 
 31       73    (0)    1 :  0.007 0.007 0.012 0.104 0.008 0.797 0.005 0.022 0.037     (0.000,0.038) (0.000,0.041) (0.000,0.081) (0.000,0.433) (0.000,0.049) (0.431,1.000) (0.000,0.025) (0.000,0.155) (0.000,0.281) 
 32       75    (0)    1 :  0.009 0.011 0.007 0.005 0.008 0.036 0.913 0.007 0.005     (0.000,0.053) (0.000,0.072) (0.000,0.042) (0.000,0.027) (0.000,0.048) (0.000,0.236) (0.662,1.000) (0.000,0.036) (0.000,0.026) 
 33       76    (0)    1 :  0.006 0.005 0.004 0.012 0.005 0.006 0.922 0.028 0.012     (0.000,0.038) (0.000,0.027) (0.000,0.019) (0.000,0.079) (0.000,0.026) (0.000,0.034) (0.673,1.000) (0.000,0.158) (0.000,0.074) 
 34       77    (0)    1 :  0.008 0.007 0.011 0.008 0.004 0.004 0.812 0.010 0.135     (0.000,0.045) (0.000,0.039) (0.000,0.064) (0.000,0.051) (0.000,0.025) (0.000,0.024) (0.022,1.000) (0.000,0.058) (0.000,0.866) 
 35       78    (0)    1 :  0.008 0.017 0.013 0.015 0.012 0.545 0.311 0.047 0.033     (0.000,0.045) (0.000,0.105) (0.000,0.071) (0.000,0.105) (0.000,0.075) (0.000,0.994) (0.000,0.872) (0.000,0.338) (0.000,0.241) 
 36       79    (0)    1 :  0.005 0.014 0.016 0.005 0.008 0.069 0.823 0.053 0.008     (0.000,0.031) (0.000,0.092) (0.000,0.101) (0.000,0.028) (0.000,0.049) (0.000,0.379) (0.370,1.000) (0.000,0.330) (0.000,0.048) 
 37       84    (0)    1 :  0.592 0.011 0.072 0.097 0.082 0.016 0.013 0.081 0.036     (0.222,0.934) (0.000,0.071) (0.000,0.340) (0.000,0.492) (0.000,0.386) (0.000,0.111) (0.000,0.078) (0.000,0.431) (0.000,0.265) 
 38       85    (0)    1 :  0.014 0.012 0.020 0.008 0.855 0.015 0.007 0.057 0.011     (0.000,0.091) (0.000,0.075) (0.000,0.121) (0.000,0.046) (0.257,1.000) (0.000,0.105) (0.000,0.042) (0.000,0.431) (0.000,0.067) 
 39       86    (0)    1 :  0.007 0.016 0.056 0.015 0.823 0.021 0.012 0.038 0.013     (0.000,0.037) (0.000,0.104) (0.000,0.340) (0.000,0.105) (0.335,1.000) (0.000,0.158) (0.000,0.072) (0.000,0.236) (0.000,0.076) 
 40       89    (0)    1 :  0.488 0.019 0.026 0.182 0.011 0.010 0.015 0.198 0.050     (0.000,0.854) (0.000,0.118) (0.000,0.167) (0.000,0.613) (0.000,0.063) (0.000,0.054) (0.000,0.101) (0.000,0.644) (0.000,0.352) 
 41       94    (0)    1 :  0.014 0.030 0.006 0.906 0.013 0.005 0.006 0.014 0.007     (0.000,0.093) (0.000,0.215) (0.000,0.033) (0.637,1.000) (0.000,0.080) (0.000,0.028) (0.000,0.033) (0.000,0.097) (0.000,0.040) 
 42       95    (0)    1 :  0.935 0.011 0.005 0.005 0.011 0.009 0.005 0.006 0.014     (0.729,1.000) (0.000,0.063) (0.000,0.026) (0.000,0.029) (0.000,0.069) (0.000,0.052) (0.000,0.028) (0.000,0.032) (0.000,0.092) 
 43       96    (0)    1 :  0.004 0.004 0.004 0.009 0.957 0.005 0.005 0.007 0.004     (0.000,0.024) (0.000,0.023) (0.000,0.023) (0.000,0.054) (0.816,1.000) (0.000,0.026) (0.000,0.027) (0.000,0.038) (0.000,0.025) 
 44       98    (0)    1 :  0.006 0.007 0.048 0.010 0.007 0.140 0.025 0.073 0.684     (0.000,0.033) (0.000,0.035) (0.000,0.288) (0.000,0.061) (0.000,0.037) (0.000,0.967) (0.000,0.147) (0.000,0.731) (0.000,1.000) 
 45      102    (0)    1 :  0.035 0.766 0.099 0.026 0.006 0.012 0.012 0.018 0.027     (0.000,0.246) (0.000,1.000) (0.000,0.848) (0.000,0.188) (0.000,0.033) (0.000,0.076) (0.000,0.081) (0.000,0.127) (0.000,0.168) 
 46      105    (0)    1 :  0.005 0.007 0.005 0.005 0.004 0.961 0.004 0.005 0.004     (0.000,0.028) (0.000,0.041) (0.000,0.027) (0.000,0.029) (0.000,0.022) (0.840,1.000) (0.000,0.020) (0.000,0.027) (0.000,0.024) 
 47      106    (0)    1 :  0.093 0.027 0.039 0.005 0.017 0.122 0.441 0.230 0.027     (0.000,0.416) (0.000,0.185) (0.000,0.233) (0.000,0.026) (0.000,0.121) (0.000,0.570) (0.000,0.903) (0.000,0.683) (0.000,0.181) 
 48      108    (0)    1 :  0.007 0.054 0.017 0.009 0.008 0.834 0.026 0.008 0.037     (0.000,0.039) (0.000,0.339) (0.000,0.101) (0.000,0.058) (0.000,0.045) (0.498,1.000) (0.000,0.189) (0.000,0.046) (0.000,0.232) 
 49      109    (0)    1 :  0.011 0.010 0.017 0.007 0.019 0.711 0.038 0.021 0.167     (0.000,0.068) (0.000,0.060) (0.000,0.072) (0.000,0.042) (0.000,0.136) (0.000,1.000) (0.000,0.260) (0.000,0.144) (0.000,0.865) 
 50      112    (0)    1 :  0.011 0.043 0.042 0.045 0.104 0.010 0.111 0.449 0.185     (0.000,0.067) (0.000,0.302) (0.000,0.284) (0.000,0.327) (0.000,0.494) (0.000,0.059) (0.000,0.648) (0.000,0.982) (0.000,0.725) 
 51      115    (0)    1 :  0.015 0.629 0.154 0.069 0.010 0.024 0.019 0.013 0.067     (0.000,0.097) (0.000,1.000) (0.000,0.977) (0.000,0.394) (0.000,0.062) (0.000,0.169) (0.000,0.132) (0.000,0.063) (0.000,0.448) 
 52      116    (0)    1 :  0.016 0.023 0.012 0.014 0.791 0.023 0.006 0.110 0.005     (0.000,0.105) (0.000,0.164) (0.000,0.059) (0.000,0.072) (0.191,1.000) (0.000,0.168) (0.000,0.030) (0.000,0.613) (0.000,0.029) 
 53      117    (0)    1 :  0.271 0.014 0.010 0.446 0.161 0.017 0.021 0.014 0.047     (0.000,0.871) (0.000,0.087) (0.000,0.051) (0.000,0.998) (0.000,0.681) (0.000,0.110) (0.000,0.149) (0.000,0.088) (0.000,0.345) 
 54      129    (0)    1 :  0.045 0.008 0.007 0.011 0.908 0.005 0.004 0.007 0.006     (0.000,0.302) (0.000,0.047) (0.000,0.037) (0.000,0.056) (0.624,1.000) (0.000,0.026) (0.000,0.021) (0.000,0.035) (0.000,0.037) 
 55      132    (0)    1 :  0.019 0.048 0.046 0.122 0.007 0.012 0.011 0.013 0.722     (0.000,0.138) (0.000,0.329) (0.000,0.294) (0.000,0.544) (0.000,0.041) (0.000,0.060) (0.000,0.071) (0.000,0.079) (0.125,1.000) 
 56      133    (0)    1 :  0.007 0.007 0.042 0.007 0.004 0.131 0.037 0.070 0.696     (0.000,0.038) (0.000,0.034) (0.000,0.200) (0.000,0.038) (0.000,0.023) (0.000,0.954) (0.000,0.248) (0.000,0.687) (0.000,1.000) 
 57      137    (6)    1 :  0.013 0.012 0.013 0.017 0.009 0.010 0.451 0.034 0.440     (0.000,0.074) (0.000,0.078) (0.000,0.060) (0.000,0.117) (0.000,0.056) (0.000,0.061) (0.000,0.995) (0.000,0.234) (0.000,0.993) 
 58      139    (0)    1 :  0.008 0.011 0.011 0.009 0.013 0.010 0.923 0.008 0.007     (0.000,0.051) (0.000,0.070) (0.000,0.064) (0.000,0.054) (0.000,0.088) (0.000,0.058) (0.701,1.000) (0.000,0.049) (0.000,0.034) 
 59      140    (0)    1 :  0.020 0.009 0.006 0.005 0.008 0.814 0.030 0.022 0.086     (0.000,0.141) (0.000,0.051) (0.000,0.029) (0.000,0.030) (0.000,0.048) (0.372,1.000) (0.000,0.210) (0.000,0.147) (0.000,0.529) 
 60      142    (0)    1 :  0.029 0.009 0.006 0.013 0.006 0.011 0.541 0.349 0.037     (0.000,0.214) (0.000,0.051) (0.000,0.028) (0.000,0.080) (0.000,0.033) (0.000,0.065) (0.000,0.994) (0.000,0.938) (0.000,0.275) 
 61      144    (0)    1 :  0.006 0.004 0.004 0.003 0.003 0.961 0.005 0.006 0.007     (0.000,0.038) (0.000,0.025) (0.000,0.023) (0.000,0.019) (0.000,0.019) (0.835,1.000) (0.000,0.025) (0.000,0.032) (0.000,0.042) 
 62      145    (0)    1 :  0.006 0.006 0.007 0.004 0.004 0.007 0.046 0.910 0.011     (0.000,0.031) (0.000,0.036) (0.000,0.033) (0.000,0.022) (0.000,0.021) (0.000,0.038) (0.000,0.237) (0.621,1.000) (0.000,0.057) 
 63      147    (0)    1 :  0.004 0.007 0.012 0.004 0.008 0.903 0.034 0.022 0.007     (0.000,0.024) (0.000,0.040) (0.000,0.078) (0.000,0.024) (0.000,0.047) (0.601,1.000) (0.000,0.244) (0.000,0.161) (0.000,0.043) 
 64      160    (0)    1 :  0.009 0.008 0.005 0.949 0.008 0.004 0.005 0.006 0.006     (0.000,0.055) (0.000,0.046) (0.000,0.027) (0.785,1.000) (0.000,0.044) (0.000,0.023) (0.000,0.029) (0.000,0.032) (0.000,0.034) 
 65     162*    (0)    1 :  0.004 0.004 0.005 0.011 0.954 0.005 0.005 0.007 0.004     (0.000,0.024) (0.000,0.025) (0.000,0.025) (0.000,0.067) (0.805,1.000) (0.000,0.026) (0.000,0.030) (0.000,0.039) (0.000,0.024) 
 66      166    (0)    1 :  0.017 0.006 0.008 0.005 0.007 0.026 0.015 0.008 0.909     (0.000,0.116) (0.000,0.032) (0.000,0.045) (0.000,0.027) (0.000,0.038) (0.000,0.128) (0.000,0.087) (0.000,0.040) (0.637,1.000) 
 67      177    (0)    1 :  0.004 0.004 0.004 0.004 0.005 0.004 0.966 0.005 0.005     (0.000,0.023) (0.000,0.022) (0.000,0.020) (0.000,0.023) (0.000,0.025) (0.000,0.019) (0.858,1.000) (0.000,0.028) (0.000,0.025) 
 68      178    (0)    1 :  0.009 0.011 0.034 0.043 0.015 0.038 0.786 0.022 0.042     (0.000,0.058) (0.000,0.068) (0.000,0.222) (0.000,0.301) (0.000,0.100) (0.000,0.263) (0.389,1.000) (0.000,0.125) (0.000,0.310) 
 69      186    (0)    1 :  0.962 0.004 0.003 0.006 0.005 0.004 0.004 0.005 0.006     (0.839,1.000) (0.000,0.024) (0.000,0.018) (0.000,0.034) (0.000,0.029) (0.000,0.023) (0.000,0.024) (0.000,0.026) (0.000,0.031) 
 70      189    (0)    1 :  0.010 0.008 0.006 0.015 0.855 0.004 0.007 0.091 0.004     (0.000,0.058) (0.000,0.042) (0.000,0.036) (0.000,0.101) (0.245,1.000) (0.000,0.020) (0.000,0.042) (0.000,0.667) (0.000,0.024) 
 71      190    (0)    1 :  0.041 0.015 0.030 0.085 0.765 0.010 0.012 0.016 0.027     (0.000,0.272) (0.000,0.096) (0.000,0.206) (0.000,0.589) (0.244,1.000) (0.000,0.057) (0.000,0.082) (0.000,0.110) (0.000,0.192) 
 72      191    (0)    1 :  0.530 0.010 0.007 0.019 0.171 0.035 0.017 0.200 0.010     (0.000,0.936) (0.000,0.053) (0.000,0.037) (0.000,0.133) (0.000,0.821) (0.000,0.253) (0.000,0.113) (0.000,0.663) (0.000,0.060) 
 73      193    (0)    1 :  0.025 0.009 0.008 0.011 0.007 0.008 0.033 0.878 0.020     (0.000,0.185) (0.000,0.055) (0.000,0.043) (0.000,0.064) (0.000,0.040) (0.000,0.048) (0.000,0.136) (0.504,1.000) (0.000,0.093) 
 74      202    (0)    1 :  0.009 0.046 0.086 0.392 0.348 0.010 0.008 0.050 0.049     (0.000,0.054) (0.000,0.317) (0.000,0.499) (0.000,0.865) (0.000,0.779) (0.000,0.065) (0.000,0.048) (0.000,0.324) (0.000,0.362) 
 75      204    (0)    1 :  0.032 0.004 0.003 0.009 0.935 0.005 0.003 0.005 0.004     (0.000,0.229) (0.000,0.022) (0.000,0.017) (0.000,0.050) (0.707,1.000) (0.000,0.027) (0.000,0.018) (0.000,0.026) (0.000,0.024) 
 76      211    (0)    1 :  0.011 0.021 0.027 0.167 0.014 0.179 0.046 0.029 0.506     (0.000,0.073) (0.000,0.137) (0.000,0.173) (0.000,0.644) (0.000,0.095) (0.000,0.829) (0.000,0.277) (0.000,0.204) (0.000,0.992) 
 77      216    (0)    1 :  0.005 0.006 0.018 0.014 0.005 0.590 0.030 0.013 0.319     (0.000,0.029) (0.000,0.034) (0.000,0.117) (0.000,0.089) (0.000,0.028) (0.004,0.999) (0.000,0.191) (0.000,0.078) (0.000,0.855) 
 78      222    (0)    1 :  0.008 0.030 0.025 0.005 0.008 0.542 0.012 0.346 0.023     (0.000,0.054) (0.000,0.215) (0.000,0.151) (0.000,0.027) (0.000,0.044) (0.000,0.997) (0.000,0.064) (0.000,0.850) (0.000,0.152) 
 79      224    (0)    1 :  0.028 0.016 0.007 0.020 0.734 0.014 0.006 0.169 0.007     (0.000,0.207) (0.000,0.099) (0.000,0.038) (0.000,0.140) (0.000,1.000) (0.000,0.093) (0.000,0.035) (0.000,0.931) (0.000,0.040) 
 80      226    (0)    1 :  0.950 0.008 0.005 0.004 0.008 0.004 0.005 0.005 0.010     (0.791,1.000) (0.000,0.049) (0.000,0.028) (0.000,0.023) (0.000,0.047) (0.000,0.023) (0.000,0.027) (0.000,0.027) (0.000,0.066) 
 81      229    (0)    1 :  0.008 0.022 0.141 0.121 0.585 0.026 0.019 0.052 0.026     (0.000,0.051) (0.000,0.153) (0.000,0.559) (0.000,0.668) (0.000,0.965) (0.000,0.194) (0.000,0.126) (0.000,0.297) (0.000,0.189) 
 82      230    (0)    1 :  0.018 0.012 0.012 0.027 0.858 0.013 0.044 0.008 0.009     (0.000,0.123) (0.000,0.074) (0.000,0.058) (0.000,0.179) (0.535,1.000) (0.000,0.089) (0.000,0.259) (0.000,0.043) (0.000,0.058) 
 83      232    (0)    1 :  0.070 0.025 0.026 0.448 0.097 0.019 0.047 0.196 0.072     (0.000,0.393) (0.000,0.172) (0.000,0.121) (0.000,0.904) (0.000,0.550) (0.000,0.134) (0.000,0.322) (0.000,0.737) (0.000,0.446) 
 84      238    (0)    1 :  0.007 0.545 0.126 0.009 0.077 0.020 0.136 0.044 0.035     (0.000,0.042) (0.000,0.994) (0.000,0.967) (0.000,0.059) (0.000,0.430) (0.000,0.139) (0.000,0.535) (0.000,0.300) (0.000,0.249) 
 85      242    (0)    1 :  0.006 0.919 0.038 0.004 0.005 0.008 0.004 0.006 0.009     (0.000,0.035) (0.672,1.000) (0.000,0.241) (0.000,0.023) (0.000,0.030) (0.000,0.051) (0.000,0.022) (0.000,0.035) (0.000,0.056) 
 86      243    (0)    1 :  0.025 0.654 0.109 0.009 0.008 0.021 0.021 0.017 0.135     (0.000,0.180) (0.000,1.000) (0.000,0.950) (0.000,0.053) (0.000,0.049) (0.000,0.148) (0.000,0.152) (0.000,0.109) (0.000,0.587) 
 87      244    (0)    1 :  0.007 0.573 0.128 0.010 0.011 0.008 0.218 0.014 0.030     (0.000,0.039) (0.000,0.998) (0.000,0.963) (0.000,0.064) (0.000,0.074) (0.000,0.050) (0.000,0.658) (0.000,0.091) (0.000,0.200) 
 88      251    (0)    1 :  0.008 0.550 0.134 0.097 0.022 0.014 0.017 0.127 0.032     (0.000,0.046) (0.000,0.997) (0.000,0.941) (0.000,0.517) (0.000,0.153) (0.000,0.088) (0.000,0.105) (0.000,0.635) (0.000,0.211) 
 89      266    (0)    1 :  0.011 0.134 0.107 0.011 0.022 0.013 0.527 0.016 0.159     (0.000,0.070) (0.000,0.546) (0.000,0.773) (0.000,0.071) (0.000,0.157) (0.000,0.081) (0.000,0.946) (0.000,0.096) (0.000,0.596) 
 90      267    (0)    1 :  0.031 0.023 0.017 0.011 0.050 0.684 0.013 0.014 0.157     (0.000,0.226) (0.000,0.165) (0.000,0.100) (0.000,0.072) (0.000,0.310) (0.000,1.000) (0.000,0.086) (0.000,0.085) (0.000,0.733) 
 91      268    (0)    1 :  0.007 0.009 0.059 0.048 0.005 0.211 0.335 0.022 0.304     (0.000,0.042) (0.000,0.049) (0.000,0.399) (0.000,0.320) (0.000,0.027) (0.000,0.954) (0.000,0.958) (0.000,0.091) (0.000,0.966) 
 92      270    (0)    1 :  0.047 0.019 0.014 0.023 0.818 0.015 0.007 0.045 0.012     (0.000,0.346) (0.000,0.129) (0.000,0.092) (0.000,0.165) (0.357,1.000) (0.000,0.101) (0.000,0.044) (0.000,0.325) (0.000,0.077) 
 93      276    (0)    1 :  0.451 0.017 0.019 0.044 0.183 0.063 0.055 0.102 0.066     (0.000,0.912) (0.000,0.112) (0.000,0.099) (0.000,0.321) (0.000,0.890) (0.000,0.396) (0.000,0.354) (0.000,0.565) (0.000,0.427) 
 94      298    (6)    1 :  0.018 0.012 0.021 0.013 0.006 0.745 0.104 0.023 0.058     (0.000,0.127) (0.000,0.073) (0.000,0.136) (0.000,0.086) (0.000,0.033) (0.288,1.000) (0.000,0.500) (0.000,0.144) (0.000,0.406) 
 95      306    (0)    1 :  0.009 0.013 0.016 0.007 0.006 0.014 0.009 0.271 0.656     (0.000,0.053) (0.000,0.079) (0.000,0.072) (0.000,0.037) (0.000,0.033) (0.000,0.092) (0.000,0.053) (0.000,0.640) (0.289,0.996) 
 96      308    (0)    1 :  0.006 0.037 0.026 0.071 0.008 0.220 0.323 0.271 0.037     (0.000,0.038) (0.000,0.269) (0.000,0.153) (0.000,0.402) (0.000,0.048) (0.000,0.706) (0.000,0.907) (0.000,0.748) (0.000,0.274) 
 97      311    (6)    1 :  0.009 0.106 0.068 0.015 0.029 0.143 0.012 0.405 0.214     (0.000,0.052) (0.000,0.598) (0.000,0.554) (0.000,0.097) (0.000,0.217) (0.000,0.791) (0.000,0.072) (0.000,0.990) (0.000,0.964) 
 98      323    (0)    1 :  0.955 0.008 0.005 0.004 0.007 0.006 0.004 0.005 0.005     (0.810,1.000) (0.000,0.044) (0.000,0.027) (0.000,0.024) (0.000,0.044) (0.000,0.033) (0.000,0.025) (0.000,0.031) (0.000,0.029) 
 99      327    (0)    1 :  0.021 0.017 0.027 0.257 0.607 0.012 0.007 0.020 0.032     (0.000,0.146) (0.000,0.113) (0.000,0.178) (0.000,0.823) (0.000,0.997) (0.000,0.079) (0.000,0.041) (0.000,0.130) (0.000,0.228) 
100      334    (0)    1 :  0.004 0.129 0.835 0.005 0.004 0.007 0.004 0.006 0.006     (0.000,0.021) (0.000,0.988) (0.000,1.000) (0.000,0.028) (0.000,0.023) (0.000,0.045) (0.000,0.025) (0.000,0.032) (0.000,0.029) 
101      338    (0)    1 :  0.019 0.016 0.028 0.028 0.018 0.310 0.016 0.327 0.239     (0.000,0.129) (0.000,0.096) (0.000,0.150) (0.000,0.198) (0.000,0.118) (0.000,0.989) (0.000,0.104) (0.000,0.979) (0.000,0.861) 
102      341    (0)    1 :  0.926 0.011 0.007 0.006 0.007 0.005 0.005 0.009 0.024     (0.707,1.000) (0.000,0.068) (0.000,0.041) (0.000,0.036) (0.000,0.036) (0.000,0.025) (0.000,0.029) (0.000,0.053) (0.000,0.170) 
103      346    (0)    1 :  0.011 0.008 0.007 0.038 0.008 0.007 0.304 0.018 0.600     (0.000,0.064) (0.000,0.045) (0.000,0.032) (0.000,0.281) (0.000,0.044) (0.000,0.039) (0.000,0.989) (0.000,0.109) (0.000,1.000) 
104      348    (0)    1 :  0.008 0.024 0.023 0.008 0.008 0.569 0.222 0.112 0.027     (0.000,0.045) (0.000,0.166) (0.000,0.124) (0.000,0.046) (0.000,0.045) (0.000,0.997) (0.000,0.752) (0.000,0.516) (0.000,0.187) 
105      351    (0)    1 :  0.021 0.320 0.228 0.036 0.008 0.008 0.015 0.019 0.345     (0.000,0.152) (0.000,0.991) (0.000,0.913) (0.000,0.260) (0.000,0.046) (0.000,0.047) (0.000,0.086) (0.000,0.127) (0.000,0.989) 
106      362    (0)    1 :  0.025 0.006 0.004 0.034 0.904 0.006 0.005 0.008 0.007     (0.000,0.182) (0.000,0.034) (0.000,0.021) (0.000,0.233) (0.597,1.000) (0.000,0.035) (0.000,0.030) (0.000,0.045) (0.000,0.039) 
107      364    (0)    1 :  0.010 0.878 0.026 0.011 0.005 0.009 0.009 0.019 0.034     (0.000,0.064) (0.563,1.000) (0.000,0.167) (0.000,0.070) (0.000,0.026) (0.000,0.051) (0.000,0.052) (0.000,0.134) (0.000,0.239) 
108      366    (0)    1 :  0.010 0.810 0.052 0.014 0.040 0.022 0.009 0.007 0.036     (0.000,0.060) (0.101,1.000) (0.000,0.508) (0.000,0.085) (0.000,0.291) (0.000,0.156) (0.000,0.053) (0.000,0.036) (0.000,0.253) 
109      376    (0)    1 :  0.869 0.008 0.008 0.025 0.021 0.006 0.015 0.029 0.018     (0.574,1.000) (0.000,0.043) (0.000,0.046) (0.000,0.177) (0.000,0.147) (0.000,0.039) (0.000,0.106) (0.000,0.195) (0.000,0.127) 
110      377    (6)    1 :  0.035 0.014 0.017 0.175 0.133 0.037 0.009 0.559 0.021     (0.000,0.240) (0.000,0.091) (0.000,0.066) (0.000,0.813) (0.000,0.586) (0.000,0.272) (0.000,0.050) (0.000,0.999) (0.000,0.117) 
111      378    (0)    1 :  0.010 0.005 0.005 0.927 0.006 0.007 0.010 0.016 0.013     (0.000,0.063) (0.000,0.026) (0.000,0.030) (0.710,1.000) (0.000,0.036) (0.000,0.041) (0.000,0.066) (0.000,0.108) (0.000,0.081) 
112      388    (0)    1 :  0.009 0.015 0.025 0.023 0.011 0.564 0.012 0.034 0.308     (0.000,0.052) (0.000,0.098) (0.000,0.170) (0.000,0.164) (0.000,0.067) (0.000,1.000) (0.000,0.077) (0.000,0.241) (0.000,0.987) 
113      391    (0)    1 :  0.406 0.014 0.011 0.194 0.006 0.021 0.008 0.114 0.225     (0.000,0.803) (0.000,0.077) (0.000,0.043) (0.000,0.586) (0.000,0.034) (0.000,0.148) (0.000,0.050) (0.000,0.582) (0.000,0.848) 
114      401    (0)    1 :  0.080 0.167 0.098 0.014 0.372 0.009 0.181 0.058 0.020     (0.000,0.519) (0.000,0.673) (0.000,0.734) (0.000,0.087) (0.000,0.763) (0.000,0.054) (0.000,0.615) (0.000,0.388) (0.000,0.114) 
115      406    (0)    1 :  0.077 0.046 0.023 0.016 0.011 0.147 0.020 0.149 0.512     (0.000,0.484) (0.000,0.328) (0.000,0.095) (0.000,0.098) (0.000,0.069) (0.000,0.905) (0.000,0.139) (0.000,0.824) (0.000,0.998) 
116      412    (6)    1 :  0.020 0.016 0.016 0.025 0.019 0.099 0.015 0.347 0.443     (0.000,0.136) (0.000,0.096) (0.000,0.058) (0.000,0.178) (0.000,0.124) (0.000,0.828) (0.000,0.087) (0.000,0.997) (0.000,0.999) 
117      413    (0)    1 :  0.004 0.025 0.122 0.006 0.010 0.015 0.052 0.756 0.010     (0.000,0.019) (0.000,0.184) (0.000,0.443) (0.000,0.032) (0.000,0.063) (0.000,0.092) (0.000,0.351) (0.223,1.000) (0.000,0.059) 
118      421    (0)    1 :  0.028 0.014 0.022 0.018 0.368 0.014 0.018 0.479 0.039     (0.000,0.210) (0.000,0.084) (0.000,0.113) (0.000,0.119) (0.000,0.819) (0.000,0.088) (0.000,0.115) (0.000,0.932) (0.000,0.265) 
119      423    (0)    1 :  0.019 0.027 0.019 0.012 0.349 0.029 0.007 0.529 0.008     (0.000,0.139) (0.000,0.197) (0.000,0.100) (0.000,0.077) (0.000,0.961) (0.000,0.210) (0.000,0.036) (0.000,0.992) (0.000,0.040) 
120      424    (0)    1 :  0.152 0.029 0.015 0.025 0.009 0.020 0.015 0.343 0.392     (0.000,0.691) (0.000,0.206) (0.000,0.080) (0.000,0.166) (0.000,0.055) (0.000,0.132) (0.000,0.088) (0.000,0.981) (0.000,0.997) 
121      426    (0)    1 :  0.024 0.018 0.011 0.801 0.019 0.012 0.014 0.048 0.053     (0.000,0.172) (0.000,0.123) (0.000,0.064) (0.309,1.000) (0.000,0.134) (0.000,0.071) (0.000,0.098) (0.000,0.307) (0.000,0.363) 
122      430   (12)    1 :  0.034 0.008 0.022 0.017 0.016 0.020 0.053 0.327 0.503     (0.000,0.246) (0.000,0.044) (0.000,0.145) (0.000,0.105) (0.000,0.102) (0.000,0.124) (0.000,0.390) (0.000,0.929) (0.000,0.998) 
123      435    (0)    1 :  0.005 0.005 0.005 0.011 0.005 0.031 0.413 0.509 0.017     (0.000,0.025) (0.000,0.025) (0.000,0.026) (0.000,0.065) (0.000,0.025) (0.000,0.204) (0.000,0.939) (0.000,0.946) (0.000,0.097) 
124      476    (0)    1 :  0.770 0.029 0.013 0.014 0.105 0.007 0.025 0.025 0.012     (0.389,0.999) (0.000,0.193) (0.000,0.073) (0.000,0.098) (0.000,0.494) (0.000,0.038) (0.000,0.177) (0.000,0.171) (0.000,0.078) 
125      478    (0)    1 :  0.723 0.028 0.012 0.020 0.154 0.009 0.006 0.033 0.015     (0.354,0.995) (0.000,0.197) (0.000,0.078) (0.000,0.142) (0.000,0.522) (0.000,0.057) (0.000,0.034) (0.000,0.208) (0.000,0.099) 
126      484    (0)    1 :  0.014 0.006 0.014 0.009 0.007 0.585 0.025 0.018 0.321     (0.000,0.092) (0.000,0.035) (0.000,0.073) (0.000,0.056) (0.000,0.038) (0.000,0.999) (0.000,0.178) (0.000,0.093) (0.000,0.873) 
127      489    (0)    1 :  0.010 0.007 0.012 0.226 0.015 0.045 0.007 0.633 0.045     (0.000,0.060) (0.000,0.041) (0.000,0.073) (0.000,0.920) (0.000,0.087) (0.000,0.350) (0.000,0.035) (0.000,1.000) (0.000,0.289) 
128      492   (18)    1 :  0.004 0.125 0.838 0.004 0.004 0.006 0.005 0.007 0.009     (0.000,0.021) (0.000,0.986) (0.000,1.000) (0.000,0.021) (0.000,0.019) (0.000,0.030) (0.000,0.024) (0.000,0.034) (0.000,0.044) 
129      493    (0)    1 :  0.007 0.925 0.011 0.010 0.012 0.006 0.007 0.012 0.009     (0.000,0.044) (0.704,1.000) (0.000,0.043) (0.000,0.062) (0.000,0.085) (0.000,0.031) (0.000,0.040) (0.000,0.079) (0.000,0.053) 
130      494    (0)    1 :  0.013 0.856 0.053 0.026 0.015 0.007 0.007 0.017 0.007     (0.000,0.087) (0.401,1.000) (0.000,0.339) (0.000,0.189) (0.000,0.105) (0.000,0.040) (0.000,0.044) (0.000,0.112) (0.000,0.035) 
131      500    (0)    1 :  0.015 0.007 0.005 0.008 0.948 0.004 0.004 0.005 0.005     (0.000,0.099) (0.000,0.038) (0.000,0.020) (0.000,0.044) (0.773,1.000) (0.000,0.020) (0.000,0.022) (0.000,0.026) (0.000,0.027) 
132      504    (0)    1 :  0.009 0.021 0.053 0.053 0.041 0.679 0.014 0.011 0.118     (0.000,0.058) (0.000,0.150) (0.000,0.317) (0.000,0.322) (0.000,0.266) (0.151,0.998) (0.000,0.091) (0.000,0.068) (0.000,0.649) 
133      506    (0)    1 :  0.009 0.005 0.005 0.010 0.064 0.883 0.005 0.006 0.013     (0.000,0.055) (0.000,0.030) (0.000,0.023) (0.000,0.060) (0.000,0.366) (0.553,1.000) (0.000,0.026) (0.000,0.036) (0.000,0.068) 


Estimated Allele Frequencies in each cluster
First column gives estimated ancestral frequencies


Locus 1 : Rsu3 
3 alleles
0.0% missing data
 164   (0.525) 0.496 0.587 0.228 0.656 0.665 0.421 0.658 0.292 0.523 
 166   (0.244) 0.089 0.188 0.399 0.227 0.061 0.544 0.097 0.562 0.331 
 170   (0.231) 0.415 0.226 0.373 0.116 0.274 0.035 0.245 0.146 0.146 

Locus 2 : Rsu5 
5 alleles
0.0% missing data
 137   (0.734) 0.974 0.669 0.303 0.899 0.960 0.398 0.806 0.862 0.888 
 135   (0.087) 0.013 0.119 0.028 0.054 0.008 0.014 0.038 0.072 0.074 
 139   (0.103) 0.008 0.170 0.649 0.041 0.025 0.011 0.061 0.047 0.016 
 133   (0.024) 0.002 0.026 0.006 0.002 0.002 0.002 0.003 0.003 0.003 
 131   (0.052) 0.003 0.015 0.014 0.005 0.004 0.574 0.092 0.016 0.019 

Locus 3 : Scv1 
5 alleles
0.0% missing data
 181   (0.535) 0.951 0.691 0.223 0.809 0.657 0.394 0.353 0.331 0.357 
 179   (0.192) 0.024 0.144 0.666 0.088 0.102 0.094 0.285 0.093 0.387 
 177   (0.108) 0.011 0.061 0.040 0.086 0.014 0.180 0.025 0.302 0.217 
 185   (0.137) 0.013 0.064 0.059 0.014 0.224 0.329 0.333 0.270 0.035 
 171   (0.028) 0.002 0.039 0.011 0.003 0.002 0.003 0.004 0.005 0.004 

Locus 4 : Rsu4 
9 alleles
0.0% missing data
 267   (0.200) 0.144 0.292 0.617 0.082 0.308 0.132 0.104 0.057 0.052 
 263   (0.329) 0.466 0.256 0.182 0.758 0.207 0.375 0.273 0.796 0.367 
 259   (0.059) 0.279 0.017 0.018 0.062 0.183 0.006 0.009 0.031 0.011 
 287   (0.166) 0.092 0.125 0.060 0.057 0.249 0.166 0.079 0.068 0.452 
 275   (0.040) 0.003 0.119 0.014 0.004 0.003 0.004 0.017 0.005 0.008 
 279   (0.066) 0.005 0.078 0.047 0.015 0.009 0.007 0.320 0.010 0.020 
 283   (0.076) 0.005 0.044 0.031 0.007 0.006 0.303 0.187 0.023 0.080 
 291   (0.037) 0.003 0.025 0.023 0.012 0.031 0.004 0.006 0.006 0.007 
 271   (0.028) 0.002 0.043 0.009 0.003 0.002 0.003 0.004 0.003 0.004 

Locus 5 : Rsu6 
5 alleles
0.0% missing data
 120   (0.264) 0.293 0.214 0.132 0.524 0.226 0.087 0.195 0.232 0.412 
 126   (0.603) 0.573 0.631 0.817 0.410 0.472 0.898 0.783 0.749 0.571 
 124   (0.080) 0.131 0.056 0.037 0.060 0.281 0.009 0.015 0.010 0.010 
 130   (0.030) 0.002 0.092 0.007 0.003 0.003 0.003 0.004 0.003 0.004 
 114   (0.023) 0.002 0.007 0.006 0.002 0.018 0.003 0.003 0.006 0.003 

Locus 6 : Scv12 
3 alleles
1.5% missing data
 198   (0.576) 0.689 0.719 0.743 0.390 0.283 0.397 0.623 0.810 0.581 
 196   (0.266) 0.290 0.146 0.174 0.275 0.165 0.543 0.217 0.151 0.375 
 200   (0.158) 0.021 0.135 0.083 0.336 0.552 0.060 0.160 0.039 0.044 

Locus 7 : Scv23 
3 alleles
0.8% missing data
 158   (0.519) 0.357 0.459 0.554 0.456 0.726 0.796 0.536 0.752 0.444 
 164   (0.196) 0.438 0.261 0.340 0.113 0.060 0.112 0.037 0.050 0.277 
 160   (0.285) 0.205 0.279 0.106 0.431 0.214 0.092 0.426 0.199 0.279 

Locus 8 : Scv13 
5 alleles
0.0% missing data
 182   (0.730) 0.782 0.680 0.902 0.966 0.908 0.900 0.459 0.933 0.911 
 180   (0.090) 0.187 0.118 0.035 0.017 0.069 0.009 0.016 0.022 0.016 
 172   (0.078) 0.006 0.058 0.023 0.007 0.007 0.079 0.334 0.014 0.051 
 184   (0.065) 0.022 0.124 0.027 0.006 0.013 0.009 0.020 0.021 0.015 
 174   (0.037) 0.003 0.020 0.012 0.003 0.004 0.004 0.171 0.011 0.007 

Locus 9 : Scv32 
18 alleles
0.8% missing data
 236   (0.036) 0.002 0.138 0.019 0.003 0.003 0.004 0.007 0.004 0.006 
 238   (0.042) 0.003 0.022 0.018 0.005 0.004 0.073 0.007 0.010 0.247 
 234   (0.145) 0.324 0.063 0.096 0.125 0.020 0.085 0.664 0.327 0.325 
 246   (0.048) 0.313 0.014 0.019 0.008 0.182 0.006 0.013 0.053 0.007 
 248   (0.102) 0.008 0.115 0.346 0.371 0.113 0.022 0.015 0.104 0.057 
 262   (0.102) 0.011 0.054 0.116 0.156 0.296 0.035 0.032 0.108 0.092 
 232   (0.163) 0.180 0.371 0.071 0.017 0.096 0.501 0.035 0.220 0.055 
 250   (0.029) 0.004 0.008 0.010 0.269 0.003 0.003 0.004 0.007 0.017 
 228   (0.029) 0.002 0.036 0.013 0.003 0.003 0.003 0.006 0.006 0.004 
 220   (0.041) 0.071 0.013 0.018 0.009 0.240 0.004 0.007 0.007 0.006 
 264   (0.055) 0.041 0.051 0.020 0.008 0.005 0.006 0.019 0.033 0.109 
 252   (0.045) 0.003 0.013 0.016 0.005 0.019 0.095 0.095 0.008 0.012 
 254   (0.047) 0.003 0.017 0.190 0.007 0.004 0.098 0.074 0.012 0.026 
 242   (0.024) 0.002 0.043 0.009 0.002 0.002 0.002 0.003 0.003 0.003 
 266   (0.025) 0.002 0.008 0.010 0.002 0.002 0.034 0.004 0.027 0.022 
 244   (0.024) 0.002 0.008 0.012 0.005 0.003 0.025 0.004 0.066 0.004 
 226   (0.022) 0.026 0.007 0.008 0.002 0.002 0.002 0.003 0.003 0.003 
 240   (0.020) 0.001 0.018 0.009 0.002 0.002 0.002 0.008 0.002 0.003 

Locus 10 : Scv8 
6 alleles
0.8% missing data
 200   (0.621) 0.827 0.640 0.817 0.816 0.721 0.615 0.428 0.501 0.836 
 202   (0.097) 0.007 0.169 0.055 0.009 0.009 0.056 0.047 0.088 0.084 
 194   (0.090) 0.152 0.039 0.035 0.030 0.076 0.009 0.030 0.302 0.034 
 204   (0.051) 0.004 0.024 0.038 0.130 0.037 0.005 0.009 0.012 0.009 
 198   (0.072) 0.005 0.093 0.028 0.010 0.151 0.007 0.015 0.068 0.013 
 188   (0.070) 0.005 0.035 0.026 0.006 0.006 0.307 0.470 0.028 0.025 

Locus 11 : Scv9 
5 alleles
0.0% missing data
 198   (0.328) 0.419 0.199 0.450 0.507 0.098 0.319 0.566 0.250 0.690 
 200   (0.335) 0.361 0.506 0.414 0.386 0.612 0.332 0.101 0.150 0.092 
 196   (0.269) 0.045 0.274 0.117 0.101 0.284 0.340 0.178 0.587 0.208 
 204   (0.045) 0.173 0.013 0.012 0.005 0.004 0.006 0.124 0.009 0.008 
 202   (0.023) 0.002 0.007 0.007 0.002 0.002 0.004 0.032 0.004 0.003 

Locus 12 : Rsu1 
6 alleles
0.0% missing data
 189   (0.298) 0.501 0.515 0.440 0.059 0.061 0.102 0.271 0.256 0.218 
 185   (0.274) 0.171 0.185 0.409 0.083 0.200 0.787 0.120 0.334 0.546 
 177   (0.083) 0.011 0.048 0.034 0.013 0.151 0.066 0.046 0.034 0.016 
 181   (0.244) 0.052 0.224 0.082 0.743 0.192 0.035 0.548 0.341 0.203 
 193   (0.056) 0.033 0.016 0.022 0.097 0.289 0.005 0.008 0.021 0.012 
 197   (0.046) 0.232 0.013 0.012 0.005 0.106 0.004 0.007 0.014 0.006 

Locus 13 : Scv14 
7 alleles
4.5% missing data
 196   (0.549) 0.938 0.486 0.187 0.895 0.837 0.612 0.663 0.659 0.458 
 198   (0.082) 0.006 0.099 0.038 0.011 0.007 0.028 0.062 0.011 0.301 
 194   (0.122) 0.015 0.201 0.049 0.047 0.024 0.032 0.161 0.271 0.029 
 202   (0.173) 0.034 0.172 0.699 0.028 0.118 0.321 0.084 0.049 0.196 
 204   (0.025) 0.002 0.023 0.008 0.003 0.002 0.002 0.004 0.003 0.003 
 190   (0.026) 0.002 0.008 0.011 0.015 0.009 0.003 0.004 0.004 0.005 
 200   (0.024) 0.002 0.010 0.009 0.003 0.002 0.002 0.021 0.003 0.007 

Locus 14 : Scv16 
7 alleles
0.0% missing data
 182   (0.406) 0.183 0.246 0.774 0.772 0.558 0.276 0.520 0.691 0.521 
 184   (0.407) 0.785 0.547 0.168 0.209 0.285 0.659 0.195 0.263 0.426 
 188   (0.064) 0.023 0.142 0.018 0.006 0.146 0.007 0.009 0.021 0.008 
 200   (0.024) 0.002 0.025 0.007 0.002 0.002 0.003 0.004 0.003 0.003 
 198   (0.042) 0.003 0.012 0.015 0.006 0.004 0.034 0.161 0.013 0.026 
 190   (0.035) 0.003 0.010 0.011 0.003 0.003 0.019 0.106 0.006 0.012 
 186   (0.022) 0.002 0.018 0.007 0.002 0.003 0.002 0.006 0.003 0.003 

Locus 15 : Scv31 
15 alleles
3.0% missing data
 193   (0.119) 0.013 0.083 0.094 0.581 0.036 0.148 0.035 0.034 0.269 
 201   (0.104) 0.010 0.223 0.075 0.102 0.059 0.074 0.016 0.017 0.019 
 187   (0.090) 0.261 0.028 0.041 0.080 0.345 0.132 0.015 0.014 0.024 
 207   (0.028) 0.408 0.008 0.009 0.003 0.010 0.003 0.004 0.009 0.004 
 195   (0.067) 0.011 0.020 0.026 0.012 0.085 0.186 0.032 0.206 0.015 
 185   (0.177) 0.226 0.135 0.089 0.024 0.020 0.150 0.313 0.156 0.521 
 189   (0.057) 0.004 0.221 0.018 0.136 0.005 0.006 0.008 0.007 0.007 
 205   (0.025) 0.002 0.021 0.008 0.002 0.002 0.003 0.005 0.003 0.003 
 191   (0.138) 0.051 0.057 0.068 0.039 0.354 0.018 0.458 0.521 0.099 
 197   (0.028) 0.003 0.008 0.009 0.005 0.006 0.221 0.004 0.004 0.005 
 199   (0.058) 0.004 0.069 0.022 0.006 0.005 0.048 0.091 0.010 0.009 
 203   (0.028) 0.002 0.068 0.011 0.002 0.002 0.003 0.004 0.003 0.004 
 209   (0.032) 0.002 0.030 0.034 0.003 0.003 0.003 0.008 0.004 0.015 
 213   (0.024) 0.001 0.022 0.489 0.002 0.002 0.002 0.003 0.003 0.003 
 181   (0.026) 0.002 0.008 0.008 0.003 0.064 0.003 0.004 0.009 0.004 

Locus 16 : Scv6 
8 alleles
0.0% missing data
 191   (0.109) 0.008 0.191 0.296 0.244 0.192 0.020 0.017 0.015 0.019 
 195   (0.363) 0.698 0.304 0.134 0.404 0.452 0.614 0.202 0.487 0.510 
 197   (0.212) 0.257 0.115 0.078 0.312 0.317 0.233 0.414 0.058 0.247 
 201   (0.084) 0.006 0.141 0.094 0.010 0.007 0.009 0.139 0.036 0.075 
 205   (0.025) 0.002 0.048 0.006 0.002 0.002 0.002 0.003 0.003 0.003 
 193   (0.102) 0.007 0.120 0.041 0.010 0.011 0.090 0.181 0.102 0.094 
 199   (0.078) 0.020 0.035 0.342 0.014 0.017 0.029 0.039 0.297 0.047 
 181   (0.027) 0.002 0.045 0.009 0.002 0.002 0.003 0.004 0.003 0.004 

Values of parameters used in structure:
DATAFILE=M:\STRUCTURE\Squirrel_133_ID_16L_20250816\project_data,	OUTFILE=M:\STRUCTURE\Squirrel_133_ID_16L_20250816\10k_Burnin_100k_MCMC\Results\10k_Burnin_100k_MCMC_run_204,	NUMINDS=133,	NUMLOCI=16,	MISSING=-9,	LABEL=1,	POPDATA=1,	POPFLAG=0,	PHENOTYPE=0,	EXTRACOLS=1,	MAXPOPS=9,	BURNIN=10000,	NUMREPS=100000,	USEPOPINFO=0,	INFERALPHA=1,	INFERLAMBDA=1,	POPSPECIFICLAMBDA=0,	POPALPHAS=0,	COMPUTEPROB=1,	NOADMIX=0,	ADMBURNIN=2500,	UPDATEFREQ=1,	PRINTLIKES=0,	INTERMEDSAVE=0,	PRINTKLD=0,	PRINTNET=0,	PRINTLAMBDA=0,	ANCESTDIST=1,	NUMBOXES=1000,	ANCESTPINT=0.90000,	GENSBACK=2,	MIGRPRIOR=0.05000,	PRINTQHAT=1,	PRINTQSUM=0,	ALPHA=1.0000,	FREQSCORR=1,	FPRIORMEAN=0.0100,	FPRIORSD=0.0500,	ONEFST=0,	LAMBDA=1.0000,	UNIFPRIORALPHA=1,	ALPHAMAX=10.0000,	ALPHAPRIORA=1.0000,	ALPHAPRIORB=2.0000,	ALPHAPROPSD=0.0250,	STARTATPOPINFO=0,	RANDOMIZE=1,	LINKAGE=0,	METROFREQ=10,	REPORTHITRATE=0,	MARKOVPHASE=-1,	PHASED=0,	PLOIDY=2,	PHASEINFO=0	LOCPRIOR=0, 	LOCPRIORINIT=1.000000, 	LOCDATA=0, 	LOCISPOP=0, 	LOCPRIORSTEP=0.100000, 	MAXLOCPRIOR=20.000000, 	SEED=1763677661,	
[STRAT parameters]:    NUMSIMSTATS=1000,	PHENOTYPECOL=-9,	POOLFREQ=10,	LOCUSxONLY=0,	EMERROR=0.00100,	MISSINGPHENO=-9,	