          1*  1 0.0324 0.0302 0.0117 0.9170 0.0088 
           3  1 0.0068 0.0079 0.9723 0.0067 0.0063 
           6  1 0.0156 0.0206 0.9418 0.0062 0.0158 
           8  1 0.6461 0.0094 0.3295 0.0109 0.0041 
          10  1 0.9602 0.0046 0.0224 0.0073 0.0054 
          11  1 0.0667 0.0239 0.0670 0.7609 0.0814 
          12  1 0.9633 0.0082 0.0095 0.0078 0.0111 
          16  1 0.0127 0.0053 0.9689 0.0066 0.0064 
          18  1 0.0074 0.0053 0.0098 0.9724 0.0051 
          19  1 0.0226 0.0333 0.0251 0.8577 0.0614 
          21  1 0.0120 0.0065 0.9650 0.0069 0.0095 
          23  1 0.7793 0.0503 0.0236 0.0153 0.1315 
          24  1 0.7359 0.0095 0.0250 0.1918 0.0379 
          25  1 0.8832 0.0295 0.0387 0.0226 0.0260 
         26*  1 0.6732 0.0057 0.3025 0.0139 0.0047 
          28  1 0.6810 0.0063 0.2992 0.0069 0.0065 
          29  1 0.9681 0.0053 0.0098 0.0111 0.0057 
          30  1 0.3477 0.3230 0.3037 0.0182 0.0073 
          33  1 0.0053 0.0126 0.0058 0.9486 0.0276 
          37  1 0.0161 0.0057 0.0124 0.9569 0.0089 
          38  1 0.0157 0.0042 0.0114 0.9642 0.0046 
          43  1 0.9360 0.0059 0.0404 0.0097 0.0080 
          44  1 0.2457 0.0641 0.6579 0.0152 0.0171 
          48  1 0.0069 0.0056 0.0116 0.9713 0.0046 
          55  1 0.3745 0.0253 0.5726 0.0132 0.0144 
          59  1 0.0050 0.0064 0.9754 0.0076 0.0055 
          60  1 0.1432 0.4278 0.0200 0.1128 0.2962 
          61  1 0.0071 0.0417 0.0129 0.0082 0.9301 
          62  1 0.0196 0.0300 0.0137 0.0200 0.9167 
          65  1 0.0089 0.0197 0.0061 0.9543 0.0110 
          73  1 0.0432 0.9323 0.0074 0.0111 0.0060 
          75  1 0.0074 0.0512 0.0098 0.0201 0.9114 
          76  1 0.0053 0.0073 0.0047 0.0041 0.9787 
          77  1 0.0063 0.0059 0.0060 0.0075 0.9743 
          78  1 0.0127 0.8052 0.0079 0.0142 0.1600 
          79  1 0.0050 0.0451 0.0046 0.0099 0.9354 
          84  1 0.1490 0.0306 0.7497 0.0192 0.0515 
          85  1 0.6171 0.0169 0.3411 0.0161 0.0088 
          86  1 0.6245 0.0286 0.2869 0.0433 0.0167 
          89  1 0.2799 0.0364 0.5185 0.0529 0.1123 
          94  1 0.9307 0.0045 0.0117 0.0462 0.0069 
          95  1 0.0073 0.0105 0.9618 0.0117 0.0087 
          96  1 0.6482 0.0056 0.3344 0.0054 0.0064 
          98  1 0.0103 0.8700 0.0084 0.0087 0.1026 
         102  1 0.0188 0.0132 0.0294 0.9195 0.0190 
         105  1 0.0050 0.9764 0.0055 0.0086 0.0045 
         106  1 0.0137 0.1933 0.1359 0.0270 0.6302 
         108  1 0.0105 0.8998 0.0085 0.0550 0.0263 
         109  1 0.0087 0.9624 0.0107 0.0067 0.0116 
         112  1 0.1481 0.0164 0.0306 0.0350 0.7699 
         115  1 0.0597 0.0400 0.0153 0.8733 0.0117 
         116  1 0.5928 0.0204 0.3488 0.0264 0.0116 
         117  1 0.4511 0.0226 0.4809 0.0141 0.0313 
         129  1 0.6143 0.0052 0.3704 0.0062 0.0038 
         132  1 0.2734 0.2192 0.0251 0.4031 0.0792 
         133  1 0.0076 0.8450 0.0090 0.0087 0.1297 
         137  1 0.0143 0.0197 0.0142 0.0102 0.9416 
         139  1 0.0125 0.0243 0.0135 0.0251 0.9245 
         140  1 0.0051 0.9667 0.0101 0.0059 0.0122 
         142  1 0.0077 0.0096 0.0117 0.0068 0.9642 
         144  1 0.0039 0.9807 0.0054 0.0047 0.0053 
         145  1 0.0057 0.0153 0.0086 0.0071 0.9633 
         147  1 0.0056 0.9725 0.0051 0.0066 0.0102 
         160  1 0.9657 0.0059 0.0096 0.0122 0.0066 
        162*  1 0.6508 0.0060 0.3310 0.0053 0.0069 
         166  1 0.0101 0.6771 0.0200 0.0130 0.2798 
         177  1 0.0053 0.0048 0.0043 0.0049 0.9807 
         178  1 0.0276 0.0860 0.0107 0.0184 0.8572 
         186  1 0.0073 0.0053 0.9764 0.0057 0.0053 
         189  1 0.6374 0.0040 0.3392 0.0078 0.0116 
         190  1 0.6381 0.0091 0.3291 0.0133 0.0104 
         191  1 0.1230 0.0404 0.7944 0.0111 0.0312 
         193  1 0.0162 0.0220 0.0477 0.0136 0.9005 
         202  1 0.8822 0.0114 0.0432 0.0467 0.0165 
         204  1 0.6043 0.0042 0.3840 0.0039 0.0036 
         211  1 0.2143 0.6254 0.0104 0.0374 0.1125 
         216  1 0.0096 0.9387 0.0045 0.0067 0.0405 
         222  1 0.0150 0.8988 0.0088 0.0515 0.0258 
         224  1 0.6149 0.0122 0.3480 0.0147 0.0102 
         226  1 0.0067 0.0057 0.9675 0.0122 0.0078 
         229  1 0.5930 0.0476 0.2656 0.0598 0.0339 
         230  1 0.6179 0.0118 0.3293 0.0127 0.0284 
         232  1 0.6445 0.0352 0.1491 0.0255 0.1457 
         238  1 0.0404 0.0246 0.0155 0.7283 0.1911 
         242  1 0.0048 0.0068 0.0061 0.9778 0.0045 
         243  1 0.0115 0.0735 0.0308 0.8490 0.0352 
         244  1 0.0116 0.0099 0.0078 0.8118 0.1589 
         251  1 0.0975 0.0265 0.0126 0.8282 0.0352 
         266  1 0.0182 0.0289 0.0138 0.2083 0.7308 
         267  1 0.0221 0.9209 0.0294 0.0162 0.0115 
         268  1 0.0166 0.8079 0.0071 0.0110 0.1574 
         270  1 0.6100 0.0112 0.3560 0.0145 0.0083 
         276  1 0.1330 0.0722 0.6977 0.0182 0.0789 
         298  1 0.0072 0.9254 0.0099 0.0088 0.0488 
         306  1 0.0198 0.2788 0.0108 0.0417 0.6489 
         308  1 0.0456 0.2317 0.0079 0.0320 0.6828 
         311  1 0.0312 0.6662 0.0162 0.2054 0.0810 
         323  1 0.0060 0.0062 0.9735 0.0084 0.0059 
         327  1 0.8311 0.0121 0.1365 0.0137 0.0066 
         334  1 0.0072 0.0202 0.0040 0.9598 0.0088 
         338  1 0.0188 0.8950 0.0176 0.0143 0.0543 
         341  1 0.0152 0.0071 0.9385 0.0207 0.0185 
         346  1 0.0349 0.0166 0.0134 0.0083 0.9268 
         348  1 0.0070 0.8042 0.0073 0.0186 0.1629 
         351  1 0.0281 0.0155 0.0134 0.9217 0.0213 
         362  1 0.6269 0.0059 0.3567 0.0054 0.0051 
         364  1 0.0079 0.0116 0.0082 0.9584 0.0139 
         366  1 0.0283 0.0361 0.0209 0.9012 0.0135 
         376  1 0.0310 0.0071 0.9329 0.0082 0.0209 
         377  1 0.7812 0.1083 0.0629 0.0165 0.0311 
         378  1 0.9347 0.0162 0.0152 0.0061 0.0278 
         388  1 0.0139 0.9535 0.0089 0.0133 0.0104 
         391  1 0.2933 0.0727 0.4442 0.0282 0.1615 
         401  1 0.2004 0.0147 0.3132 0.2483 0.2234 
         406  1 0.0236 0.7514 0.0771 0.0406 0.1072 
         412  1 0.0402 0.7601 0.0266 0.0185 0.1546 
         413  1 0.0117 0.0241 0.0058 0.0282 0.9303 
         421  1 0.4532 0.0591 0.2615 0.0421 0.1841 
         423  1 0.5008 0.0671 0.2625 0.1147 0.0549 
         424  1 0.0922 0.1137 0.3019 0.0469 0.4453 
         426  1 0.8701 0.0289 0.0431 0.0175 0.0405 
         430  1 0.0254 0.1242 0.0609 0.0123 0.7773 
         435  1 0.0081 0.0260 0.0045 0.0041 0.9572 
         476  1 0.0397 0.0069 0.9118 0.0224 0.0192 
         478  1 0.1257 0.0102 0.8376 0.0196 0.0070 
         484  1 0.0071 0.9546 0.0088 0.0059 0.0236 
         489  1 0.7612 0.1587 0.0198 0.0183 0.0421 
         492  1 0.0080 0.0221 0.0056 0.9456 0.0187 
         493  1 0.0130 0.0069 0.0077 0.9642 0.0081 
         494  1 0.0286 0.0059 0.0140 0.9431 0.0084 
         500  1 0.6292 0.0043 0.3563 0.0064 0.0038 
         504  1 0.0352 0.9195 0.0122 0.0240 0.0091 
         506  1 0.0283 0.9340 0.0265 0.0058 0.0053 
