

----------------------------------------------------
STRUCTURE by Pritchard, Stephens and Donnelly (2000)
     and Falush, Stephens and Pritchard (2003)
       Code by Pritchard, Falush and Hubisz
             Version 2.3.4 (Jul 2012)
----------------------------------------------------



Command line arguments:   bin\structure -m M:\STRUCTURE\Squirrel_133_ID_16L_20250816\10k_Burnin_100k_MCMC\mainparams -e M:\STRUCTURE\Squirrel_133_ID_16L_20250816\10k_Burnin_100k_MCMC\extraparams 
Input File:    M:\STRUCTURE\Squirrel_133_ID_16L_20250816\project_data

Run parameters:
   133 individuals
   16 loci
   3 populations assumed
   10000 Burn-in period
   100000 Reps


--------------------------------------------
Proportion of membership of each pre-defined
 population in each of the 3 clusters

Given    Inferred Clusters       Number of
 Pop       1      2      3      Individuals

  1:     0.413  0.386  0.202      133
--------------------------------------------

Allele-freq. divergence among pops (Net nucleotide distance),
computed using point estimates of P.

      1       2       3      
 1      -    0.0452  0.0364  
 2   0.0452     -    0.0375  
 3   0.0364  0.0375     -    

Average distances (expected heterozygosity) between individuals in same cluster:
cluster  1  : 0.5526 
cluster  2  : 0.6000 
cluster  3  : 0.6524 

--------------------------------------------
Estimated Ln Prob of Data   = -5000.9
Mean value of ln likelihood = -4896.8
Variance of ln likelihood   = 208.1
Mean value of alpha         = 0.0416

Mean value of lambda        = 1.0786

Mean value of Fst_1         = 0.1487
Mean value of Fst_2         = 0.1310
Mean value of Fst_3         = 0.0298


Inferred ancestry of individuals:
        Label (%Miss) Pop:  Inferred clusters (and 90% probability intervals)
  1       1*    (0)    1 :  0.015 0.022 0.962     (0.000,0.096) (0.000,0.164) (0.753,1.000) 
  2        3    (0)    1 :  0.975 0.011 0.014     (0.849,1.000) (0.000,0.068) (0.000,0.071) 
  3        6    (0)    1 :  0.966 0.028 0.006     (0.772,1.000) (0.000,0.202) (0.000,0.034) 
  4        8    (0)    1 :  0.982 0.006 0.012     (0.896,1.000) (0.000,0.033) (0.000,0.063) 
  5       10    (0)    1 :  0.986 0.006 0.008     (0.921,1.000) (0.000,0.029) (0.000,0.040) 
  6       11    (0)    1 :  0.115 0.034 0.851     (0.000,0.801) (0.000,0.253) (0.013,1.000) 
  7       12    (0)    1 :  0.971 0.016 0.014     (0.822,1.000) (0.000,0.089) (0.000,0.081) 
  8       16    (6)    1 :  0.983 0.007 0.010     (0.895,1.000) (0.000,0.038) (0.000,0.054) 
  9       18    (0)    1 :  0.009 0.005 0.986     (0.000,0.052) (0.000,0.025) (0.917,1.000) 
 10       19    (0)    1 :  0.026 0.034 0.940     (0.000,0.184) (0.000,0.231) (0.620,1.000) 
 11       21    (6)    1 :  0.980 0.010 0.009     (0.875,1.000) (0.000,0.058) (0.000,0.052) 
 12       23    (6)    1 :  0.565 0.409 0.026     (0.000,1.000) (0.000,1.000) (0.000,0.160) 
 13       24    (6)    1 :  0.560 0.025 0.414     (0.000,1.000) (0.000,0.182) (0.000,1.000) 
 14       25    (6)    1 :  0.860 0.080 0.060     (0.371,1.000) (0.000,0.477) (0.000,0.418) 
 15      26*    (0)    1 :  0.982 0.004 0.013     (0.889,1.000) (0.000,0.022) (0.000,0.089) 
 16       28    (0)    1 :  0.988 0.006 0.006     (0.929,1.000) (0.000,0.031) (0.000,0.031) 
 17       29    (0)    1 :  0.975 0.006 0.019     (0.869,1.000) (0.000,0.029) (0.000,0.091) 
 18       30    (0)    1 :  0.845 0.116 0.040     (0.295,1.000) (0.000,0.572) (0.000,0.275) 
 19       33    (0)    1 :  0.005 0.018 0.977     (0.000,0.028) (0.000,0.122) (0.856,1.000) 
 20       37    (0)    1 :  0.013 0.007 0.980     (0.000,0.078) (0.000,0.040) (0.875,1.000) 
 21       38    (0)    1 :  0.017 0.004 0.979     (0.000,0.110) (0.000,0.021) (0.870,1.000) 
 22       43    (0)    1 :  0.978 0.007 0.016     (0.862,1.000) (0.000,0.035) (0.000,0.096) 
 23       44    (0)    1 :  0.977 0.013 0.010     (0.855,1.000) (0.000,0.081) (0.000,0.051) 
 24       48    (0)    1 :  0.010 0.005 0.985     (0.000,0.052) (0.000,0.027) (0.910,1.000) 
 25       55    (0)    1 :  0.974 0.017 0.009     (0.833,1.000) (0.000,0.113) (0.000,0.049) 
 26       59    (0)    1 :  0.892 0.009 0.098     (0.000,1.000) (0.000,0.054) (0.000,0.996) 
 27       60    (0)    1 :  0.012 0.934 0.054     (0.000,0.068) (0.565,1.000) (0.000,0.389) 
 28       61    (0)    1 :  0.009 0.983 0.008     (0.000,0.052) (0.894,1.000) (0.000,0.042) 
 29       62    (0)    1 :  0.024 0.952 0.024     (0.000,0.128) (0.711,1.000) (0.000,0.135) 
 30       65    (0)    1 :  0.007 0.016 0.977     (0.000,0.039) (0.000,0.109) (0.851,1.000) 
 31       73    (0)    1 :  0.033 0.954 0.013     (0.000,0.229) (0.724,1.000) (0.000,0.085) 
 32       75    (0)    1 :  0.010 0.959 0.031     (0.000,0.064) (0.739,1.000) (0.000,0.226) 
 33       76    (0)    1 :  0.007 0.987 0.006     (0.000,0.041) (0.918,1.000) (0.000,0.031) 
 34       77    (0)    1 :  0.009 0.975 0.017     (0.000,0.051) (0.848,1.000) (0.000,0.087) 
 35       78    (0)    1 :  0.007 0.984 0.008     (0.000,0.038) (0.901,1.000) (0.000,0.045) 
 36       79    (0)    1 :  0.005 0.976 0.019     (0.000,0.025) (0.842,1.000) (0.000,0.140) 
 37       84    (0)    1 :  0.953 0.034 0.012     (0.701,1.000) (0.000,0.258) (0.000,0.072) 
 38       85    (0)    1 :  0.953 0.015 0.032     (0.707,1.000) (0.000,0.097) (0.000,0.206) 
 39       86    (0)    1 :  0.896 0.035 0.070     (0.449,1.000) (0.000,0.262) (0.000,0.471) 
 40       89    (0)    1 :  0.899 0.057 0.044     (0.424,1.000) (0.000,0.407) (0.000,0.307) 
 41       94    (0)    1 :  0.846 0.006 0.147     (0.000,1.000) (0.000,0.032) (0.000,1.000) 
 42       95    (0)    1 :  0.833 0.020 0.147     (0.000,1.000) (0.000,0.141) (0.000,1.000) 
 43       96    (0)    1 :  0.988 0.007 0.006     (0.925,1.000) (0.000,0.036) (0.000,0.030) 
 44       98    (0)    1 :  0.009 0.981 0.010     (0.000,0.049) (0.885,1.000) (0.000,0.052) 
 45      102    (0)    1 :  0.020 0.018 0.962     (0.000,0.136) (0.000,0.132) (0.762,1.000) 
 46      105    (0)    1 :  0.008 0.976 0.016     (0.000,0.042) (0.847,1.000) (0.000,0.110) 
 47      106    (0)    1 :  0.053 0.908 0.039     (0.000,0.282) (0.578,1.000) (0.000,0.265) 
 48      108    (0)    1 :  0.013 0.935 0.052     (0.000,0.080) (0.611,1.000) (0.000,0.359) 
 49      109    (0)    1 :  0.026 0.964 0.010     (0.000,0.192) (0.769,1.000) (0.000,0.048) 
 50      112    (0)    1 :  0.345 0.552 0.103     (0.000,1.000) (0.000,1.000) (0.000,0.854) 
 51      115    (0)    1 :  0.034 0.030 0.936     (0.000,0.242) (0.000,0.206) (0.592,1.000) 
 52      116    (0)    1 :  0.955 0.014 0.031     (0.723,1.000) (0.000,0.089) (0.000,0.207) 
 53      117    (0)    1 :  0.976 0.016 0.008     (0.850,1.000) (0.000,0.098) (0.000,0.042) 
 54      129    (0)    1 :  0.990 0.004 0.006     (0.941,1.000) (0.000,0.022) (0.000,0.030) 
 55      132    (0)    1 :  0.056 0.579 0.365     (0.000,0.410) (0.000,1.000) (0.000,1.000) 
 56      133    (0)    1 :  0.006 0.987 0.007     (0.000,0.033) (0.918,1.000) (0.000,0.037) 
 57      137    (6)    1 :  0.018 0.969 0.012     (0.000,0.114) (0.805,1.000) (0.000,0.069) 
 58      139    (0)    1 :  0.021 0.919 0.060     (0.000,0.148) (0.530,1.000) (0.000,0.419) 
 59      140    (0)    1 :  0.009 0.983 0.007     (0.000,0.050) (0.898,1.000) (0.000,0.038) 
 60      142    (0)    1 :  0.010 0.982 0.008     (0.000,0.053) (0.887,1.000) (0.000,0.045) 
 61      144    (0)    1 :  0.005 0.988 0.007     (0.000,0.026) (0.927,1.000) (0.000,0.036) 
 62      145    (0)    1 :  0.009 0.984 0.007     (0.000,0.045) (0.902,1.000) (0.000,0.040) 
 63      147    (0)    1 :  0.006 0.987 0.007     (0.000,0.035) (0.916,1.000) (0.000,0.041) 
 64      160    (0)    1 :  0.965 0.007 0.028     (0.833,1.000) (0.000,0.037) (0.000,0.119) 
 65     162*    (0)    1 :  0.986 0.007 0.006     (0.917,1.000) (0.000,0.041) (0.000,0.031) 
 66      166    (0)    1 :  0.009 0.983 0.008     (0.000,0.048) (0.898,1.000) (0.000,0.042) 
 67      177    (0)    1 :  0.009 0.981 0.010     (0.000,0.051) (0.884,1.000) (0.000,0.056) 
 68      178    (0)    1 :  0.013 0.978 0.010     (0.000,0.080) (0.859,1.000) (0.000,0.049) 
 69      186    (0)    1 :  0.983 0.008 0.009     (0.894,1.000) (0.000,0.042) (0.000,0.054) 
 70      189    (0)    1 :  0.984 0.007 0.009     (0.906,1.000) (0.000,0.036) (0.000,0.046) 
 71      190    (0)    1 :  0.982 0.008 0.011     (0.887,1.000) (0.000,0.042) (0.000,0.058) 
 72      191    (0)    1 :  0.976 0.016 0.008     (0.846,1.000) (0.000,0.105) (0.000,0.039) 
 73      193    (0)    1 :  0.045 0.943 0.012     (0.000,0.298) (0.648,1.000) (0.000,0.061) 
 74      202    (0)    1 :  0.794 0.026 0.180     (0.000,1.000) (0.000,0.180) (0.000,0.987) 
 75      204    (0)    1 :  0.993 0.003 0.004     (0.955,1.000) (0.000,0.017) (0.000,0.021) 
 76      211    (0)    1 :  0.026 0.944 0.030     (0.000,0.191) (0.660,1.000) (0.000,0.171) 
 77      216    (0)    1 :  0.006 0.989 0.005     (0.000,0.031) (0.933,1.000) (0.000,0.027) 
 78      222    (0)    1 :  0.011 0.939 0.050     (0.000,0.058) (0.603,1.000) (0.000,0.358) 
 79      224    (0)    1 :  0.975 0.011 0.014     (0.843,1.000) (0.000,0.063) (0.000,0.079) 
 80      226    (0)    1 :  0.802 0.014 0.185     (0.000,1.000) (0.000,0.087) (0.000,1.000) 
 81      229    (0)    1 :  0.901 0.031 0.068     (0.467,1.000) (0.000,0.227) (0.000,0.456) 
 82      230    (0)    1 :  0.958 0.023 0.019     (0.769,1.000) (0.000,0.153) (0.000,0.110) 
 83      232    (0)    1 :  0.933 0.052 0.015     (0.583,1.000) (0.000,0.367) (0.000,0.077) 
 84      238    (0)    1 :  0.022 0.119 0.859     (0.000,0.158) (0.000,0.631) (0.333,1.000) 
 85      242    (0)    1 :  0.005 0.005 0.989     (0.000,0.029) (0.000,0.029) (0.934,1.000) 
 86      243    (0)    1 :  0.020 0.070 0.910     (0.000,0.136) (0.000,0.450) (0.516,1.000) 
 87      244    (0)    1 :  0.011 0.046 0.943     (0.000,0.070) (0.000,0.323) (0.655,1.000) 
 88      251    (0)    1 :  0.042 0.044 0.914     (0.000,0.319) (0.000,0.326) (0.510,1.000) 
 89      266    (0)    1 :  0.014 0.635 0.351     (0.000,0.084) (0.000,1.000) (0.000,1.000) 
 90      267    (0)    1 :  0.059 0.917 0.024     (0.000,0.380) (0.565,1.000) (0.000,0.173) 
 91      268    (0)    1 :  0.007 0.985 0.008     (0.000,0.039) (0.906,1.000) (0.000,0.045) 
 92      270    (0)    1 :  0.978 0.009 0.013     (0.863,1.000) (0.000,0.052) (0.000,0.072) 
 93      276    (0)    1 :  0.945 0.042 0.013     (0.635,1.000) (0.000,0.322) (0.000,0.073) 
 94      298    (6)    1 :  0.007 0.985 0.008     (0.000,0.039) (0.906,1.000) (0.000,0.042) 
 95      306    (0)    1 :  0.005 0.980 0.014     (0.000,0.029) (0.895,1.000) (0.000,0.066) 
 96      308    (0)    1 :  0.009 0.975 0.016     (0.000,0.050) (0.844,1.000) (0.000,0.097) 
 97      311    (6)    1 :  0.021 0.740 0.239     (0.000,0.135) (0.000,1.000) (0.000,1.000) 
 98      323    (0)    1 :  0.881 0.013 0.105     (0.000,1.000) (0.000,0.079) (0.000,0.999) 
 99      327    (0)    1 :  0.981 0.008 0.011     (0.883,1.000) (0.000,0.044) (0.000,0.060) 
100      334    (0)    1 :  0.006 0.015 0.980     (0.000,0.031) (0.000,0.099) (0.868,1.000) 
101      338    (0)    1 :  0.017 0.968 0.015     (0.000,0.104) (0.804,1.000) (0.000,0.075) 
102      341    (0)    1 :  0.833 0.040 0.127     (0.000,1.000) (0.000,0.287) (0.000,0.995) 
103      346    (0)    1 :  0.017 0.972 0.011     (0.000,0.103) (0.826,1.000) (0.000,0.053) 
104      348    (0)    1 :  0.006 0.981 0.012     (0.000,0.035) (0.884,1.000) (0.000,0.071) 
105      351    (0)    1 :  0.016 0.027 0.957     (0.000,0.104) (0.000,0.174) (0.722,1.000) 
106      362    (0)    1 :  0.989 0.005 0.006     (0.935,1.000) (0.000,0.027) (0.000,0.028) 
107      364    (0)    1 :  0.007 0.015 0.978     (0.000,0.039) (0.000,0.099) (0.859,1.000) 
108      366    (0)    1 :  0.028 0.023 0.949     (0.000,0.207) (0.000,0.155) (0.677,1.000) 
109      376    (0)    1 :  0.978 0.012 0.010     (0.859,1.000) (0.000,0.073) (0.000,0.056) 
110      377    (6)    1 :  0.712 0.256 0.032     (0.000,1.000) (0.000,0.997) (0.000,0.201) 
111      378    (0)    1 :  0.962 0.030 0.008     (0.766,1.000) (0.000,0.197) (0.000,0.037) 
112      388    (0)    1 :  0.017 0.964 0.019     (0.000,0.109) (0.771,1.000) (0.000,0.120) 
113      391    (0)    1 :  0.430 0.524 0.046     (0.000,1.000) (0.000,1.000) (0.000,0.319) 
114      401    (0)    1 :  0.504 0.088 0.408     (0.000,1.000) (0.000,0.503) (0.000,1.000) 
115      406    (0)    1 :  0.033 0.918 0.049     (0.000,0.226) (0.472,1.000) (0.000,0.328) 
116      412    (6)    1 :  0.036 0.947 0.017     (0.000,0.252) (0.662,1.000) (0.000,0.087) 
117      413    (0)    1 :  0.009 0.943 0.048     (0.000,0.050) (0.656,1.000) (0.000,0.318) 
118      421    (0)    1 :  0.842 0.116 0.042     (0.360,1.000) (0.000,0.583) (0.000,0.317) 
119      423    (0)    1 :  0.769 0.090 0.141     (0.000,1.000) (0.000,0.581) (0.000,0.995) 
120      424    (0)    1 :  0.040 0.925 0.035     (0.000,0.250) (0.524,1.000) (0.000,0.232) 
121      426    (0)    1 :  0.951 0.034 0.015     (0.680,1.000) (0.000,0.248) (0.000,0.090) 
122      430   (12)    1 :  0.025 0.967 0.008     (0.000,0.156) (0.800,1.000) (0.000,0.045) 
123      435    (0)    1 :  0.006 0.989 0.004     (0.000,0.035) (0.935,1.000) (0.000,0.023) 
124      476    (0)    1 :  0.956 0.009 0.034     (0.732,1.000) (0.000,0.055) (0.000,0.237) 
125      478    (0)    1 :  0.984 0.006 0.010     (0.898,1.000) (0.000,0.035) (0.000,0.052) 
126      484    (0)    1 :  0.007 0.987 0.006     (0.000,0.038) (0.919,1.000) (0.000,0.033) 
127      489    (0)    1 :  0.439 0.534 0.027     (0.000,1.000) (0.000,1.000) (0.000,0.159) 
128      492   (18)    1 :  0.008 0.021 0.971     (0.000,0.039) (0.000,0.146) (0.816,1.000) 
129      493    (0)    1 :  0.010 0.008 0.983     (0.000,0.056) (0.000,0.044) (0.891,1.000) 
130      494    (0)    1 :  0.022 0.007 0.971     (0.000,0.151) (0.000,0.038) (0.814,1.000) 
131      500    (0)    1 :  0.989 0.004 0.007     (0.939,1.000) (0.000,0.019) (0.000,0.033) 
132      504    (0)    1 :  0.057 0.885 0.058     (0.000,0.363) (0.501,1.000) (0.000,0.365) 
133      506    (0)    1 :  0.107 0.883 0.010     (0.000,0.524) (0.465,1.000) (0.000,0.049) 


Estimated Allele Frequencies in each cluster
First column gives estimated ancestral frequencies


Locus 1 : Rsu3 
3 alleles
0.0% missing data
 164   (0.521) 0.590 0.483 0.541 
 166   (0.236) 0.142 0.394 0.210 
 170   (0.243) 0.268 0.123 0.249 

Locus 2 : Rsu5 
5 alleles
0.0% missing data
 137   (0.676) 0.950 0.702 0.662 
 135   (0.103) 0.019 0.053 0.100 
 139   (0.150) 0.028 0.039 0.198 
 133   (0.029) 0.001 0.002 0.022 
 131   (0.042) 0.002 0.204 0.017 

Locus 3 : Scv1 
5 alleles
0.0% missing data
 181   (0.545) 0.763 0.351 0.618 
 179   (0.198) 0.091 0.213 0.198 
 177   (0.100) 0.036 0.195 0.069 
 185   (0.123) 0.109 0.239 0.079 
 171   (0.034) 0.002 0.002 0.036 

Locus 4 : Rsu4 
9 alleles
0.0% missing data
 267   (0.230) 0.191 0.083 0.290 
 263   (0.290) 0.446 0.445 0.266 
 259   (0.037) 0.192 0.002 0.016 
 287   (0.159) 0.138 0.208 0.134 
 275   (0.056) 0.003 0.007 0.085 
 279   (0.090) 0.009 0.080 0.095 
 283   (0.062) 0.003 0.169 0.047 
 291   (0.042) 0.016 0.003 0.032 
 271   (0.033) 0.002 0.002 0.035 

Locus 5 : Rsu6 
5 alleles
0.0% missing data
 120   (0.248) 0.325 0.224 0.222 
 126   (0.603) 0.506 0.766 0.636 
 124   (0.076) 0.157 0.005 0.066 
 130   (0.046) 0.002 0.003 0.064 
 114   (0.028) 0.009 0.002 0.012 

Locus 6 : Scv12 
3 alleles
1.5% missing data
 198   (0.617) 0.449 0.592 0.693 
 196   (0.218) 0.245 0.338 0.170 
 200   (0.165) 0.307 0.070 0.137 

Locus 7 : Scv23 
3 alleles
0.8% missing data
 158   (0.483) 0.556 0.625 0.468 
 164   (0.244) 0.187 0.124 0.267 
 160   (0.273) 0.256 0.251 0.265 

Locus 8 : Scv13 
5 alleles
0.0% missing data
 182   (0.694) 0.889 0.815 0.691 
 180   (0.094) 0.090 0.006 0.105 
 172   (0.075) 0.004 0.124 0.064 
 184   (0.085) 0.014 0.012 0.103 
 174   (0.052) 0.003 0.044 0.038 

Locus 9 : Scv32 
18 alleles
0.8% missing data
 236   (0.048) 0.002 0.003 0.100 
 238   (0.044) 0.002 0.091 0.034 
 234   (0.096) 0.150 0.371 0.067 
 246   (0.043) 0.181 0.010 0.022 
 248   (0.109) 0.154 0.028 0.142 
 262   (0.089) 0.158 0.067 0.075 
 232   (0.195) 0.120 0.196 0.290 
 250   (0.036) 0.070 0.008 0.019 
 228   (0.030) 0.002 0.002 0.035 
 220   (0.033) 0.118 0.002 0.018 
 264   (0.060) 0.014 0.042 0.053 
 252   (0.040) 0.009 0.058 0.018 
 254   (0.040) 0.002 0.067 0.028 
 242   (0.029) 0.001 0.002 0.035 
 266   (0.028) 0.001 0.027 0.014 
 244   (0.032) 0.006 0.023 0.016 
 226   (0.024) 0.007 0.002 0.013 
 240   (0.023) 0.001 0.002 0.021 

Locus 10 : Scv8 
6 alleles
0.8% missing data
 200   (0.615) 0.768 0.604 0.662 
 202   (0.101) 0.005 0.075 0.128 
 194   (0.086) 0.101 0.075 0.048 
 204   (0.050) 0.051 0.003 0.036 
 198   (0.088) 0.072 0.011 0.087 
 188   (0.061) 0.003 0.231 0.039 

Locus 11 : Scv9 
5 alleles
0.0% missing data
 198   (0.284) 0.314 0.460 0.258 
 200   (0.371) 0.445 0.176 0.442 
 196   (0.257) 0.194 0.312 0.255 
 204   (0.062) 0.046 0.042 0.033 
 202   (0.027) 0.001 0.010 0.011 

Locus 12 : Rsu1 
6 alleles
0.0% missing data
 189   (0.355) 0.188 0.211 0.463 
 185   (0.237) 0.187 0.485 0.208 
 177   (0.083) 0.069 0.037 0.057 
 181   (0.246) 0.292 0.261 0.229 
 193   (0.037) 0.157 0.002 0.016 
 197   (0.043) 0.107 0.003 0.026 

Locus 13 : Scv14 
7 alleles
4.5% missing data
 196   (0.466) 0.849 0.620 0.442 
 198   (0.091) 0.005 0.091 0.104 
 194   (0.159) 0.057 0.094 0.176 
 202   (0.203) 0.078 0.185 0.225 
 204   (0.027) 0.002 0.002 0.022 
 190   (0.027) 0.008 0.002 0.014 
 200   (0.028) 0.002 0.006 0.017 

Locus 14 : Scv16 
7 alleles
0.0% missing data
 182   (0.357) 0.516 0.495 0.328 
 184   (0.436) 0.405 0.392 0.497 
 188   (0.087) 0.073 0.006 0.103 
 200   (0.027) 0.001 0.002 0.022 
 198   (0.035) 0.002 0.066 0.014 
 190   (0.032) 0.002 0.038 0.013 
 186   (0.027) 0.001 0.002 0.021 

Locus 15 : Scv31 
15 alleles
3.0% missing data
 193   (0.126) 0.154 0.149 0.114 
 201   (0.116) 0.056 0.026 0.166 
 187   (0.064) 0.237 0.049 0.034 
 207   (0.033) 0.140 0.002 0.016 
 195   (0.057) 0.061 0.101 0.027 
 185   (0.147) 0.079 0.305 0.150 
 189   (0.089) 0.035 0.006 0.157 
 205   (0.024) 0.001 0.002 0.021 
 191   (0.116) 0.188 0.256 0.083 
 197   (0.041) 0.014 0.056 0.018 
 199   (0.056) 0.003 0.041 0.058 
 203   (0.035) 0.002 0.002 0.048 
 209   (0.030) 0.002 0.002 0.035 
 213   (0.038) 0.002 0.003 0.061 
 181   (0.028) 0.027 0.002 0.012 

Locus 16 : Scv6 
8 alleles
0.0% missing data
 191   (0.138) 0.139 0.015 0.180 
 195   (0.340) 0.520 0.454 0.317 
 197   (0.168) 0.295 0.237 0.124 
 201   (0.099) 0.006 0.055 0.136 
 205   (0.033) 0.002 0.002 0.036 
 193   (0.093) 0.006 0.128 0.099 
 199   (0.095) 0.031 0.106 0.072 
 181   (0.034) 0.002 0.002 0.036 

Values of parameters used in structure:
DATAFILE=M:\STRUCTURE\Squirrel_133_ID_16L_20250816\project_data,	OUTFILE=M:\STRUCTURE\Squirrel_133_ID_16L_20250816\10k_Burnin_100k_MCMC\Results\10k_Burnin_100k_MCMC_run_73,	NUMINDS=133,	NUMLOCI=16,	MISSING=-9,	LABEL=1,	POPDATA=1,	POPFLAG=0,	PHENOTYPE=0,	EXTRACOLS=1,	MAXPOPS=3,	BURNIN=10000,	NUMREPS=100000,	USEPOPINFO=0,	INFERALPHA=1,	INFERLAMBDA=1,	POPSPECIFICLAMBDA=0,	POPALPHAS=0,	COMPUTEPROB=1,	NOADMIX=0,	ADMBURNIN=2500,	UPDATEFREQ=1,	PRINTLIKES=0,	INTERMEDSAVE=0,	PRINTKLD=0,	PRINTNET=0,	PRINTLAMBDA=0,	ANCESTDIST=1,	NUMBOXES=1000,	ANCESTPINT=0.90000,	GENSBACK=2,	MIGRPRIOR=0.05000,	PRINTQHAT=1,	PRINTQSUM=0,	ALPHA=1.0000,	FREQSCORR=1,	FPRIORMEAN=0.0100,	FPRIORSD=0.0500,	ONEFST=0,	LAMBDA=1.0000,	UNIFPRIORALPHA=1,	ALPHAMAX=10.0000,	ALPHAPRIORA=1.0000,	ALPHAPRIORB=2.0000,	ALPHAPROPSD=0.0250,	STARTATPOPINFO=0,	RANDOMIZE=1,	LINKAGE=0,	METROFREQ=10,	REPORTHITRATE=0,	MARKOVPHASE=-1,	PHASED=0,	PLOIDY=2,	PHASEINFO=0	LOCPRIOR=0, 	LOCPRIORINIT=1.000000, 	LOCDATA=0, 	LOCISPOP=0, 	LOCPRIORSTEP=0.100000, 	MAXLOCPRIOR=20.000000, 	SEED=1763666421,	
[STRAT parameters]:    NUMSIMSTATS=1000,	PHENOTYPECOL=-9,	POOLFREQ=10,	LOCUSxONLY=0,	EMERROR=0.00100,	MISSINGPHENO=-9,	