          1*  1 0.0051 0.5621 0.1586 0.1260 0.0139 0.0322 0.0145 0.0075 0.0708 0.0094 
           3  1 0.0044 0.0057 0.0046 0.0065 0.9492 0.0056 0.0066 0.0060 0.0055 0.0057 
           6  1 0.0127 0.0052 0.0069 0.0270 0.8735 0.0129 0.0169 0.0124 0.0098 0.0226 
           8  1 0.0035 0.0134 0.0095 0.0053 0.0059 0.0262 0.0146 0.1867 0.0141 0.7207 
          10  1 0.0050 0.0063 0.0063 0.0041 0.0072 0.8128 0.0034 0.0048 0.0069 0.1432 
          11  1 0.0321 0.1302 0.0230 0.0348 0.0277 0.0142 0.0095 0.0648 0.6430 0.0206 
          12  1 0.0041 0.0042 0.0035 0.0087 0.0053 0.9499 0.0050 0.0057 0.0053 0.0083 
          16  1 0.0054 0.0058 0.0046 0.0063 0.9337 0.0095 0.0051 0.0080 0.0070 0.0147 
          18  1 0.0039 0.9473 0.0040 0.0045 0.0070 0.0050 0.0049 0.0086 0.0077 0.0071 
          19  1 0.0504 0.1200 0.0062 0.0090 0.0130 0.0087 0.0190 0.0174 0.7358 0.0206 
          21  1 0.0077 0.0052 0.0057 0.0091 0.9134 0.0090 0.0057 0.0106 0.0089 0.0247 
          23  1 0.0202 0.0102 0.0108 0.1728 0.0111 0.6340 0.0144 0.0592 0.0455 0.0218 
          24  1 0.0281 0.0245 0.1971 0.0125 0.0155 0.3392 0.0092 0.0130 0.2315 0.1294 
          25  1 0.0056 0.0106 0.0267 0.1384 0.0384 0.6253 0.0088 0.0534 0.0561 0.0365 
         26*  1 0.0043 0.0135 0.0412 0.0084 0.1434 0.1532 0.0059 0.0116 0.0241 0.5944 
          28  1 0.0061 0.0064 0.0234 0.0124 0.0975 0.2365 0.0061 0.2261 0.0125 0.3729 
          29  1 0.0055 0.0116 0.0103 0.0052 0.0051 0.8435 0.0045 0.0076 0.0096 0.0972 
          30  1 0.0077 0.0142 0.0133 0.0195 0.1065 0.1301 0.2886 0.0185 0.0804 0.3212 
          33  1 0.0888 0.7236 0.0092 0.0138 0.0055 0.0053 0.0122 0.0048 0.1321 0.0048 
          37  1 0.0101 0.8885 0.0180 0.0097 0.0110 0.0293 0.0049 0.0085 0.0134 0.0066 
          38  1 0.0047 0.9029 0.0126 0.0041 0.0087 0.0152 0.0042 0.0084 0.0270 0.0121 
          43  1 0.0074 0.0085 0.0172 0.0118 0.0344 0.7618 0.0059 0.0403 0.0141 0.0988 
          44  1 0.0050 0.0091 0.0048 0.0090 0.2916 0.0072 0.0424 0.3602 0.0234 0.2474 
          48  1 0.0036 0.9494 0.0043 0.0047 0.0102 0.0053 0.0050 0.0059 0.0068 0.0049 
          55  1 0.0093 0.0097 0.0195 0.0353 0.2090 0.0094 0.0168 0.2578 0.0363 0.3969 
          59  1 0.0039 0.0061 0.0043 0.0056 0.9542 0.0038 0.0057 0.0054 0.0058 0.0052 
          60  1 0.0218 0.0146 0.2244 0.6267 0.0125 0.0494 0.0122 0.0078 0.0261 0.0045 
          61  1 0.5126 0.0079 0.0320 0.2682 0.0167 0.0077 0.0623 0.0638 0.0209 0.0078 
          62  1 0.1247 0.0190 0.0164 0.2949 0.0135 0.0543 0.0195 0.4005 0.0490 0.0082 
          65  1 0.0154 0.7190 0.0189 0.0167 0.0051 0.0066 0.0294 0.0079 0.1721 0.0087 
          73  1 0.0050 0.0059 0.0177 0.0285 0.0057 0.1010 0.7983 0.0195 0.0110 0.0073 
          75  1 0.8951 0.0105 0.0057 0.0051 0.0082 0.0043 0.0390 0.0057 0.0183 0.0080 
          76  1 0.9243 0.0043 0.0029 0.0264 0.0055 0.0104 0.0053 0.0093 0.0072 0.0043 
          77  1 0.8569 0.0060 0.0183 0.0791 0.0060 0.0086 0.0038 0.0081 0.0088 0.0043 
          78  1 0.2897 0.0144 0.0085 0.0430 0.0065 0.0140 0.5481 0.0273 0.0389 0.0095 
          79  1 0.7674 0.0108 0.0100 0.0572 0.0048 0.0047 0.0749 0.0148 0.0487 0.0067 
          84  1 0.0133 0.0083 0.0599 0.0741 0.5482 0.0791 0.0143 0.0812 0.0403 0.0813 
          85  1 0.0066 0.0101 0.0122 0.0115 0.0115 0.0071 0.0131 0.3981 0.0419 0.4880 
          86  1 0.0102 0.0083 0.0209 0.0120 0.0064 0.0122 0.0185 0.2166 0.1950 0.4999 
          89  1 0.0221 0.0163 0.0293 0.0748 0.4786 0.1906 0.0088 0.1098 0.0574 0.0124 
          94  1 0.0056 0.0388 0.0050 0.0072 0.0128 0.8917 0.0045 0.0138 0.0097 0.0110 
          95  1 0.0057 0.0123 0.0052 0.0105 0.9271 0.0048 0.0086 0.0074 0.0078 0.0108 
          96  1 0.0061 0.0042 0.0039 0.0058 0.0039 0.0074 0.0049 0.0093 0.0051 0.9494 
          98  1 0.0303 0.0053 0.0306 0.6688 0.0062 0.0102 0.2020 0.0182 0.0227 0.0056 
         102  1 0.0098 0.3009 0.0180 0.0152 0.0300 0.0202 0.0092 0.0093 0.5820 0.0053 
         105  1 0.0036 0.0071 0.0045 0.0044 0.0046 0.0044 0.9576 0.0048 0.0052 0.0038 
         106  1 0.3265 0.0165 0.0156 0.0308 0.0631 0.0042 0.0857 0.1249 0.3233 0.0094 
         108  1 0.0264 0.0455 0.0205 0.0245 0.0066 0.0077 0.8173 0.0086 0.0351 0.0078 
         109  1 0.0362 0.0079 0.0104 0.1099 0.0107 0.0066 0.7149 0.0125 0.0655 0.0254 
         112  1 0.1288 0.0184 0.0101 0.2044 0.0100 0.0405 0.0097 0.2816 0.2226 0.0738 
         115  1 0.0166 0.1559 0.0294 0.0373 0.0148 0.0543 0.0237 0.0149 0.6468 0.0065 
         116  1 0.0052 0.0183 0.0068 0.0070 0.0110 0.0126 0.0166 0.3815 0.0369 0.5039 
         117  1 0.0247 0.0125 0.0092 0.0454 0.2997 0.3150 0.0156 0.0161 0.0283 0.2335 
         129  1 0.0038 0.0073 0.0060 0.0054 0.0802 0.0086 0.0049 0.0249 0.0086 0.8502 
         132  1 0.0112 0.0274 0.2819 0.4631 0.0207 0.1257 0.0111 0.0112 0.0414 0.0064 
         133  1 0.0439 0.0047 0.0309 0.6769 0.0071 0.0072 0.1965 0.0141 0.0148 0.0038 
         137  1 0.5564 0.0115 0.0218 0.3159 0.0147 0.0168 0.0116 0.0187 0.0242 0.0083 
         139  1 0.9042 0.0103 0.0086 0.0055 0.0080 0.0076 0.0100 0.0082 0.0235 0.0141 
         140  1 0.0293 0.0082 0.0052 0.0622 0.0180 0.0048 0.8261 0.0187 0.0189 0.0086 
         142  1 0.5098 0.0071 0.0047 0.2139 0.0250 0.0101 0.0114 0.1952 0.0184 0.0045 
         144  1 0.0046 0.0040 0.0042 0.0064 0.0054 0.0034 0.9592 0.0049 0.0046 0.0033 
         145  1 0.0596 0.0059 0.0180 0.3699 0.0054 0.0039 0.0075 0.5206 0.0061 0.0031 
         147  1 0.0292 0.0058 0.0099 0.0095 0.0042 0.0040 0.9058 0.0143 0.0109 0.0064 
         160  1 0.0053 0.0077 0.0045 0.0054 0.0087 0.9457 0.0038 0.0056 0.0057 0.0075 
        162*  1 0.0057 0.0042 0.0040 0.0056 0.0038 0.0088 0.0048 0.0095 0.0055 0.9481 
         166  1 0.0372 0.0056 0.2130 0.6326 0.0286 0.0056 0.0511 0.0076 0.0120 0.0067 
         177  1 0.9639 0.0036 0.0030 0.0046 0.0035 0.0040 0.0033 0.0045 0.0050 0.0046 
         178  1 0.7631 0.0079 0.0267 0.0598 0.0083 0.0385 0.0373 0.0118 0.0340 0.0126 
         186  1 0.0041 0.0043 0.0031 0.0050 0.9602 0.0058 0.0039 0.0045 0.0044 0.0048 
         189  1 0.0073 0.0070 0.0043 0.0051 0.0070 0.0128 0.0035 0.4398 0.0068 0.5063 
         190  1 0.0149 0.0139 0.0465 0.0307 0.0392 0.0709 0.0090 0.0324 0.0292 0.7132 
         191  1 0.0168 0.0083 0.0049 0.0146 0.3946 0.0172 0.0269 0.3615 0.0257 0.1295 
         193  1 0.0502 0.0109 0.0170 0.3498 0.0273 0.0121 0.0090 0.5060 0.0112 0.0065 
         202  1 0.0067 0.0171 0.0220 0.0282 0.0071 0.3014 0.0074 0.0241 0.3555 0.2306 
         204  1 0.0034 0.0040 0.0030 0.0036 0.0446 0.0066 0.0042 0.0069 0.0050 0.9188 
         211  1 0.0373 0.0169 0.1684 0.3488 0.0095 0.1804 0.1107 0.0176 0.0940 0.0164 
         216  1 0.0263 0.0048 0.0832 0.2374 0.0048 0.0140 0.5995 0.0097 0.0161 0.0042 
         222  1 0.0114 0.0316 0.0124 0.0176 0.0072 0.0052 0.5565 0.2872 0.0629 0.0080 
         224  1 0.0061 0.0098 0.0049 0.0059 0.0148 0.0118 0.0099 0.4824 0.0160 0.4384 
         226  1 0.0046 0.0072 0.0040 0.0076 0.9440 0.0038 0.0038 0.0043 0.0141 0.0065 
         229  1 0.0185 0.0127 0.1118 0.0528 0.0077 0.0816 0.0288 0.0412 0.0889 0.5561 
         230  1 0.0496 0.0116 0.0051 0.0098 0.0131 0.0254 0.0137 0.0228 0.0536 0.7952 
         232  1 0.0407 0.0145 0.0078 0.1104 0.0498 0.4246 0.0202 0.1283 0.1287 0.0749 
         238  1 0.0481 0.1533 0.0084 0.0299 0.0055 0.0072 0.0137 0.0172 0.6824 0.0344 
         242  1 0.0042 0.8796 0.0467 0.0101 0.0063 0.0044 0.0098 0.0079 0.0263 0.0048 
         243  1 0.0227 0.3833 0.0072 0.1067 0.0223 0.0094 0.0292 0.0113 0.4011 0.0068 
         244  1 0.1360 0.1690 0.0166 0.0131 0.0061 0.0087 0.0061 0.0093 0.6268 0.0083 
         251  1 0.0152 0.0803 0.0247 0.0348 0.0076 0.0655 0.0098 0.0414 0.7045 0.0161 
         266  1 0.3364 0.0407 0.0461 0.0732 0.0081 0.0072 0.0108 0.0077 0.4527 0.0171 
         267  1 0.0138 0.0187 0.0213 0.1007 0.0282 0.0100 0.6711 0.0112 0.0493 0.0757 
         268  1 0.3138 0.0061 0.0875 0.3074 0.0065 0.0413 0.2040 0.0062 0.0230 0.0042 
         270  1 0.0074 0.0240 0.0115 0.0113 0.0504 0.0241 0.0111 0.2407 0.0194 0.6003 
         276  1 0.0407 0.0118 0.0085 0.0472 0.3008 0.0361 0.0512 0.3101 0.0612 0.1323 
         298  1 0.1067 0.0097 0.0335 0.0819 0.0169 0.0123 0.6979 0.0134 0.0230 0.0047 
         306  1 0.0113 0.0112 0.1331 0.6042 0.0076 0.0065 0.0194 0.1715 0.0306 0.0046 
         308  1 0.3202 0.0321 0.0164 0.1199 0.0062 0.0675 0.1944 0.1355 0.1002 0.0076 
         311  1 0.0090 0.0476 0.0137 0.2361 0.0076 0.0127 0.1185 0.1775 0.3572 0.0201 
         323  1 0.0044 0.0082 0.0045 0.0048 0.9509 0.0040 0.0053 0.0057 0.0055 0.0067 
         327  1 0.0069 0.0154 0.0402 0.0251 0.0173 0.2580 0.0101 0.0477 0.0584 0.5208 
         334  1 0.0036 0.0075 0.9559 0.0045 0.0032 0.0043 0.0061 0.0045 0.0061 0.0044 
         338  1 0.0172 0.0103 0.0182 0.2539 0.0162 0.0249 0.3396 0.1723 0.1354 0.0119 
         341  1 0.0059 0.0117 0.0071 0.0179 0.9242 0.0055 0.0048 0.0068 0.0095 0.0066 
         346  1 0.4846 0.0072 0.0183 0.3978 0.0110 0.0362 0.0071 0.0132 0.0158 0.0087 
         348  1 0.2046 0.0163 0.0101 0.0476 0.0074 0.0070 0.5922 0.0577 0.0492 0.0079 
         351  1 0.0151 0.1238 0.3915 0.2329 0.0205 0.0309 0.0069 0.0152 0.1561 0.0070 
         362  1 0.0051 0.0060 0.0037 0.0061 0.0245 0.0206 0.0057 0.0071 0.0072 0.9141 
         364  1 0.0098 0.8046 0.0502 0.0461 0.0102 0.0118 0.0090 0.0133 0.0405 0.0045 
         366  1 0.0134 0.7338 0.0064 0.0249 0.0103 0.0114 0.0305 0.0076 0.1227 0.0389 
         376  1 0.0165 0.0063 0.0062 0.0286 0.8542 0.0257 0.0060 0.0272 0.0132 0.0162 
         377  1 0.0085 0.0113 0.0055 0.0459 0.0215 0.2147 0.0354 0.4834 0.0715 0.1023 
         378  1 0.0115 0.0039 0.0050 0.0150 0.0091 0.9238 0.0075 0.0112 0.0067 0.0062 
         388  1 0.0111 0.0136 0.0617 0.2348 0.0097 0.0238 0.5801 0.0241 0.0309 0.0102 
         391  1 0.0085 0.0111 0.0075 0.1793 0.4017 0.2007 0.0195 0.0778 0.0877 0.0061 
         401  1 0.1109 0.0558 0.0142 0.0432 0.0507 0.0101 0.0069 0.0233 0.4200 0.2649 
         406  1 0.0226 0.0281 0.0157 0.4676 0.0904 0.0159 0.1670 0.0783 0.1039 0.0105 
         412  1 0.0145 0.0133 0.0081 0.5546 0.0196 0.0246 0.1042 0.1910 0.0525 0.0177 
         413  1 0.0536 0.0234 0.1523 0.2947 0.0035 0.0047 0.0129 0.4236 0.0231 0.0083 
         421  1 0.0167 0.0121 0.0119 0.0337 0.0180 0.0108 0.0150 0.5909 0.0600 0.2309 
         423  1 0.0061 0.0236 0.0073 0.0093 0.0148 0.0104 0.0241 0.6338 0.0395 0.2311 
         424  1 0.0128 0.0298 0.0175 0.4601 0.1631 0.0273 0.0215 0.2161 0.0437 0.0081 
         426  1 0.0159 0.0171 0.0088 0.0344 0.0212 0.7969 0.0124 0.0362 0.0298 0.0273 
         430  1 0.0504 0.0076 0.0972 0.5270 0.0402 0.0166 0.0267 0.2010 0.0218 0.0115 
         435  1 0.4085 0.0039 0.0063 0.2358 0.0041 0.0109 0.0330 0.2846 0.0090 0.0038 
         476  1 0.0222 0.0251 0.0077 0.0142 0.7442 0.0150 0.0064 0.0283 0.0531 0.0837 
         478  1 0.0052 0.0211 0.0077 0.0123 0.6368 0.0175 0.0076 0.1675 0.0220 0.1024 
         484  1 0.0276 0.0053 0.0143 0.2585 0.0156 0.0100 0.6401 0.0098 0.0127 0.0062 
         489  1 0.0076 0.0073 0.0120 0.0733 0.0094 0.3018 0.0472 0.5113 0.0171 0.0131 
         492  1 0.0037 0.0046 0.9630 0.0053 0.0034 0.0036 0.0046 0.0042 0.0043 0.0034 
         493  1 0.0073 0.9011 0.0041 0.0114 0.0083 0.0104 0.0056 0.0096 0.0260 0.0161 
         494  1 0.0077 0.7087 0.0118 0.0061 0.0125 0.0244 0.0059 0.0246 0.1847 0.0135 
         500  1 0.0039 0.0076 0.0025 0.0041 0.0163 0.0073 0.0035 0.0228 0.0142 0.9179 
         504  1 0.0123 0.0154 0.0465 0.0789 0.0082 0.0451 0.6928 0.0141 0.0474 0.0393 
         506  1 0.0039 0.0055 0.0035 0.0081 0.0085 0.0081 0.8549 0.0062 0.0074 0.0940 
