

----------------------------------------------------
STRUCTURE by Pritchard, Stephens and Donnelly (2000)
     and Falush, Stephens and Pritchard (2003)
       Code by Pritchard, Falush and Hubisz
             Version 2.3.4 (Jul 2012)
----------------------------------------------------



Command line arguments:   bin\structure -m M:\STRUCTURE\Squirrel_133_ID_16L_20250816\10k_Burnin_100k_MCMC\mainparams -e M:\STRUCTURE\Squirrel_133_ID_16L_20250816\10k_Burnin_100k_MCMC\extraparams 
Input File:    M:\STRUCTURE\Squirrel_133_ID_16L_20250816\project_data

Run parameters:
   133 individuals
   16 loci
   4 populations assumed
   10000 Burn-in period
   100000 Reps


--------------------------------------------
Proportion of membership of each pre-defined
 population in each of the 4 clusters

Given    Inferred Clusters              Number of
 Pop       1      2      3      4      Individuals

  1:     0.371  0.155  0.283  0.191      133
--------------------------------------------

Allele-freq. divergence among pops (Net nucleotide distance),
computed using point estimates of P.

      1       2       3       4      
 1      -    0.0698  0.0530  0.0395  
 2   0.0698     -    0.0616  0.0527  
 3   0.0530  0.0616     -    0.0476  
 4   0.0395  0.0527  0.0476     -    

Average distances (expected heterozygosity) between individuals in same cluster:
cluster  1  : 0.6009 
cluster  2  : 0.4861 
cluster  3  : 0.5507 
cluster  4  : 0.6484 

--------------------------------------------
Estimated Ln Prob of Data   = -4902.9
Mean value of ln likelihood = -4767.4
Variance of ln likelihood   = 270.9
Mean value of alpha         = 0.0433

Mean value of lambda        = 1.0422

Mean value of Fst_1         = 0.1283
Mean value of Fst_2         = 0.2548
Mean value of Fst_3         = 0.1563
Mean value of Fst_4         = 0.0386


Inferred ancestry of individuals:
        Label (%Miss) Pop:  Inferred clusters (and 90% probability intervals)
  1       1*    (0)    1 :  0.021 0.013 0.013 0.953     (0.000,0.144) (0.000,0.084) (0.000,0.081) (0.730,1.000) 
  2        3    (0)    1 :  0.006 0.982 0.006 0.006     (0.000,0.033) (0.897,1.000) (0.000,0.031) (0.000,0.031) 
  3        6    (0)    1 :  0.020 0.957 0.016 0.006     (0.000,0.143) (0.745,1.000) (0.000,0.100) (0.000,0.032) 
  4        8    (0)    1 :  0.005 0.046 0.940 0.008     (0.000,0.029) (0.000,0.181) (0.714,1.000) (0.000,0.046) 
  5       10    (0)    1 :  0.005 0.008 0.980 0.007     (0.000,0.026) (0.000,0.036) (0.894,1.000) (0.000,0.033) 
  6       11    (0)    1 :  0.045 0.045 0.067 0.843     (0.000,0.336) (0.000,0.336) (0.000,0.437) (0.144,1.000) 
  7       12    (0)    1 :  0.012 0.009 0.970 0.008     (0.000,0.072) (0.000,0.051) (0.824,1.000) (0.000,0.046) 
  8       16    (6)    1 :  0.006 0.974 0.013 0.007     (0.000,0.030) (0.848,1.000) (0.000,0.082) (0.000,0.036) 
  9       18    (0)    1 :  0.005 0.010 0.009 0.976     (0.000,0.029) (0.000,0.061) (0.000,0.049) (0.857,1.000) 
 10       19    (0)    1 :  0.035 0.016 0.027 0.922     (0.000,0.248) (0.000,0.101) (0.000,0.194) (0.569,1.000) 
 11       21    (6)    1 :  0.007 0.973 0.014 0.006     (0.000,0.039) (0.843,1.000) (0.000,0.088) (0.000,0.032) 
 12       23    (6)    1 :  0.240 0.026 0.716 0.018     (0.000,0.998) (0.000,0.185) (0.000,1.000) (0.000,0.115) 
 13       24    (6)    1 :  0.025 0.013 0.717 0.246     (0.000,0.181) (0.000,0.078) (0.000,1.000) (0.000,0.995) 
 14       25    (6)    1 :  0.046 0.027 0.898 0.030     (0.000,0.337) (0.000,0.195) (0.523,1.000) (0.000,0.215) 
 15      26*    (0)    1 :  0.005 0.098 0.886 0.012     (0.000,0.025) (0.000,0.631) (0.347,1.000) (0.000,0.077) 
 16       28    (0)    1 :  0.007 0.070 0.917 0.007     (0.000,0.037) (0.000,0.497) (0.486,1.000) (0.000,0.039) 
 17       29    (0)    1 :  0.005 0.006 0.981 0.008     (0.000,0.026) (0.000,0.030) (0.891,1.000) (0.000,0.044) 
 18       30    (0)    1 :  0.141 0.191 0.619 0.049     (0.000,0.673) (0.000,0.994) (0.000,1.000) (0.000,0.364) 
 19       33    (0)    1 :  0.017 0.006 0.005 0.972     (0.000,0.118) (0.000,0.035) (0.000,0.025) (0.835,1.000) 
 20       37    (0)    1 :  0.007 0.012 0.013 0.968     (0.000,0.038) (0.000,0.071) (0.000,0.081) (0.815,1.000) 
 21       38    (0)    1 :  0.004 0.010 0.018 0.968     (0.000,0.023) (0.000,0.057) (0.000,0.122) (0.810,1.000) 
 22       43    (0)    1 :  0.006 0.013 0.971 0.010     (0.000,0.033) (0.000,0.073) (0.832,1.000) (0.000,0.057) 
 23       44    (0)    1 :  0.043 0.491 0.447 0.019     (0.000,0.331) (0.030,0.999) (0.000,0.937) (0.000,0.122) 
 24       48    (0)    1 :  0.005 0.013 0.007 0.975     (0.000,0.028) (0.000,0.079) (0.000,0.040) (0.854,1.000) 
 25       55    (0)    1 :  0.028 0.343 0.612 0.017     (0.000,0.209) (0.000,1.000) (0.000,1.000) (0.000,0.114) 
 26       59    (0)    1 :  0.005 0.985 0.005 0.006     (0.000,0.025) (0.911,1.000) (0.000,0.026) (0.000,0.029) 
 27       60    (0)    1 :  0.881 0.018 0.022 0.079     (0.006,1.000) (0.000,0.118) (0.000,0.094) (0.000,0.761) 
 28       61    (0)    1 :  0.971 0.013 0.008 0.009     (0.829,1.000) (0.000,0.079) (0.000,0.042) (0.000,0.050) 
 29       62    (0)    1 :  0.948 0.011 0.020 0.021     (0.708,1.000) (0.000,0.063) (0.000,0.124) (0.000,0.117) 
 30       65    (0)    1 :  0.018 0.005 0.009 0.968     (0.000,0.125) (0.000,0.028) (0.000,0.056) (0.814,1.000) 
 31       73    (0)    1 :  0.913 0.009 0.062 0.016     (0.582,1.000) (0.000,0.050) (0.000,0.373) (0.000,0.107) 
 32       75    (0)    1 :  0.955 0.012 0.008 0.024     (0.751,1.000) (0.000,0.084) (0.000,0.050) (0.000,0.174) 
 33       76    (0)    1 :  0.980 0.007 0.008 0.006     (0.884,1.000) (0.000,0.037) (0.000,0.043) (0.000,0.030) 
 34       77    (0)    1 :  0.965 0.010 0.008 0.017     (0.803,1.000) (0.000,0.064) (0.000,0.044) (0.000,0.093) 
 35       78    (0)    1 :  0.977 0.006 0.008 0.009     (0.864,1.000) (0.000,0.033) (0.000,0.048) (0.000,0.047) 
 36       79    (0)    1 :  0.974 0.004 0.006 0.016     (0.844,1.000) (0.000,0.023) (0.000,0.032) (0.000,0.116) 
 37       84    (0)    1 :  0.050 0.736 0.192 0.022     (0.000,0.344) (0.322,1.000) (0.000,0.614) (0.000,0.152) 
 38       85    (0)    1 :  0.013 0.058 0.911 0.018     (0.000,0.081) (0.000,0.419) (0.259,1.000) (0.000,0.108) 
 39       86    (0)    1 :  0.028 0.039 0.906 0.027     (0.000,0.211) (0.000,0.157) (0.422,1.000) (0.000,0.173) 
 40       89    (0)    1 :  0.128 0.631 0.163 0.078     (0.000,0.574) (0.000,1.000) (0.000,0.877) (0.000,0.482) 
 41       94    (0)    1 :  0.006 0.011 0.930 0.053     (0.000,0.033) (0.000,0.065) (0.591,1.000) (0.000,0.368) 
 42       95    (0)    1 :  0.008 0.975 0.008 0.009     (0.000,0.044) (0.853,1.000) (0.000,0.046) (0.000,0.048) 
 43       96    (0)    1 :  0.006 0.044 0.946 0.005     (0.000,0.030) (0.000,0.130) (0.788,1.000) (0.000,0.025) 
 44       98    (0)    1 :  0.974 0.008 0.009 0.009     (0.850,1.000) (0.000,0.046) (0.000,0.051) (0.000,0.048) 
 45      102    (0)    1 :  0.017 0.033 0.010 0.940     (0.000,0.116) (0.000,0.236) (0.000,0.060) (0.682,1.000) 
 46      105    (0)    1 :  0.965 0.008 0.008 0.019     (0.799,1.000) (0.000,0.048) (0.000,0.046) (0.000,0.133) 
 47      106    (0)    1 :  0.821 0.151 0.010 0.018     (0.481,1.000) (0.000,0.480) (0.000,0.068) (0.000,0.109) 
 48      108    (0)    1 :  0.915 0.011 0.013 0.062     (0.563,1.000) (0.000,0.062) (0.000,0.081) (0.000,0.397) 
 49      109    (0)    1 :  0.942 0.024 0.025 0.009     (0.703,1.000) (0.000,0.179) (0.000,0.184) (0.000,0.048) 
 50      112    (0)    1 :  0.498 0.026 0.373 0.103     (0.000,1.000) (0.000,0.183) (0.000,1.000) (0.000,0.738) 
 51      115    (0)    1 :  0.030 0.013 0.033 0.925     (0.000,0.202) (0.000,0.073) (0.000,0.241) (0.581,1.000) 
 52      116    (0)    1 :  0.017 0.066 0.887 0.031     (0.000,0.107) (0.000,0.575) (0.183,1.000) (0.000,0.225) 
 53      117    (0)    1 :  0.032 0.374 0.580 0.014     (0.000,0.234) (0.000,1.000) (0.000,1.000) (0.000,0.087) 
 54      129    (0)    1 :  0.004 0.091 0.898 0.006     (0.000,0.022) (0.000,0.879) (0.063,1.000) (0.000,0.035) 
 55      132    (0)    1 :  0.436 0.029 0.062 0.473     (0.000,1.000) (0.000,0.212) (0.000,0.424) (0.000,1.000) 
 56      133    (0)    1 :  0.979 0.008 0.006 0.007     (0.877,1.000) (0.000,0.046) (0.000,0.031) (0.000,0.039) 
 57      137    (6)    1 :  0.952 0.021 0.014 0.012     (0.722,1.000) (0.000,0.134) (0.000,0.088) (0.000,0.066) 
 58      139    (0)    1 :  0.912 0.016 0.020 0.052     (0.561,1.000) (0.000,0.112) (0.000,0.141) (0.000,0.360) 
 59      140    (0)    1 :  0.971 0.013 0.007 0.008     (0.832,1.000) (0.000,0.082) (0.000,0.037) (0.000,0.045) 
 60      142    (0)    1 :  0.964 0.019 0.008 0.009     (0.789,1.000) (0.000,0.131) (0.000,0.042) (0.000,0.047) 
 61      144    (0)    1 :  0.979 0.009 0.005 0.007     (0.879,1.000) (0.000,0.050) (0.000,0.025) (0.000,0.040) 
 62      145    (0)    1 :  0.968 0.016 0.007 0.009     (0.812,1.000) (0.000,0.101) (0.000,0.038) (0.000,0.046) 
 63      147    (0)    1 :  0.980 0.005 0.007 0.007     (0.886,1.000) (0.000,0.029) (0.000,0.038) (0.000,0.043) 
 64      160    (0)    1 :  0.007 0.009 0.971 0.013     (0.000,0.038) (0.000,0.051) (0.841,1.000) (0.000,0.062) 
 65     162*    (0)    1 :  0.006 0.043 0.946 0.005     (0.000,0.033) (0.000,0.111) (0.789,1.000) (0.000,0.026) 
 66      166    (0)    1 :  0.966 0.019 0.006 0.009     (0.801,1.000) (0.000,0.122) (0.000,0.034) (0.000,0.045) 
 67      177    (0)    1 :  0.977 0.006 0.009 0.009     (0.862,1.000) (0.000,0.033) (0.000,0.052) (0.000,0.050) 
 68      178    (0)    1 :  0.966 0.007 0.018 0.009     (0.801,1.000) (0.000,0.040) (0.000,0.118) (0.000,0.050) 
 69      186    (0)    1 :  0.004 0.985 0.006 0.005     (0.000,0.024) (0.912,1.000) (0.000,0.031) (0.000,0.024) 
 70      189    (0)    1 :  0.006 0.053 0.934 0.008     (0.000,0.030) (0.000,0.280) (0.635,1.000) (0.000,0.040) 
 71      190    (0)    1 :  0.010 0.060 0.916 0.014     (0.000,0.059) (0.000,0.389) (0.546,1.000) (0.000,0.093) 
 72      191    (0)    1 :  0.076 0.682 0.228 0.014     (0.000,0.447) (0.093,1.000) (0.000,0.868) (0.000,0.082) 
 73      193    (0)    1 :  0.882 0.085 0.021 0.012     (0.295,1.000) (0.000,0.598) (0.000,0.137) (0.000,0.061) 
 74      202    (0)    1 :  0.013 0.012 0.926 0.048     (0.000,0.087) (0.000,0.072) (0.620,1.000) (0.000,0.317) 
 75      204    (0)    1 :  0.004 0.122 0.870 0.004     (0.000,0.021) (0.000,0.992) (0.000,1.000) (0.000,0.023) 
 76      211    (0)    1 :  0.908 0.013 0.049 0.030     (0.528,1.000) (0.000,0.079) (0.000,0.335) (0.000,0.175) 
 77      216    (0)    1 :  0.983 0.004 0.006 0.006     (0.902,1.000) (0.000,0.024) (0.000,0.034) (0.000,0.030) 
 78      222    (0)    1 :  0.936 0.008 0.018 0.037     (0.617,1.000) (0.000,0.044) (0.000,0.111) (0.000,0.279) 
 79      224    (0)    1 :  0.013 0.064 0.910 0.013     (0.000,0.079) (0.000,0.524) (0.387,1.000) (0.000,0.080) 
 80      226    (0)    1 :  0.005 0.981 0.006 0.009     (0.000,0.027) (0.889,1.000) (0.000,0.029) (0.000,0.048) 
 81      229    (0)    1 :  0.050 0.041 0.862 0.047     (0.000,0.319) (0.000,0.178) (0.348,1.000) (0.000,0.331) 
 82      230    (0)    1 :  0.027 0.053 0.905 0.015     (0.000,0.177) (0.000,0.390) (0.435,1.000) (0.000,0.086) 
 83      232    (0)    1 :  0.115 0.111 0.748 0.025     (0.000,0.546) (0.000,0.535) (0.276,1.000) (0.000,0.156) 
 84      238    (0)    1 :  0.162 0.008 0.047 0.782     (0.000,0.732) (0.000,0.046) (0.000,0.333) (0.154,1.000) 
 85      242    (0)    1 :  0.006 0.006 0.005 0.983     (0.000,0.031) (0.000,0.034) (0.000,0.025) (0.902,1.000) 
 86      243    (0)    1 :  0.071 0.034 0.011 0.884     (0.000,0.450) (0.000,0.253) (0.000,0.062) (0.481,1.000) 
 87      244    (0)    1 :  0.051 0.007 0.012 0.930     (0.000,0.338) (0.000,0.040) (0.000,0.073) (0.628,1.000) 
 88      251    (0)    1 :  0.036 0.011 0.075 0.878     (0.000,0.258) (0.000,0.063) (0.000,0.474) (0.428,1.000) 
 89      266    (0)    1 :  0.634 0.009 0.016 0.341     (0.000,1.000) (0.000,0.054) (0.000,0.106) (0.000,1.000) 
 90      267    (0)    1 :  0.884 0.053 0.040 0.022     (0.520,1.000) (0.000,0.351) (0.000,0.275) (0.000,0.154) 
 91      268    (0)    1 :  0.975 0.006 0.009 0.010     (0.858,1.000) (0.000,0.036) (0.000,0.046) (0.000,0.053) 
 92      270    (0)    1 :  0.010 0.080 0.895 0.015     (0.000,0.061) (0.000,0.826) (0.054,1.000) (0.000,0.095) 
 93      276    (0)    1 :  0.185 0.561 0.229 0.024     (0.000,0.693) (0.000,1.000) (0.000,0.978) (0.000,0.168) 
 94      298    (6)    1 :  0.974 0.010 0.006 0.009     (0.849,1.000) (0.000,0.062) (0.000,0.032) (0.000,0.053) 
 95      306    (0)    1 :  0.967 0.007 0.006 0.020     (0.829,1.000) (0.000,0.036) (0.000,0.033) (0.000,0.104) 
 96      308    (0)    1 :  0.963 0.007 0.012 0.018     (0.781,1.000) (0.000,0.042) (0.000,0.077) (0.000,0.117) 
 97      311    (6)    1 :  0.711 0.012 0.026 0.250     (0.000,1.000) (0.000,0.074) (0.000,0.182) (0.000,1.000) 
 98      323    (0)    1 :  0.005 0.982 0.006 0.007     (0.000,0.027) (0.898,1.000) (0.000,0.032) (0.000,0.038) 
 99      327    (0)    1 :  0.009 0.026 0.951 0.013     (0.000,0.056) (0.000,0.151) (0.734,1.000) (0.000,0.083) 
100      334    (0)    1 :  0.016 0.004 0.007 0.973     (0.000,0.111) (0.000,0.022) (0.000,0.039) (0.840,1.000) 
101      338    (0)    1 :  0.951 0.015 0.018 0.016     (0.729,1.000) (0.000,0.096) (0.000,0.106) (0.000,0.083) 
102      341    (0)    1 :  0.009 0.974 0.007 0.011     (0.000,0.047) (0.846,1.000) (0.000,0.036) (0.000,0.061) 
103      346    (0)    1 :  0.937 0.021 0.028 0.014     (0.642,1.000) (0.000,0.134) (0.000,0.163) (0.000,0.069) 
104      348    (0)    1 :  0.975 0.006 0.006 0.013     (0.852,1.000) (0.000,0.034) (0.000,0.036) (0.000,0.078) 
105      351    (0)    1 :  0.022 0.018 0.015 0.945     (0.000,0.137) (0.000,0.125) (0.000,0.085) (0.693,1.000) 
106      362    (0)    1 :  0.005 0.081 0.908 0.006     (0.000,0.028) (0.000,0.791) (0.192,1.000) (0.000,0.031) 
107      364    (0)    1 :  0.014 0.009 0.006 0.971     (0.000,0.084) (0.000,0.055) (0.000,0.035) (0.828,1.000) 
108      366    (0)    1 :  0.023 0.013 0.030 0.934     (0.000,0.159) (0.000,0.084) (0.000,0.221) (0.632,1.000) 
109      376    (0)    1 :  0.014 0.953 0.026 0.007     (0.000,0.098) (0.733,1.000) (0.000,0.183) (0.000,0.040) 
110      377    (6)    1 :  0.104 0.029 0.847 0.019     (0.000,0.640) (0.000,0.204) (0.164,1.000) (0.000,0.102) 
111      378    (0)    1 :  0.035 0.020 0.938 0.007     (0.000,0.250) (0.000,0.138) (0.659,1.000) (0.000,0.036) 
112      388    (0)    1 :  0.947 0.010 0.023 0.020     (0.703,1.000) (0.000,0.063) (0.000,0.161) (0.000,0.131) 
113      391    (0)    1 :  0.258 0.577 0.135 0.030     (0.000,0.996) (0.000,1.000) (0.000,0.567) (0.000,0.202) 
114      401    (0)    1 :  0.107 0.153 0.272 0.468     (0.000,0.571) (0.000,0.729) (0.000,0.771) (0.000,1.000) 
115      406    (0)    1 :  0.832 0.108 0.015 0.044     (0.137,1.000) (0.000,0.632) (0.000,0.095) (0.000,0.295) 
116      412    (6)    1 :  0.924 0.022 0.036 0.017     (0.579,1.000) (0.000,0.153) (0.000,0.257) (0.000,0.090) 
117      413    (0)    1 :  0.929 0.005 0.017 0.049     (0.619,1.000) (0.000,0.026) (0.000,0.113) (0.000,0.322) 
118      421    (0)    1 :  0.165 0.073 0.719 0.043     (0.000,0.630) (0.000,0.501) (0.028,1.000) (0.000,0.321) 
119      423    (0)    1 :  0.078 0.052 0.780 0.090     (0.000,0.518) (0.000,0.333) (0.000,1.000) (0.000,0.665) 
120      424    (0)    1 :  0.578 0.370 0.022 0.030     (0.000,1.000) (0.000,1.000) (0.000,0.105) (0.000,0.191) 
121      426    (0)    1 :  0.058 0.050 0.872 0.020     (0.000,0.408) (0.000,0.346) (0.442,1.000) (0.000,0.129) 
122      430   (12)    1 :  0.932 0.042 0.017 0.009     (0.606,1.000) (0.000,0.304) (0.000,0.101) (0.000,0.047) 
123      435    (0)    1 :  0.980 0.005 0.009 0.005     (0.887,1.000) (0.000,0.029) (0.000,0.055) (0.000,0.025) 
124      476    (0)    1 :  0.012 0.908 0.051 0.029     (0.000,0.081) (0.567,1.000) (0.000,0.356) (0.000,0.197) 
125      478    (0)    1 :  0.009 0.796 0.172 0.023     (0.000,0.057) (0.372,1.000) (0.000,0.607) (0.000,0.167) 
126      484    (0)    1 :  0.976 0.011 0.007 0.006     (0.859,1.000) (0.000,0.066) (0.000,0.039) (0.000,0.034) 
127      489    (0)    1 :  0.231 0.017 0.737 0.016     (0.000,1.000) (0.000,0.100) (0.000,1.000) (0.000,0.077) 
128      492   (18)    1 :  0.022 0.006 0.007 0.965     (0.000,0.151) (0.000,0.031) (0.000,0.041) (0.795,1.000) 
129      493    (0)    1 :  0.008 0.007 0.014 0.971     (0.000,0.046) (0.000,0.039) (0.000,0.090) (0.829,1.000) 
130      494    (0)    1 :  0.007 0.013 0.027 0.952     (0.000,0.040) (0.000,0.083) (0.000,0.203) (0.725,1.000) 
131      500    (0)    1 :  0.004 0.071 0.919 0.007     (0.000,0.020) (0.000,0.618) (0.335,1.000) (0.000,0.034) 
132      504    (0)    1 :  0.868 0.011 0.064 0.056     (0.498,1.000) (0.000,0.063) (0.000,0.373) (0.000,0.348) 
133      506    (0)    1 :  0.833 0.056 0.102 0.008     (0.415,1.000) (0.000,0.376) (0.000,0.517) (0.000,0.044) 


Estimated Allele Frequencies in each cluster
First column gives estimated ancestral frequencies


Locus 1 : Rsu3 
3 alleles
0.0% missing data
 164   (0.517) 0.487 0.497 0.618 0.548 
 166   (0.243) 0.393 0.130 0.162 0.216 
 170   (0.240) 0.120 0.373 0.220 0.236 

Locus 2 : Rsu5 
5 alleles
0.0% missing data
 137   (0.698) 0.702 0.954 0.920 0.665 
 135   (0.104) 0.047 0.030 0.028 0.102 
 139   (0.131) 0.039 0.011 0.047 0.197 
 133   (0.027) 0.002 0.002 0.002 0.022 
 131   (0.040) 0.211 0.003 0.003 0.014 

Locus 3 : Scv1 
5 alleles
0.0% missing data
 181   (0.555) 0.345 0.917 0.667 0.626 
 179   (0.188) 0.220 0.031 0.118 0.201 
 177   (0.106) 0.183 0.027 0.072 0.065 
 185   (0.118) 0.249 0.023 0.141 0.072 
 171   (0.032) 0.002 0.002 0.002 0.036 

Locus 4 : Rsu4 
9 alleles
0.0% missing data
 267   (0.222) 0.085 0.149 0.205 0.296 
 263   (0.302) 0.432 0.480 0.445 0.263 
 259   (0.052) 0.004 0.248 0.138 0.019 
 287   (0.167) 0.209 0.102 0.162 0.132 
 275   (0.047) 0.006 0.004 0.003 0.089 
 279   (0.081) 0.083 0.008 0.013 0.094 
 283   (0.059) 0.176 0.004 0.004 0.045 
 291   (0.040) 0.003 0.003 0.026 0.027 
 271   (0.030) 0.002 0.002 0.002 0.036 

Locus 5 : Rsu6 
5 alleles
0.0% missing data
 120   (0.257) 0.219 0.276 0.356 0.219 
 126   (0.591) 0.770 0.596 0.462 0.644 
 124   (0.085) 0.007 0.123 0.167 0.061 
 130   (0.040) 0.003 0.003 0.003 0.066 
 114   (0.026) 0.002 0.003 0.012 0.010 

Locus 6 : Scv12 
3 alleles
1.5% missing data
 198   (0.604) 0.585 0.674 0.360 0.699 
 196   (0.240) 0.344 0.284 0.220 0.173 
 200   (0.157) 0.071 0.042 0.420 0.129 

Locus 7 : Scv23 
3 alleles
0.8% missing data
 158   (0.490) 0.625 0.395 0.636 0.467 
 164   (0.231) 0.115 0.401 0.088 0.266 
 160   (0.279) 0.261 0.204 0.275 0.266 

Locus 8 : Scv13 
5 alleles
0.0% missing data
 182   (0.706) 0.808 0.795 0.938 0.689 
 180   (0.100) 0.007 0.167 0.047 0.108 
 172   (0.070) 0.128 0.006 0.005 0.062 
 184   (0.075) 0.011 0.028 0.007 0.106 
 174   (0.048) 0.046 0.004 0.004 0.034 

Locus 9 : Scv32 
18 alleles
0.8% missing data
 236   (0.040) 0.003 0.003 0.003 0.107 
 238   (0.045) 0.092 0.004 0.004 0.036 
 234   (0.109) 0.379 0.311 0.064 0.066 
 246   (0.052) 0.007 0.280 0.116 0.020 
 248   (0.090) 0.019 0.011 0.236 0.137 
 262   (0.086) 0.068 0.020 0.218 0.072 
 232   (0.197) 0.205 0.182 0.083 0.304 
 250   (0.034) 0.005 0.011 0.106 0.013 
 228   (0.026) 0.002 0.002 0.002 0.035 
 220   (0.048) 0.003 0.085 0.123 0.022 
 264   (0.060) 0.035 0.053 0.009 0.052 
 252   (0.037) 0.060 0.003 0.013 0.014 
 254   (0.042) 0.069 0.003 0.003 0.028 
 242   (0.028) 0.002 0.002 0.002 0.036 
 266   (0.028) 0.028 0.002 0.002 0.013 
 244   (0.034) 0.021 0.003 0.012 0.014 
 226   (0.022) 0.001 0.024 0.002 0.008 
 240   (0.023) 0.002 0.002 0.002 0.021 

Locus 10 : Scv8 
6 alleles
0.8% missing data
 200   (0.626) 0.596 0.829 0.735 0.667 
 202   (0.092) 0.077 0.007 0.007 0.133 
 194   (0.100) 0.075 0.145 0.075 0.050 
 204   (0.046) 0.003 0.004 0.076 0.030 
 198   (0.077) 0.009 0.010 0.103 0.084 
 188   (0.059) 0.240 0.004 0.004 0.037 

Locus 11 : Scv9 
5 alleles
0.0% missing data
 198   (0.306) 0.462 0.416 0.266 0.268 
 200   (0.371) 0.173 0.356 0.477 0.450 
 196   (0.248) 0.321 0.067 0.251 0.254 
 204   (0.049) 0.034 0.159 0.004 0.018 
 202   (0.026) 0.011 0.002 0.002 0.009 

Locus 12 : Rsu1 
6 alleles
0.0% missing data
 189   (0.318) 0.203 0.460 0.068 0.471 
 185   (0.256) 0.498 0.191 0.178 0.214 
 177   (0.081) 0.037 0.015 0.090 0.054 
 181   (0.248) 0.255 0.089 0.409 0.225 
 193   (0.047) 0.003 0.040 0.198 0.017 
 197   (0.050) 0.003 0.205 0.058 0.018 

Locus 13 : Scv14 
7 alleles
4.5% missing data
 196   (0.499) 0.608 0.912 0.815 0.441 
 198   (0.084) 0.091 0.007 0.008 0.108 
 194   (0.146) 0.099 0.025 0.068 0.177 
 202   (0.192) 0.191 0.048 0.092 0.225 
 204   (0.026) 0.002 0.002 0.002 0.022 
 190   (0.027) 0.002 0.002 0.014 0.011 
 200   (0.027) 0.006 0.002 0.002 0.016 

Locus 14 : Scv16 
7 alleles
0.0% missing data
 182   (0.368) 0.500 0.235 0.646 0.329 
 184   (0.427) 0.382 0.720 0.263 0.496 
 188   (0.090) 0.006 0.036 0.083 0.110 
 200   (0.026) 0.002 0.002 0.002 0.022 
 198   (0.033) 0.068 0.002 0.002 0.012 
 190   (0.030) 0.039 0.003 0.002 0.011 
 186   (0.026) 0.003 0.002 0.002 0.020 

Locus 15 : Scv31 
15 alleles
3.0% missing data
 193   (0.127) 0.146 0.018 0.235 0.115 
 201   (0.109) 0.026 0.014 0.078 0.174 
 187   (0.083) 0.044 0.245 0.219 0.035 
 207   (0.028) 0.002 0.363 0.005 0.010 
 195   (0.062) 0.099 0.023 0.083 0.024 
 185   (0.140) 0.306 0.218 0.025 0.138 
 189   (0.081) 0.006 0.006 0.056 0.163 
 205   (0.023) 0.002 0.002 0.002 0.021 
 191   (0.128) 0.262 0.086 0.233 0.081 
 197   (0.041) 0.057 0.009 0.016 0.016 
 199   (0.055) 0.042 0.004 0.004 0.060 
 203   (0.031) 0.002 0.002 0.002 0.050 
 209   (0.028) 0.002 0.002 0.002 0.036 
 213   (0.036) 0.003 0.003 0.003 0.065 
 181   (0.028) 0.002 0.004 0.037 0.010 

Locus 16 : Scv6 
8 alleles
0.0% missing data
 191   (0.119) 0.013 0.013 0.202 0.178 
 195   (0.354) 0.438 0.675 0.463 0.304 
 197   (0.195) 0.245 0.253 0.295 0.128 
 201   (0.089) 0.055 0.007 0.007 0.143 
 205   (0.032) 0.002 0.002 0.002 0.037 
 193   (0.085) 0.132 0.007 0.007 0.100 
 199   (0.095) 0.111 0.039 0.021 0.074 
 181   (0.031) 0.002 0.002 0.002 0.037 

Values of parameters used in structure:
DATAFILE=M:\STRUCTURE\Squirrel_133_ID_16L_20250816\project_data,	OUTFILE=M:\STRUCTURE\Squirrel_133_ID_16L_20250816\10k_Burnin_100k_MCMC\Results\10k_Burnin_100k_MCMC_run_84,	NUMINDS=133,	NUMLOCI=16,	MISSING=-9,	LABEL=1,	POPDATA=1,	POPFLAG=0,	PHENOTYPE=0,	EXTRACOLS=1,	MAXPOPS=4,	BURNIN=10000,	NUMREPS=100000,	USEPOPINFO=0,	INFERALPHA=1,	INFERLAMBDA=1,	POPSPECIFICLAMBDA=0,	POPALPHAS=0,	COMPUTEPROB=1,	NOADMIX=0,	ADMBURNIN=2500,	UPDATEFREQ=1,	PRINTLIKES=0,	INTERMEDSAVE=0,	PRINTKLD=0,	PRINTNET=0,	PRINTLAMBDA=0,	ANCESTDIST=1,	NUMBOXES=1000,	ANCESTPINT=0.90000,	GENSBACK=2,	MIGRPRIOR=0.05000,	PRINTQHAT=1,	PRINTQSUM=0,	ALPHA=1.0000,	FREQSCORR=1,	FPRIORMEAN=0.0100,	FPRIORSD=0.0500,	ONEFST=0,	LAMBDA=1.0000,	UNIFPRIORALPHA=1,	ALPHAMAX=10.0000,	ALPHAPRIORA=1.0000,	ALPHAPRIORB=2.0000,	ALPHAPROPSD=0.0250,	STARTATPOPINFO=0,	RANDOMIZE=1,	LINKAGE=0,	METROFREQ=10,	REPORTHITRATE=0,	MARKOVPHASE=-1,	PHASED=0,	PLOIDY=2,	PHASEINFO=0	LOCPRIOR=0, 	LOCPRIORINIT=1.000000, 	LOCDATA=0, 	LOCISPOP=0, 	LOCPRIORSTEP=0.100000, 	MAXLOCPRIOR=20.000000, 	SEED=1763667116,	
[STRAT parameters]:    NUMSIMSTATS=1000,	PHENOTYPECOL=-9,	POOLFREQ=10,	LOCUSxONLY=0,	EMERROR=0.00100,	MISSINGPHENO=-9,	