

----------------------------------------------------
STRUCTURE by Pritchard, Stephens and Donnelly (2000)
     and Falush, Stephens and Pritchard (2003)
       Code by Pritchard, Falush and Hubisz
             Version 2.3.4 (Jul 2012)
----------------------------------------------------



Command line arguments:   bin\structure -m M:\STRUCTURE\Squirrel_133_ID_16L_20250816\10k_Burnin_100k_MCMC\mainparams -e M:\STRUCTURE\Squirrel_133_ID_16L_20250816\10k_Burnin_100k_MCMC\extraparams 
Input File:    M:\STRUCTURE\Squirrel_133_ID_16L_20250816\project_data

Run parameters:
   133 individuals
   16 loci
   10 populations assumed
   10000 Burn-in period
   100000 Reps


--------------------------------------------
Proportion of membership of each pre-defined
 population in each of the 10 clusters

Given    Inferred Clusters                                                        Number of
 Pop       1      2      3      4      5      6      7      8      9     10      Individuals

  1:     0.112  0.105  0.097  0.085  0.109  0.124  0.097  0.033  0.104  0.133      133
--------------------------------------------

Allele-freq. divergence among pops (Net nucleotide distance),
computed using point estimates of P.

      1       2       3       4       5       6       7       8       9      10      
 1      -    0.1582  0.0934  0.1057  0.1638  0.1367  0.1297  0.1781  0.0759  0.0930  
 2   0.1582     -    0.0867  0.1043  0.0955  0.1117  0.1112  0.2145  0.0837  0.0932  
 3   0.0934  0.0867     -    0.0839  0.1386  0.0927  0.0809  0.1514  0.0667  0.0755  
 4   0.1057  0.1043  0.0839     -    0.1469  0.1212  0.0791  0.1704  0.0578  0.0866  
 5   0.1638  0.0955  0.1386  0.1469     -    0.1183  0.1395  0.2313  0.0816  0.0973  
 6   0.1367  0.1117  0.0927  0.1212  0.1183     -    0.1259  0.2314  0.0839  0.0656  
 7   0.1297  0.1112  0.0809  0.0791  0.1395  0.1259     -    0.1896  0.0807  0.0830  
 8   0.1781  0.2145  0.1514  0.1704  0.2313  0.2314  0.1896     -    0.1584  0.1406  
 9   0.0759  0.0837  0.0667  0.0578  0.0816  0.0839  0.0807  0.1584     -    0.0512  
10   0.0930  0.0932  0.0755  0.0866  0.0973  0.0656  0.0830  0.1406  0.0512     -    

Average distances (expected heterozygosity) between individuals in same cluster:
cluster  1  : 0.5150 
cluster  2  : 0.4538 
cluster  3  : 0.5357 
cluster  4  : 0.4946 
cluster  5  : 0.4570 
cluster  6  : 0.4541 
cluster  7  : 0.5852 
cluster  8  : 0.4584 
cluster  9  : 0.5835 
cluster 10  : 0.6303 

--------------------------------------------
Estimated Ln Prob of Data   = -4706.9
Mean value of ln likelihood = -4313.6
Variance of ln likelihood   = 786.6
Mean value of alpha         = 0.0463

Mean value of lambda        = 0.9894

Mean value of Fst_1         = 0.2883
Mean value of Fst_2         = 0.3018
Mean value of Fst_3         = 0.2610
Mean value of Fst_4         = 0.2889
Mean value of Fst_5         = 0.3138
Mean value of Fst_6         = 0.3204
Mean value of Fst_7         = 0.2045
Mean value of Fst_8         = 0.4719
Mean value of Fst_9         = 0.1886
Mean value of Fst_10         = 0.0791


Inferred ancestry of individuals:
        Label (%Miss) Pop:  Inferred clusters (and 90% probability intervals)
  1       1*    (0)    1 :  0.014 0.027 0.172 0.015 0.011 0.016 0.005 0.026 0.011 0.704     (0.000,0.086) (0.000,0.191) (0.000,0.574) (0.000,0.070) (0.000,0.066) (0.000,0.107) (0.000,0.028) (0.000,0.182) (0.000,0.061) (0.248,0.998) 
  2        3    (0)    1 :  0.008 0.005 0.006 0.007 0.006 0.947 0.004 0.004 0.006 0.005     (0.000,0.046) (0.000,0.029) (0.000,0.036) (0.000,0.041) (0.000,0.033) (0.788,1.000) (0.000,0.023) (0.000,0.024) (0.000,0.036) (0.000,0.029) 
  3        6    (0)    1 :  0.018 0.013 0.034 0.011 0.022 0.860 0.012 0.006 0.019 0.005     (0.000,0.125) (0.000,0.080) (0.000,0.250) (0.000,0.067) (0.000,0.160) (0.521,1.000) (0.000,0.074) (0.000,0.032) (0.000,0.124) (0.000,0.030) 
  4        8    (0)    1 :  0.017 0.027 0.005 0.008 0.587 0.006 0.003 0.011 0.321 0.014     (0.000,0.120) (0.000,0.191) (0.000,0.031) (0.000,0.043) (0.135,0.979) (0.000,0.036) (0.000,0.019) (0.000,0.075) (0.000,0.729) (0.000,0.089) 
  5       10    (0)    1 :  0.004 0.784 0.005 0.004 0.172 0.007 0.005 0.007 0.006 0.006     (0.000,0.020) (0.388,1.000) (0.000,0.027) (0.000,0.022) (0.000,0.569) (0.000,0.041) (0.000,0.025) (0.000,0.039) (0.000,0.033) (0.000,0.032) 
  6       11    (0)    1 :  0.010 0.024 0.071 0.084 0.021 0.044 0.046 0.054 0.266 0.379     (0.000,0.063) (0.000,0.166) (0.000,0.430) (0.000,0.724) (0.000,0.144) (0.000,0.315) (0.000,0.330) (0.000,0.368) (0.000,0.943) (0.000,0.992) 
  7       12    (0)    1 :  0.005 0.940 0.012 0.008 0.010 0.005 0.005 0.004 0.006 0.005     (0.000,0.029) (0.760,1.000) (0.000,0.064) (0.000,0.049) (0.000,0.067) (0.000,0.027) (0.000,0.026) (0.000,0.020) (0.000,0.033) (0.000,0.028) 
  8       16    (6)    1 :  0.005 0.011 0.006 0.008 0.015 0.927 0.006 0.005 0.011 0.007     (0.000,0.027) (0.000,0.066) (0.000,0.035) (0.000,0.049) (0.000,0.103) (0.716,1.000) (0.000,0.032) (0.000,0.027) (0.000,0.067) (0.000,0.037) 
  9       18    (0)    1 :  0.005 0.006 0.004 0.008 0.006 0.008 0.004 0.004 0.010 0.945     (0.000,0.031) (0.000,0.032) (0.000,0.022) (0.000,0.044) (0.000,0.033) (0.000,0.048) (0.000,0.023) (0.000,0.025) (0.000,0.058) (0.779,1.000) 
 10       19    (0)    1 :  0.020 0.011 0.010 0.060 0.036 0.016 0.083 0.018 0.044 0.701     (0.000,0.131) (0.000,0.067) (0.000,0.055) (0.000,0.560) (0.000,0.267) (0.000,0.098) (0.000,0.476) (0.000,0.055) (0.000,0.322) (0.000,1.000) 
 11       21    (6)    1 :  0.006 0.010 0.009 0.011 0.028 0.903 0.008 0.006 0.013 0.007     (0.000,0.034) (0.000,0.058) (0.000,0.051) (0.000,0.068) (0.000,0.191) (0.655,1.000) (0.000,0.043) (0.000,0.037) (0.000,0.080) (0.000,0.037) 
 12       23    (6)    1 :  0.012 0.576 0.189 0.123 0.032 0.012 0.024 0.007 0.015 0.010     (0.000,0.074) (0.000,0.993) (0.000,0.941) (0.000,0.545) (0.000,0.223) (0.000,0.077) (0.000,0.169) (0.000,0.041) (0.000,0.088) (0.000,0.059) 
 13       24    (6)    1 :  0.008 0.472 0.023 0.020 0.132 0.018 0.044 0.206 0.020 0.058     (0.000,0.052) (0.000,0.943) (0.000,0.160) (0.000,0.085) (0.000,0.542) (0.000,0.134) (0.000,0.262) (0.000,0.675) (0.000,0.129) (0.000,0.389) 
 14       25    (6)    1 :  0.008 0.633 0.180 0.029 0.020 0.030 0.006 0.013 0.068 0.013     (0.000,0.048) (0.033,0.995) (0.000,0.723) (0.000,0.202) (0.000,0.137) (0.000,0.212) (0.000,0.034) (0.000,0.077) (0.000,0.368) (0.000,0.080) 
 15      26*    (0)    1 :  0.006 0.173 0.013 0.006 0.538 0.197 0.005 0.029 0.021 0.014     (0.000,0.031) (0.000,0.599) (0.000,0.084) (0.000,0.030) (0.000,0.982) (0.000,0.627) (0.000,0.026) (0.000,0.182) (0.000,0.140) (0.000,0.090) 
 16       28    (0)    1 :  0.007 0.359 0.015 0.008 0.135 0.123 0.006 0.023 0.319 0.007     (0.000,0.039) (0.000,0.993) (0.000,0.095) (0.000,0.044) (0.000,0.891) (0.000,0.604) (0.000,0.032) (0.000,0.174) (0.000,0.989) (0.000,0.040) 
 17       29    (0)    1 :  0.005 0.813 0.006 0.006 0.124 0.006 0.006 0.013 0.010 0.012     (0.000,0.028) (0.369,1.000) (0.000,0.031) (0.000,0.031) (0.000,0.572) (0.000,0.032) (0.000,0.032) (0.000,0.086) (0.000,0.055) (0.000,0.077) 
 18       30    (0)    1 :  0.313 0.137 0.028 0.009 0.323 0.123 0.007 0.011 0.032 0.017     (0.000,0.651) (0.000,0.692) (0.000,0.204) (0.000,0.043) (0.000,0.741) (0.000,0.610) (0.000,0.040) (0.000,0.063) (0.000,0.220) (0.000,0.103) 
 19       33    (0)    1 :  0.011 0.005 0.014 0.009 0.005 0.006 0.051 0.006 0.006 0.887     (0.000,0.073) (0.000,0.029) (0.000,0.096) (0.000,0.036) (0.000,0.031) (0.000,0.032) (0.000,0.314) (0.000,0.035) (0.000,0.030) (0.590,1.000) 
 20       37    (0)    1 :  0.006 0.033 0.010 0.009 0.006 0.011 0.009 0.017 0.009 0.890     (0.000,0.034) (0.000,0.239) (0.000,0.060) (0.000,0.056) (0.000,0.035) (0.000,0.072) (0.000,0.054) (0.000,0.122) (0.000,0.054) (0.608,1.000) 
 21       38    (0)    1 :  0.004 0.016 0.004 0.006 0.012 0.008 0.005 0.013 0.013 0.918     (0.000,0.024) (0.000,0.112) (0.000,0.020) (0.000,0.031) (0.000,0.081) (0.000,0.051) (0.000,0.026) (0.000,0.088) (0.000,0.082) (0.681,1.000) 
 22       43    (0)    1 :  0.005 0.814 0.015 0.005 0.046 0.036 0.007 0.016 0.047 0.009     (0.000,0.033) (0.452,1.000) (0.000,0.104) (0.000,0.030) (0.000,0.314) (0.000,0.248) (0.000,0.040) (0.000,0.110) (0.000,0.321) (0.000,0.047) 
 23       44    (0)    1 :  0.034 0.007 0.006 0.026 0.083 0.216 0.004 0.005 0.610 0.009     (0.000,0.252) (0.000,0.039) (0.000,0.035) (0.000,0.191) (0.000,0.535) (0.000,0.635) (0.000,0.023) (0.000,0.029) (0.000,1.000) (0.000,0.045) 
 24       48    (0)    1 :  0.006 0.006 0.005 0.006 0.005 0.012 0.004 0.005 0.006 0.945     (0.000,0.031) (0.000,0.036) (0.000,0.026) (0.000,0.036) (0.000,0.029) (0.000,0.078) (0.000,0.019) (0.000,0.026) (0.000,0.036) (0.776,1.000) 
 25       55    (0)    1 :  0.014 0.011 0.056 0.012 0.161 0.232 0.009 0.013 0.480 0.012     (0.000,0.090) (0.000,0.063) (0.000,0.345) (0.000,0.066) (0.000,0.853) (0.000,0.743) (0.000,0.054) (0.000,0.093) (0.000,0.975) (0.000,0.073) 
 26       59    (0)    1 :  0.006 0.004 0.006 0.005 0.005 0.952 0.004 0.004 0.007 0.007     (0.000,0.038) (0.000,0.023) (0.000,0.034) (0.000,0.027) (0.000,0.028) (0.809,1.000) (0.000,0.020) (0.000,0.026) (0.000,0.038) (0.000,0.038) 
 27       60    (0)    1 :  0.008 0.032 0.907 0.011 0.004 0.007 0.009 0.004 0.008 0.010     (0.000,0.046) (0.000,0.229) (0.642,1.000) (0.000,0.062) (0.000,0.020) (0.000,0.041) (0.000,0.050) (0.000,0.024) (0.000,0.040) (0.000,0.060) 
 28       61    (0)    1 :  0.063 0.008 0.254 0.129 0.008 0.017 0.477 0.014 0.021 0.010     (0.000,0.379) (0.000,0.046) (0.000,0.843) (0.000,0.680) (0.000,0.047) (0.000,0.112) (0.000,0.979) (0.000,0.088) (0.000,0.143) (0.000,0.053) 
 29       62    (0)    1 :  0.017 0.058 0.061 0.646 0.007 0.013 0.092 0.016 0.067 0.022     (0.000,0.117) (0.000,0.395) (0.000,0.422) (0.000,0.999) (0.000,0.040) (0.000,0.083) (0.000,0.606) (0.000,0.094) (0.000,0.445) (0.000,0.157) 
 30       65    (0)    1 :  0.025 0.007 0.019 0.012 0.009 0.005 0.015 0.020 0.015 0.872     (0.000,0.173) (0.000,0.043) (0.000,0.135) (0.000,0.055) (0.000,0.054) (0.000,0.028) (0.000,0.106) (0.000,0.133) (0.000,0.089) (0.571,1.000) 
 31       73    (0)    1 :  0.762 0.112 0.036 0.018 0.006 0.006 0.005 0.013 0.036 0.008     (0.378,0.999) (0.000,0.449) (0.000,0.271) (0.000,0.122) (0.000,0.034) (0.000,0.033) (0.000,0.027) (0.000,0.086) (0.000,0.245) (0.000,0.044) 
 32       75    (0)    1 :  0.027 0.005 0.005 0.006 0.008 0.007 0.919 0.005 0.007 0.010     (0.000,0.186) (0.000,0.025) (0.000,0.027) (0.000,0.034) (0.000,0.050) (0.000,0.044) (0.695,1.000) (0.000,0.031) (0.000,0.043) (0.000,0.067) 
 33       76    (0)    1 :  0.006 0.012 0.012 0.014 0.004 0.006 0.929 0.003 0.008 0.005     (0.000,0.034) (0.000,0.079) (0.000,0.076) (0.000,0.089) (0.000,0.025) (0.000,0.037) (0.720,1.000) (0.000,0.017) (0.000,0.048) (0.000,0.026) 
 34       77    (0)    1 :  0.005 0.009 0.164 0.012 0.004 0.007 0.778 0.009 0.006 0.007     (0.000,0.025) (0.000,0.050) (0.000,0.924) (0.000,0.073) (0.000,0.024) (0.000,0.042) (0.000,1.000) (0.000,0.057) (0.000,0.033) (0.000,0.037) 
 35       78    (0)    1 :  0.511 0.016 0.034 0.031 0.009 0.007 0.320 0.009 0.047 0.016     (0.000,0.986) (0.000,0.110) (0.000,0.256) (0.000,0.233) (0.000,0.055) (0.000,0.041) (0.000,0.872) (0.000,0.057) (0.000,0.332) (0.000,0.102) 
 36       79    (0)    1 :  0.065 0.005 0.008 0.031 0.007 0.005 0.841 0.011 0.012 0.014     (0.000,0.369) (0.000,0.028) (0.000,0.046) (0.000,0.216) (0.000,0.043) (0.000,0.030) (0.482,1.000) (0.000,0.075) (0.000,0.079) (0.000,0.094) 
 37       84    (0)    1 :  0.015 0.072 0.028 0.120 0.076 0.523 0.013 0.068 0.074 0.011     (0.000,0.105) (0.000,0.431) (0.000,0.209) (0.000,0.516) (0.000,0.344) (0.000,0.885) (0.000,0.082) (0.000,0.326) (0.000,0.507) (0.000,0.064) 
 38       85    (0)    1 :  0.011 0.008 0.007 0.011 0.191 0.010 0.007 0.014 0.731 0.010     (0.000,0.076) (0.000,0.047) (0.000,0.040) (0.000,0.067) (0.000,0.987) (0.000,0.061) (0.000,0.036) (0.000,0.100) (0.000,1.000) (0.000,0.057) 
 39       86    (0)    1 :  0.020 0.017 0.012 0.028 0.332 0.007 0.012 0.040 0.515 0.017     (0.000,0.144) (0.000,0.121) (0.000,0.080) (0.000,0.151) (0.000,0.983) (0.000,0.041) (0.000,0.067) (0.000,0.263) (0.000,0.996) (0.000,0.114) 
 40       89    (0)    1 :  0.010 0.187 0.046 0.200 0.011 0.472 0.016 0.020 0.019 0.019     (0.000,0.061) (0.000,0.635) (0.000,0.340) (0.000,0.652) (0.000,0.063) (0.000,0.826) (0.000,0.108) (0.000,0.139) (0.000,0.129) (0.000,0.120) 
 41       94    (0)    1 :  0.005 0.909 0.006 0.010 0.008 0.012 0.005 0.005 0.013 0.027     (0.000,0.027) (0.651,1.000) (0.000,0.036) (0.000,0.062) (0.000,0.048) (0.000,0.078) (0.000,0.029) (0.000,0.028) (0.000,0.085) (0.000,0.194) 
 42       95    (0)    1 :  0.009 0.005 0.015 0.007 0.011 0.923 0.005 0.004 0.010 0.012     (0.000,0.055) (0.000,0.030) (0.000,0.102) (0.000,0.035) (0.000,0.066) (0.697,1.000) (0.000,0.028) (0.000,0.024) (0.000,0.059) (0.000,0.072) 
 43       96    (0)    1 :  0.005 0.007 0.004 0.009 0.947 0.004 0.006 0.004 0.011 0.004     (0.000,0.027) (0.000,0.042) (0.000,0.022) (0.000,0.051) (0.787,1.000) (0.000,0.020) (0.000,0.033) (0.000,0.022) (0.000,0.065) (0.000,0.024) 
 44       98    (0)    1 :  0.190 0.010 0.527 0.081 0.006 0.006 0.020 0.032 0.122 0.006     (0.000,0.983) (0.000,0.059) (0.000,1.000) (0.000,0.701) (0.000,0.034) (0.000,0.033) (0.000,0.113) (0.000,0.164) (0.000,0.978) (0.000,0.031) 
 45      102    (0)    1 :  0.012 0.027 0.021 0.044 0.005 0.038 0.012 0.023 0.012 0.807     (0.000,0.083) (0.000,0.192) (0.000,0.149) (0.000,0.238) (0.000,0.028) (0.000,0.262) (0.000,0.082) (0.000,0.131) (0.000,0.075) (0.398,1.000) 
 46      105    (0)    1 :  0.958 0.005 0.004 0.005 0.004 0.005 0.003 0.004 0.005 0.007     (0.833,1.000) (0.000,0.025) (0.000,0.023) (0.000,0.027) (0.000,0.022) (0.000,0.025) (0.000,0.018) (0.000,0.023) (0.000,0.024) (0.000,0.041) 
 47      106    (0)    1 :  0.122 0.005 0.021 0.136 0.008 0.086 0.461 0.018 0.118 0.026     (0.000,0.567) (0.000,0.028) (0.000,0.143) (0.000,0.608) (0.000,0.043) (0.000,0.396) (0.000,0.927) (0.000,0.124) (0.000,0.516) (0.000,0.179) 
 48      108    (0)    1 :  0.814 0.008 0.041 0.008 0.008 0.007 0.033 0.009 0.010 0.061     (0.483,1.000) (0.000,0.049) (0.000,0.242) (0.000,0.045) (0.000,0.051) (0.000,0.037) (0.000,0.227) (0.000,0.059) (0.000,0.060) (0.000,0.364) 
 49      109    (0)    1 :  0.596 0.008 0.131 0.027 0.033 0.011 0.037 0.006 0.141 0.010     (0.000,1.000) (0.000,0.045) (0.000,0.782) (0.000,0.190) (0.000,0.223) (0.000,0.072) (0.000,0.262) (0.000,0.036) (0.000,0.981) (0.000,0.053) 
 50      112    (0)    1 :  0.009 0.052 0.148 0.297 0.051 0.011 0.092 0.011 0.297 0.031     (0.000,0.053) (0.000,0.364) (0.000,0.645) (0.000,0.909) (0.000,0.339) (0.000,0.069) (0.000,0.578) (0.000,0.064) (0.000,0.935) (0.000,0.213) 
 51      115    (0)    1 :  0.027 0.086 0.078 0.050 0.007 0.017 0.024 0.044 0.049 0.618     (0.000,0.195) (0.000,0.448) (0.000,0.493) (0.000,0.345) (0.000,0.041) (0.000,0.109) (0.000,0.163) (0.000,0.286) (0.000,0.361) (0.000,0.999) 
 52      116    (0)    1 :  0.013 0.020 0.005 0.030 0.246 0.010 0.006 0.007 0.646 0.017     (0.000,0.085) (0.000,0.134) (0.000,0.027) (0.000,0.228) (0.000,0.961) (0.000,0.057) (0.000,0.030) (0.000,0.043) (0.000,1.000) (0.000,0.112) 
 53      117    (0)    1 :  0.014 0.276 0.059 0.025 0.269 0.300 0.021 0.008 0.016 0.013     (0.000,0.092) (0.000,0.978) (0.000,0.418) (0.000,0.184) (0.000,0.738) (0.000,0.833) (0.000,0.145) (0.000,0.046) (0.000,0.094) (0.000,0.081) 
 54      129    (0)    1 :  0.005 0.010 0.006 0.005 0.779 0.135 0.004 0.006 0.043 0.008     (0.000,0.025) (0.000,0.057) (0.000,0.033) (0.000,0.027) (0.425,1.000) (0.000,0.482) (0.000,0.022) (0.000,0.037) (0.000,0.295) (0.000,0.047) 
 55      132    (0)    1 :  0.010 0.141 0.709 0.015 0.005 0.020 0.011 0.037 0.010 0.042     (0.000,0.057) (0.000,0.587) (0.175,0.999) (0.000,0.085) (0.000,0.030) (0.000,0.145) (0.000,0.066) (0.000,0.250) (0.000,0.056) (0.000,0.296) 
 56      133    (0)    1 :  0.189 0.008 0.540 0.074 0.003 0.007 0.028 0.029 0.116 0.006     (0.000,0.983) (0.000,0.047) (0.000,1.000) (0.000,0.675) (0.000,0.019) (0.000,0.037) (0.000,0.186) (0.000,0.135) (0.000,0.977) (0.000,0.031) 
 57      137    (6)    1 :  0.010 0.018 0.454 0.029 0.007 0.014 0.427 0.008 0.021 0.012     (0.000,0.060) (0.000,0.122) (0.000,0.993) (0.000,0.195) (0.000,0.043) (0.000,0.083) (0.000,0.991) (0.000,0.042) (0.000,0.135) (0.000,0.078) 
 58      139    (0)    1 :  0.007 0.007 0.006 0.008 0.015 0.008 0.918 0.009 0.010 0.012     (0.000,0.042) (0.000,0.044) (0.000,0.032) (0.000,0.043) (0.000,0.109) (0.000,0.048) (0.695,1.000) (0.000,0.056) (0.000,0.062) (0.000,0.074) 
 59      140    (0)    1 :  0.744 0.005 0.082 0.033 0.010 0.016 0.027 0.004 0.070 0.010     (0.244,1.000) (0.000,0.030) (0.000,0.515) (0.000,0.239) (0.000,0.059) (0.000,0.106) (0.000,0.191) (0.000,0.020) (0.000,0.581) (0.000,0.055) 
 60      142    (0)    1 :  0.011 0.012 0.029 0.404 0.004 0.025 0.488 0.004 0.014 0.009     (0.000,0.067) (0.000,0.073) (0.000,0.214) (0.000,0.958) (0.000,0.023) (0.000,0.186) (0.000,0.985) (0.000,0.020) (0.000,0.080) (0.000,0.053) 
 61      144    (0)    1 :  0.956 0.004 0.007 0.006 0.003 0.006 0.004 0.004 0.005 0.005     (0.827,1.000) (0.000,0.021) (0.000,0.045) (0.000,0.032) (0.000,0.017) (0.000,0.035) (0.000,0.025) (0.000,0.023) (0.000,0.025) (0.000,0.024) 
 62      145    (0)    1 :  0.007 0.004 0.021 0.897 0.003 0.004 0.033 0.018 0.007 0.005     (0.000,0.041) (0.000,0.019) (0.000,0.051) (0.001,1.000) (0.000,0.017) (0.000,0.023) (0.000,0.117) (0.000,0.042) (0.000,0.034) (0.000,0.029) 
 63      147    (0)    1 :  0.884 0.004 0.007 0.012 0.006 0.004 0.042 0.011 0.022 0.007     (0.553,1.000) (0.000,0.023) (0.000,0.036) (0.000,0.073) (0.000,0.038) (0.000,0.024) (0.000,0.295) (0.000,0.075) (0.000,0.160) (0.000,0.039) 
 64      160    (0)    1 :  0.004 0.944 0.006 0.005 0.009 0.009 0.005 0.005 0.006 0.007     (0.000,0.025) (0.775,1.000) (0.000,0.032) (0.000,0.029) (0.000,0.050) (0.000,0.059) (0.000,0.025) (0.000,0.027) (0.000,0.030) (0.000,0.042) 
 65     162*    (0)    1 :  0.005 0.008 0.004 0.008 0.946 0.004 0.006 0.004 0.010 0.004     (0.000,0.029) (0.000,0.043) (0.000,0.022) (0.000,0.049) (0.783,1.000) (0.000,0.020) (0.000,0.034) (0.000,0.024) (0.000,0.061) (0.000,0.023) 
 66      166    (0)    1 :  0.016 0.005 0.902 0.008 0.006 0.016 0.014 0.008 0.019 0.006     (0.000,0.096) (0.000,0.030) (0.616,1.000) (0.000,0.040) (0.000,0.032) (0.000,0.108) (0.000,0.085) (0.000,0.043) (0.000,0.075) (0.000,0.030) 
 67      177    (0)    1 :  0.004 0.004 0.005 0.005 0.005 0.004 0.962 0.003 0.004 0.004     (0.000,0.019) (0.000,0.023) (0.000,0.029) (0.000,0.028) (0.000,0.027) (0.000,0.022) (0.845,1.000) (0.000,0.019) (0.000,0.023) (0.000,0.020) 
 68      178    (0)    1 :  0.035 0.039 0.042 0.020 0.012 0.008 0.790 0.028 0.016 0.010     (0.000,0.249) (0.000,0.282) (0.000,0.300) (0.000,0.128) (0.000,0.078) (0.000,0.049) (0.400,1.000) (0.000,0.188) (0.000,0.105) (0.000,0.060) 
 69      186    (0)    1 :  0.004 0.006 0.005 0.005 0.005 0.958 0.004 0.003 0.005 0.005     (0.000,0.022) (0.000,0.031) (0.000,0.028) (0.000,0.026) (0.000,0.027) (0.830,1.000) (0.000,0.022) (0.000,0.017) (0.000,0.029) (0.000,0.026) 
 70      189    (0)    1 :  0.003 0.016 0.004 0.015 0.183 0.007 0.007 0.005 0.751 0.008     (0.000,0.019) (0.000,0.114) (0.000,0.023) (0.000,0.093) (0.000,0.989) (0.000,0.039) (0.000,0.043) (0.000,0.026) (0.000,1.000) (0.000,0.042) 
 71      190    (0)    1 :  0.009 0.104 0.043 0.019 0.645 0.047 0.017 0.045 0.055 0.015     (0.000,0.059) (0.000,0.617) (0.000,0.286) (0.000,0.135) (0.015,0.990) (0.000,0.317) (0.000,0.116) (0.000,0.284) (0.000,0.384) (0.000,0.103) 
 72      191    (0)    1 :  0.017 0.017 0.009 0.052 0.032 0.294 0.016 0.005 0.549 0.009     (0.000,0.118) (0.000,0.112) (0.000,0.054) (0.000,0.351) (0.000,0.211) (0.000,0.815) (0.000,0.108) (0.000,0.029) (0.000,0.997) (0.000,0.053) 
 73      193    (0)    1 :  0.010 0.013 0.032 0.841 0.007 0.025 0.028 0.015 0.019 0.010     (0.000,0.060) (0.000,0.082) (0.000,0.145) (0.007,1.000) (0.000,0.039) (0.000,0.180) (0.000,0.123) (0.000,0.055) (0.000,0.128) (0.000,0.064) 
 74      202    (0)    1 :  0.009 0.358 0.061 0.072 0.382 0.007 0.008 0.040 0.027 0.036     (0.000,0.051) (0.000,0.816) (0.000,0.450) (0.000,0.418) (0.000,0.774) (0.000,0.042) (0.000,0.044) (0.000,0.236) (0.000,0.194) (0.000,0.255) 
 75      204    (0)    1 :  0.004 0.007 0.004 0.004 0.892 0.068 0.003 0.003 0.011 0.004     (0.000,0.022) (0.000,0.038) (0.000,0.022) (0.000,0.022) (0.574,1.000) (0.000,0.379) (0.000,0.018) (0.000,0.018) (0.000,0.073) (0.000,0.022) 
 76      211    (0)    1 :  0.139 0.183 0.517 0.037 0.020 0.011 0.044 0.018 0.011 0.021     (0.000,0.705) (0.000,0.684) (0.000,0.989) (0.000,0.259) (0.000,0.140) (0.000,0.067) (0.000,0.258) (0.000,0.121) (0.000,0.062) (0.000,0.142) 
 77      216    (0)    1 :  0.585 0.015 0.311 0.013 0.004 0.005 0.025 0.015 0.023 0.006     (0.041,0.998) (0.000,0.101) (0.000,0.812) (0.000,0.075) (0.000,0.021) (0.000,0.025) (0.000,0.166) (0.000,0.098) (0.000,0.099) (0.000,0.030) 
 78      222    (0)    1 :  0.431 0.004 0.019 0.052 0.005 0.006 0.011 0.013 0.436 0.022     (0.000,0.989) (0.000,0.024) (0.000,0.127) (0.000,0.447) (0.000,0.025) (0.000,0.037) (0.000,0.058) (0.000,0.079) (0.000,0.964) (0.000,0.157) 
 79      224    (0)    1 :  0.008 0.015 0.005 0.024 0.125 0.012 0.006 0.005 0.791 0.009     (0.000,0.045) (0.000,0.102) (0.000,0.030) (0.000,0.148) (0.000,0.957) (0.000,0.068) (0.000,0.033) (0.000,0.025) (0.000,1.000) (0.000,0.051) 
 80      226    (0)    1 :  0.004 0.004 0.010 0.005 0.008 0.947 0.005 0.004 0.005 0.008     (0.000,0.022) (0.000,0.024) (0.000,0.067) (0.000,0.027) (0.000,0.052) (0.785,1.000) (0.000,0.025) (0.000,0.020) (0.000,0.027) (0.000,0.043) 
 81      229    (0)    1 :  0.030 0.068 0.027 0.074 0.577 0.008 0.018 0.151 0.030 0.017     (0.000,0.222) (0.000,0.489) (0.000,0.203) (0.000,0.367) (0.089,0.899) (0.000,0.048) (0.000,0.122) (0.000,0.490) (0.000,0.201) (0.000,0.113) 
 82      230    (0)    1 :  0.014 0.020 0.012 0.014 0.795 0.016 0.055 0.006 0.049 0.018     (0.000,0.102) (0.000,0.137) (0.000,0.078) (0.000,0.086) (0.415,0.999) (0.000,0.111) (0.000,0.319) (0.000,0.033) (0.000,0.331) (0.000,0.122) 
 83      232    (0)    1 :  0.020 0.432 0.057 0.193 0.066 0.055 0.044 0.008 0.103 0.022     (0.000,0.138) (0.000,0.883) (0.000,0.376) (0.000,0.708) (0.000,0.415) (0.000,0.343) (0.000,0.312) (0.000,0.041) (0.000,0.628) (0.000,0.145) 
 84      238    (0)    1 :  0.022 0.009 0.028 0.089 0.075 0.007 0.139 0.018 0.038 0.576     (0.000,0.154) (0.000,0.054) (0.000,0.206) (0.000,0.552) (0.000,0.391) (0.000,0.041) (0.000,0.530) (0.000,0.107) (0.000,0.269) (0.000,0.991) 
 85      242    (0)    1 :  0.009 0.004 0.009 0.006 0.005 0.006 0.004 0.031 0.009 0.917     (0.000,0.059) (0.000,0.022) (0.000,0.060) (0.000,0.035) (0.000,0.025) (0.000,0.031) (0.000,0.021) (0.000,0.219) (0.000,0.055) (0.682,1.000) 
 86      243    (0)    1 :  0.025 0.009 0.130 0.044 0.007 0.023 0.023 0.006 0.033 0.700     (0.000,0.174) (0.000,0.054) (0.000,0.572) (0.000,0.267) (0.000,0.040) (0.000,0.168) (0.000,0.168) (0.000,0.032) (0.000,0.247) (0.212,0.999) 
 87      244    (0)    1 :  0.009 0.010 0.031 0.043 0.011 0.006 0.226 0.022 0.012 0.630     (0.000,0.057) (0.000,0.064) (0.000,0.220) (0.000,0.253) (0.000,0.071) (0.000,0.033) (0.000,0.671) (0.000,0.145) (0.000,0.072) (0.034,0.996) 
 88      251    (0)    1 :  0.015 0.089 0.021 0.154 0.029 0.008 0.017 0.034 0.034 0.599     (0.000,0.088) (0.000,0.494) (0.000,0.140) (0.000,0.785) (0.000,0.214) (0.000,0.045) (0.000,0.105) (0.000,0.221) (0.000,0.234) (0.000,0.997) 
 89      266    (0)    1 :  0.012 0.009 0.152 0.046 0.036 0.011 0.557 0.039 0.016 0.122     (0.000,0.077) (0.000,0.055) (0.000,0.569) (0.000,0.306) (0.000,0.234) (0.000,0.072) (0.012,0.949) (0.000,0.247) (0.000,0.099) (0.000,0.502) 
 90      267    (0)    1 :  0.546 0.010 0.132 0.015 0.108 0.027 0.013 0.010 0.119 0.019     (0.000,0.997) (0.000,0.065) (0.000,0.666) (0.000,0.096) (0.000,0.439) (0.000,0.202) (0.000,0.084) (0.000,0.063) (0.000,0.943) (0.000,0.129) 
 91      268    (0)    1 :  0.211 0.043 0.299 0.012 0.004 0.007 0.336 0.051 0.028 0.008     (0.000,0.954) (0.000,0.306) (0.000,0.980) (0.000,0.068) (0.000,0.025) (0.000,0.039) (0.000,0.955) (0.000,0.349) (0.000,0.134) (0.000,0.043) 
 92      270    (0)    1 :  0.014 0.043 0.011 0.017 0.382 0.078 0.007 0.014 0.405 0.029     (0.000,0.094) (0.000,0.328) (0.000,0.064) (0.000,0.113) (0.000,0.967) (0.000,0.505) (0.000,0.040) (0.000,0.092) (0.000,0.943) (0.000,0.213) 
 93      276    (0)    1 :  0.039 0.042 0.039 0.036 0.034 0.218 0.037 0.007 0.534 0.013     (0.000,0.287) (0.000,0.303) (0.000,0.281) (0.000,0.270) (0.000,0.221) (0.000,0.769) (0.000,0.269) (0.000,0.044) (0.000,0.999) (0.000,0.079) 
 94      298    (6)    1 :  0.733 0.013 0.075 0.016 0.005 0.017 0.098 0.021 0.011 0.010     (0.304,0.999) (0.000,0.086) (0.000,0.481) (0.000,0.103) (0.000,0.027) (0.000,0.125) (0.000,0.477) (0.000,0.152) (0.000,0.061) (0.000,0.064) 
 95      306    (0)    1 :  0.012 0.006 0.584 0.346 0.004 0.006 0.009 0.009 0.013 0.011     (0.000,0.075) (0.000,0.033) (0.261,0.958) (0.000,0.676) (0.000,0.021) (0.000,0.035) (0.000,0.053) (0.000,0.048) (0.000,0.078) (0.000,0.070) 
 96      308    (0)    1 :  0.199 0.071 0.038 0.276 0.007 0.007 0.328 0.013 0.027 0.033     (0.000,0.676) (0.000,0.408) (0.000,0.279) (0.000,0.769) (0.000,0.045) (0.000,0.038) (0.000,0.906) (0.000,0.084) (0.000,0.181) (0.000,0.236) 
 97      311    (6)    1 :  0.144 0.014 0.130 0.409 0.032 0.008 0.012 0.017 0.132 0.102     (0.000,0.776) (0.000,0.092) (0.000,0.815) (0.000,0.990) (0.000,0.236) (0.000,0.050) (0.000,0.071) (0.000,0.113) (0.000,0.907) (0.000,0.554) 
 98      323    (0)    1 :  0.006 0.004 0.005 0.005 0.008 0.950 0.004 0.004 0.006 0.008     (0.000,0.036) (0.000,0.021) (0.000,0.027) (0.000,0.030) (0.000,0.046) (0.798,1.000) (0.000,0.023) (0.000,0.025) (0.000,0.031) (0.000,0.043) 
 99      327    (0)    1 :  0.011 0.344 0.033 0.020 0.418 0.019 0.007 0.035 0.095 0.018     (0.000,0.067) (0.000,0.862) (0.000,0.240) (0.000,0.115) (0.000,0.884) (0.000,0.137) (0.000,0.042) (0.000,0.257) (0.000,0.584) (0.000,0.116) 
100      334    (0)    1 :  0.007 0.005 0.005 0.004 0.004 0.003 0.004 0.959 0.005 0.005     (0.000,0.041) (0.000,0.026) (0.000,0.026) (0.000,0.023) (0.000,0.021) (0.000,0.018) (0.000,0.020) (0.837,1.000) (0.000,0.025) (0.000,0.028) 
101      338    (0)    1 :  0.306 0.027 0.159 0.307 0.014 0.015 0.015 0.011 0.130 0.015     (0.000,0.983) (0.000,0.197) (0.000,0.770) (0.000,0.963) (0.000,0.094) (0.000,0.102) (0.000,0.087) (0.000,0.070) (0.000,0.911) (0.000,0.092) 
102      341    (0)    1 :  0.005 0.006 0.021 0.009 0.007 0.923 0.005 0.007 0.006 0.011     (0.000,0.027) (0.000,0.032) (0.000,0.150) (0.000,0.054) (0.000,0.038) (0.706,1.000) (0.000,0.029) (0.000,0.038) (0.000,0.036) (0.000,0.065) 
103      346    (0)    1 :  0.007 0.033 0.599 0.030 0.010 0.010 0.289 0.005 0.011 0.008     (0.000,0.038) (0.000,0.243) (0.000,1.000) (0.000,0.194) (0.000,0.057) (0.000,0.056) (0.000,0.979) (0.000,0.029) (0.000,0.048) (0.000,0.042) 
104      348    (0)    1 :  0.535 0.008 0.019 0.083 0.007 0.007 0.229 0.012 0.077 0.024     (0.000,0.996) (0.000,0.046) (0.000,0.121) (0.000,0.432) (0.000,0.038) (0.000,0.044) (0.000,0.777) (0.000,0.078) (0.000,0.600) (0.000,0.167) 
105      351    (0)    1 :  0.009 0.034 0.330 0.035 0.006 0.026 0.022 0.220 0.016 0.301     (0.000,0.052) (0.000,0.245) (0.000,0.970) (0.000,0.192) (0.000,0.036) (0.000,0.194) (0.000,0.146) (0.000,0.786) (0.000,0.103) (0.000,0.977) 
106      362    (0)    1 :  0.006 0.020 0.006 0.008 0.911 0.026 0.006 0.004 0.008 0.006     (0.000,0.034) (0.000,0.129) (0.000,0.037) (0.000,0.046) (0.664,1.000) (0.000,0.189) (0.000,0.032) (0.000,0.022) (0.000,0.045) (0.000,0.035) 
107      364    (0)    1 :  0.009 0.011 0.032 0.024 0.005 0.009 0.009 0.025 0.008 0.868     (0.000,0.056) (0.000,0.066) (0.000,0.225) (0.000,0.171) (0.000,0.026) (0.000,0.056) (0.000,0.052) (0.000,0.175) (0.000,0.046) (0.559,1.000) 
108      366    (0)    1 :  0.021 0.011 0.032 0.010 0.053 0.010 0.009 0.005 0.012 0.837     (0.000,0.150) (0.000,0.067) (0.000,0.228) (0.000,0.045) (0.000,0.343) (0.000,0.060) (0.000,0.053) (0.000,0.026) (0.000,0.070) (0.468,1.000) 
109      376    (0)    1 :  0.007 0.029 0.018 0.044 0.014 0.835 0.016 0.006 0.023 0.008     (0.000,0.039) (0.000,0.212) (0.000,0.122) (0.000,0.255) (0.000,0.090) (0.531,1.000) (0.000,0.113) (0.000,0.035) (0.000,0.167) (0.000,0.043) 
110      377    (6)    1 :  0.024 0.215 0.017 0.182 0.040 0.018 0.008 0.006 0.480 0.011     (0.000,0.168) (0.000,0.822) (0.000,0.104) (0.000,0.881) (0.000,0.295) (0.000,0.121) (0.000,0.039) (0.000,0.032) (0.000,0.996) (0.000,0.061) 
111      378    (0)    1 :  0.008 0.907 0.019 0.022 0.007 0.010 0.011 0.005 0.007 0.005     (0.000,0.047) (0.647,1.000) (0.000,0.112) (0.000,0.148) (0.000,0.038) (0.000,0.062) (0.000,0.072) (0.000,0.026) (0.000,0.039) (0.000,0.027) 
112      388    (0)    1 :  0.500 0.023 0.238 0.026 0.011 0.009 0.010 0.021 0.148 0.014     (0.000,0.999) (0.000,0.163) (0.000,0.966) (0.000,0.174) (0.000,0.069) (0.000,0.054) (0.000,0.063) (0.000,0.151) (0.000,0.982) (0.000,0.089) 
113      391    (0)    1 :  0.018 0.212 0.188 0.143 0.006 0.397 0.008 0.004 0.012 0.012     (0.000,0.126) (0.000,0.616) (0.000,0.808) (0.000,0.626) (0.000,0.033) (0.000,0.777) (0.000,0.046) (0.000,0.022) (0.000,0.069) (0.000,0.065) 
114      401    (0)    1 :  0.008 0.011 0.014 0.141 0.402 0.052 0.183 0.030 0.019 0.140     (0.000,0.045) (0.000,0.070) (0.000,0.084) (0.000,0.610) (0.000,0.741) (0.000,0.388) (0.000,0.614) (0.000,0.191) (0.000,0.105) (0.000,0.601) 
115      406    (0)    1 :  0.157 0.016 0.376 0.186 0.011 0.088 0.020 0.007 0.095 0.044     (0.000,0.905) (0.000,0.105) (0.000,0.988) (0.000,0.907) (0.000,0.074) (0.000,0.502) (0.000,0.134) (0.000,0.037) (0.000,0.817) (0.000,0.304) 
116      412    (6)    1 :  0.108 0.025 0.286 0.385 0.018 0.021 0.013 0.006 0.125 0.014     (0.000,0.850) (0.000,0.172) (0.000,0.993) (0.000,0.997) (0.000,0.124) (0.000,0.147) (0.000,0.073) (0.000,0.028) (0.000,0.962) (0.000,0.084) 
117      413    (0)    1 :  0.016 0.005 0.011 0.720 0.009 0.003 0.035 0.157 0.020 0.024     (0.000,0.106) (0.000,0.026) (0.000,0.060) (0.001,0.999) (0.000,0.053) (0.000,0.018) (0.000,0.225) (0.000,0.514) (0.000,0.112) (0.000,0.167) 
118      421    (0)    1 :  0.012 0.010 0.026 0.101 0.066 0.014 0.012 0.011 0.739 0.009     (0.000,0.074) (0.000,0.057) (0.000,0.184) (0.000,0.628) (0.000,0.455) (0.000,0.092) (0.000,0.075) (0.000,0.065) (0.000,1.000) (0.000,0.051) 
119      423    (0)    1 :  0.012 0.009 0.006 0.096 0.071 0.015 0.006 0.008 0.766 0.012     (0.000,0.079) (0.000,0.056) (0.000,0.031) (0.000,0.730) (0.000,0.472) (0.000,0.103) (0.000,0.030) (0.000,0.043) (0.000,1.000) (0.000,0.070) 
120      424    (0)    1 :  0.020 0.026 0.258 0.460 0.009 0.163 0.010 0.009 0.018 0.027     (0.000,0.137) (0.000,0.170) (0.000,0.981) (0.000,0.990) (0.000,0.055) (0.000,0.666) (0.000,0.059) (0.000,0.051) (0.000,0.103) (0.000,0.185) 
121      426    (0)    1 :  0.012 0.745 0.068 0.047 0.034 0.021 0.016 0.009 0.025 0.023     (0.000,0.069) (0.035,1.000) (0.000,0.525) (0.000,0.322) (0.000,0.239) (0.000,0.151) (0.000,0.111) (0.000,0.050) (0.000,0.177) (0.000,0.158) 
122      430   (12)    1 :  0.018 0.016 0.420 0.411 0.012 0.037 0.035 0.019 0.025 0.008     (0.000,0.112) (0.000,0.101) (0.000,0.981) (0.000,0.952) (0.000,0.070) (0.000,0.267) (0.000,0.243) (0.000,0.131) (0.000,0.164) (0.000,0.041) 
123      435    (0)    1 :  0.035 0.012 0.016 0.519 0.004 0.004 0.385 0.004 0.016 0.004     (0.000,0.223) (0.000,0.074) (0.000,0.103) (0.000,0.940) (0.000,0.021) (0.000,0.022) (0.000,0.921) (0.000,0.023) (0.000,0.093) (0.000,0.024) 
124      476    (0)    1 :  0.007 0.017 0.012 0.034 0.097 0.741 0.027 0.007 0.030 0.029     (0.000,0.041) (0.000,0.114) (0.000,0.078) (0.000,0.218) (0.000,0.443) (0.391,0.995) (0.000,0.192) (0.000,0.039) (0.000,0.212) (0.000,0.191) 
125      478    (0)    1 :  0.008 0.017 0.011 0.011 0.033 0.581 0.005 0.008 0.303 0.022     (0.000,0.047) (0.000,0.116) (0.000,0.071) (0.000,0.070) (0.000,0.250) (0.000,0.969) (0.000,0.030) (0.000,0.051) (0.000,0.960) (0.000,0.162) 
126      484    (0)    1 :  0.536 0.009 0.265 0.018 0.007 0.014 0.022 0.010 0.112 0.006     (0.000,0.999) (0.000,0.056) (0.000,0.854) (0.000,0.114) (0.000,0.043) (0.000,0.091) (0.000,0.158) (0.000,0.055) (0.000,0.951) (0.000,0.033) 
127      489    (0)    1 :  0.047 0.313 0.033 0.262 0.006 0.009 0.007 0.011 0.304 0.007     (0.000,0.339) (0.000,0.960) (0.000,0.234) (0.000,0.984) (0.000,0.032) (0.000,0.058) (0.000,0.039) (0.000,0.066) (0.000,0.981) (0.000,0.036) 
128      492   (18)    1 :  0.004 0.004 0.006 0.005 0.003 0.004 0.004 0.964 0.003 0.004     (0.000,0.024) (0.000,0.020) (0.000,0.030) (0.000,0.026) (0.000,0.017) (0.000,0.020) (0.000,0.020) (0.851,1.000) (0.000,0.018) (0.000,0.021) 
129      493    (0)    1 :  0.005 0.010 0.007 0.011 0.017 0.007 0.006 0.004 0.008 0.923     (0.000,0.030) (0.000,0.064) (0.000,0.044) (0.000,0.070) (0.000,0.119) (0.000,0.044) (0.000,0.036) (0.000,0.023) (0.000,0.043) (0.711,1.000) 
130      494    (0)    1 :  0.007 0.030 0.006 0.017 0.009 0.011 0.008 0.014 0.024 0.874     (0.000,0.039) (0.000,0.216) (0.000,0.032) (0.000,0.075) (0.000,0.052) (0.000,0.073) (0.000,0.047) (0.000,0.082) (0.000,0.175) (0.548,1.000) 
131      500    (0)    1 :  0.004 0.008 0.005 0.005 0.915 0.016 0.004 0.003 0.032 0.010     (0.000,0.020) (0.000,0.043) (0.000,0.025) (0.000,0.025) (0.632,1.000) (0.000,0.107) (0.000,0.021) (0.000,0.013) (0.000,0.245) (0.000,0.058) 
132      504    (0)    1 :  0.612 0.041 0.108 0.013 0.039 0.008 0.013 0.047 0.100 0.018     (0.000,0.995) (0.000,0.274) (0.000,0.632) (0.000,0.079) (0.000,0.251) (0.000,0.050) (0.000,0.083) (0.000,0.289) (0.000,0.786) (0.000,0.125) 
133      506    (0)    1 :  0.772 0.008 0.010 0.007 0.138 0.010 0.004 0.003 0.042 0.006     (0.392,1.000) (0.000,0.046) (0.000,0.058) (0.000,0.041) (0.000,0.469) (0.000,0.056) (0.000,0.024) (0.000,0.018) (0.000,0.359) (0.000,0.031) 


Estimated Allele Frequencies in each cluster
First column gives estimated ancestral frequencies


Locus 1 : Rsu3 
3 alleles
0.0% missing data
 164   (0.518) 0.396 0.635 0.504 0.290 0.785 0.493 0.666 0.149 0.497 0.603 
 166   (0.246) 0.572 0.232 0.329 0.613 0.046 0.074 0.094 0.439 0.198 0.181 
 170   (0.236) 0.032 0.134 0.167 0.097 0.169 0.432 0.240 0.412 0.305 0.217 

Locus 2 : Rsu5 
5 alleles
0.0% missing data
 137   (0.741) 0.369 0.898 0.900 0.823 0.953 0.975 0.800 0.210 0.929 0.681 
 135   (0.084) 0.013 0.055 0.063 0.107 0.008 0.012 0.040 0.016 0.018 0.124 
 139   (0.097) 0.010 0.040 0.016 0.052 0.033 0.009 0.061 0.761 0.016 0.153 
 133   (0.024) 0.002 0.002 0.003 0.004 0.002 0.002 0.003 0.004 0.004 0.026 
 131   (0.054) 0.606 0.005 0.018 0.015 0.004 0.004 0.096 0.008 0.033 0.015 

Locus 3 : Scv1 
5 alleles
0.0% missing data
 181   (0.527) 0.394 0.775 0.358 0.347 0.769 0.957 0.355 0.150 0.461 0.708 
 179   (0.187) 0.091 0.102 0.417 0.079 0.051 0.019 0.284 0.762 0.165 0.121 
 177   (0.108) 0.172 0.105 0.182 0.323 0.016 0.010 0.024 0.027 0.102 0.061 
 185   (0.149) 0.341 0.014 0.039 0.244 0.162 0.012 0.332 0.056 0.268 0.068 
 171   (0.028) 0.003 0.003 0.003 0.007 0.002 0.002 0.004 0.006 0.005 0.043 

Locus 4 : Rsu4 
9 alleles
0.0% missing data
 267   (0.198) 0.102 0.065 0.048 0.038 0.324 0.148 0.104 0.696 0.251 0.276 
 263   (0.342) 0.406 0.763 0.351 0.810 0.203 0.482 0.270 0.166 0.306 0.258 
 259   (0.063) 0.006 0.071 0.010 0.011 0.066 0.255 0.010 0.013 0.266 0.017 
 287   (0.157) 0.144 0.057 0.477 0.086 0.356 0.098 0.076 0.036 0.094 0.126 
 275   (0.038) 0.004 0.003 0.008 0.006 0.004 0.003 0.019 0.009 0.006 0.123 
 279   (0.065) 0.007 0.016 0.023 0.017 0.012 0.005 0.318 0.038 0.013 0.083 
 283   (0.073) 0.325 0.007 0.071 0.019 0.006 0.005 0.193 0.018 0.037 0.046 
 291   (0.039) 0.004 0.015 0.008 0.009 0.027 0.003 0.007 0.018 0.024 0.025 
 271   (0.025) 0.002 0.002 0.004 0.004 0.002 0.002 0.004 0.004 0.004 0.046 

Locus 5 : Rsu6 
5 alleles
0.0% missing data
 120   (0.267) 0.091 0.548 0.436 0.189 0.106 0.291 0.196 0.120 0.350 0.214 
 126   (0.610) 0.897 0.402 0.549 0.791 0.470 0.563 0.783 0.847 0.602 0.634 
 124   (0.072) 0.008 0.046 0.009 0.012 0.415 0.143 0.014 0.024 0.019 0.053 
 130   (0.029) 0.003 0.002 0.003 0.004 0.002 0.002 0.004 0.004 0.004 0.093 
 114   (0.022) 0.002 0.002 0.003 0.004 0.007 0.002 0.003 0.004 0.025 0.007 

Locus 6 : Scv12 
3 alleles
1.5% missing data
 198   (0.575) 0.416 0.404 0.582 0.829 0.155 0.712 0.616 0.774 0.535 0.722 
 196   (0.268) 0.541 0.298 0.372 0.132 0.076 0.269 0.224 0.162 0.350 0.145 
 200   (0.157) 0.043 0.299 0.046 0.039 0.769 0.020 0.160 0.065 0.115 0.134 

Locus 7 : Scv23 
3 alleles
0.8% missing data
 158   (0.529) 0.807 0.446 0.462 0.687 0.760 0.328 0.538 0.572 0.703 0.454 
 164   (0.186) 0.102 0.104 0.269 0.059 0.058 0.476 0.038 0.365 0.082 0.256 
 160   (0.285) 0.091 0.450 0.269 0.254 0.182 0.196 0.425 0.063 0.214 0.290 

Locus 8 : Scv13 
5 alleles
0.0% missing data
 182   (0.735) 0.908 0.966 0.914 0.912 0.901 0.785 0.453 0.945 0.887 0.668 
 180   (0.091) 0.009 0.018 0.017 0.024 0.071 0.187 0.017 0.021 0.066 0.119 
 172   (0.077) 0.071 0.007 0.051 0.019 0.007 0.006 0.333 0.013 0.026 0.062 
 184   (0.061) 0.008 0.006 0.012 0.031 0.017 0.019 0.020 0.014 0.015 0.131 
 174   (0.037) 0.004 0.003 0.007 0.014 0.004 0.002 0.177 0.007 0.006 0.020 

Locus 9 : Scv32 
18 alleles
0.8% missing data
 236   (0.033) 0.003 0.003 0.006 0.007 0.003 0.002 0.007 0.009 0.005 0.146 
 238   (0.041) 0.062 0.006 0.276 0.015 0.004 0.003 0.007 0.014 0.023 0.020 
 234   (0.149) 0.085 0.107 0.318 0.444 0.023 0.331 0.655 0.091 0.076 0.063 
 246   (0.054) 0.006 0.010 0.007 0.021 0.096 0.331 0.015 0.018 0.186 0.015 
 248   (0.098) 0.020 0.404 0.055 0.039 0.033 0.007 0.015 0.398 0.192 0.104 
 262   (0.101) 0.033 0.134 0.072 0.120 0.418 0.011 0.032 0.116 0.106 0.050 
 232   (0.147) 0.537 0.016 0.047 0.201 0.029 0.151 0.034 0.046 0.239 0.371 
 250   (0.029) 0.003 0.273 0.022 0.011 0.004 0.004 0.004 0.007 0.005 0.008 
 228   (0.024) 0.002 0.003 0.003 0.007 0.002 0.002 0.005 0.008 0.005 0.039 
 220   (0.045) 0.004 0.009 0.007 0.009 0.337 0.074 0.008 0.015 0.029 0.013 
 264   (0.060) 0.006 0.010 0.112 0.043 0.006 0.045 0.019 0.015 0.015 0.056 
 252   (0.048) 0.081 0.005 0.012 0.011 0.030 0.003 0.097 0.012 0.020 0.014 
 254   (0.050) 0.100 0.008 0.033 0.013 0.004 0.003 0.078 0.218 0.009 0.014 
 242   (0.022) 0.002 0.002 0.003 0.004 0.002 0.002 0.003 0.005 0.003 0.045 
 266   (0.031) 0.032 0.003 0.017 0.032 0.003 0.002 0.005 0.008 0.019 0.010 
 244   (0.029) 0.019 0.006 0.004 0.015 0.003 0.002 0.004 0.011 0.061 0.008 
 226   (0.020) 0.002 0.002 0.003 0.003 0.002 0.027 0.003 0.005 0.003 0.006 
 240   (0.018) 0.002 0.002 0.003 0.003 0.002 0.001 0.008 0.005 0.003 0.019 

Locus 10 : Scv8 
6 alleles
0.8% missing data
 200   (0.619) 0.610 0.807 0.836 0.514 0.857 0.833 0.422 0.841 0.550 0.635 
 202   (0.099) 0.057 0.009 0.088 0.077 0.009 0.007 0.049 0.053 0.044 0.174 
 194   (0.088) 0.009 0.030 0.030 0.335 0.019 0.147 0.027 0.030 0.157 0.038 
 204   (0.049) 0.005 0.138 0.009 0.012 0.023 0.004 0.009 0.039 0.038 0.021 
 198   (0.073) 0.007 0.009 0.012 0.028 0.087 0.005 0.016 0.018 0.182 0.098 
 188   (0.072) 0.313 0.006 0.026 0.034 0.006 0.005 0.476 0.019 0.029 0.035 

Locus 11 : Scv9 
5 alleles
0.0% missing data
 198   (0.322) 0.352 0.510 0.735 0.333 0.090 0.418 0.557 0.479 0.136 0.185 
 200   (0.342) 0.335 0.369 0.088 0.154 0.714 0.370 0.106 0.429 0.302 0.519 
 196   (0.268) 0.303 0.114 0.166 0.498 0.191 0.031 0.179 0.081 0.549 0.277 
 204   (0.045) 0.005 0.005 0.008 0.010 0.004 0.179 0.124 0.007 0.008 0.012 
 202   (0.023) 0.004 0.002 0.003 0.004 0.002 0.002 0.033 0.004 0.004 0.007 

Locus 12 : Rsu1 
6 alleles
0.0% missing data
 189   (0.276) 0.091 0.061 0.207 0.351 0.076 0.513 0.271 0.457 0.080 0.510 
 185   (0.278) 0.800 0.081 0.537 0.301 0.105 0.165 0.122 0.440 0.412 0.179 
 177   (0.085) 0.068 0.012 0.015 0.024 0.145 0.012 0.047 0.025 0.115 0.046 
 181   (0.245) 0.031 0.755 0.223 0.302 0.238 0.041 0.543 0.051 0.187 0.233 
 193   (0.065) 0.006 0.086 0.013 0.013 0.306 0.027 0.010 0.018 0.163 0.018 
 197   (0.051) 0.004 0.005 0.006 0.009 0.130 0.243 0.007 0.008 0.043 0.014 

Locus 13 : Scv14 
7 alleles
4.5% missing data
 196   (0.559) 0.591 0.896 0.428 0.766 0.909 0.945 0.657 0.126 0.603 0.498 
 198   (0.076) 0.025 0.010 0.350 0.016 0.006 0.006 0.063 0.026 0.012 0.100 
 194   (0.128) 0.027 0.050 0.029 0.141 0.013 0.016 0.165 0.031 0.209 0.200 
 202   (0.166) 0.350 0.024 0.177 0.062 0.055 0.028 0.083 0.798 0.164 0.159 
 204   (0.024) 0.002 0.003 0.003 0.004 0.002 0.002 0.004 0.004 0.004 0.025 
 190   (0.023) 0.002 0.015 0.006 0.006 0.012 0.002 0.004 0.008 0.005 0.008 
 200   (0.024) 0.002 0.003 0.008 0.004 0.003 0.002 0.024 0.006 0.004 0.010 

Locus 14 : Scv16 
7 alleles
0.0% missing data
 182   (0.411) 0.260 0.761 0.501 0.699 0.644 0.166 0.511 0.848 0.494 0.230 
 184   (0.398) 0.674 0.219 0.438 0.262 0.308 0.810 0.201 0.114 0.289 0.559 
 188   (0.063) 0.006 0.006 0.008 0.009 0.036 0.014 0.009 0.011 0.195 0.144 
 200   (0.024) 0.003 0.002 0.003 0.004 0.002 0.002 0.004 0.004 0.004 0.026 
 198   (0.043) 0.034 0.006 0.032 0.014 0.004 0.003 0.163 0.012 0.007 0.012 
 190   (0.037) 0.021 0.003 0.014 0.007 0.003 0.003 0.105 0.007 0.007 0.010 
 186   (0.023) 0.002 0.002 0.003 0.005 0.003 0.002 0.007 0.005 0.004 0.020 

Locus 15 : Scv31 
15 alleles
3.0% missing data
 193   (0.116) 0.141 0.594 0.291 0.047 0.042 0.015 0.035 0.081 0.048 0.081 
 201   (0.095) 0.081 0.078 0.018 0.022 0.098 0.009 0.016 0.060 0.024 0.230 
 187   (0.088) 0.095 0.089 0.020 0.018 0.467 0.290 0.015 0.034 0.064 0.025 
 207   (0.034) 0.004 0.003 0.004 0.005 0.004 0.376 0.005 0.007 0.081 0.009 
 195   (0.061) 0.186 0.014 0.011 0.064 0.020 0.007 0.036 0.019 0.265 0.017 
 185   (0.186) 0.157 0.025 0.526 0.171 0.017 0.242 0.306 0.069 0.122 0.134 
 189   (0.055) 0.005 0.139 0.007 0.008 0.004 0.004 0.008 0.011 0.009 0.225 
 205   (0.025) 0.003 0.002 0.003 0.005 0.002 0.002 0.006 0.005 0.005 0.022 
 191   (0.146) 0.018 0.036 0.082 0.625 0.262 0.041 0.457 0.057 0.319 0.058 
 197   (0.028) 0.252 0.004 0.004 0.004 0.005 0.003 0.004 0.006 0.007 0.008 
 199   (0.058) 0.048 0.006 0.008 0.013 0.005 0.004 0.093 0.014 0.011 0.075 
 203   (0.025) 0.002 0.002 0.003 0.003 0.002 0.002 0.004 0.007 0.004 0.069 
 209   (0.021) 0.002 0.002 0.014 0.004 0.002 0.002 0.008 0.033 0.004 0.030 
 213   (0.027) 0.003 0.002 0.003 0.004 0.002 0.002 0.004 0.589 0.004 0.007 
 181   (0.036) 0.004 0.003 0.005 0.007 0.067 0.003 0.005 0.008 0.033 0.010 

Locus 16 : Scv6 
8 alleles
0.0% missing data
 191   (0.112) 0.019 0.254 0.020 0.017 0.213 0.009 0.019 0.341 0.071 0.190 
 195   (0.372) 0.623 0.422 0.498 0.374 0.407 0.694 0.209 0.083 0.609 0.310 
 197   (0.219) 0.228 0.288 0.277 0.050 0.342 0.265 0.411 0.056 0.229 0.119 
 201   (0.081) 0.008 0.011 0.085 0.042 0.007 0.006 0.138 0.095 0.019 0.142 
 205   (0.024) 0.002 0.002 0.003 0.003 0.002 0.002 0.004 0.004 0.004 0.049 
 193   (0.097) 0.090 0.009 0.080 0.138 0.011 0.007 0.176 0.025 0.038 0.120 
 199   (0.069) 0.027 0.012 0.034 0.372 0.017 0.016 0.040 0.391 0.027 0.023 
 181   (0.025) 0.003 0.002 0.004 0.003 0.002 0.002 0.004 0.007 0.004 0.046 

Values of parameters used in structure:
DATAFILE=M:\STRUCTURE\Squirrel_133_ID_16L_20250816\project_data,	OUTFILE=M:\STRUCTURE\Squirrel_133_ID_16L_20250816\10k_Burnin_100k_MCMC\Results\10k_Burnin_100k_MCMC_run_245,	NUMINDS=133,	NUMLOCI=16,	MISSING=-9,	LABEL=1,	POPDATA=1,	POPFLAG=0,	PHENOTYPE=0,	EXTRACOLS=1,	MAXPOPS=10,	BURNIN=10000,	NUMREPS=100000,	USEPOPINFO=0,	INFERALPHA=1,	INFERLAMBDA=1,	POPSPECIFICLAMBDA=0,	POPALPHAS=0,	COMPUTEPROB=1,	NOADMIX=0,	ADMBURNIN=2500,	UPDATEFREQ=1,	PRINTLIKES=0,	INTERMEDSAVE=0,	PRINTKLD=0,	PRINTNET=0,	PRINTLAMBDA=0,	ANCESTDIST=1,	NUMBOXES=1000,	ANCESTPINT=0.90000,	GENSBACK=2,	MIGRPRIOR=0.05000,	PRINTQHAT=1,	PRINTQSUM=0,	ALPHA=1.0000,	FREQSCORR=1,	FPRIORMEAN=0.0100,	FPRIORSD=0.0500,	ONEFST=0,	LAMBDA=1.0000,	UNIFPRIORALPHA=1,	ALPHAMAX=10.0000,	ALPHAPRIORA=1.0000,	ALPHAPRIORB=2.0000,	ALPHAPROPSD=0.0250,	STARTATPOPINFO=0,	RANDOMIZE=1,	LINKAGE=0,	METROFREQ=10,	REPORTHITRATE=0,	MARKOVPHASE=-1,	PHASED=0,	PLOIDY=2,	PHASEINFO=0	LOCPRIOR=0, 	LOCPRIORINIT=1.000000, 	LOCDATA=0, 	LOCISPOP=0, 	LOCPRIORSTEP=0.100000, 	MAXLOCPRIOR=20.000000, 	SEED=1763682577,	
[STRAT parameters]:    NUMSIMSTATS=1000,	PHENOTYPECOL=-9,	POOLFREQ=10,	LOCUSxONLY=0,	EMERROR=0.00100,	MISSINGPHENO=-9,	