          1*  1 0.8025 0.0289 0.0706 0.0141 0.0083 0.0673 0.0084 
           3  1 0.0054 0.0064 0.0054 0.9669 0.0057 0.0055 0.0047 
           6  1 0.0055 0.0203 0.0107 0.9110 0.0232 0.0134 0.0159 
           8  1 0.0116 0.0116 0.0215 0.0063 0.9351 0.0097 0.0042 
          10  1 0.0088 0.0042 0.8236 0.0097 0.1397 0.0086 0.0053 
          11  1 0.3921 0.0171 0.0205 0.0355 0.0521 0.4185 0.0642 
          12  1 0.0041 0.0046 0.9686 0.0052 0.0066 0.0054 0.0055 
          16  1 0.0059 0.0056 0.0080 0.9500 0.0183 0.0066 0.0056 
          18  1 0.9580 0.0055 0.0060 0.0088 0.0087 0.0084 0.0046 
          19  1 0.3915 0.0252 0.0108 0.0143 0.0325 0.4669 0.0590 
          21  1 0.0063 0.0067 0.0088 0.9338 0.0285 0.0080 0.0079 
          23  1 0.0083 0.0173 0.8352 0.0139 0.0175 0.0592 0.0486 
          24  1 0.1336 0.0095 0.3895 0.0144 0.1686 0.2524 0.0319 
          25  1 0.0122 0.0103 0.7832 0.0511 0.0756 0.0543 0.0133 
         26*  1 0.0226 0.0069 0.1794 0.0924 0.6742 0.0197 0.0049 
          28  1 0.0094 0.0072 0.1426 0.0665 0.7541 0.0124 0.0078 
          29  1 0.0146 0.0056 0.8476 0.0057 0.1101 0.0105 0.0059 
          30  1 0.0167 0.3278 0.0639 0.1051 0.4272 0.0526 0.0068 
          33  1 0.7464 0.0130 0.0058 0.0058 0.0044 0.1837 0.0409 
          37  1 0.9334 0.0056 0.0211 0.0115 0.0078 0.0118 0.0088 
          38  1 0.9268 0.0041 0.0146 0.0102 0.0196 0.0200 0.0047 
          43  1 0.0113 0.0066 0.7278 0.0311 0.2020 0.0131 0.0082 
          44  1 0.0102 0.0360 0.0072 0.3756 0.5380 0.0230 0.0099 
          48  1 0.9588 0.0055 0.0063 0.0122 0.0057 0.0069 0.0045 
          55  1 0.0122 0.0242 0.0124 0.1803 0.7334 0.0257 0.0118 
          59  1 0.0063 0.0051 0.0038 0.9690 0.0062 0.0052 0.0043 
          60  1 0.0617 0.1795 0.2285 0.0177 0.0053 0.3210 0.1863 
          61  1 0.0090 0.0501 0.0075 0.0155 0.0083 0.0833 0.8263 
          62  1 0.0205 0.0258 0.0378 0.0122 0.0120 0.2195 0.6722 
          65  1 0.8296 0.0253 0.0079 0.0055 0.0106 0.1081 0.0130 
          73  1 0.0089 0.8702 0.0844 0.0063 0.0112 0.0137 0.0054 
          75  1 0.0128 0.0461 0.0049 0.0091 0.0090 0.1529 0.7651 
          76  1 0.0039 0.0075 0.0087 0.0055 0.0043 0.0087 0.9614 
          77  1 0.0066 0.0049 0.0089 0.0064 0.0044 0.0343 0.9344 
          78  1 0.0133 0.7243 0.0144 0.0070 0.0109 0.0279 0.2022 
          79  1 0.0108 0.0690 0.0046 0.0047 0.0064 0.0360 0.8685 
          84  1 0.0186 0.0238 0.0997 0.6494 0.1001 0.0715 0.0369 
          85  1 0.0108 0.0136 0.0066 0.0108 0.9345 0.0159 0.0078 
          86  1 0.0167 0.0190 0.0152 0.0058 0.8758 0.0568 0.0106 
          89  1 0.0266 0.0148 0.2778 0.5259 0.0136 0.0871 0.0541 
          94  1 0.0277 0.0047 0.9298 0.0110 0.0112 0.0089 0.0067 
          95  1 0.0109 0.0085 0.0053 0.9498 0.0119 0.0079 0.0058 
          96  1 0.0047 0.0050 0.0088 0.0041 0.9666 0.0054 0.0054 
          98  1 0.0080 0.6570 0.0126 0.0078 0.0071 0.1943 0.1131 
         102  1 0.5344 0.0109 0.0279 0.0342 0.0061 0.3723 0.0142 
         105  1 0.0089 0.9658 0.0052 0.0053 0.0048 0.0056 0.0045 
         106  1 0.0218 0.1699 0.0064 0.1163 0.0219 0.2552 0.4084 
         108  1 0.0555 0.8642 0.0098 0.0076 0.0092 0.0336 0.0201 
         109  1 0.0066 0.9065 0.0059 0.0085 0.0160 0.0400 0.0165 
         112  1 0.0222 0.0129 0.0611 0.0103 0.1194 0.2611 0.5130 
         115  1 0.4547 0.0373 0.0753 0.0140 0.0107 0.3940 0.0141 
         116  1 0.0135 0.0137 0.0061 0.0118 0.9252 0.0229 0.0070 
         117  1 0.0132 0.0261 0.2813 0.3857 0.2396 0.0288 0.0253 
         129  1 0.0076 0.0052 0.0077 0.0366 0.9326 0.0066 0.0038 
         132  1 0.1891 0.0713 0.4580 0.0254 0.0068 0.1986 0.0508 
         133  1 0.0076 0.6467 0.0104 0.0095 0.0045 0.1858 0.1355 
         137  1 0.0106 0.0182 0.0200 0.0151 0.0096 0.1052 0.8214 
         139  1 0.0157 0.0118 0.0085 0.0097 0.0149 0.1670 0.7725 
         140  1 0.0059 0.9326 0.0057 0.0129 0.0065 0.0177 0.0187 
         142  1 0.0069 0.0116 0.0107 0.0180 0.0053 0.0798 0.8677 
         144  1 0.0050 0.9702 0.0043 0.0061 0.0037 0.0057 0.0049 
         145  1 0.0074 0.0145 0.0059 0.0083 0.0049 0.2085 0.7506 
         147  1 0.0065 0.9540 0.0042 0.0044 0.0086 0.0083 0.0140 
         160  1 0.0080 0.0046 0.9555 0.0093 0.0110 0.0061 0.0054 
        162*  1 0.0040 0.0049 0.0097 0.0043 0.9663 0.0054 0.0055 
         166  1 0.0112 0.4878 0.0169 0.0280 0.0086 0.2052 0.2423 
         177  1 0.0048 0.0046 0.0052 0.0043 0.0055 0.0138 0.9618 
         178  1 0.0139 0.0789 0.0400 0.0089 0.0148 0.0707 0.7728 
         186  1 0.0042 0.0041 0.0053 0.9730 0.0048 0.0042 0.0043 
         189  1 0.0062 0.0034 0.0111 0.0068 0.9549 0.0086 0.0090 
         190  1 0.0187 0.0118 0.0622 0.0389 0.8320 0.0229 0.0135 
         191  1 0.0107 0.0460 0.0264 0.5352 0.3136 0.0371 0.0311 
         193  1 0.0122 0.0188 0.0207 0.0424 0.0107 0.2136 0.6815 
         202  1 0.0347 0.0089 0.5323 0.0094 0.2464 0.1568 0.0115 
         204  1 0.0041 0.0043 0.0076 0.0311 0.9454 0.0043 0.0033 
         211  1 0.0261 0.3467 0.4289 0.0103 0.0086 0.1198 0.0596 
         216  1 0.0072 0.8781 0.0187 0.0049 0.0046 0.0426 0.0438 
         222  1 0.0396 0.7919 0.0108 0.0072 0.0150 0.1182 0.0172 
         224  1 0.0107 0.0107 0.0144 0.0158 0.9233 0.0168 0.0084 
         226  1 0.0076 0.0048 0.0045 0.9577 0.0071 0.0131 0.0052 
         229  1 0.0390 0.0410 0.0751 0.0114 0.6574 0.1257 0.0504 
         230  1 0.0109 0.0126 0.0183 0.0156 0.8909 0.0222 0.0294 
         232  1 0.0204 0.0270 0.4948 0.0792 0.1164 0.1316 0.1305 
         238  1 0.3534 0.0233 0.0112 0.0061 0.0548 0.4449 0.1063 
         242  1 0.9463 0.0074 0.0047 0.0059 0.0056 0.0260 0.0042 
         243  1 0.5064 0.0577 0.0119 0.0311 0.0087 0.3513 0.0329 
         244  1 0.4458 0.0087 0.0095 0.0060 0.0112 0.3740 0.1448 
         251  1 0.3791 0.0176 0.0999 0.0087 0.0233 0.4441 0.0273 
         266  1 0.1105 0.0167 0.0117 0.0100 0.0159 0.3597 0.4754 
         267  1 0.0167 0.8488 0.0152 0.0279 0.0392 0.0403 0.0117 
         268  1 0.0104 0.6425 0.0433 0.0080 0.0052 0.0793 0.2113 
         270  1 0.0135 0.0105 0.0145 0.0279 0.9119 0.0129 0.0088 
         276  1 0.0162 0.0750 0.0346 0.4405 0.2784 0.0735 0.0819 
         298  1 0.0098 0.8655 0.0123 0.0135 0.0052 0.0277 0.0659 
         306  1 0.0327 0.1643 0.0297 0.0094 0.0073 0.3820 0.3747 
         308  1 0.0304 0.2450 0.0939 0.0066 0.0093 0.1194 0.4955 
         311  1 0.0970 0.3594 0.0254 0.0079 0.0222 0.4314 0.0568 
         323  1 0.0071 0.0051 0.0043 0.9667 0.0072 0.0052 0.0043 
         327  1 0.0165 0.0160 0.2665 0.0181 0.6454 0.0299 0.0076 
         334  1 0.7345 0.0178 0.0062 0.0037 0.0064 0.2233 0.0081 
         338  1 0.0125 0.7020 0.0258 0.0198 0.0131 0.1747 0.0520 
         341  1 0.0102 0.0048 0.0068 0.9530 0.0064 0.0110 0.0078 
         346  1 0.0075 0.0137 0.0613 0.0141 0.0074 0.1372 0.7588 
         348  1 0.0187 0.7405 0.0061 0.0068 0.0084 0.0499 0.1696 
         351  1 0.7049 0.0134 0.0481 0.0179 0.0086 0.1830 0.0242 
         362  1 0.0055 0.0057 0.0266 0.0254 0.9248 0.0066 0.0054 
         364  1 0.9140 0.0119 0.0121 0.0104 0.0049 0.0309 0.0158 
         366  1 0.6507 0.0294 0.0161 0.0122 0.0488 0.2327 0.0101 
         376  1 0.0073 0.0064 0.0241 0.8993 0.0220 0.0174 0.0234 
         377  1 0.0146 0.0609 0.5425 0.0317 0.2048 0.1255 0.0199 
         378  1 0.0042 0.0068 0.9548 0.0095 0.0070 0.0076 0.0101 
         388  1 0.0138 0.8806 0.0276 0.0089 0.0095 0.0484 0.0111 
         391  1 0.0091 0.0229 0.3441 0.4855 0.0060 0.1016 0.0308 
         401  1 0.1432 0.0110 0.0107 0.0846 0.2834 0.3145 0.1527 
         406  1 0.0281 0.5054 0.0307 0.1079 0.0103 0.2191 0.0985 
         412  1 0.0164 0.4991 0.0480 0.0237 0.0190 0.2547 0.1390 
         413  1 0.0382 0.0256 0.0077 0.0040 0.0168 0.2295 0.6781 
         421  1 0.0304 0.0338 0.0198 0.0251 0.5730 0.1892 0.1288 
         423  1 0.0576 0.0496 0.0183 0.0133 0.6985 0.1338 0.0289 
         424  1 0.0404 0.0622 0.1004 0.3074 0.0090 0.2693 0.2113 
         426  1 0.0162 0.0117 0.8800 0.0252 0.0259 0.0243 0.0168 
         430  1 0.0109 0.0918 0.0348 0.0502 0.0169 0.2568 0.5385 
         435  1 0.0043 0.0428 0.0121 0.0044 0.0049 0.1040 0.8274 
         476  1 0.0261 0.0066 0.0162 0.7944 0.0985 0.0345 0.0237 
         478  1 0.0256 0.0097 0.0178 0.7334 0.1866 0.0193 0.0076 
         484  1 0.0058 0.8804 0.0096 0.0128 0.0054 0.0584 0.0277 
         489  1 0.0088 0.1103 0.7282 0.0119 0.0390 0.0844 0.0173 
         492  1 0.7174 0.0143 0.0068 0.0049 0.0059 0.2357 0.0151 
         493  1 0.9029 0.0078 0.0144 0.0079 0.0143 0.0423 0.0105 
         494  1 0.7377 0.0059 0.0268 0.0133 0.0219 0.1848 0.0095 
         500  1 0.0062 0.0039 0.0090 0.0151 0.9542 0.0076 0.0041 
         504  1 0.0222 0.8486 0.0295 0.0076 0.0380 0.0432 0.0109 
         506  1 0.0060 0.8947 0.0090 0.0118 0.0658 0.0076 0.0052 
