

----------------------------------------------------
STRUCTURE by Pritchard, Stephens and Donnelly (2000)
     and Falush, Stephens and Pritchard (2003)
       Code by Pritchard, Falush and Hubisz
             Version 2.3.4 (Jul 2012)
----------------------------------------------------



Command line arguments:   bin\structure -m M:\STRUCTURE\Squirrel_133_ID_16L_20250816\10k_Burnin_100k_MCMC\mainparams -e M:\STRUCTURE\Squirrel_133_ID_16L_20250816\10k_Burnin_100k_MCMC\extraparams 
Input File:    M:\STRUCTURE\Squirrel_133_ID_16L_20250816\project_data

Run parameters:
   133 individuals
   16 loci
   6 populations assumed
   10000 Burn-in period
   100000 Reps


--------------------------------------------
Proportion of membership of each pre-defined
 population in each of the 6 clusters

Given    Inferred Clusters                            Number of
 Pop       1      2      3      4      5      6      Individuals

  1:     0.138  0.193  0.186  0.176  0.176  0.131      133
--------------------------------------------

Allele-freq. divergence among pops (Net nucleotide distance),
computed using point estimates of P.

      1       2       3       4       5       6      
 1      -    0.0927  0.0800  0.0620  0.0961  0.0934  
 2   0.0927     -    0.0791  0.0547  0.0628  0.0928  
 3   0.0800  0.0791     -    0.0584  0.0812  0.0684  
 4   0.0620  0.0547  0.0584     -    0.0601  0.0760  
 5   0.0961  0.0628  0.0812  0.0601     -    0.0761  
 6   0.0934  0.0928  0.0684  0.0760  0.0761     -    

Average distances (expected heterozygosity) between individuals in same cluster:
cluster  1  : 0.4671 
cluster  2  : 0.5668 
cluster  3  : 0.5498 
cluster  4  : 0.6454 
cluster  5  : 0.5814 
cluster  6  : 0.4839 

--------------------------------------------
Estimated Ln Prob of Data   = -4740.9
Mean value of ln likelihood = -4556.0
Variance of ln likelihood   = 369.9
Mean value of alpha         = 0.0455

Mean value of lambda        = 1.0470

Mean value of Fst_1         = 0.2895
Mean value of Fst_2         = 0.1784
Mean value of Fst_3         = 0.1960
Mean value of Fst_4         = 0.0539
Mean value of Fst_5         = 0.1543
Mean value of Fst_6         = 0.2351


Inferred ancestry of individuals:
        Label (%Miss) Pop:  Inferred clusters (and 90% probability intervals)
  1       1*    (0)    1 :  0.014 0.031 0.008 0.879 0.008 0.060     (0.000,0.092) (0.000,0.222) (0.000,0.045) (0.491,1.000) (0.000,0.046) (0.000,0.391) 
  2        3    (0)    1 :  0.972 0.006 0.005 0.006 0.005 0.005     (0.861,1.000) (0.000,0.035) (0.000,0.030) (0.000,0.031) (0.000,0.027) (0.000,0.029) 
  3        6    (0)    1 :  0.921 0.024 0.024 0.006 0.014 0.011     (0.631,1.000) (0.000,0.171) (0.000,0.166) (0.000,0.030) (0.000,0.094) (0.000,0.063) 
  4        8    (0)    1 :  0.006 0.010 0.952 0.011 0.004 0.017     (0.000,0.031) (0.000,0.058) (0.766,1.000) (0.000,0.067) (0.000,0.023) (0.000,0.115) 
  5       10    (0)    1 :  0.010 0.004 0.140 0.009 0.005 0.831     (0.000,0.064) (0.000,0.023) (0.000,0.616) (0.000,0.056) (0.000,0.028) (0.358,1.000) 
  6       11    (0)    1 :  0.042 0.023 0.066 0.740 0.105 0.025     (0.000,0.317) (0.000,0.160) (0.000,0.441) (0.000,1.000) (0.000,0.700) (0.000,0.182) 
  7       12    (0)    1 :  0.005 0.005 0.007 0.005 0.005 0.973     (0.000,0.030) (0.000,0.028) (0.000,0.041) (0.000,0.024) (0.000,0.029) (0.863,1.000) 
  8       16    (6)    1 :  0.955 0.006 0.017 0.007 0.006 0.010     (0.774,1.000) (0.000,0.032) (0.000,0.113) (0.000,0.034) (0.000,0.032) (0.000,0.056) 
  9       18    (0)    1 :  0.010 0.005 0.008 0.965 0.005 0.006     (0.000,0.061) (0.000,0.028) (0.000,0.050) (0.825,1.000) (0.000,0.027) (0.000,0.032) 
 10       19    (0)    1 :  0.016 0.032 0.044 0.833 0.063 0.012     (0.000,0.109) (0.000,0.217) (0.000,0.318) (0.276,1.000) (0.000,0.427) (0.000,0.071) 
 11       21    (6)    1 :  0.942 0.006 0.028 0.006 0.008 0.008     (0.727,1.000) (0.000,0.034) (0.000,0.192) (0.000,0.034) (0.000,0.049) (0.000,0.049) 
 12       23    (6)    1 :  0.015 0.016 0.018 0.009 0.068 0.874     (0.000,0.101) (0.000,0.104) (0.000,0.127) (0.000,0.051) (0.000,0.379) (0.523,1.000) 
 13       24    (6)    1 :  0.017 0.012 0.199 0.264 0.038 0.471     (0.000,0.115) (0.000,0.075) (0.000,0.822) (0.000,0.945) (0.000,0.264) (0.000,1.000) 
 14       25    (6)    1 :  0.051 0.013 0.071 0.015 0.014 0.836     (0.000,0.298) (0.000,0.082) (0.000,0.371) (0.000,0.098) (0.000,0.091) (0.508,1.000) 
 15      26*    (0)    1 :  0.097 0.008 0.671 0.026 0.005 0.193     (0.000,0.542) (0.000,0.046) (0.000,1.000) (0.000,0.184) (0.000,0.030) (0.000,0.599) 
 16       28    (0)    1 :  0.054 0.008 0.786 0.009 0.008 0.135     (0.000,0.399) (0.000,0.045) (0.000,1.000) (0.000,0.049) (0.000,0.047) (0.000,0.910) 
 17       29    (0)    1 :  0.007 0.006 0.112 0.016 0.006 0.853     (0.000,0.037) (0.000,0.030) (0.000,0.707) (0.000,0.103) (0.000,0.033) (0.251,1.000) 
 18       30    (0)    1 :  0.125 0.326 0.443 0.027 0.008 0.070     (0.000,0.664) (0.000,0.761) (0.000,0.996) (0.000,0.163) (0.000,0.045) (0.000,0.497) 
 19       33    (0)    1 :  0.007 0.011 0.004 0.944 0.027 0.006     (0.000,0.038) (0.000,0.075) (0.000,0.024) (0.722,1.000) (0.000,0.197) (0.000,0.036) 
 20       37    (0)    1 :  0.011 0.006 0.009 0.942 0.009 0.024     (0.000,0.071) (0.000,0.032) (0.000,0.051) (0.719,1.000) (0.000,0.052) (0.000,0.171) 
 21       38    (0)    1 :  0.010 0.004 0.017 0.950 0.005 0.014     (0.000,0.065) (0.000,0.023) (0.000,0.115) (0.751,1.000) (0.000,0.025) (0.000,0.093) 
 22       43    (0)    1 :  0.035 0.007 0.180 0.012 0.008 0.757     (0.000,0.247) (0.000,0.043) (0.000,0.630) (0.000,0.071) (0.000,0.046) (0.330,1.000) 
 23       44    (0)    1 :  0.351 0.033 0.589 0.010 0.011 0.007     (0.000,0.715) (0.000,0.249) (0.099,0.999) (0.000,0.052) (0.000,0.064) (0.000,0.045) 
 24       48    (0)    1 :  0.014 0.006 0.007 0.962 0.005 0.007     (0.000,0.089) (0.000,0.033) (0.000,0.036) (0.809,1.000) (0.000,0.025) (0.000,0.040) 
 25       55    (0)    1 :  0.185 0.028 0.747 0.013 0.012 0.014     (0.000,0.819) (0.000,0.206) (0.000,1.000) (0.000,0.082) (0.000,0.077) (0.000,0.087) 
 26       59    (0)    1 :  0.975 0.005 0.006 0.006 0.004 0.004     (0.874,1.000) (0.000,0.030) (0.000,0.034) (0.000,0.029) (0.000,0.022) (0.000,0.021) 
 27       60    (0)    1 :  0.024 0.327 0.006 0.111 0.233 0.299     (0.000,0.178) (0.000,0.996) (0.000,0.031) (0.000,0.759) (0.000,0.979) (0.000,0.989) 
 28       61    (0)    1 :  0.016 0.043 0.008 0.008 0.917 0.008     (0.000,0.105) (0.000,0.309) (0.000,0.048) (0.000,0.049) (0.608,1.000) (0.000,0.043) 
 29       62    (0)    1 :  0.014 0.029 0.013 0.019 0.894 0.031     (0.000,0.087) (0.000,0.204) (0.000,0.079) (0.000,0.131) (0.542,1.000) (0.000,0.224) 
 30       65    (0)    1 :  0.005 0.024 0.011 0.941 0.012 0.008     (0.000,0.029) (0.000,0.170) (0.000,0.066) (0.728,1.000) (0.000,0.077) (0.000,0.044) 
 31       73    (0)    1 :  0.007 0.881 0.012 0.010 0.006 0.084     (0.000,0.040) (0.567,1.000) (0.000,0.080) (0.000,0.058) (0.000,0.032) (0.000,0.399) 
 32       75    (0)    1 :  0.012 0.045 0.010 0.021 0.907 0.005     (0.000,0.084) (0.000,0.305) (0.000,0.067) (0.000,0.141) (0.595,1.000) (0.000,0.030) 
 33       76    (0)    1 :  0.005 0.008 0.005 0.004 0.970 0.008     (0.000,0.031) (0.000,0.043) (0.000,0.025) (0.000,0.024) (0.851,1.000) (0.000,0.045) 
 34       77    (0)    1 :  0.007 0.005 0.004 0.007 0.968 0.008     (0.000,0.038) (0.000,0.029) (0.000,0.023) (0.000,0.037) (0.841,1.000) (0.000,0.047) 
 35       78    (0)    1 :  0.007 0.777 0.011 0.014 0.175 0.017     (0.000,0.039) (0.001,1.000) (0.000,0.070) (0.000,0.084) (0.000,0.923) (0.000,0.117) 
 36       79    (0)    1 :  0.004 0.048 0.007 0.010 0.926 0.005     (0.000,0.024) (0.000,0.333) (0.000,0.039) (0.000,0.060) (0.628,1.000) (0.000,0.025) 
 37       84    (0)    1 :  0.674 0.031 0.121 0.024 0.048 0.102     (0.286,0.999) (0.000,0.222) (0.000,0.479) (0.000,0.168) (0.000,0.324) (0.000,0.540) 
 38       85    (0)    1 :  0.011 0.013 0.951 0.011 0.007 0.007     (0.000,0.069) (0.000,0.084) (0.761,1.000) (0.000,0.067) (0.000,0.039) (0.000,0.040) 
 39       86    (0)    1 :  0.006 0.017 0.930 0.020 0.011 0.017     (0.000,0.036) (0.000,0.118) (0.683,1.000) (0.000,0.137) (0.000,0.064) (0.000,0.117) 
 40       89    (0)    1 :  0.550 0.020 0.017 0.033 0.068 0.312     (0.000,0.940) (0.000,0.133) (0.000,0.104) (0.000,0.239) (0.000,0.402) (0.000,0.822) 
 41       94    (0)    1 :  0.012 0.005 0.010 0.022 0.007 0.945     (0.000,0.076) (0.000,0.026) (0.000,0.062) (0.000,0.152) (0.000,0.037) (0.728,1.000) 
 42       95    (0)    1 :  0.956 0.009 0.013 0.010 0.006 0.005     (0.783,1.000) (0.000,0.059) (0.000,0.076) (0.000,0.058) (0.000,0.034) (0.000,0.029) 
 43       96    (0)    1 :  0.005 0.005 0.972 0.004 0.006 0.009     (0.000,0.025) (0.000,0.028) (0.858,1.000) (0.000,0.024) (0.000,0.031) (0.000,0.051) 
 44       98    (0)    1 :  0.008 0.871 0.008 0.009 0.091 0.014     (0.000,0.047) (0.007,1.000) (0.000,0.044) (0.000,0.046) (0.000,0.881) (0.000,0.092) 
 45      102    (0)    1 :  0.041 0.014 0.007 0.889 0.018 0.032     (0.000,0.279) (0.000,0.093) (0.000,0.039) (0.575,1.000) (0.000,0.129) (0.000,0.222) 
 46      105    (0)    1 :  0.006 0.970 0.005 0.009 0.005 0.005     (0.000,0.033) (0.850,1.000) (0.000,0.028) (0.000,0.058) (0.000,0.026) (0.000,0.029) 
 47      106    (0)    1 :  0.149 0.206 0.027 0.030 0.581 0.008     (0.000,0.504) (0.000,0.732) (0.000,0.193) (0.000,0.204) (0.000,1.000) (0.000,0.042) 
 48      108    (0)    1 :  0.008 0.892 0.010 0.053 0.025 0.011     (0.000,0.050) (0.529,1.000) (0.000,0.065) (0.000,0.354) (0.000,0.174) (0.000,0.065) 
 49      109    (0)    1 :  0.010 0.953 0.014 0.006 0.012 0.005     (0.000,0.060) (0.773,1.000) (0.000,0.093) (0.000,0.035) (0.000,0.062) (0.000,0.028) 
 50      112    (0)    1 :  0.011 0.015 0.125 0.039 0.736 0.074     (0.000,0.064) (0.000,0.090) (0.000,0.552) (0.000,0.264) (0.000,1.000) (0.000,0.548) 
 51      115    (0)    1 :  0.015 0.041 0.013 0.833 0.013 0.086     (0.000,0.096) (0.000,0.306) (0.000,0.076) (0.385,1.000) (0.000,0.075) (0.000,0.465) 
 52      116    (0)    1 :  0.010 0.013 0.947 0.015 0.008 0.007     (0.000,0.058) (0.000,0.081) (0.741,1.000) (0.000,0.101) (0.000,0.042) (0.000,0.038) 
 53      117    (0)    1 :  0.387 0.025 0.224 0.017 0.029 0.318     (0.000,0.986) (0.000,0.172) (0.000,0.786) (0.000,0.111) (0.000,0.208) (0.000,0.999) 
 54      129    (0)    1 :  0.035 0.005 0.940 0.008 0.004 0.008     (0.000,0.247) (0.000,0.031) (0.706,1.000) (0.000,0.048) (0.000,0.021) (0.000,0.045) 
 55      132    (0)    1 :  0.028 0.112 0.007 0.238 0.073 0.541     (0.000,0.207) (0.000,0.643) (0.000,0.036) (0.000,0.941) (0.000,0.478) (0.000,1.000) 
 56      133    (0)    1 :  0.011 0.841 0.005 0.008 0.123 0.012     (0.000,0.071) (0.000,1.000) (0.000,0.028) (0.000,0.041) (0.000,0.961) (0.000,0.071) 
 57      137    (6)    1 :  0.017 0.020 0.010 0.010 0.921 0.021     (0.000,0.108) (0.000,0.130) (0.000,0.061) (0.000,0.061) (0.629,1.000) (0.000,0.148) 
 58      139    (0)    1 :  0.012 0.018 0.019 0.023 0.919 0.009     (0.000,0.079) (0.000,0.105) (0.000,0.133) (0.000,0.162) (0.646,1.000) (0.000,0.051) 
 59      140    (0)    1 :  0.011 0.959 0.006 0.006 0.012 0.005     (0.000,0.067) (0.794,1.000) (0.000,0.034) (0.000,0.033) (0.000,0.077) (0.000,0.028) 
 60      142    (0)    1 :  0.016 0.010 0.005 0.007 0.952 0.010     (0.000,0.109) (0.000,0.061) (0.000,0.027) (0.000,0.037) (0.762,1.000) (0.000,0.058) 
 61      144    (0)    1 :  0.006 0.976 0.004 0.005 0.006 0.004     (0.000,0.034) (0.876,1.000) (0.000,0.023) (0.000,0.026) (0.000,0.030) (0.000,0.023) 
 62      145    (0)    1 :  0.008 0.017 0.006 0.008 0.954 0.007     (0.000,0.048) (0.000,0.107) (0.000,0.030) (0.000,0.047) (0.771,1.000) (0.000,0.037) 
 63      147    (0)    1 :  0.004 0.966 0.008 0.007 0.010 0.004     (0.000,0.025) (0.834,1.000) (0.000,0.051) (0.000,0.039) (0.000,0.052) (0.000,0.023) 
 64      160    (0)    1 :  0.009 0.005 0.011 0.008 0.006 0.961     (0.000,0.055) (0.000,0.025) (0.000,0.058) (0.000,0.045) (0.000,0.031) (0.808,1.000) 
 65     162*    (0)    1 :  0.004 0.005 0.971 0.005 0.006 0.009     (0.000,0.023) (0.000,0.028) (0.854,1.000) (0.000,0.026) (0.000,0.031) (0.000,0.055) 
 66      166    (0)    1 :  0.029 0.673 0.009 0.014 0.258 0.017     (0.000,0.208) (0.000,1.000) (0.000,0.054) (0.000,0.078) (0.000,1.000) (0.000,0.082) 
 67      177    (0)    1 :  0.004 0.005 0.005 0.004 0.977 0.005     (0.000,0.024) (0.000,0.025) (0.000,0.032) (0.000,0.024) (0.882,1.000) (0.000,0.025) 
 68      178    (0)    1 :  0.009 0.082 0.018 0.020 0.835 0.036     (0.000,0.054) (0.000,0.427) (0.000,0.124) (0.000,0.138) (0.450,1.000) (0.000,0.266) 
 69      186    (0)    1 :  0.976 0.004 0.006 0.004 0.004 0.006     (0.879,1.000) (0.000,0.022) (0.000,0.032) (0.000,0.023) (0.000,0.022) (0.000,0.031) 
 70      189    (0)    1 :  0.007 0.004 0.964 0.006 0.009 0.009     (0.000,0.042) (0.000,0.020) (0.819,1.000) (0.000,0.036) (0.000,0.052) (0.000,0.056) 
 71      190    (0)    1 :  0.040 0.012 0.848 0.018 0.015 0.066     (0.000,0.275) (0.000,0.076) (0.405,1.000) (0.000,0.119) (0.000,0.103) (0.000,0.477) 
 72      191    (0)    1 :  0.514 0.044 0.367 0.013 0.035 0.027     (0.000,0.996) (0.000,0.304) (0.000,0.981) (0.000,0.077) (0.000,0.253) (0.000,0.195) 
 73      193    (0)    1 :  0.046 0.025 0.013 0.013 0.878 0.026     (0.000,0.321) (0.000,0.174) (0.000,0.074) (0.000,0.077) (0.482,1.000) (0.000,0.169) 
 74      202    (0)    1 :  0.011 0.009 0.303 0.049 0.014 0.614     (0.000,0.069) (0.000,0.054) (0.000,0.728) (0.000,0.323) (0.000,0.093) (0.195,0.999) 
 75      204    (0)    1 :  0.033 0.004 0.948 0.004 0.004 0.007     (0.000,0.236) (0.000,0.023) (0.722,1.000) (0.000,0.021) (0.000,0.020) (0.000,0.038) 
 76      211    (0)    1 :  0.011 0.409 0.009 0.030 0.071 0.469     (0.000,0.063) (0.000,0.999) (0.000,0.051) (0.000,0.208) (0.000,0.470) (0.000,1.000) 
 77      216    (0)    1 :  0.005 0.932 0.005 0.007 0.034 0.017     (0.000,0.024) (0.675,1.000) (0.000,0.026) (0.000,0.036) (0.000,0.231) (0.000,0.121) 
 78      222    (0)    1 :  0.007 0.883 0.020 0.050 0.024 0.015     (0.000,0.043) (0.537,1.000) (0.000,0.136) (0.000,0.333) (0.000,0.166) (0.000,0.091) 
 79      224    (0)    1 :  0.015 0.009 0.944 0.010 0.009 0.014     (0.000,0.086) (0.000,0.053) (0.722,1.000) (0.000,0.057) (0.000,0.048) (0.000,0.087) 
 80      226    (0)    1 :  0.971 0.005 0.007 0.008 0.005 0.005     (0.858,1.000) (0.000,0.027) (0.000,0.037) (0.000,0.043) (0.000,0.029) (0.000,0.025) 
 81      229    (0)    1 :  0.013 0.058 0.726 0.058 0.069 0.076     (0.000,0.084) (0.000,0.372) (0.260,1.000) (0.000,0.398) (0.000,0.339) (0.000,0.486) 
 82      230    (0)    1 :  0.015 0.013 0.914 0.012 0.029 0.017     (0.000,0.096) (0.000,0.088) (0.652,1.000) (0.000,0.075) (0.000,0.199) (0.000,0.113) 
 83      232    (0)    1 :  0.089 0.032 0.152 0.028 0.166 0.533     (0.000,0.460) (0.000,0.235) (0.000,0.709) (0.000,0.194) (0.000,0.650) (0.000,0.997) 
 84      238    (0)    1 :  0.007 0.029 0.072 0.672 0.206 0.013     (0.000,0.039) (0.000,0.213) (0.000,0.418) (0.066,1.000) (0.000,0.663) (0.000,0.088) 
 85      242    (0)    1 :  0.006 0.007 0.006 0.972 0.004 0.005     (0.000,0.036) (0.000,0.044) (0.000,0.029) (0.857,1.000) (0.000,0.023) (0.000,0.025) 
 86      243    (0)    1 :  0.038 0.078 0.010 0.825 0.035 0.014     (0.000,0.270) (0.000,0.477) (0.000,0.056) (0.413,1.000) (0.000,0.247) (0.000,0.090) 
 87      244    (0)    1 :  0.007 0.011 0.012 0.796 0.163 0.011     (0.000,0.041) (0.000,0.068) (0.000,0.075) (0.354,1.000) (0.000,0.612) (0.000,0.066) 
 88      251    (0)    1 :  0.009 0.025 0.030 0.771 0.038 0.126     (0.000,0.054) (0.000,0.175) (0.000,0.218) (0.273,1.000) (0.000,0.280) (0.000,0.595) 
 89      266    (0)    1 :  0.014 0.026 0.018 0.216 0.710 0.016     (0.000,0.093) (0.000,0.191) (0.000,0.125) (0.000,0.685) (0.249,1.000) (0.000,0.107) 
 90      267    (0)    1 :  0.024 0.895 0.039 0.017 0.012 0.014     (0.000,0.179) (0.588,1.000) (0.000,0.261) (0.000,0.112) (0.000,0.071) (0.000,0.087) 
 91      268    (0)    1 :  0.009 0.795 0.005 0.012 0.140 0.039     (0.000,0.051) (0.000,1.000) (0.000,0.028) (0.000,0.068) (0.000,0.864) (0.000,0.285) 
 92      270    (0)    1 :  0.029 0.010 0.927 0.012 0.010 0.013     (0.000,0.212) (0.000,0.059) (0.651,1.000) (0.000,0.073) (0.000,0.056) (0.000,0.079) 
 93      276    (0)    1 :  0.414 0.079 0.353 0.021 0.097 0.035     (0.000,0.957) (0.000,0.477) (0.000,0.998) (0.000,0.146) (0.000,0.509) (0.000,0.255) 
 94      298    (6)    1 :  0.013 0.916 0.006 0.009 0.046 0.010     (0.000,0.081) (0.596,1.000) (0.000,0.031) (0.000,0.054) (0.000,0.319) (0.000,0.064) 
 95      306    (0)    1 :  0.010 0.251 0.007 0.043 0.653 0.034     (0.000,0.063) (0.000,0.869) (0.000,0.042) (0.000,0.306) (0.000,1.000) (0.000,0.234) 
 96      308    (0)    1 :  0.007 0.218 0.010 0.034 0.641 0.089     (0.000,0.043) (0.000,0.822) (0.000,0.059) (0.000,0.238) (0.000,1.000) (0.000,0.441) 
 97      311    (6)    1 :  0.011 0.648 0.029 0.198 0.079 0.034     (0.000,0.071) (0.000,1.000) (0.000,0.208) (0.000,0.960) (0.000,0.521) (0.000,0.244) 
 98      323    (0)    1 :  0.972 0.005 0.007 0.007 0.005 0.004     (0.860,1.000) (0.000,0.029) (0.000,0.038) (0.000,0.039) (0.000,0.026) (0.000,0.024) 
 99      327    (0)    1 :  0.018 0.017 0.654 0.018 0.008 0.284     (0.000,0.131) (0.000,0.114) (0.000,1.000) (0.000,0.121) (0.000,0.049) (0.000,0.969) 
100      334    (0)    1 :  0.004 0.023 0.007 0.949 0.009 0.007     (0.000,0.022) (0.000,0.150) (0.000,0.039) (0.754,1.000) (0.000,0.058) (0.000,0.039) 
101      338    (0)    1 :  0.018 0.882 0.011 0.014 0.050 0.024     (0.000,0.127) (0.487,1.000) (0.000,0.065) (0.000,0.080) (0.000,0.351) (0.000,0.174) 
102      341    (0)    1 :  0.963 0.005 0.006 0.009 0.008 0.009     (0.817,1.000) (0.000,0.025) (0.000,0.035) (0.000,0.055) (0.000,0.046) (0.000,0.052) 
103      346    (0)    1 :  0.015 0.016 0.008 0.008 0.881 0.072     (0.000,0.097) (0.000,0.092) (0.000,0.045) (0.000,0.040) (0.330,1.000) (0.000,0.553) 
104      348    (0)    1 :  0.007 0.808 0.008 0.018 0.152 0.006     (0.000,0.040) (0.005,1.000) (0.000,0.049) (0.000,0.120) (0.000,0.856) (0.000,0.031) 
105      351    (0)    1 :  0.019 0.013 0.009 0.884 0.023 0.052     (0.000,0.129) (0.000,0.082) (0.000,0.050) (0.493,1.000) (0.000,0.155) (0.000,0.358) 
106      362    (0)    1 :  0.025 0.006 0.933 0.006 0.006 0.024     (0.000,0.176) (0.000,0.031) (0.668,1.000) (0.000,0.033) (0.000,0.032) (0.000,0.158) 
107      364    (0)    1 :  0.009 0.013 0.005 0.947 0.015 0.011     (0.000,0.054) (0.000,0.081) (0.000,0.027) (0.745,1.000) (0.000,0.095) (0.000,0.074) 
108      366    (0)    1 :  0.014 0.032 0.046 0.880 0.014 0.015     (0.000,0.090) (0.000,0.230) (0.000,0.328) (0.500,1.000) (0.000,0.081) (0.000,0.091) 
109      376    (0)    1 :  0.909 0.007 0.023 0.007 0.028 0.027     (0.629,1.000) (0.000,0.038) (0.000,0.164) (0.000,0.039) (0.000,0.189) (0.000,0.197) 
110      377    (6)    1 :  0.032 0.078 0.229 0.021 0.028 0.612     (0.000,0.220) (0.000,0.454) (0.000,0.765) (0.000,0.140) (0.000,0.181) (0.000,1.000) 
111      378    (0)    1 :  0.009 0.007 0.007 0.005 0.011 0.961     (0.000,0.057) (0.000,0.039) (0.000,0.037) (0.000,0.025) (0.000,0.072) (0.807,1.000) 
112      388    (0)    1 :  0.008 0.940 0.010 0.012 0.010 0.020     (0.000,0.049) (0.708,1.000) (0.000,0.056) (0.000,0.074) (0.000,0.057) (0.000,0.144) 
113      391    (0)    1 :  0.531 0.026 0.006 0.012 0.038 0.388     (0.044,0.880) (0.000,0.184) (0.000,0.034) (0.000,0.068) (0.000,0.280) (0.025,0.769) 
114      401    (0)    1 :  0.115 0.016 0.360 0.263 0.235 0.011     (0.000,0.607) (0.000,0.103) (0.000,0.759) (0.000,0.805) (0.000,0.683) (0.000,0.062) 
115      406    (0)    1 :  0.108 0.715 0.010 0.040 0.092 0.035     (0.000,0.582) (0.000,1.000) (0.000,0.059) (0.000,0.281) (0.000,0.688) (0.000,0.252) 
116      412    (6)    1 :  0.026 0.743 0.021 0.019 0.129 0.063     (0.000,0.184) (0.000,1.000) (0.000,0.146) (0.000,0.106) (0.000,0.940) (0.000,0.441) 
117      413    (0)    1 :  0.004 0.023 0.017 0.031 0.915 0.009     (0.000,0.025) (0.000,0.166) (0.000,0.118) (0.000,0.225) (0.617,1.000) (0.000,0.051) 
118      421    (0)    1 :  0.028 0.055 0.682 0.037 0.176 0.023     (0.000,0.199) (0.000,0.372) (0.269,1.000) (0.000,0.277) (0.000,0.622) (0.000,0.152) 
119      423    (0)    1 :  0.013 0.048 0.817 0.064 0.036 0.021     (0.000,0.087) (0.000,0.344) (0.327,1.000) (0.000,0.436) (0.000,0.272) (0.000,0.146) 
120      424    (0)    1 :  0.390 0.091 0.009 0.039 0.327 0.144     (0.000,0.993) (0.000,0.571) (0.000,0.055) (0.000,0.276) (0.000,0.992) (0.000,0.802) 
121      426    (0)    1 :  0.022 0.013 0.024 0.015 0.015 0.912     (0.000,0.158) (0.000,0.077) (0.000,0.170) (0.000,0.098) (0.000,0.105) (0.622,1.000) 
122      430   (12)    1 :  0.061 0.113 0.019 0.013 0.752 0.043     (0.000,0.434) (0.000,0.589) (0.000,0.120) (0.000,0.071) (0.003,1.000) (0.000,0.298) 
123      435    (0)    1 :  0.004 0.028 0.005 0.004 0.946 0.012     (0.000,0.024) (0.000,0.202) (0.000,0.027) (0.000,0.024) (0.729,1.000) (0.000,0.076) 
124      476    (0)    1 :  0.810 0.007 0.109 0.029 0.026 0.018     (0.405,1.000) (0.000,0.042) (0.000,0.520) (0.000,0.192) (0.000,0.182) (0.000,0.125) 
125      478    (0)    1 :  0.732 0.012 0.204 0.028 0.007 0.017     (0.356,1.000) (0.000,0.078) (0.000,0.595) (0.000,0.198) (0.000,0.041) (0.000,0.110) 
126      484    (0)    1 :  0.011 0.947 0.006 0.006 0.021 0.009     (0.000,0.072) (0.742,1.000) (0.000,0.032) (0.000,0.032) (0.000,0.126) (0.000,0.056) 
127      489    (0)    1 :  0.011 0.108 0.038 0.010 0.019 0.815     (0.000,0.068) (0.000,0.519) (0.000,0.275) (0.000,0.054) (0.000,0.110) (0.369,1.000) 
128      492   (18)    1 :  0.006 0.025 0.007 0.933 0.021 0.008     (0.000,0.032) (0.000,0.170) (0.000,0.040) (0.674,1.000) (0.000,0.146) (0.000,0.048) 
129      493    (0)    1 :  0.007 0.008 0.012 0.952 0.009 0.012     (0.000,0.040) (0.000,0.046) (0.000,0.079) (0.773,1.000) (0.000,0.052) (0.000,0.080) 
130      494    (0)    1 :  0.014 0.006 0.018 0.927 0.009 0.026     (0.000,0.091) (0.000,0.036) (0.000,0.126) (0.667,1.000) (0.000,0.056) (0.000,0.195) 
131      500    (0)    1 :  0.016 0.004 0.962 0.006 0.004 0.008     (0.000,0.109) (0.000,0.022) (0.809,1.000) (0.000,0.032) (0.000,0.020) (0.000,0.050) 
132      504    (0)    1 :  0.007 0.905 0.032 0.022 0.008 0.025     (0.000,0.042) (0.634,1.000) (0.000,0.223) (0.000,0.152) (0.000,0.047) (0.000,0.172) 
133      506    (0)    1 :  0.014 0.901 0.063 0.006 0.005 0.010     (0.000,0.092) (0.576,1.000) (0.000,0.373) (0.000,0.033) (0.000,0.028) (0.000,0.064) 


Estimated Allele Frequencies in each cluster
First column gives estimated ancestral frequencies


Locus 1 : Rsu3 
3 alleles
0.0% missing data
 164   (0.517) 0.498 0.505 0.623 0.549 0.485 0.560 
 166   (0.256) 0.114 0.446 0.092 0.214 0.311 0.316 
 170   (0.226) 0.388 0.048 0.285 0.237 0.204 0.124 

Locus 2 : Rsu5 
5 alleles
0.0% missing data
 137   (0.718) 0.963 0.616 0.957 0.653 0.793 0.855 
 135   (0.093) 0.023 0.017 0.008 0.102 0.064 0.083 
 139   (0.110) 0.009 0.011 0.028 0.207 0.081 0.054 
 133   (0.026) 0.002 0.002 0.002 0.022 0.003 0.003 
 131   (0.053) 0.004 0.354 0.004 0.016 0.059 0.005 

Locus 3 : Scv1 
5 alleles
0.0% missing data
 181   (0.540) 0.946 0.356 0.631 0.633 0.341 0.684 
 179   (0.202) 0.024 0.179 0.124 0.209 0.270 0.105 
 177   (0.108) 0.016 0.235 0.011 0.059 0.101 0.195 
 185   (0.121) 0.012 0.227 0.231 0.061 0.284 0.012 
 171   (0.029) 0.002 0.003 0.002 0.038 0.004 0.004 

Locus 4 : Rsu4 
9 alleles
0.0% missing data
 267   (0.198) 0.145 0.126 0.292 0.305 0.061 0.062 
 263   (0.321) 0.496 0.353 0.238 0.258 0.487 0.736 
 259   (0.057) 0.243 0.005 0.209 0.017 0.007 0.038 
 287   (0.181) 0.097 0.254 0.210 0.129 0.145 0.118 
 275   (0.042) 0.003 0.004 0.004 0.096 0.012 0.004 
 279   (0.067) 0.006 0.008 0.009 0.087 0.177 0.015 
 283   (0.068) 0.005 0.244 0.006 0.045 0.103 0.007 
 291   (0.039) 0.003 0.004 0.029 0.026 0.005 0.017 
 271   (0.027) 0.002 0.003 0.002 0.038 0.003 0.003 

Locus 5 : Rsu6 
5 alleles
0.0% missing data
 120   (0.270) 0.282 0.178 0.263 0.218 0.229 0.491 
 126   (0.587) 0.587 0.808 0.473 0.645 0.752 0.464 
 124   (0.083) 0.126 0.009 0.242 0.057 0.012 0.039 
 130   (0.035) 0.002 0.003 0.003 0.072 0.004 0.003 
 114   (0.025) 0.002 0.002 0.019 0.008 0.003 0.002 

Locus 6 : Scv12 
3 alleles
1.5% missing data
 198   (0.580) 0.695 0.455 0.329 0.710 0.730 0.430 
 196   (0.251) 0.279 0.493 0.187 0.161 0.171 0.291 
 200   (0.169) 0.025 0.051 0.484 0.129 0.099 0.279 

Locus 7 : Scv23 
3 alleles
0.8% missing data
 158   (0.510) 0.363 0.656 0.731 0.469 0.585 0.500 
 164   (0.200) 0.436 0.167 0.060 0.268 0.044 0.148 
 160   (0.290) 0.201 0.177 0.208 0.262 0.371 0.352 

Locus 8 : Scv13 
5 alleles
0.0% missing data
 182   (0.724) 0.792 0.887 0.911 0.695 0.685 0.962 
 180   (0.092) 0.173 0.009 0.067 0.111 0.015 0.018 
 172   (0.081) 0.006 0.086 0.007 0.062 0.181 0.009 
 184   (0.066) 0.025 0.014 0.011 0.110 0.014 0.007 
 174   (0.037) 0.003 0.004 0.003 0.021 0.105 0.004 

Locus 9 : Scv32 
18 alleles
0.8% missing data
 236   (0.034) 0.002 0.003 0.003 0.119 0.005 0.003 
 238   (0.052) 0.004 0.120 0.004 0.035 0.041 0.034 
 234   (0.124) 0.336 0.188 0.021 0.062 0.585 0.125 
 246   (0.050) 0.297 0.006 0.176 0.016 0.012 0.018 
 248   (0.086) 0.007 0.019 0.147 0.137 0.012 0.344 
 262   (0.103) 0.011 0.084 0.265 0.068 0.067 0.119 
 232   (0.176) 0.169 0.314 0.137 0.319 0.096 0.020 
 250   (0.022) 0.002 0.002 0.002 0.007 0.003 0.246 
 228   (0.027) 0.002 0.003 0.003 0.037 0.004 0.004 
 220   (0.041) 0.070 0.004 0.200 0.015 0.005 0.013 
 264   (0.058) 0.058 0.010 0.006 0.051 0.054 0.026 
 252   (0.046) 0.004 0.063 0.018 0.015 0.058 0.005 
 254   (0.050) 0.004 0.090 0.004 0.031 0.038 0.014 
 242   (0.027) 0.002 0.002 0.002 0.039 0.003 0.003 
 266   (0.025) 0.002 0.051 0.002 0.010 0.004 0.003 
 244   (0.032) 0.003 0.037 0.006 0.012 0.005 0.019 
 226   (0.022) 0.026 0.002 0.002 0.007 0.003 0.002 
 240   (0.025) 0.002 0.002 0.002 0.021 0.005 0.003 

Locus 10 : Scv8 
6 alleles
0.8% missing data
 200   (0.611) 0.827 0.687 0.693 0.658 0.472 0.824 
 202   (0.094) 0.007 0.082 0.008 0.146 0.070 0.014 
 194   (0.096) 0.152 0.010 0.101 0.043 0.151 0.032 
 204   (0.054) 0.004 0.005 0.040 0.031 0.009 0.105 
 198   (0.073) 0.005 0.007 0.152 0.085 0.020 0.018 
 188   (0.072) 0.005 0.209 0.006 0.037 0.277 0.007 

Locus 11 : Scv9 
5 alleles
0.0% missing data
 198   (0.320) 0.429 0.363 0.116 0.251 0.543 0.525 
 200   (0.350) 0.351 0.233 0.555 0.469 0.111 0.336 
 196   (0.259) 0.044 0.396 0.322 0.258 0.262 0.131 
 204   (0.046) 0.175 0.006 0.004 0.014 0.065 0.006 
 202   (0.025) 0.002 0.003 0.002 0.007 0.021 0.002 

Locus 12 : Rsu1 
6 alleles
0.0% missing data
 189   (0.297) 0.501 0.164 0.061 0.489 0.254 0.094 
 185   (0.275) 0.187 0.734 0.244 0.217 0.251 0.079 
 177   (0.085) 0.009 0.043 0.140 0.051 0.043 0.011 
 181   (0.238) 0.057 0.050 0.190 0.212 0.439 0.740 
 193   (0.058) 0.033 0.005 0.267 0.018 0.007 0.071 
 197   (0.047) 0.213 0.004 0.100 0.014 0.005 0.005 

Locus 13 : Scv14 
7 alleles
4.5% missing data
 196   (0.527) 0.928 0.559 0.788 0.432 0.663 0.831 
 198   (0.094) 0.008 0.067 0.008 0.115 0.094 0.051 
 194   (0.143) 0.021 0.047 0.064 0.185 0.172 0.064 
 202   (0.159) 0.037 0.320 0.129 0.226 0.050 0.026 
 204   (0.025) 0.002 0.002 0.002 0.022 0.003 0.003 
 190   (0.026) 0.002 0.002 0.007 0.009 0.003 0.021 
 200   (0.025) 0.002 0.002 0.002 0.012 0.015 0.003 

Locus 14 : Scv16 
7 alleles
0.0% missing data
 182   (0.394) 0.201 0.402 0.561 0.320 0.617 0.718 
 184   (0.401) 0.771 0.520 0.285 0.501 0.222 0.254 
 188   (0.068) 0.018 0.006 0.142 0.112 0.008 0.007 
 200   (0.025) 0.002 0.002 0.002 0.022 0.003 0.002 
 198   (0.048) 0.003 0.046 0.004 0.015 0.086 0.012 
 190   (0.039) 0.003 0.021 0.003 0.012 0.060 0.004 
 186   (0.024) 0.002 0.002 0.003 0.019 0.005 0.002 

Locus 15 : Scv31 
15 alleles
3.0% missing data
 193   (0.108) 0.012 0.205 0.036 0.093 0.025 0.576 
 201   (0.108) 0.012 0.049 0.065 0.192 0.014 0.081 
 187   (0.089) 0.253 0.095 0.308 0.031 0.011 0.055 
 207   (0.033) 0.383 0.003 0.018 0.010 0.004 0.004 
 195   (0.076) 0.016 0.168 0.115 0.025 0.029 0.043 
 185   (0.157) 0.238 0.274 0.022 0.142 0.330 0.038 
 189   (0.068) 0.005 0.006 0.006 0.177 0.007 0.117 
 205   (0.024) 0.002 0.003 0.002 0.021 0.003 0.002 
 191   (0.118) 0.062 0.016 0.345 0.058 0.513 0.059 
 197   (0.035) 0.005 0.128 0.010 0.011 0.004 0.005 
 199   (0.064) 0.005 0.040 0.006 0.067 0.046 0.007 
 203   (0.033) 0.002 0.003 0.003 0.057 0.004 0.003 
 209   (0.027) 0.002 0.003 0.002 0.038 0.004 0.003 
 213   (0.032) 0.002 0.003 0.003 0.072 0.004 0.003 
 181   (0.027) 0.002 0.003 0.059 0.008 0.003 0.003 

Locus 16 : Scv6 
8 alleles
0.0% missing data
 191   (0.113) 0.008 0.022 0.182 0.189 0.013 0.190 
 195   (0.357) 0.691 0.557 0.459 0.292 0.270 0.519 
 197   (0.217) 0.248 0.221 0.318 0.123 0.286 0.236 
 201   (0.073) 0.005 0.008 0.006 0.147 0.107 0.017 
 205   (0.029) 0.002 0.002 0.002 0.039 0.003 0.003 
 193   (0.088) 0.007 0.128 0.009 0.102 0.141 0.010 
 199   (0.095) 0.037 0.060 0.021 0.070 0.175 0.022 
 181   (0.028) 0.002 0.003 0.002 0.039 0.003 0.003 

Values of parameters used in structure:
DATAFILE=M:\STRUCTURE\Squirrel_133_ID_16L_20250816\project_data,	OUTFILE=M:\STRUCTURE\Squirrel_133_ID_16L_20250816\10k_Burnin_100k_MCMC\Results\10k_Burnin_100k_MCMC_run_144,	NUMINDS=133,	NUMLOCI=16,	MISSING=-9,	LABEL=1,	POPDATA=1,	POPFLAG=0,	PHENOTYPE=0,	EXTRACOLS=1,	MAXPOPS=6,	BURNIN=10000,	NUMREPS=100000,	USEPOPINFO=0,	INFERALPHA=1,	INFERLAMBDA=1,	POPSPECIFICLAMBDA=0,	POPALPHAS=0,	COMPUTEPROB=1,	NOADMIX=0,	ADMBURNIN=2500,	UPDATEFREQ=1,	PRINTLIKES=0,	INTERMEDSAVE=0,	PRINTKLD=0,	PRINTNET=0,	PRINTLAMBDA=0,	ANCESTDIST=1,	NUMBOXES=1000,	ANCESTPINT=0.90000,	GENSBACK=2,	MIGRPRIOR=0.05000,	PRINTQHAT=1,	PRINTQSUM=0,	ALPHA=1.0000,	FREQSCORR=1,	FPRIORMEAN=0.0100,	FPRIORSD=0.0500,	ONEFST=0,	LAMBDA=1.0000,	UNIFPRIORALPHA=1,	ALPHAMAX=10.0000,	ALPHAPRIORA=1.0000,	ALPHAPRIORB=2.0000,	ALPHAPROPSD=0.0250,	STARTATPOPINFO=0,	RANDOMIZE=1,	LINKAGE=0,	METROFREQ=10,	REPORTHITRATE=0,	MARKOVPHASE=-1,	PHASED=0,	PLOIDY=2,	PHASEINFO=0	LOCPRIOR=0, 	LOCPRIORINIT=1.000000, 	LOCDATA=0, 	LOCISPOP=0, 	LOCPRIORSTEP=0.100000, 	MAXLOCPRIOR=20.000000, 	SEED=1763671698,	
[STRAT parameters]:    NUMSIMSTATS=1000,	PHENOTYPECOL=-9,	POOLFREQ=10,	LOCUSxONLY=0,	EMERROR=0.00100,	MISSINGPHENO=-9,	