

----------------------------------------------------
STRUCTURE by Pritchard, Stephens and Donnelly (2000)
     and Falush, Stephens and Pritchard (2003)
       Code by Pritchard, Falush and Hubisz
             Version 2.3.4 (Jul 2012)
----------------------------------------------------



Command line arguments:   bin\structure -m M:\STRUCTURE\Squirrel_133_ID_16L_20250816\10k_Burnin_100k_MCMC\mainparams -e M:\STRUCTURE\Squirrel_133_ID_16L_20250816\10k_Burnin_100k_MCMC\extraparams 
Input File:    M:\STRUCTURE\Squirrel_133_ID_16L_20250816\project_data

Run parameters:
   133 individuals
   16 loci
   6 populations assumed
   10000 Burn-in period
   100000 Reps


--------------------------------------------
Proportion of membership of each pre-defined
 population in each of the 6 clusters

Given    Inferred Clusters                            Number of
 Pop       1      2      3      4      5      6      Individuals

  1:     0.176  0.131  0.193  0.188  0.137  0.175      133
--------------------------------------------

Allele-freq. divergence among pops (Net nucleotide distance),
computed using point estimates of P.

      1       2       3       4       5       6      
 1      -    0.0739  0.0546  0.0579  0.0619  0.0593  
 2   0.0739     -    0.0908  0.0670  0.0917  0.0744  
 3   0.0546  0.0908     -    0.0793  0.0928  0.0628  
 4   0.0579  0.0670  0.0793     -    0.0802  0.0807  
 5   0.0619  0.0917  0.0928  0.0802     -    0.0960  
 6   0.0593  0.0744  0.0628  0.0807  0.0960     -    

Average distances (expected heterozygosity) between individuals in same cluster:
cluster  1  : 0.6446 
cluster  2  : 0.4875 
cluster  3  : 0.5662 
cluster  4  : 0.5499 
cluster  5  : 0.4665 
cluster  6  : 0.5818 

--------------------------------------------
Estimated Ln Prob of Data   = -4746.4
Mean value of ln likelihood = -4557.1
Variance of ln likelihood   = 378.7
Mean value of alpha         = 0.0457

Mean value of lambda        = 0.9998

Mean value of Fst_1         = 0.0535
Mean value of Fst_2         = 0.2272
Mean value of Fst_3         = 0.1760
Mean value of Fst_4         = 0.1924
Mean value of Fst_5         = 0.2893
Mean value of Fst_6         = 0.1496


Inferred ancestry of individuals:
        Label (%Miss) Pop:  Inferred clusters (and 90% probability intervals)
  1       1*    (0)    1 :  0.882 0.059 0.029 0.008 0.014 0.008     (0.505,1.000) (0.000,0.384) (0.000,0.207) (0.000,0.048) (0.000,0.089) (0.000,0.046) 
  2        3    (0)    1 :  0.006 0.006 0.006 0.006 0.972 0.005     (0.000,0.031) (0.000,0.030) (0.000,0.036) (0.000,0.030) (0.859,1.000) (0.000,0.027) 
  3        6    (0)    1 :  0.006 0.012 0.024 0.023 0.919 0.015     (0.000,0.035) (0.000,0.072) (0.000,0.174) (0.000,0.162) (0.623,1.000) (0.000,0.098) 
  4        8    (0)    1 :  0.010 0.017 0.010 0.953 0.006 0.004     (0.000,0.059) (0.000,0.109) (0.000,0.064) (0.770,1.000) (0.000,0.035) (0.000,0.023) 
  5       10    (0)    1 :  0.010 0.799 0.005 0.172 0.009 0.005     (0.000,0.061) (0.193,1.000) (0.000,0.024) (0.000,0.776) (0.000,0.057) (0.000,0.029) 
  6       11    (0)    1 :  0.738 0.026 0.025 0.071 0.045 0.096     (0.000,1.000) (0.000,0.183) (0.000,0.174) (0.000,0.460) (0.000,0.325) (0.000,0.641) 
  7       12    (0)    1 :  0.005 0.972 0.005 0.008 0.005 0.005     (0.000,0.025) (0.860,1.000) (0.000,0.027) (0.000,0.043) (0.000,0.029) (0.000,0.029) 
  8       16    (6)    1 :  0.007 0.009 0.006 0.017 0.955 0.006     (0.000,0.037) (0.000,0.049) (0.000,0.032) (0.000,0.108) (0.777,1.000) (0.000,0.035) 
  9       18    (0)    1 :  0.965 0.006 0.005 0.008 0.010 0.005     (0.825,1.000) (0.000,0.034) (0.000,0.029) (0.000,0.049) (0.000,0.055) (0.000,0.028) 
 10       19    (0)    1 :  0.840 0.012 0.031 0.040 0.016 0.061     (0.330,1.000) (0.000,0.071) (0.000,0.213) (0.000,0.286) (0.000,0.109) (0.000,0.428) 
 11       21    (6)    1 :  0.006 0.008 0.006 0.030 0.942 0.008     (0.000,0.035) (0.000,0.045) (0.000,0.036) (0.000,0.201) (0.726,1.000) (0.000,0.048) 
 12       23    (6)    1 :  0.009 0.883 0.016 0.019 0.013 0.061     (0.000,0.050) (0.545,1.000) (0.000,0.102) (0.000,0.134) (0.000,0.082) (0.000,0.361) 
 13       24    (6)    1 :  0.263 0.450 0.011 0.218 0.016 0.041     (0.000,0.943) (0.000,0.999) (0.000,0.069) (0.000,0.869) (0.000,0.115) (0.000,0.285) 
 14       25    (6)    1 :  0.013 0.849 0.012 0.066 0.046 0.014     (0.000,0.078) (0.524,1.000) (0.000,0.077) (0.000,0.351) (0.000,0.279) (0.000,0.095) 
 15      26*    (0)    1 :  0.026 0.180 0.008 0.691 0.090 0.005     (0.000,0.182) (0.000,0.591) (0.000,0.049) (0.001,1.000) (0.000,0.509) (0.000,0.029) 
 16       28    (0)    1 :  0.009 0.161 0.007 0.752 0.061 0.009     (0.000,0.052) (0.000,0.975) (0.000,0.044) (0.000,1.000) (0.000,0.428) (0.000,0.051) 
 17       29    (0)    1 :  0.017 0.817 0.005 0.148 0.006 0.006     (0.000,0.115) (0.000,1.000) (0.000,0.029) (0.000,0.951) (0.000,0.034) (0.000,0.034) 
 18       30    (0)    1 :  0.022 0.079 0.338 0.446 0.108 0.007     (0.000,0.126) (0.000,0.561) (0.000,0.788) (0.000,0.995) (0.000,0.627) (0.000,0.037) 
 19       33    (0)    1 :  0.947 0.006 0.011 0.005 0.006 0.025     (0.738,1.000) (0.000,0.033) (0.000,0.072) (0.000,0.028) (0.000,0.034) (0.000,0.180) 
 20       37    (0)    1 :  0.940 0.024 0.006 0.008 0.013 0.009     (0.713,1.000) (0.000,0.172) (0.000,0.034) (0.000,0.048) (0.000,0.084) (0.000,0.052) 
 21       38    (0)    1 :  0.951 0.014 0.004 0.016 0.010 0.005     (0.759,1.000) (0.000,0.090) (0.000,0.023) (0.000,0.111) (0.000,0.062) (0.000,0.027) 
 22       43    (0)    1 :  0.011 0.767 0.007 0.173 0.034 0.008     (0.000,0.068) (0.318,1.000) (0.000,0.043) (0.000,0.643) (0.000,0.240) (0.000,0.045) 
 23       44    (0)    1 :  0.008 0.007 0.030 0.594 0.351 0.010     (0.000,0.047) (0.000,0.040) (0.000,0.219) (0.178,0.999) (0.000,0.707) (0.000,0.058) 
 24       48    (0)    1 :  0.963 0.007 0.006 0.007 0.013 0.004     (0.816,1.000) (0.000,0.039) (0.000,0.032) (0.000,0.035) (0.000,0.081) (0.000,0.024) 
 25       55    (0)    1 :  0.014 0.015 0.028 0.737 0.193 0.013     (0.000,0.087) (0.000,0.094) (0.000,0.211) (0.000,1.000) (0.000,0.841) (0.000,0.083) 
 26       59    (0)    1 :  0.007 0.004 0.006 0.006 0.973 0.004     (0.000,0.035) (0.000,0.023) (0.000,0.032) (0.000,0.034) (0.864,1.000) (0.000,0.024) 
 27       60    (0)    1 :  0.105 0.334 0.325 0.006 0.024 0.206     (0.000,0.686) (0.000,0.998) (0.000,0.995) (0.000,0.032) (0.000,0.171) (0.000,0.964) 
 28       61    (0)    1 :  0.009 0.008 0.046 0.007 0.016 0.914     (0.000,0.050) (0.000,0.044) (0.000,0.325) (0.000,0.040) (0.000,0.108) (0.594,1.000) 
 29       62    (0)    1 :  0.018 0.033 0.030 0.013 0.014 0.892     (0.000,0.117) (0.000,0.236) (0.000,0.213) (0.000,0.081) (0.000,0.091) (0.542,1.000) 
 30       65    (0)    1 :  0.939 0.007 0.024 0.011 0.005 0.013     (0.721,1.000) (0.000,0.043) (0.000,0.170) (0.000,0.069) (0.000,0.030) (0.000,0.091) 
 31       73    (0)    1 :  0.009 0.075 0.891 0.012 0.006 0.006     (0.000,0.058) (0.000,0.373) (0.586,1.000) (0.000,0.081) (0.000,0.037) (0.000,0.033) 
 32       75    (0)    1 :  0.021 0.005 0.039 0.011 0.010 0.913     (0.000,0.144) (0.000,0.030) (0.000,0.276) (0.000,0.071) (0.000,0.069) (0.610,1.000) 
 33       76    (0)    1 :  0.004 0.009 0.007 0.004 0.005 0.970     (0.000,0.022) (0.000,0.054) (0.000,0.041) (0.000,0.024) (0.000,0.030) (0.850,1.000) 
 34       77    (0)    1 :  0.007 0.009 0.006 0.005 0.006 0.966     (0.000,0.043) (0.000,0.052) (0.000,0.031) (0.000,0.027) (0.000,0.035) (0.829,1.000) 
 35       78    (0)    1 :  0.015 0.017 0.770 0.012 0.007 0.180     (0.000,0.094) (0.000,0.120) (0.000,1.000) (0.000,0.072) (0.000,0.040) (0.000,0.937) 
 36       79    (0)    1 :  0.010 0.005 0.048 0.006 0.004 0.927     (0.000,0.061) (0.000,0.025) (0.000,0.326) (0.000,0.034) (0.000,0.024) (0.634,1.000) 
 37       84    (0)    1 :  0.021 0.100 0.031 0.125 0.671 0.051     (0.000,0.152) (0.000,0.541) (0.000,0.223) (0.000,0.487) (0.279,0.999) (0.000,0.344) 
 38       85    (0)    1 :  0.011 0.007 0.013 0.951 0.011 0.008     (0.000,0.064) (0.000,0.040) (0.000,0.082) (0.760,1.000) (0.000,0.069) (0.000,0.043) 
 39       86    (0)    1 :  0.019 0.016 0.018 0.930 0.006 0.011     (0.000,0.131) (0.000,0.111) (0.000,0.129) (0.683,1.000) (0.000,0.031) (0.000,0.064) 
 40       89    (0)    1 :  0.034 0.306 0.019 0.016 0.547 0.078     (0.000,0.240) (0.000,0.820) (0.000,0.127) (0.000,0.093) (0.000,0.946) (0.000,0.433) 
 41       94    (0)    1 :  0.024 0.942 0.005 0.011 0.011 0.007     (0.000,0.166) (0.713,1.000) (0.000,0.027) (0.000,0.066) (0.000,0.070) (0.000,0.038) 
 42       95    (0)    1 :  0.010 0.005 0.009 0.013 0.956 0.006     (0.000,0.058) (0.000,0.030) (0.000,0.052) (0.000,0.080) (0.784,1.000) (0.000,0.035) 
 43       96    (0)    1 :  0.005 0.009 0.005 0.971 0.005 0.006     (0.000,0.026) (0.000,0.048) (0.000,0.026) (0.857,1.000) (0.000,0.025) (0.000,0.030) 
 44       98    (0)    1 :  0.009 0.014 0.884 0.007 0.009 0.076     (0.000,0.049) (0.000,0.096) (0.251,1.000) (0.000,0.043) (0.000,0.056) (0.000,0.660) 
 45      102    (0)    1 :  0.895 0.029 0.013 0.007 0.039 0.018     (0.589,1.000) (0.000,0.207) (0.000,0.088) (0.000,0.038) (0.000,0.270) (0.000,0.130) 
 46      105    (0)    1 :  0.008 0.005 0.971 0.005 0.005 0.005     (0.000,0.051) (0.000,0.029) (0.854,1.000) (0.000,0.028) (0.000,0.030) (0.000,0.029) 
 47      106    (0)    1 :  0.027 0.007 0.189 0.028 0.129 0.620     (0.000,0.175) (0.000,0.039) (0.000,0.694) (0.000,0.201) (0.000,0.484) (0.000,1.000) 
 48      108    (0)    1 :  0.055 0.012 0.892 0.010 0.008 0.024     (0.000,0.359) (0.000,0.076) (0.534,1.000) (0.000,0.062) (0.000,0.044) (0.000,0.154) 
 49      109    (0)    1 :  0.006 0.006 0.951 0.015 0.010 0.012     (0.000,0.033) (0.000,0.031) (0.756,1.000) (0.000,0.106) (0.000,0.063) (0.000,0.065) 
 50      112    (0)    1 :  0.039 0.092 0.016 0.132 0.011 0.709     (0.000,0.271) (0.000,0.654) (0.000,0.102) (0.000,0.569) (0.000,0.064) (0.000,1.000) 
 51      115    (0)    1 :  0.829 0.086 0.044 0.012 0.015 0.014     (0.371,1.000) (0.000,0.462) (0.000,0.313) (0.000,0.071) (0.000,0.098) (0.000,0.078) 
 52      116    (0)    1 :  0.014 0.007 0.012 0.948 0.011 0.009     (0.000,0.087) (0.000,0.036) (0.000,0.079) (0.741,1.000) (0.000,0.060) (0.000,0.048) 
 53      117    (0)    1 :  0.016 0.313 0.023 0.236 0.383 0.029     (0.000,0.104) (0.000,0.999) (0.000,0.156) (0.000,0.792) (0.000,0.972) (0.000,0.215) 
 54      129    (0)    1 :  0.008 0.008 0.006 0.935 0.039 0.004     (0.000,0.046) (0.000,0.045) (0.000,0.034) (0.685,1.000) (0.000,0.269) (0.000,0.022) 
 55      132    (0)    1 :  0.230 0.573 0.102 0.007 0.030 0.058     (0.000,0.957) (0.000,1.000) (0.000,0.621) (0.000,0.037) (0.000,0.221) (0.000,0.401) 
 56      133    (0)    1 :  0.008 0.012 0.857 0.005 0.011 0.107     (0.000,0.042) (0.000,0.075) (0.014,1.000) (0.000,0.025) (0.000,0.066) (0.000,0.879) 
 57      137    (6)    1 :  0.010 0.022 0.022 0.010 0.017 0.918     (0.000,0.059) (0.000,0.144) (0.000,0.145) (0.000,0.060) (0.000,0.110) (0.610,1.000) 
 58      139    (0)    1 :  0.026 0.009 0.014 0.019 0.012 0.921     (0.000,0.176) (0.000,0.052) (0.000,0.088) (0.000,0.139) (0.000,0.080) (0.649,1.000) 
 59      140    (0)    1 :  0.006 0.005 0.958 0.007 0.012 0.012     (0.000,0.035) (0.000,0.028) (0.788,1.000) (0.000,0.035) (0.000,0.076) (0.000,0.075) 
 60      142    (0)    1 :  0.007 0.011 0.010 0.005 0.016 0.952     (0.000,0.037) (0.000,0.067) (0.000,0.059) (0.000,0.027) (0.000,0.108) (0.765,1.000) 
 61      144    (0)    1 :  0.005 0.004 0.975 0.004 0.006 0.005     (0.000,0.028) (0.000,0.023) (0.876,1.000) (0.000,0.023) (0.000,0.033) (0.000,0.028) 
 62      145    (0)    1 :  0.008 0.007 0.016 0.006 0.008 0.955     (0.000,0.046) (0.000,0.040) (0.000,0.104) (0.000,0.032) (0.000,0.042) (0.777,1.000) 
 63      147    (0)    1 :  0.006 0.004 0.962 0.008 0.005 0.015     (0.000,0.036) (0.000,0.024) (0.823,1.000) (0.000,0.052) (0.000,0.025) (0.000,0.069) 
 64      160    (0)    1 :  0.008 0.962 0.005 0.011 0.009 0.005     (0.000,0.045) (0.816,1.000) (0.000,0.026) (0.000,0.055) (0.000,0.049) (0.000,0.029) 
 65     162*    (0)    1 :  0.005 0.010 0.005 0.970 0.004 0.006     (0.000,0.025) (0.000,0.058) (0.000,0.028) (0.851,1.000) (0.000,0.023) (0.000,0.032) 
 66      166    (0)    1 :  0.013 0.026 0.698 0.008 0.032 0.224     (0.000,0.076) (0.000,0.111) (0.000,1.000) (0.000,0.047) (0.000,0.227) (0.000,0.999) 
 67      177    (0)    1 :  0.005 0.005 0.005 0.006 0.004 0.976     (0.000,0.026) (0.000,0.026) (0.000,0.024) (0.000,0.032) (0.000,0.023) (0.883,1.000) 
 68      178    (0)    1 :  0.020 0.038 0.081 0.017 0.009 0.835     (0.000,0.138) (0.000,0.282) (0.000,0.420) (0.000,0.114) (0.000,0.053) (0.452,1.000) 
 69      186    (0)    1 :  0.004 0.005 0.004 0.006 0.976 0.005     (0.000,0.025) (0.000,0.031) (0.000,0.022) (0.000,0.032) (0.877,1.000) (0.000,0.026) 
 70      189    (0)    1 :  0.006 0.010 0.004 0.964 0.007 0.009     (0.000,0.034) (0.000,0.060) (0.000,0.020) (0.821,1.000) (0.000,0.044) (0.000,0.051) 
 71      190    (0)    1 :  0.018 0.063 0.011 0.857 0.036 0.014     (0.000,0.127) (0.000,0.438) (0.000,0.070) (0.443,1.000) (0.000,0.255) (0.000,0.091) 
 72      191    (0)    1 :  0.012 0.027 0.049 0.347 0.527 0.037     (0.000,0.072) (0.000,0.190) (0.000,0.325) (0.000,0.983) (0.000,0.996) (0.000,0.270) 
 73      193    (0)    1 :  0.014 0.026 0.024 0.011 0.044 0.880     (0.000,0.089) (0.000,0.172) (0.000,0.174) (0.000,0.063) (0.000,0.319) (0.494,1.000) 
 74      202    (0)    1 :  0.055 0.595 0.009 0.317 0.010 0.015     (0.000,0.354) (0.161,0.998) (0.000,0.049) (0.000,0.753) (0.000,0.060) (0.000,0.095) 
 75      204    (0)    1 :  0.004 0.007 0.004 0.952 0.028 0.004     (0.000,0.023) (0.000,0.037) (0.000,0.024) (0.752,1.000) (0.000,0.202) (0.000,0.021) 
 76      211    (0)    1 :  0.027 0.477 0.408 0.009 0.010 0.069     (0.000,0.173) (0.000,1.000) (0.000,0.999) (0.000,0.054) (0.000,0.061) (0.000,0.449) 
 77      216    (0)    1 :  0.007 0.019 0.929 0.005 0.005 0.035     (0.000,0.037) (0.000,0.136) (0.670,1.000) (0.000,0.025) (0.000,0.026) (0.000,0.233) 
 78      222    (0)    1 :  0.052 0.015 0.881 0.020 0.007 0.025     (0.000,0.347) (0.000,0.088) (0.526,1.000) (0.000,0.132) (0.000,0.044) (0.000,0.155) 
 79      224    (0)    1 :  0.010 0.014 0.010 0.942 0.015 0.009     (0.000,0.055) (0.000,0.090) (0.000,0.059) (0.718,1.000) (0.000,0.090) (0.000,0.051) 
 80      226    (0)    1 :  0.007 0.004 0.005 0.007 0.972 0.005     (0.000,0.039) (0.000,0.024) (0.000,0.028) (0.000,0.039) (0.858,1.000) (0.000,0.029) 
 81      229    (0)    1 :  0.052 0.056 0.055 0.755 0.014 0.068     (0.000,0.361) (0.000,0.394) (0.000,0.363) (0.339,1.000) (0.000,0.090) (0.000,0.333) 
 82      230    (0)    1 :  0.013 0.016 0.012 0.916 0.015 0.029     (0.000,0.080) (0.000,0.101) (0.000,0.087) (0.655,1.000) (0.000,0.099) (0.000,0.198) 
 83      232    (0)    1 :  0.027 0.531 0.034 0.156 0.093 0.158     (0.000,0.188) (0.000,0.998) (0.000,0.240) (0.000,0.717) (0.000,0.468) (0.000,0.635) 
 84      238    (0)    1 :  0.672 0.014 0.032 0.082 0.007 0.193     (0.013,1.000) (0.000,0.097) (0.000,0.230) (0.000,0.452) (0.000,0.038) (0.000,0.655) 
 85      242    (0)    1 :  0.972 0.005 0.007 0.006 0.006 0.005     (0.858,1.000) (0.000,0.026) (0.000,0.042) (0.000,0.031) (0.000,0.035) (0.000,0.025) 
 86      243    (0)    1 :  0.831 0.014 0.074 0.010 0.035 0.036     (0.414,1.000) (0.000,0.096) (0.000,0.463) (0.000,0.057) (0.000,0.254) (0.000,0.252) 
 87      244    (0)    1 :  0.798 0.011 0.011 0.013 0.007 0.161     (0.355,1.000) (0.000,0.065) (0.000,0.068) (0.000,0.081) (0.000,0.039) (0.000,0.605) 
 88      251    (0)    1 :  0.788 0.110 0.024 0.030 0.009 0.039     (0.298,1.000) (0.000,0.561) (0.000,0.162) (0.000,0.220) (0.000,0.056) (0.000,0.286) 
 89      266    (0)    1 :  0.228 0.017 0.028 0.019 0.013 0.697     (0.000,0.703) (0.000,0.108) (0.000,0.205) (0.000,0.132) (0.000,0.084) (0.215,1.000) 
 90      267    (0)    1 :  0.017 0.015 0.886 0.044 0.025 0.013     (0.000,0.114) (0.000,0.100) (0.561,1.000) (0.000,0.283) (0.000,0.188) (0.000,0.076) 
 91      268    (0)    1 :  0.011 0.040 0.779 0.005 0.008 0.157     (0.000,0.062) (0.000,0.281) (0.000,1.000) (0.000,0.029) (0.000,0.048) (0.000,0.925) 
 92      270    (0)    1 :  0.013 0.015 0.011 0.926 0.025 0.010     (0.000,0.077) (0.000,0.102) (0.000,0.069) (0.650,1.000) (0.000,0.182) (0.000,0.060) 
 93      276    (0)    1 :  0.022 0.038 0.086 0.331 0.423 0.099     (0.000,0.154) (0.000,0.275) (0.000,0.501) (0.000,0.999) (0.000,0.961) (0.000,0.511) 
 94      298    (6)    1 :  0.009 0.011 0.900 0.006 0.012 0.062     (0.000,0.056) (0.000,0.070) (0.493,1.000) (0.000,0.031) (0.000,0.076) (0.000,0.440) 
 95      306    (0)    1 :  0.050 0.049 0.267 0.007 0.011 0.617     (0.000,0.365) (0.000,0.362) (0.000,0.889) (0.000,0.042) (0.000,0.065) (0.000,1.000) 
 96      308    (0)    1 :  0.034 0.093 0.206 0.009 0.007 0.650     (0.000,0.245) (0.000,0.451) (0.000,0.808) (0.000,0.054) (0.000,0.042) (0.000,1.000) 
 97      311    (6)    1 :  0.222 0.036 0.608 0.027 0.011 0.095     (0.000,0.990) (0.000,0.260) (0.000,1.000) (0.000,0.194) (0.000,0.073) (0.000,0.619) 
 98      323    (0)    1 :  0.007 0.005 0.005 0.007 0.972 0.004     (0.000,0.039) (0.000,0.025) (0.000,0.028) (0.000,0.038) (0.860,1.000) (0.000,0.024) 
 99      327    (0)    1 :  0.020 0.267 0.016 0.673 0.017 0.008     (0.000,0.132) (0.000,0.907) (0.000,0.107) (0.000,1.000) (0.000,0.121) (0.000,0.047) 
100      334    (0)    1 :  0.954 0.006 0.019 0.007 0.004 0.009     (0.771,1.000) (0.000,0.035) (0.000,0.134) (0.000,0.039) (0.000,0.023) (0.000,0.056) 
101      338    (0)    1 :  0.016 0.031 0.865 0.011 0.018 0.058     (0.000,0.098) (0.000,0.219) (0.412,1.000) (0.000,0.067) (0.000,0.121) (0.000,0.395) 
102      341    (0)    1 :  0.009 0.009 0.005 0.007 0.963 0.008     (0.000,0.050) (0.000,0.050) (0.000,0.029) (0.000,0.037) (0.817,1.000) (0.000,0.043) 
103      346    (0)    1 :  0.009 0.103 0.018 0.008 0.014 0.849     (0.000,0.048) (0.000,0.800) (0.000,0.102) (0.000,0.043) (0.000,0.087) (0.026,1.000) 
104      348    (0)    1 :  0.020 0.006 0.792 0.009 0.007 0.167     (0.000,0.133) (0.000,0.034) (0.000,1.000) (0.000,0.053) (0.000,0.040) (0.000,0.907) 
105      351    (0)    1 :  0.884 0.051 0.015 0.009 0.018 0.023     (0.500,1.000) (0.000,0.347) (0.000,0.098) (0.000,0.051) (0.000,0.124) (0.000,0.149) 
106      362    (0)    1 :  0.006 0.020 0.006 0.937 0.024 0.006     (0.000,0.032) (0.000,0.124) (0.000,0.033) (0.686,1.000) (0.000,0.174) (0.000,0.031) 
107      364    (0)    1 :  0.943 0.012 0.014 0.005 0.011 0.015     (0.727,1.000) (0.000,0.076) (0.000,0.088) (0.000,0.028) (0.000,0.066) (0.000,0.099) 
108      366    (0)    1 :  0.881 0.018 0.029 0.046 0.012 0.013     (0.496,1.000) (0.000,0.110) (0.000,0.213) (0.000,0.330) (0.000,0.069) (0.000,0.076) 
109      376    (0)    1 :  0.008 0.027 0.007 0.025 0.906 0.028     (0.000,0.046) (0.000,0.193) (0.000,0.040) (0.000,0.175) (0.620,1.000) (0.000,0.191) 
110      377    (6)    1 :  0.023 0.609 0.079 0.228 0.032 0.030     (0.000,0.152) (0.000,1.000) (0.000,0.463) (0.000,0.784) (0.000,0.213) (0.000,0.193) 
111      378    (0)    1 :  0.005 0.961 0.008 0.007 0.009 0.010     (0.000,0.025) (0.805,1.000) (0.000,0.044) (0.000,0.040) (0.000,0.053) (0.000,0.064) 
112      388    (0)    1 :  0.013 0.023 0.935 0.010 0.008 0.011     (0.000,0.081) (0.000,0.165) (0.690,1.000) (0.000,0.057) (0.000,0.049) (0.000,0.062) 
113      391    (0)    1 :  0.011 0.405 0.024 0.006 0.515 0.039     (0.000,0.061) (0.007,0.833) (0.000,0.178) (0.000,0.032) (0.000,0.881) (0.000,0.290) 
114      401    (0)    1 :  0.271 0.010 0.015 0.374 0.103 0.227     (0.000,0.813) (0.000,0.058) (0.000,0.092) (0.000,0.775) (0.000,0.591) (0.000,0.675) 
115      406    (0)    1 :  0.035 0.038 0.716 0.011 0.107 0.093     (0.000,0.232) (0.000,0.261) (0.000,1.000) (0.000,0.067) (0.000,0.578) (0.000,0.682) 
116      412    (6)    1 :  0.018 0.061 0.747 0.022 0.027 0.124     (0.000,0.109) (0.000,0.442) (0.000,1.000) (0.000,0.151) (0.000,0.198) (0.000,0.928) 
117      413    (0)    1 :  0.032 0.008 0.022 0.017 0.004 0.917     (0.000,0.229) (0.000,0.046) (0.000,0.156) (0.000,0.115) (0.000,0.023) (0.622,1.000) 
118      421    (0)    1 :  0.035 0.024 0.056 0.677 0.025 0.183     (0.000,0.259) (0.000,0.163) (0.000,0.375) (0.248,1.000) (0.000,0.182) (0.000,0.630) 
119      423    (0)    1 :  0.058 0.021 0.046 0.818 0.014 0.043     (0.000,0.408) (0.000,0.146) (0.000,0.330) (0.346,1.000) (0.000,0.093) (0.000,0.319) 
120      424    (0)    1 :  0.042 0.171 0.095 0.010 0.371 0.311     (0.000,0.300) (0.000,0.920) (0.000,0.600) (0.000,0.061) (0.000,0.993) (0.000,0.988) 
121      426    (0)    1 :  0.016 0.910 0.012 0.026 0.018 0.018     (0.000,0.107) (0.619,1.000) (0.000,0.067) (0.000,0.186) (0.000,0.119) (0.000,0.128) 
122      430   (12)    1 :  0.011 0.046 0.122 0.017 0.065 0.739     (0.000,0.061) (0.000,0.322) (0.000,0.617) (0.000,0.107) (0.000,0.458) (0.001,1.000) 
123      435    (0)    1 :  0.005 0.012 0.027 0.005 0.004 0.947     (0.000,0.026) (0.000,0.074) (0.000,0.189) (0.000,0.026) (0.000,0.024) (0.734,1.000) 
124      476    (0)    1 :  0.029 0.019 0.007 0.108 0.810 0.028     (0.000,0.194) (0.000,0.134) (0.000,0.038) (0.000,0.508) (0.420,1.000) (0.000,0.196) 
125      478    (0)    1 :  0.028 0.017 0.012 0.210 0.727 0.007     (0.000,0.202) (0.000,0.112) (0.000,0.077) (0.000,0.602) (0.352,1.000) (0.000,0.039) 
126      484    (0)    1 :  0.006 0.010 0.946 0.006 0.011 0.021     (0.000,0.034) (0.000,0.057) (0.735,1.000) (0.000,0.032) (0.000,0.071) (0.000,0.129) 
127      489    (0)    1 :  0.010 0.813 0.109 0.036 0.011 0.022     (0.000,0.053) (0.334,1.000) (0.000,0.531) (0.000,0.262) (0.000,0.064) (0.000,0.125) 
128      492   (18)    1 :  0.938 0.008 0.020 0.007 0.005 0.021     (0.691,1.000) (0.000,0.047) (0.000,0.139) (0.000,0.036) (0.000,0.030) (0.000,0.152) 
129      493    (0)    1 :  0.951 0.013 0.008 0.012 0.007 0.009     (0.766,1.000) (0.000,0.086) (0.000,0.046) (0.000,0.079) (0.000,0.043) (0.000,0.056) 
130      494    (0)    1 :  0.927 0.024 0.006 0.021 0.013 0.010     (0.665,1.000) (0.000,0.177) (0.000,0.034) (0.000,0.145) (0.000,0.086) (0.000,0.060) 
131      500    (0)    1 :  0.006 0.008 0.004 0.964 0.014 0.004     (0.000,0.032) (0.000,0.047) (0.000,0.021) (0.819,1.000) (0.000,0.089) (0.000,0.022) 
132      504    (0)    1 :  0.022 0.023 0.906 0.033 0.007 0.009     (0.000,0.154) (0.000,0.163) (0.636,1.000) (0.000,0.223) (0.000,0.040) (0.000,0.050) 
133      506    (0)    1 :  0.006 0.011 0.893 0.071 0.013 0.005     (0.000,0.036) (0.000,0.066) (0.561,1.000) (0.000,0.396) (0.000,0.080) (0.000,0.030) 


Estimated Allele Frequencies in each cluster
First column gives estimated ancestral frequencies


Locus 1 : Rsu3 
3 alleles
0.0% missing data
 164   (0.517) 0.550 0.556 0.506 0.624 0.497 0.485 
 166   (0.256) 0.214 0.317 0.445 0.094 0.113 0.311 
 170   (0.226) 0.236 0.126 0.049 0.283 0.390 0.204 

Locus 2 : Rsu5 
5 alleles
0.0% missing data
 137   (0.725) 0.655 0.856 0.616 0.956 0.965 0.792 
 135   (0.090) 0.102 0.085 0.017 0.008 0.021 0.064 
 139   (0.107) 0.206 0.051 0.011 0.029 0.009 0.081 
 133   (0.025) 0.022 0.002 0.002 0.002 0.002 0.003 
 131   (0.053) 0.016 0.005 0.355 0.004 0.004 0.060 

Locus 3 : Scv1 
5 alleles
0.0% missing data
 181   (0.541) 0.633 0.678 0.356 0.633 0.946 0.343 
 179   (0.201) 0.209 0.111 0.181 0.121 0.025 0.267 
 177   (0.108) 0.060 0.194 0.235 0.012 0.016 0.100 
 185   (0.122) 0.061 0.013 0.226 0.232 0.012 0.287 
 171   (0.029) 0.038 0.004 0.003 0.002 0.002 0.004 

Locus 4 : Rsu4 
9 alleles
0.0% missing data
 267   (0.200) 0.305 0.061 0.125 0.294 0.144 0.062 
 263   (0.327) 0.260 0.729 0.355 0.244 0.494 0.488 
 259   (0.056) 0.017 0.042 0.005 0.203 0.247 0.007 
 287   (0.182) 0.129 0.124 0.254 0.210 0.097 0.141 
 275   (0.040) 0.096 0.004 0.004 0.003 0.003 0.012 
 279   (0.063) 0.086 0.014 0.007 0.009 0.006 0.178 
 283   (0.067) 0.044 0.007 0.243 0.006 0.005 0.104 
 291   (0.038) 0.026 0.017 0.004 0.030 0.003 0.005 
 271   (0.026) 0.037 0.003 0.003 0.002 0.002 0.003 

Locus 5 : Rsu6 
5 alleles
0.0% missing data
 120   (0.273) 0.218 0.491 0.179 0.264 0.283 0.228 
 126   (0.593) 0.649 0.466 0.807 0.471 0.589 0.754 
 124   (0.081) 0.056 0.038 0.008 0.244 0.124 0.012 
 130   (0.031) 0.071 0.003 0.003 0.003 0.002 0.004 
 114   (0.022) 0.007 0.002 0.002 0.019 0.002 0.003 

Locus 6 : Scv12 
3 alleles
1.5% missing data
 198   (0.582) 0.711 0.435 0.454 0.328 0.695 0.730 
 196   (0.251) 0.161 0.293 0.496 0.185 0.280 0.170 
 200   (0.166) 0.128 0.272 0.050 0.487 0.024 0.099 

Locus 7 : Scv23 
3 alleles
0.8% missing data
 158   (0.510) 0.470 0.495 0.654 0.732 0.363 0.587 
 164   (0.199) 0.268 0.152 0.168 0.060 0.436 0.043 
 160   (0.291) 0.262 0.354 0.178 0.208 0.201 0.370 

Locus 8 : Scv13 
5 alleles
0.0% missing data
 182   (0.727) 0.696 0.961 0.888 0.912 0.791 0.686 
 180   (0.089) 0.110 0.018 0.009 0.067 0.175 0.014 
 172   (0.080) 0.062 0.009 0.085 0.007 0.006 0.181 
 184   (0.065) 0.110 0.007 0.014 0.011 0.025 0.015 
 174   (0.039) 0.022 0.004 0.004 0.004 0.003 0.104 

Locus 9 : Scv32 
18 alleles
0.8% missing data
 236   (0.032) 0.118 0.003 0.003 0.003 0.002 0.005 
 238   (0.055) 0.036 0.038 0.121 0.005 0.005 0.038 
 234   (0.128) 0.064 0.127 0.189 0.022 0.336 0.586 
 246   (0.053) 0.017 0.019 0.006 0.175 0.297 0.014 
 248   (0.095) 0.139 0.341 0.021 0.147 0.007 0.013 
 262   (0.101) 0.068 0.114 0.084 0.267 0.011 0.066 
 232   (0.169) 0.316 0.021 0.315 0.134 0.170 0.096 
 250   (0.027) 0.008 0.244 0.002 0.003 0.003 0.003 
 228   (0.024) 0.037 0.003 0.002 0.002 0.002 0.004 
 220   (0.040) 0.014 0.012 0.004 0.200 0.069 0.006 
 264   (0.059) 0.051 0.031 0.010 0.006 0.057 0.052 
 252   (0.046) 0.015 0.006 0.062 0.019 0.004 0.059 
 254   (0.049) 0.030 0.014 0.088 0.004 0.003 0.039 
 242   (0.022) 0.037 0.002 0.002 0.002 0.002 0.003 
 266   (0.028) 0.011 0.003 0.050 0.002 0.002 0.005 
 244   (0.030) 0.012 0.019 0.037 0.006 0.003 0.005 
 226   (0.022) 0.007 0.002 0.002 0.002 0.026 0.003 
 240   (0.019) 0.020 0.002 0.002 0.002 0.001 0.004 

Locus 10 : Scv8 
6 alleles
0.8% missing data
 200   (0.614) 0.659 0.823 0.690 0.695 0.827 0.469 
 202   (0.094) 0.147 0.015 0.080 0.008 0.007 0.071 
 194   (0.096) 0.043 0.035 0.011 0.098 0.151 0.152 
 204   (0.053) 0.031 0.102 0.005 0.042 0.004 0.009 
 198   (0.071) 0.084 0.018 0.007 0.150 0.005 0.020 
 188   (0.072) 0.036 0.007 0.208 0.006 0.005 0.279 

Locus 11 : Scv9 
5 alleles
0.0% missing data
 198   (0.320) 0.251 0.528 0.364 0.118 0.430 0.537 
 200   (0.351) 0.469 0.332 0.232 0.556 0.351 0.113 
 196   (0.259) 0.258 0.131 0.395 0.321 0.045 0.263 
 204   (0.046) 0.014 0.006 0.006 0.004 0.173 0.067 
 202   (0.024) 0.007 0.002 0.003 0.002 0.002 0.021 

Locus 12 : Rsu1 
6 alleles
0.0% missing data
 189   (0.298) 0.490 0.097 0.161 0.063 0.500 0.257 
 185   (0.275) 0.217 0.085 0.736 0.241 0.187 0.250 
 177   (0.083) 0.050 0.011 0.043 0.140 0.009 0.043 
 181   (0.240) 0.213 0.731 0.050 0.192 0.058 0.437 
 193   (0.056) 0.017 0.070 0.005 0.266 0.032 0.007 
 197   (0.047) 0.014 0.005 0.004 0.099 0.214 0.006 

Locus 13 : Scv14 
7 alleles
4.5% missing data
 196   (0.537) 0.435 0.827 0.559 0.787 0.929 0.665 
 198   (0.092) 0.115 0.057 0.068 0.008 0.008 0.089 
 194   (0.140) 0.183 0.065 0.047 0.064 0.020 0.174 
 202   (0.157) 0.225 0.025 0.319 0.130 0.037 0.051 
 204   (0.024) 0.022 0.003 0.002 0.002 0.002 0.003 
 190   (0.024) 0.008 0.020 0.002 0.007 0.002 0.003 
 200   (0.025) 0.012 0.003 0.002 0.002 0.002 0.015 

Locus 14 : Scv16 
7 alleles
0.0% missing data
 182   (0.399) 0.323 0.711 0.402 0.562 0.201 0.614 
 184   (0.401) 0.499 0.261 0.521 0.284 0.771 0.222 
 188   (0.067) 0.111 0.007 0.006 0.142 0.017 0.008 
 200   (0.024) 0.022 0.002 0.002 0.002 0.002 0.003 
 198   (0.046) 0.014 0.012 0.045 0.004 0.003 0.088 
 190   (0.038) 0.012 0.004 0.021 0.003 0.003 0.061 
 186   (0.025) 0.019 0.003 0.003 0.003 0.002 0.005 

Locus 15 : Scv31 
15 alleles
3.0% missing data
 193   (0.112) 0.093 0.568 0.203 0.040 0.012 0.026 
 201   (0.111) 0.192 0.077 0.049 0.068 0.012 0.015 
 187   (0.092) 0.032 0.058 0.094 0.307 0.253 0.012 
 207   (0.033) 0.010 0.004 0.003 0.017 0.385 0.004 
 195   (0.076) 0.025 0.045 0.166 0.113 0.016 0.032 
 185   (0.163) 0.143 0.045 0.278 0.023 0.238 0.324 
 189   (0.063) 0.175 0.115 0.006 0.006 0.004 0.007 
 205   (0.023) 0.021 0.003 0.003 0.002 0.002 0.003 
 191   (0.123) 0.060 0.062 0.018 0.343 0.062 0.513 
 197   (0.032) 0.010 0.005 0.129 0.010 0.004 0.004 
 199   (0.061) 0.066 0.007 0.039 0.006 0.004 0.047 
 203   (0.027) 0.055 0.003 0.003 0.002 0.002 0.003 
 209   (0.025) 0.037 0.003 0.002 0.002 0.002 0.004 
 213   (0.033) 0.072 0.003 0.003 0.003 0.002 0.004 
 181   (0.025) 0.008 0.003 0.003 0.059 0.002 0.003 

Locus 16 : Scv6 
8 alleles
0.0% missing data
 191   (0.111) 0.188 0.187 0.022 0.183 0.008 0.014 
 195   (0.361) 0.293 0.521 0.557 0.457 0.692 0.270 
 197   (0.217) 0.123 0.236 0.222 0.317 0.248 0.284 
 201   (0.073) 0.146 0.019 0.008 0.006 0.005 0.107 
 205   (0.027) 0.038 0.003 0.002 0.002 0.002 0.003 
 193   (0.087) 0.102 0.010 0.128 0.009 0.007 0.142 
 199   (0.096) 0.071 0.023 0.057 0.022 0.036 0.177 
 181   (0.027) 0.038 0.003 0.003 0.002 0.002 0.003 

Values of parameters used in structure:
DATAFILE=M:\STRUCTURE\Squirrel_133_ID_16L_20250816\project_data,	OUTFILE=M:\STRUCTURE\Squirrel_133_ID_16L_20250816\10k_Burnin_100k_MCMC\Results\10k_Burnin_100k_MCMC_run_136,	NUMINDS=133,	NUMLOCI=16,	MISSING=-9,	LABEL=1,	POPDATA=1,	POPFLAG=0,	PHENOTYPE=0,	EXTRACOLS=1,	MAXPOPS=6,	BURNIN=10000,	NUMREPS=100000,	USEPOPINFO=0,	INFERALPHA=1,	INFERLAMBDA=1,	POPSPECIFICLAMBDA=0,	POPALPHAS=0,	COMPUTEPROB=1,	NOADMIX=0,	ADMBURNIN=2500,	UPDATEFREQ=1,	PRINTLIKES=0,	INTERMEDSAVE=0,	PRINTKLD=0,	PRINTNET=0,	PRINTLAMBDA=0,	ANCESTDIST=1,	NUMBOXES=1000,	ANCESTPINT=0.90000,	GENSBACK=2,	MIGRPRIOR=0.05000,	PRINTQHAT=1,	PRINTQSUM=0,	ALPHA=1.0000,	FREQSCORR=1,	FPRIORMEAN=0.0100,	FPRIORSD=0.0500,	ONEFST=0,	LAMBDA=1.0000,	UNIFPRIORALPHA=1,	ALPHAMAX=10.0000,	ALPHAPRIORA=1.0000,	ALPHAPRIORB=2.0000,	ALPHAPROPSD=0.0250,	STARTATPOPINFO=0,	RANDOMIZE=1,	LINKAGE=0,	METROFREQ=10,	REPORTHITRATE=0,	MARKOVPHASE=-1,	PHASED=0,	PLOIDY=2,	PHASEINFO=0	LOCPRIOR=0, 	LOCPRIORINIT=1.000000, 	LOCDATA=0, 	LOCISPOP=0, 	LOCPRIORSTEP=0.100000, 	MAXLOCPRIOR=20.000000, 	SEED=1763671018,	
[STRAT parameters]:    NUMSIMSTATS=1000,	PHENOTYPECOL=-9,	POOLFREQ=10,	LOCUSxONLY=0,	EMERROR=0.00100,	MISSINGPHENO=-9,	