

----------------------------------------------------
STRUCTURE by Pritchard, Stephens and Donnelly (2000)
     and Falush, Stephens and Pritchard (2003)
       Code by Pritchard, Falush and Hubisz
             Version 2.3.4 (Jul 2012)
----------------------------------------------------



Command line arguments:   bin\structure -m M:\STRUCTURE\Squirrel_133_ID_16L_20250816\10k_Burnin_100k_MCMC\mainparams -e M:\STRUCTURE\Squirrel_133_ID_16L_20250816\10k_Burnin_100k_MCMC\extraparams 
Input File:    M:\STRUCTURE\Squirrel_133_ID_16L_20250816\project_data

Run parameters:
   133 individuals
   16 loci
   6 populations assumed
   10000 Burn-in period
   100000 Reps


--------------------------------------------
Proportion of membership of each pre-defined
 population in each of the 6 clusters

Given    Inferred Clusters                            Number of
 Pop       1      2      3      4      5      6      Individuals

  1:     0.177  0.188  0.131  0.174  0.137  0.192      133
--------------------------------------------

Allele-freq. divergence among pops (Net nucleotide distance),
computed using point estimates of P.

      1       2       3       4       5       6      
 1      -    0.0574  0.0735  0.0592  0.0618  0.0542  
 2   0.0574     -    0.0676  0.0813  0.0800  0.0793  
 3   0.0735  0.0676     -    0.0744  0.0921  0.0908  
 4   0.0592  0.0813  0.0744     -    0.0967  0.0631  
 5   0.0618  0.0800  0.0921  0.0967     -    0.0931  
 6   0.0542  0.0793  0.0908  0.0631  0.0931     -    

Average distances (expected heterozygosity) between individuals in same cluster:
cluster  1  : 0.6456 
cluster  2  : 0.5502 
cluster  3  : 0.4868 
cluster  4  : 0.5814 
cluster  5  : 0.4665 
cluster  6  : 0.5661 

--------------------------------------------
Estimated Ln Prob of Data   = -4747.6
Mean value of ln likelihood = -4557.1
Variance of ln likelihood   = 380.9
Mean value of alpha         = 0.0453

Mean value of lambda        = 1.0287

Mean value of Fst_1         = 0.0510
Mean value of Fst_2         = 0.1934
Mean value of Fst_3         = 0.2294
Mean value of Fst_4         = 0.1529
Mean value of Fst_5         = 0.2917
Mean value of Fst_6         = 0.1781


Inferred ancestry of individuals:
        Label (%Miss) Pop:  Inferred clusters (and 90% probability intervals)
  1       1*    (0)    1 :  0.877 0.008 0.064 0.008 0.015 0.029     (0.483,1.000) (0.000,0.043) (0.000,0.408) (0.000,0.046) (0.000,0.100) (0.000,0.206) 
  2        3    (0)    1 :  0.005 0.006 0.006 0.005 0.972 0.006     (0.000,0.029) (0.000,0.034) (0.000,0.030) (0.000,0.026) (0.860,1.000) (0.000,0.034) 
  3        6    (0)    1 :  0.006 0.020 0.011 0.015 0.923 0.024     (0.000,0.034) (0.000,0.139) (0.000,0.068) (0.000,0.100) (0.636,1.000) (0.000,0.172) 
  4        8    (0)    1 :  0.010 0.954 0.015 0.004 0.006 0.010     (0.000,0.063) (0.776,1.000) (0.000,0.098) (0.000,0.024) (0.000,0.034) (0.000,0.061) 
  5       10    (0)    1 :  0.011 0.184 0.786 0.005 0.010 0.004     (0.000,0.063) (0.000,0.823) (0.135,1.000) (0.000,0.030) (0.000,0.059) (0.000,0.023) 
  6       11    (0)    1 :  0.748 0.066 0.025 0.093 0.045 0.023     (0.000,1.000) (0.000,0.446) (0.000,0.181) (0.000,0.638) (0.000,0.333) (0.000,0.164) 
  7       12    (0)    1 :  0.005 0.008 0.971 0.005 0.005 0.005     (0.000,0.024) (0.000,0.048) (0.855,1.000) (0.000,0.028) (0.000,0.029) (0.000,0.028) 
  8       16    (6)    1 :  0.007 0.016 0.009 0.006 0.958 0.005     (0.000,0.037) (0.000,0.098) (0.000,0.053) (0.000,0.032) (0.790,1.000) (0.000,0.030) 
  9       18    (0)    1 :  0.964 0.009 0.006 0.005 0.010 0.005     (0.821,1.000) (0.000,0.054) (0.000,0.035) (0.000,0.027) (0.000,0.060) (0.000,0.030) 
 10       19    (0)    1 :  0.853 0.038 0.012 0.056 0.017 0.025     (0.382,1.000) (0.000,0.281) (0.000,0.068) (0.000,0.391) (0.000,0.111) (0.000,0.169) 
 11       21    (6)    1 :  0.006 0.028 0.010 0.008 0.941 0.007     (0.000,0.035) (0.000,0.190) (0.000,0.057) (0.000,0.047) (0.725,1.000) (0.000,0.038) 
 12       23    (6)    1 :  0.009 0.018 0.882 0.062 0.013 0.016     (0.000,0.050) (0.000,0.129) (0.537,1.000) (0.000,0.364) (0.000,0.081) (0.000,0.105) 
 13       24    (6)    1 :  0.288 0.233 0.407 0.042 0.017 0.013     (0.000,0.969) (0.000,0.879) (0.000,0.997) (0.000,0.292) (0.000,0.117) (0.000,0.082) 
 14       25    (6)    1 :  0.015 0.070 0.843 0.012 0.048 0.013     (0.000,0.092) (0.000,0.366) (0.510,1.000) (0.000,0.078) (0.000,0.287) (0.000,0.080) 
 15      26*    (0)    1 :  0.025 0.702 0.166 0.005 0.094 0.009     (0.000,0.174) (0.002,1.000) (0.000,0.562) (0.000,0.029) (0.000,0.535) (0.000,0.054) 
 16       28    (0)    1 :  0.009 0.784 0.134 0.007 0.058 0.007     (0.000,0.053) (0.000,1.000) (0.000,0.948) (0.000,0.043) (0.000,0.424) (0.000,0.041) 
 17       29    (0)    1 :  0.016 0.160 0.805 0.006 0.006 0.006     (0.000,0.108) (0.000,0.978) (0.000,1.000) (0.000,0.035) (0.000,0.033) (0.000,0.031) 
 18       30    (0)    1 :  0.026 0.461 0.055 0.008 0.117 0.334     (0.000,0.167) (0.000,0.998) (0.000,0.417) (0.000,0.042) (0.000,0.649) (0.000,0.788) 
 19       33    (0)    1 :  0.946 0.005 0.006 0.025 0.006 0.012     (0.732,1.000) (0.000,0.025) (0.000,0.036) (0.000,0.181) (0.000,0.034) (0.000,0.076) 
 20       37    (0)    1 :  0.946 0.008 0.021 0.008 0.011 0.006     (0.737,1.000) (0.000,0.044) (0.000,0.153) (0.000,0.044) (0.000,0.071) (0.000,0.032) 
 21       38    (0)    1 :  0.949 0.019 0.014 0.005 0.009 0.004     (0.742,1.000) (0.000,0.135) (0.000,0.095) (0.000,0.027) (0.000,0.055) (0.000,0.021) 
 22       43    (0)    1 :  0.012 0.191 0.748 0.008 0.034 0.007     (0.000,0.072) (0.000,0.659) (0.301,1.000) (0.000,0.047) (0.000,0.241) (0.000,0.040) 
 23       44    (0)    1 :  0.011 0.567 0.007 0.011 0.370 0.034     (0.000,0.056) (0.064,0.996) (0.000,0.043) (0.000,0.060) (0.000,0.720) (0.000,0.258) 
 24       48    (0)    1 :  0.962 0.007 0.008 0.005 0.014 0.005     (0.809,1.000) (0.000,0.037) (0.000,0.044) (0.000,0.025) (0.000,0.086) (0.000,0.029) 
 25       55    (0)    1 :  0.016 0.744 0.014 0.012 0.187 0.028     (0.000,0.106) (0.003,1.000) (0.000,0.087) (0.000,0.080) (0.000,0.828) (0.000,0.202) 
 26       59    (0)    1 :  0.006 0.006 0.004 0.004 0.975 0.005     (0.000,0.033) (0.000,0.035) (0.000,0.020) (0.000,0.022) (0.874,1.000) (0.000,0.030) 
 27       60    (0)    1 :  0.092 0.006 0.360 0.202 0.022 0.318     (0.000,0.640) (0.000,0.030) (0.000,1.000) (0.000,0.967) (0.000,0.157) (0.000,0.995) 
 28       61    (0)    1 :  0.008 0.008 0.009 0.917 0.015 0.042     (0.000,0.049) (0.000,0.046) (0.000,0.047) (0.604,1.000) (0.000,0.099) (0.000,0.303) 
 29       62    (0)    1 :  0.022 0.013 0.035 0.888 0.014 0.029     (0.000,0.151) (0.000,0.081) (0.000,0.249) (0.522,1.000) (0.000,0.085) (0.000,0.208) 
 30       65    (0)    1 :  0.943 0.011 0.008 0.012 0.005 0.022     (0.735,1.000) (0.000,0.067) (0.000,0.044) (0.000,0.082) (0.000,0.027) (0.000,0.151) 
 31       73    (0)    1 :  0.009 0.013 0.077 0.005 0.006 0.889     (0.000,0.057) (0.000,0.085) (0.000,0.378) (0.000,0.028) (0.000,0.033) (0.585,1.000) 
 32       75    (0)    1 :  0.018 0.011 0.005 0.916 0.010 0.040     (0.000,0.126) (0.000,0.074) (0.000,0.028) (0.622,1.000) (0.000,0.068) (0.000,0.279) 
 33       76    (0)    1 :  0.004 0.004 0.008 0.971 0.005 0.007     (0.000,0.023) (0.000,0.022) (0.000,0.046) (0.854,1.000) (0.000,0.029) (0.000,0.041) 
 34       77    (0)    1 :  0.008 0.005 0.011 0.965 0.006 0.006     (0.000,0.043) (0.000,0.025) (0.000,0.060) (0.828,1.000) (0.000,0.036) (0.000,0.031) 
 35       78    (0)    1 :  0.016 0.011 0.016 0.174 0.007 0.776     (0.000,0.097) (0.000,0.068) (0.000,0.114) (0.000,0.943) (0.000,0.037) (0.000,1.000) 
 36       79    (0)    1 :  0.011 0.006 0.004 0.928 0.004 0.047     (0.000,0.066) (0.000,0.039) (0.000,0.023) (0.647,1.000) (0.000,0.023) (0.000,0.315) 
 37       84    (0)    1 :  0.024 0.117 0.114 0.046 0.670 0.030     (0.000,0.173) (0.000,0.471) (0.000,0.568) (0.000,0.321) (0.282,0.999) (0.000,0.219) 
 38       85    (0)    1 :  0.012 0.950 0.007 0.007 0.011 0.013     (0.000,0.070) (0.756,1.000) (0.000,0.039) (0.000,0.041) (0.000,0.066) (0.000,0.085) 
 39       86    (0)    1 :  0.020 0.931 0.015 0.011 0.006 0.018     (0.000,0.141) (0.680,1.000) (0.000,0.099) (0.000,0.063) (0.000,0.032) (0.000,0.123) 
 40       89    (0)    1 :  0.033 0.016 0.311 0.074 0.544 0.022     (0.000,0.235) (0.000,0.095) (0.000,0.818) (0.000,0.428) (0.000,0.936) (0.000,0.146) 
 41       94    (0)    1 :  0.022 0.012 0.943 0.006 0.012 0.005     (0.000,0.146) (0.000,0.075) (0.721,1.000) (0.000,0.037) (0.000,0.081) (0.000,0.026) 
 42       95    (0)    1 :  0.010 0.012 0.005 0.006 0.957 0.009     (0.000,0.058) (0.000,0.070) (0.000,0.027) (0.000,0.035) (0.786,1.000) (0.000,0.054) 
 43       96    (0)    1 :  0.005 0.972 0.009 0.006 0.004 0.005     (0.000,0.025) (0.860,1.000) (0.000,0.050) (0.000,0.031) (0.000,0.023) (0.000,0.025) 
 44       98    (0)    1 :  0.010 0.008 0.014 0.087 0.009 0.872     (0.000,0.053) (0.000,0.046) (0.000,0.090) (0.000,0.863) (0.000,0.051) (0.008,1.000) 
 45      102    (0)    1 :  0.896 0.007 0.030 0.016 0.039 0.012     (0.591,1.000) (0.000,0.035) (0.000,0.212) (0.000,0.114) (0.000,0.269) (0.000,0.083) 
 46      105    (0)    1 :  0.009 0.005 0.005 0.005 0.006 0.969     (0.000,0.056) (0.000,0.029) (0.000,0.030) (0.000,0.028) (0.000,0.035) (0.846,1.000) 
 47      106    (0)    1 :  0.032 0.029 0.008 0.606 0.135 0.189     (0.000,0.211) (0.000,0.209) (0.000,0.045) (0.000,1.000) (0.000,0.490) (0.000,0.694) 
 48      108    (0)    1 :  0.055 0.010 0.012 0.023 0.008 0.891     (0.000,0.365) (0.000,0.062) (0.000,0.074) (0.000,0.158) (0.000,0.048) (0.527,1.000) 
 49      109    (0)    1 :  0.007 0.015 0.005 0.010 0.010 0.953     (0.000,0.038) (0.000,0.101) (0.000,0.029) (0.000,0.057) (0.000,0.060) (0.769,1.000) 
 50      112    (0)    1 :  0.040 0.136 0.105 0.693 0.010 0.014     (0.000,0.278) (0.000,0.581) (0.000,0.707) (0.000,1.000) (0.000,0.061) (0.000,0.089) 
 51      115    (0)    1 :  0.840 0.013 0.080 0.013 0.015 0.039     (0.397,1.000) (0.000,0.082) (0.000,0.449) (0.000,0.077) (0.000,0.092) (0.000,0.291) 
 52      116    (0)    1 :  0.015 0.946 0.008 0.007 0.012 0.012     (0.000,0.100) (0.733,1.000) (0.000,0.041) (0.000,0.039) (0.000,0.068) (0.000,0.075) 
 53      117    (0)    1 :  0.016 0.238 0.302 0.029 0.389 0.027     (0.000,0.098) (0.000,0.793) (0.000,0.998) (0.000,0.213) (0.000,0.980) (0.000,0.182) 
 54      129    (0)    1 :  0.007 0.937 0.008 0.004 0.038 0.006     (0.000,0.045) (0.690,1.000) (0.000,0.042) (0.000,0.021) (0.000,0.267) (0.000,0.032) 
 55      132    (0)    1 :  0.242 0.007 0.556 0.067 0.030 0.098     (0.000,0.974) (0.000,0.037) (0.000,1.000) (0.000,0.457) (0.000,0.221) (0.000,0.611) 
 56      133    (0)    1 :  0.008 0.005 0.011 0.113 0.011 0.851     (0.000,0.043) (0.000,0.028) (0.000,0.068) (0.000,0.951) (0.000,0.068) (0.000,1.000) 
 57      137    (6)    1 :  0.011 0.010 0.025 0.919 0.015 0.021     (0.000,0.063) (0.000,0.058) (0.000,0.165) (0.621,1.000) (0.000,0.094) (0.000,0.134) 
 58      139    (0)    1 :  0.023 0.019 0.008 0.923 0.011 0.016     (0.000,0.153) (0.000,0.134) (0.000,0.049) (0.652,1.000) (0.000,0.071) (0.000,0.095) 
 59      140    (0)    1 :  0.006 0.006 0.005 0.012 0.011 0.959     (0.000,0.034) (0.000,0.034) (0.000,0.028) (0.000,0.072) (0.000,0.071) (0.795,1.000) 
 60      142    (0)    1 :  0.006 0.005 0.011 0.951 0.016 0.011     (0.000,0.034) (0.000,0.027) (0.000,0.065) (0.755,1.000) (0.000,0.108) (0.000,0.070) 
 61      144    (0)    1 :  0.005 0.004 0.004 0.005 0.005 0.976     (0.000,0.026) (0.000,0.022) (0.000,0.024) (0.000,0.029) (0.000,0.031) (0.881,1.000) 
 62      145    (0)    1 :  0.008 0.005 0.007 0.954 0.008 0.017     (0.000,0.043) (0.000,0.028) (0.000,0.039) (0.773,1.000) (0.000,0.046) (0.000,0.117) 
 63      147    (0)    1 :  0.007 0.009 0.005 0.012 0.004 0.963     (0.000,0.037) (0.000,0.055) (0.000,0.025) (0.000,0.064) (0.000,0.024) (0.822,1.000) 
 64      160    (0)    1 :  0.009 0.017 0.955 0.005 0.009 0.005     (0.000,0.043) (0.000,0.073) (0.794,1.000) (0.000,0.029) (0.000,0.056) (0.000,0.025) 
 65     162*    (0)    1 :  0.005 0.971 0.010 0.005 0.004 0.005     (0.000,0.026) (0.853,1.000) (0.000,0.055) (0.000,0.030) (0.000,0.024) (0.000,0.027) 
 66      166    (0)    1 :  0.016 0.009 0.031 0.237 0.031 0.676     (0.000,0.093) (0.000,0.052) (0.000,0.138) (0.000,1.000) (0.000,0.226) (0.000,1.000) 
 67      177    (0)    1 :  0.005 0.005 0.005 0.977 0.004 0.005     (0.000,0.026) (0.000,0.030) (0.000,0.026) (0.885,1.000) (0.000,0.022) (0.000,0.024) 
 68      178    (0)    1 :  0.020 0.018 0.042 0.834 0.009 0.078     (0.000,0.133) (0.000,0.122) (0.000,0.306) (0.448,1.000) (0.000,0.052) (0.000,0.415) 
 69      186    (0)    1 :  0.004 0.006 0.006 0.004 0.975 0.004     (0.000,0.023) (0.000,0.032) (0.000,0.032) (0.000,0.024) (0.875,1.000) (0.000,0.024) 
 70      189    (0)    1 :  0.007 0.963 0.010 0.009 0.007 0.004     (0.000,0.038) (0.817,1.000) (0.000,0.063) (0.000,0.054) (0.000,0.038) (0.000,0.020) 
 71      190    (0)    1 :  0.017 0.865 0.054 0.014 0.037 0.013     (0.000,0.119) (0.472,1.000) (0.000,0.371) (0.000,0.095) (0.000,0.260) (0.000,0.080) 
 72      191    (0)    1 :  0.014 0.313 0.030 0.037 0.552 0.054     (0.000,0.090) (0.000,0.946) (0.000,0.213) (0.000,0.267) (0.000,0.997) (0.000,0.340) 
 73      193    (0)    1 :  0.015 0.011 0.029 0.882 0.041 0.021     (0.000,0.098) (0.000,0.065) (0.000,0.187) (0.502,1.000) (0.000,0.295) (0.000,0.149) 
 74      202    (0)    1 :  0.056 0.318 0.595 0.014 0.009 0.008     (0.000,0.352) (0.000,0.754) (0.167,0.998) (0.000,0.094) (0.000,0.058) (0.000,0.046) 
 75      204    (0)    1 :  0.004 0.951 0.007 0.003 0.030 0.004     (0.000,0.023) (0.741,1.000) (0.000,0.037) (0.000,0.018) (0.000,0.214) (0.000,0.025) 
 76      211    (0)    1 :  0.026 0.009 0.513 0.073 0.010 0.369     (0.000,0.179) (0.000,0.052) (0.000,1.000) (0.000,0.478) (0.000,0.062) (0.000,0.998) 
 77      216    (0)    1 :  0.007 0.005 0.019 0.040 0.005 0.924     (0.000,0.039) (0.000,0.028) (0.000,0.134) (0.000,0.255) (0.000,0.026) (0.651,1.000) 
 78      222    (0)    1 :  0.049 0.025 0.014 0.020 0.007 0.884     (0.000,0.333) (0.000,0.179) (0.000,0.087) (0.000,0.141) (0.000,0.044) (0.536,1.000) 
 79      224    (0)    1 :  0.010 0.944 0.013 0.009 0.014 0.009     (0.000,0.059) (0.728,1.000) (0.000,0.078) (0.000,0.049) (0.000,0.086) (0.000,0.055) 
 80      226    (0)    1 :  0.008 0.007 0.005 0.005 0.970 0.005     (0.000,0.043) (0.000,0.040) (0.000,0.027) (0.000,0.028) (0.851,1.000) (0.000,0.028) 
 81      229    (0)    1 :  0.054 0.745 0.059 0.066 0.013 0.063     (0.000,0.375) (0.335,1.000) (0.000,0.414) (0.000,0.333) (0.000,0.083) (0.000,0.392) 
 82      230    (0)    1 :  0.013 0.914 0.017 0.027 0.016 0.013     (0.000,0.080) (0.648,1.000) (0.000,0.112) (0.000,0.184) (0.000,0.110) (0.000,0.087) 
 83      232    (0)    1 :  0.029 0.161 0.525 0.162 0.090 0.033     (0.000,0.203) (0.000,0.728) (0.000,0.999) (0.000,0.644) (0.000,0.463) (0.000,0.237) 
 84      238    (0)    1 :  0.682 0.073 0.014 0.195 0.007 0.029     (0.112,1.000) (0.000,0.423) (0.000,0.094) (0.000,0.644) (0.000,0.041) (0.000,0.213) 
 85      242    (0)    1 :  0.973 0.006 0.004 0.004 0.006 0.007     (0.861,1.000) (0.000,0.030) (0.000,0.024) (0.000,0.024) (0.000,0.035) (0.000,0.039) 
 86      243    (0)    1 :  0.829 0.010 0.014 0.033 0.033 0.082     (0.409,1.000) (0.000,0.055) (0.000,0.089) (0.000,0.233) (0.000,0.244) (0.000,0.490) 
 87      244    (0)    1 :  0.795 0.013 0.011 0.164 0.007 0.011     (0.353,1.000) (0.000,0.083) (0.000,0.066) (0.000,0.611) (0.000,0.039) (0.000,0.074) 
 88      251    (0)    1 :  0.798 0.029 0.106 0.036 0.009 0.021     (0.316,1.000) (0.000,0.211) (0.000,0.557) (0.000,0.252) (0.000,0.053) (0.000,0.146) 
 89      266    (0)    1 :  0.239 0.019 0.015 0.687 0.012 0.028     (0.000,0.734) (0.000,0.135) (0.000,0.095) (0.188,1.000) (0.000,0.083) (0.000,0.201) 
 90      267    (0)    1 :  0.016 0.042 0.015 0.014 0.023 0.891     (0.000,0.106) (0.000,0.273) (0.000,0.101) (0.000,0.078) (0.000,0.165) (0.575,1.000) 
 91      268    (0)    1 :  0.013 0.005 0.039 0.159 0.008 0.775     (0.000,0.075) (0.000,0.028) (0.000,0.281) (0.000,0.928) (0.000,0.049) (0.000,1.000) 
 92      270    (0)    1 :  0.012 0.927 0.014 0.010 0.027 0.011     (0.000,0.068) (0.660,1.000) (0.000,0.087) (0.000,0.060) (0.000,0.188) (0.000,0.065) 
 93      276    (0)    1 :  0.022 0.305 0.039 0.102 0.449 0.083     (0.000,0.148) (0.000,0.994) (0.000,0.287) (0.000,0.516) (0.000,0.959) (0.000,0.496) 
 94      298    (6)    1 :  0.010 0.005 0.012 0.055 0.012 0.905     (0.000,0.056) (0.000,0.029) (0.000,0.072) (0.000,0.384) (0.000,0.080) (0.528,1.000) 
 95      306    (0)    1 :  0.054 0.008 0.058 0.613 0.010 0.258     (0.000,0.398) (0.000,0.043) (0.000,0.453) (0.000,1.000) (0.000,0.059) (0.000,0.875) 
 96      308    (0)    1 :  0.034 0.008 0.098 0.661 0.006 0.192     (0.000,0.244) (0.000,0.047) (0.000,0.463) (0.000,1.000) (0.000,0.037) (0.000,0.781) 
 97      311    (6)    1 :  0.220 0.030 0.039 0.075 0.011 0.625     (0.000,0.982) (0.000,0.212) (0.000,0.276) (0.000,0.507) (0.000,0.066) (0.000,1.000) 
 98      323    (0)    1 :  0.007 0.007 0.004 0.004 0.972 0.005     (0.000,0.038) (0.000,0.039) (0.000,0.023) (0.000,0.024) (0.860,1.000) (0.000,0.029) 
 99      327    (0)    1 :  0.020 0.700 0.239 0.008 0.016 0.017     (0.000,0.139) (0.034,1.000) (0.000,0.856) (0.000,0.046) (0.000,0.113) (0.000,0.115) 
100      334    (0)    1 :  0.953 0.007 0.007 0.009 0.004 0.020     (0.768,1.000) (0.000,0.039) (0.000,0.038) (0.000,0.057) (0.000,0.022) (0.000,0.135) 
101      338    (0)    1 :  0.016 0.012 0.028 0.044 0.018 0.882     (0.000,0.099) (0.000,0.072) (0.000,0.193) (0.000,0.306) (0.000,0.123) (0.489,1.000) 
102      341    (0)    1 :  0.009 0.006 0.009 0.008 0.962 0.005     (0.000,0.053) (0.000,0.034) (0.000,0.053) (0.000,0.045) (0.812,1.000) (0.000,0.030) 
103      346    (0)    1 :  0.009 0.008 0.107 0.842 0.013 0.021     (0.000,0.049) (0.000,0.046) (0.000,0.840) (0.001,1.000) (0.000,0.077) (0.000,0.120) 
104      348    (0)    1 :  0.020 0.008 0.006 0.153 0.007 0.806     (0.000,0.134) (0.000,0.045) (0.000,0.034) (0.000,0.864) (0.000,0.041) (0.002,1.000) 
105      351    (0)    1 :  0.885 0.008 0.051 0.025 0.017 0.014     (0.493,1.000) (0.000,0.048) (0.000,0.347) (0.000,0.160) (0.000,0.114) (0.000,0.088) 
106      362    (0)    1 :  0.006 0.932 0.023 0.006 0.027 0.006     (0.000,0.035) (0.661,1.000) (0.000,0.144) (0.000,0.031) (0.000,0.189) (0.000,0.031) 
107      364    (0)    1 :  0.948 0.005 0.010 0.014 0.010 0.013     (0.747,1.000) (0.000,0.029) (0.000,0.064) (0.000,0.090) (0.000,0.060) (0.000,0.077) 
108      366    (0)    1 :  0.879 0.046 0.018 0.012 0.013 0.031     (0.493,1.000) (0.000,0.333) (0.000,0.115) (0.000,0.071) (0.000,0.084) (0.000,0.227) 
109      376    (0)    1 :  0.009 0.025 0.026 0.028 0.905 0.007     (0.000,0.049) (0.000,0.179) (0.000,0.191) (0.000,0.191) (0.624,1.000) (0.000,0.041) 
110      377    (6)    1 :  0.024 0.233 0.614 0.027 0.031 0.073     (0.000,0.154) (0.000,0.786) (0.000,1.000) (0.000,0.165) (0.000,0.212) (0.000,0.427) 
111      378    (0)    1 :  0.005 0.008 0.961 0.010 0.010 0.007     (0.000,0.027) (0.000,0.043) (0.806,1.000) (0.000,0.062) (0.000,0.057) (0.000,0.040) 
112      388    (0)    1 :  0.012 0.010 0.022 0.010 0.008 0.938     (0.000,0.078) (0.000,0.059) (0.000,0.149) (0.000,0.059) (0.000,0.049) (0.697,1.000) 
113      391    (0)    1 :  0.011 0.006 0.422 0.034 0.502 0.026     (0.000,0.062) (0.000,0.030) (0.050,0.863) (0.000,0.241) (0.000,0.867) (0.000,0.191) 
114      401    (0)    1 :  0.267 0.362 0.011 0.223 0.121 0.015     (0.000,0.826) (0.000,0.773) (0.000,0.059) (0.000,0.663) (0.000,0.624) (0.000,0.097) 
115      406    (0)    1 :  0.040 0.010 0.036 0.085 0.099 0.729     (0.000,0.273) (0.000,0.061) (0.000,0.247) (0.000,0.663) (0.000,0.554) (0.000,1.000) 
116      412    (6)    1 :  0.018 0.021 0.065 0.122 0.026 0.747     (0.000,0.107) (0.000,0.139) (0.000,0.467) (0.000,0.932) (0.000,0.195) (0.000,1.000) 
117      413    (0)    1 :  0.031 0.019 0.008 0.913 0.004 0.025     (0.000,0.222) (0.000,0.131) (0.000,0.048) (0.606,1.000) (0.000,0.023) (0.000,0.182) 
118      421    (0)    1 :  0.037 0.675 0.023 0.188 0.026 0.050     (0.000,0.275) (0.253,1.000) (0.000,0.156) (0.000,0.636) (0.000,0.191) (0.000,0.349) 
119      423    (0)    1 :  0.064 0.815 0.021 0.041 0.012 0.047     (0.000,0.441) (0.321,1.000) (0.000,0.146) (0.000,0.299) (0.000,0.079) (0.000,0.337) 
120      424    (0)    1 :  0.046 0.010 0.200 0.317 0.348 0.079     (0.000,0.328) (0.000,0.058) (0.000,0.963) (0.000,0.984) (0.000,0.986) (0.000,0.517) 
121      426    (0)    1 :  0.016 0.027 0.906 0.018 0.020 0.013     (0.000,0.108) (0.000,0.189) (0.602,1.000) (0.000,0.121) (0.000,0.138) (0.000,0.081) 
122      430   (12)    1 :  0.012 0.018 0.060 0.734 0.053 0.122     (0.000,0.068) (0.000,0.114) (0.000,0.444) (0.000,1.000) (0.000,0.380) (0.000,0.615) 
123      435    (0)    1 :  0.004 0.005 0.013 0.947 0.005 0.027     (0.000,0.024) (0.000,0.026) (0.000,0.084) (0.733,1.000) (0.000,0.026) (0.000,0.189) 
124      476    (0)    1 :  0.028 0.116 0.019 0.027 0.803 0.006     (0.000,0.191) (0.000,0.531) (0.000,0.132) (0.000,0.188) (0.399,1.000) (0.000,0.037) 
125      478    (0)    1 :  0.028 0.204 0.017 0.007 0.733 0.011     (0.000,0.201) (0.000,0.591) (0.000,0.114) (0.000,0.039) (0.364,1.000) (0.000,0.072) 
126      484    (0)    1 :  0.006 0.005 0.010 0.023 0.010 0.945     (0.000,0.031) (0.000,0.030) (0.000,0.063) (0.000,0.133) (0.000,0.063) (0.734,1.000) 
127      489    (0)    1 :  0.011 0.037 0.821 0.018 0.011 0.102     (0.000,0.057) (0.000,0.270) (0.370,1.000) (0.000,0.103) (0.000,0.065) (0.000,0.514) 
128      492   (18)    1 :  0.937 0.007 0.009 0.021 0.005 0.021     (0.689,1.000) (0.000,0.040) (0.000,0.048) (0.000,0.146) (0.000,0.030) (0.000,0.134) 
129      493    (0)    1 :  0.952 0.012 0.012 0.009 0.007 0.007     (0.770,1.000) (0.000,0.082) (0.000,0.082) (0.000,0.053) (0.000,0.039) (0.000,0.043) 
130      494    (0)    1 :  0.926 0.020 0.025 0.010 0.014 0.006     (0.665,1.000) (0.000,0.142) (0.000,0.180) (0.000,0.060) (0.000,0.092) (0.000,0.035) 
131      500    (0)    1 :  0.006 0.964 0.008 0.004 0.014 0.004     (0.000,0.034) (0.816,1.000) (0.000,0.049) (0.000,0.021) (0.000,0.092) (0.000,0.021) 
132      504    (0)    1 :  0.023 0.034 0.023 0.010 0.007 0.903     (0.000,0.154) (0.000,0.229) (0.000,0.161) (0.000,0.054) (0.000,0.041) (0.627,1.000) 
133      506    (0)    1 :  0.006 0.069 0.011 0.005 0.013 0.895     (0.000,0.035) (0.000,0.391) (0.000,0.067) (0.000,0.027) (0.000,0.085) (0.562,1.000) 


Estimated Allele Frequencies in each cluster
First column gives estimated ancestral frequencies


Locus 1 : Rsu3 
3 alleles
0.0% missing data
 164   (0.518) 0.550 0.623 0.554 0.484 0.499 0.508 
 166   (0.256) 0.214 0.092 0.325 0.312 0.110 0.443 
 170   (0.227) 0.236 0.284 0.121 0.205 0.391 0.049 

Locus 2 : Rsu5 
5 alleles
0.0% missing data
 137   (0.721) 0.655 0.955 0.857 0.792 0.967 0.616 
 135   (0.091) 0.101 0.008 0.088 0.064 0.019 0.016 
 139   (0.110) 0.205 0.030 0.048 0.081 0.009 0.011 
 133   (0.026) 0.022 0.002 0.003 0.003 0.002 0.002 
 131   (0.052) 0.016 0.004 0.005 0.060 0.004 0.355 

Locus 3 : Scv1 
5 alleles
0.0% missing data
 181   (0.542) 0.631 0.632 0.676 0.342 0.947 0.357 
 179   (0.202) 0.209 0.124 0.108 0.269 0.024 0.179 
 177   (0.107) 0.060 0.012 0.199 0.099 0.015 0.234 
 185   (0.122) 0.062 0.229 0.013 0.287 0.012 0.228 
 171   (0.028) 0.037 0.002 0.004 0.003 0.002 0.003 

Locus 4 : Rsu4 
9 alleles
0.0% missing data
 267   (0.200) 0.302 0.294 0.059 0.062 0.145 0.126 
 263   (0.326) 0.262 0.245 0.734 0.486 0.490 0.354 
 259   (0.057) 0.018 0.202 0.039 0.007 0.251 0.005 
 287   (0.180) 0.130 0.210 0.124 0.140 0.097 0.253 
 275   (0.040) 0.095 0.003 0.004 0.012 0.003 0.004 
 279   (0.065) 0.086 0.009 0.014 0.179 0.006 0.008 
 283   (0.066) 0.044 0.006 0.007 0.105 0.005 0.244 
 291   (0.039) 0.026 0.029 0.016 0.005 0.003 0.004 
 271   (0.028) 0.037 0.002 0.003 0.003 0.002 0.003 

Locus 5 : Rsu6 
5 alleles
0.0% missing data
 120   (0.270) 0.219 0.267 0.488 0.228 0.282 0.177 
 126   (0.590) 0.645 0.468 0.471 0.754 0.588 0.809 
 124   (0.082) 0.057 0.244 0.035 0.012 0.126 0.009 
 130   (0.034) 0.071 0.003 0.003 0.004 0.002 0.003 
 114   (0.024) 0.008 0.019 0.002 0.003 0.002 0.002 

Locus 6 : Scv12 
3 alleles
1.5% missing data
 198   (0.582) 0.709 0.327 0.441 0.731 0.694 0.453 
 196   (0.251) 0.164 0.186 0.289 0.169 0.282 0.497 
 200   (0.166) 0.128 0.487 0.270 0.099 0.024 0.050 

Locus 7 : Scv23 
3 alleles
0.8% missing data
 158   (0.510) 0.472 0.730 0.496 0.588 0.365 0.654 
 164   (0.200) 0.266 0.061 0.152 0.043 0.433 0.168 
 160   (0.290) 0.262 0.209 0.352 0.369 0.202 0.179 

Locus 8 : Scv13 
5 alleles
0.0% missing data
 182   (0.725) 0.696 0.912 0.960 0.686 0.790 0.887 
 180   (0.091) 0.110 0.066 0.019 0.014 0.176 0.009 
 172   (0.080) 0.062 0.007 0.009 0.181 0.006 0.087 
 184   (0.065) 0.109 0.012 0.008 0.014 0.025 0.014 
 174   (0.039) 0.023 0.003 0.004 0.104 0.003 0.004 

Locus 9 : Scv32 
18 alleles
0.8% missing data
 236   (0.035) 0.117 0.003 0.004 0.005 0.002 0.003 
 238   (0.054) 0.035 0.004 0.040 0.038 0.004 0.119 
 234   (0.122) 0.063 0.020 0.127 0.588 0.336 0.189 
 246   (0.050) 0.017 0.175 0.018 0.013 0.297 0.006 
 248   (0.092) 0.139 0.151 0.334 0.013 0.007 0.020 
 262   (0.102) 0.069 0.267 0.111 0.064 0.011 0.085 
 232   (0.177) 0.316 0.132 0.022 0.096 0.174 0.317 
 250   (0.022) 0.007 0.002 0.245 0.003 0.002 0.002 
 228   (0.024) 0.036 0.002 0.003 0.003 0.002 0.002 
 220   (0.040) 0.015 0.200 0.012 0.006 0.069 0.004 
 264   (0.060) 0.052 0.006 0.034 0.052 0.055 0.010 
 252   (0.045) 0.015 0.019 0.006 0.059 0.003 0.062 
 254   (0.050) 0.031 0.004 0.016 0.041 0.003 0.087 
 242   (0.025) 0.038 0.002 0.003 0.003 0.002 0.002 
 266   (0.026) 0.010 0.002 0.003 0.004 0.002 0.051 
 244   (0.031) 0.012 0.007 0.019 0.005 0.002 0.037 
 226   (0.022) 0.007 0.002 0.002 0.003 0.026 0.002 
 240   (0.023) 0.020 0.002 0.002 0.004 0.002 0.002 

Locus 10 : Scv8 
6 alleles
0.8% missing data
 200   (0.611) 0.658 0.694 0.824 0.468 0.826 0.688 
 202   (0.096) 0.145 0.008 0.016 0.071 0.007 0.081 
 194   (0.096) 0.044 0.098 0.035 0.152 0.152 0.011 
 204   (0.053) 0.032 0.043 0.099 0.009 0.004 0.005 
 198   (0.072) 0.084 0.150 0.019 0.020 0.005 0.007 
 188   (0.072) 0.037 0.006 0.007 0.281 0.005 0.208 

Locus 11 : Scv9 
5 alleles
0.0% missing data
 198   (0.319) 0.253 0.119 0.531 0.539 0.427 0.362 
 200   (0.351) 0.465 0.556 0.331 0.112 0.353 0.232 
 196   (0.260) 0.260 0.320 0.129 0.262 0.045 0.397 
 204   (0.046) 0.015 0.004 0.006 0.067 0.173 0.006 
 202   (0.025) 0.008 0.002 0.002 0.021 0.002 0.003 

Locus 12 : Rsu1 
6 alleles
0.0% missing data
 189   (0.301) 0.486 0.063 0.095 0.257 0.500 0.162 
 185   (0.273) 0.217 0.242 0.085 0.250 0.187 0.736 
 177   (0.084) 0.051 0.140 0.011 0.042 0.009 0.043 
 181   (0.239) 0.213 0.191 0.735 0.438 0.057 0.050 
 193   (0.056) 0.018 0.266 0.069 0.007 0.032 0.005 
 197   (0.047) 0.015 0.098 0.005 0.005 0.214 0.004 

Locus 13 : Scv14 
7 alleles
4.5% missing data
 196   (0.531) 0.435 0.788 0.823 0.665 0.929 0.560 
 198   (0.093) 0.114 0.008 0.060 0.089 0.008 0.066 
 194   (0.141) 0.183 0.064 0.065 0.173 0.020 0.047 
 202   (0.161) 0.226 0.128 0.027 0.052 0.038 0.320 
 204   (0.024) 0.021 0.002 0.003 0.003 0.002 0.002 
 190   (0.025) 0.009 0.007 0.020 0.003 0.002 0.002 
 200   (0.025) 0.012 0.002 0.003 0.015 0.002 0.002 

Locus 14 : Scv16 
7 alleles
0.0% missing data
 182   (0.397) 0.324 0.562 0.711 0.615 0.202 0.404 
 184   (0.403) 0.498 0.286 0.260 0.220 0.771 0.521 
 188   (0.068) 0.110 0.141 0.007 0.008 0.018 0.006 
 200   (0.024) 0.022 0.002 0.002 0.003 0.002 0.002 
 198   (0.047) 0.015 0.004 0.013 0.088 0.003 0.044 
 190   (0.037) 0.012 0.003 0.004 0.061 0.003 0.020 
 186   (0.024) 0.019 0.003 0.002 0.005 0.002 0.002 

Locus 15 : Scv31 
15 alleles
3.0% missing data
 193   (0.111) 0.094 0.042 0.567 0.026 0.012 0.202 
 201   (0.109) 0.190 0.068 0.077 0.014 0.012 0.050 
 187   (0.087) 0.031 0.308 0.052 0.011 0.253 0.095 
 207   (0.026) 0.008 0.013 0.003 0.003 0.389 0.003 
 195   (0.076) 0.026 0.113 0.045 0.030 0.016 0.168 
 185   (0.163) 0.144 0.022 0.048 0.326 0.235 0.277 
 189   (0.069) 0.175 0.007 0.117 0.008 0.005 0.007 
 205   (0.026) 0.022 0.003 0.003 0.003 0.002 0.003 
 191   (0.116) 0.059 0.341 0.063 0.514 0.059 0.016 
 197   (0.033) 0.011 0.010 0.004 0.004 0.004 0.129 
 199   (0.063) 0.066 0.006 0.007 0.047 0.004 0.040 
 203   (0.032) 0.056 0.003 0.003 0.004 0.002 0.003 
 209   (0.031) 0.039 0.003 0.004 0.004 0.002 0.003 
 213   (0.032) 0.071 0.003 0.003 0.004 0.002 0.003 
 181   (0.027) 0.009 0.059 0.003 0.004 0.002 0.003 

Locus 16 : Scv6 
8 alleles
0.0% missing data
 191   (0.113) 0.187 0.186 0.183 0.014 0.008 0.022 
 195   (0.358) 0.294 0.454 0.528 0.270 0.689 0.555 
 197   (0.215) 0.125 0.318 0.231 0.284 0.251 0.223 
 201   (0.074) 0.145 0.007 0.018 0.108 0.005 0.008 
 205   (0.028) 0.038 0.002 0.003 0.003 0.002 0.002 
 193   (0.089) 0.101 0.009 0.010 0.143 0.007 0.128 
 199   (0.096) 0.071 0.022 0.024 0.175 0.035 0.059 
 181   (0.027) 0.038 0.002 0.003 0.003 0.002 0.002 

Values of parameters used in structure:
DATAFILE=M:\STRUCTURE\Squirrel_133_ID_16L_20250816\project_data,	OUTFILE=M:\STRUCTURE\Squirrel_133_ID_16L_20250816\10k_Burnin_100k_MCMC\Results\10k_Burnin_100k_MCMC_run_135,	NUMINDS=133,	NUMLOCI=16,	MISSING=-9,	LABEL=1,	POPDATA=1,	POPFLAG=0,	PHENOTYPE=0,	EXTRACOLS=1,	MAXPOPS=6,	BURNIN=10000,	NUMREPS=100000,	USEPOPINFO=0,	INFERALPHA=1,	INFERLAMBDA=1,	POPSPECIFICLAMBDA=0,	POPALPHAS=0,	COMPUTEPROB=1,	NOADMIX=0,	ADMBURNIN=2500,	UPDATEFREQ=1,	PRINTLIKES=0,	INTERMEDSAVE=0,	PRINTKLD=0,	PRINTNET=0,	PRINTLAMBDA=0,	ANCESTDIST=1,	NUMBOXES=1000,	ANCESTPINT=0.90000,	GENSBACK=2,	MIGRPRIOR=0.05000,	PRINTQHAT=1,	PRINTQSUM=0,	ALPHA=1.0000,	FREQSCORR=1,	FPRIORMEAN=0.0100,	FPRIORSD=0.0500,	ONEFST=0,	LAMBDA=1.0000,	UNIFPRIORALPHA=1,	ALPHAMAX=10.0000,	ALPHAPRIORA=1.0000,	ALPHAPRIORB=2.0000,	ALPHAPROPSD=0.0250,	STARTATPOPINFO=0,	RANDOMIZE=1,	LINKAGE=0,	METROFREQ=10,	REPORTHITRATE=0,	MARKOVPHASE=-1,	PHASED=0,	PLOIDY=2,	PHASEINFO=0	LOCPRIOR=0, 	LOCPRIORINIT=1.000000, 	LOCDATA=0, 	LOCISPOP=0, 	LOCPRIORSTEP=0.100000, 	MAXLOCPRIOR=20.000000, 	SEED=1763670933,	
[STRAT parameters]:    NUMSIMSTATS=1000,	PHENOTYPECOL=-9,	POOLFREQ=10,	LOCUSxONLY=0,	EMERROR=0.00100,	MISSINGPHENO=-9,	