

----------------------------------------------------
STRUCTURE by Pritchard, Stephens and Donnelly (2000)
     and Falush, Stephens and Pritchard (2003)
       Code by Pritchard, Falush and Hubisz
             Version 2.3.4 (Jul 2012)
----------------------------------------------------



Command line arguments:   bin\structure -m M:\STRUCTURE\Squirrel_133_ID_16L_20250816\10k_Burnin_100k_MCMC\mainparams -e M:\STRUCTURE\Squirrel_133_ID_16L_20250816\10k_Burnin_100k_MCMC\extraparams 
Input File:    M:\STRUCTURE\Squirrel_133_ID_16L_20250816\project_data

Run parameters:
   133 individuals
   16 loci
   10 populations assumed
   10000 Burn-in period
   100000 Reps


--------------------------------------------
Proportion of membership of each pre-defined
 population in each of the 10 clusters

Given    Inferred Clusters                                                        Number of
 Pop       1      2      3      4      5      6      7      8      9     10      Individuals

  1:     0.125  0.036  0.112  0.091  0.106  0.098  0.110  0.119  0.102  0.102      133
--------------------------------------------

Allele-freq. divergence among pops (Net nucleotide distance),
computed using point estimates of P.

      1       2       3       4       5       6       7       8       9      10      
 1      -    0.1363  0.0948  0.0484  0.0621  0.0740  0.0664  0.0887  0.0963  0.0492  
 2   0.1363     -    0.2221  0.1475  0.1389  0.1435  0.2240  0.1655  0.2105  0.1601  
 3   0.0948  0.2221     -    0.1001  0.1171  0.1287  0.1194  0.1513  0.0959  0.0709  
 4   0.0484  0.1475  0.1001     -    0.0181  0.0464  0.0939  0.0884  0.0842  0.0479  
 5   0.0621  0.1389  0.1171  0.0181     -    0.0342  0.0893  0.0786  0.0795  0.0521  
 6   0.0740  0.1435  0.1287  0.0464  0.0342     -    0.1040  0.0819  0.0892  0.0481  
 7   0.0664  0.2240  0.1194  0.0939  0.0893  0.1040     -    0.1328  0.1196  0.0668  
 8   0.0887  0.1655  0.1513  0.0884  0.0786  0.0819  0.1328     -    0.1531  0.0774  
 9   0.0963  0.2105  0.0959  0.0842  0.0795  0.0892  0.1196  0.1531     -    0.0778  
10   0.0492  0.1601  0.0709  0.0479  0.0521  0.0481  0.0668  0.0774  0.0778     -    

Average distances (expected heterozygosity) between individuals in same cluster:
cluster  1  : 0.6274 
cluster  2  : 0.4641 
cluster  3  : 0.4654 
cluster  4  : 0.6343 
cluster  5  : 0.5859 
cluster  6  : 0.5246 
cluster  7  : 0.4522 
cluster  8  : 0.5265 
cluster  9  : 0.4478 
cluster 10  : 0.5710 

--------------------------------------------
Estimated Ln Prob of Data   = -4940.3
Mean value of ln likelihood = -4327.4
Variance of ln likelihood   = 1225.8
Mean value of alpha         = 0.0449

Mean value of lambda        = 0.9649

Mean value of Fst_1         = 0.0864
Mean value of Fst_2         = 0.4713
Mean value of Fst_3         = 0.3029
Mean value of Fst_4         = 0.1353
Mean value of Fst_5         = 0.2284
Mean value of Fst_6         = 0.2787
Mean value of Fst_7         = 0.3315
Mean value of Fst_8         = 0.2625
Mean value of Fst_9         = 0.3111
Mean value of Fst_10         = 0.2274


Inferred ancestry of individuals:
        Label (%Miss) Pop:  Inferred clusters (and 90% probability intervals)
  1       1*    (0)    1 :  0.691 0.049 0.010 0.033 0.096 0.056 0.014 0.015 0.029 0.008     (0.101,0.999) (0.000,0.346) (0.000,0.056) (0.000,0.137) (0.000,0.491) (0.000,0.393) (0.000,0.090) (0.000,0.094) (0.000,0.208) (0.000,0.046) 
  2        3    (0)    1 :  0.006 0.005 0.006 0.005 0.006 0.008 0.803 0.007 0.006 0.149     (0.000,0.032) (0.000,0.025) (0.000,0.031) (0.000,0.027) (0.000,0.032) (0.000,0.046) (0.000,1.000) (0.000,0.038) (0.000,0.031) (0.000,0.982) 
  3        6    (0)    1 :  0.006 0.006 0.018 0.011 0.025 0.018 0.672 0.015 0.011 0.219     (0.000,0.032) (0.000,0.031) (0.000,0.131) (0.000,0.063) (0.000,0.175) (0.000,0.118) (0.000,1.000) (0.000,0.102) (0.000,0.058) (0.000,0.996) 
  4        8    (0)    1 :  0.014 0.010 0.618 0.006 0.005 0.008 0.006 0.016 0.025 0.292     (0.000,0.090) (0.000,0.067) (0.169,0.994) (0.000,0.031) (0.000,0.025) (0.000,0.046) (0.000,0.032) (0.000,0.113) (0.000,0.168) (0.000,0.716) 
  5       10    (0)    1 :  0.006 0.007 0.173 0.006 0.005 0.004 0.008 0.003 0.781 0.006     (0.000,0.034) (0.000,0.041) (0.000,0.574) (0.000,0.031) (0.000,0.026) (0.000,0.024) (0.000,0.050) (0.000,0.018) (0.381,1.000) (0.000,0.031) 
  6       11    (0)    1 :  0.329 0.022 0.025 0.281 0.052 0.044 0.051 0.010 0.023 0.163     (0.000,0.988) (0.000,0.144) (0.000,0.174) (0.000,0.996) (0.000,0.359) (0.000,0.324) (0.000,0.359) (0.000,0.059) (0.000,0.167) (0.000,0.861) 
  7       12    (0)    1 :  0.005 0.004 0.011 0.005 0.007 0.010 0.005 0.005 0.943 0.006     (0.000,0.027) (0.000,0.020) (0.000,0.072) (0.000,0.028) (0.000,0.036) (0.000,0.055) (0.000,0.027) (0.000,0.029) (0.765,1.000) (0.000,0.030) 
  8       16    (6)    1 :  0.006 0.005 0.013 0.006 0.006 0.006 0.727 0.005 0.010 0.217     (0.000,0.031) (0.000,0.024) (0.000,0.089) (0.000,0.031) (0.000,0.032) (0.000,0.035) (0.000,1.000) (0.000,0.026) (0.000,0.058) (0.000,0.998) 
  9       18    (0)    1 :  0.945 0.004 0.006 0.005 0.004 0.007 0.008 0.006 0.006 0.009     (0.778,1.000) (0.000,0.023) (0.000,0.035) (0.000,0.026) (0.000,0.020) (0.000,0.037) (0.000,0.051) (0.000,0.032) (0.000,0.032) (0.000,0.054) 
 10       19    (0)    1 :  0.542 0.007 0.030 0.317 0.022 0.011 0.012 0.022 0.009 0.027     (0.000,0.999) (0.000,0.034) (0.000,0.228) (0.000,0.997) (0.000,0.147) (0.000,0.063) (0.000,0.072) (0.000,0.142) (0.000,0.054) (0.000,0.186) 
 11       21    (6)    1 :  0.006 0.006 0.030 0.008 0.008 0.010 0.706 0.006 0.008 0.212     (0.000,0.035) (0.000,0.033) (0.000,0.194) (0.000,0.043) (0.000,0.043) (0.000,0.060) (0.000,1.000) (0.000,0.033) (0.000,0.051) (0.000,0.994) 
 12       23    (6)    1 :  0.010 0.009 0.026 0.027 0.092 0.222 0.009 0.013 0.578 0.014     (0.000,0.059) (0.000,0.053) (0.000,0.186) (0.000,0.174) (0.000,0.541) (0.000,0.946) (0.000,0.054) (0.000,0.076) (0.000,0.995) (0.000,0.089) 
 13       24    (6)    1 :  0.049 0.180 0.133 0.122 0.022 0.010 0.016 0.009 0.439 0.020     (0.000,0.353) (0.000,0.565) (0.000,0.558) (0.000,0.793) (0.000,0.156) (0.000,0.059) (0.000,0.111) (0.000,0.052) (0.000,0.928) (0.000,0.128) 
 14       25    (6)    1 :  0.012 0.013 0.015 0.019 0.079 0.104 0.022 0.009 0.626 0.100     (0.000,0.081) (0.000,0.080) (0.000,0.103) (0.000,0.091) (0.000,0.475) (0.000,0.577) (0.000,0.159) (0.000,0.049) (0.181,0.991) (0.000,0.434) 
 15      26*    (0)    1 :  0.016 0.030 0.583 0.013 0.008 0.007 0.167 0.006 0.148 0.023     (0.000,0.102) (0.000,0.187) (0.000,0.988) (0.000,0.068) (0.000,0.044) (0.000,0.036) (0.000,0.585) (0.000,0.031) (0.000,0.554) (0.000,0.161) 
 16       28    (0)    1 :  0.007 0.034 0.107 0.012 0.010 0.008 0.096 0.006 0.315 0.405     (0.000,0.039) (0.000,0.245) (0.000,0.685) (0.000,0.053) (0.000,0.059) (0.000,0.047) (0.000,0.563) (0.000,0.034) (0.000,0.990) (0.000,0.993) 
 17       29    (0)    1 :  0.014 0.011 0.126 0.008 0.006 0.005 0.005 0.005 0.811 0.008     (0.000,0.094) (0.000,0.076) (0.000,0.576) (0.000,0.045) (0.000,0.031) (0.000,0.026) (0.000,0.031) (0.000,0.027) (0.367,1.000) (0.000,0.047) 
 18       30    (0)    1 :  0.016 0.010 0.345 0.024 0.021 0.012 0.110 0.320 0.109 0.033     (0.000,0.099) (0.000,0.059) (0.000,0.762) (0.000,0.113) (0.000,0.141) (0.000,0.064) (0.000,0.564) (0.000,0.662) (0.000,0.629) (0.000,0.237) 
 19       33    (0)    1 :  0.823 0.006 0.005 0.096 0.035 0.008 0.006 0.011 0.005 0.005     (0.037,1.000) (0.000,0.034) (0.000,0.030) (0.000,0.814) (0.000,0.253) (0.000,0.046) (0.000,0.033) (0.000,0.071) (0.000,0.027) (0.000,0.026) 
 20       37    (0)    1 :  0.895 0.017 0.006 0.010 0.009 0.008 0.012 0.005 0.029 0.009     (0.619,1.000) (0.000,0.122) (0.000,0.034) (0.000,0.056) (0.000,0.057) (0.000,0.050) (0.000,0.076) (0.000,0.028) (0.000,0.214) (0.000,0.054) 
 21       38    (0)    1 :  0.918 0.012 0.011 0.011 0.004 0.005 0.009 0.004 0.014 0.011     (0.683,1.000) (0.000,0.083) (0.000,0.072) (0.000,0.053) (0.000,0.022) (0.000,0.027) (0.000,0.055) (0.000,0.022) (0.000,0.098) (0.000,0.067) 
 22       43    (0)    1 :  0.009 0.015 0.049 0.008 0.012 0.007 0.028 0.005 0.800 0.067     (0.000,0.051) (0.000,0.108) (0.000,0.321) (0.000,0.048) (0.000,0.076) (0.000,0.040) (0.000,0.200) (0.000,0.031) (0.439,1.000) (0.000,0.381) 
 23       44    (0)    1 :  0.008 0.005 0.131 0.007 0.006 0.024 0.185 0.034 0.008 0.593     (0.000,0.045) (0.000,0.027) (0.000,0.679) (0.000,0.035) (0.000,0.032) (0.000,0.164) (0.000,0.608) (0.000,0.258) (0.000,0.044) (0.000,1.000) 
 24       48    (0)    1 :  0.944 0.005 0.006 0.005 0.004 0.006 0.013 0.005 0.006 0.006     (0.773,1.000) (0.000,0.025) (0.000,0.031) (0.000,0.027) (0.000,0.023) (0.000,0.034) (0.000,0.080) (0.000,0.027) (0.000,0.033) (0.000,0.035) 
 25       55    (0)    1 :  0.012 0.013 0.170 0.021 0.032 0.021 0.196 0.014 0.010 0.511     (0.000,0.067) (0.000,0.087) (0.000,0.837) (0.000,0.122) (0.000,0.242) (0.000,0.151) (0.000,0.718) (0.000,0.095) (0.000,0.060) (0.000,0.983) 
 26       59    (0)    1 :  0.006 0.004 0.005 0.004 0.005 0.005 0.953 0.006 0.004 0.008     (0.000,0.033) (0.000,0.025) (0.000,0.029) (0.000,0.022) (0.000,0.027) (0.000,0.025) (0.811,1.000) (0.000,0.034) (0.000,0.021) (0.000,0.048) 
 27       60    (0)    1 :  0.011 0.042 0.004 0.018 0.573 0.297 0.009 0.009 0.034 0.005     (0.000,0.067) (0.000,0.263) (0.000,0.021) (0.000,0.078) (0.000,1.000) (0.000,0.999) (0.000,0.051) (0.000,0.048) (0.000,0.238) (0.000,0.027) 
 28       61    (0)    1 :  0.010 0.022 0.008 0.292 0.389 0.179 0.017 0.061 0.008 0.013     (0.000,0.060) (0.000,0.139) (0.000,0.045) (0.000,0.928) (0.000,0.983) (0.000,0.816) (0.000,0.122) (0.000,0.374) (0.000,0.044) (0.000,0.082) 
 29       62    (0)    1 :  0.025 0.037 0.007 0.091 0.162 0.525 0.013 0.020 0.055 0.065     (0.000,0.183) (0.000,0.286) (0.000,0.039) (0.000,0.611) (0.000,0.889) (0.000,0.998) (0.000,0.082) (0.000,0.142) (0.000,0.382) (0.000,0.456) 
 30       65    (0)    1 :  0.850 0.015 0.009 0.051 0.017 0.009 0.005 0.028 0.007 0.009     (0.456,1.000) (0.000,0.100) (0.000,0.056) (0.000,0.317) (0.000,0.119) (0.000,0.050) (0.000,0.027) (0.000,0.195) (0.000,0.041) (0.000,0.049) 
 31       73    (0)    1 :  0.007 0.013 0.006 0.007 0.025 0.022 0.005 0.794 0.102 0.018     (0.000,0.041) (0.000,0.087) (0.000,0.034) (0.000,0.038) (0.000,0.175) (0.000,0.152) (0.000,0.029) (0.435,1.000) (0.000,0.430) (0.000,0.120) 
 32       75    (0)    1 :  0.011 0.006 0.009 0.576 0.344 0.005 0.009 0.029 0.005 0.006     (0.000,0.069) (0.000,0.034) (0.000,0.057) (0.000,1.000) (0.000,0.999) (0.000,0.027) (0.000,0.060) (0.000,0.207) (0.000,0.026) (0.000,0.038) 
 33       76    (0)    1 :  0.005 0.003 0.004 0.581 0.367 0.012 0.005 0.006 0.011 0.007     (0.000,0.025) (0.000,0.014) (0.000,0.023) (0.000,1.000) (0.000,1.000) (0.000,0.074) (0.000,0.031) (0.000,0.032) (0.000,0.069) (0.000,0.038) 
 34       77    (0)    1 :  0.007 0.011 0.004 0.463 0.439 0.049 0.007 0.004 0.009 0.006     (0.000,0.043) (0.000,0.064) (0.000,0.023) (0.000,0.999) (0.000,1.000) (0.000,0.338) (0.000,0.038) (0.000,0.021) (0.000,0.053) (0.000,0.031) 
 35       78    (0)    1 :  0.015 0.008 0.008 0.216 0.136 0.027 0.008 0.544 0.016 0.022     (0.000,0.095) (0.000,0.048) (0.000,0.048) (0.000,0.806) (0.000,0.695) (0.000,0.203) (0.000,0.045) (0.000,0.992) (0.000,0.110) (0.000,0.157) 
 36       79    (0)    1 :  0.013 0.012 0.007 0.538 0.327 0.020 0.005 0.064 0.005 0.009     (0.000,0.087) (0.000,0.078) (0.000,0.043) (0.000,0.999) (0.000,0.998) (0.000,0.125) (0.000,0.029) (0.000,0.379) (0.000,0.027) (0.000,0.054) 
 37       84    (0)    1 :  0.009 0.077 0.060 0.021 0.019 0.094 0.429 0.016 0.058 0.216     (0.000,0.053) (0.000,0.350) (0.000,0.315) (0.000,0.128) (0.000,0.132) (0.000,0.471) (0.000,0.879) (0.000,0.113) (0.000,0.383) (0.000,0.903) 
 38       85    (0)    1 :  0.010 0.012 0.265 0.014 0.009 0.012 0.011 0.013 0.007 0.646     (0.000,0.062) (0.000,0.082) (0.000,0.995) (0.000,0.057) (0.000,0.048) (0.000,0.072) (0.000,0.071) (0.000,0.087) (0.000,0.041) (0.000,1.000) 
 39       86    (0)    1 :  0.016 0.026 0.369 0.106 0.013 0.012 0.006 0.019 0.017 0.416     (0.000,0.100) (0.000,0.186) (0.000,0.993) (0.000,0.810) (0.000,0.083) (0.000,0.069) (0.000,0.036) (0.000,0.134) (0.000,0.117) (0.000,0.991) 
 40       89    (0)    1 :  0.018 0.025 0.012 0.034 0.032 0.167 0.398 0.009 0.195 0.110     (0.000,0.117) (0.000,0.173) (0.000,0.066) (0.000,0.234) (0.000,0.233) (0.000,0.638) (0.000,0.834) (0.000,0.053) (0.000,0.627) (0.000,0.660) 
 41       94    (0)    1 :  0.029 0.005 0.008 0.007 0.006 0.009 0.014 0.004 0.906 0.012     (0.000,0.214) (0.000,0.026) (0.000,0.043) (0.000,0.039) (0.000,0.033) (0.000,0.055) (0.000,0.097) (0.000,0.024) (0.636,1.000) (0.000,0.077) 
 42       95    (0)    1 :  0.012 0.004 0.009 0.006 0.010 0.007 0.932 0.007 0.005 0.009     (0.000,0.068) (0.000,0.022) (0.000,0.054) (0.000,0.029) (0.000,0.057) (0.000,0.037) (0.723,1.000) (0.000,0.044) (0.000,0.027) (0.000,0.048) 
 43       96    (0)    1 :  0.004 0.004 0.947 0.006 0.005 0.007 0.004 0.005 0.007 0.010     (0.000,0.023) (0.000,0.023) (0.783,1.000) (0.000,0.031) (0.000,0.029) (0.000,0.040) (0.000,0.020) (0.000,0.027) (0.000,0.041) (0.000,0.062) 
 44       98    (0)    1 :  0.006 0.018 0.006 0.029 0.453 0.231 0.006 0.233 0.011 0.008     (0.000,0.034) (0.000,0.114) (0.000,0.035) (0.000,0.161) (0.000,1.000) (0.000,0.996) (0.000,0.030) (0.000,0.993) (0.000,0.064) (0.000,0.039) 
 45      102    (0)    1 :  0.664 0.016 0.005 0.197 0.017 0.020 0.026 0.011 0.023 0.021     (0.000,0.999) (0.000,0.108) (0.000,0.027) (0.000,0.986) (0.000,0.121) (0.000,0.143) (0.000,0.200) (0.000,0.073) (0.000,0.166) (0.000,0.154) 
 46      105    (0)    1 :  0.007 0.004 0.004 0.004 0.004 0.005 0.005 0.958 0.004 0.004     (0.000,0.043) (0.000,0.024) (0.000,0.022) (0.000,0.022) (0.000,0.021) (0.000,0.027) (0.000,0.025) (0.832,1.000) (0.000,0.024) (0.000,0.023) 
 47      106    (0)    1 :  0.023 0.021 0.007 0.351 0.177 0.122 0.081 0.118 0.004 0.095     (0.000,0.162) (0.000,0.142) (0.000,0.040) (0.000,0.933) (0.000,0.806) (0.000,0.580) (0.000,0.387) (0.000,0.571) (0.000,0.023) (0.000,0.455) 
 48      108    (0)    1 :  0.056 0.010 0.008 0.033 0.032 0.015 0.007 0.824 0.008 0.008     (0.000,0.348) (0.000,0.060) (0.000,0.046) (0.000,0.233) (0.000,0.214) (0.000,0.098) (0.000,0.037) (0.480,1.000) (0.000,0.045) (0.000,0.049) 
 49      109    (0)    1 :  0.009 0.006 0.031 0.040 0.152 0.064 0.012 0.667 0.008 0.012     (0.000,0.052) (0.000,0.035) (0.000,0.216) (0.000,0.280) (0.000,0.865) (0.000,0.458) (0.000,0.077) (0.000,1.000) (0.000,0.044) (0.000,0.076) 
 50      112    (0)    1 :  0.036 0.011 0.059 0.150 0.147 0.302 0.012 0.010 0.045 0.228     (0.000,0.255) (0.000,0.064) (0.000,0.367) (0.000,0.871) (0.000,0.695) (0.000,0.911) (0.000,0.078) (0.000,0.057) (0.000,0.328) (0.000,0.872) 
 51      115    (0)    1 :  0.505 0.017 0.007 0.261 0.046 0.015 0.014 0.028 0.078 0.028     (0.000,0.998) (0.000,0.104) (0.000,0.038) (0.000,0.995) (0.000,0.339) (0.000,0.087) (0.000,0.094) (0.000,0.201) (0.000,0.428) (0.000,0.181) 
 52      116    (0)    1 :  0.019 0.008 0.284 0.018 0.006 0.030 0.009 0.014 0.015 0.598     (0.000,0.128) (0.000,0.045) (0.000,0.981) (0.000,0.088) (0.000,0.029) (0.000,0.232) (0.000,0.050) (0.000,0.088) (0.000,0.095) (0.000,1.000) 
 53      117    (0)    1 :  0.013 0.010 0.240 0.018 0.041 0.038 0.237 0.016 0.208 0.178     (0.000,0.082) (0.000,0.053) (0.000,0.726) (0.000,0.108) (0.000,0.316) (0.000,0.296) (0.000,0.811) (0.000,0.102) (0.000,0.961) (0.000,0.969) 
 54      129    (0)    1 :  0.008 0.006 0.794 0.005 0.005 0.005 0.115 0.005 0.010 0.047     (0.000,0.046) (0.000,0.036) (0.440,1.000) (0.000,0.028) (0.000,0.028) (0.000,0.026) (0.000,0.463) (0.000,0.026) (0.000,0.052) (0.000,0.313) 
 55      132    (0)    1 :  0.044 0.077 0.005 0.022 0.419 0.226 0.021 0.013 0.163 0.010     (0.000,0.313) (0.000,0.594) (0.000,0.029) (0.000,0.121) (0.000,0.992) (0.000,0.978) (0.000,0.151) (0.000,0.068) (0.000,0.610) (0.000,0.063) 
 56      133    (0)    1 :  0.006 0.016 0.004 0.028 0.473 0.226 0.007 0.225 0.008 0.008     (0.000,0.032) (0.000,0.094) (0.000,0.020) (0.000,0.159) (0.000,1.000) (0.000,0.996) (0.000,0.038) (0.000,0.991) (0.000,0.043) (0.000,0.038) 
 57      137    (6)    1 :  0.013 0.009 0.008 0.248 0.526 0.139 0.016 0.010 0.017 0.013     (0.000,0.080) (0.000,0.048) (0.000,0.045) (0.000,0.956) (0.000,0.998) (0.000,0.884) (0.000,0.100) (0.000,0.060) (0.000,0.112) (0.000,0.085) 
 58      139    (0)    1 :  0.011 0.009 0.015 0.580 0.344 0.007 0.009 0.009 0.008 0.009     (0.000,0.068) (0.000,0.055) (0.000,0.108) (0.000,1.000) (0.000,0.999) (0.000,0.037) (0.000,0.058) (0.000,0.049) (0.000,0.046) (0.000,0.058) 
 59      140    (0)    1 :  0.010 0.005 0.009 0.025 0.083 0.045 0.015 0.793 0.005 0.011     (0.000,0.056) (0.000,0.023) (0.000,0.050) (0.000,0.176) (0.000,0.525) (0.000,0.347) (0.000,0.106) (0.321,1.000) (0.000,0.027) (0.000,0.065) 
 60      142    (0)    1 :  0.009 0.007 0.005 0.316 0.297 0.305 0.020 0.011 0.014 0.015     (0.000,0.050) (0.000,0.029) (0.000,0.024) (0.000,0.918) (0.000,0.996) (0.000,0.883) (0.000,0.144) (0.000,0.066) (0.000,0.092) (0.000,0.100) 
 61      144    (0)    1 :  0.004 0.004 0.003 0.004 0.007 0.006 0.007 0.957 0.004 0.004     (0.000,0.024) (0.000,0.022) (0.000,0.017) (0.000,0.025) (0.000,0.039) (0.000,0.035) (0.000,0.040) (0.824,1.000) (0.000,0.019) (0.000,0.023) 
 62      145    (0)    1 :  0.006 0.086 0.003 0.012 0.113 0.739 0.005 0.010 0.004 0.023     (0.000,0.035) (0.000,0.930) (0.000,0.017) (0.000,0.058) (0.000,0.978) (0.000,1.000) (0.000,0.024) (0.000,0.058) (0.000,0.022) (0.000,0.095) 
 63      147    (0)    1 :  0.008 0.010 0.006 0.025 0.016 0.009 0.004 0.904 0.004 0.014     (0.000,0.044) (0.000,0.061) (0.000,0.038) (0.000,0.168) (0.000,0.094) (0.000,0.052) (0.000,0.023) (0.607,1.000) (0.000,0.023) (0.000,0.090) 
 64      160    (0)    1 :  0.009 0.005 0.008 0.006 0.005 0.005 0.008 0.004 0.944 0.007     (0.000,0.050) (0.000,0.024) (0.000,0.046) (0.000,0.031) (0.000,0.027) (0.000,0.030) (0.000,0.045) (0.000,0.023) (0.773,1.000) (0.000,0.035) 
 65     162*    (0)    1 :  0.004 0.004 0.947 0.006 0.005 0.007 0.004 0.005 0.008 0.010     (0.000,0.024) (0.000,0.023) (0.783,1.000) (0.000,0.032) (0.000,0.029) (0.000,0.038) (0.000,0.020) (0.000,0.026) (0.000,0.046) (0.000,0.059) 
 66      166    (0)    1 :  0.006 0.043 0.006 0.011 0.583 0.295 0.019 0.024 0.005 0.008     (0.000,0.031) (0.000,0.281) (0.000,0.031) (0.000,0.067) (0.000,1.000) (0.000,0.999) (0.000,0.129) (0.000,0.137) (0.000,0.027) (0.000,0.046) 
 67      177    (0)    1 :  0.004 0.003 0.005 0.599 0.367 0.005 0.004 0.004 0.004 0.004     (0.000,0.021) (0.000,0.018) (0.000,0.027) (0.000,1.000) (0.000,1.000) (0.000,0.027) (0.000,0.021) (0.000,0.019) (0.000,0.023) (0.000,0.023) 
 68      178    (0)    1 :  0.009 0.026 0.013 0.506 0.324 0.021 0.007 0.039 0.039 0.016     (0.000,0.056) (0.000,0.175) (0.000,0.087) (0.000,0.998) (0.000,0.993) (0.000,0.135) (0.000,0.040) (0.000,0.268) (0.000,0.285) (0.000,0.102) 
 69      186    (0)    1 :  0.005 0.003 0.004 0.004 0.005 0.005 0.753 0.004 0.005 0.212     (0.000,0.024) (0.000,0.016) (0.000,0.024) (0.000,0.022) (0.000,0.025) (0.000,0.024) (0.000,1.000) (0.000,0.021) (0.000,0.029) (0.000,0.998) 
 70      189    (0)    1 :  0.007 0.005 0.239 0.007 0.005 0.021 0.008 0.003 0.016 0.688     (0.000,0.040) (0.000,0.029) (0.000,0.992) (0.000,0.041) (0.000,0.027) (0.000,0.144) (0.000,0.042) (0.000,0.019) (0.000,0.108) (0.000,1.000) 
 71      190    (0)    1 :  0.015 0.042 0.668 0.025 0.026 0.027 0.046 0.011 0.091 0.049     (0.000,0.101) (0.000,0.269) (0.158,0.994) (0.000,0.174) (0.000,0.198) (0.000,0.205) (0.000,0.310) (0.000,0.065) (0.000,0.560) (0.000,0.338) 
 72      191    (0)    1 :  0.010 0.005 0.029 0.014 0.012 0.059 0.202 0.020 0.016 0.634     (0.000,0.059) (0.000,0.029) (0.000,0.192) (0.000,0.089) (0.000,0.078) (0.000,0.395) (0.000,0.744) (0.000,0.142) (0.000,0.104) (0.000,0.998) 
 73      193    (0)    1 :  0.011 0.064 0.007 0.020 0.088 0.718 0.033 0.011 0.013 0.035     (0.000,0.069) (0.000,0.661) (0.000,0.040) (0.000,0.104) (0.000,0.862) (0.000,1.000) (0.000,0.237) (0.000,0.062) (0.000,0.084) (0.000,0.221) 
 74      202    (0)    1 :  0.038 0.032 0.350 0.139 0.020 0.052 0.006 0.009 0.335 0.020     (0.000,0.271) (0.000,0.203) (0.000,0.765) (0.000,0.832) (0.000,0.130) (0.000,0.344) (0.000,0.035) (0.000,0.055) (0.000,0.818) (0.000,0.133) 
 75      204    (0)    1 :  0.004 0.003 0.899 0.004 0.004 0.004 0.061 0.004 0.006 0.012     (0.000,0.021) (0.000,0.017) (0.593,1.000) (0.000,0.021) (0.000,0.021) (0.000,0.023) (0.000,0.356) (0.000,0.021) (0.000,0.034) (0.000,0.073) 
 76      211    (0)    1 :  0.022 0.043 0.019 0.055 0.299 0.200 0.010 0.168 0.176 0.009     (0.000,0.143) (0.000,0.310) (0.000,0.135) (0.000,0.328) (0.000,0.920) (0.000,0.941) (0.000,0.064) (0.000,0.783) (0.000,0.684) (0.000,0.050) 
 77      216    (0)    1 :  0.006 0.026 0.004 0.024 0.215 0.073 0.005 0.625 0.015 0.007     (0.000,0.030) (0.000,0.174) (0.000,0.023) (0.000,0.161) (0.000,0.798) (0.000,0.573) (0.000,0.025) (0.011,0.999) (0.000,0.098) (0.000,0.039) 
 78      222    (0)    1 :  0.025 0.012 0.005 0.025 0.027 0.092 0.007 0.474 0.005 0.328     (0.000,0.179) (0.000,0.075) (0.000,0.025) (0.000,0.122) (0.000,0.176) (0.000,0.616) (0.000,0.041) (0.000,0.989) (0.000,0.026) (0.000,0.875) 
 79      224    (0)    1 :  0.010 0.005 0.149 0.006 0.006 0.043 0.009 0.008 0.014 0.750     (0.000,0.057) (0.000,0.028) (0.000,0.959) (0.000,0.035) (0.000,0.032) (0.000,0.358) (0.000,0.052) (0.000,0.047) (0.000,0.090) (0.000,1.000) 
 80      226    (0)    1 :  0.008 0.003 0.008 0.007 0.008 0.006 0.949 0.004 0.004 0.005     (0.000,0.043) (0.000,0.018) (0.000,0.044) (0.000,0.036) (0.000,0.043) (0.000,0.033) (0.792,1.000) (0.000,0.020) (0.000,0.023) (0.000,0.026) 
 81      229    (0)    1 :  0.018 0.150 0.594 0.032 0.027 0.055 0.008 0.034 0.055 0.028     (0.000,0.121) (0.000,0.489) (0.166,0.920) (0.000,0.212) (0.000,0.197) (0.000,0.317) (0.000,0.044) (0.000,0.255) (0.000,0.410) (0.000,0.190) 
 82      230    (0)    1 :  0.015 0.005 0.797 0.055 0.025 0.012 0.016 0.015 0.022 0.039     (0.000,0.093) (0.000,0.028) (0.407,1.000) (0.000,0.343) (0.000,0.183) (0.000,0.074) (0.000,0.109) (0.000,0.103) (0.000,0.144) (0.000,0.284) 
 83      232    (0)    1 :  0.022 0.008 0.061 0.084 0.069 0.162 0.056 0.020 0.435 0.083     (0.000,0.150) (0.000,0.043) (0.000,0.398) (0.000,0.584) (0.000,0.432) (0.000,0.662) (0.000,0.345) (0.000,0.143) (0.000,0.882) (0.000,0.534) 
 84      238    (0)    1 :  0.476 0.011 0.066 0.309 0.042 0.037 0.010 0.021 0.008 0.020     (0.000,0.991) (0.000,0.071) (0.000,0.377) (0.000,0.994) (0.000,0.296) (0.000,0.258) (0.000,0.059) (0.000,0.147) (0.000,0.050) (0.000,0.119) 
 85      242    (0)    1 :  0.893 0.036 0.004 0.026 0.007 0.006 0.006 0.009 0.004 0.009     (0.594,1.000) (0.000,0.241) (0.000,0.022) (0.000,0.082) (0.000,0.037) (0.000,0.036) (0.000,0.032) (0.000,0.057) (0.000,0.022) (0.000,0.051) 
 86      243    (0)    1 :  0.627 0.005 0.007 0.149 0.100 0.043 0.022 0.025 0.009 0.013     (0.000,0.999) (0.000,0.028) (0.000,0.038) (0.000,0.976) (0.000,0.527) (0.000,0.335) (0.000,0.158) (0.000,0.180) (0.000,0.055) (0.000,0.080) 
 87      244    (0)    1 :  0.508 0.016 0.011 0.348 0.069 0.017 0.006 0.008 0.009 0.010     (0.000,0.995) (0.000,0.104) (0.000,0.069) (0.000,0.995) (0.000,0.455) (0.000,0.109) (0.000,0.030) (0.000,0.047) (0.000,0.058) (0.000,0.059) 
 88      251    (0)    1 :  0.451 0.029 0.024 0.278 0.021 0.084 0.007 0.014 0.072 0.020     (0.000,0.994) (0.000,0.207) (0.000,0.173) (0.000,0.997) (0.000,0.141) (0.000,0.524) (0.000,0.041) (0.000,0.081) (0.000,0.452) (0.000,0.125) 
 89      266    (0)    1 :  0.118 0.033 0.025 0.531 0.216 0.039 0.008 0.012 0.008 0.009     (0.000,0.516) (0.000,0.219) (0.000,0.180) (0.000,0.990) (0.000,0.743) (0.000,0.297) (0.000,0.051) (0.000,0.078) (0.000,0.050) (0.000,0.054) 
 90      267    (0)    1 :  0.019 0.011 0.094 0.022 0.128 0.056 0.030 0.616 0.010 0.012     (0.000,0.136) (0.000,0.072) (0.000,0.417) (0.000,0.133) (0.000,0.723) (0.000,0.441) (0.000,0.219) (0.000,0.999) (0.000,0.063) (0.000,0.079) 
 91      268    (0)    1 :  0.008 0.050 0.004 0.221 0.333 0.065 0.006 0.261 0.044 0.007     (0.000,0.043) (0.000,0.343) (0.000,0.022) (0.000,0.914) (0.000,0.980) (0.000,0.562) (0.000,0.033) (0.000,0.977) (0.000,0.307) (0.000,0.035) 
 92      270    (0)    1 :  0.030 0.014 0.440 0.015 0.011 0.016 0.076 0.014 0.038 0.347     (0.000,0.221) (0.000,0.095) (0.000,0.982) (0.000,0.078) (0.000,0.064) (0.000,0.105) (0.000,0.485) (0.000,0.096) (0.000,0.278) (0.000,0.904) 
 93      276    (0)    1 :  0.014 0.007 0.043 0.034 0.032 0.047 0.131 0.043 0.036 0.612     (0.000,0.089) (0.000,0.039) (0.000,0.308) (0.000,0.242) (0.000,0.234) (0.000,0.347) (0.000,0.646) (0.000,0.310) (0.000,0.260) (0.000,0.999) 
 94      298    (6)    1 :  0.010 0.024 0.005 0.071 0.076 0.024 0.015 0.751 0.012 0.013     (0.000,0.062) (0.000,0.164) (0.000,0.025) (0.000,0.429) (0.000,0.460) (0.000,0.167) (0.000,0.108) (0.294,1.000) (0.000,0.074) (0.000,0.077) 
 95      306    (0)    1 :  0.013 0.041 0.004 0.017 0.380 0.502 0.006 0.017 0.006 0.013     (0.000,0.082) (0.000,0.327) (0.000,0.022) (0.000,0.084) (0.000,0.899) (0.000,0.996) (0.000,0.035) (0.000,0.108) (0.000,0.035) (0.000,0.080) 
 96      308    (0)    1 :  0.033 0.014 0.007 0.233 0.204 0.206 0.006 0.203 0.075 0.019     (0.000,0.244) (0.000,0.086) (0.000,0.038) (0.000,0.854) (0.000,0.921) (0.000,0.699) (0.000,0.035) (0.000,0.704) (0.000,0.423) (0.000,0.121) 
 97      311    (6)    1 :  0.100 0.023 0.031 0.148 0.147 0.358 0.008 0.149 0.014 0.023     (0.000,0.560) (0.000,0.150) (0.000,0.232) (0.000,0.966) (0.000,0.871) (0.000,0.985) (0.000,0.048) (0.000,0.810) (0.000,0.090) (0.000,0.144) 
 98      323    (0)    1 :  0.008 0.004 0.008 0.005 0.005 0.006 0.939 0.006 0.004 0.014     (0.000,0.048) (0.000,0.023) (0.000,0.050) (0.000,0.028) (0.000,0.028) (0.000,0.035) (0.747,1.000) (0.000,0.032) (0.000,0.024) (0.000,0.085) 
 99      327    (0)    1 :  0.017 0.025 0.443 0.033 0.023 0.019 0.018 0.012 0.334 0.076     (0.000,0.116) (0.000,0.176) (0.000,0.933) (0.000,0.217) (0.000,0.167) (0.000,0.129) (0.000,0.126) (0.000,0.074) (0.000,0.816) (0.000,0.513) 
100      334    (0)    1 :  0.008 0.956 0.004 0.005 0.004 0.004 0.003 0.007 0.005 0.004     (0.000,0.038) (0.818,1.000) (0.000,0.022) (0.000,0.025) (0.000,0.022) (0.000,0.023) (0.000,0.018) (0.000,0.040) (0.000,0.027) (0.000,0.024) 
101      338    (0)    1 :  0.015 0.019 0.014 0.058 0.165 0.323 0.016 0.340 0.024 0.026     (0.000,0.092) (0.000,0.122) (0.000,0.096) (0.000,0.483) (0.000,0.811) (0.000,0.965) (0.000,0.103) (0.000,0.990) (0.000,0.169) (0.000,0.186) 
102      341    (0)    1 :  0.011 0.006 0.007 0.006 0.013 0.016 0.902 0.005 0.007 0.026     (0.000,0.066) (0.000,0.034) (0.000,0.043) (0.000,0.033) (0.000,0.082) (0.000,0.114) (0.610,1.000) (0.000,0.026) (0.000,0.038) (0.000,0.200) 
103      346    (0)    1 :  0.007 0.007 0.009 0.165 0.537 0.216 0.011 0.006 0.035 0.007     (0.000,0.041) (0.000,0.034) (0.000,0.052) (0.000,0.912) (0.000,1.000) (0.000,0.993) (0.000,0.066) (0.000,0.031) (0.000,0.258) (0.000,0.036) 
104      348    (0)    1 :  0.023 0.016 0.007 0.167 0.104 0.077 0.006 0.570 0.007 0.024     (0.000,0.159) (0.000,0.103) (0.000,0.039) (0.000,0.711) (0.000,0.607) (0.000,0.433) (0.000,0.037) (0.000,0.997) (0.000,0.038) (0.000,0.166) 
105      351    (0)    1 :  0.292 0.244 0.006 0.110 0.193 0.070 0.025 0.008 0.034 0.018     (0.000,0.980) (0.000,0.863) (0.000,0.031) (0.000,0.867) (0.000,0.873) (0.000,0.576) (0.000,0.189) (0.000,0.044) (0.000,0.250) (0.000,0.115) 
106      362    (0)    1 :  0.006 0.004 0.918 0.006 0.006 0.007 0.023 0.005 0.016 0.008     (0.000,0.036) (0.000,0.021) (0.685,1.000) (0.000,0.033) (0.000,0.031) (0.000,0.044) (0.000,0.167) (0.000,0.030) (0.000,0.105) (0.000,0.044) 
107      364    (0)    1 :  0.866 0.026 0.004 0.021 0.023 0.024 0.010 0.010 0.010 0.006     (0.537,1.000) (0.000,0.185) (0.000,0.024) (0.000,0.102) (0.000,0.170) (0.000,0.178) (0.000,0.063) (0.000,0.057) (0.000,0.062) (0.000,0.035) 
108      366    (0)    1 :  0.804 0.004 0.048 0.052 0.022 0.016 0.010 0.021 0.012 0.012     (0.239,1.000) (0.000,0.022) (0.000,0.318) (0.000,0.408) (0.000,0.156) (0.000,0.103) (0.000,0.057) (0.000,0.151) (0.000,0.071) (0.000,0.070) 
109      376    (0)    1 :  0.007 0.007 0.013 0.014 0.016 0.039 0.663 0.006 0.025 0.210     (0.000,0.043) (0.000,0.041) (0.000,0.088) (0.000,0.099) (0.000,0.111) (0.000,0.244) (0.000,1.000) (0.000,0.035) (0.000,0.181) (0.000,0.986) 
110      377    (6)    1 :  0.011 0.005 0.038 0.014 0.014 0.199 0.016 0.028 0.200 0.474     (0.000,0.061) (0.000,0.029) (0.000,0.282) (0.000,0.066) (0.000,0.077) (0.000,0.913) (0.000,0.103) (0.000,0.204) (0.000,0.808) (0.000,0.998) 
111      378    (0)    1 :  0.005 0.005 0.007 0.009 0.015 0.024 0.009 0.008 0.908 0.010     (0.000,0.026) (0.000,0.025) (0.000,0.038) (0.000,0.056) (0.000,0.105) (0.000,0.158) (0.000,0.058) (0.000,0.045) (0.653,1.000) (0.000,0.057) 
112      388    (0)    1 :  0.016 0.025 0.011 0.017 0.236 0.098 0.009 0.553 0.020 0.015     (0.000,0.105) (0.000,0.173) (0.000,0.066) (0.000,0.092) (0.000,0.982) (0.000,0.801) (0.000,0.052) (0.000,1.000) (0.000,0.141) (0.000,0.097) 
113      391    (0)    1 :  0.012 0.005 0.006 0.020 0.082 0.252 0.365 0.018 0.209 0.031     (0.000,0.063) (0.000,0.026) (0.000,0.035) (0.000,0.112) (0.000,0.547) (0.000,0.863) (0.000,0.769) (0.000,0.119) (0.000,0.600) (0.000,0.235) 
114      401    (0)    1 :  0.125 0.023 0.389 0.237 0.072 0.075 0.046 0.008 0.010 0.015     (0.000,0.582) (0.000,0.155) (0.000,0.747) (0.000,0.875) (0.000,0.476) (0.000,0.452) (0.000,0.348) (0.000,0.046) (0.000,0.060) (0.000,0.090) 
115      406    (0)    1 :  0.039 0.007 0.011 0.045 0.322 0.314 0.074 0.158 0.013 0.017     (0.000,0.268) (0.000,0.039) (0.000,0.065) (0.000,0.292) (0.000,0.989) (0.000,0.991) (0.000,0.477) (0.000,0.920) (0.000,0.078) (0.000,0.110) 
116      412    (6)    1 :  0.016 0.006 0.017 0.031 0.283 0.444 0.019 0.138 0.025 0.020     (0.000,0.089) (0.000,0.032) (0.000,0.119) (0.000,0.168) (0.000,0.994) (0.000,0.999) (0.000,0.133) (0.000,0.933) (0.000,0.180) (0.000,0.136) 
117      413    (0)    1 :  0.020 0.233 0.009 0.026 0.091 0.565 0.003 0.016 0.005 0.031     (0.000,0.146) (0.000,0.942) (0.000,0.057) (0.000,0.154) (0.000,0.731) (0.000,0.997) (0.000,0.018) (0.000,0.106) (0.000,0.028) (0.000,0.201) 
118      421    (0)    1 :  0.010 0.011 0.073 0.023 0.022 0.140 0.012 0.013 0.010 0.685     (0.000,0.059) (0.000,0.072) (0.000,0.470) (0.000,0.147) (0.000,0.155) (0.000,0.694) (0.000,0.076) (0.000,0.085) (0.000,0.058) (0.000,1.000) 
119      423    (0)    1 :  0.015 0.007 0.071 0.009 0.006 0.140 0.028 0.015 0.009 0.700     (0.000,0.087) (0.000,0.041) (0.000,0.470) (0.000,0.047) (0.000,0.031) (0.000,0.817) (0.000,0.197) (0.000,0.097) (0.000,0.052) (0.000,1.000) 
120      424    (0)    1 :  0.026 0.014 0.008 0.024 0.158 0.557 0.150 0.021 0.023 0.018     (0.000,0.180) (0.000,0.081) (0.000,0.049) (0.000,0.122) (0.000,0.911) (0.000,0.999) (0.000,0.665) (0.000,0.138) (0.000,0.148) (0.000,0.115) 
121      426    (0)    1 :  0.021 0.008 0.037 0.029 0.026 0.084 0.018 0.012 0.714 0.050     (0.000,0.147) (0.000,0.046) (0.000,0.256) (0.000,0.184) (0.000,0.181) (0.000,0.636) (0.000,0.123) (0.000,0.077) (0.000,1.000) (0.000,0.350) 
122      430   (12)    1 :  0.007 0.057 0.012 0.031 0.298 0.508 0.030 0.018 0.016 0.023     (0.000,0.041) (0.000,0.421) (0.000,0.071) (0.000,0.209) (0.000,0.952) (0.000,0.998) (0.000,0.217) (0.000,0.114) (0.000,0.097) (0.000,0.150) 
123      435    (0)    1 :  0.005 0.012 0.004 0.241 0.268 0.404 0.004 0.034 0.011 0.018     (0.000,0.027) (0.000,0.045) (0.000,0.020) (0.000,0.751) (0.000,0.993) (0.000,0.882) (0.000,0.022) (0.000,0.227) (0.000,0.068) (0.000,0.105) 
124      476    (0)    1 :  0.029 0.008 0.131 0.032 0.016 0.024 0.675 0.007 0.016 0.063     (0.000,0.194) (0.000,0.047) (0.000,0.529) (0.000,0.228) (0.000,0.110) (0.000,0.169) (0.266,0.991) (0.000,0.040) (0.000,0.108) (0.000,0.439) 
125      478    (0)    1 :  0.024 0.008 0.040 0.010 0.011 0.012 0.505 0.007 0.015 0.369     (0.000,0.172) (0.000,0.052) (0.000,0.293) (0.000,0.054) (0.000,0.064) (0.000,0.072) (0.000,0.958) (0.000,0.045) (0.000,0.095) (0.000,0.979) 
126      484    (0)    1 :  0.006 0.008 0.006 0.018 0.250 0.089 0.011 0.595 0.009 0.008     (0.000,0.033) (0.000,0.044) (0.000,0.035) (0.000,0.120) (0.000,0.898) (0.000,0.641) (0.000,0.070) (0.000,1.000) (0.000,0.054) (0.000,0.047) 
127      489    (0)    1 :  0.008 0.012 0.006 0.009 0.018 0.272 0.010 0.046 0.290 0.330     (0.000,0.040) (0.000,0.071) (0.000,0.029) (0.000,0.046) (0.000,0.103) (0.000,0.989) (0.000,0.062) (0.000,0.343) (0.000,0.952) (0.000,0.993) 
128      492   (18)    1 :  0.004 0.964 0.003 0.004 0.005 0.005 0.004 0.004 0.004 0.004     (0.000,0.022) (0.847,1.000) (0.000,0.018) (0.000,0.019) (0.000,0.026) (0.000,0.029) (0.000,0.019) (0.000,0.023) (0.000,0.020) (0.000,0.019) 
129      493    (0)    1 :  0.915 0.004 0.016 0.014 0.008 0.012 0.011 0.005 0.010 0.006     (0.678,1.000) (0.000,0.021) (0.000,0.115) (0.000,0.063) (0.000,0.046) (0.000,0.076) (0.000,0.067) (0.000,0.030) (0.000,0.059) (0.000,0.032) 
130      494    (0)    1 :  0.852 0.012 0.009 0.044 0.006 0.009 0.012 0.006 0.024 0.027     (0.430,1.000) (0.000,0.079) (0.000,0.054) (0.000,0.291) (0.000,0.035) (0.000,0.049) (0.000,0.072) (0.000,0.034) (0.000,0.175) (0.000,0.195) 
131      500    (0)    1 :  0.008 0.002 0.916 0.009 0.005 0.004 0.018 0.003 0.007 0.028     (0.000,0.048) (0.000,0.013) (0.642,1.000) (0.000,0.042) (0.000,0.025) (0.000,0.023) (0.000,0.122) (0.000,0.018) (0.000,0.038) (0.000,0.210) 
132      504    (0)    1 :  0.020 0.035 0.043 0.024 0.097 0.035 0.009 0.675 0.042 0.020     (0.000,0.140) (0.000,0.229) (0.000,0.270) (0.000,0.158) (0.000,0.638) (0.000,0.240) (0.000,0.055) (0.084,0.997) (0.000,0.274) (0.000,0.136) 
133      506    (0)    1 :  0.005 0.003 0.131 0.005 0.010 0.008 0.009 0.811 0.008 0.009     (0.000,0.029) (0.000,0.019) (0.000,0.473) (0.000,0.028) (0.000,0.044) (0.000,0.043) (0.000,0.051) (0.459,1.000) (0.000,0.048) (0.000,0.051) 


Estimated Allele Frequencies in each cluster
First column gives estimated ancestral frequencies


Locus 1 : Rsu3 
3 alleles
0.0% missing data
 164   (0.526) 0.597 0.135 0.767 0.635 0.559 0.327 0.418 0.419 0.635 0.537 
 166   (0.244) 0.179 0.463 0.050 0.143 0.259 0.562 0.075 0.549 0.234 0.170 
 170   (0.230) 0.224 0.401 0.183 0.222 0.182 0.111 0.508 0.032 0.131 0.294 

Locus 2 : Rsu5 
5 alleles
0.0% missing data
 137   (0.749) 0.675 0.231 0.955 0.788 0.873 0.841 0.970 0.404 0.902 0.959 
 135   (0.084) 0.126 0.017 0.008 0.054 0.045 0.106 0.015 0.013 0.056 0.016 
 139   (0.094) 0.157 0.742 0.031 0.074 0.028 0.036 0.009 0.010 0.035 0.014 
 133   (0.023) 0.028 0.003 0.002 0.008 0.003 0.003 0.002 0.002 0.002 0.003 
 131   (0.050) 0.014 0.007 0.004 0.076 0.051 0.014 0.004 0.570 0.004 0.008 

Locus 3 : Scv1 
5 alleles
0.0% missing data
 181   (0.533) 0.712 0.145 0.758 0.427 0.349 0.334 0.952 0.387 0.782 0.566 
 179   (0.187) 0.126 0.747 0.055 0.246 0.347 0.148 0.021 0.100 0.101 0.142 
 177   (0.110) 0.062 0.034 0.015 0.054 0.144 0.321 0.012 0.186 0.100 0.058 
 185   (0.144) 0.066 0.069 0.169 0.257 0.155 0.193 0.013 0.324 0.014 0.231 
 171   (0.027) 0.034 0.005 0.002 0.016 0.004 0.004 0.002 0.003 0.003 0.004 

Locus 4 : Rsu4 
9 alleles
0.0% missing data
 267   (0.195) 0.281 0.663 0.326 0.136 0.068 0.035 0.192 0.113 0.064 0.201 
 263   (0.338) 0.265 0.206 0.210 0.292 0.347 0.725 0.481 0.387 0.770 0.347 
 259   (0.060) 0.017 0.011 0.074 0.023 0.008 0.010 0.194 0.006 0.065 0.347 
 287   (0.163) 0.128 0.048 0.342 0.109 0.322 0.176 0.113 0.159 0.059 0.054 
 275   (0.039) 0.128 0.008 0.003 0.027 0.009 0.005 0.003 0.004 0.004 0.005 
 279   (0.069) 0.071 0.033 0.011 0.236 0.117 0.013 0.006 0.008 0.016 0.011 
 283   (0.072) 0.043 0.015 0.006 0.145 0.119 0.028 0.006 0.316 0.007 0.013 
 291   (0.037) 0.022 0.012 0.025 0.021 0.006 0.005 0.003 0.004 0.013 0.018 
 271   (0.026) 0.046 0.004 0.002 0.012 0.004 0.003 0.002 0.003 0.002 0.004 

Locus 5 : Rsu6 
5 alleles
0.0% missing data
 120   (0.267) 0.220 0.121 0.113 0.213 0.349 0.241 0.277 0.100 0.550 0.380 
 126   (0.613) 0.622 0.850 0.469 0.734 0.636 0.744 0.543 0.887 0.404 0.579 
 124   (0.071) 0.051 0.021 0.408 0.034 0.009 0.008 0.177 0.008 0.042 0.015 
 130   (0.027) 0.100 0.004 0.002 0.010 0.003 0.003 0.002 0.002 0.002 0.003 
 114   (0.022) 0.007 0.004 0.008 0.009 0.003 0.003 0.002 0.002 0.002 0.023 

Locus 6 : Scv12 
3 alleles
1.5% missing data
 198   (0.581) 0.725 0.801 0.168 0.601 0.620 0.766 0.761 0.411 0.406 0.538 
 196   (0.262) 0.136 0.141 0.084 0.241 0.308 0.194 0.217 0.541 0.296 0.352 
 200   (0.158) 0.139 0.059 0.748 0.158 0.071 0.040 0.022 0.048 0.298 0.109 

Locus 7 : Scv23 
3 alleles
0.8% missing data
 158   (0.527) 0.456 0.588 0.755 0.531 0.479 0.648 0.324 0.786 0.440 0.683 
 164   (0.187) 0.261 0.355 0.059 0.089 0.179 0.117 0.457 0.113 0.097 0.135 
 160   (0.286) 0.284 0.057 0.185 0.379 0.342 0.235 0.219 0.101 0.463 0.183 

Locus 8 : Scv13 
5 alleles
0.0% missing data
 182   (0.728) 0.682 0.954 0.903 0.538 0.765 0.929 0.782 0.902 0.966 0.886 
 180   (0.095) 0.114 0.016 0.070 0.052 0.016 0.017 0.187 0.010 0.018 0.087 
 172   (0.076) 0.056 0.011 0.007 0.239 0.150 0.025 0.007 0.076 0.007 0.011 
 184   (0.061) 0.128 0.012 0.017 0.040 0.015 0.021 0.021 0.008 0.006 0.011 
 174   (0.040) 0.020 0.006 0.004 0.132 0.054 0.009 0.003 0.004 0.003 0.005 

Locus 9 : Scv32 
18 alleles
0.8% missing data
 236   (0.033) 0.143 0.009 0.003 0.023 0.005 0.004 0.002 0.003 0.003 0.005 
 238   (0.044) 0.022 0.033 0.004 0.018 0.162 0.076 0.004 0.071 0.006 0.006 
 234   (0.144) 0.060 0.108 0.023 0.459 0.473 0.407 0.291 0.096 0.101 0.131 
 246   (0.055) 0.016 0.016 0.106 0.028 0.009 0.019 0.313 0.007 0.009 0.238 
 248   (0.098) 0.109 0.396 0.035 0.044 0.031 0.047 0.009 0.021 0.408 0.187 
 262   (0.103) 0.048 0.105 0.412 0.065 0.068 0.105 0.013 0.038 0.130 0.073 
 232   (0.161) 0.388 0.055 0.036 0.084 0.049 0.168 0.194 0.502 0.016 0.225 
 250   (0.027) 0.007 0.006 0.004 0.014 0.005 0.018 0.004 0.003 0.281 0.004 
 228   (0.024) 0.030 0.006 0.002 0.017 0.003 0.004 0.002 0.002 0.003 0.004 
 220   (0.041) 0.012 0.011 0.326 0.021 0.006 0.006 0.061 0.004 0.008 0.037 
 264   (0.052) 0.054 0.013 0.005 0.029 0.069 0.065 0.057 0.006 0.009 0.011 
 252   (0.047) 0.013 0.010 0.029 0.075 0.043 0.010 0.004 0.085 0.005 0.008 
 254   (0.045) 0.013 0.200 0.004 0.063 0.044 0.013 0.004 0.101 0.007 0.006 
 242   (0.024) 0.043 0.005 0.002 0.012 0.003 0.003 0.002 0.002 0.002 0.003 
 266   (0.029) 0.009 0.008 0.003 0.014 0.018 0.028 0.002 0.034 0.003 0.004 
 244   (0.025) 0.008 0.009 0.002 0.009 0.004 0.020 0.002 0.020 0.005 0.052 
 226   (0.022) 0.006 0.004 0.002 0.009 0.003 0.003 0.034 0.002 0.002 0.003 
 240   (0.026) 0.018 0.006 0.002 0.014 0.004 0.003 0.002 0.002 0.002 0.003 

Locus 10 : Scv8 
6 alleles
0.8% missing data
 200   (0.632) 0.634 0.827 0.850 0.507 0.672 0.591 0.860 0.617 0.806 0.568 
 202   (0.095) 0.182 0.060 0.008 0.061 0.080 0.079 0.008 0.057 0.009 0.025 
 194   (0.085) 0.034 0.055 0.019 0.043 0.043 0.271 0.117 0.008 0.028 0.205 
 204   (0.048) 0.020 0.027 0.024 0.026 0.008 0.009 0.004 0.005 0.143 0.027 
 198   (0.074) 0.096 0.016 0.092 0.039 0.013 0.028 0.006 0.007 0.009 0.165 
 188   (0.066) 0.034 0.016 0.006 0.324 0.184 0.024 0.005 0.306 0.006 0.009 

Locus 11 : Scv9 
5 alleles
0.0% missing data
 198   (0.322) 0.186 0.488 0.091 0.465 0.631 0.418 0.400 0.342 0.513 0.203 
 200   (0.340) 0.524 0.418 0.705 0.189 0.089 0.129 0.342 0.321 0.366 0.348 
 196   (0.273) 0.272 0.084 0.199 0.228 0.224 0.441 0.035 0.328 0.114 0.438 
 204   (0.043) 0.012 0.007 0.004 0.092 0.044 0.009 0.221 0.005 0.005 0.007 
 202   (0.022) 0.006 0.004 0.002 0.027 0.012 0.003 0.002 0.004 0.002 0.003 

Locus 12 : Rsu1 
6 alleles
0.0% missing data
 189   (0.287) 0.521 0.455 0.073 0.289 0.223 0.308 0.466 0.099 0.059 0.160 
 185   (0.273) 0.176 0.450 0.109 0.172 0.411 0.363 0.158 0.793 0.075 0.342 
 177   (0.083) 0.041 0.020 0.154 0.062 0.024 0.018 0.012 0.064 0.010 0.095 
 181   (0.247) 0.231 0.053 0.232 0.432 0.327 0.292 0.042 0.034 0.776 0.185 
 193   (0.062) 0.017 0.015 0.303 0.026 0.009 0.013 0.025 0.006 0.075 0.178 
 197   (0.049) 0.013 0.007 0.129 0.019 0.006 0.007 0.297 0.004 0.004 0.040 

Locus 13 : Scv14 
7 alleles
4.5% missing data
 196   (0.556) 0.504 0.153 0.902 0.602 0.535 0.700 0.941 0.594 0.898 0.676 
 198   (0.080) 0.103 0.046 0.007 0.070 0.212 0.089 0.007 0.028 0.012 0.011 
 194   (0.129) 0.206 0.027 0.014 0.158 0.080 0.128 0.018 0.029 0.051 0.183 
 202   (0.167) 0.149 0.758 0.063 0.124 0.157 0.073 0.028 0.343 0.022 0.120 
 204   (0.023) 0.021 0.004 0.002 0.011 0.003 0.003 0.002 0.002 0.003 0.003 
 190   (0.023) 0.007 0.007 0.010 0.011 0.003 0.004 0.002 0.002 0.013 0.004 
 200   (0.023) 0.010 0.006 0.002 0.024 0.009 0.003 0.002 0.002 0.002 0.003 

Locus 14 : Scv16 
7 alleles
0.0% missing data
 182   (0.412) 0.221 0.843 0.634 0.477 0.545 0.659 0.142 0.285 0.766 0.467 
 184   (0.409) 0.562 0.122 0.307 0.285 0.327 0.308 0.834 0.648 0.215 0.333 
 188   (0.060) 0.153 0.010 0.048 0.023 0.007 0.008 0.014 0.006 0.006 0.183 
 200   (0.022) 0.026 0.003 0.002 0.009 0.003 0.002 0.002 0.002 0.002 0.003 
 198   (0.041) 0.012 0.012 0.004 0.116 0.073 0.014 0.003 0.036 0.006 0.006 
 190   (0.035) 0.010 0.006 0.003 0.078 0.043 0.006 0.003 0.021 0.003 0.005 
 186   (0.022) 0.017 0.003 0.003 0.012 0.003 0.003 0.002 0.002 0.002 0.003 

Locus 15 : Scv31 
15 alleles
3.0% missing data
 193   (0.117) 0.076 0.087 0.045 0.072 0.175 0.099 0.016 0.157 0.608 0.021 
 201   (0.097) 0.233 0.057 0.097 0.048 0.015 0.016 0.010 0.074 0.071 0.026 
 187   (0.084) 0.024 0.029 0.455 0.036 0.019 0.017 0.246 0.103 0.078 0.122 
 207   (0.034) 0.009 0.007 0.004 0.012 0.004 0.004 0.346 0.004 0.003 0.163 
 195   (0.064) 0.019 0.018 0.024 0.041 0.020 0.073 0.008 0.185 0.014 0.241 
 185   (0.174) 0.130 0.061 0.017 0.260 0.471 0.250 0.310 0.162 0.023 0.059 
 189   (0.057) 0.239 0.011 0.005 0.023 0.007 0.007 0.004 0.006 0.142 0.008 
 205   (0.016) 0.016 0.003 0.002 0.011 0.002 0.002 0.001 0.002 0.001 0.002 
 191   (0.160) 0.061 0.097 0.268 0.355 0.223 0.503 0.041 0.020 0.039 0.305 
 197   (0.030) 0.008 0.006 0.006 0.011 0.005 0.004 0.004 0.228 0.004 0.005 
 199   (0.059) 0.070 0.013 0.005 0.080 0.037 0.009 0.005 0.048 0.006 0.009 
 203   (0.029) 0.072 0.008 0.002 0.012 0.004 0.003 0.002 0.003 0.002 0.004 
 209   (0.028) 0.028 0.032 0.002 0.017 0.010 0.005 0.002 0.003 0.003 0.004 
 213   (0.022) 0.006 0.567 0.002 0.009 0.003 0.002 0.001 0.002 0.002 0.003 
 181   (0.031) 0.009 0.006 0.066 0.013 0.004 0.006 0.003 0.003 0.003 0.028 

Locus 16 : Scv6 
8 alleles
0.0% missing data
 191   (0.112) 0.194 0.321 0.212 0.052 0.017 0.014 0.010 0.020 0.261 0.062 
 195   (0.377) 0.306 0.087 0.407 0.275 0.392 0.436 0.742 0.607 0.424 0.592 
 197   (0.216) 0.114 0.054 0.343 0.334 0.304 0.096 0.213 0.232 0.279 0.288 
 201   (0.082) 0.137 0.099 0.007 0.124 0.098 0.043 0.007 0.009 0.011 0.015 
 205   (0.023) 0.052 0.003 0.002 0.008 0.003 0.002 0.002 0.002 0.002 0.003 
 193   (0.096) 0.124 0.022 0.011 0.145 0.133 0.114 0.008 0.099 0.009 0.014 
 199   (0.073) 0.024 0.409 0.017 0.053 0.051 0.293 0.017 0.030 0.012 0.022 
 181   (0.022) 0.048 0.004 0.002 0.009 0.003 0.002 0.002 0.002 0.002 0.003 

Values of parameters used in structure:
DATAFILE=M:\STRUCTURE\Squirrel_133_ID_16L_20250816\project_data,	OUTFILE=M:\STRUCTURE\Squirrel_133_ID_16L_20250816\10k_Burnin_100k_MCMC\Results\10k_Burnin_100k_MCMC_run_239,	NUMINDS=133,	NUMLOCI=16,	MISSING=-9,	LABEL=1,	POPDATA=1,	POPFLAG=0,	PHENOTYPE=0,	EXTRACOLS=1,	MAXPOPS=10,	BURNIN=10000,	NUMREPS=100000,	USEPOPINFO=0,	INFERALPHA=1,	INFERLAMBDA=1,	POPSPECIFICLAMBDA=0,	POPALPHAS=0,	COMPUTEPROB=1,	NOADMIX=0,	ADMBURNIN=2500,	UPDATEFREQ=1,	PRINTLIKES=0,	INTERMEDSAVE=0,	PRINTKLD=0,	PRINTNET=0,	PRINTLAMBDA=0,	ANCESTDIST=1,	NUMBOXES=1000,	ANCESTPINT=0.90000,	GENSBACK=2,	MIGRPRIOR=0.05000,	PRINTQHAT=1,	PRINTQSUM=0,	ALPHA=1.0000,	FREQSCORR=1,	FPRIORMEAN=0.0100,	FPRIORSD=0.0500,	ONEFST=0,	LAMBDA=1.0000,	UNIFPRIORALPHA=1,	ALPHAMAX=10.0000,	ALPHAPRIORA=1.0000,	ALPHAPRIORB=2.0000,	ALPHAPROPSD=0.0250,	STARTATPOPINFO=0,	RANDOMIZE=1,	LINKAGE=0,	METROFREQ=10,	REPORTHITRATE=0,	MARKOVPHASE=-1,	PHASED=0,	PLOIDY=2,	PHASEINFO=0	LOCPRIOR=0, 	LOCPRIORINIT=1.000000, 	LOCDATA=0, 	LOCISPOP=0, 	LOCPRIORSTEP=0.100000, 	MAXLOCPRIOR=20.000000, 	SEED=1763681842,	
[STRAT parameters]:    NUMSIMSTATS=1000,	PHENOTYPECOL=-9,	POOLFREQ=10,	LOCUSxONLY=0,	EMERROR=0.00100,	MISSINGPHENO=-9,	