

----------------------------------------------------
STRUCTURE by Pritchard, Stephens and Donnelly (2000)
     and Falush, Stephens and Pritchard (2003)
       Code by Pritchard, Falush and Hubisz
             Version 2.3.4 (Jul 2012)
----------------------------------------------------



Command line arguments:   bin\structure -m M:\STRUCTURE\Squirrel_133_ID_16L_20250816\10k_Burnin_100k_MCMC\mainparams -e M:\STRUCTURE\Squirrel_133_ID_16L_20250816\10k_Burnin_100k_MCMC\extraparams 
Input File:    M:\STRUCTURE\Squirrel_133_ID_16L_20250816\project_data

Run parameters:
   133 individuals
   16 loci
   9 populations assumed
   10000 Burn-in period
   100000 Reps


--------------------------------------------
Proportion of membership of each pre-defined
 population in each of the 9 clusters

Given    Inferred Clusters                                                 Number of
 Pop       1      2      3      4      5      6      7      8      9      Individuals

  1:     0.100  0.164  0.104  0.058  0.118  0.094  0.130  0.127  0.106      133
--------------------------------------------

Allele-freq. divergence among pops (Net nucleotide distance),
computed using point estimates of P.

      1       2       3       4       5       6       7       8       9      
 1      -    0.1035  0.0561  0.1212  0.1227  0.0729  0.1189  0.0836  0.1067  
 2   0.1035     -    0.0714  0.1309  0.1141  0.0885  0.0856  0.0680  0.0753  
 3   0.0561  0.0714     -    0.0639  0.0673  0.0480  0.0687  0.0459  0.0710  
 4   0.1212  0.1309  0.0639     -    0.1167  0.0826  0.1527  0.0841  0.1441  
 5   0.1227  0.1141  0.0673  0.1167     -    0.0847  0.1258  0.0885  0.1528  
 6   0.0729  0.0885  0.0480  0.0826  0.0847     -    0.1085  0.0712  0.0953  
 7   0.1189  0.0856  0.0687  0.1527  0.1258  0.1085     -    0.0638  0.1081  
 8   0.0836  0.0680  0.0459  0.0841  0.0885  0.0712  0.0638     -    0.0943  
 9   0.1067  0.0753  0.0710  0.1441  0.1528  0.0953  0.1081  0.0943     -    

Average distances (expected heterozygosity) between individuals in same cluster:
cluster  1  : 0.5825 
cluster  2  : 0.5365 
cluster  3  : 0.5967 
cluster  4  : 0.5463 
cluster  5  : 0.5235 
cluster  6  : 0.5321 
cluster  7  : 0.4614 
cluster  8  : 0.6289 
cluster  9  : 0.4504 

--------------------------------------------
Estimated Ln Prob of Data   = -5276.8
Mean value of ln likelihood = -4390.1
Variance of ln likelihood   = 1773.2
Mean value of alpha         = 0.0455

Mean value of lambda        = 0.9812

Mean value of Fst_1         = 0.2053
Mean value of Fst_2         = 0.2148
Mean value of Fst_3         = 0.1596
Mean value of Fst_4         = 0.3789
Mean value of Fst_5         = 0.2581
Mean value of Fst_6         = 0.2635
Mean value of Fst_7         = 0.3029
Mean value of Fst_8         = 0.0855
Mean value of Fst_9         = 0.2985


Inferred ancestry of individuals:
        Label (%Miss) Pop:  Inferred clusters (and 90% probability intervals)
  1       1*    (0)    1 :  0.005 0.008 0.130 0.120 0.016 0.013 0.014 0.663 0.031     (0.000,0.029) (0.000,0.048) (0.000,0.564) (0.000,0.667) (0.000,0.103) (0.000,0.066) (0.000,0.093) (0.001,0.999) (0.000,0.226) 
  2        3    (0)    1 :  0.005 0.006 0.007 0.005 0.007 0.007 0.953 0.006 0.005     (0.000,0.024) (0.000,0.034) (0.000,0.038) (0.000,0.027) (0.000,0.042) (0.000,0.038) (0.801,1.000) (0.000,0.029) (0.000,0.029) 
  3        6    (0)    1 :  0.014 0.025 0.027 0.011 0.017 0.009 0.879 0.006 0.012     (0.000,0.092) (0.000,0.182) (0.000,0.193) (0.000,0.060) (0.000,0.117) (0.000,0.054) (0.544,1.000) (0.000,0.032) (0.000,0.070) 
  4        8    (0)    1 :  0.004 0.895 0.008 0.011 0.018 0.014 0.006 0.013 0.030     (0.000,0.020) (0.618,1.000) (0.000,0.044) (0.000,0.075) (0.000,0.128) (0.000,0.097) (0.000,0.036) (0.000,0.084) (0.000,0.215) 
  5       10    (0)    1 :  0.005 0.077 0.006 0.007 0.004 0.005 0.009 0.008 0.879     (0.000,0.029) (0.000,0.420) (0.000,0.034) (0.000,0.041) (0.000,0.020) (0.000,0.028) (0.000,0.053) (0.000,0.046) (0.533,1.000) 
  6       11    (0)    1 :  0.043 0.045 0.265 0.058 0.012 0.088 0.042 0.424 0.022     (0.000,0.312) (0.000,0.325) (0.000,0.996) (0.000,0.434) (0.000,0.071) (0.000,0.639) (0.000,0.313) (0.000,0.997) (0.000,0.160) 
  7       12    (0)    1 :  0.005 0.006 0.008 0.005 0.005 0.006 0.005 0.005 0.956     (0.000,0.025) (0.000,0.037) (0.000,0.041) (0.000,0.023) (0.000,0.026) (0.000,0.035) (0.000,0.029) (0.000,0.026) (0.810,1.000) 
  8       16    (6)    1 :  0.006 0.017 0.007 0.005 0.005 0.007 0.938 0.006 0.010     (0.000,0.033) (0.000,0.111) (0.000,0.036) (0.000,0.027) (0.000,0.027) (0.000,0.040) (0.739,1.000) (0.000,0.033) (0.000,0.059) 
  9       18    (0)    1 :  0.004 0.008 0.005 0.005 0.006 0.008 0.009 0.950 0.006     (0.000,0.023) (0.000,0.043) (0.000,0.026) (0.000,0.025) (0.000,0.032) (0.000,0.049) (0.000,0.050) (0.789,1.000) (0.000,0.032) 
 10       19    (0)    1 :  0.062 0.030 0.248 0.011 0.020 0.034 0.014 0.570 0.011     (0.000,0.401) (0.000,0.216) (0.000,0.997) (0.000,0.043) (0.000,0.127) (0.000,0.170) (0.000,0.085) (0.000,1.000) (0.000,0.064) 
 11       21    (6)    1 :  0.008 0.022 0.009 0.007 0.006 0.009 0.925 0.006 0.009     (0.000,0.043) (0.000,0.156) (0.000,0.050) (0.000,0.037) (0.000,0.035) (0.000,0.052) (0.698,1.000) (0.000,0.035) (0.000,0.054) 
 12       23    (6)    1 :  0.026 0.019 0.158 0.055 0.012 0.080 0.010 0.010 0.630     (0.000,0.187) (0.000,0.134) (0.000,0.848) (0.000,0.442) (0.000,0.070) (0.000,0.450) (0.000,0.062) (0.000,0.061) (0.000,0.998) 
 13       24    (6)    1 :  0.035 0.146 0.114 0.175 0.010 0.034 0.017 0.063 0.406     (0.000,0.228) (0.000,0.644) (0.000,0.827) (0.000,0.670) (0.000,0.058) (0.000,0.225) (0.000,0.119) (0.000,0.423) (0.000,0.947) 
 14       25    (6)    1 :  0.007 0.063 0.156 0.058 0.009 0.023 0.043 0.013 0.627     (0.000,0.039) (0.000,0.352) (0.000,0.666) (0.000,0.424) (0.000,0.051) (0.000,0.155) (0.000,0.272) (0.000,0.077) (0.085,0.996) 
 15      26*    (0)    1 :  0.004 0.601 0.020 0.030 0.006 0.007 0.117 0.015 0.200     (0.000,0.025) (0.000,0.996) (0.000,0.126) (0.000,0.195) (0.000,0.031) (0.000,0.041) (0.000,0.567) (0.000,0.100) (0.000,0.640) 
 16       28    (0)    1 :  0.007 0.599 0.015 0.023 0.007 0.009 0.088 0.006 0.247     (0.000,0.037) (0.000,1.000) (0.000,0.095) (0.000,0.175) (0.000,0.039) (0.000,0.056) (0.000,0.552) (0.000,0.036) (0.000,0.989) 
 17       29    (0)    1 :  0.006 0.051 0.007 0.010 0.005 0.006 0.005 0.012 0.898     (0.000,0.034) (0.000,0.355) (0.000,0.037) (0.000,0.063) (0.000,0.026) (0.000,0.034) (0.000,0.029) (0.000,0.078) (0.574,1.000) 
 18       30    (0)    1 :  0.007 0.374 0.028 0.013 0.306 0.007 0.089 0.016 0.159     (0.000,0.042) (0.000,0.881) (0.000,0.173) (0.000,0.078) (0.000,0.658) (0.000,0.041) (0.000,0.542) (0.000,0.094) (0.000,0.725) 
 19       33    (0)    1 :  0.057 0.005 0.059 0.012 0.011 0.013 0.006 0.832 0.005     (0.000,0.339) (0.000,0.026) (0.000,0.453) (0.000,0.056) (0.000,0.071) (0.000,0.047) (0.000,0.032) (0.254,1.000) (0.000,0.030) 
 20       37    (0)    1 :  0.009 0.008 0.010 0.015 0.005 0.009 0.012 0.903 0.029     (0.000,0.057) (0.000,0.046) (0.000,0.055) (0.000,0.107) (0.000,0.030) (0.000,0.053) (0.000,0.073) (0.630,1.000) (0.000,0.212) 
 21       38    (0)    1 :  0.005 0.016 0.013 0.011 0.005 0.006 0.010 0.919 0.015     (0.000,0.026) (0.000,0.107) (0.000,0.056) (0.000,0.071) (0.000,0.025) (0.000,0.034) (0.000,0.063) (0.673,1.000) (0.000,0.103) 
 22       43    (0)    1 :  0.007 0.147 0.014 0.016 0.006 0.007 0.033 0.008 0.763     (0.000,0.040) (0.000,0.570) (0.000,0.091) (0.000,0.110) (0.000,0.032) (0.000,0.039) (0.000,0.232) (0.000,0.047) (0.366,1.000) 
 23       44    (0)    1 :  0.006 0.445 0.012 0.007 0.064 0.054 0.393 0.013 0.007     (0.000,0.032) (0.000,0.922) (0.000,0.055) (0.000,0.038) (0.000,0.396) (0.000,0.387) (0.000,0.731) (0.000,0.076) (0.000,0.038) 
 24       48    (0)    1 :  0.004 0.006 0.005 0.005 0.005 0.007 0.012 0.950 0.006     (0.000,0.020) (0.000,0.033) (0.000,0.027) (0.000,0.027) (0.000,0.028) (0.000,0.039) (0.000,0.072) (0.790,1.000) (0.000,0.036) 
 25       55    (0)    1 :  0.012 0.663 0.048 0.025 0.017 0.019 0.196 0.011 0.010     (0.000,0.072) (0.000,1.000) (0.000,0.327) (0.000,0.176) (0.000,0.116) (0.000,0.129) (0.000,0.801) (0.000,0.068) (0.000,0.061) 
 26       59    (0)    1 :  0.004 0.006 0.006 0.005 0.006 0.005 0.960 0.006 0.004     (0.000,0.023) (0.000,0.031) (0.000,0.034) (0.000,0.027) (0.000,0.033) (0.000,0.025) (0.831,1.000) (0.000,0.031) (0.000,0.021) 
 27       60    (0)    1 :  0.037 0.005 0.617 0.266 0.008 0.013 0.010 0.011 0.034     (0.000,0.179) (0.000,0.025) (0.000,1.000) (0.000,0.997) (0.000,0.044) (0.000,0.072) (0.000,0.057) (0.000,0.066) (0.000,0.249) 
 28       61    (0)    1 :  0.533 0.011 0.175 0.086 0.060 0.101 0.017 0.009 0.007     (0.000,0.997) (0.000,0.064) (0.000,0.796) (0.000,0.648) (0.000,0.371) (0.000,0.641) (0.000,0.110) (0.000,0.054) (0.000,0.042) 
 29       62    (0)    1 :  0.083 0.009 0.048 0.090 0.016 0.671 0.015 0.017 0.053     (0.000,0.558) (0.000,0.052) (0.000,0.337) (0.000,0.858) (0.000,0.111) (0.000,1.000) (0.000,0.094) (0.000,0.110) (0.000,0.355) 
 30       65    (0)    1 :  0.016 0.011 0.065 0.022 0.025 0.010 0.005 0.839 0.008     (0.000,0.107) (0.000,0.068) (0.000,0.515) (0.000,0.134) (0.000,0.171) (0.000,0.055) (0.000,0.028) (0.327,1.000) (0.000,0.043) 
 31       73    (0)    1 :  0.005 0.009 0.039 0.018 0.788 0.022 0.006 0.007 0.104     (0.000,0.027) (0.000,0.058) (0.000,0.301) (0.000,0.121) (0.426,1.000) (0.000,0.159) (0.000,0.033) (0.000,0.042) (0.000,0.428) 
 32       75    (0)    1 :  0.888 0.008 0.021 0.006 0.034 0.017 0.009 0.012 0.005     (0.572,1.000) (0.000,0.052) (0.000,0.072) (0.000,0.037) (0.000,0.231) (0.000,0.047) (0.000,0.055) (0.000,0.075) (0.000,0.026) 
 33       76    (0)    1 :  0.937 0.005 0.011 0.005 0.005 0.016 0.006 0.005 0.011     (0.730,1.000) (0.000,0.027) (0.000,0.061) (0.000,0.023) (0.000,0.031) (0.000,0.086) (0.000,0.035) (0.000,0.025) (0.000,0.071) 
 34       77    (0)    1 :  0.817 0.005 0.101 0.041 0.004 0.011 0.007 0.007 0.008     (0.000,1.000) (0.000,0.025) (0.000,0.833) (0.000,0.257) (0.000,0.024) (0.000,0.064) (0.000,0.038) (0.000,0.037) (0.000,0.047) 
 35       78    (0)    1 :  0.347 0.011 0.036 0.013 0.521 0.036 0.008 0.015 0.014     (0.000,0.889) (0.000,0.066) (0.000,0.264) (0.000,0.080) (0.000,0.990) (0.000,0.262) (0.000,0.043) (0.000,0.090) (0.000,0.100) 
 36       79    (0)    1 :  0.828 0.008 0.026 0.011 0.068 0.038 0.005 0.013 0.005     (0.401,1.000) (0.000,0.047) (0.000,0.175) (0.000,0.070) (0.000,0.379) (0.000,0.239) (0.000,0.029) (0.000,0.084) (0.000,0.026) 
 37       84    (0)    1 :  0.012 0.084 0.035 0.068 0.015 0.091 0.592 0.010 0.093     (0.000,0.072) (0.000,0.389) (0.000,0.256) (0.000,0.350) (0.000,0.104) (0.000,0.456) (0.224,0.934) (0.000,0.057) (0.000,0.500) 
 38       85    (0)    1 :  0.008 0.898 0.014 0.015 0.016 0.017 0.012 0.012 0.007     (0.000,0.046) (0.615,1.000) (0.000,0.081) (0.000,0.105) (0.000,0.115) (0.000,0.105) (0.000,0.080) (0.000,0.069) (0.000,0.041) 
 39       86    (0)    1 :  0.013 0.832 0.049 0.029 0.020 0.022 0.005 0.017 0.014     (0.000,0.080) (0.419,1.000) (0.000,0.341) (0.000,0.207) (0.000,0.150) (0.000,0.140) (0.000,0.030) (0.000,0.110) (0.000,0.095) 
 40       89    (0)    1 :  0.015 0.011 0.045 0.041 0.010 0.199 0.484 0.017 0.178     (0.000,0.096) (0.000,0.062) (0.000,0.315) (0.000,0.292) (0.000,0.057) (0.000,0.679) (0.000,0.858) (0.000,0.113) (0.000,0.617) 
 41       94    (0)    1 :  0.006 0.013 0.009 0.006 0.005 0.010 0.014 0.034 0.903     (0.000,0.037) (0.000,0.084) (0.000,0.050) (0.000,0.033) (0.000,0.026) (0.000,0.068) (0.000,0.091) (0.000,0.254) (0.623,1.000) 
 42       95    (0)    1 :  0.006 0.012 0.013 0.007 0.008 0.006 0.934 0.010 0.005     (0.000,0.032) (0.000,0.074) (0.000,0.082) (0.000,0.035) (0.000,0.046) (0.000,0.031) (0.721,1.000) (0.000,0.061) (0.000,0.026) 
 43       96    (0)    1 :  0.005 0.958 0.005 0.004 0.004 0.006 0.004 0.005 0.009     (0.000,0.029) (0.819,1.000) (0.000,0.026) (0.000,0.024) (0.000,0.025) (0.000,0.033) (0.000,0.022) (0.000,0.024) (0.000,0.055) 
 44       98    (0)    1 :  0.063 0.007 0.485 0.171 0.167 0.081 0.007 0.007 0.012     (0.000,0.518) (0.000,0.037) (0.000,1.000) (0.000,0.989) (0.000,0.975) (0.000,0.713) (0.000,0.039) (0.000,0.037) (0.000,0.073) 
 45      102    (0)    1 :  0.010 0.006 0.224 0.019 0.011 0.035 0.032 0.641 0.024     (0.000,0.063) (0.000,0.034) (0.000,0.995) (0.000,0.125) (0.000,0.072) (0.000,0.185) (0.000,0.229) (0.000,1.000) (0.000,0.169) 
 46      105    (0)    1 :  0.003 0.004 0.005 0.004 0.962 0.005 0.005 0.007 0.005     (0.000,0.019) (0.000,0.021) (0.000,0.025) (0.000,0.024) (0.840,1.000) (0.000,0.029) (0.000,0.025) (0.000,0.039) (0.000,0.027) 
 47      106    (0)    1 :  0.393 0.016 0.148 0.021 0.098 0.213 0.083 0.023 0.005     (0.000,0.926) (0.000,0.108) (0.000,0.957) (0.000,0.137) (0.000,0.524) (0.000,0.743) (0.000,0.403) (0.000,0.153) (0.000,0.025) 
 48      108    (0)    1 :  0.031 0.008 0.039 0.020 0.825 0.008 0.007 0.053 0.008     (0.000,0.219) (0.000,0.047) (0.000,0.248) (0.000,0.139) (0.483,1.000) (0.000,0.044) (0.000,0.043) (0.000,0.338) (0.000,0.046) 
 49      109    (0)    1 :  0.038 0.019 0.163 0.014 0.713 0.025 0.011 0.010 0.007     (0.000,0.265) (0.000,0.134) (0.000,0.864) (0.000,0.088) (0.000,1.000) (0.000,0.177) (0.000,0.068) (0.000,0.057) (0.000,0.037) 
 50      112    (0)    1 :  0.126 0.113 0.176 0.073 0.009 0.409 0.009 0.039 0.046     (0.000,0.677) (0.000,0.512) (0.000,0.812) (0.000,0.620) (0.000,0.056) (0.000,0.980) (0.000,0.056) (0.000,0.274) (0.000,0.336) 
 51      115    (0)    1 :  0.017 0.010 0.257 0.057 0.023 0.032 0.015 0.525 0.063     (0.000,0.109) (0.000,0.055) (0.000,0.995) (0.000,0.426) (0.000,0.165) (0.000,0.121) (0.000,0.091) (0.000,0.999) (0.000,0.379) 
 52      116    (0)    1 :  0.005 0.863 0.016 0.007 0.019 0.049 0.011 0.018 0.011     (0.000,0.030) (0.477,1.000) (0.000,0.082) (0.000,0.039) (0.000,0.140) (0.000,0.350) (0.000,0.069) (0.000,0.123) (0.000,0.055) 
 53      117    (0)    1 :  0.023 0.192 0.043 0.014 0.016 0.016 0.295 0.015 0.386     (0.000,0.160) (0.000,0.737) (0.000,0.315) (0.000,0.072) (0.000,0.102) (0.000,0.106) (0.000,0.890) (0.000,0.097) (0.000,0.996) 
 54      129    (0)    1 :  0.004 0.925 0.007 0.006 0.005 0.005 0.032 0.008 0.009     (0.000,0.021) (0.689,1.000) (0.000,0.039) (0.000,0.034) (0.000,0.025) (0.000,0.025) (0.000,0.230) (0.000,0.046) (0.000,0.049) 
 55      132    (0)    1 :  0.019 0.007 0.481 0.273 0.012 0.020 0.021 0.043 0.125     (0.000,0.099) (0.000,0.038) (0.000,0.998) (0.000,0.992) (0.000,0.066) (0.000,0.110) (0.000,0.156) (0.000,0.307) (0.000,0.556) 
 56      133    (0)    1 :  0.093 0.004 0.487 0.165 0.156 0.074 0.007 0.006 0.008     (0.000,0.714) (0.000,0.023) (0.000,1.000) (0.000,0.991) (0.000,0.962) (0.000,0.717) (0.000,0.039) (0.000,0.035) (0.000,0.043) 
 57      137    (6)    1 :  0.511 0.010 0.300 0.090 0.010 0.034 0.014 0.012 0.018     (0.000,0.999) (0.000,0.060) (0.000,0.982) (0.000,0.751) (0.000,0.062) (0.000,0.239) (0.000,0.085) (0.000,0.073) (0.000,0.125) 
 58      139    (0)    1 :  0.894 0.013 0.028 0.009 0.009 0.019 0.009 0.011 0.008     (0.591,1.000) (0.000,0.087) (0.000,0.109) (0.000,0.059) (0.000,0.053) (0.000,0.070) (0.000,0.053) (0.000,0.069) (0.000,0.049) 
 59      140    (0)    1 :  0.029 0.008 0.084 0.008 0.814 0.025 0.017 0.010 0.005     (0.000,0.203) (0.000,0.046) (0.000,0.540) (0.000,0.037) (0.358,1.000) (0.000,0.179) (0.000,0.117) (0.000,0.056) (0.000,0.030) 
 60      142    (0)    1 :  0.546 0.006 0.030 0.038 0.011 0.318 0.030 0.009 0.012     (0.000,0.996) (0.000,0.032) (0.000,0.211) (0.000,0.283) (0.000,0.069) (0.000,0.917) (0.000,0.219) (0.000,0.049) (0.000,0.077) 
 61      144    (0)    1 :  0.005 0.003 0.006 0.005 0.961 0.005 0.006 0.004 0.004     (0.000,0.026) (0.000,0.019) (0.000,0.038) (0.000,0.026) (0.837,1.000) (0.000,0.030) (0.000,0.037) (0.000,0.024) (0.000,0.019) 
 62      145    (0)    1 :  0.037 0.004 0.007 0.096 0.007 0.834 0.006 0.006 0.004     (0.000,0.176) (0.000,0.020) (0.000,0.036) (0.000,0.978) (0.000,0.041) (0.000,1.000) (0.000,0.032) (0.000,0.031) (0.000,0.021) 
 63      147    (0)    1 :  0.037 0.007 0.008 0.010 0.905 0.016 0.004 0.007 0.004     (0.000,0.279) (0.000,0.044) (0.000,0.046) (0.000,0.065) (0.592,1.000) (0.000,0.105) (0.000,0.023) (0.000,0.043) (0.000,0.025) 
 64      160    (0)    1 :  0.005 0.008 0.006 0.005 0.004 0.006 0.008 0.008 0.950     (0.000,0.027) (0.000,0.042) (0.000,0.032) (0.000,0.029) (0.000,0.022) (0.000,0.031) (0.000,0.048) (0.000,0.047) (0.786,1.000) 
 65     162*    (0)    1 :  0.005 0.956 0.005 0.004 0.005 0.006 0.004 0.004 0.010     (0.000,0.030) (0.810,1.000) (0.000,0.027) (0.000,0.023) (0.000,0.026) (0.000,0.034) (0.000,0.022) (0.000,0.024) (0.000,0.061) 
 66      166    (0)    1 :  0.046 0.007 0.614 0.265 0.025 0.010 0.020 0.007 0.005     (0.000,0.287) (0.000,0.038) (0.000,1.000) (0.000,0.998) (0.000,0.154) (0.000,0.048) (0.000,0.141) (0.000,0.035) (0.000,0.030) 
 67      177    (0)    1 :  0.964 0.005 0.006 0.004 0.003 0.005 0.004 0.004 0.004     (0.846,1.000) (0.000,0.027) (0.000,0.028) (0.000,0.021) (0.000,0.019) (0.000,0.028) (0.000,0.022) (0.000,0.024) (0.000,0.024) 
 68      178    (0)    1 :  0.813 0.015 0.038 0.036 0.029 0.012 0.010 0.010 0.038     (0.431,1.000) (0.000,0.098) (0.000,0.280) (0.000,0.241) (0.000,0.212) (0.000,0.074) (0.000,0.059) (0.000,0.060) (0.000,0.277) 
 69      186    (0)    1 :  0.004 0.005 0.005 0.003 0.004 0.004 0.963 0.004 0.006     (0.000,0.022) (0.000,0.029) (0.000,0.029) (0.000,0.018) (0.000,0.021) (0.000,0.025) (0.843,1.000) (0.000,0.022) (0.000,0.030) 
 70      189    (0)    1 :  0.007 0.918 0.006 0.005 0.003 0.032 0.008 0.007 0.013     (0.000,0.043) (0.649,1.000) (0.000,0.030) (0.000,0.031) (0.000,0.019) (0.000,0.226) (0.000,0.046) (0.000,0.040) (0.000,0.084) 
 71      190    (0)    1 :  0.012 0.793 0.022 0.029 0.009 0.019 0.036 0.014 0.067     (0.000,0.081) (0.337,1.000) (0.000,0.149) (0.000,0.203) (0.000,0.052) (0.000,0.133) (0.000,0.253) (0.000,0.089) (0.000,0.474) 
 72      191    (0)    1 :  0.016 0.227 0.019 0.010 0.034 0.133 0.532 0.010 0.020     (0.000,0.110) (0.000,0.876) (0.000,0.106) (0.000,0.047) (0.000,0.246) (0.000,0.540) (0.000,0.950) (0.000,0.055) (0.000,0.137) 
 73      193    (0)    1 :  0.027 0.008 0.012 0.101 0.008 0.801 0.025 0.009 0.010     (0.000,0.116) (0.000,0.046) (0.000,0.062) (0.000,0.966) (0.000,0.047) (0.000,1.000) (0.000,0.184) (0.000,0.055) (0.000,0.060) 
 74      202    (0)    1 :  0.009 0.290 0.138 0.042 0.009 0.051 0.009 0.045 0.406     (0.000,0.053) (0.000,0.735) (0.000,0.722) (0.000,0.265) (0.000,0.054) (0.000,0.335) (0.000,0.050) (0.000,0.320) (0.000,0.881) 
 75      204    (0)    1 :  0.004 0.942 0.004 0.003 0.005 0.004 0.026 0.004 0.007     (0.000,0.020) (0.735,1.000) (0.000,0.023) (0.000,0.018) (0.000,0.025) (0.000,0.023) (0.000,0.188) (0.000,0.023) (0.000,0.042) 
 76      211    (0)    1 :  0.054 0.013 0.381 0.168 0.128 0.031 0.011 0.019 0.196     (0.000,0.306) (0.000,0.088) (0.000,0.983) (0.000,0.848) (0.000,0.713) (0.000,0.202) (0.000,0.069) (0.000,0.120) (0.000,0.684) 
 77      216    (0)    1 :  0.036 0.005 0.242 0.092 0.587 0.014 0.005 0.005 0.014     (0.000,0.222) (0.000,0.027) (0.000,0.817) (0.000,0.598) (0.014,0.999) (0.000,0.086) (0.000,0.026) (0.000,0.030) (0.000,0.098) 
 78      222    (0)    1 :  0.013 0.010 0.052 0.023 0.577 0.282 0.008 0.030 0.006     (0.000,0.076) (0.000,0.054) (0.000,0.396) (0.000,0.140) (0.000,0.999) (0.000,0.844) (0.000,0.053) (0.000,0.220) (0.000,0.030) 
 79      224    (0)    1 :  0.007 0.824 0.011 0.008 0.012 0.082 0.024 0.016 0.017     (0.000,0.042) (0.165,1.000) (0.000,0.057) (0.000,0.041) (0.000,0.083) (0.000,0.559) (0.000,0.172) (0.000,0.092) (0.000,0.112) 
 80      226    (0)    1 :  0.005 0.007 0.013 0.005 0.004 0.005 0.947 0.010 0.004     (0.000,0.028) (0.000,0.037) (0.000,0.087) (0.000,0.027) (0.000,0.020) (0.000,0.028) (0.781,1.000) (0.000,0.056) (0.000,0.024) 
 81      229    (0)    1 :  0.018 0.582 0.059 0.117 0.023 0.063 0.008 0.022 0.109     (0.000,0.124) (0.000,0.959) (0.000,0.412) (0.000,0.476) (0.000,0.165) (0.000,0.342) (0.000,0.047) (0.000,0.150) (0.000,0.648) 
 82      230    (0)    1 :  0.039 0.867 0.016 0.006 0.013 0.008 0.014 0.012 0.025     (0.000,0.241) (0.558,1.000) (0.000,0.094) (0.000,0.033) (0.000,0.090) (0.000,0.043) (0.000,0.098) (0.000,0.075) (0.000,0.171) 
 83      232    (0)    1 :  0.045 0.109 0.084 0.037 0.019 0.200 0.058 0.026 0.421     (0.000,0.312) (0.000,0.590) (0.000,0.521) (0.000,0.291) (0.000,0.139) (0.000,0.751) (0.000,0.366) (0.000,0.174) (0.000,0.884) 
 84      238    (0)    1 :  0.122 0.065 0.246 0.017 0.020 0.052 0.007 0.461 0.010     (0.000,0.535) (0.000,0.400) (0.000,0.995) (0.000,0.105) (0.000,0.138) (0.000,0.331) (0.000,0.037) (0.000,0.993) (0.000,0.058) 
 85      242    (0)    1 :  0.004 0.006 0.011 0.037 0.009 0.012 0.006 0.910 0.004     (0.000,0.024) (0.000,0.032) (0.000,0.058) (0.000,0.242) (0.000,0.055) (0.000,0.053) (0.000,0.035) (0.644,1.000) (0.000,0.025) 
 86      243    (0)    1 :  0.026 0.008 0.263 0.023 0.024 0.027 0.022 0.598 0.009     (0.000,0.191) (0.000,0.045) (0.000,0.990) (0.000,0.128) (0.000,0.167) (0.000,0.140) (0.000,0.156) (0.000,0.999) (0.000,0.055) 
 87      244    (0)    1 :  0.183 0.011 0.229 0.028 0.007 0.034 0.006 0.493 0.010     (0.000,0.647) (0.000,0.070) (0.000,0.996) (0.000,0.189) (0.000,0.040) (0.000,0.165) (0.000,0.035) (0.000,0.997) (0.000,0.058) 
 88      251    (0)    1 :  0.016 0.021 0.244 0.034 0.014 0.115 0.008 0.454 0.094     (0.000,0.092) (0.000,0.149) (0.000,0.995) (0.000,0.222) (0.000,0.088) (0.000,0.653) (0.000,0.050) (0.000,0.996) (0.000,0.514) 
 89      266    (0)    1 :  0.475 0.018 0.278 0.055 0.012 0.023 0.010 0.121 0.009     (0.000,0.936) (0.000,0.128) (0.000,0.974) (0.000,0.359) (0.000,0.075) (0.000,0.115) (0.000,0.060) (0.000,0.529) (0.000,0.055) 
 90      267    (0)    1 :  0.013 0.047 0.151 0.024 0.686 0.015 0.030 0.022 0.012     (0.000,0.084) (0.000,0.299) (0.000,0.734) (0.000,0.166) (0.006,1.000) (0.000,0.100) (0.000,0.220) (0.000,0.156) (0.000,0.077) 
 91      268    (0)    1 :  0.397 0.005 0.237 0.136 0.153 0.012 0.007 0.008 0.046     (0.000,0.986) (0.000,0.026) (0.000,0.962) (0.000,0.763) (0.000,0.881) (0.000,0.060) (0.000,0.041) (0.000,0.042) (0.000,0.306) 
 92      270    (0)    1 :  0.007 0.865 0.012 0.012 0.013 0.022 0.032 0.016 0.021     (0.000,0.043) (0.517,1.000) (0.000,0.073) (0.000,0.079) (0.000,0.090) (0.000,0.158) (0.000,0.234) (0.000,0.104) (0.000,0.146) 
 93      276    (0)    1 :  0.054 0.230 0.062 0.028 0.067 0.073 0.436 0.016 0.035     (0.000,0.354) (0.000,0.930) (0.000,0.421) (0.000,0.190) (0.000,0.416) (0.000,0.447) (0.000,0.895) (0.000,0.100) (0.000,0.252) 
 94      298    (6)    1 :  0.118 0.006 0.051 0.048 0.718 0.016 0.018 0.011 0.014     (0.000,0.538) (0.000,0.032) (0.000,0.378) (0.000,0.357) (0.254,1.000) (0.000,0.102) (0.000,0.129) (0.000,0.065) (0.000,0.088) 
 95      306    (0)    1 :  0.022 0.005 0.439 0.212 0.014 0.283 0.008 0.011 0.006     (0.000,0.116) (0.000,0.029) (0.000,0.976) (0.000,0.980) (0.000,0.088) (0.000,0.678) (0.000,0.044) (0.000,0.072) (0.000,0.033) 
 96      308    (0)    1 :  0.344 0.007 0.061 0.032 0.192 0.245 0.006 0.035 0.078     (0.000,0.938) (0.000,0.041) (0.000,0.443) (0.000,0.213) (0.000,0.676) (0.000,0.744) (0.000,0.035) (0.000,0.255) (0.000,0.428) 
 97      311    (6)    1 :  0.011 0.020 0.263 0.052 0.132 0.399 0.008 0.099 0.015     (0.000,0.068) (0.000,0.142) (0.000,0.991) (0.000,0.358) (0.000,0.784) (0.000,0.993) (0.000,0.049) (0.000,0.578) (0.000,0.102) 
 98      323    (0)    1 :  0.004 0.007 0.005 0.005 0.006 0.005 0.957 0.007 0.004     (0.000,0.023) (0.000,0.040) (0.000,0.027) (0.000,0.025) (0.000,0.032) (0.000,0.027) (0.818,1.000) (0.000,0.042) (0.000,0.024) 
 99      327    (0)    1 :  0.007 0.629 0.033 0.032 0.012 0.017 0.020 0.016 0.235     (0.000,0.042) (0.000,0.998) (0.000,0.237) (0.000,0.228) (0.000,0.078) (0.000,0.111) (0.000,0.144) (0.000,0.104) (0.000,0.801) 
100      334    (0)    1 :  0.005 0.005 0.010 0.799 0.006 0.092 0.004 0.074 0.005     (0.000,0.025) (0.000,0.028) (0.000,0.035) (0.000,1.000) (0.000,0.037) (0.000,0.985) (0.000,0.019) (0.000,0.911) (0.000,0.028) 
101      338    (0)    1 :  0.016 0.017 0.217 0.055 0.305 0.331 0.017 0.015 0.027     (0.000,0.102) (0.000,0.117) (0.000,0.882) (0.000,0.411) (0.000,0.988) (0.000,0.983) (0.000,0.116) (0.000,0.094) (0.000,0.194) 
102      341    (0)    1 :  0.006 0.007 0.017 0.010 0.005 0.009 0.929 0.011 0.006     (0.000,0.032) (0.000,0.037) (0.000,0.117) (0.000,0.060) (0.000,0.026) (0.000,0.056) (0.719,1.000) (0.000,0.069) (0.000,0.036) 
103      346    (0)    1 :  0.390 0.007 0.416 0.101 0.007 0.025 0.011 0.008 0.035     (0.000,0.998) (0.000,0.042) (0.000,0.999) (0.000,0.897) (0.000,0.035) (0.000,0.145) (0.000,0.067) (0.000,0.044) (0.000,0.256) 
104      348    (0)    1 :  0.228 0.009 0.044 0.017 0.556 0.107 0.008 0.025 0.007     (0.000,0.762) (0.000,0.051) (0.000,0.318) (0.000,0.113) (0.000,0.997) (0.000,0.503) (0.000,0.047) (0.000,0.173) (0.000,0.043) 
105      351    (0)    1 :  0.021 0.008 0.228 0.360 0.008 0.039 0.022 0.285 0.030     (0.000,0.124) (0.000,0.049) (0.000,0.955) (0.000,0.993) (0.000,0.044) (0.000,0.270) (0.000,0.156) (0.000,0.987) (0.000,0.225) 
106      362    (0)    1 :  0.005 0.915 0.007 0.004 0.006 0.007 0.023 0.006 0.027     (0.000,0.028) (0.630,1.000) (0.000,0.038) (0.000,0.022) (0.000,0.031) (0.000,0.044) (0.000,0.163) (0.000,0.031) (0.000,0.187) 
107      364    (0)    1 :  0.010 0.005 0.043 0.042 0.009 0.023 0.011 0.847 0.010     (0.000,0.058) (0.000,0.026) (0.000,0.278) (0.000,0.288) (0.000,0.054) (0.000,0.159) (0.000,0.068) (0.450,1.000) (0.000,0.064) 
108      366    (0)    1 :  0.010 0.044 0.078 0.010 0.027 0.016 0.011 0.794 0.012     (0.000,0.055) (0.000,0.312) (0.000,0.637) (0.000,0.049) (0.000,0.195) (0.000,0.055) (0.000,0.062) (0.005,1.000) (0.000,0.076) 
109      376    (0)    1 :  0.017 0.021 0.015 0.011 0.006 0.029 0.871 0.007 0.024     (0.000,0.118) (0.000,0.147) (0.000,0.098) (0.000,0.065) (0.000,0.033) (0.000,0.193) (0.584,1.000) (0.000,0.041) (0.000,0.175) 
110      377    (6)    1 :  0.009 0.152 0.052 0.021 0.040 0.435 0.032 0.013 0.246     (0.000,0.047) (0.000,0.622) (0.000,0.382) (0.000,0.085) (0.000,0.287) (0.000,0.996) (0.000,0.218) (0.000,0.082) (0.000,0.892) 
111      378    (0)    1 :  0.011 0.006 0.010 0.007 0.007 0.014 0.009 0.004 0.931     (0.000,0.073) (0.000,0.034) (0.000,0.059) (0.000,0.035) (0.000,0.043) (0.000,0.094) (0.000,0.052) (0.000,0.023) (0.721,1.000) 
112      388    (0)    1 :  0.011 0.011 0.268 0.064 0.561 0.036 0.009 0.014 0.026     (0.000,0.071) (0.000,0.064) (0.000,0.987) (0.000,0.466) (0.000,1.000) (0.000,0.266) (0.000,0.056) (0.000,0.088) (0.000,0.194) 
113      391    (0)    1 :  0.009 0.006 0.166 0.059 0.021 0.125 0.397 0.013 0.204     (0.000,0.051) (0.000,0.034) (0.000,0.810) (0.000,0.491) (0.000,0.153) (0.000,0.650) (0.000,0.806) (0.000,0.073) (0.000,0.589) 
114      401    (0)    1 :  0.143 0.323 0.155 0.028 0.008 0.082 0.084 0.166 0.012     (0.000,0.581) (0.000,0.738) (0.000,0.956) (0.000,0.193) (0.000,0.044) (0.000,0.484) (0.000,0.536) (0.000,0.691) (0.000,0.074) 
115      406    (0)    1 :  0.027 0.010 0.414 0.094 0.141 0.166 0.088 0.043 0.017     (0.000,0.190) (0.000,0.063) (0.000,0.997) (0.000,0.850) (0.000,0.838) (0.000,0.876) (0.000,0.525) (0.000,0.304) (0.000,0.104) 
116      412    (6)    1 :  0.018 0.017 0.345 0.100 0.088 0.367 0.020 0.016 0.027     (0.000,0.099) (0.000,0.113) (0.000,0.998) (0.000,0.950) (0.000,0.741) (0.000,0.998) (0.000,0.145) (0.000,0.096) (0.000,0.197) 
117      413    (0)    1 :  0.039 0.010 0.019 0.168 0.014 0.719 0.003 0.022 0.006     (0.000,0.258) (0.000,0.062) (0.000,0.106) (0.000,0.776) (0.000,0.087) (0.000,1.000) (0.000,0.018) (0.000,0.164) (0.000,0.030) 
118      421    (0)    1 :  0.021 0.421 0.069 0.040 0.016 0.375 0.026 0.017 0.015     (0.000,0.146) (0.000,0.890) (0.000,0.489) (0.000,0.304) (0.000,0.100) (0.000,0.846) (0.000,0.191) (0.000,0.104) (0.000,0.099) 
119      423    (0)    1 :  0.008 0.425 0.044 0.022 0.034 0.399 0.017 0.039 0.013     (0.000,0.041) (0.000,0.990) (0.000,0.293) (0.000,0.114) (0.000,0.252) (0.000,0.963) (0.000,0.120) (0.000,0.286) (0.000,0.081) 
120      424    (0)    1 :  0.015 0.008 0.241 0.121 0.020 0.391 0.152 0.027 0.024     (0.000,0.087) (0.000,0.045) (0.000,0.986) (0.000,0.952) (0.000,0.133) (0.000,0.994) (0.000,0.698) (0.000,0.192) (0.000,0.163) 
121      426    (0)    1 :  0.015 0.023 0.037 0.019 0.012 0.041 0.024 0.017 0.812     (0.000,0.100) (0.000,0.160) (0.000,0.250) (0.000,0.099) (0.000,0.071) (0.000,0.284) (0.000,0.173) (0.000,0.120) (0.387,1.000) 
122      430   (12)    1 :  0.057 0.016 0.299 0.190 0.021 0.356 0.036 0.008 0.017     (0.000,0.416) (0.000,0.105) (0.000,0.976) (0.000,0.980) (0.000,0.137) (0.000,0.955) (0.000,0.262) (0.000,0.042) (0.000,0.107) 
123      435    (0)    1 :  0.427 0.005 0.015 0.045 0.031 0.457 0.004 0.004 0.011     (0.000,0.973) (0.000,0.026) (0.000,0.092) (0.000,0.402) (0.000,0.205) (0.000,0.933) (0.000,0.025) (0.000,0.024) (0.000,0.069) 
124      476    (0)    1 :  0.027 0.087 0.022 0.010 0.007 0.025 0.780 0.029 0.015     (0.000,0.187) (0.000,0.458) (0.000,0.151) (0.000,0.058) (0.000,0.039) (0.000,0.178) (0.413,0.999) (0.000,0.194) (0.000,0.101) 
125      478    (0)    1 :  0.007 0.165 0.019 0.011 0.008 0.015 0.726 0.029 0.020     (0.000,0.039) (0.000,0.530) (0.000,0.131) (0.000,0.071) (0.000,0.052) (0.000,0.092) (0.376,0.996) (0.000,0.205) (0.000,0.141) 
126      484    (0)    1 :  0.034 0.006 0.246 0.049 0.608 0.025 0.015 0.006 0.011     (0.000,0.250) (0.000,0.035) (0.000,0.864) (0.000,0.402) (0.000,1.000) (0.000,0.164) (0.000,0.100) (0.000,0.033) (0.000,0.062) 
127      489    (0)    1 :  0.007 0.019 0.026 0.044 0.056 0.508 0.011 0.008 0.322     (0.000,0.040) (0.000,0.117) (0.000,0.133) (0.000,0.263) (0.000,0.395) (0.000,1.000) (0.000,0.068) (0.000,0.038) (0.000,0.986) 
128      492   (18)    1 :  0.004 0.004 0.010 0.808 0.005 0.093 0.004 0.067 0.004     (0.000,0.023) (0.000,0.020) (0.000,0.038) (0.000,1.000) (0.000,0.027) (0.000,0.988) (0.000,0.021) (0.000,0.871) (0.000,0.021) 
129      493    (0)    1 :  0.007 0.012 0.015 0.007 0.006 0.012 0.007 0.923 0.011     (0.000,0.042) (0.000,0.081) (0.000,0.082) (0.000,0.036) (0.000,0.033) (0.000,0.080) (0.000,0.044) (0.696,1.000) (0.000,0.072) 
130      494    (0)    1 :  0.007 0.016 0.108 0.012 0.006 0.024 0.012 0.786 0.028     (0.000,0.042) (0.000,0.110) (0.000,0.952) (0.000,0.071) (0.000,0.036) (0.000,0.128) (0.000,0.080) (0.000,1.000) (0.000,0.209) 
131      500    (0)    1 :  0.004 0.949 0.006 0.003 0.004 0.004 0.015 0.007 0.007     (0.000,0.021) (0.782,1.000) (0.000,0.031) (0.000,0.017) (0.000,0.020) (0.000,0.023) (0.000,0.104) (0.000,0.034) (0.000,0.043) 
132      504    (0)    1 :  0.015 0.041 0.117 0.060 0.673 0.015 0.009 0.021 0.049     (0.000,0.094) (0.000,0.268) (0.000,0.680) (0.000,0.376) (0.068,0.998) (0.000,0.097) (0.000,0.053) (0.000,0.149) (0.000,0.304) 
133      506    (0)    1 :  0.004 0.065 0.013 0.004 0.882 0.007 0.010 0.006 0.009     (0.000,0.025) (0.000,0.370) (0.000,0.071) (0.000,0.022) (0.546,1.000) (0.000,0.039) (0.000,0.058) (0.000,0.030) (0.000,0.053) 


Estimated Allele Frequencies in each cluster
First column gives estimated ancestral frequencies


Locus 1 : Rsu3 
3 alleles
0.0% missing data
 164   (0.535) 0.655 0.652 0.542 0.246 0.420 0.292 0.498 0.592 0.649 
 166   (0.241) 0.105 0.063 0.301 0.419 0.544 0.558 0.089 0.180 0.239 
 170   (0.224) 0.240 0.284 0.157 0.335 0.036 0.150 0.413 0.228 0.112 

Locus 2 : Rsu5 
5 alleles
0.0% missing data
 137   (0.732) 0.813 0.962 0.838 0.420 0.395 0.796 0.974 0.671 0.897 
 135   (0.087) 0.037 0.008 0.073 0.034 0.013 0.075 0.013 0.125 0.056 
 139   (0.108) 0.056 0.023 0.051 0.533 0.012 0.110 0.009 0.163 0.040 
 133   (0.024) 0.003 0.002 0.009 0.004 0.002 0.004 0.002 0.028 0.002 
 131   (0.050) 0.091 0.004 0.029 0.009 0.578 0.015 0.003 0.014 0.004 

Locus 3 : Scv1 
5 alleles
0.0% missing data
 181   (0.536) 0.355 0.649 0.417 0.222 0.390 0.324 0.952 0.705 0.799 
 179   (0.187) 0.294 0.110 0.310 0.645 0.092 0.145 0.022 0.137 0.080 
 177   (0.108) 0.027 0.013 0.187 0.074 0.185 0.283 0.011 0.061 0.104 
 185   (0.139) 0.320 0.226 0.073 0.053 0.330 0.242 0.013 0.063 0.014 
 171   (0.030) 0.004 0.002 0.013 0.006 0.003 0.006 0.002 0.033 0.003 

Locus 4 : Rsu4 
9 alleles
0.0% missing data
 267   (0.191) 0.097 0.301 0.101 0.504 0.129 0.102 0.144 0.292 0.080 
 263   (0.334) 0.287 0.214 0.340 0.259 0.374 0.740 0.469 0.261 0.765 
 259   (0.055) 0.009 0.200 0.023 0.011 0.006 0.016 0.275 0.016 0.053 
 287   (0.168) 0.095 0.235 0.366 0.132 0.169 0.081 0.093 0.126 0.061 
 275   (0.038) 0.015 0.003 0.018 0.008 0.004 0.006 0.003 0.125 0.003 
 279   (0.073) 0.297 0.010 0.044 0.033 0.008 0.018 0.006 0.071 0.015 
 283   (0.076) 0.190 0.006 0.079 0.033 0.303 0.024 0.005 0.044 0.007 
 291   (0.038) 0.006 0.028 0.018 0.015 0.004 0.008 0.003 0.023 0.013 
 271   (0.027) 0.004 0.002 0.012 0.004 0.003 0.005 0.002 0.041 0.003 

Locus 5 : Rsu6 
5 alleles
0.0% missing data
 120   (0.253) 0.213 0.243 0.350 0.198 0.085 0.203 0.292 0.210 0.522 
 126   (0.615) 0.765 0.472 0.598 0.772 0.901 0.774 0.574 0.626 0.415 
 124   (0.080) 0.015 0.264 0.034 0.022 0.009 0.014 0.131 0.056 0.058 
 130   (0.029) 0.004 0.002 0.010 0.004 0.003 0.004 0.002 0.100 0.002 
 114   (0.022) 0.003 0.019 0.009 0.004 0.003 0.005 0.002 0.007 0.002 

Locus 6 : Scv12 
3 alleles
1.5% missing data
 198   (0.580) 0.637 0.298 0.574 0.735 0.394 0.806 0.689 0.722 0.397 
 196   (0.264) 0.215 0.174 0.345 0.205 0.547 0.150 0.290 0.139 0.271 
 200   (0.156) 0.148 0.528 0.081 0.060 0.059 0.044 0.021 0.139 0.331 

Locus 7 : Scv23 
3 alleles
0.8% missing data
 158   (0.522) 0.534 0.726 0.471 0.550 0.793 0.707 0.357 0.462 0.462 
 164   (0.195) 0.040 0.061 0.246 0.335 0.116 0.087 0.439 0.262 0.112 
 160   (0.283) 0.426 0.213 0.282 0.115 0.091 0.207 0.204 0.276 0.426 

Locus 8 : Scv13 
5 alleles
0.0% missing data
 182   (0.725) 0.482 0.910 0.837 0.939 0.901 0.924 0.784 0.684 0.966 
 180   (0.090) 0.016 0.069 0.044 0.021 0.009 0.022 0.185 0.112 0.017 
 172   (0.079) 0.324 0.007 0.065 0.018 0.077 0.017 0.006 0.056 0.007 
 184   (0.065) 0.018 0.010 0.033 0.015 0.009 0.025 0.022 0.128 0.006 
 174   (0.040) 0.160 0.004 0.020 0.007 0.004 0.011 0.003 0.019 0.003 

Locus 9 : Scv32 
18 alleles
0.8% missing data
 236   (0.037) 0.007 0.003 0.019 0.013 0.004 0.007 0.003 0.138 0.003 
 238   (0.040) 0.009 0.003 0.180 0.093 0.072 0.013 0.003 0.020 0.005 
 234   (0.152) 0.658 0.021 0.272 0.146 0.088 0.331 0.328 0.062 0.123 
 246   (0.050) 0.013 0.186 0.021 0.013 0.006 0.040 0.309 0.014 0.010 
 248   (0.096) 0.014 0.128 0.061 0.304 0.021 0.106 0.008 0.111 0.369 
 262   (0.107) 0.031 0.282 0.103 0.100 0.037 0.114 0.012 0.052 0.152 
 232   (0.163) 0.036 0.111 0.090 0.062 0.504 0.195 0.178 0.390 0.017 
 250   (0.025) 0.004 0.003 0.019 0.009 0.003 0.007 0.004 0.007 0.273 
 228   (0.024) 0.005 0.002 0.011 0.006 0.003 0.006 0.002 0.030 0.003 
 220   (0.043) 0.007 0.222 0.017 0.012 0.004 0.009 0.075 0.014 0.009 
 264   (0.055) 0.024 0.005 0.086 0.036 0.006 0.040 0.042 0.054 0.009 
 252   (0.045) 0.091 0.018 0.021 0.010 0.095 0.010 0.003 0.013 0.005 
 254   (0.049) 0.081 0.004 0.034 0.164 0.090 0.028 0.003 0.016 0.007 
 242   (0.024) 0.003 0.002 0.010 0.005 0.002 0.004 0.002 0.038 0.002 
 266   (0.028) 0.005 0.003 0.027 0.009 0.034 0.029 0.002 0.009 0.003 
 244   (0.026) 0.004 0.004 0.012 0.009 0.029 0.054 0.002 0.009 0.007 
 226   (0.016) 0.003 0.001 0.007 0.003 0.002 0.003 0.025 0.005 0.001 
 240   (0.021) 0.007 0.002 0.009 0.005 0.002 0.003 0.001 0.016 0.002 

Locus 10 : Scv8 
6 alleles
0.8% missing data
 200   (0.625) 0.438 0.706 0.766 0.832 0.617 0.551 0.828 0.639 0.821 
 202   (0.097) 0.048 0.009 0.090 0.058 0.056 0.086 0.007 0.177 0.009 
 194   (0.087) 0.031 0.088 0.047 0.046 0.009 0.270 0.151 0.036 0.027 
 204   (0.050) 0.009 0.038 0.022 0.027 0.005 0.013 0.004 0.023 0.126 
 198   (0.070) 0.015 0.155 0.032 0.017 0.007 0.052 0.005 0.091 0.010 
 188   (0.071) 0.460 0.006 0.042 0.020 0.305 0.028 0.005 0.036 0.006 

Locus 11 : Scv9 
5 alleles
0.0% missing data
 198   (0.326) 0.572 0.102 0.554 0.535 0.320 0.290 0.421 0.191 0.507 
 200   (0.332) 0.102 0.595 0.167 0.335 0.330 0.175 0.360 0.515 0.384 
 196   (0.272) 0.185 0.297 0.250 0.118 0.341 0.517 0.045 0.274 0.102 
 204   (0.048) 0.111 0.004 0.022 0.008 0.006 0.013 0.172 0.013 0.005 
 202   (0.022) 0.031 0.002 0.008 0.004 0.004 0.004 0.002 0.006 0.002 

Locus 12 : Rsu1 
6 alleles
0.0% missing data
 189   (0.302) 0.255 0.058 0.251 0.406 0.097 0.293 0.504 0.525 0.058 
 185   (0.275) 0.136 0.217 0.457 0.451 0.794 0.353 0.168 0.179 0.075 
 177   (0.081) 0.046 0.148 0.036 0.022 0.066 0.029 0.010 0.044 0.012 
 181   (0.242) 0.549 0.188 0.215 0.098 0.034 0.299 0.053 0.224 0.761 
 193   (0.054) 0.008 0.286 0.024 0.016 0.005 0.015 0.033 0.016 0.089 
 197   (0.045) 0.006 0.102 0.017 0.007 0.004 0.012 0.232 0.013 0.005 

Locus 13 : Scv14 
7 alleles
4.5% missing data
 196   (0.547) 0.655 0.836 0.484 0.216 0.610 0.625 0.937 0.494 0.893 
 198   (0.079) 0.064 0.007 0.221 0.122 0.026 0.015 0.006 0.096 0.011 
 194   (0.132) 0.159 0.030 0.066 0.044 0.037 0.237 0.016 0.215 0.050 
 202   (0.175) 0.097 0.117 0.198 0.601 0.320 0.111 0.034 0.159 0.027 
 204   (0.022) 0.003 0.002 0.009 0.004 0.002 0.003 0.002 0.019 0.002 
 190   (0.023) 0.004 0.007 0.010 0.007 0.002 0.005 0.002 0.008 0.014 
 200   (0.022) 0.018 0.002 0.012 0.006 0.002 0.003 0.002 0.009 0.002 

Locus 14 : Scv16 
7 alleles
0.0% missing data
 182   (0.402) 0.528 0.554 0.489 0.734 0.279 0.697 0.184 0.229 0.776 
 184   (0.414) 0.195 0.282 0.420 0.217 0.662 0.265 0.786 0.555 0.204 
 188   (0.059) 0.008 0.153 0.020 0.011 0.007 0.011 0.021 0.152 0.006 
 200   (0.024) 0.003 0.002 0.009 0.004 0.003 0.004 0.002 0.026 0.002 
 198   (0.041) 0.161 0.003 0.031 0.020 0.028 0.012 0.003 0.012 0.007 
 190   (0.036) 0.099 0.003 0.021 0.009 0.019 0.008 0.003 0.010 0.003 
 186   (0.023) 0.006 0.003 0.009 0.004 0.002 0.004 0.002 0.017 0.002 

Locus 15 : Scv31 
15 alleles
3.0% missing data
 193   (0.114) 0.038 0.032 0.230 0.151 0.136 0.043 0.013 0.074 0.591 
 201   (0.109) 0.017 0.059 0.052 0.054 0.075 0.026 0.010 0.229 0.099 
 187   (0.087) 0.014 0.337 0.044 0.027 0.131 0.018 0.259 0.027 0.068 
 207   (0.029) 0.004 0.011 0.011 0.006 0.004 0.006 0.410 0.008 0.003 
 195   (0.078) 0.036 0.099 0.036 0.023 0.189 0.160 0.013 0.024 0.019 
 185   (0.171) 0.331 0.019 0.410 0.168 0.155 0.163 0.226 0.131 0.023 
 189   (0.059) 0.008 0.005 0.022 0.011 0.006 0.009 0.004 0.236 0.137 
 205   (0.025) 0.005 0.002 0.009 0.005 0.003 0.004 0.002 0.019 0.002 
 191   (0.143) 0.438 0.355 0.107 0.094 0.019 0.485 0.050 0.058 0.039 
 197   (0.025) 0.003 0.006 0.009 0.005 0.225 0.004 0.003 0.007 0.004 
 199   (0.056) 0.087 0.005 0.025 0.013 0.046 0.013 0.004 0.068 0.006 
 203   (0.029) 0.004 0.002 0.010 0.008 0.003 0.005 0.002 0.074 0.003 
 209   (0.028) 0.007 0.002 0.017 0.033 0.003 0.007 0.002 0.026 0.003 
 213   (0.024) 0.003 0.002 0.009 0.398 0.002 0.051 0.002 0.014 0.002 
 181   (0.024) 0.003 0.063 0.009 0.005 0.003 0.007 0.002 0.007 0.002 

Locus 16 : Scv6 
8 alleles
0.0% missing data
 191   (0.109) 0.017 0.189 0.047 0.242 0.020 0.043 0.008 0.195 0.237 
 195   (0.376) 0.213 0.456 0.476 0.199 0.621 0.433 0.699 0.301 0.426 
 197   (0.210) 0.411 0.319 0.237 0.098 0.229 0.056 0.257 0.114 0.299 
 201   (0.083) 0.135 0.007 0.072 0.106 0.009 0.041 0.006 0.138 0.010 
 205   (0.024) 0.003 0.002 0.009 0.003 0.002 0.003 0.002 0.053 0.002 
 193   (0.098) 0.182 0.010 0.098 0.043 0.088 0.099 0.007 0.123 0.010 
 199   (0.075) 0.035 0.015 0.052 0.302 0.027 0.320 0.020 0.030 0.014 
 181   (0.025) 0.004 0.002 0.009 0.006 0.003 0.004 0.002 0.047 0.002 

Values of parameters used in structure:
DATAFILE=M:\STRUCTURE\Squirrel_133_ID_16L_20250816\project_data,	OUTFILE=M:\STRUCTURE\Squirrel_133_ID_16L_20250816\10k_Burnin_100k_MCMC\Results\10k_Burnin_100k_MCMC_run_213,	NUMINDS=133,	NUMLOCI=16,	MISSING=-9,	LABEL=1,	POPDATA=1,	POPFLAG=0,	PHENOTYPE=0,	EXTRACOLS=1,	MAXPOPS=9,	BURNIN=10000,	NUMREPS=100000,	USEPOPINFO=0,	INFERALPHA=1,	INFERLAMBDA=1,	POPSPECIFICLAMBDA=0,	POPALPHAS=0,	COMPUTEPROB=1,	NOADMIX=0,	ADMBURNIN=2500,	UPDATEFREQ=1,	PRINTLIKES=0,	INTERMEDSAVE=0,	PRINTKLD=0,	PRINTNET=0,	PRINTLAMBDA=0,	ANCESTDIST=1,	NUMBOXES=1000,	ANCESTPINT=0.90000,	GENSBACK=2,	MIGRPRIOR=0.05000,	PRINTQHAT=1,	PRINTQSUM=0,	ALPHA=1.0000,	FREQSCORR=1,	FPRIORMEAN=0.0100,	FPRIORSD=0.0500,	ONEFST=0,	LAMBDA=1.0000,	UNIFPRIORALPHA=1,	ALPHAMAX=10.0000,	ALPHAPRIORA=1.0000,	ALPHAPRIORB=2.0000,	ALPHAPROPSD=0.0250,	STARTATPOPINFO=0,	RANDOMIZE=1,	LINKAGE=0,	METROFREQ=10,	REPORTHITRATE=0,	MARKOVPHASE=-1,	PHASED=0,	PLOIDY=2,	PHASEINFO=0	LOCPRIOR=0, 	LOCPRIORINIT=1.000000, 	LOCDATA=0, 	LOCISPOP=0, 	LOCPRIORSTEP=0.100000, 	MAXLOCPRIOR=20.000000, 	SEED=1763678701,	
[STRAT parameters]:    NUMSIMSTATS=1000,	PHENOTYPECOL=-9,	POOLFREQ=10,	LOCUSxONLY=0,	EMERROR=0.00100,	MISSINGPHENO=-9,	