          1*  1 0.7394 0.0278 0.0791 0.0080 0.0576 0.0134 0.0669 0.0078 
           3  1 0.0053 0.0066 0.0053 0.0043 0.0054 0.9607 0.0065 0.0058 
           6  1 0.0046 0.0209 0.0094 0.0156 0.0113 0.9023 0.0152 0.0207 
           8  1 0.0107 0.0137 0.0120 0.0041 0.0216 0.0062 0.0082 0.9235 
          10  1 0.0084 0.0038 0.0101 0.0053 0.8451 0.0083 0.0046 0.1145 
          11  1 0.1275 0.0107 0.7031 0.0377 0.0135 0.0310 0.0423 0.0342 
          12  1 0.0041 0.0048 0.0051 0.0046 0.9629 0.0050 0.0071 0.0064 
          16  1 0.0061 0.0052 0.0077 0.0055 0.0096 0.9430 0.0067 0.0162 
          18  1 0.9508 0.0055 0.0104 0.0041 0.0054 0.0080 0.0065 0.0094 
          19  1 0.0739 0.0191 0.8098 0.0390 0.0090 0.0144 0.0103 0.0245 
          21  1 0.0056 0.0060 0.0078 0.0073 0.0086 0.9333 0.0084 0.0230 
          23  1 0.0088 0.0176 0.0343 0.0342 0.7071 0.0117 0.1692 0.0172 
          24  1 0.0853 0.0093 0.3330 0.0333 0.3549 0.0136 0.0246 0.1460 
          25  1 0.0110 0.0105 0.0843 0.0081 0.6859 0.0421 0.0900 0.0681 
         26*  1 0.0221 0.0071 0.0260 0.0049 0.1723 0.0942 0.0097 0.6637 
          28  1 0.0077 0.0067 0.0121 0.0076 0.2041 0.0756 0.0128 0.6734 
          29  1 0.0145 0.0051 0.0101 0.0057 0.8826 0.0053 0.0054 0.0713 
          30  1 0.0133 0.3005 0.0595 0.0078 0.1099 0.0989 0.0106 0.3996 
          33  1 0.5938 0.0139 0.2775 0.0884 0.0057 0.0064 0.0095 0.0048 
          37  1 0.9171 0.0054 0.0146 0.0085 0.0259 0.0113 0.0092 0.0081 
          38  1 0.8915 0.0043 0.0481 0.0051 0.0176 0.0109 0.0055 0.0169 
          43  1 0.0107 0.0057 0.0142 0.0084 0.7389 0.0351 0.0095 0.1775 
          44  1 0.0092 0.0423 0.0277 0.0071 0.0074 0.3860 0.0263 0.4938 
          48  1 0.9524 0.0054 0.0080 0.0038 0.0066 0.0120 0.0059 0.0059 
          55  1 0.0112 0.0233 0.0328 0.0137 0.0118 0.1835 0.0245 0.6991 
          59  1 0.0057 0.0059 0.0055 0.0042 0.0039 0.9630 0.0054 0.0063 
          60  1 0.0285 0.1005 0.1413 0.1393 0.1287 0.0149 0.4418 0.0051 
          61  1 0.0092 0.0668 0.0164 0.6137 0.0081 0.0153 0.2611 0.0094 
          62  1 0.0180 0.0190 0.0395 0.2230 0.0408 0.0123 0.6371 0.0104 
          65  1 0.6910 0.0239 0.2366 0.0136 0.0074 0.0053 0.0111 0.0111 
          73  1 0.0079 0.8575 0.0102 0.0050 0.0852 0.0066 0.0182 0.0094 
          75  1 0.0110 0.0555 0.0406 0.8599 0.0049 0.0101 0.0092 0.0088 
          76  1 0.0038 0.0083 0.0075 0.9022 0.0104 0.0054 0.0576 0.0046 
          77  1 0.0066 0.0048 0.0085 0.8900 0.0086 0.0065 0.0707 0.0042 
          78  1 0.0132 0.6375 0.0292 0.2304 0.0138 0.0075 0.0572 0.0112 
          79  1 0.0104 0.0897 0.0499 0.7044 0.0047 0.0044 0.1297 0.0068 
          84  1 0.0171 0.0202 0.0514 0.0196 0.0895 0.6053 0.0990 0.0980 
          85  1 0.0107 0.0138 0.0188 0.0067 0.0066 0.0112 0.0127 0.9195 
          86  1 0.0100 0.0180 0.0802 0.0106 0.0125 0.0060 0.0149 0.8478 
          89  1 0.0249 0.0126 0.0594 0.0257 0.2135 0.5029 0.1487 0.0122 
          94  1 0.0293 0.0048 0.0101 0.0060 0.9156 0.0139 0.0087 0.0115 
          95  1 0.0102 0.0076 0.0084 0.0068 0.0049 0.9422 0.0082 0.0117 
          96  1 0.0043 0.0046 0.0053 0.0052 0.0090 0.0044 0.0049 0.9623 
          98  1 0.0081 0.4595 0.0243 0.0522 0.0142 0.0077 0.4267 0.0074 
         102  1 0.2340 0.0097 0.6807 0.0100 0.0219 0.0253 0.0127 0.0057 
         105  1 0.0087 0.9625 0.0058 0.0039 0.0046 0.0051 0.0052 0.0042 
         106  1 0.0181 0.1210 0.3599 0.3047 0.0049 0.0833 0.0920 0.0159 
         108  1 0.0435 0.8388 0.0454 0.0241 0.0087 0.0068 0.0230 0.0097 
         109  1 0.0070 0.8512 0.0301 0.0235 0.0068 0.0094 0.0551 0.0169 
         112  1 0.0153 0.0119 0.1644 0.1996 0.0360 0.0094 0.4493 0.1141 
         115  1 0.1486 0.0273 0.7106 0.0154 0.0540 0.0152 0.0205 0.0084 
         116  1 0.0159 0.0152 0.0356 0.0055 0.0084 0.0126 0.0219 0.8848 
         117  1 0.0145 0.0214 0.0395 0.0293 0.3216 0.3301 0.0298 0.2137 
         129  1 0.0070 0.0048 0.0069 0.0039 0.0082 0.0362 0.0047 0.9282 
         132  1 0.1162 0.0509 0.1553 0.0585 0.3116 0.0257 0.2756 0.0063 
         133  1 0.0066 0.4552 0.0164 0.0783 0.0101 0.0096 0.4192 0.0046 
         137  1 0.0106 0.0163 0.0239 0.7028 0.0192 0.0158 0.2020 0.0094 
         139  1 0.0118 0.0119 0.0519 0.8865 0.0077 0.0099 0.0078 0.0126 
         140  1 0.0062 0.9021 0.0151 0.0204 0.0051 0.0151 0.0292 0.0069 
         142  1 0.0072 0.0132 0.0171 0.5745 0.0118 0.0238 0.3470 0.0055 
         144  1 0.0045 0.9667 0.0046 0.0047 0.0036 0.0060 0.0064 0.0035 
         145  1 0.0068 0.0101 0.0067 0.2056 0.0044 0.0061 0.7554 0.0048 
         147  1 0.0063 0.9303 0.0095 0.0238 0.0041 0.0043 0.0138 0.0080 
         160  1 0.0075 0.0041 0.0063 0.0054 0.9552 0.0083 0.0053 0.0078 
        162*  1 0.0042 0.0047 0.0056 0.0054 0.0103 0.0042 0.0057 0.9600 
         166  1 0.0089 0.2571 0.0191 0.2210 0.0095 0.0231 0.4536 0.0078 
         177  1 0.0039 0.0037 0.0050 0.9683 0.0041 0.0039 0.0064 0.0048 
         178  1 0.0106 0.0704 0.0422 0.7474 0.0339 0.0087 0.0717 0.0153 
         186  1 0.0043 0.0041 0.0045 0.0039 0.0056 0.9677 0.0049 0.0050 
         189  1 0.0069 0.0035 0.0078 0.0074 0.0117 0.0072 0.0149 0.9406 
         190  1 0.0185 0.0095 0.0194 0.0126 0.0614 0.0397 0.0212 0.8178 
         191  1 0.0091 0.0423 0.0379 0.0218 0.0234 0.5435 0.0625 0.2594 
         193  1 0.0113 0.0126 0.0149 0.1742 0.0147 0.0322 0.7306 0.0095 
         202  1 0.0208 0.0084 0.3614 0.0078 0.3616 0.0075 0.0251 0.2075 
         204  1 0.0037 0.0043 0.0049 0.0033 0.0073 0.0289 0.0041 0.9434 
         211  1 0.0207 0.2856 0.1425 0.0520 0.2631 0.0094 0.2159 0.0108 
         216  1 0.0068 0.8055 0.0172 0.0470 0.0192 0.0049 0.0944 0.0049 
         222  1 0.0403 0.7181 0.0947 0.0135 0.0074 0.0069 0.1061 0.0131 
         224  1 0.0120 0.0118 0.0180 0.0071 0.0168 0.0181 0.0272 0.8889 
         226  1 0.0070 0.0041 0.0154 0.0053 0.0043 0.9506 0.0065 0.0068 
         229  1 0.0316 0.0352 0.1136 0.0280 0.0730 0.0088 0.0777 0.6322 
         230  1 0.0082 0.0127 0.0366 0.0366 0.0203 0.0147 0.0073 0.8636 
         232  1 0.0148 0.0228 0.1168 0.0642 0.4469 0.0593 0.1737 0.1016 
         238  1 0.1239 0.0153 0.7264 0.0511 0.0079 0.0057 0.0345 0.0353 
         242  1 0.9379 0.0078 0.0255 0.0041 0.0044 0.0059 0.0093 0.0052 
         243  1 0.2832 0.0384 0.5529 0.0274 0.0112 0.0249 0.0535 0.0085 
         244  1 0.2573 0.0075 0.5181 0.1794 0.0084 0.0057 0.0135 0.0100 
         251  1 0.0962 0.0126 0.7399 0.0164 0.0652 0.0082 0.0444 0.0171 
         266  1 0.0592 0.0152 0.4395 0.3860 0.0099 0.0089 0.0657 0.0156 
         267  1 0.0186 0.8139 0.0377 0.0114 0.0123 0.0260 0.0437 0.0362 
         268  1 0.0101 0.4611 0.0272 0.2936 0.0446 0.0077 0.1507 0.0049 
         270  1 0.0174 0.0115 0.0133 0.0076 0.0170 0.0299 0.0144 0.8888 
         276  1 0.0146 0.0647 0.0581 0.0590 0.0323 0.4512 0.0983 0.2218 
         298  1 0.0108 0.7884 0.0186 0.0996 0.0104 0.0145 0.0522 0.0054 
         306  1 0.0244 0.0940 0.1181 0.0936 0.0146 0.0081 0.6415 0.0057 
         308  1 0.0267 0.2258 0.0869 0.3629 0.0668 0.0066 0.2167 0.0076 
         311  1 0.0511 0.1578 0.4509 0.0159 0.0156 0.0080 0.2829 0.0178 
         323  1 0.0078 0.0051 0.0055 0.0044 0.0045 0.9606 0.0051 0.0071 
         327  1 0.0158 0.0140 0.0445 0.0073 0.2368 0.0166 0.0171 0.6479 
         334  1 0.7546 0.0166 0.0924 0.0069 0.0057 0.0037 0.1138 0.0064 
         338  1 0.0113 0.5018 0.1238 0.0267 0.0249 0.0175 0.2789 0.0151 
         341  1 0.0107 0.0048 0.0087 0.0068 0.0056 0.9425 0.0148 0.0063 
         346  1 0.0064 0.0090 0.0172 0.6338 0.0338 0.0117 0.2809 0.0072 
         348  1 0.0177 0.6766 0.0551 0.1641 0.0067 0.0076 0.0634 0.0088 
         351  1 0.5410 0.0113 0.2382 0.0244 0.0349 0.0165 0.1251 0.0085 
         362  1 0.0053 0.0055 0.0067 0.0053 0.0255 0.0279 0.0066 0.9172 
         364  1 0.8827 0.0109 0.0284 0.0110 0.0111 0.0111 0.0397 0.0051 
         366  1 0.4469 0.0273 0.4166 0.0180 0.0126 0.0126 0.0161 0.0499 
         376  1 0.0064 0.0061 0.0133 0.0200 0.0241 0.8770 0.0305 0.0227 
         377  1 0.0123 0.0588 0.1376 0.0129 0.3590 0.0286 0.2058 0.1850 
         378  1 0.0041 0.0071 0.0067 0.0105 0.9439 0.0089 0.0127 0.0063 
         388  1 0.0145 0.8204 0.0208 0.0115 0.0261 0.0093 0.0885 0.0089 
         391  1 0.0092 0.0231 0.0865 0.0119 0.2324 0.4119 0.2188 0.0063 
         401  1 0.0735 0.0082 0.4531 0.0866 0.0096 0.0665 0.0536 0.2488 
         406  1 0.0218 0.3311 0.1053 0.0370 0.0207 0.0888 0.3846 0.0107 
         412  1 0.0114 0.2432 0.0533 0.0275 0.0341 0.0234 0.5871 0.0200 
         413  1 0.0575 0.0192 0.0449 0.2040 0.0067 0.0039 0.6499 0.0139 
         421  1 0.0200 0.0240 0.1909 0.0524 0.0166 0.0250 0.2252 0.4459 
         423  1 0.0513 0.0398 0.1582 0.0163 0.0149 0.0140 0.1585 0.5469 
         424  1 0.0259 0.0316 0.0588 0.0385 0.0408 0.1784 0.6181 0.0079 
         426  1 0.0154 0.0135 0.0283 0.0169 0.8382 0.0237 0.0406 0.0235 
         430  1 0.0100 0.0532 0.0248 0.1446 0.0245 0.0397 0.6882 0.0149 
         435  1 0.0040 0.0575 0.0111 0.4765 0.0139 0.0045 0.4275 0.0049 
         476  1 0.0229 0.0067 0.0407 0.0248 0.0147 0.7903 0.0184 0.0814 
         478  1 0.0258 0.0094 0.0267 0.0064 0.0172 0.7280 0.0143 0.1724 
         484  1 0.0060 0.8058 0.0101 0.0321 0.0108 0.0144 0.1147 0.0061 
         489  1 0.0091 0.1051 0.0260 0.0129 0.5369 0.0095 0.2716 0.0290 
         492  1 0.7330 0.0140 0.0926 0.0110 0.0069 0.0048 0.1313 0.0064 
         493  1 0.8585 0.0070 0.0696 0.0087 0.0159 0.0091 0.0156 0.0157 
         494  1 0.6014 0.0065 0.3125 0.0082 0.0287 0.0140 0.0097 0.0190 
         500  1 0.0050 0.0038 0.0102 0.0042 0.0081 0.0150 0.0040 0.9496 
         504  1 0.0203 0.8083 0.0276 0.0110 0.0381 0.0082 0.0471 0.0393 
         506  1 0.0054 0.8983 0.0082 0.0041 0.0092 0.0110 0.0067 0.0570 
