

----------------------------------------------------
STRUCTURE by Pritchard, Stephens and Donnelly (2000)
     and Falush, Stephens and Pritchard (2003)
       Code by Pritchard, Falush and Hubisz
             Version 2.3.4 (Jul 2012)
----------------------------------------------------



Command line arguments:   bin\structure -m M:\STRUCTURE\Squirrel_133_ID_16L_20250816\10k_Burnin_100k_MCMC\mainparams -e M:\STRUCTURE\Squirrel_133_ID_16L_20250816\10k_Burnin_100k_MCMC\extraparams 
Input File:    M:\STRUCTURE\Squirrel_133_ID_16L_20250816\project_data

Run parameters:
   133 individuals
   16 loci
   8 populations assumed
   10000 Burn-in period
   100000 Reps


--------------------------------------------
Proportion of membership of each pre-defined
 population in each of the 8 clusters

Given    Inferred Clusters                                          Number of
 Pop       1      2      3      4      5      6      7      8      Individuals

  1:     0.103  0.119  0.131  0.111  0.125  0.171  0.111  0.130      133
--------------------------------------------

Allele-freq. divergence among pops (Net nucleotide distance),
computed using point estimates of P.

      1       2       3       4       5       6       7       8      
 1      -    0.0607  0.0562  0.0218  0.0401  0.0404  0.0656  0.0270  
 2   0.0607     -    0.1258  0.0938  0.1094  0.1105  0.1505  0.0736  
 3   0.0562  0.1258     -    0.0753  0.1108  0.0836  0.1084  0.0804  
 4   0.0218  0.0938  0.0753     -    0.0852  0.0757  0.1060  0.0691  
 5   0.0401  0.1094  0.1108  0.0852     -    0.0933  0.0967  0.0486  
 6   0.0404  0.1105  0.0836  0.0757  0.0933     -    0.0772  0.0827  
 7   0.0656  0.1505  0.1084  0.1060  0.0967  0.0772     -    0.0772  
 8   0.0270  0.0736  0.0804  0.0691  0.0486  0.0827  0.0772     -    

Average distances (expected heterozygosity) between individuals in same cluster:
cluster  1  : 0.6624 
cluster  2  : 0.5229 
cluster  3  : 0.4629 
cluster  4  : 0.6232 
cluster  5  : 0.5816 
cluster  6  : 0.5418 
cluster  7  : 0.4469 
cluster  8  : 0.5511 

--------------------------------------------
Estimated Ln Prob of Data   = -4756.8
Mean value of ln likelihood = -4483.5
Variance of ln likelihood   = 546.5
Mean value of alpha         = 0.0463

Mean value of lambda        = 0.9803

Mean value of Fst_1         = 0.0001
Mean value of Fst_2         = 0.2529
Mean value of Fst_3         = 0.3036
Mean value of Fst_4         = 0.1113
Mean value of Fst_5         = 0.1846
Mean value of Fst_6         = 0.2084
Mean value of Fst_7         = 0.3001
Mean value of Fst_8         = 0.2113


Inferred ancestry of individuals:
        Label (%Miss) Pop:  Inferred clusters (and 90% probability intervals)
  1       1*    (0)    1 :  0.068 0.017 0.013 0.724 0.005 0.007 0.041 0.125     (0.000,0.564) (0.000,0.109) (0.000,0.087) (0.142,1.000) (0.000,0.030) (0.000,0.042) (0.000,0.282) (0.000,0.526) 
  2        3    (0)    1 :  0.006 0.007 0.959 0.005 0.005 0.006 0.006 0.007     (0.000,0.030) (0.000,0.043) (0.818,1.000) (0.000,0.029) (0.000,0.025) (0.000,0.034) (0.000,0.031) (0.000,0.039) 
  3        6    (0)    1 :  0.011 0.017 0.893 0.005 0.012 0.023 0.010 0.031     (0.000,0.063) (0.000,0.113) (0.569,1.000) (0.000,0.027) (0.000,0.071) (0.000,0.160) (0.000,0.059) (0.000,0.223) 
  4        8    (0)    1 :  0.011 0.015 0.006 0.011 0.004 0.921 0.025 0.006     (0.000,0.072) (0.000,0.102) (0.000,0.032) (0.000,0.071) (0.000,0.025) (0.678,1.000) (0.000,0.173) (0.000,0.037) 
  5       10    (0)    1 :  0.008 0.003 0.009 0.009 0.005 0.109 0.852 0.005     (0.000,0.050) (0.000,0.019) (0.000,0.056) (0.000,0.052) (0.000,0.027) (0.000,0.497) (0.466,1.000) (0.000,0.028) 
  6       11    (0)    1 :  0.669 0.011 0.033 0.158 0.040 0.031 0.015 0.043     (0.000,1.000) (0.000,0.063) (0.000,0.240) (0.000,0.906) (0.000,0.285) (0.000,0.228) (0.000,0.099) (0.000,0.311) 
  7       12    (0)    1 :  0.005 0.005 0.005 0.004 0.005 0.006 0.962 0.008     (0.000,0.025) (0.000,0.025) (0.000,0.027) (0.000,0.022) (0.000,0.026) (0.000,0.036) (0.833,1.000) (0.000,0.047) 
  8       16    (6)    1 :  0.007 0.006 0.942 0.006 0.006 0.018 0.008 0.007     (0.000,0.038) (0.000,0.031) (0.746,1.000) (0.000,0.031) (0.000,0.034) (0.000,0.118) (0.000,0.046) (0.000,0.041) 
  9       18    (0)    1 :  0.010 0.006 0.008 0.948 0.005 0.010 0.006 0.005     (0.000,0.059) (0.000,0.035) (0.000,0.048) (0.772,1.000) (0.000,0.027) (0.000,0.064) (0.000,0.035) (0.000,0.028) 
 10       19    (0)    1 :  0.850 0.017 0.015 0.044 0.029 0.022 0.010 0.014     (0.322,1.000) (0.000,0.101) (0.000,0.100) (0.000,0.304) (0.000,0.209) (0.000,0.146) (0.000,0.057) (0.000,0.065) 
 11       21    (6)    1 :  0.010 0.006 0.929 0.006 0.008 0.023 0.009 0.009     (0.000,0.055) (0.000,0.034) (0.705,1.000) (0.000,0.034) (0.000,0.045) (0.000,0.163) (0.000,0.055) (0.000,0.052) 
 12       23    (6)    1 :  0.035 0.012 0.013 0.009 0.031 0.017 0.695 0.189     (0.000,0.232) (0.000,0.074) (0.000,0.080) (0.000,0.049) (0.000,0.218) (0.000,0.120) (0.159,1.000) (0.000,0.705) 
 13       24    (6)    1 :  0.340 0.009 0.016 0.103 0.031 0.144 0.341 0.016     (0.000,0.997) (0.000,0.054) (0.000,0.110) (0.000,0.528) (0.000,0.225) (0.000,0.701) (0.000,0.948) (0.000,0.102) 
 14       25    (6)    1 :  0.082 0.008 0.050 0.010 0.009 0.075 0.641 0.125     (0.000,0.542) (0.000,0.047) (0.000,0.294) (0.000,0.063) (0.000,0.054) (0.000,0.378) (0.152,0.996) (0.000,0.581) 
 15      26*    (0)    1 :  0.029 0.006 0.105 0.025 0.005 0.648 0.171 0.010     (0.000,0.204) (0.000,0.035) (0.000,0.550) (0.000,0.175) (0.000,0.028) (0.000,0.999) (0.000,0.577) (0.000,0.062) 
 16       28    (0)    1 :  0.013 0.006 0.071 0.008 0.007 0.740 0.141 0.014     (0.000,0.073) (0.000,0.034) (0.000,0.473) (0.000,0.046) (0.000,0.044) (0.000,1.000) (0.000,0.880) (0.000,0.096) 
 17       29    (0)    1 :  0.011 0.005 0.006 0.014 0.006 0.065 0.888 0.006     (0.000,0.066) (0.000,0.028) (0.000,0.032) (0.000,0.097) (0.000,0.030) (0.000,0.424) (0.513,1.000) (0.000,0.031) 
 18       30    (0)    1 :  0.071 0.266 0.103 0.015 0.006 0.410 0.103 0.026     (0.000,0.619) (0.000,0.632) (0.000,0.597) (0.000,0.089) (0.000,0.036) (0.000,0.942) (0.000,0.632) (0.000,0.182) 
 19       33    (0)    1 :  0.272 0.014 0.007 0.617 0.055 0.005 0.006 0.024     (0.000,0.999) (0.000,0.094) (0.000,0.036) (0.000,1.000) (0.000,0.339) (0.000,0.028) (0.000,0.037) (0.000,0.169) 
 20       37    (0)    1 :  0.013 0.006 0.013 0.917 0.009 0.008 0.026 0.008     (0.000,0.071) (0.000,0.031) (0.000,0.082) (0.664,1.000) (0.000,0.056) (0.000,0.046) (0.000,0.190) (0.000,0.049) 
 21       38    (0)    1 :  0.038 0.005 0.012 0.899 0.005 0.020 0.017 0.004     (0.000,0.237) (0.000,0.027) (0.000,0.081) (0.578,1.000) (0.000,0.029) (0.000,0.140) (0.000,0.120) (0.000,0.023) 
 22       43    (0)    1 :  0.015 0.006 0.037 0.014 0.007 0.197 0.712 0.012     (0.000,0.092) (0.000,0.034) (0.000,0.254) (0.000,0.088) (0.000,0.043) (0.000,0.623) (0.312,0.999) (0.000,0.078) 
 23       44    (0)    1 :  0.025 0.066 0.381 0.009 0.011 0.486 0.008 0.015     (0.000,0.164) (0.000,0.401) (0.000,0.724) (0.000,0.051) (0.000,0.063) (0.000,0.951) (0.000,0.046) (0.000,0.083) 
 24       48    (0)    1 :  0.009 0.006 0.013 0.950 0.004 0.006 0.007 0.005     (0.000,0.052) (0.000,0.033) (0.000,0.080) (0.780,1.000) (0.000,0.024) (0.000,0.032) (0.000,0.039) (0.000,0.029) 
 25       55    (0)    1 :  0.031 0.019 0.177 0.012 0.009 0.698 0.011 0.044     (0.000,0.201) (0.000,0.134) (0.000,0.739) (0.000,0.078) (0.000,0.055) (0.000,1.000) (0.000,0.066) (0.000,0.304) 
 26       59    (0)    1 :  0.006 0.006 0.962 0.006 0.004 0.006 0.004 0.006     (0.000,0.033) (0.000,0.032) (0.832,1.000) (0.000,0.036) (0.000,0.022) (0.000,0.036) (0.000,0.022) (0.000,0.033) 
 27       60    (0)    1 :  0.042 0.031 0.010 0.017 0.018 0.005 0.050 0.829     (0.000,0.251) (0.000,0.165) (0.000,0.055) (0.000,0.083) (0.000,0.091) (0.000,0.025) (0.000,0.332) (0.000,1.000) 
 28       61    (0)    1 :  0.018 0.043 0.018 0.009 0.589 0.010 0.008 0.306     (0.000,0.112) (0.000,0.296) (0.000,0.122) (0.000,0.052) (0.000,1.000) (0.000,0.056) (0.000,0.047) (0.000,0.985) 
 29       62    (0)    1 :  0.040 0.021 0.014 0.021 0.548 0.012 0.038 0.306     (0.000,0.259) (0.000,0.149) (0.000,0.088) (0.000,0.144) (0.000,1.000) (0.000,0.072) (0.000,0.286) (0.000,0.999) 
 30       65    (0)    1 :  0.263 0.019 0.006 0.659 0.013 0.012 0.008 0.021     (0.000,0.997) (0.000,0.136) (0.000,0.032) (0.000,1.000) (0.000,0.088) (0.000,0.076) (0.000,0.047) (0.000,0.119) 
 31       73    (0)    1 :  0.010 0.786 0.006 0.007 0.006 0.010 0.141 0.033     (0.000,0.055) (0.432,1.000) (0.000,0.036) (0.000,0.041) (0.000,0.031) (0.000,0.066) (0.000,0.483) (0.000,0.243) 
 32       75    (0)    1 :  0.035 0.045 0.011 0.011 0.878 0.009 0.005 0.006     (0.000,0.231) (0.000,0.292) (0.000,0.071) (0.000,0.072) (0.530,1.000) (0.000,0.057) (0.000,0.030) (0.000,0.028) 
 33       76    (0)    1 :  0.007 0.005 0.006 0.004 0.951 0.005 0.010 0.013     (0.000,0.039) (0.000,0.030) (0.000,0.033) (0.000,0.021) (0.780,1.000) (0.000,0.026) (0.000,0.061) (0.000,0.076) 
 34       77    (0)    1 :  0.011 0.004 0.007 0.009 0.835 0.005 0.008 0.120     (0.000,0.058) (0.000,0.022) (0.000,0.041) (0.000,0.053) (0.179,1.000) (0.000,0.026) (0.000,0.049) (0.000,0.751) 
 35       78    (0)    1 :  0.032 0.482 0.007 0.015 0.390 0.011 0.013 0.050     (0.000,0.207) (0.000,0.993) (0.000,0.042) (0.000,0.091) (0.000,0.984) (0.000,0.066) (0.000,0.087) (0.000,0.377) 
 36       79    (0)    1 :  0.038 0.055 0.005 0.009 0.869 0.006 0.005 0.012     (0.000,0.266) (0.000,0.334) (0.000,0.026) (0.000,0.058) (0.523,1.000) (0.000,0.039) (0.000,0.025) (0.000,0.069) 
 37       84    (0)    1 :  0.051 0.018 0.611 0.016 0.035 0.091 0.106 0.071     (0.000,0.355) (0.000,0.126) (0.229,0.970) (0.000,0.110) (0.000,0.256) (0.000,0.414) (0.000,0.536) (0.000,0.421) 
 38       85    (0)    1 :  0.020 0.015 0.011 0.010 0.008 0.915 0.007 0.013     (0.000,0.101) (0.000,0.101) (0.000,0.072) (0.000,0.062) (0.000,0.047) (0.657,1.000) (0.000,0.043) (0.000,0.077) 
 39       86    (0)    1 :  0.095 0.019 0.006 0.012 0.012 0.831 0.012 0.013     (0.000,0.583) (0.000,0.135) (0.000,0.032) (0.000,0.073) (0.000,0.077) (0.338,1.000) (0.000,0.085) (0.000,0.084) 
 40       89    (0)    1 :  0.064 0.010 0.511 0.024 0.049 0.013 0.229 0.098     (0.000,0.459) (0.000,0.061) (0.000,0.896) (0.000,0.163) (0.000,0.337) (0.000,0.080) (0.000,0.689) (0.000,0.556) 
 41       94    (0)    1 :  0.010 0.004 0.013 0.033 0.007 0.012 0.913 0.008     (0.000,0.059) (0.000,0.025) (0.000,0.086) (0.000,0.237) (0.000,0.039) (0.000,0.076) (0.645,1.000) (0.000,0.047) 
 42       95    (0)    1 :  0.008 0.008 0.940 0.011 0.005 0.012 0.005 0.012     (0.000,0.048) (0.000,0.045) (0.741,1.000) (0.000,0.064) (0.000,0.027) (0.000,0.070) (0.000,0.027) (0.000,0.072) 
 43       96    (0)    1 :  0.006 0.004 0.004 0.004 0.006 0.962 0.009 0.005     (0.000,0.030) (0.000,0.024) (0.000,0.023) (0.000,0.024) (0.000,0.030) (0.832,1.000) (0.000,0.052) (0.000,0.027) 
 44       98    (0)    1 :  0.013 0.123 0.006 0.006 0.026 0.006 0.008 0.811     (0.000,0.068) (0.000,0.960) (0.000,0.031) (0.000,0.034) (0.000,0.145) (0.000,0.033) (0.000,0.046) (0.000,1.000) 
 45      102    (0)    1 :  0.654 0.009 0.027 0.255 0.013 0.006 0.021 0.016     (0.000,1.000) (0.000,0.055) (0.000,0.205) (0.000,0.966) (0.000,0.086) (0.000,0.033) (0.000,0.148) (0.000,0.097) 
 46      105    (0)    1 :  0.005 0.966 0.005 0.006 0.004 0.004 0.005 0.004     (0.000,0.027) (0.849,1.000) (0.000,0.028) (0.000,0.038) (0.000,0.023) (0.000,0.023) (0.000,0.028) (0.000,0.024) 
 47      106    (0)    1 :  0.326 0.116 0.084 0.015 0.392 0.019 0.005 0.042     (0.000,0.998) (0.000,0.528) (0.000,0.404) (0.000,0.095) (0.000,0.984) (0.000,0.142) (0.000,0.029) (0.000,0.323) 
 48      108    (0)    1 :  0.045 0.825 0.008 0.053 0.023 0.009 0.009 0.029     (0.000,0.311) (0.474,1.000) (0.000,0.044) (0.000,0.329) (0.000,0.165) (0.000,0.055) (0.000,0.051) (0.000,0.199) 
 49      109    (0)    1 :  0.066 0.660 0.012 0.009 0.032 0.020 0.006 0.195     (0.000,0.491) (0.000,1.000) (0.000,0.074) (0.000,0.051) (0.000,0.229) (0.000,0.145) (0.000,0.035) (0.000,0.846) 
 50      112    (0)    1 :  0.203 0.010 0.009 0.018 0.262 0.112 0.051 0.335     (0.000,0.977) (0.000,0.057) (0.000,0.050) (0.000,0.116) (0.000,0.968) (0.000,0.525) (0.000,0.364) (0.000,0.983) 
 51      115    (0)    1 :  0.708 0.021 0.017 0.143 0.013 0.009 0.051 0.039     (0.000,1.000) (0.000,0.143) (0.000,0.117) (0.000,0.909) (0.000,0.074) (0.000,0.051) (0.000,0.335) (0.000,0.267) 
 52      116    (0)    1 :  0.036 0.020 0.012 0.016 0.008 0.892 0.008 0.008     (0.000,0.240) (0.000,0.143) (0.000,0.067) (0.000,0.108) (0.000,0.047) (0.566,1.000) (0.000,0.043) (0.000,0.045) 
 53      117    (0)    1 :  0.031 0.016 0.349 0.013 0.022 0.217 0.304 0.047     (0.000,0.205) (0.000,0.098) (0.000,0.924) (0.000,0.085) (0.000,0.151) (0.000,0.730) (0.000,0.987) (0.000,0.356) 
 54      129    (0)    1 :  0.008 0.005 0.040 0.008 0.004 0.921 0.008 0.006     (0.000,0.043) (0.000,0.028) (0.000,0.273) (0.000,0.046) (0.000,0.020) (0.665,1.000) (0.000,0.046) (0.000,0.037) 
 55      132    (0)    1 :  0.072 0.023 0.021 0.109 0.014 0.007 0.229 0.526     (0.000,0.556) (0.000,0.143) (0.000,0.149) (0.000,0.583) (0.000,0.087) (0.000,0.039) (0.000,0.739) (0.000,0.999) 
 56      133    (0)    1 :  0.010 0.124 0.006 0.005 0.036 0.004 0.007 0.807     (0.000,0.047) (0.000,0.967) (0.000,0.034) (0.000,0.029) (0.000,0.241) (0.000,0.022) (0.000,0.041) (0.000,1.000) 
 57      137    (6)    1 :  0.027 0.010 0.017 0.009 0.473 0.011 0.022 0.432     (0.000,0.167) (0.000,0.059) (0.000,0.107) (0.000,0.049) (0.000,0.999) (0.000,0.072) (0.000,0.154) (0.000,0.998) 
 58      139    (0)    1 :  0.046 0.013 0.011 0.013 0.884 0.017 0.009 0.007     (0.000,0.310) (0.000,0.082) (0.000,0.070) (0.000,0.087) (0.544,1.000) (0.000,0.125) (0.000,0.058) (0.000,0.039) 
 59      140    (0)    1 :  0.021 0.796 0.022 0.007 0.032 0.008 0.007 0.107     (0.000,0.130) (0.328,1.000) (0.000,0.158) (0.000,0.042) (0.000,0.220) (0.000,0.047) (0.000,0.036) (0.000,0.583) 
 60      142    (0)    1 :  0.013 0.009 0.020 0.006 0.792 0.005 0.012 0.143     (0.000,0.069) (0.000,0.054) (0.000,0.139) (0.000,0.036) (0.092,1.000) (0.000,0.030) (0.000,0.074) (0.000,0.817) 
 61      144    (0)    1 :  0.005 0.964 0.006 0.004 0.005 0.004 0.004 0.008     (0.000,0.030) (0.841,1.000) (0.000,0.036) (0.000,0.024) (0.000,0.030) (0.000,0.019) (0.000,0.021) (0.000,0.046) 
 62      145    (0)    1 :  0.012 0.013 0.008 0.008 0.647 0.005 0.006 0.301     (0.000,0.056) (0.000,0.088) (0.000,0.044) (0.000,0.045) (0.000,1.000) (0.000,0.027) (0.000,0.034) (0.000,1.000) 
 63      147    (0)    1 :  0.010 0.915 0.005 0.009 0.040 0.008 0.005 0.010     (0.000,0.060) (0.638,1.000) (0.000,0.026) (0.000,0.049) (0.000,0.277) (0.000,0.046) (0.000,0.025) (0.000,0.060) 
 64      160    (0)    1 :  0.006 0.004 0.010 0.008 0.005 0.009 0.952 0.005     (0.000,0.036) (0.000,0.025) (0.000,0.058) (0.000,0.045) (0.000,0.029) (0.000,0.047) (0.792,1.000) (0.000,0.031) 
 65     162*    (0)    1 :  0.005 0.005 0.004 0.004 0.006 0.959 0.011 0.005     (0.000,0.030) (0.000,0.026) (0.000,0.022) (0.000,0.025) (0.000,0.032) (0.818,1.000) (0.000,0.066) (0.000,0.030) 
 66      166    (0)    1 :  0.013 0.081 0.018 0.007 0.032 0.008 0.008 0.833     (0.000,0.062) (0.000,0.803) (0.000,0.120) (0.000,0.041) (0.000,0.173) (0.000,0.045) (0.000,0.033) (0.000,1.000) 
 67      177    (0)    1 :  0.007 0.004 0.004 0.004 0.965 0.006 0.005 0.006     (0.000,0.035) (0.000,0.019) (0.000,0.024) (0.000,0.022) (0.844,1.000) (0.000,0.032) (0.000,0.029) (0.000,0.031) 
 68      178    (0)    1 :  0.043 0.033 0.009 0.011 0.775 0.015 0.039 0.075     (0.000,0.298) (0.000,0.233) (0.000,0.054) (0.000,0.070) (0.240,1.000) (0.000,0.100) (0.000,0.277) (0.000,0.522) 
 69      186    (0)    1 :  0.004 0.004 0.966 0.004 0.004 0.006 0.006 0.006     (0.000,0.024) (0.000,0.022) (0.850,1.000) (0.000,0.024) (0.000,0.022) (0.000,0.032) (0.000,0.031) (0.000,0.030) 
 70      189    (0)    1 :  0.008 0.004 0.007 0.007 0.010 0.943 0.013 0.008     (0.000,0.044) (0.000,0.021) (0.000,0.043) (0.000,0.036) (0.000,0.059) (0.751,1.000) (0.000,0.087) (0.000,0.038) 
 71      190    (0)    1 :  0.020 0.009 0.040 0.018 0.012 0.819 0.056 0.025     (0.000,0.132) (0.000,0.055) (0.000,0.274) (0.000,0.126) (0.000,0.081) (0.407,1.000) (0.000,0.400) (0.000,0.184) 
 72      191    (0)    1 :  0.040 0.050 0.554 0.009 0.036 0.255 0.027 0.028     (0.000,0.285) (0.000,0.312) (0.000,0.972) (0.000,0.051) (0.000,0.260) (0.000,0.871) (0.000,0.197) (0.000,0.205) 
 73      193    (0)    1 :  0.026 0.020 0.042 0.014 0.552 0.011 0.019 0.317     (0.000,0.137) (0.000,0.147) (0.000,0.293) (0.000,0.086) (0.000,1.000) (0.000,0.064) (0.000,0.119) (0.000,1.000) 
 74      202    (0)    1 :  0.346 0.008 0.008 0.022 0.009 0.198 0.385 0.024     (0.000,0.991) (0.000,0.049) (0.000,0.048) (0.000,0.157) (0.000,0.058) (0.000,0.675) (0.000,0.876) (0.000,0.159) 
 75      204    (0)    1 :  0.005 0.004 0.033 0.004 0.004 0.938 0.008 0.004     (0.000,0.028) (0.000,0.025) (0.000,0.230) (0.000,0.021) (0.000,0.019) (0.708,1.000) (0.000,0.043) (0.000,0.022) 
 76      211    (0)    1 :  0.136 0.158 0.010 0.024 0.049 0.011 0.241 0.372     (0.000,0.889) (0.000,0.816) (0.000,0.060) (0.000,0.163) (0.000,0.309) (0.000,0.070) (0.000,0.756) (0.000,0.986) 
 77      216    (0)    1 :  0.021 0.608 0.005 0.006 0.033 0.005 0.020 0.301     (0.000,0.135) (0.003,1.000) (0.000,0.026) (0.000,0.034) (0.000,0.221) (0.000,0.028) (0.000,0.144) (0.000,0.873) 
 78      222    (0)    1 :  0.130 0.709 0.008 0.056 0.021 0.015 0.008 0.054     (0.000,0.767) (0.015,1.000) (0.000,0.049) (0.000,0.357) (0.000,0.133) (0.000,0.090) (0.000,0.042) (0.000,0.444) 
 79      224    (0)    1 :  0.017 0.013 0.016 0.011 0.010 0.905 0.016 0.012     (0.000,0.087) (0.000,0.091) (0.000,0.098) (0.000,0.066) (0.000,0.057) (0.611,1.000) (0.000,0.107) (0.000,0.059) 
 80      226    (0)    1 :  0.016 0.004 0.950 0.007 0.005 0.007 0.004 0.008     (0.000,0.108) (0.000,0.022) (0.782,1.000) (0.000,0.039) (0.000,0.025) (0.000,0.038) (0.000,0.022) (0.000,0.050) 
 81      229    (0)    1 :  0.137 0.026 0.009 0.029 0.048 0.611 0.083 0.059     (0.000,0.858) (0.000,0.190) (0.000,0.055) (0.000,0.210) (0.000,0.284) (0.000,0.986) (0.000,0.546) (0.000,0.338) 
 82      230    (0)    1 :  0.039 0.012 0.015 0.008 0.032 0.863 0.024 0.008     (0.000,0.258) (0.000,0.081) (0.000,0.100) (0.000,0.043) (0.000,0.210) (0.537,1.000) (0.000,0.161) (0.000,0.052) 
 83      232    (0)    1 :  0.107 0.020 0.069 0.012 0.084 0.105 0.476 0.127     (0.000,0.726) (0.000,0.147) (0.000,0.399) (0.000,0.070) (0.000,0.483) (0.000,0.582) (0.000,0.932) (0.000,0.564) 
 84      238    (0)    1 :  0.753 0.013 0.006 0.110 0.050 0.033 0.008 0.028     (0.000,1.000) (0.000,0.088) (0.000,0.032) (0.000,0.714) (0.000,0.343) (0.000,0.240) (0.000,0.045) (0.000,0.183) 
 85      242    (0)    1 :  0.021 0.008 0.006 0.944 0.004 0.005 0.004 0.007     (0.000,0.095) (0.000,0.047) (0.000,0.034) (0.770,1.000) (0.000,0.022) (0.000,0.030) (0.000,0.025) (0.000,0.043) 
 86      243    (0)    1 :  0.536 0.018 0.023 0.242 0.017 0.009 0.010 0.144     (0.000,1.000) (0.000,0.116) (0.000,0.165) (0.000,0.939) (0.000,0.116) (0.000,0.053) (0.000,0.062) (0.000,0.675) 
 87      244    (0)    1 :  0.661 0.007 0.006 0.185 0.100 0.010 0.009 0.022     (0.000,1.000) (0.000,0.040) (0.000,0.033) (0.000,0.842) (0.000,0.525) (0.000,0.062) (0.000,0.055) (0.000,0.126) 
 88      251    (0)    1 :  0.711 0.012 0.009 0.106 0.028 0.018 0.081 0.035     (0.000,1.000) (0.000,0.070) (0.000,0.050) (0.000,0.753) (0.000,0.189) (0.000,0.117) (0.000,0.494) (0.000,0.246) 
 89      266    (0)    1 :  0.569 0.011 0.009 0.047 0.254 0.013 0.008 0.090     (0.000,1.000) (0.000,0.069) (0.000,0.049) (0.000,0.322) (0.000,0.824) (0.000,0.084) (0.000,0.046) (0.000,0.534) 
 90      267    (0)    1 :  0.055 0.660 0.032 0.023 0.015 0.045 0.012 0.159     (0.000,0.411) (0.000,1.000) (0.000,0.232) (0.000,0.160) (0.000,0.092) (0.000,0.293) (0.000,0.079) (0.000,0.712) 
 91      268    (0)    1 :  0.039 0.187 0.007 0.009 0.337 0.005 0.045 0.370     (0.000,0.237) (0.000,0.960) (0.000,0.042) (0.000,0.052) (0.000,0.990) (0.000,0.028) (0.000,0.311) (0.000,0.997) 
 92      270    (0)    1 :  0.013 0.011 0.027 0.016 0.010 0.894 0.018 0.012     (0.000,0.074) (0.000,0.072) (0.000,0.198) (0.000,0.110) (0.000,0.057) (0.577,1.000) (0.000,0.121) (0.000,0.077) 
 93      276    (0)    1 :  0.070 0.062 0.439 0.014 0.071 0.211 0.030 0.103     (0.000,0.524) (0.000,0.397) (0.000,0.905) (0.000,0.089) (0.000,0.417) (0.000,0.916) (0.000,0.215) (0.000,0.564) 
 94      298    (6)    1 :  0.025 0.708 0.018 0.012 0.144 0.006 0.014 0.072     (0.000,0.178) (0.149,1.000) (0.000,0.129) (0.000,0.077) (0.000,0.643) (0.000,0.033) (0.000,0.097) (0.000,0.484) 
 95      306    (0)    1 :  0.060 0.031 0.010 0.019 0.074 0.007 0.010 0.789     (0.000,0.426) (0.000,0.200) (0.000,0.061) (0.000,0.133) (0.000,0.424) (0.000,0.042) (0.000,0.044) (0.234,1.000) 
 96      308    (0)    1 :  0.092 0.124 0.006 0.027 0.582 0.008 0.090 0.070     (0.000,0.715) (0.000,0.632) (0.000,0.038) (0.000,0.190) (0.000,0.999) (0.000,0.050) (0.000,0.440) (0.000,0.471) 
 97      311    (6)    1 :  0.383 0.103 0.008 0.048 0.028 0.019 0.020 0.391     (0.000,1.000) (0.000,0.724) (0.000,0.048) (0.000,0.322) (0.000,0.184) (0.000,0.119) (0.000,0.135) (0.000,0.999) 
 98      323    (0)    1 :  0.006 0.006 0.959 0.008 0.004 0.007 0.005 0.005     (0.000,0.033) (0.000,0.031) (0.823,1.000) (0.000,0.048) (0.000,0.025) (0.000,0.039) (0.000,0.025) (0.000,0.027) 
 99      327    (0)    1 :  0.047 0.011 0.017 0.016 0.007 0.658 0.219 0.025     (0.000,0.339) (0.000,0.068) (0.000,0.122) (0.000,0.105) (0.000,0.042) (0.000,1.000) (0.000,0.750) (0.000,0.184) 
100      334    (0)    1 :  0.054 0.015 0.004 0.891 0.010 0.006 0.006 0.015     (0.000,0.374) (0.000,0.101) (0.000,0.021) (0.474,1.000) (0.000,0.060) (0.000,0.034) (0.000,0.032) (0.000,0.098) 
101      338    (0)    1 :  0.163 0.313 0.018 0.013 0.048 0.018 0.027 0.399     (0.000,0.958) (0.000,0.988) (0.000,0.119) (0.000,0.078) (0.000,0.340) (0.000,0.127) (0.000,0.189) (0.000,0.992) 
102      341    (0)    1 :  0.009 0.005 0.937 0.011 0.006 0.007 0.006 0.020     (0.000,0.052) (0.000,0.026) (0.734,1.000) (0.000,0.067) (0.000,0.032) (0.000,0.040) (0.000,0.033) (0.000,0.141) 
103      346    (0)    1 :  0.015 0.007 0.011 0.006 0.286 0.007 0.039 0.628     (0.000,0.083) (0.000,0.037) (0.000,0.064) (0.000,0.032) (0.000,0.997) (0.000,0.041) (0.000,0.280) (0.000,1.000) 
104      348    (0)    1 :  0.059 0.525 0.008 0.016 0.334 0.009 0.007 0.043     (0.000,0.439) (0.000,0.998) (0.000,0.045) (0.000,0.107) (0.000,0.963) (0.000,0.053) (0.000,0.038) (0.000,0.309) 
105      351    (0)    1 :  0.196 0.009 0.018 0.535 0.014 0.009 0.041 0.179     (0.000,0.990) (0.000,0.050) (0.000,0.122) (0.000,1.000) (0.000,0.082) (0.000,0.052) (0.000,0.288) (0.000,0.932) 
106      362    (0)    1 :  0.008 0.006 0.025 0.005 0.005 0.920 0.025 0.006     (0.000,0.042) (0.000,0.031) (0.000,0.181) (0.000,0.031) (0.000,0.029) (0.646,1.000) (0.000,0.169) (0.000,0.035) 
107      364    (0)    1 :  0.035 0.009 0.012 0.867 0.015 0.005 0.011 0.047     (0.000,0.194) (0.000,0.056) (0.000,0.075) (0.500,1.000) (0.000,0.095) (0.000,0.031) (0.000,0.070) (0.000,0.314) 
108      366    (0)    1 :  0.387 0.033 0.013 0.451 0.010 0.052 0.013 0.041     (0.000,1.000) (0.000,0.239) (0.000,0.078) (0.000,0.999) (0.000,0.057) (0.000,0.368) (0.000,0.079) (0.000,0.296) 
109      376    (0)    1 :  0.012 0.006 0.880 0.006 0.022 0.022 0.028 0.025     (0.000,0.074) (0.000,0.033) (0.580,1.000) (0.000,0.033) (0.000,0.155) (0.000,0.152) (0.000,0.200) (0.000,0.177) 
110      377    (6)    1 :  0.130 0.073 0.030 0.013 0.019 0.197 0.445 0.093     (0.000,0.798) (0.000,0.419) (0.000,0.206) (0.000,0.076) (0.000,0.112) (0.000,0.744) (0.000,0.970) (0.000,0.722) 
111      378    (0)    1 :  0.007 0.007 0.010 0.004 0.012 0.006 0.943 0.012     (0.000,0.036) (0.000,0.039) (0.000,0.061) (0.000,0.022) (0.000,0.080) (0.000,0.035) (0.754,1.000) (0.000,0.073) 
112      388    (0)    1 :  0.041 0.549 0.010 0.018 0.014 0.011 0.030 0.327     (0.000,0.287) (0.000,1.000) (0.000,0.062) (0.000,0.122) (0.000,0.081) (0.000,0.066) (0.000,0.228) (0.000,0.994) 
113      391    (0)    1 :  0.059 0.020 0.425 0.009 0.014 0.006 0.243 0.223     (0.000,0.446) (0.000,0.140) (0.000,0.824) (0.000,0.049) (0.000,0.085) (0.000,0.036) (0.000,0.624) (0.000,0.793) 
114      401    (0)    1 :  0.468 0.007 0.073 0.059 0.128 0.223 0.010 0.032     (0.000,1.000) (0.000,0.039) (0.000,0.482) (0.000,0.416) (0.000,0.572) (0.000,0.683) (0.000,0.060) (0.000,0.230) 
115      406    (0)    1 :  0.067 0.109 0.074 0.022 0.025 0.010 0.017 0.676     (0.000,0.525) (0.000,0.780) (0.000,0.485) (0.000,0.149) (0.000,0.176) (0.000,0.062) (0.000,0.103) (0.000,1.000) 
116      412    (6)    1 :  0.051 0.080 0.018 0.010 0.032 0.016 0.028 0.766     (0.000,0.377) (0.000,0.690) (0.000,0.118) (0.000,0.056) (0.000,0.214) (0.000,0.105) (0.000,0.195) (0.000,1.000) 
117      413    (0)    1 :  0.060 0.028 0.004 0.049 0.590 0.016 0.008 0.245     (0.000,0.440) (0.000,0.203) (0.000,0.020) (0.000,0.312) (0.000,1.000) (0.000,0.108) (0.000,0.046) (0.000,0.994) 
118      421    (0)    1 :  0.193 0.026 0.023 0.024 0.098 0.502 0.016 0.117     (0.000,0.980) (0.000,0.189) (0.000,0.169) (0.000,0.179) (0.000,0.526) (0.000,0.982) (0.000,0.100) (0.000,0.597) 
119      423    (0)    1 :  0.124 0.079 0.014 0.056 0.029 0.632 0.018 0.048     (0.000,0.915) (0.000,0.460) (0.000,0.089) (0.000,0.378) (0.000,0.216) (0.000,1.000) (0.000,0.118) (0.000,0.393) 
120      424    (0)    1 :  0.047 0.025 0.169 0.024 0.051 0.009 0.048 0.626     (0.000,0.340) (0.000,0.173) (0.000,0.790) (0.000,0.170) (0.000,0.380) (0.000,0.057) (0.000,0.343) (0.000,1.000) 
121      426    (0)    1 :  0.031 0.012 0.028 0.015 0.018 0.027 0.835 0.033     (0.000,0.215) (0.000,0.074) (0.000,0.203) (0.000,0.106) (0.000,0.127) (0.000,0.187) (0.443,1.000) (0.000,0.241) 
122      430   (12)    1 :  0.020 0.024 0.044 0.009 0.175 0.018 0.020 0.690     (0.000,0.113) (0.000,0.157) (0.000,0.318) (0.000,0.050) (0.000,0.847) (0.000,0.115) (0.000,0.116) (0.000,1.000) 
123      435    (0)    1 :  0.008 0.027 0.005 0.004 0.797 0.005 0.014 0.139     (0.000,0.045) (0.000,0.182) (0.000,0.024) (0.000,0.023) (0.162,1.000) (0.000,0.028) (0.000,0.090) (0.000,0.743) 
124      476    (0)    1 :  0.045 0.006 0.786 0.020 0.023 0.088 0.016 0.016     (0.000,0.303) (0.000,0.033) (0.406,1.000) (0.000,0.144) (0.000,0.160) (0.000,0.453) (0.000,0.115) (0.000,0.108) 
125      478    (0)    1 :  0.026 0.008 0.722 0.026 0.006 0.178 0.018 0.015     (0.000,0.192) (0.000,0.050) (0.370,0.997) (0.000,0.186) (0.000,0.037) (0.000,0.549) (0.000,0.120) (0.000,0.101) 
126      484    (0)    1 :  0.016 0.585 0.017 0.006 0.027 0.006 0.011 0.332     (0.000,0.091) (0.000,1.000) (0.000,0.116) (0.000,0.033) (0.000,0.198) (0.000,0.035) (0.000,0.066) (0.000,0.890) 
127      489    (0)    1 :  0.029 0.133 0.012 0.009 0.018 0.034 0.643 0.122     (0.000,0.186) (0.000,0.537) (0.000,0.074) (0.000,0.052) (0.000,0.096) (0.000,0.251) (0.000,1.000) (0.000,0.934) 
128      492   (18)    1 :  0.060 0.014 0.005 0.854 0.014 0.006 0.008 0.039     (0.000,0.572) (0.000,0.089) (0.000,0.029) (0.193,1.000) (0.000,0.090) (0.000,0.032) (0.000,0.043) (0.000,0.282) 
129      493    (0)    1 :  0.064 0.006 0.009 0.862 0.010 0.016 0.017 0.016     (0.000,0.456) (0.000,0.037) (0.000,0.055) (0.458,1.000) (0.000,0.063) (0.000,0.110) (0.000,0.118) (0.000,0.115) 
130      494    (0)    1 :  0.279 0.007 0.016 0.622 0.010 0.025 0.034 0.007     (0.000,0.998) (0.000,0.042) (0.000,0.111) (0.000,1.000) (0.000,0.063) (0.000,0.180) (0.000,0.245) (0.000,0.038) 
131      500    (0)    1 :  0.011 0.004 0.018 0.005 0.004 0.947 0.008 0.005     (0.000,0.059) (0.000,0.020) (0.000,0.121) (0.000,0.025) (0.000,0.020) (0.760,1.000) (0.000,0.044) (0.000,0.025) 
132      504    (0)    1 :  0.063 0.659 0.009 0.024 0.013 0.047 0.053 0.131     (0.000,0.443) (0.003,0.999) (0.000,0.058) (0.000,0.171) (0.000,0.082) (0.000,0.297) (0.000,0.319) (0.000,0.697) 
133      506    (0)    1 :  0.009 0.884 0.010 0.005 0.005 0.066 0.010 0.011     (0.000,0.049) (0.550,1.000) (0.000,0.063) (0.000,0.028) (0.000,0.025) (0.000,0.373) (0.000,0.062) (0.000,0.056) 


Estimated Allele Frequencies in each cluster
First column gives estimated ancestral frequencies


Locus 1 : Rsu3 
3 alleles
0.0% missing data
 164   (0.559) 0.560 0.412 0.496 0.497 0.540 0.634 0.611 0.504 
 166   (0.248) 0.248 0.550 0.098 0.218 0.250 0.076 0.278 0.383 
 170   (0.192) 0.192 0.039 0.406 0.285 0.211 0.290 0.111 0.113 

Locus 2 : Rsu5 
5 alleles
0.0% missing data
 137   (0.740) 0.740 0.399 0.973 0.578 0.800 0.962 0.894 0.883 
 135   (0.089) 0.089 0.014 0.014 0.109 0.041 0.008 0.063 0.074 
 139   (0.107) 0.107 0.012 0.009 0.275 0.075 0.024 0.037 0.023 
 133   (0.022) 0.022 0.002 0.001 0.029 0.003 0.002 0.002 0.003 
 131   (0.043) 0.042 0.574 0.003 0.010 0.081 0.004 0.004 0.017 

Locus 3 : Scv1 
5 alleles
0.0% missing data
 181   (0.541) 0.541 0.374 0.953 0.636 0.339 0.642 0.762 0.349 
 179   (0.188) 0.188 0.094 0.021 0.249 0.247 0.118 0.074 0.313 
 177   (0.111) 0.111 0.194 0.012 0.051 0.068 0.012 0.149 0.260 
 185   (0.129) 0.129 0.335 0.012 0.049 0.341 0.225 0.012 0.074 
 171   (0.031) 0.031 0.003 0.002 0.015 0.004 0.003 0.003 0.004 

Locus 4 : Rsu4 
9 alleles
0.0% missing data
 267   (0.193) 0.193 0.136 0.144 0.391 0.076 0.297 0.073 0.050 
 263   (0.306) 0.306 0.369 0.474 0.264 0.453 0.227 0.793 0.464 
 259   (0.050) 0.050 0.006 0.269 0.012 0.007 0.207 0.035 0.008 
 287   (0.179) 0.180 0.170 0.094 0.090 0.071 0.223 0.063 0.361 
 275   (0.039) 0.039 0.004 0.003 0.128 0.008 0.003 0.003 0.005 
 279   (0.090) 0.091 0.010 0.007 0.038 0.228 0.010 0.014 0.020 
 283   (0.073) 0.073 0.298 0.005 0.032 0.148 0.006 0.007 0.081 
 291   (0.041) 0.041 0.005 0.003 0.013 0.006 0.023 0.010 0.006 
 271   (0.028) 0.028 0.003 0.002 0.031 0.004 0.002 0.003 0.004 

Locus 5 : Rsu6 
5 alleles
0.0% missing data
 120   (0.227) 0.227 0.081 0.283 0.203 0.205 0.258 0.507 0.350 
 126   (0.649) 0.650 0.906 0.585 0.633 0.778 0.471 0.446 0.636 
 124   (0.079) 0.079 0.009 0.129 0.046 0.012 0.250 0.044 0.010 
 130   (0.024) 0.024 0.002 0.002 0.112 0.003 0.002 0.002 0.003 
 114   (0.020) 0.020 0.002 0.002 0.005 0.003 0.018 0.002 0.002 

Locus 6 : Scv12 
3 alleles
1.5% missing data
 198   (0.577) 0.577 0.397 0.693 0.774 0.712 0.316 0.422 0.630 
 196   (0.262) 0.262 0.543 0.285 0.100 0.174 0.176 0.268 0.335 
 200   (0.160) 0.160 0.060 0.022 0.126 0.113 0.508 0.310 0.035 

Locus 7 : Scv23 
3 alleles
0.8% missing data
 158   (0.528) 0.528 0.805 0.363 0.481 0.583 0.733 0.492 0.482 
 164   (0.180) 0.180 0.110 0.436 0.310 0.029 0.060 0.111 0.220 
 160   (0.291) 0.291 0.084 0.201 0.209 0.388 0.207 0.398 0.298 

Locus 8 : Scv13 
5 alleles
0.0% missing data
 182   (0.704) 0.704 0.907 0.786 0.757 0.602 0.913 0.966 0.904 
 180   (0.095) 0.096 0.010 0.183 0.082 0.016 0.066 0.017 0.015 
 172   (0.084) 0.084 0.070 0.006 0.036 0.258 0.007 0.007 0.054 
 184   (0.068) 0.068 0.008 0.022 0.112 0.014 0.009 0.006 0.018 
 174   (0.049) 0.049 0.005 0.003 0.013 0.111 0.004 0.004 0.009 

Locus 9 : Scv32 
18 alleles
0.8% missing data
 236   (0.045) 0.045 0.004 0.003 0.134 0.006 0.004 0.004 0.007 
 238   (0.041) 0.041 0.073 0.003 0.027 0.008 0.003 0.009 0.181 
 234   (0.134) 0.134 0.081 0.334 0.041 0.633 0.019 0.118 0.367 
 246   (0.049) 0.049 0.007 0.306 0.013 0.012 0.183 0.013 0.010 
 248   (0.088) 0.088 0.022 0.007 0.165 0.013 0.146 0.384 0.032 
 262   (0.114) 0.114 0.034 0.012 0.039 0.041 0.274 0.136 0.115 
 232   (0.171) 0.171 0.500 0.178 0.401 0.082 0.121 0.017 0.092 
 250   (0.025) 0.025 0.003 0.003 0.006 0.003 0.003 0.267 0.008 
 228   (0.026) 0.027 0.003 0.002 0.010 0.004 0.002 0.003 0.003 
 220   (0.046) 0.046 0.005 0.072 0.012 0.007 0.206 0.008 0.006 
 264   (0.053) 0.053 0.006 0.042 0.042 0.021 0.005 0.009 0.094 
 252   (0.043) 0.042 0.091 0.003 0.011 0.077 0.017 0.004 0.011 
 254   (0.048) 0.048 0.088 0.003 0.036 0.074 0.004 0.008 0.028 
 242   (0.025) 0.025 0.002 0.002 0.031 0.003 0.002 0.002 0.003 
 266   (0.027) 0.027 0.030 0.002 0.008 0.005 0.002 0.002 0.030 
 244   (0.027) 0.027 0.048 0.002 0.010 0.004 0.005 0.011 0.009 
 226   (0.020) 0.020 0.002 0.024 0.005 0.003 0.002 0.002 0.003 
 240   (0.019) 0.019 0.002 0.001 0.009 0.004 0.002 0.002 0.002 

Locus 10 : Scv8 
6 alleles
0.8% missing data
 200   (0.625) 0.625 0.625 0.826 0.667 0.398 0.695 0.831 0.780 
 202   (0.095) 0.095 0.061 0.007 0.178 0.060 0.008 0.009 0.079 
 194   (0.086) 0.086 0.009 0.154 0.026 0.129 0.098 0.022 0.086 
 204   (0.049) 0.049 0.005 0.004 0.017 0.008 0.035 0.118 0.007 
 198   (0.073) 0.073 0.009 0.005 0.079 0.015 0.157 0.014 0.018 
 188   (0.073) 0.073 0.291 0.005 0.032 0.389 0.006 0.006 0.029 

Locus 11 : Scv9 
5 alleles
0.0% missing data
 198   (0.310) 0.310 0.319 0.421 0.221 0.499 0.104 0.513 0.577 
 200   (0.322) 0.322 0.320 0.356 0.537 0.120 0.577 0.361 0.095 
 196   (0.303) 0.303 0.351 0.049 0.226 0.275 0.314 0.120 0.319 
 204   (0.043) 0.043 0.006 0.172 0.010 0.082 0.004 0.004 0.007 
 202   (0.021) 0.021 0.003 0.001 0.005 0.025 0.002 0.002 0.003 

Locus 12 : Rsu1 
6 alleles
0.0% missing data
 189   (0.316) 0.316 0.098 0.504 0.569 0.270 0.057 0.058 0.246 
 185   (0.272) 0.272 0.792 0.172 0.200 0.171 0.234 0.063 0.527 
 177   (0.078) 0.078 0.065 0.009 0.024 0.040 0.142 0.010 0.015 
 181   (0.246) 0.246 0.035 0.056 0.184 0.506 0.186 0.793 0.199 
 193   (0.050) 0.050 0.005 0.032 0.013 0.008 0.280 0.073 0.009 
 197   (0.039) 0.038 0.004 0.227 0.009 0.005 0.100 0.004 0.005 

Locus 13 : Scv14 
7 alleles
4.5% missing data
 196   (0.523) 0.523 0.590 0.932 0.423 0.681 0.814 0.888 0.532 
 198   (0.085) 0.085 0.032 0.007 0.109 0.045 0.007 0.016 0.196 
 194   (0.140) 0.140 0.055 0.019 0.216 0.183 0.048 0.055 0.063 
 202   (0.191) 0.191 0.316 0.038 0.231 0.078 0.123 0.028 0.200 
 204   (0.019) 0.019 0.002 0.002 0.009 0.003 0.002 0.002 0.002 
 190   (0.021) 0.021 0.002 0.002 0.006 0.003 0.004 0.009 0.003 
 200   (0.020) 0.021 0.002 0.002 0.006 0.007 0.002 0.002 0.004 

Locus 14 : Scv16 
7 alleles
0.0% missing data
 182   (0.404) 0.404 0.282 0.194 0.290 0.585 0.560 0.775 0.587 
 184   (0.423) 0.423 0.659 0.781 0.509 0.190 0.280 0.207 0.366 
 188   (0.057) 0.057 0.006 0.017 0.154 0.008 0.150 0.005 0.007 
 200   (0.021) 0.021 0.002 0.001 0.021 0.003 0.002 0.002 0.003 
 198   (0.039) 0.039 0.029 0.003 0.010 0.134 0.003 0.006 0.024 
 190   (0.036) 0.036 0.019 0.003 0.008 0.078 0.003 0.003 0.011 
 186   (0.020) 0.020 0.002 0.001 0.007 0.003 0.002 0.002 0.003 

Locus 15 : Scv31 
15 alleles
3.0% missing data
 193   (0.124) 0.124 0.133 0.013 0.061 0.038 0.037 0.604 0.195 
 201   (0.120) 0.120 0.072 0.012 0.214 0.018 0.062 0.091 0.020 
 187   (0.081) 0.080 0.125 0.258 0.021 0.012 0.329 0.047 0.020 
 207   (0.025) 0.024 0.003 0.406 0.006 0.003 0.010 0.002 0.003 
 195   (0.074) 0.074 0.235 0.013 0.020 0.038 0.111 0.033 0.031 
 185   (0.161) 0.161 0.141 0.223 0.112 0.289 0.019 0.023 0.473 
 189   (0.055) 0.055 0.006 0.004 0.245 0.007 0.005 0.134 0.007 
 205   (0.021) 0.021 0.002 0.001 0.006 0.003 0.002 0.002 0.002 
 191   (0.153) 0.154 0.019 0.056 0.043 0.502 0.347 0.046 0.218 
 197   (0.028) 0.028 0.209 0.003 0.007 0.004 0.007 0.004 0.005 
 199   (0.056) 0.056 0.045 0.004 0.047 0.073 0.005 0.005 0.009 
 203   (0.025) 0.025 0.003 0.002 0.078 0.003 0.002 0.002 0.003 
 209   (0.028) 0.028 0.003 0.002 0.027 0.004 0.002 0.003 0.007 
 213   (0.024) 0.023 0.002 0.001 0.108 0.003 0.002 0.002 0.003 
 181   (0.025) 0.025 0.003 0.002 0.006 0.004 0.059 0.002 0.004 

Locus 16 : Scv6 
8 alleles
0.0% missing data
 191   (0.101) 0.101 0.020 0.007 0.242 0.014 0.191 0.218 0.016 
 195   (0.377) 0.377 0.636 0.693 0.246 0.224 0.455 0.477 0.480 
 197   (0.208) 0.208 0.225 0.255 0.080 0.314 0.317 0.263 0.201 
 201   (0.088) 0.089 0.010 0.006 0.145 0.126 0.008 0.012 0.045 
 205   (0.022) 0.022 0.002 0.001 0.058 0.003 0.002 0.002 0.002 
 193   (0.092) 0.092 0.077 0.007 0.109 0.178 0.009 0.009 0.120 
 199   (0.086) 0.086 0.028 0.028 0.077 0.137 0.016 0.018 0.132 
 181   (0.026) 0.026 0.003 0.002 0.042 0.003 0.002 0.002 0.003 

Values of parameters used in structure:
DATAFILE=M:\STRUCTURE\Squirrel_133_ID_16L_20250816\project_data,	OUTFILE=M:\STRUCTURE\Squirrel_133_ID_16L_20250816\10k_Burnin_100k_MCMC\Results\10k_Burnin_100k_MCMC_run_197,	NUMINDS=133,	NUMLOCI=16,	MISSING=-9,	LABEL=1,	POPDATA=1,	POPFLAG=0,	PHENOTYPE=0,	EXTRACOLS=1,	MAXPOPS=8,	BURNIN=10000,	NUMREPS=100000,	USEPOPINFO=0,	INFERALPHA=1,	INFERLAMBDA=1,	POPSPECIFICLAMBDA=0,	POPALPHAS=0,	COMPUTEPROB=1,	NOADMIX=0,	ADMBURNIN=2500,	UPDATEFREQ=1,	PRINTLIKES=0,	INTERMEDSAVE=0,	PRINTKLD=0,	PRINTNET=0,	PRINTLAMBDA=0,	ANCESTDIST=1,	NUMBOXES=1000,	ANCESTPINT=0.90000,	GENSBACK=2,	MIGRPRIOR=0.05000,	PRINTQHAT=1,	PRINTQSUM=0,	ALPHA=1.0000,	FREQSCORR=1,	FPRIORMEAN=0.0100,	FPRIORSD=0.0500,	ONEFST=0,	LAMBDA=1.0000,	UNIFPRIORALPHA=1,	ALPHAMAX=10.0000,	ALPHAPRIORA=1.0000,	ALPHAPRIORB=2.0000,	ALPHAPROPSD=0.0250,	STARTATPOPINFO=0,	RANDOMIZE=1,	LINKAGE=0,	METROFREQ=10,	REPORTHITRATE=0,	MARKOVPHASE=-1,	PHASED=0,	PLOIDY=2,	PHASEINFO=0	LOCPRIOR=0, 	LOCPRIORINIT=1.000000, 	LOCDATA=0, 	LOCISPOP=0, 	LOCPRIORSTEP=0.100000, 	MAXLOCPRIOR=20.000000, 	SEED=1763676906,	
[STRAT parameters]:    NUMSIMSTATS=1000,	PHENOTYPECOL=-9,	POOLFREQ=10,	LOCUSxONLY=0,	EMERROR=0.00100,	MISSINGPHENO=-9,	