

----------------------------------------------------
STRUCTURE by Pritchard, Stephens and Donnelly (2000)
     and Falush, Stephens and Pritchard (2003)
       Code by Pritchard, Falush and Hubisz
             Version 2.3.4 (Jul 2012)
----------------------------------------------------



Command line arguments:   bin\structure -m M:\STRUCTURE\Squirrel_133_ID_16L_20250816\10k_Burnin_100k_MCMC\mainparams -e M:\STRUCTURE\Squirrel_133_ID_16L_20250816\10k_Burnin_100k_MCMC\extraparams 
Input File:    M:\STRUCTURE\Squirrel_133_ID_16L_20250816\project_data

Run parameters:
   133 individuals
   16 loci
   2 populations assumed
   10000 Burn-in period
   100000 Reps


--------------------------------------------
Proportion of membership of each pre-defined
 population in each of the 2 clusters

Given    Inferred Clusters       Number of
 Pop       1      2             Individuals

  1:     0.504  0.496             133
--------------------------------------------

Allele-freq. divergence among pops (Net nucleotide distance),
computed using point estimates of P.

      1       2      
 1      -    0.0330  
 2   0.0330     -    

Average distances (expected heterozygosity) between individuals in same cluster:
cluster  1  : 0.5787 
cluster  2  : 0.6246 

--------------------------------------------
Estimated Ln Prob of Data   = -5136.4
Mean value of ln likelihood = -5073.8
Variance of ln likelihood   = 125.2
Mean value of alpha         = 0.0560

Mean value of lambda        = 1.1285

Mean value of Fst_1         = 0.0949
Mean value of Fst_2         = 0.0652


Inferred ancestry of individuals:
        Label (%Miss) Pop:  Inferred clusters (and 90% probability intervals)
  1       1*    (0)    1 :  0.089 0.911     (0.000,0.548) (0.452,1.000) 
  2        3    (0)    1 :  0.985 0.015     (0.908,1.000) (0.000,0.092) 
  3        6    (0)    1 :  0.966 0.034     (0.752,1.000) (0.000,0.248) 
  4        8    (0)    1 :  0.990 0.010     (0.938,1.000) (0.000,0.062) 
  5       10    (0)    1 :  0.990 0.010     (0.945,1.000) (0.000,0.055) 
  6       11    (0)    1 :  0.876 0.124     (0.347,1.000) (0.000,0.653) 
  7       12    (0)    1 :  0.982 0.018     (0.896,1.000) (0.000,0.104) 
  8       16    (6)    1 :  0.989 0.011     (0.937,1.000) (0.000,0.063) 
  9       18    (0)    1 :  0.979 0.021     (0.915,1.000) (0.000,0.085) 
 10       19    (0)    1 :  0.141 0.859     (0.000,0.996) (0.004,1.000) 
 11       21    (6)    1 :  0.985 0.015     (0.908,1.000) (0.000,0.092) 
 12       23    (6)    1 :  0.520 0.480     (0.000,1.000) (0.000,1.000) 
 13       24    (6)    1 :  0.964 0.036     (0.744,1.000) (0.000,0.256) 
 14       25    (6)    1 :  0.922 0.078     (0.520,1.000) (0.000,0.480) 
 15      26*    (0)    1 :  0.994 0.006     (0.964,1.000) (0.000,0.036) 
 16       28    (0)    1 :  0.992 0.008     (0.951,1.000) (0.000,0.049) 
 17       29    (0)    1 :  0.990 0.010     (0.944,1.000) (0.000,0.056) 
 18       30    (0)    1 :  0.865 0.135     (0.262,1.000) (0.000,0.738) 
 19       33    (0)    1 :  0.014 0.986     (0.000,0.087) (0.913,1.000) 
 20       37    (0)    1 :  0.953 0.047     (0.707,1.000) (0.000,0.293) 
 21       38    (0)    1 :  0.959 0.041     (0.742,1.000) (0.000,0.258) 
 22       43    (0)    1 :  0.991 0.009     (0.945,1.000) (0.000,0.055) 
 23       44    (0)    1 :  0.987 0.013     (0.917,1.000) (0.000,0.083) 
 24       48    (0)    1 :  0.978 0.022     (0.907,1.000) (0.000,0.093) 
 25       55    (0)    1 :  0.978 0.022     (0.845,1.000) (0.000,0.155) 
 26       59    (0)    1 :  0.988 0.012     (0.922,1.000) (0.000,0.078) 
 27       60    (0)    1 :  0.014 0.986     (0.000,0.083) (0.917,1.000) 
 28       61    (0)    1 :  0.012 0.988     (0.000,0.076) (0.924,1.000) 
 29       62    (0)    1 :  0.050 0.950     (0.000,0.331) (0.669,1.000) 
 30       65    (0)    1 :  0.411 0.589     (0.000,1.000) (0.000,1.000) 
 31       73    (0)    1 :  0.029 0.971     (0.000,0.191) (0.809,1.000) 
 32       75    (0)    1 :  0.012 0.988     (0.000,0.079) (0.921,1.000) 
 33       76    (0)    1 :  0.010 0.990     (0.000,0.060) (0.940,1.000) 
 34       77    (0)    1 :  0.014 0.986     (0.000,0.084) (0.916,1.000) 
 35       78    (0)    1 :  0.011 0.989     (0.000,0.067) (0.933,1.000) 
 36       79    (0)    1 :  0.007 0.993     (0.000,0.040) (0.960,1.000) 
 37       84    (0)    1 :  0.959 0.041     (0.710,1.000) (0.000,0.290) 
 38       85    (0)    1 :  0.968 0.032     (0.780,1.000) (0.000,0.220) 
 39       86    (0)    1 :  0.939 0.061     (0.593,1.000) (0.000,0.407) 
 40       89    (0)    1 :  0.945 0.055     (0.626,1.000) (0.000,0.374) 
 41       94    (0)    1 :  0.992 0.008     (0.953,1.000) (0.000,0.047) 
 42       95    (0)    1 :  0.979 0.021     (0.862,1.000) (0.000,0.138) 
 43       96    (0)    1 :  0.990 0.010     (0.939,1.000) (0.000,0.061) 
 44       98    (0)    1 :  0.011 0.989     (0.000,0.064) (0.936,1.000) 
 45      102    (0)    1 :  0.899 0.101     (0.401,1.000) (0.000,0.599) 
 46      105    (0)    1 :  0.009 0.991     (0.000,0.055) (0.945,1.000) 
 47      106    (0)    1 :  0.052 0.948     (0.000,0.306) (0.694,1.000) 
 48      108    (0)    1 :  0.014 0.986     (0.000,0.091) (0.909,1.000) 
 49      109    (0)    1 :  0.027 0.973     (0.000,0.188) (0.812,1.000) 
 50      112    (0)    1 :  0.299 0.701     (0.000,1.000) (0.000,1.000) 
 51      115    (0)    1 :  0.716 0.284     (0.000,1.000) (0.000,1.000) 
 52      116    (0)    1 :  0.980 0.020     (0.871,1.000) (0.000,0.129) 
 53      117    (0)    1 :  0.973 0.027     (0.824,1.000) (0.000,0.176) 
 54      129    (0)    1 :  0.994 0.006     (0.967,1.000) (0.000,0.033) 
 55      132    (0)    1 :  0.076 0.924     (0.000,0.503) (0.497,1.000) 
 56      133    (0)    1 :  0.009 0.991     (0.000,0.052) (0.948,1.000) 
 57      137    (6)    1 :  0.030 0.970     (0.000,0.188) (0.812,1.000) 
 58      139    (0)    1 :  0.024 0.976     (0.000,0.170) (0.830,1.000) 
 59      140    (0)    1 :  0.015 0.985     (0.000,0.088) (0.912,1.000) 
 60      142    (0)    1 :  0.014 0.986     (0.000,0.087) (0.913,1.000) 
 61      144    (0)    1 :  0.008 0.992     (0.000,0.051) (0.949,1.000) 
 62      145    (0)    1 :  0.017 0.983     (0.000,0.097) (0.903,1.000) 
 63      147    (0)    1 :  0.007 0.993     (0.000,0.043) (0.957,1.000) 
 64      160    (0)    1 :  0.987 0.013     (0.929,1.000) (0.000,0.071) 
 65     162*    (0)    1 :  0.988 0.012     (0.924,1.000) (0.000,0.076) 
 66      166    (0)    1 :  0.012 0.988     (0.000,0.071) (0.929,1.000) 
 67      177    (0)    1 :  0.012 0.988     (0.000,0.077) (0.923,1.000) 
 68      178    (0)    1 :  0.016 0.984     (0.000,0.102) (0.898,1.000) 
 69      186    (0)    1 :  0.989 0.011     (0.937,1.000) (0.000,0.063) 
 70      189    (0)    1 :  0.990 0.010     (0.939,1.000) (0.000,0.061) 
 71      190    (0)    1 :  0.987 0.013     (0.922,1.000) (0.000,0.078) 
 72      191    (0)    1 :  0.982 0.018     (0.880,1.000) (0.000,0.120) 
 73      193    (0)    1 :  0.117 0.883     (0.000,1.000) (0.000,1.000) 
 74      202    (0)    1 :  0.961 0.039     (0.729,1.000) (0.000,0.271) 
 75      204    (0)    1 :  0.995 0.005     (0.970,1.000) (0.000,0.030) 
 76      211    (0)    1 :  0.029 0.971     (0.000,0.200) (0.800,1.000) 
 77      216    (0)    1 :  0.008 0.992     (0.000,0.045) (0.955,1.000) 
 78      222    (0)    1 :  0.015 0.985     (0.000,0.088) (0.912,1.000) 
 79      224    (0)    1 :  0.983 0.017     (0.900,1.000) (0.000,0.100) 
 80      226    (0)    1 :  0.985 0.015     (0.900,1.000) (0.000,0.100) 
 81      229    (0)    1 :  0.910 0.090     (0.470,1.000) (0.000,0.530) 
 82      230    (0)    1 :  0.975 0.025     (0.831,1.000) (0.000,0.169) 
 83      232    (0)    1 :  0.954 0.046     (0.681,1.000) (0.000,0.319) 
 84      238    (0)    1 :  0.082 0.918     (0.000,0.423) (0.577,1.000) 
 85      242    (0)    1 :  0.063 0.937     (0.000,0.397) (0.603,1.000) 
 86      243    (0)    1 :  0.091 0.909     (0.000,0.604) (0.396,1.000) 
 87      244    (0)    1 :  0.030 0.970     (0.000,0.208) (0.792,1.000) 
 88      251    (0)    1 :  0.151 0.849     (0.000,0.998) (0.002,1.000) 
 89      266    (0)    1 :  0.037 0.963     (0.000,0.255) (0.745,1.000) 
 90      267    (0)    1 :  0.042 0.958     (0.000,0.291) (0.709,1.000) 
 91      268    (0)    1 :  0.009 0.991     (0.000,0.055) (0.945,1.000) 
 92      270    (0)    1 :  0.988 0.012     (0.928,1.000) (0.000,0.072) 
 93      276    (0)    1 :  0.964 0.036     (0.742,1.000) (0.000,0.258) 
 94      298    (6)    1 :  0.010 0.990     (0.000,0.058) (0.942,1.000) 
 95      306    (0)    1 :  0.008 0.992     (0.000,0.051) (0.949,1.000) 
 96      308    (0)    1 :  0.013 0.987     (0.000,0.078) (0.922,1.000) 
 97      311    (6)    1 :  0.022 0.978     (0.000,0.137) (0.863,1.000) 
 98      323    (0)    1 :  0.983 0.017     (0.892,1.000) (0.000,0.108) 
 99      327    (0)    1 :  0.989 0.011     (0.937,1.000) (0.000,0.063) 
100      334    (0)    1 :  0.033 0.967     (0.000,0.229) (0.771,1.000) 
101      338    (0)    1 :  0.022 0.978     (0.000,0.137) (0.863,1.000) 
102      341    (0)    1 :  0.940 0.060     (0.618,1.000) (0.000,0.382) 
103      346    (0)    1 :  0.024 0.976     (0.000,0.145) (0.855,1.000) 
104      348    (0)    1 :  0.009 0.991     (0.000,0.055) (0.945,1.000) 
105      351    (0)    1 :  0.090 0.910     (0.000,0.533) (0.467,1.000) 
106      362    (0)    1 :  0.992 0.008     (0.954,1.000) (0.000,0.046) 
107      364    (0)    1 :  0.046 0.954     (0.000,0.325) (0.675,1.000) 
108      366    (0)    1 :  0.310 0.690     (0.000,1.000) (0.000,1.000) 
109      376    (0)    1 :  0.984 0.016     (0.900,1.000) (0.000,0.100) 
110      377    (6)    1 :  0.751 0.249     (0.000,1.000) (0.000,1.000) 
111      378    (0)    1 :  0.963 0.037     (0.762,1.000) (0.000,0.238) 
112      388    (0)    1 :  0.015 0.985     (0.000,0.092) (0.908,1.000) 
113      391    (0)    1 :  0.496 0.504     (0.000,1.000) (0.000,1.000) 
114      401    (0)    1 :  0.814 0.186     (0.202,1.000) (0.000,0.798) 
115      406    (0)    1 :  0.047 0.953     (0.000,0.328) (0.672,1.000) 
116      412    (6)    1 :  0.079 0.921     (0.000,0.596) (0.404,1.000) 
117      413    (0)    1 :  0.014 0.986     (0.000,0.079) (0.921,1.000) 
118      421    (0)    1 :  0.933 0.067     (0.553,1.000) (0.000,0.447) 
119      423    (0)    1 :  0.923 0.077     (0.456,1.000) (0.000,0.544) 
120      424    (0)    1 :  0.046 0.954     (0.000,0.291) (0.709,1.000) 
121      426    (0)    1 :  0.961 0.039     (0.735,1.000) (0.000,0.265) 
122      430   (12)    1 :  0.035 0.965     (0.000,0.231) (0.769,1.000) 
123      435    (0)    1 :  0.011 0.989     (0.000,0.068) (0.932,1.000) 
124      476    (0)    1 :  0.986 0.014     (0.906,1.000) (0.000,0.094) 
125      478    (0)    1 :  0.990 0.010     (0.944,1.000) (0.000,0.056) 
126      484    (0)    1 :  0.010 0.990     (0.000,0.059) (0.941,1.000) 
127      489    (0)    1 :  0.518 0.482     (0.000,1.000) (0.000,1.000) 
128      492   (18)    1 :  0.015 0.985     (0.000,0.091) (0.909,1.000) 
129      493    (0)    1 :  0.888 0.112     (0.423,1.000) (0.000,0.577) 
130      494    (0)    1 :  0.951 0.049     (0.678,1.000) (0.000,0.322) 
131      500    (0)    1 :  0.994 0.006     (0.968,1.000) (0.000,0.032) 
132      504    (0)    1 :  0.028 0.972     (0.000,0.198) (0.802,1.000) 
133      506    (0)    1 :  0.124 0.876     (0.000,0.599) (0.401,1.000) 


Estimated Allele Frequencies in each cluster
First column gives estimated ancestral frequencies


Locus 1 : Rsu3 
3 alleles
0.0% missing data
 164   (0.514) 0.577 0.503 
 166   (0.273) 0.139 0.365 
 170   (0.213) 0.284 0.132 

Locus 2 : Rsu5 
5 alleles
0.0% missing data
 137   (0.685) 0.898 0.687 
 135   (0.091) 0.026 0.071 
 139   (0.115) 0.062 0.081 
 133   (0.032) 0.009 0.004 
 131   (0.076) 0.006 0.157 

Locus 3 : Scv1 
5 alleles
0.0% missing data
 181   (0.462) 0.741 0.409 
 179   (0.184) 0.098 0.221 
 177   (0.131) 0.046 0.160 
 185   (0.179) 0.106 0.199 
 171   (0.044) 0.010 0.011 

Locus 4 : Rsu4 
9 alleles
0.0% missing data
 267   (0.171) 0.188 0.157 
 263   (0.324) 0.426 0.387 
 259   (0.051) 0.156 0.005 
 287   (0.169) 0.127 0.197 
 275   (0.054) 0.038 0.013 
 279   (0.087) 0.029 0.082 
 283   (0.064) 0.004 0.142 
 291   (0.038) 0.022 0.006 
 271   (0.042) 0.010 0.011 

Locus 5 : Rsu6 
5 alleles
0.0% missing data
 120   (0.262) 0.306 0.221 
 126   (0.576) 0.516 0.750 
 124   (0.075) 0.145 0.014 
 130   (0.055) 0.024 0.012 
 114   (0.033) 0.009 0.003 

Locus 6 : Scv12 
3 alleles
1.5% missing data
 198   (0.538) 0.489 0.622 
 196   (0.290) 0.236 0.295 
 200   (0.172) 0.275 0.082 

Locus 7 : Scv23 
3 alleles
0.8% missing data
 158   (0.526) 0.540 0.590 
 164   (0.205) 0.198 0.162 
 160   (0.269) 0.262 0.248 

Locus 8 : Scv13 
5 alleles
0.0% missing data
 182   (0.738) 0.853 0.787 
 180   (0.060) 0.113 0.008 
 172   (0.072) 0.006 0.116 
 184   (0.080) 0.025 0.043 
 174   (0.050) 0.004 0.046 

Locus 9 : Scv32 
18 alleles
0.8% missing data
 236   (0.041) 0.005 0.051 
 238   (0.043) 0.003 0.080 
 234   (0.152) 0.136 0.298 
 246   (0.053) 0.150 0.012 
 248   (0.082) 0.161 0.048 
 262   (0.089) 0.141 0.069 
 232   (0.135) 0.178 0.199 
 250   (0.043) 0.060 0.010 
 228   (0.030) 0.004 0.015 
 220   (0.040) 0.100 0.005 
 264   (0.053) 0.016 0.048 
 252   (0.051) 0.010 0.047 
 254   (0.038) 0.003 0.059 
 242   (0.029) 0.015 0.004 
 266   (0.032) 0.002 0.024 
 244   (0.038) 0.007 0.020 
 226   (0.025) 0.009 0.003 
 240   (0.026) 0.002 0.009 

Locus 10 : Scv8 
6 alleles
0.8% missing data
 200   (0.582) 0.750 0.618 
 202   (0.093) 0.022 0.098 
 194   (0.114) 0.094 0.064 
 204   (0.046) 0.051 0.005 
 198   (0.083) 0.077 0.028 
 188   (0.082) 0.006 0.187 

Locus 11 : Scv9 
5 alleles
0.0% missing data
 198   (0.339) 0.292 0.425 
 200   (0.291) 0.451 0.233 
 196   (0.257) 0.209 0.294 
 204   (0.081) 0.045 0.038 
 202   (0.032) 0.002 0.010 

Locus 12 : Rsu1 
6 alleles
0.0% missing data
 189   (0.259) 0.245 0.274 
 185   (0.290) 0.181 0.429 
 177   (0.089) 0.064 0.041 
 181   (0.258) 0.287 0.245 
 193   (0.054) 0.129 0.006 
 197   (0.050) 0.094 0.005 

Locus 13 : Scv14 
7 alleles
4.5% missing data
 196   (0.538) 0.797 0.556 
 198   (0.065) 0.005 0.110 
 194   (0.131) 0.101 0.094 
 202   (0.168) 0.076 0.222 
 204   (0.033) 0.009 0.004 
 190   (0.032) 0.009 0.004 
 200   (0.033) 0.003 0.010 

Locus 14 : Scv16 
7 alleles
0.0% missing data
 182   (0.407) 0.447 0.489 
 184   (0.364) 0.450 0.389 
 188   (0.075) 0.089 0.020 
 200   (0.031) 0.005 0.008 
 198   (0.049) 0.003 0.053 
 190   (0.042) 0.003 0.032 
 186   (0.031) 0.003 0.010 

Locus 15 : Scv31 
15 alleles
3.0% missing data
 193   (0.120) 0.148 0.135 
 201   (0.083) 0.080 0.061 
 187   (0.088) 0.197 0.044 
 207   (0.042) 0.115 0.005 
 195   (0.086) 0.055 0.081 
 185   (0.139) 0.094 0.264 
 189   (0.048) 0.096 0.011 
 205   (0.027) 0.003 0.009 
 191   (0.143) 0.162 0.218 
 197   (0.053) 0.014 0.045 
 199   (0.043) 0.005 0.053 
 203   (0.033) 0.003 0.024 
 209   (0.030) 0.002 0.017 
 213   (0.035) 0.003 0.032 
 181   (0.031) 0.023 0.004 

Locus 16 : Scv6 
8 alleles
0.0% missing data
 191   (0.104) 0.157 0.048 
 195   (0.345) 0.490 0.410 
 197   (0.211) 0.251 0.219 
 201   (0.084) 0.024 0.086 
 205   (0.033) 0.016 0.004 
 193   (0.093) 0.024 0.122 
 199   (0.094) 0.032 0.101 
 181   (0.035) 0.007 0.012 

Values of parameters used in structure:
DATAFILE=M:\STRUCTURE\Squirrel_133_ID_16L_20250816\project_data,	OUTFILE=M:\STRUCTURE\Squirrel_133_ID_16L_20250816\10k_Burnin_100k_MCMC\Results\10k_Burnin_100k_MCMC_run_32,	NUMINDS=133,	NUMLOCI=16,	MISSING=-9,	LABEL=1,	POPDATA=1,	POPFLAG=0,	PHENOTYPE=0,	EXTRACOLS=1,	MAXPOPS=2,	BURNIN=10000,	NUMREPS=100000,	USEPOPINFO=0,	INFERALPHA=1,	INFERLAMBDA=1,	POPSPECIFICLAMBDA=0,	POPALPHAS=0,	COMPUTEPROB=1,	NOADMIX=0,	ADMBURNIN=2500,	UPDATEFREQ=1,	PRINTLIKES=0,	INTERMEDSAVE=0,	PRINTKLD=0,	PRINTNET=0,	PRINTLAMBDA=0,	ANCESTDIST=1,	NUMBOXES=1000,	ANCESTPINT=0.90000,	GENSBACK=2,	MIGRPRIOR=0.05000,	PRINTQHAT=1,	PRINTQSUM=0,	ALPHA=1.0000,	FREQSCORR=1,	FPRIORMEAN=0.0100,	FPRIORSD=0.0500,	ONEFST=0,	LAMBDA=1.0000,	UNIFPRIORALPHA=1,	ALPHAMAX=10.0000,	ALPHAPRIORA=1.0000,	ALPHAPRIORB=2.0000,	ALPHAPROPSD=0.0250,	STARTATPOPINFO=0,	RANDOMIZE=1,	LINKAGE=0,	METROFREQ=10,	REPORTHITRATE=0,	MARKOVPHASE=-1,	PHASED=0,	PLOIDY=2,	PHASEINFO=0	LOCPRIOR=0, 	LOCPRIORINIT=1.000000, 	LOCDATA=0, 	LOCISPOP=0, 	LOCPRIORSTEP=0.100000, 	MAXLOCPRIOR=20.000000, 	SEED=1763664353,	
[STRAT parameters]:    NUMSIMSTATS=1000,	PHENOTYPECOL=-9,	POOLFREQ=10,	LOCUSxONLY=0,	EMERROR=0.00100,	MISSINGPHENO=-9,	