          1*  1 0.0826 0.9174 
           3  1 0.9850 0.0150 
           6  1 0.9628 0.0372 
           8  1 0.9897 0.0103 
          10  1 0.9901 0.0099 
          11  1 0.8547 0.1453 
          12  1 0.9805 0.0195 
          16  1 0.9902 0.0098 
          18  1 0.9168 0.0832 
          19  1 0.1549 0.8451 
          21  1 0.9862 0.0138 
          23  1 0.5150 0.4850 
          24  1 0.9555 0.0445 
          25  1 0.9175 0.0825 
         26*  1 0.9939 0.0061 
          28  1 0.9917 0.0083 
          29  1 0.9902 0.0098 
          30  1 0.8644 0.1356 
          33  1 0.0142 0.9858 
          37  1 0.8938 0.1062 
          38  1 0.9227 0.0773 
          43  1 0.9908 0.0092 
          44  1 0.9867 0.0133 
          48  1 0.9150 0.0850 
          55  1 0.9762 0.0238 
          59  1 0.9877 0.0123 
          60  1 0.0139 0.9861 
          61  1 0.0125 0.9875 
          62  1 0.0522 0.9478 
          65  1 0.3872 0.6128 
          73  1 0.0288 0.9712 
          75  1 0.0116 0.9884 
          76  1 0.0095 0.9905 
          77  1 0.0126 0.9874 
          78  1 0.0108 0.9892 
          79  1 0.0068 0.9932 
          84  1 0.9594 0.0406 
          85  1 0.9665 0.0335 
          86  1 0.9406 0.0594 
          89  1 0.9421 0.0579 
          94  1 0.9920 0.0080 
          95  1 0.9782 0.0218 
          96  1 0.9894 0.0106 
          98  1 0.0109 0.9891 
         102  1 0.8393 0.1607 
         105  1 0.0093 0.9907 
         106  1 0.0474 0.9526 
         108  1 0.0146 0.9854 
         109  1 0.0261 0.9739 
         112  1 0.3254 0.6746 
         115  1 0.6933 0.3067 
         116  1 0.9779 0.0221 
         117  1 0.9754 0.0246 
         129  1 0.9941 0.0059 
         132  1 0.0714 0.9286 
         133  1 0.0090 0.9910 
         137  1 0.0290 0.9710 
         139  1 0.0236 0.9764 
         140  1 0.0149 0.9851 
         142  1 0.0168 0.9832 
         144  1 0.0085 0.9915 
         145  1 0.0170 0.9830 
         147  1 0.0076 0.9924 
         160  1 0.9877 0.0123 
        162*  1 0.9884 0.0116 
         166  1 0.0123 0.9877 
         177  1 0.0125 0.9875 
         178  1 0.0167 0.9833 
         186  1 0.9894 0.0106 
         189  1 0.9902 0.0098 
         190  1 0.9877 0.0123 
         191  1 0.9821 0.0179 
         193  1 0.1240 0.8760 
         202  1 0.9569 0.0431 
         204  1 0.9949 0.0051 
         211  1 0.0297 0.9703 
         216  1 0.0080 0.9920 
         222  1 0.0154 0.9846 
         224  1 0.9835 0.0165 
         226  1 0.9829 0.0171 
         229  1 0.9125 0.0875 
         230  1 0.9750 0.0250 
         232  1 0.9542 0.0458 
         238  1 0.0817 0.9183 
         242  1 0.0609 0.9391 
         243  1 0.0799 0.9201 
         244  1 0.0286 0.9714 
         251  1 0.1590 0.8410 
         266  1 0.0366 0.9634 
         267  1 0.0468 0.9532 
         268  1 0.0094 0.9906 
         270  1 0.9881 0.0119 
         276  1 0.9595 0.0405 
         298  1 0.0097 0.9903 
         306  1 0.0084 0.9916 
         308  1 0.0125 0.9875 
         311  1 0.0225 0.9775 
         323  1 0.9833 0.0167 
         327  1 0.9886 0.0114 
         334  1 0.0327 0.9673 
         338  1 0.0241 0.9759 
         341  1 0.9406 0.0594 
         346  1 0.0236 0.9764 
         348  1 0.0088 0.9912 
         351  1 0.0804 0.9196 
         362  1 0.9923 0.0077 
         364  1 0.0462 0.9538 
         366  1 0.2905 0.7095 
         376  1 0.9858 0.0142 
         377  1 0.7328 0.2672 
         378  1 0.9595 0.0405 
         388  1 0.0156 0.9844 
         391  1 0.5009 0.4991 
         401  1 0.8045 0.1955 
         406  1 0.0463 0.9537 
         412  1 0.0742 0.9258 
         413  1 0.0136 0.9864 
         421  1 0.9328 0.0672 
         423  1 0.9186 0.0814 
         424  1 0.0442 0.9558 
         426  1 0.9611 0.0389 
         430  1 0.0366 0.9634 
         435  1 0.0106 0.9894 
         476  1 0.9858 0.0142 
         478  1 0.9906 0.0094 
         484  1 0.0088 0.9912 
         489  1 0.5308 0.4692 
         492  1 0.0175 0.9825 
         493  1 0.8399 0.1601 
         494  1 0.9016 0.0984 
         500  1 0.9943 0.0057 
         504  1 0.0277 0.9723 
         506  1 0.1232 0.8768 
