          1*  1 0.0121 0.0266 0.9420 0.0193 
           3  1 0.9791 0.0069 0.0068 0.0073 
           6  1 0.9560 0.0157 0.0065 0.0218 
           8  1 0.3214 0.6592 0.0131 0.0063 
          10  1 0.0231 0.9654 0.0070 0.0045 
          11  1 0.0462 0.0534 0.8628 0.0375 
          12  1 0.0095 0.9742 0.0076 0.0087 
          16  1 0.9749 0.0122 0.0071 0.0057 
          18  1 0.0093 0.0083 0.9774 0.0049 
          19  1 0.0206 0.0191 0.9298 0.0306 
          21  1 0.9710 0.0132 0.0076 0.0082 
          23  1 0.0223 0.7731 0.0191 0.1855 
          24  1 0.0266 0.6578 0.2938 0.0219 
          25  1 0.0602 0.8735 0.0318 0.0346 
         26*  1 0.3085 0.6687 0.0173 0.0054 
          28  1 0.3133 0.6724 0.0080 0.0063 
          29  1 0.0110 0.9719 0.0118 0.0053 
          30  1 0.3848 0.4381 0.0521 0.1250 
          33  1 0.0060 0.0052 0.9697 0.0191 
          37  1 0.0127 0.0211 0.9587 0.0075 
          38  1 0.0129 0.0173 0.9657 0.0041 
          43  1 0.0711 0.9107 0.0112 0.0071 
          44  1 0.6409 0.3078 0.0146 0.0367 
          48  1 0.0143 0.0077 0.9727 0.0053 
          55  1 0.5287 0.4290 0.0153 0.0269 
          59  1 0.9811 0.0056 0.0072 0.0061 
          60  1 0.0144 0.0842 0.0699 0.8315 
          61  1 0.0122 0.0083 0.0094 0.9701 
          62  1 0.0123 0.0274 0.0257 0.9345 
          65  1 0.0064 0.0084 0.9683 0.0169 
          73  1 0.0115 0.0768 0.0177 0.8941 
          75  1 0.0126 0.0079 0.0456 0.9338 
          76  1 0.0063 0.0106 0.0070 0.9761 
          77  1 0.0104 0.0202 0.0213 0.9481 
          78  1 0.0070 0.0083 0.0092 0.9756 
          79  1 0.0048 0.0061 0.0227 0.9664 
          84  1 0.7714 0.1501 0.0221 0.0565 
          85  1 0.3208 0.6323 0.0309 0.0160 
          86  1 0.1933 0.6399 0.1382 0.0286 
          89  1 0.5572 0.2502 0.0837 0.1089 
          94  1 0.0115 0.9414 0.0413 0.0058 
          95  1 0.9692 0.0069 0.0142 0.0097 
          96  1 0.3075 0.6794 0.0070 0.0061 
          98  1 0.0082 0.0100 0.0118 0.9701 
         102  1 0.0273 0.0140 0.9437 0.0149 
         105  1 0.0090 0.0080 0.0168 0.9662 
         106  1 0.1290 0.0092 0.0628 0.7991 
         108  1 0.0120 0.0124 0.0525 0.9232 
         109  1 0.0329 0.0211 0.0105 0.9355 
         112  1 0.0584 0.3140 0.1480 0.4796 
         115  1 0.0144 0.0534 0.9023 0.0300 
         116  1 0.3279 0.6192 0.0375 0.0153 
         117  1 0.5045 0.4554 0.0136 0.0265 
         129  1 0.3624 0.6264 0.0067 0.0045 
         132  1 0.0245 0.2068 0.3803 0.3884 
         133  1 0.0078 0.0069 0.0087 0.9766 
         137  1 0.0178 0.0274 0.0145 0.9403 
         139  1 0.0210 0.0178 0.0917 0.8694 
         140  1 0.0152 0.0066 0.0094 0.9688 
         142  1 0.0165 0.0106 0.0089 0.9640 
         144  1 0.0084 0.0050 0.0070 0.9796 
         145  1 0.0142 0.0075 0.0095 0.9688 
         147  1 0.0063 0.0060 0.0079 0.9798 
         160  1 0.0099 0.9745 0.0095 0.0061 
        162*  1 0.3006 0.6858 0.0067 0.0069 
         166  1 0.0149 0.0151 0.0108 0.9592 
         177  1 0.0072 0.0099 0.0204 0.9625 
         178  1 0.0074 0.0211 0.0108 0.9606 
         186  1 0.9810 0.0073 0.0061 0.0055 
         189  1 0.3305 0.6534 0.0101 0.0060 
         190  1 0.3112 0.6651 0.0144 0.0093 
         191  1 0.7659 0.1638 0.0123 0.0580 
         193  1 0.0722 0.0240 0.0162 0.8876 
         202  1 0.0327 0.8297 0.1239 0.0138 
         204  1 0.3897 0.6022 0.0043 0.0038 
         211  1 0.0117 0.1449 0.0264 0.8170 
         216  1 0.0049 0.0099 0.0062 0.9790 
         222  1 0.0089 0.0179 0.0731 0.9001 
         224  1 0.3366 0.6359 0.0145 0.0130 
         226  1 0.9609 0.0060 0.0264 0.0067 
         229  1 0.2129 0.6240 0.1199 0.0432 
         230  1 0.3169 0.6357 0.0254 0.0221 
         232  1 0.1589 0.6943 0.0370 0.1099 
         238  1 0.0097 0.0399 0.8286 0.1218 
         242  1 0.0071 0.0050 0.9824 0.0056 
         243  1 0.0360 0.0120 0.8916 0.0604 
         244  1 0.0072 0.0116 0.9410 0.0402 
         251  1 0.0128 0.0846 0.8724 0.0302 
         266  1 0.0107 0.0137 0.4217 0.5539 
         267  1 0.0676 0.0395 0.0285 0.8644 
         268  1 0.0058 0.0146 0.0091 0.9705 
         270  1 0.3521 0.6226 0.0158 0.0095 
         276  1 0.6646 0.1515 0.0213 0.1626 
         298  1 0.0096 0.0065 0.0093 0.9746 
         306  1 0.0069 0.0110 0.0270 0.9552 
         308  1 0.0068 0.0212 0.0182 0.9539 
         311  1 0.0137 0.0238 0.2635 0.6990 
         323  1 0.9774 0.0058 0.0098 0.0069 
         327  1 0.1547 0.8149 0.0206 0.0099 
         334  1 0.0049 0.0076 0.9724 0.0151 
         338  1 0.0146 0.0202 0.0206 0.9445 
         341  1 0.9439 0.0137 0.0258 0.0166 
         346  1 0.0183 0.0732 0.0122 0.8964 
         348  1 0.0066 0.0064 0.0145 0.9724 
         351  1 0.0156 0.0348 0.9229 0.0267 
         362  1 0.3471 0.6419 0.0056 0.0054 
         364  1 0.0085 0.0084 0.9646 0.0185 
         366  1 0.0195 0.0272 0.9323 0.0209 
         376  1 0.9461 0.0303 0.0094 0.0142 
         377  1 0.0730 0.7878 0.0376 0.1016 
         378  1 0.0156 0.9510 0.0060 0.0274 
         388  1 0.0108 0.0288 0.0212 0.9392 
         391  1 0.4453 0.2289 0.0522 0.2736 
         401  1 0.2204 0.1998 0.4743 0.1055 
         406  1 0.0826 0.0273 0.0496 0.8404 
         412  1 0.0258 0.0394 0.0194 0.9155 
         413  1 0.0060 0.0166 0.0577 0.9197 
         421  1 0.2604 0.5167 0.0753 0.1476 
         423  1 0.2233 0.5587 0.1440 0.0740 
         424  1 0.2666 0.0576 0.0388 0.6370 
         426  1 0.0492 0.8869 0.0201 0.0438 
         430  1 0.0353 0.0236 0.0096 0.9314 
         435  1 0.0057 0.0113 0.0051 0.9779 
         476  1 0.9202 0.0411 0.0271 0.0116 
         478  1 0.8495 0.1202 0.0216 0.0087 
         484  1 0.0099 0.0077 0.0067 0.9757 
         489  1 0.0201 0.7738 0.0149 0.1912 
         492  1 0.0064 0.0080 0.9650 0.0206 
         493  1 0.0084 0.0124 0.9711 0.0080 
         494  1 0.0147 0.0282 0.9507 0.0064 
         500  1 0.3490 0.6381 0.0088 0.0041 
         504  1 0.0188 0.0606 0.0568 0.8638 
         506  1 0.0921 0.0791 0.0108 0.8180 
