

----------------------------------------------------
STRUCTURE by Pritchard, Stephens and Donnelly (2000)
     and Falush, Stephens and Pritchard (2003)
       Code by Pritchard, Falush and Hubisz
             Version 2.3.4 (Jul 2012)
----------------------------------------------------



Command line arguments:   bin\structure -m M:\STRUCTURE\Squirrel_133_ID_16L_20250816\10k_Burnin_100k_MCMC\mainparams -e M:\STRUCTURE\Squirrel_133_ID_16L_20250816\10k_Burnin_100k_MCMC\extraparams 
Input File:    M:\STRUCTURE\Squirrel_133_ID_16L_20250816\project_data

Run parameters:
   133 individuals
   16 loci
   10 populations assumed
   10000 Burn-in period
   100000 Reps


--------------------------------------------
Proportion of membership of each pre-defined
 population in each of the 10 clusters

Given    Inferred Clusters                                                        Number of
 Pop       1      2      3      4      5      6      7      8      9     10      Individuals

  1:     0.097  0.142  0.112  0.039  0.102  0.137  0.096  0.099  0.107  0.070      133
--------------------------------------------

Allele-freq. divergence among pops (Net nucleotide distance),
computed using point estimates of P.

      1       2       3       4       5       6       7       8       9      10      
 1      -    0.1078  0.0750  0.1480  0.0848  0.0814  0.1020  0.1083  0.1030  0.1480  
 2   0.1078     -    0.1071  0.1811  0.1169  0.0753  0.0745  0.0900  0.1403  0.1352  
 3   0.0750  0.1071     -    0.1293  0.0776  0.0674  0.0752  0.0938  0.0910  0.1165  
 4   0.1480  0.1811  0.1293     -    0.1689  0.1187  0.1890  0.2006  0.1654  0.2309  
 5   0.0848  0.1169  0.0776  0.1689     -    0.0825  0.0995  0.1177  0.1379  0.1656  
 6   0.0814  0.0753  0.0674  0.1187  0.0825     -    0.0643  0.0992  0.0968  0.0887  
 7   0.1020  0.0745  0.0752  0.1890  0.0995  0.0643     -    0.0971  0.1244  0.0950  
 8   0.1083  0.0900  0.0938  0.2006  0.1177  0.0992  0.0971     -    0.1767  0.1621  
 9   0.1030  0.1403  0.0910  0.1654  0.1379  0.0968  0.1244  0.1767     -    0.1683  
10   0.1480  0.1352  0.1165  0.2309  0.1656  0.0887  0.0950  0.1621  0.1683     -    

Average distances (expected heterozygosity) between individuals in same cluster:
cluster  1  : 0.5070 
cluster  2  : 0.5152 
cluster  3  : 0.5464 
cluster  4  : 0.4909 
cluster  5  : 0.5822 
cluster  6  : 0.6323 
cluster  7  : 0.4900 
cluster  8  : 0.4336 
cluster  9  : 0.5049 
cluster 10  : 0.4047 

--------------------------------------------
Estimated Ln Prob of Data   = -4736.9
Mean value of ln likelihood = -4311.3
Variance of ln likelihood   = 851.1
Mean value of alpha         = 0.0479

Mean value of lambda        = 1.0084

Mean value of Fst_1         = 0.2737
Mean value of Fst_2         = 0.2486
Mean value of Fst_3         = 0.2319
Mean value of Fst_4         = 0.4333
Mean value of Fst_5         = 0.2088
Mean value of Fst_6         = 0.0722
Mean value of Fst_7         = 0.3388
Mean value of Fst_8         = 0.3299
Mean value of Fst_9         = 0.2975
Mean value of Fst_10         = 0.3927


Inferred ancestry of individuals:
        Label (%Miss) Pop:  Inferred clusters (and 90% probability intervals)
  1       1*    (0)    1 :  0.008 0.009 0.165 0.034 0.005 0.713 0.012 0.029 0.011 0.013     (0.000,0.048) (0.000,0.050) (0.000,0.580) (0.000,0.234) (0.000,0.029) (0.244,0.999) (0.000,0.075) (0.000,0.210) (0.000,0.068) (0.000,0.083) 
  2        3    (0)    1 :  0.008 0.008 0.009 0.006 0.005 0.007 0.537 0.006 0.008 0.406     (0.000,0.049) (0.000,0.045) (0.000,0.051) (0.000,0.034) (0.000,0.030) (0.000,0.040) (0.000,1.000) (0.000,0.034) (0.000,0.048) (0.000,0.998) 
  3        6    (0)    1 :  0.006 0.013 0.022 0.005 0.007 0.006 0.818 0.006 0.011 0.105     (0.000,0.036) (0.000,0.087) (0.000,0.151) (0.000,0.025) (0.000,0.042) (0.000,0.033) (0.000,1.000) (0.000,0.035) (0.000,0.072) (0.000,0.942) 
  4        8    (0)    1 :  0.052 0.795 0.006 0.015 0.004 0.015 0.056 0.030 0.022 0.005     (0.000,0.364) (0.362,1.000) (0.000,0.035) (0.000,0.102) (0.000,0.020) (0.000,0.096) (0.000,0.405) (0.000,0.215) (0.000,0.154) (0.000,0.028) 
  5       10    (0)    1 :  0.005 0.111 0.005 0.008 0.005 0.007 0.006 0.840 0.003 0.012     (0.000,0.026) (0.000,0.473) (0.000,0.027) (0.000,0.049) (0.000,0.028) (0.000,0.037) (0.000,0.032) (0.477,1.000) (0.000,0.018) (0.000,0.079) 
  6       11    (0)    1 :  0.139 0.043 0.072 0.084 0.050 0.442 0.037 0.030 0.013 0.090     (0.000,0.773) (0.000,0.302) (0.000,0.461) (0.000,0.735) (0.000,0.366) (0.000,0.994) (0.000,0.233) (0.000,0.208) (0.000,0.080) (0.000,0.471) 
  7       12    (0)    1 :  0.007 0.008 0.010 0.004 0.005 0.005 0.006 0.945 0.005 0.005     (0.000,0.041) (0.000,0.048) (0.000,0.057) (0.000,0.020) (0.000,0.024) (0.000,0.026) (0.000,0.034) (0.782,1.000) (0.000,0.030) (0.000,0.028) 
  8       16    (6)    1 :  0.006 0.008 0.005 0.004 0.004 0.006 0.838 0.007 0.004 0.117     (0.000,0.032) (0.000,0.045) (0.000,0.029) (0.000,0.024) (0.000,0.023) (0.000,0.031) (0.000,1.000) (0.000,0.039) (0.000,0.024) (0.000,0.977) 
  9       18    (0)    1 :  0.010 0.007 0.004 0.005 0.004 0.941 0.007 0.006 0.006 0.011     (0.000,0.061) (0.000,0.041) (0.000,0.022) (0.000,0.026) (0.000,0.022) (0.762,1.000) (0.000,0.039) (0.000,0.035) (0.000,0.034) (0.000,0.068) 
 10       19    (0)    1 :  0.018 0.036 0.015 0.044 0.074 0.752 0.016 0.012 0.020 0.014     (0.000,0.115) (0.000,0.255) (0.000,0.072) (0.000,0.192) (0.000,0.440) (0.000,1.000) (0.000,0.100) (0.000,0.071) (0.000,0.129) (0.000,0.088) 
 11       21    (6)    1 :  0.008 0.026 0.007 0.006 0.005 0.006 0.816 0.007 0.005 0.114     (0.000,0.045) (0.000,0.165) (0.000,0.038) (0.000,0.031) (0.000,0.029) (0.000,0.035) (0.000,1.000) (0.000,0.039) (0.000,0.031) (0.000,0.951) 
 12       23    (6)    1 :  0.083 0.026 0.220 0.011 0.028 0.011 0.025 0.577 0.012 0.007     (0.000,0.444) (0.000,0.185) (0.000,0.849) (0.000,0.060) (0.000,0.195) (0.000,0.068) (0.000,0.173) (0.000,0.989) (0.000,0.075) (0.000,0.041) 
 13       24    (6)    1 :  0.011 0.165 0.026 0.240 0.044 0.070 0.024 0.399 0.010 0.012     (0.000,0.070) (0.000,0.642) (0.000,0.167) (0.000,0.780) (0.000,0.264) (0.000,0.451) (0.000,0.171) (0.000,0.894) (0.000,0.060) (0.000,0.079) 
 14       25    (6)    1 :  0.022 0.029 0.185 0.016 0.006 0.013 0.171 0.543 0.007 0.008     (0.000,0.156) (0.000,0.210) (0.000,0.693) (0.000,0.099) (0.000,0.033) (0.000,0.082) (0.000,0.508) (0.059,0.944) (0.000,0.042) (0.000,0.042) 
 15      26*    (0)    1 :  0.006 0.628 0.014 0.038 0.005 0.015 0.047 0.157 0.006 0.083     (0.000,0.032) (0.003,0.990) (0.000,0.096) (0.000,0.224) (0.000,0.025) (0.000,0.106) (0.000,0.306) (0.000,0.571) (0.000,0.031) (0.000,0.426) 
 16       28    (0)    1 :  0.011 0.205 0.013 0.059 0.006 0.008 0.485 0.189 0.005 0.018     (0.000,0.056) (0.000,0.978) (0.000,0.083) (0.000,0.319) (0.000,0.033) (0.000,0.047) (0.000,0.963) (0.000,0.727) (0.000,0.029) (0.000,0.102) 
 17       29    (0)    1 :  0.006 0.078 0.005 0.014 0.006 0.013 0.008 0.860 0.005 0.005     (0.000,0.034) (0.000,0.460) (0.000,0.030) (0.000,0.098) (0.000,0.033) (0.000,0.088) (0.000,0.045) (0.476,1.000) (0.000,0.030) (0.000,0.029) 
 18       30    (0)    1 :  0.008 0.366 0.028 0.014 0.007 0.016 0.058 0.134 0.297 0.072     (0.000,0.043) (0.000,0.837) (0.000,0.200) (0.000,0.073) (0.000,0.042) (0.000,0.099) (0.000,0.401) (0.000,0.668) (0.000,0.643) (0.000,0.416) 
 19       33    (0)    1 :  0.006 0.005 0.014 0.013 0.050 0.885 0.007 0.005 0.010 0.006     (0.000,0.031) (0.000,0.028) (0.000,0.091) (0.000,0.044) (0.000,0.309) (0.581,1.000) (0.000,0.038) (0.000,0.032) (0.000,0.066) (0.000,0.032) 
 20       37    (0)    1 :  0.008 0.008 0.010 0.018 0.009 0.888 0.009 0.030 0.006 0.014     (0.000,0.046) (0.000,0.043) (0.000,0.061) (0.000,0.128) (0.000,0.056) (0.604,1.000) (0.000,0.055) (0.000,0.217) (0.000,0.033) (0.000,0.089) 
 21       38    (0)    1 :  0.007 0.014 0.004 0.014 0.005 0.917 0.008 0.016 0.004 0.011     (0.000,0.037) (0.000,0.092) (0.000,0.022) (0.000,0.100) (0.000,0.025) (0.684,1.000) (0.000,0.045) (0.000,0.109) (0.000,0.025) (0.000,0.075) 
 22       43    (0)    1 :  0.007 0.077 0.014 0.020 0.008 0.009 0.111 0.738 0.006 0.011     (0.000,0.042) (0.000,0.431) (0.000,0.091) (0.000,0.140) (0.000,0.045) (0.000,0.052) (0.000,0.431) (0.396,0.996) (0.000,0.033) (0.000,0.071) 
 23       44    (0)    1 :  0.128 0.382 0.008 0.008 0.006 0.011 0.176 0.008 0.053 0.221     (0.000,0.755) (0.000,0.839) (0.000,0.044) (0.000,0.035) (0.000,0.029) (0.000,0.067) (0.000,0.746) (0.000,0.044) (0.000,0.340) (0.000,0.612) 
 24       48    (0)    1 :  0.008 0.006 0.005 0.005 0.004 0.935 0.008 0.006 0.006 0.017     (0.000,0.049) (0.000,0.032) (0.000,0.024) (0.000,0.030) (0.000,0.021) (0.743,1.000) (0.000,0.045) (0.000,0.037) (0.000,0.033) (0.000,0.121) 
 25       55    (0)    1 :  0.053 0.374 0.045 0.020 0.011 0.012 0.423 0.008 0.016 0.038     (0.000,0.383) (0.000,0.978) (0.000,0.310) (0.000,0.131) (0.000,0.064) (0.000,0.073) (0.000,0.980) (0.000,0.045) (0.000,0.107) (0.000,0.279) 
 26       59    (0)    1 :  0.005 0.005 0.006 0.004 0.004 0.005 0.023 0.004 0.006 0.939     (0.000,0.026) (0.000,0.026) (0.000,0.039) (0.000,0.025) (0.000,0.019) (0.000,0.027) (0.000,0.169) (0.000,0.021) (0.000,0.036) (0.747,1.000) 
 27       60    (0)    1 :  0.008 0.004 0.909 0.005 0.011 0.010 0.008 0.030 0.006 0.009     (0.000,0.046) (0.000,0.022) (0.648,1.000) (0.000,0.030) (0.000,0.062) (0.000,0.059) (0.000,0.046) (0.000,0.218) (0.000,0.035) (0.000,0.055) 
 28       61    (0)    1 :  0.089 0.010 0.245 0.020 0.519 0.010 0.015 0.008 0.062 0.023     (0.000,0.572) (0.000,0.056) (0.000,0.867) (0.000,0.129) (0.000,0.987) (0.000,0.059) (0.000,0.095) (0.000,0.044) (0.000,0.367) (0.000,0.168) 
 29       62    (0)    1 :  0.656 0.009 0.070 0.027 0.106 0.019 0.025 0.061 0.015 0.013     (0.000,0.999) (0.000,0.051) (0.000,0.457) (0.000,0.182) (0.000,0.666) (0.000,0.126) (0.000,0.173) (0.000,0.384) (0.000,0.107) (0.000,0.087) 
 30       65    (0)    1 :  0.007 0.011 0.018 0.023 0.015 0.881 0.006 0.007 0.026 0.006     (0.000,0.038) (0.000,0.068) (0.000,0.123) (0.000,0.136) (0.000,0.102) (0.600,1.000) (0.000,0.034) (0.000,0.042) (0.000,0.176) (0.000,0.032) 
 31       73    (0)    1 :  0.025 0.009 0.044 0.015 0.005 0.007 0.014 0.130 0.747 0.005     (0.000,0.179) (0.000,0.052) (0.000,0.317) (0.000,0.103) (0.000,0.027) (0.000,0.042) (0.000,0.078) (0.000,0.464) (0.391,0.998) (0.000,0.025) 
 32       75    (0)    1 :  0.006 0.009 0.005 0.007 0.912 0.011 0.006 0.005 0.028 0.011     (0.000,0.034) (0.000,0.060) (0.000,0.028) (0.000,0.041) (0.684,1.000) (0.000,0.069) (0.000,0.035) (0.000,0.025) (0.000,0.191) (0.000,0.080) 
 33       76    (0)    1 :  0.012 0.005 0.011 0.003 0.933 0.005 0.007 0.013 0.005 0.006     (0.000,0.072) (0.000,0.027) (0.000,0.067) (0.000,0.017) (0.736,1.000) (0.000,0.025) (0.000,0.039) (0.000,0.083) (0.000,0.029) (0.000,0.038) 
 34       77    (0)    1 :  0.011 0.005 0.103 0.011 0.832 0.008 0.005 0.009 0.004 0.012     (0.000,0.065) (0.000,0.028) (0.000,0.726) (0.000,0.070) (0.202,1.000) (0.000,0.044) (0.000,0.029) (0.000,0.052) (0.000,0.023) (0.000,0.079) 
 35       78    (0)    1 :  0.039 0.009 0.039 0.011 0.377 0.017 0.017 0.015 0.468 0.008     (0.000,0.285) (0.000,0.055) (0.000,0.289) (0.000,0.061) (0.000,0.879) (0.000,0.106) (0.000,0.074) (0.000,0.103) (0.000,0.963) (0.000,0.050) 
 36       79    (0)    1 :  0.025 0.008 0.009 0.013 0.851 0.015 0.006 0.005 0.060 0.007     (0.000,0.159) (0.000,0.052) (0.000,0.051) (0.000,0.085) (0.517,1.000) (0.000,0.107) (0.000,0.030) (0.000,0.030) (0.000,0.346) (0.000,0.040) 
 37       84    (0)    1 :  0.073 0.051 0.032 0.064 0.011 0.010 0.566 0.048 0.016 0.130     (0.000,0.397) (0.000,0.300) (0.000,0.226) (0.000,0.314) (0.000,0.069) (0.000,0.061) (0.000,0.988) (0.000,0.327) (0.000,0.110) (0.000,0.704) 
 38       85    (0)    1 :  0.106 0.722 0.010 0.017 0.007 0.012 0.086 0.008 0.017 0.013     (0.000,0.942) (0.000,1.000) (0.000,0.062) (0.000,0.113) (0.000,0.044) (0.000,0.076) (0.000,0.899) (0.000,0.050) (0.000,0.118) (0.000,0.088) 
 39       86    (0)    1 :  0.066 0.735 0.015 0.054 0.012 0.017 0.056 0.017 0.023 0.006     (0.000,0.594) (0.001,1.000) (0.000,0.101) (0.000,0.326) (0.000,0.070) (0.000,0.114) (0.000,0.551) (0.000,0.115) (0.000,0.165) (0.000,0.032) 
 40       89    (0)    1 :  0.173 0.011 0.049 0.024 0.017 0.020 0.353 0.185 0.009 0.159     (0.000,0.600) (0.000,0.066) (0.000,0.354) (0.000,0.159) (0.000,0.109) (0.000,0.132) (0.000,0.848) (0.000,0.601) (0.000,0.048) (0.000,0.684) 
 41       94    (0)    1 :  0.012 0.010 0.007 0.005 0.006 0.026 0.009 0.899 0.005 0.021     (0.000,0.083) (0.000,0.064) (0.000,0.043) (0.000,0.031) (0.000,0.034) (0.000,0.185) (0.000,0.053) (0.636,1.000) (0.000,0.026) (0.000,0.151) 
 42       95    (0)    1 :  0.005 0.007 0.008 0.004 0.004 0.005 0.005 0.005 0.005 0.952     (0.000,0.025) (0.000,0.040) (0.000,0.045) (0.000,0.020) (0.000,0.023) (0.000,0.030) (0.000,0.028) (0.000,0.030) (0.000,0.031) (0.810,1.000) 
 43       96    (0)    1 :  0.007 0.952 0.004 0.004 0.006 0.005 0.006 0.008 0.004 0.004     (0.000,0.042) (0.806,1.000) (0.000,0.023) (0.000,0.023) (0.000,0.032) (0.000,0.025) (0.000,0.031) (0.000,0.049) (0.000,0.024) (0.000,0.020) 
 44       98    (0)    1 :  0.055 0.006 0.699 0.033 0.032 0.007 0.019 0.010 0.135 0.006     (0.000,0.405) (0.000,0.036) (0.000,1.000) (0.000,0.173) (0.000,0.197) (0.000,0.037) (0.000,0.060) (0.000,0.060) (0.000,0.939) (0.000,0.032) 
 45      102    (0)    1 :  0.018 0.006 0.021 0.032 0.011 0.804 0.062 0.023 0.010 0.014     (0.000,0.131) (0.000,0.031) (0.000,0.152) (0.000,0.196) (0.000,0.073) (0.432,1.000) (0.000,0.350) (0.000,0.158) (0.000,0.063) (0.000,0.086) 
 46      105    (0)    1 :  0.006 0.004 0.004 0.004 0.004 0.007 0.005 0.005 0.957 0.005     (0.000,0.030) (0.000,0.021) (0.000,0.024) (0.000,0.024) (0.000,0.020) (0.000,0.041) (0.000,0.026) (0.000,0.026) (0.828,1.000) (0.000,0.030) 
 47      106    (0)    1 :  0.216 0.012 0.026 0.022 0.438 0.029 0.045 0.005 0.115 0.091     (0.000,0.677) (0.000,0.073) (0.000,0.178) (0.000,0.143) (0.000,0.904) (0.000,0.204) (0.000,0.296) (0.000,0.027) (0.000,0.547) (0.000,0.393) 
 48      108    (0)    1 :  0.008 0.008 0.037 0.012 0.035 0.062 0.009 0.008 0.814 0.007     (0.000,0.045) (0.000,0.051) (0.000,0.229) (0.000,0.074) (0.000,0.235) (0.000,0.366) (0.000,0.055) (0.000,0.049) (0.480,1.000) (0.000,0.038) 
 49      109    (0)    1 :  0.020 0.023 0.294 0.008 0.048 0.010 0.042 0.006 0.542 0.007     (0.000,0.137) (0.000,0.168) (0.000,0.971) (0.000,0.040) (0.000,0.308) (0.000,0.058) (0.000,0.244) (0.000,0.035) (0.000,0.999) (0.000,0.037) 
 50      112    (0)    1 :  0.452 0.096 0.160 0.029 0.113 0.037 0.035 0.053 0.009 0.015     (0.000,0.973) (0.000,0.467) (0.000,0.674) (0.000,0.141) (0.000,0.638) (0.000,0.267) (0.000,0.230) (0.000,0.369) (0.000,0.053) (0.000,0.104) 
 51      115    (0)    1 :  0.015 0.009 0.082 0.078 0.021 0.654 0.016 0.084 0.024 0.017     (0.000,0.086) (0.000,0.053) (0.000,0.511) (0.000,0.746) (0.000,0.138) (0.000,0.999) (0.000,0.106) (0.000,0.427) (0.000,0.170) (0.000,0.110) 
 52      116    (0)    1 :  0.143 0.606 0.006 0.009 0.006 0.024 0.159 0.014 0.024 0.008     (0.000,0.716) (0.000,0.999) (0.000,0.031) (0.000,0.052) (0.000,0.033) (0.000,0.171) (0.000,0.925) (0.000,0.083) (0.000,0.174) (0.000,0.049) 
 53      117    (0)    1 :  0.011 0.101 0.018 0.008 0.012 0.015 0.655 0.119 0.012 0.048     (0.000,0.061) (0.000,0.517) (0.000,0.112) (0.000,0.043) (0.000,0.074) (0.000,0.106) (0.000,0.999) (0.000,0.677) (0.000,0.076) (0.000,0.432) 
 54      129    (0)    1 :  0.006 0.854 0.006 0.006 0.004 0.008 0.070 0.008 0.005 0.032     (0.000,0.035) (0.503,1.000) (0.000,0.037) (0.000,0.037) (0.000,0.021) (0.000,0.048) (0.000,0.395) (0.000,0.043) (0.000,0.026) (0.000,0.232) 
 55      132    (0)    1 :  0.015 0.006 0.690 0.051 0.013 0.045 0.013 0.136 0.009 0.023     (0.000,0.097) (0.000,0.033) (0.178,0.998) (0.000,0.311) (0.000,0.083) (0.000,0.307) (0.000,0.083) (0.000,0.556) (0.000,0.050) (0.000,0.166) 
 56      133    (0)    1 :  0.048 0.004 0.704 0.029 0.045 0.006 0.020 0.007 0.131 0.006     (0.000,0.315) (0.000,0.023) (0.000,1.000) (0.000,0.128) (0.000,0.316) (0.000,0.032) (0.000,0.074) (0.000,0.042) (0.000,0.938) (0.000,0.030) 
 57      137    (6)    1 :  0.030 0.010 0.381 0.008 0.498 0.012 0.012 0.018 0.010 0.020     (0.000,0.206) (0.000,0.061) (0.000,0.979) (0.000,0.047) (0.000,0.995) (0.000,0.077) (0.000,0.077) (0.000,0.126) (0.000,0.055) (0.000,0.143) 
 58      139    (0)    1 :  0.009 0.014 0.006 0.011 0.915 0.011 0.007 0.009 0.008 0.011     (0.000,0.052) (0.000,0.097) (0.000,0.035) (0.000,0.069) (0.685,1.000) (0.000,0.068) (0.000,0.041) (0.000,0.054) (0.000,0.046) (0.000,0.073) 
 59      140    (0)    1 :  0.025 0.010 0.144 0.005 0.034 0.011 0.032 0.005 0.722 0.013     (0.000,0.169) (0.000,0.056) (0.000,0.635) (0.000,0.024) (0.000,0.231) (0.000,0.064) (0.000,0.217) (0.000,0.027) (0.270,1.000) (0.000,0.083) 
 60      142    (0)    1 :  0.296 0.005 0.037 0.007 0.576 0.010 0.025 0.014 0.010 0.020     (0.000,0.831) (0.000,0.031) (0.000,0.264) (0.000,0.033) (0.053,0.992) (0.000,0.056) (0.000,0.182) (0.000,0.090) (0.000,0.062) (0.000,0.140) 
 61      144    (0)    1 :  0.006 0.003 0.008 0.004 0.005 0.005 0.004 0.004 0.952 0.010     (0.000,0.032) (0.000,0.018) (0.000,0.048) (0.000,0.023) (0.000,0.029) (0.000,0.025) (0.000,0.024) (0.000,0.019) (0.811,1.000) (0.000,0.063) 
 62      145    (0)    1 :  0.856 0.004 0.015 0.062 0.033 0.006 0.008 0.004 0.007 0.004     (0.000,1.000) (0.000,0.020) (0.000,0.070) (0.000,0.811) (0.000,0.179) (0.000,0.038) (0.000,0.043) (0.000,0.024) (0.000,0.042) (0.000,0.024) 
 63      147    (0)    1 :  0.018 0.008 0.008 0.012 0.043 0.008 0.009 0.005 0.885 0.005     (0.000,0.121) (0.000,0.052) (0.000,0.048) (0.000,0.080) (0.000,0.293) (0.000,0.048) (0.000,0.039) (0.000,0.027) (0.569,1.000) (0.000,0.026) 
 64      160    (0)    1 :  0.005 0.007 0.006 0.005 0.005 0.009 0.009 0.941 0.004 0.008     (0.000,0.031) (0.000,0.041) (0.000,0.033) (0.000,0.026) (0.000,0.029) (0.000,0.050) (0.000,0.058) (0.769,1.000) (0.000,0.025) (0.000,0.048) 
 65     162*    (0)    1 :  0.007 0.950 0.005 0.005 0.005 0.004 0.005 0.010 0.004 0.004     (0.000,0.043) (0.798,1.000) (0.000,0.026) (0.000,0.025) (0.000,0.029) (0.000,0.023) (0.000,0.030) (0.000,0.058) (0.000,0.024) (0.000,0.021) 
 66      166    (0)    1 :  0.007 0.007 0.902 0.009 0.017 0.006 0.012 0.005 0.017 0.018     (0.000,0.043) (0.000,0.039) (0.632,1.000) (0.000,0.054) (0.000,0.098) (0.000,0.035) (0.000,0.072) (0.000,0.027) (0.000,0.098) (0.000,0.128) 
 67      177    (0)    1 :  0.005 0.005 0.005 0.004 0.961 0.004 0.004 0.004 0.004 0.004     (0.000,0.030) (0.000,0.027) (0.000,0.025) (0.000,0.020) (0.846,1.000) (0.000,0.023) (0.000,0.024) (0.000,0.025) (0.000,0.019) (0.000,0.022) 
 68      178    (0)    1 :  0.012 0.014 0.041 0.027 0.802 0.010 0.020 0.041 0.026 0.005     (0.000,0.072) (0.000,0.096) (0.000,0.298) (0.000,0.181) (0.433,1.000) (0.000,0.064) (0.000,0.143) (0.000,0.290) (0.000,0.189) (0.000,0.028) 
 69      186    (0)    1 :  0.005 0.004 0.005 0.003 0.004 0.005 0.840 0.005 0.004 0.125     (0.000,0.025) (0.000,0.024) (0.000,0.026) (0.000,0.017) (0.000,0.021) (0.000,0.026) (0.000,1.000) (0.000,0.028) (0.000,0.021) (0.000,0.988) 
 70      189    (0)    1 :  0.159 0.695 0.005 0.006 0.007 0.009 0.088 0.017 0.004 0.009     (0.000,0.945) (0.000,1.000) (0.000,0.027) (0.000,0.038) (0.000,0.044) (0.000,0.052) (0.000,0.934) (0.000,0.124) (0.000,0.020) (0.000,0.054) 
 71      190    (0)    1 :  0.018 0.732 0.031 0.039 0.013 0.015 0.064 0.059 0.008 0.020     (0.000,0.121) (0.298,0.998) (0.000,0.229) (0.000,0.258) (0.000,0.089) (0.000,0.097) (0.000,0.386) (0.000,0.415) (0.000,0.051) (0.000,0.140) 
 72      191    (0)    1 :  0.176 0.074 0.009 0.006 0.013 0.014 0.613 0.014 0.029 0.051     (0.000,0.607) (0.000,0.537) (0.000,0.049) (0.000,0.034) (0.000,0.081) (0.000,0.089) (0.048,0.989) (0.000,0.096) (0.000,0.209) (0.000,0.380) 
 73      193    (0)    1 :  0.827 0.007 0.018 0.044 0.026 0.010 0.018 0.012 0.009 0.031     (0.009,1.000) (0.000,0.041) (0.000,0.091) (0.000,0.391) (0.000,0.126) (0.000,0.055) (0.000,0.120) (0.000,0.071) (0.000,0.056) (0.000,0.217) 
 74      202    (0)    1 :  0.043 0.388 0.047 0.057 0.008 0.048 0.010 0.384 0.011 0.006     (0.000,0.286) (0.000,0.784) (0.000,0.332) (0.000,0.309) (0.000,0.046) (0.000,0.322) (0.000,0.057) (0.000,0.833) (0.000,0.064) (0.000,0.033) 
 75      204    (0)    1 :  0.005 0.918 0.004 0.003 0.003 0.004 0.017 0.007 0.004 0.033     (0.000,0.028) (0.665,1.000) (0.000,0.023) (0.000,0.019) (0.000,0.019) (0.000,0.023) (0.000,0.115) (0.000,0.043) (0.000,0.025) (0.000,0.232) 
 76      211    (0)    1 :  0.025 0.016 0.543 0.025 0.055 0.019 0.010 0.184 0.110 0.011     (0.000,0.184) (0.000,0.111) (0.000,0.988) (0.000,0.147) (0.000,0.301) (0.000,0.123) (0.000,0.057) (0.000,0.659) (0.000,0.639) (0.000,0.071) 
 77      216    (0)    1 :  0.013 0.005 0.370 0.019 0.030 0.006 0.009 0.016 0.528 0.006     (0.000,0.079) (0.000,0.027) (0.000,0.873) (0.000,0.126) (0.000,0.196) (0.000,0.032) (0.000,0.032) (0.000,0.109) (0.000,0.994) (0.000,0.032) 
 78      222    (0)    1 :  0.345 0.008 0.044 0.021 0.010 0.027 0.067 0.005 0.464 0.010     (0.000,0.859) (0.000,0.041) (0.000,0.332) (0.000,0.120) (0.000,0.059) (0.000,0.194) (0.000,0.648) (0.000,0.025) (0.000,0.989) (0.000,0.068) 
 79      224    (0)    1 :  0.234 0.506 0.007 0.008 0.007 0.021 0.174 0.020 0.014 0.009     (0.000,0.969) (0.000,0.999) (0.000,0.038) (0.000,0.050) (0.000,0.039) (0.000,0.148) (0.000,0.971) (0.000,0.135) (0.000,0.097) (0.000,0.056) 
 80      226    (0)    1 :  0.004 0.007 0.007 0.004 0.004 0.008 0.013 0.004 0.004 0.945     (0.000,0.023) (0.000,0.038) (0.000,0.041) (0.000,0.021) (0.000,0.021) (0.000,0.044) (0.000,0.082) (0.000,0.024) (0.000,0.021) (0.775,1.000) 
 81      229    (0)    1 :  0.050 0.622 0.026 0.133 0.020 0.021 0.028 0.068 0.027 0.005     (0.000,0.292) (0.195,0.953) (0.000,0.193) (0.000,0.492) (0.000,0.138) (0.000,0.146) (0.000,0.193) (0.000,0.462) (0.000,0.201) (0.000,0.029) 
 82      230    (0)    1 :  0.011 0.832 0.010 0.008 0.042 0.014 0.018 0.027 0.013 0.023     (0.000,0.063) (0.500,1.000) (0.000,0.068) (0.000,0.040) (0.000,0.257) (0.000,0.091) (0.000,0.127) (0.000,0.190) (0.000,0.091) (0.000,0.162) 
 83      232    (0)    1 :  0.204 0.082 0.079 0.013 0.049 0.025 0.046 0.428 0.018 0.056     (0.000,0.723) (0.000,0.492) (0.000,0.465) (0.000,0.066) (0.000,0.334) (0.000,0.166) (0.000,0.308) (0.000,0.858) (0.000,0.124) (0.000,0.325) 
 84      238    (0)    1 :  0.045 0.094 0.043 0.047 0.147 0.558 0.006 0.009 0.023 0.027     (0.000,0.302) (0.000,0.459) (0.000,0.304) (0.000,0.280) (0.000,0.546) (0.000,0.990) (0.000,0.028) (0.000,0.057) (0.000,0.167) (0.000,0.187) 
 85      242    (0)    1 :  0.007 0.006 0.009 0.036 0.004 0.911 0.007 0.004 0.009 0.007     (0.000,0.039) (0.000,0.031) (0.000,0.057) (0.000,0.252) (0.000,0.021) (0.653,1.000) (0.000,0.037) (0.000,0.025) (0.000,0.055) (0.000,0.044) 
 86      243    (0)    1 :  0.014 0.008 0.148 0.024 0.027 0.705 0.024 0.009 0.022 0.018     (0.000,0.080) (0.000,0.047) (0.000,0.605) (0.000,0.068) (0.000,0.191) (0.200,0.999) (0.000,0.166) (0.000,0.057) (0.000,0.151) (0.000,0.130) 
 87      244    (0)    1 :  0.015 0.013 0.023 0.049 0.211 0.655 0.010 0.012 0.008 0.005     (0.000,0.101) (0.000,0.086) (0.000,0.166) (0.000,0.293) (0.000,0.641) (0.082,0.998) (0.000,0.061) (0.000,0.075) (0.000,0.046) (0.000,0.026) 
 88      251    (0)    1 :  0.108 0.026 0.030 0.059 0.018 0.618 0.012 0.109 0.014 0.007     (0.000,0.576) (0.000,0.192) (0.000,0.205) (0.000,0.433) (0.000,0.107) (0.000,0.997) (0.000,0.069) (0.000,0.534) (0.000,0.092) (0.000,0.036) 
 89      266    (0)    1 :  0.013 0.031 0.179 0.062 0.531 0.136 0.020 0.008 0.012 0.007     (0.000,0.072) (0.000,0.213) (0.000,0.633) (0.000,0.370) (0.001,0.927) (0.000,0.541) (0.000,0.139) (0.000,0.050) (0.000,0.078) (0.000,0.041) 
 90      267    (0)    1 :  0.014 0.073 0.250 0.013 0.017 0.024 0.037 0.011 0.536 0.026     (0.000,0.089) (0.000,0.375) (0.000,0.882) (0.000,0.082) (0.000,0.120) (0.000,0.164) (0.000,0.216) (0.000,0.065) (0.000,0.997) (0.000,0.189) 
 91      268    (0)    1 :  0.008 0.005 0.322 0.056 0.386 0.009 0.017 0.051 0.143 0.005     (0.000,0.046) (0.000,0.026) (0.000,0.970) (0.000,0.371) (0.000,0.956) (0.000,0.049) (0.000,0.088) (0.000,0.322) (0.000,0.802) (0.000,0.026) 
 92      270    (0)    1 :  0.067 0.697 0.013 0.017 0.008 0.022 0.074 0.024 0.017 0.062     (0.000,0.476) (0.102,0.999) (0.000,0.089) (0.000,0.119) (0.000,0.048) (0.000,0.149) (0.000,0.549) (0.000,0.169) (0.000,0.118) (0.000,0.395) 
 93      276    (0)    1 :  0.123 0.079 0.047 0.013 0.039 0.024 0.546 0.027 0.066 0.035     (0.000,0.586) (0.000,0.590) (0.000,0.342) (0.000,0.062) (0.000,0.269) (0.000,0.172) (0.000,0.985) (0.000,0.189) (0.000,0.390) (0.000,0.246) 
 94      298    (6)    1 :  0.015 0.006 0.054 0.022 0.128 0.013 0.024 0.013 0.714 0.012     (0.000,0.094) (0.000,0.034) (0.000,0.382) (0.000,0.157) (0.000,0.531) (0.000,0.081) (0.000,0.173) (0.000,0.087) (0.281,0.998) (0.000,0.075) 
 95      306    (0)    1 :  0.269 0.005 0.653 0.016 0.010 0.012 0.011 0.006 0.012 0.005     (0.000,0.636) (0.000,0.026) (0.298,0.992) (0.000,0.103) (0.000,0.057) (0.000,0.073) (0.000,0.071) (0.000,0.035) (0.000,0.077) (0.000,0.031) 
 96      308    (0)    1 :  0.234 0.008 0.049 0.020 0.382 0.035 0.011 0.095 0.160 0.006     (0.000,0.705) (0.000,0.044) (0.000,0.354) (0.000,0.110) (0.000,0.920) (0.000,0.260) (0.000,0.060) (0.000,0.455) (0.000,0.623) (0.000,0.033) 
 97      311    (6)    1 :  0.324 0.028 0.333 0.027 0.011 0.105 0.032 0.015 0.116 0.009     (0.000,0.966) (0.000,0.210) (0.000,0.989) (0.000,0.166) (0.000,0.068) (0.000,0.548) (0.000,0.133) (0.000,0.104) (0.000,0.734) (0.000,0.054) 
 98      323    (0)    1 :  0.007 0.008 0.007 0.005 0.007 0.009 0.051 0.006 0.007 0.895     (0.000,0.044) (0.000,0.047) (0.000,0.038) (0.000,0.028) (0.000,0.042) (0.000,0.052) (0.000,0.327) (0.000,0.033) (0.000,0.040) (0.606,1.000) 
 99      327    (0)    1 :  0.019 0.565 0.041 0.037 0.007 0.016 0.041 0.253 0.009 0.011     (0.000,0.132) (0.000,0.985) (0.000,0.283) (0.000,0.263) (0.000,0.041) (0.000,0.104) (0.000,0.302) (0.000,0.749) (0.000,0.055) (0.000,0.070) 
100      334    (0)    1 :  0.006 0.004 0.005 0.918 0.004 0.044 0.004 0.005 0.007 0.004     (0.000,0.031) (0.000,0.022) (0.000,0.024) (0.679,1.000) (0.000,0.025) (0.000,0.171) (0.000,0.022) (0.000,0.029) (0.000,0.041) (0.000,0.020) 
101      338    (0)    1 :  0.277 0.018 0.344 0.017 0.016 0.016 0.042 0.024 0.234 0.013     (0.000,0.943) (0.000,0.117) (0.000,0.936) (0.000,0.096) (0.000,0.098) (0.000,0.101) (0.000,0.252) (0.000,0.173) (0.000,0.960) (0.000,0.084) 
102      341    (0)    1 :  0.009 0.010 0.022 0.006 0.007 0.010 0.084 0.008 0.006 0.837     (0.000,0.052) (0.000,0.067) (0.000,0.157) (0.000,0.036) (0.000,0.039) (0.000,0.061) (0.000,0.440) (0.000,0.047) (0.000,0.035) (0.465,1.000) 
103      346    (0)    1 :  0.016 0.008 0.555 0.006 0.336 0.009 0.009 0.040 0.006 0.014     (0.000,0.093) (0.000,0.047) (0.000,0.999) (0.000,0.032) (0.000,0.989) (0.000,0.048) (0.000,0.054) (0.000,0.288) (0.000,0.035) (0.000,0.091) 
104      348    (0)    1 :  0.106 0.008 0.032 0.017 0.262 0.027 0.030 0.007 0.506 0.006     (0.000,0.504) (0.000,0.047) (0.000,0.244) (0.000,0.104) (0.000,0.766) (0.000,0.192) (0.000,0.181) (0.000,0.044) (0.000,0.991) (0.000,0.032) 
105      351    (0)    1 :  0.017 0.007 0.283 0.260 0.019 0.324 0.015 0.037 0.008 0.030     (0.000,0.105) (0.000,0.039) (0.000,0.961) (0.000,0.865) (0.000,0.126) (0.000,0.979) (0.000,0.102) (0.000,0.265) (0.000,0.048) (0.000,0.218) 
106      362    (0)    1 :  0.008 0.899 0.007 0.004 0.005 0.006 0.014 0.027 0.006 0.025     (0.000,0.047) (0.616,1.000) (0.000,0.037) (0.000,0.020) (0.000,0.029) (0.000,0.036) (0.000,0.087) (0.000,0.176) (0.000,0.034) (0.000,0.176) 
107      364    (0)    1 :  0.020 0.005 0.031 0.026 0.010 0.868 0.007 0.011 0.009 0.014     (0.000,0.139) (0.000,0.028) (0.000,0.216) (0.000,0.186) (0.000,0.058) (0.556,1.000) (0.000,0.040) (0.000,0.066) (0.000,0.052) (0.000,0.097) 
108      366    (0)    1 :  0.006 0.045 0.033 0.014 0.009 0.834 0.017 0.012 0.022 0.007     (0.000,0.036) (0.000,0.312) (0.000,0.233) (0.000,0.037) (0.000,0.053) (0.439,1.000) (0.000,0.108) (0.000,0.072) (0.000,0.157) (0.000,0.044) 
109      376    (0)    1 :  0.032 0.015 0.016 0.007 0.015 0.008 0.763 0.020 0.006 0.117     (0.000,0.205) (0.000,0.102) (0.000,0.111) (0.000,0.039) (0.000,0.104) (0.000,0.052) (0.000,1.000) (0.000,0.146) (0.000,0.034) (0.000,0.890) 
110      377    (6)    1 :  0.527 0.094 0.020 0.009 0.008 0.014 0.094 0.192 0.027 0.016     (0.000,0.997) (0.000,0.489) (0.000,0.122) (0.000,0.042) (0.000,0.045) (0.000,0.084) (0.000,0.560) (0.000,0.808) (0.000,0.194) (0.000,0.110) 
111      378    (0)    1 :  0.017 0.006 0.019 0.005 0.013 0.005 0.022 0.898 0.008 0.006     (0.000,0.122) (0.000,0.037) (0.000,0.113) (0.000,0.028) (0.000,0.087) (0.000,0.027) (0.000,0.157) (0.640,1.000) (0.000,0.048) (0.000,0.036) 
112      388    (0)    1 :  0.030 0.011 0.428 0.026 0.010 0.015 0.036 0.022 0.413 0.007     (0.000,0.204) (0.000,0.070) (0.000,0.996) (0.000,0.180) (0.000,0.064) (0.000,0.099) (0.000,0.159) (0.000,0.161) (0.000,0.997) (0.000,0.046) 
113      391    (0)    1 :  0.141 0.008 0.232 0.007 0.010 0.015 0.091 0.204 0.025 0.267     (0.000,0.611) (0.000,0.052) (0.000,0.835) (0.000,0.035) (0.000,0.055) (0.000,0.088) (0.000,0.451) (0.000,0.596) (0.000,0.184) (0.000,0.664) 
114      401    (0)    1 :  0.054 0.421 0.022 0.056 0.175 0.183 0.047 0.011 0.008 0.023     (0.000,0.361) (0.000,0.776) (0.000,0.147) (0.000,0.348) (0.000,0.597) (0.000,0.673) (0.000,0.333) (0.000,0.065) (0.000,0.044) (0.000,0.157) 
115      406    (0)    1 :  0.126 0.010 0.548 0.011 0.022 0.038 0.036 0.013 0.114 0.082     (0.000,0.759) (0.000,0.058) (0.000,0.998) (0.000,0.046) (0.000,0.151) (0.000,0.262) (0.000,0.240) (0.000,0.083) (0.000,0.782) (0.000,0.474) 
116      412    (6)    1 :  0.274 0.017 0.515 0.010 0.013 0.015 0.037 0.025 0.078 0.014     (0.000,0.990) (0.000,0.113) (0.000,0.999) (0.000,0.045) (0.000,0.078) (0.000,0.089) (0.000,0.230) (0.000,0.178) (0.000,0.696) (0.000,0.092) 
117      413    (0)    1 :  0.705 0.011 0.011 0.192 0.031 0.022 0.006 0.005 0.013 0.003     (0.000,0.998) (0.000,0.068) (0.000,0.063) (0.000,0.869) (0.000,0.194) (0.000,0.160) (0.000,0.030) (0.000,0.029) (0.000,0.084) (0.000,0.018) 
118      421    (0)    1 :  0.489 0.227 0.031 0.016 0.016 0.016 0.164 0.013 0.016 0.011     (0.000,0.960) (0.000,0.722) (0.000,0.220) (0.000,0.092) (0.000,0.104) (0.000,0.089) (0.000,0.887) (0.000,0.082) (0.000,0.103) (0.000,0.076) 
119      423    (0)    1 :  0.538 0.228 0.007 0.013 0.006 0.025 0.086 0.013 0.024 0.060     (0.000,0.988) (0.000,0.854) (0.000,0.038) (0.000,0.067) (0.000,0.034) (0.000,0.168) (0.000,0.911) (0.000,0.081) (0.000,0.167) (0.000,0.303) 
120      424    (0)    1 :  0.348 0.009 0.357 0.014 0.016 0.025 0.050 0.026 0.018 0.137     (0.000,0.970) (0.000,0.054) (0.000,0.993) (0.000,0.081) (0.000,0.098) (0.000,0.171) (0.000,0.360) (0.000,0.175) (0.000,0.114) (0.000,0.617) 
121      426    (0)    1 :  0.043 0.029 0.052 0.010 0.016 0.020 0.116 0.690 0.012 0.011     (0.000,0.284) (0.000,0.204) (0.000,0.378) (0.000,0.060) (0.000,0.111) (0.000,0.135) (0.000,0.536) (0.178,0.997) (0.000,0.077) (0.000,0.066) 
122      430   (12)    1 :  0.322 0.015 0.464 0.036 0.051 0.009 0.040 0.017 0.018 0.028     (0.000,0.916) (0.000,0.098) (0.000,0.991) (0.000,0.246) (0.000,0.372) (0.000,0.047) (0.000,0.285) (0.000,0.113) (0.000,0.114) (0.000,0.199) 
123      435    (0)    1 :  0.457 0.004 0.019 0.012 0.457 0.005 0.006 0.013 0.024 0.004     (0.000,0.875) (0.000,0.024) (0.000,0.120) (0.000,0.047) (0.000,0.948) (0.000,0.025) (0.000,0.035) (0.000,0.077) (0.000,0.161) (0.000,0.021) 
124      476    (0)    1 :  0.022 0.201 0.016 0.011 0.021 0.027 0.211 0.018 0.008 0.464     (0.000,0.152) (0.000,0.605) (0.000,0.107) (0.000,0.061) (0.000,0.149) (0.000,0.186) (0.000,0.678) (0.000,0.125) (0.000,0.052) (0.117,0.836) 
125      478    (0)    1 :  0.044 0.100 0.016 0.010 0.007 0.035 0.419 0.017 0.009 0.342     (0.000,0.316) (0.000,0.452) (0.000,0.106) (0.000,0.069) (0.000,0.039) (0.000,0.242) (0.000,0.987) (0.000,0.116) (0.000,0.056) (0.000,0.916) 
126      484    (0)    1 :  0.015 0.006 0.378 0.010 0.028 0.006 0.025 0.009 0.511 0.011     (0.000,0.081) (0.000,0.035) (0.000,0.957) (0.000,0.051) (0.000,0.203) (0.000,0.037) (0.000,0.130) (0.000,0.051) (0.000,0.997) (0.000,0.069) 
127      489    (0)    1 :  0.598 0.011 0.021 0.012 0.007 0.007 0.042 0.248 0.039 0.016     (0.000,1.000) (0.000,0.052) (0.000,0.128) (0.000,0.078) (0.000,0.038) (0.000,0.035) (0.000,0.338) (0.000,0.926) (0.000,0.296) (0.000,0.105) 
128      492   (18)    1 :  0.007 0.003 0.007 0.925 0.004 0.037 0.004 0.004 0.005 0.004     (0.000,0.034) (0.000,0.019) (0.000,0.038) (0.737,1.000) (0.000,0.021) (0.000,0.090) (0.000,0.023) (0.000,0.021) (0.000,0.026) (0.000,0.021) 
129      493    (0)    1 :  0.012 0.014 0.009 0.007 0.007 0.903 0.004 0.011 0.005 0.026     (0.000,0.079) (0.000,0.100) (0.000,0.061) (0.000,0.031) (0.000,0.040) (0.645,1.000) (0.000,0.021) (0.000,0.075) (0.000,0.030) (0.000,0.189) 
130      494    (0)    1 :  0.018 0.014 0.006 0.015 0.008 0.877 0.011 0.028 0.007 0.017     (0.000,0.124) (0.000,0.088) (0.000,0.031) (0.000,0.097) (0.000,0.048) (0.578,1.000) (0.000,0.067) (0.000,0.203) (0.000,0.042) (0.000,0.122) 
131      500    (0)    1 :  0.008 0.923 0.005 0.003 0.004 0.008 0.013 0.008 0.004 0.023     (0.000,0.037) (0.681,1.000) (0.000,0.028) (0.000,0.017) (0.000,0.023) (0.000,0.046) (0.000,0.073) (0.000,0.048) (0.000,0.020) (0.000,0.166) 
132      504    (0)    1 :  0.014 0.043 0.170 0.058 0.014 0.020 0.022 0.053 0.597 0.010     (0.000,0.080) (0.000,0.278) (0.000,0.753) (0.000,0.337) (0.000,0.089) (0.000,0.137) (0.000,0.106) (0.000,0.318) (0.000,0.992) (0.000,0.064) 
133      506    (0)    1 :  0.007 0.107 0.021 0.004 0.005 0.006 0.018 0.008 0.818 0.006     (0.000,0.041) (0.000,0.445) (0.000,0.138) (0.000,0.022) (0.000,0.028) (0.000,0.032) (0.000,0.118) (0.000,0.048) (0.453,1.000) (0.000,0.034) 


Estimated Allele Frequencies in each cluster
First column gives estimated ancestral frequencies


Locus 1 : Rsu3 
3 alleles
0.0% missing data
 164   (0.514) 0.280 0.685 0.527 0.173 0.663 0.600 0.755 0.642 0.390 0.197 
 166   (0.247) 0.561 0.062 0.344 0.417 0.100 0.186 0.108 0.242 0.576 0.065 
 170   (0.239) 0.159 0.253 0.129 0.410 0.236 0.214 0.137 0.116 0.033 0.737 

Locus 2 : Rsu5 
5 alleles
0.0% missing data
 137   (0.735) 0.865 0.956 0.883 0.254 0.803 0.681 0.966 0.903 0.342 0.960 
 135   (0.086) 0.077 0.008 0.069 0.020 0.039 0.120 0.013 0.055 0.013 0.021 
 139   (0.098) 0.041 0.029 0.016 0.710 0.057 0.157 0.010 0.035 0.010 0.012 
 133   (0.024) 0.003 0.002 0.003 0.004 0.003 0.026 0.002 0.002 0.002 0.002 
 131   (0.056) 0.014 0.005 0.029 0.011 0.098 0.016 0.009 0.005 0.633 0.005 

Locus 3 : Scv1 
5 alleles
0.0% missing data
 181   (0.541) 0.322 0.679 0.355 0.176 0.350 0.702 0.851 0.808 0.394 0.938 
 179   (0.188) 0.092 0.077 0.370 0.719 0.293 0.129 0.082 0.081 0.085 0.024 
 177   (0.107) 0.301 0.015 0.235 0.037 0.024 0.061 0.023 0.096 0.162 0.016 
 185   (0.135) 0.280 0.226 0.036 0.060 0.328 0.065 0.041 0.012 0.357 0.019 
 171   (0.029) 0.005 0.002 0.004 0.008 0.004 0.043 0.003 0.003 0.003 0.003 

Locus 4 : Rsu4 
9 alleles
0.0% missing data
 267   (0.193) 0.070 0.325 0.064 0.640 0.096 0.274 0.047 0.076 0.105 0.317 
 263   (0.345) 0.792 0.202 0.347 0.204 0.284 0.259 0.411 0.795 0.403 0.469 
 259   (0.053) 0.035 0.136 0.009 0.013 0.008 0.016 0.450 0.034 0.006 0.040 
 287   (0.166) 0.060 0.281 0.463 0.045 0.083 0.128 0.064 0.055 0.139 0.148 
 275   (0.037) 0.004 0.003 0.008 0.010 0.017 0.119 0.003 0.003 0.003 0.004 
 279   (0.064) 0.010 0.010 0.018 0.041 0.307 0.087 0.007 0.014 0.007 0.008 
 283   (0.076) 0.019 0.006 0.080 0.021 0.196 0.047 0.011 0.007 0.330 0.008 
 291   (0.036) 0.007 0.034 0.007 0.020 0.006 0.026 0.005 0.014 0.004 0.004 
 271   (0.029) 0.003 0.002 0.004 0.006 0.004 0.046 0.003 0.002 0.003 0.003 

Locus 5 : Rsu6 
5 alleles
0.0% missing data
 120   (0.270) 0.230 0.181 0.397 0.127 0.206 0.216 0.370 0.544 0.079 0.238 
 126   (0.602) 0.750 0.475 0.588 0.835 0.774 0.635 0.613 0.403 0.908 0.478 
 124   (0.074) 0.009 0.326 0.009 0.028 0.013 0.051 0.008 0.049 0.008 0.279 
 130   (0.030) 0.003 0.002 0.003 0.005 0.004 0.090 0.002 0.002 0.003 0.003 
 114   (0.025) 0.007 0.015 0.003 0.005 0.004 0.008 0.007 0.002 0.003 0.003 

Locus 6 : Scv12 
3 alleles
1.5% missing data
 198   (0.584) 0.804 0.238 0.561 0.768 0.635 0.720 0.477 0.404 0.398 0.904 
 196   (0.256) 0.150 0.139 0.393 0.164 0.211 0.146 0.461 0.270 0.552 0.073 
 200   (0.160) 0.046 0.623 0.046 0.069 0.154 0.135 0.062 0.326 0.051 0.023 

Locus 7 : Scv23 
3 alleles
0.8% missing data
 158   (0.519) 0.762 0.735 0.450 0.577 0.532 0.458 0.460 0.445 0.827 0.319 
 164   (0.200) 0.048 0.057 0.273 0.346 0.037 0.255 0.404 0.082 0.096 0.389 
 160   (0.281) 0.190 0.209 0.277 0.077 0.431 0.287 0.136 0.473 0.077 0.291 

Locus 8 : Scv13 
5 alleles
0.0% missing data
 182   (0.727) 0.936 0.909 0.901 0.932 0.464 0.667 0.816 0.967 0.916 0.776 
 180   (0.097) 0.026 0.063 0.018 0.026 0.017 0.120 0.158 0.017 0.009 0.185 
 172   (0.076) 0.012 0.007 0.057 0.015 0.330 0.063 0.010 0.006 0.063 0.009 
 184   (0.063) 0.018 0.017 0.017 0.018 0.017 0.129 0.013 0.006 0.008 0.027 
 174   (0.037) 0.008 0.004 0.008 0.009 0.171 0.021 0.003 0.003 0.004 0.004 

Locus 9 : Scv32 
18 alleles
0.8% missing data
 236   (0.035) 0.004 0.003 0.006 0.011 0.007 0.142 0.003 0.003 0.003 0.004 
 238   (0.043) 0.011 0.004 0.258 0.016 0.007 0.022 0.007 0.005 0.054 0.005 
 234   (0.142) 0.312 0.019 0.312 0.094 0.660 0.063 0.421 0.084 0.069 0.163 
 246   (0.062) 0.057 0.157 0.009 0.019 0.014 0.018 0.302 0.009 0.007 0.259 
 248   (0.087) 0.113 0.077 0.045 0.415 0.012 0.104 0.043 0.402 0.018 0.011 
 262   (0.102) 0.101 0.340 0.099 0.110 0.029 0.054 0.021 0.148 0.030 0.020 
 232   (0.156) 0.237 0.070 0.054 0.058 0.033 0.363 0.086 0.015 0.565 0.334 
 250   (0.027) 0.006 0.004 0.016 0.007 0.004 0.008 0.004 0.289 0.003 0.006 
 228   (0.028) 0.005 0.003 0.004 0.009 0.005 0.041 0.003 0.003 0.003 0.003 
 220   (0.040) 0.007 0.279 0.006 0.015 0.006 0.013 0.068 0.008 0.004 0.025 
 264   (0.062) 0.035 0.006 0.097 0.016 0.020 0.055 0.010 0.009 0.006 0.093 
 252   (0.047) 0.008 0.023 0.017 0.012 0.095 0.014 0.006 0.005 0.088 0.006 
 254   (0.051) 0.009 0.004 0.030 0.183 0.087 0.016 0.006 0.008 0.096 0.005 
 242   (0.027) 0.003 0.002 0.003 0.006 0.004 0.046 0.002 0.002 0.002 0.003 
 266   (0.023) 0.022 0.002 0.035 0.007 0.004 0.008 0.005 0.002 0.025 0.003 
 244   (0.026) 0.064 0.003 0.006 0.011 0.004 0.008 0.010 0.005 0.021 0.003 
 226   (0.022) 0.003 0.002 0.003 0.005 0.003 0.006 0.002 0.002 0.002 0.056 
 240   (0.019) 0.002 0.002 0.003 0.006 0.007 0.020 0.002 0.002 0.002 0.002 

Locus 10 : Scv8 
6 alleles
0.8% missing data
 200   (0.634) 0.488 0.763 0.828 0.821 0.422 0.640 0.694 0.817 0.610 0.940 
 202   (0.095) 0.082 0.008 0.090 0.053 0.048 0.169 0.015 0.008 0.049 0.011 
 194   (0.080) 0.313 0.046 0.030 0.046 0.027 0.036 0.250 0.019 0.008 0.028 
 204   (0.050) 0.015 0.036 0.010 0.042 0.009 0.024 0.007 0.140 0.005 0.007 
 198   (0.071) 0.084 0.140 0.012 0.020 0.014 0.096 0.025 0.009 0.007 0.008 
 188   (0.069) 0.019 0.006 0.031 0.020 0.480 0.035 0.008 0.006 0.321 0.006 

Locus 11 : Scv9 
5 alleles
0.0% missing data
 198   (0.329) 0.246 0.086 0.647 0.468 0.568 0.196 0.446 0.503 0.347 0.347 
 200   (0.341) 0.152 0.647 0.092 0.416 0.103 0.505 0.422 0.384 0.348 0.261 
 196   (0.261) 0.590 0.260 0.249 0.102 0.186 0.279 0.125 0.107 0.295 0.045 
 204   (0.045) 0.010 0.004 0.008 0.009 0.112 0.013 0.006 0.005 0.005 0.345 
 202   (0.023) 0.003 0.002 0.003 0.005 0.032 0.007 0.002 0.002 0.004 0.002 

Locus 12 : Rsu1 
6 alleles
0.0% missing data
 189   (0.300) 0.250 0.068 0.227 0.450 0.268 0.512 0.473 0.057 0.083 0.322 
 185   (0.278) 0.340 0.157 0.555 0.439 0.123 0.183 0.281 0.061 0.808 0.138 
 177   (0.081) 0.039 0.163 0.015 0.026 0.046 0.048 0.019 0.010 0.070 0.017 
 181   (0.236) 0.330 0.207 0.186 0.060 0.548 0.227 0.077 0.815 0.029 0.045 
 193   (0.059) 0.027 0.290 0.011 0.017 0.008 0.017 0.142 0.053 0.005 0.015 
 197   (0.046) 0.014 0.114 0.005 0.008 0.006 0.013 0.009 0.004 0.004 0.463 

Locus 13 : Scv14 
7 alleles
4.5% missing data
 196   (0.562) 0.660 0.849 0.467 0.169 0.661 0.495 0.877 0.900 0.588 0.937 
 198   (0.080) 0.011 0.007 0.291 0.035 0.063 0.102 0.008 0.011 0.026 0.008 
 194   (0.122) 0.271 0.020 0.029 0.037 0.160 0.196 0.047 0.047 0.028 0.019 
 202   (0.166) 0.048 0.110 0.198 0.737 0.089 0.163 0.059 0.023 0.351 0.028 
 204   (0.023) 0.003 0.002 0.003 0.005 0.003 0.024 0.003 0.002 0.002 0.002 
 190   (0.023) 0.004 0.010 0.004 0.010 0.004 0.008 0.002 0.015 0.002 0.002 
 200   (0.023) 0.003 0.002 0.008 0.008 0.021 0.010 0.003 0.002 0.002 0.002 

Locus 14 : Scv16 
7 alleles
0.0% missing data
 182   (0.390) 0.688 0.571 0.511 0.816 0.518 0.238 0.402 0.790 0.240 0.060 
 184   (0.415) 0.257 0.291 0.433 0.139 0.193 0.553 0.537 0.190 0.700 0.910 
 188   (0.067) 0.033 0.126 0.008 0.014 0.009 0.141 0.049 0.006 0.007 0.018 
 200   (0.025) 0.003 0.002 0.003 0.005 0.003 0.025 0.002 0.002 0.003 0.002 
 198   (0.042) 0.009 0.004 0.028 0.013 0.169 0.012 0.004 0.006 0.028 0.004 
 190   (0.036) 0.006 0.003 0.014 0.008 0.101 0.011 0.004 0.003 0.020 0.004 
 186   (0.024) 0.003 0.003 0.004 0.005 0.007 0.020 0.002 0.002 0.003 0.003 

Locus 15 : Scv31 
15 alleles
3.0% missing data
 193   (0.117) 0.030 0.038 0.296 0.099 0.035 0.083 0.023 0.633 0.116 0.016 
 201   (0.105) 0.016 0.070 0.018 0.069 0.016 0.229 0.032 0.080 0.085 0.011 
 187   (0.089) 0.014 0.370 0.033 0.040 0.014 0.028 0.361 0.048 0.110 0.109 
 207   (0.041) 0.011 0.008 0.005 0.010 0.006 0.012 0.361 0.003 0.004 0.277 
 195   (0.066) 0.202 0.060 0.014 0.022 0.033 0.021 0.065 0.013 0.202 0.010 
 185   (0.159) 0.142 0.017 0.497 0.067 0.321 0.125 0.026 0.021 0.139 0.518 
 189   (0.058) 0.007 0.005 0.007 0.013 0.008 0.217 0.005 0.147 0.006 0.006 
 205   (0.023) 0.003 0.002 0.003 0.005 0.005 0.023 0.002 0.002 0.003 0.002 
 191   (0.134) 0.539 0.349 0.089 0.085 0.449 0.058 0.101 0.034 0.016 0.026 
 197   (0.030) 0.003 0.006 0.005 0.007 0.004 0.009 0.004 0.004 0.258 0.005 
 199   (0.059) 0.009 0.005 0.009 0.015 0.090 0.074 0.006 0.006 0.049 0.006 
 203   (0.029) 0.003 0.002 0.003 0.009 0.004 0.068 0.002 0.002 0.003 0.003 
 209   (0.030) 0.004 0.003 0.013 0.036 0.008 0.033 0.003 0.003 0.003 0.003 
 213   (0.025) 0.003 0.002 0.003 0.515 0.003 0.011 0.002 0.002 0.002 0.002 
 181   (0.034) 0.014 0.063 0.005 0.008 0.005 0.010 0.008 0.003 0.003 0.005 

Locus 16 : Scv6 
8 alleles
0.0% missing data
 191   (0.110) 0.016 0.199 0.020 0.325 0.016 0.186 0.025 0.262 0.018 0.011 
 195   (0.372) 0.495 0.445 0.517 0.100 0.204 0.311 0.457 0.423 0.636 0.896 
 197   (0.206) 0.060 0.315 0.240 0.062 0.405 0.118 0.459 0.280 0.226 0.055 
 201   (0.082) 0.035 0.007 0.066 0.112 0.135 0.143 0.008 0.011 0.008 0.010 
 205   (0.026) 0.003 0.002 0.003 0.004 0.003 0.047 0.002 0.002 0.002 0.002 
 193   (0.102) 0.091 0.011 0.101 0.032 0.196 0.121 0.013 0.009 0.081 0.010 
 199   (0.075) 0.298 0.018 0.049 0.359 0.037 0.029 0.034 0.011 0.026 0.013 
 181   (0.026) 0.003 0.002 0.003 0.006 0.004 0.045 0.002 0.002 0.003 0.002 

Values of parameters used in structure:
DATAFILE=M:\STRUCTURE\Squirrel_133_ID_16L_20250816\project_data,	OUTFILE=M:\STRUCTURE\Squirrel_133_ID_16L_20250816\10k_Burnin_100k_MCMC\Results\10k_Burnin_100k_MCMC_run_247,	NUMINDS=133,	NUMLOCI=16,	MISSING=-9,	LABEL=1,	POPDATA=1,	POPFLAG=0,	PHENOTYPE=0,	EXTRACOLS=1,	MAXPOPS=10,	BURNIN=10000,	NUMREPS=100000,	USEPOPINFO=0,	INFERALPHA=1,	INFERLAMBDA=1,	POPSPECIFICLAMBDA=0,	POPALPHAS=0,	COMPUTEPROB=1,	NOADMIX=0,	ADMBURNIN=2500,	UPDATEFREQ=1,	PRINTLIKES=0,	INTERMEDSAVE=0,	PRINTKLD=0,	PRINTNET=0,	PRINTLAMBDA=0,	ANCESTDIST=1,	NUMBOXES=1000,	ANCESTPINT=0.90000,	GENSBACK=2,	MIGRPRIOR=0.05000,	PRINTQHAT=1,	PRINTQSUM=0,	ALPHA=1.0000,	FREQSCORR=1,	FPRIORMEAN=0.0100,	FPRIORSD=0.0500,	ONEFST=0,	LAMBDA=1.0000,	UNIFPRIORALPHA=1,	ALPHAMAX=10.0000,	ALPHAPRIORA=1.0000,	ALPHAPRIORB=2.0000,	ALPHAPROPSD=0.0250,	STARTATPOPINFO=0,	RANDOMIZE=1,	LINKAGE=0,	METROFREQ=10,	REPORTHITRATE=0,	MARKOVPHASE=-1,	PHASED=0,	PLOIDY=2,	PHASEINFO=0	LOCPRIOR=0, 	LOCPRIORINIT=1.000000, 	LOCDATA=0, 	LOCISPOP=0, 	LOCPRIORSTEP=0.100000, 	MAXLOCPRIOR=20.000000, 	SEED=1763682827,	
[STRAT parameters]:    NUMSIMSTATS=1000,	PHENOTYPECOL=-9,	POOLFREQ=10,	LOCUSxONLY=0,	EMERROR=0.00100,	MISSINGPHENO=-9,	