

----------------------------------------------------
STRUCTURE by Pritchard, Stephens and Donnelly (2000)
     and Falush, Stephens and Pritchard (2003)
       Code by Pritchard, Falush and Hubisz
             Version 2.3.4 (Jul 2012)
----------------------------------------------------



Command line arguments:   bin\structure -m M:\STRUCTURE\Squirrel_133_ID_16L_20250816\10k_Burnin_100k_MCMC\mainparams -e M:\STRUCTURE\Squirrel_133_ID_16L_20250816\10k_Burnin_100k_MCMC\extraparams 
Input File:    M:\STRUCTURE\Squirrel_133_ID_16L_20250816\project_data

Run parameters:
   133 individuals
   16 loci
   2 populations assumed
   10000 Burn-in period
   100000 Reps


--------------------------------------------
Proportion of membership of each pre-defined
 population in each of the 2 clusters

Given    Inferred Clusters       Number of
 Pop       1      2             Individuals

  1:     0.506  0.494             133
--------------------------------------------

Allele-freq. divergence among pops (Net nucleotide distance),
computed using point estimates of P.

      1       2      
 1      -    0.0322  
 2   0.0322     -    

Average distances (expected heterozygosity) between individuals in same cluster:
cluster  1  : 0.6269 
cluster  2  : 0.5757 

--------------------------------------------
Estimated Ln Prob of Data   = -5147.4
Mean value of ln likelihood = -5075.5
Variance of ln likelihood   = 143.7
Mean value of alpha         = 0.0549

Mean value of lambda        = 1.0969

Mean value of Fst_1         = 0.0586
Mean value of Fst_2         = 0.1003


Inferred ancestry of individuals:
        Label (%Miss) Pop:  Inferred clusters (and 90% probability intervals)
  1       1*    (0)    1 :  0.927 0.073     (0.518,1.000) (0.000,0.482) 
  2        3    (0)    1 :  0.016 0.984     (0.000,0.097) (0.903,1.000) 
  3        6    (0)    1 :  0.033 0.967     (0.000,0.235) (0.765,1.000) 
  4        8    (0)    1 :  0.010 0.990     (0.000,0.062) (0.938,1.000) 
  5       10    (0)    1 :  0.009 0.991     (0.000,0.052) (0.948,1.000) 
  6       11    (0)    1 :  0.201 0.799     (0.000,1.000) (0.000,1.000) 
  7       12    (0)    1 :  0.019 0.981     (0.000,0.112) (0.888,1.000) 
  8       16    (6)    1 :  0.010 0.990     (0.000,0.060) (0.940,1.000) 
  9       18    (0)    1 :  0.176 0.824     (0.000,1.000) (0.000,1.000) 
 10       19    (0)    1 :  0.858 0.142     (0.003,1.000) (0.000,0.997) 
 11       21    (6)    1 :  0.014 0.986     (0.000,0.090) (0.910,1.000) 
 12       23    (6)    1 :  0.461 0.539     (0.000,1.000) (0.000,1.000) 
 13       24    (6)    1 :  0.056 0.944     (0.000,0.387) (0.613,1.000) 
 14       25    (6)    1 :  0.081 0.919     (0.000,0.488) (0.512,1.000) 
 15      26*    (0)    1 :  0.006 0.994     (0.000,0.034) (0.966,1.000) 
 16       28    (0)    1 :  0.009 0.991     (0.000,0.050) (0.950,1.000) 
 17       29    (0)    1 :  0.010 0.990     (0.000,0.061) (0.939,1.000) 
 18       30    (0)    1 :  0.134 0.866     (0.000,0.747) (0.253,1.000) 
 19       33    (0)    1 :  0.987 0.013     (0.919,1.000) (0.000,0.081) 
 20       37    (0)    1 :  0.192 0.808     (0.000,1.000) (0.000,1.000) 
 21       38    (0)    1 :  0.134 0.866     (0.000,1.000) (0.000,1.000) 
 22       43    (0)    1 :  0.009 0.991     (0.000,0.056) (0.944,1.000) 
 23       44    (0)    1 :  0.014 0.986     (0.000,0.090) (0.910,1.000) 
 24       48    (0)    1 :  0.180 0.820     (0.000,1.000) (0.000,1.000) 
 25       55    (0)    1 :  0.020 0.980     (0.000,0.141) (0.859,1.000) 
 26       59    (0)    1 :  0.011 0.989     (0.000,0.068) (0.932,1.000) 
 27       60    (0)    1 :  0.986 0.014     (0.912,1.000) (0.000,0.088) 
 28       61    (0)    1 :  0.988 0.012     (0.926,1.000) (0.000,0.074) 
 29       62    (0)    1 :  0.944 0.056     (0.617,1.000) (0.000,0.383) 
 30       65    (0)    1 :  0.662 0.338     (0.003,1.000) (0.000,0.997) 
 31       73    (0)    1 :  0.969 0.031     (0.797,1.000) (0.000,0.203) 
 32       75    (0)    1 :  0.989 0.011     (0.929,1.000) (0.000,0.071) 
 33       76    (0)    1 :  0.991 0.009     (0.948,1.000) (0.000,0.052) 
 34       77    (0)    1 :  0.987 0.013     (0.922,1.000) (0.000,0.078) 
 35       78    (0)    1 :  0.990 0.010     (0.937,1.000) (0.000,0.063) 
 36       79    (0)    1 :  0.994 0.006     (0.962,1.000) (0.000,0.038) 
 37       84    (0)    1 :  0.041 0.959     (0.000,0.291) (0.709,1.000) 
 38       85    (0)    1 :  0.034 0.966     (0.000,0.241) (0.759,1.000) 
 39       86    (0)    1 :  0.068 0.932     (0.000,0.433) (0.567,1.000) 
 40       89    (0)    1 :  0.056 0.944     (0.000,0.379) (0.621,1.000) 
 41       94    (0)    1 :  0.010 0.990     (0.000,0.053) (0.947,1.000) 
 42       95    (0)    1 :  0.021 0.979     (0.000,0.147) (0.853,1.000) 
 43       96    (0)    1 :  0.010 0.990     (0.000,0.065) (0.935,1.000) 
 44       98    (0)    1 :  0.989 0.011     (0.931,1.000) (0.000,0.069) 
 45      102    (0)    1 :  0.237 0.763     (0.000,1.000) (0.000,1.000) 
 46      105    (0)    1 :  0.991 0.009     (0.947,1.000) (0.000,0.053) 
 47      106    (0)    1 :  0.952 0.048     (0.711,1.000) (0.000,0.289) 
 48      108    (0)    1 :  0.986 0.014     (0.912,1.000) (0.000,0.088) 
 49      109    (0)    1 :  0.973 0.027     (0.808,1.000) (0.000,0.192) 
 50      112    (0)    1 :  0.677 0.323     (0.000,1.000) (0.000,1.000) 
 51      115    (0)    1 :  0.364 0.636     (0.000,1.000) (0.000,1.000) 
 52      116    (0)    1 :  0.021 0.979     (0.000,0.138) (0.862,1.000) 
 53      117    (0)    1 :  0.024 0.976     (0.000,0.155) (0.845,1.000) 
 54      129    (0)    1 :  0.006 0.994     (0.000,0.034) (0.966,1.000) 
 55      132    (0)    1 :  0.928 0.072     (0.511,1.000) (0.000,0.489) 
 56      133    (0)    1 :  0.991 0.009     (0.949,1.000) (0.000,0.051) 
 57      137    (6)    1 :  0.970 0.030     (0.813,1.000) (0.000,0.187) 
 58      139    (0)    1 :  0.979 0.021     (0.853,1.000) (0.000,0.147) 
 59      140    (0)    1 :  0.985 0.015     (0.917,1.000) (0.000,0.083) 
 60      142    (0)    1 :  0.986 0.014     (0.912,1.000) (0.000,0.088) 
 61      144    (0)    1 :  0.992 0.008     (0.952,1.000) (0.000,0.048) 
 62      145    (0)    1 :  0.983 0.017     (0.900,1.000) (0.000,0.100) 
 63      147    (0)    1 :  0.992 0.008     (0.954,1.000) (0.000,0.046) 
 64      160    (0)    1 :  0.012 0.988     (0.000,0.069) (0.931,1.000) 
 65     162*    (0)    1 :  0.011 0.989     (0.000,0.065) (0.935,1.000) 
 66      166    (0)    1 :  0.988 0.012     (0.925,1.000) (0.000,0.075) 
 67      177    (0)    1 :  0.988 0.012     (0.927,1.000) (0.000,0.073) 
 68      178    (0)    1 :  0.984 0.016     (0.899,1.000) (0.000,0.101) 
 69      186    (0)    1 :  0.011 0.989     (0.000,0.067) (0.933,1.000) 
 70      189    (0)    1 :  0.010 0.990     (0.000,0.061) (0.939,1.000) 
 71      190    (0)    1 :  0.011 0.989     (0.000,0.068) (0.932,1.000) 
 72      191    (0)    1 :  0.019 0.981     (0.000,0.125) (0.875,1.000) 
 73      193    (0)    1 :  0.867 0.133     (0.000,1.000) (0.000,1.000) 
 74      202    (0)    1 :  0.043 0.957     (0.000,0.301) (0.699,1.000) 
 75      204    (0)    1 :  0.005 0.995     (0.000,0.031) (0.969,1.000) 
 76      211    (0)    1 :  0.970 0.030     (0.792,1.000) (0.000,0.208) 
 77      216    (0)    1 :  0.992 0.008     (0.957,1.000) (0.000,0.043) 
 78      222    (0)    1 :  0.986 0.014     (0.921,1.000) (0.000,0.079) 
 79      224    (0)    1 :  0.018 0.982     (0.000,0.106) (0.894,1.000) 
 80      226    (0)    1 :  0.018 0.982     (0.000,0.121) (0.879,1.000) 
 81      229    (0)    1 :  0.092 0.908     (0.000,0.533) (0.467,1.000) 
 82      230    (0)    1 :  0.028 0.972     (0.000,0.185) (0.815,1.000) 
 83      232    (0)    1 :  0.044 0.956     (0.000,0.298) (0.702,1.000) 
 84      238    (0)    1 :  0.933 0.067     (0.620,1.000) (0.000,0.380) 
 85      242    (0)    1 :  0.952 0.048     (0.683,1.000) (0.000,0.317) 
 86      243    (0)    1 :  0.935 0.065     (0.550,1.000) (0.000,0.450) 
 87      244    (0)    1 :  0.973 0.027     (0.811,1.000) (0.000,0.189) 
 88      251    (0)    1 :  0.856 0.144     (0.000,1.000) (0.000,1.000) 
 89      266    (0)    1 :  0.967 0.033     (0.770,1.000) (0.000,0.230) 
 90      267    (0)    1 :  0.955 0.045     (0.690,1.000) (0.000,0.310) 
 91      268    (0)    1 :  0.991 0.009     (0.944,1.000) (0.000,0.056) 
 92      270    (0)    1 :  0.012 0.988     (0.000,0.071) (0.929,1.000) 
 93      276    (0)    1 :  0.033 0.967     (0.000,0.239) (0.761,1.000) 
 94      298    (6)    1 :  0.990 0.010     (0.940,1.000) (0.000,0.060) 
 95      306    (0)    1 :  0.992 0.008     (0.953,1.000) (0.000,0.047) 
 96      308    (0)    1 :  0.988 0.012     (0.929,1.000) (0.000,0.071) 
 97      311    (6)    1 :  0.981 0.019     (0.881,1.000) (0.000,0.119) 
 98      323    (0)    1 :  0.016 0.984     (0.000,0.102) (0.898,1.000) 
 99      327    (0)    1 :  0.011 0.989     (0.000,0.063) (0.937,1.000) 
100      334    (0)    1 :  0.973 0.027     (0.810,1.000) (0.000,0.190) 
101      338    (0)    1 :  0.976 0.024     (0.848,1.000) (0.000,0.152) 
102      341    (0)    1 :  0.060 0.940     (0.000,0.383) (0.617,1.000) 
103      346    (0)    1 :  0.971 0.029     (0.823,1.000) (0.000,0.177) 
104      348    (0)    1 :  0.991 0.009     (0.946,1.000) (0.000,0.054) 
105      351    (0)    1 :  0.922 0.078     (0.515,1.000) (0.000,0.485) 
106      362    (0)    1 :  0.007 0.993     (0.000,0.041) (0.959,1.000) 
107      364    (0)    1 :  0.962 0.038     (0.725,1.000) (0.000,0.275) 
108      366    (0)    1 :  0.740 0.260     (0.000,1.000) (0.000,1.000) 
109      376    (0)    1 :  0.015 0.985     (0.000,0.091) (0.909,1.000) 
110      377    (6)    1 :  0.245 0.755     (0.000,1.000) (0.000,1.000) 
111      378    (0)    1 :  0.038 0.962     (0.000,0.244) (0.756,1.000) 
112      388    (0)    1 :  0.985 0.015     (0.906,1.000) (0.000,0.094) 
113      391    (0)    1 :  0.476 0.524     (0.000,1.000) (0.000,1.000) 
114      401    (0)    1 :  0.232 0.768     (0.000,0.886) (0.114,1.000) 
115      406    (0)    1 :  0.954 0.046     (0.676,1.000) (0.000,0.324) 
116      412    (6)    1 :  0.920 0.080     (0.366,1.000) (0.000,0.634) 
117      413    (0)    1 :  0.988 0.012     (0.926,1.000) (0.000,0.074) 
118      421    (0)    1 :  0.065 0.935     (0.000,0.432) (0.568,1.000) 
119      423    (0)    1 :  0.087 0.913     (0.000,0.614) (0.386,1.000) 
120      424    (0)    1 :  0.952 0.048     (0.702,1.000) (0.000,0.298) 
121      426    (0)    1 :  0.042 0.958     (0.000,0.291) (0.709,1.000) 
122      430   (12)    1 :  0.956 0.044     (0.703,1.000) (0.000,0.297) 
123      435    (0)    1 :  0.989 0.011     (0.932,1.000) (0.000,0.068) 
124      476    (0)    1 :  0.015 0.985     (0.000,0.103) (0.897,1.000) 
125      478    (0)    1 :  0.009 0.991     (0.000,0.056) (0.944,1.000) 
126      484    (0)    1 :  0.991 0.009     (0.944,1.000) (0.000,0.056) 
127      489    (0)    1 :  0.451 0.549     (0.000,1.000) (0.000,1.000) 
128      492   (18)    1 :  0.986 0.014     (0.913,1.000) (0.000,0.087) 
129      493    (0)    1 :  0.250 0.750     (0.000,1.000) (0.000,1.000) 
130      494    (0)    1 :  0.178 0.822     (0.000,1.000) (0.000,1.000) 
131      500    (0)    1 :  0.006 0.994     (0.000,0.033) (0.967,1.000) 
132      504    (0)    1 :  0.973 0.027     (0.815,1.000) (0.000,0.185) 
133      506    (0)    1 :  0.871 0.129     (0.387,1.000) (0.000,0.613) 


Estimated Allele Frequencies in each cluster
First column gives estimated ancestral frequencies


Locus 1 : Rsu3 
3 alleles
0.0% missing data
 164   (0.513) 0.504 0.576 
 166   (0.277) 0.359 0.141 
 170   (0.210) 0.137 0.283 

Locus 2 : Rsu5 
5 alleles
0.0% missing data
 137   (0.685) 0.686 0.903 
 135   (0.088) 0.071 0.025 
 139   (0.115) 0.084 0.058 
 133   (0.031) 0.005 0.008 
 131   (0.081) 0.154 0.006 

Locus 3 : Scv1 
5 alleles
0.0% missing data
 181   (0.461) 0.414 0.741 
 179   (0.185) 0.219 0.097 
 177   (0.132) 0.157 0.047 
 185   (0.181) 0.197 0.106 
 171   (0.041) 0.012 0.009 

Locus 4 : Rsu4 
9 alleles
0.0% missing data
 267   (0.171) 0.159 0.188 
 263   (0.328) 0.383 0.431 
 259   (0.048) 0.006 0.160 
 287   (0.169) 0.194 0.128 
 275   (0.052) 0.017 0.032 
 279   (0.087) 0.082 0.027 
 283   (0.068) 0.140 0.005 
 291   (0.037) 0.007 0.021 
 271   (0.039) 0.012 0.008 

Locus 5 : Rsu6 
5 alleles
0.0% missing data
 120   (0.258) 0.221 0.309 
 126   (0.587) 0.745 0.515 
 124   (0.072) 0.015 0.146 
 130   (0.052) 0.015 0.021 
 114   (0.031) 0.004 0.009 

Locus 6 : Scv12 
3 alleles
1.5% missing data
 198   (0.546) 0.623 0.485 
 196   (0.288) 0.293 0.238 
 200   (0.165) 0.084 0.277 

Locus 7 : Scv23 
3 alleles
0.8% missing data
 158   (0.529) 0.586 0.543 
 164   (0.202) 0.165 0.196 
 160   (0.269) 0.249 0.261 

Locus 8 : Scv13 
5 alleles
0.0% missing data
 182   (0.740) 0.784 0.858 
 180   (0.061) 0.013 0.111 
 172   (0.072) 0.113 0.005 
 184   (0.077) 0.045 0.023 
 174   (0.050) 0.045 0.003 

Locus 9 : Scv32 
18 alleles
0.8% missing data
 236   (0.040) 0.050 0.004 
 238   (0.043) 0.078 0.003 
 234   (0.159) 0.293 0.139 
 246   (0.050) 0.012 0.153 
 248   (0.082) 0.050 0.161 
 262   (0.089) 0.069 0.143 
 232   (0.144) 0.204 0.170 
 250   (0.041) 0.010 0.061 
 228   (0.029) 0.015 0.003 
 220   (0.037) 0.005 0.101 
 264   (0.053) 0.048 0.016 
 252   (0.049) 0.046 0.010 
 254   (0.039) 0.058 0.003 
 242   (0.028) 0.006 0.013 
 266   (0.030) 0.023 0.002 
 244   (0.038) 0.020 0.007 
 226   (0.025) 0.003 0.009 
 240   (0.025) 0.009 0.002 

Locus 10 : Scv8 
6 alleles
0.8% missing data
 200   (0.587) 0.619 0.753 
 202   (0.091) 0.097 0.019 
 194   (0.110) 0.064 0.095 
 204   (0.044) 0.006 0.051 
 198   (0.081) 0.030 0.075 
 188   (0.087) 0.183 0.006 

Locus 11 : Scv9 
5 alleles
0.0% missing data
 198   (0.342) 0.419 0.296 
 200   (0.291) 0.240 0.448 
 196   (0.259) 0.293 0.208 
 204   (0.078) 0.038 0.045 
 202   (0.030) 0.010 0.002 

Locus 12 : Rsu1 
6 alleles
0.0% missing data
 189   (0.263) 0.280 0.237 
 185   (0.299) 0.423 0.182 
 177   (0.086) 0.041 0.065 
 181   (0.257) 0.245 0.289 
 193   (0.049) 0.006 0.131 
 197   (0.046) 0.006 0.096 

Locus 13 : Scv14 
7 alleles
4.5% missing data
 196   (0.541) 0.555 0.805 
 198   (0.066) 0.108 0.005 
 194   (0.129) 0.098 0.096 
 202   (0.172) 0.220 0.076 
 204   (0.031) 0.005 0.008 
 190   (0.031) 0.004 0.009 
 200   (0.031) 0.010 0.002 

Locus 14 : Scv16 
7 alleles
0.0% missing data
 182   (0.409) 0.481 0.457 
 184   (0.367) 0.395 0.444 
 188   (0.073) 0.024 0.087 
 200   (0.030) 0.008 0.004 
 198   (0.049) 0.052 0.003 
 190   (0.042) 0.031 0.003 
 186   (0.030) 0.010 0.002 

Locus 15 : Scv31 
15 alleles
3.0% missing data
 193   (0.121) 0.134 0.149 
 201   (0.082) 0.065 0.076 
 187   (0.084) 0.043 0.202 
 207   (0.038) 0.005 0.118 
 195   (0.082) 0.079 0.056 
 185   (0.145) 0.260 0.094 
 189   (0.053) 0.020 0.087 
 205   (0.025) 0.009 0.003 
 191   (0.150) 0.214 0.166 
 197   (0.053) 0.044 0.014 
 199   (0.042) 0.052 0.004 
 203   (0.032) 0.024 0.002 
 209   (0.029) 0.017 0.002 
 213   (0.035) 0.031 0.002 
 181   (0.030) 0.004 0.024 

Locus 16 : Scv6 
8 alleles
0.0% missing data
 191   (0.105) 0.053 0.154 
 195   (0.351) 0.407 0.496 
 197   (0.211) 0.215 0.256 
 201   (0.082) 0.086 0.021 
 205   (0.032) 0.006 0.014 
 193   (0.091) 0.121 0.021 
 199   (0.094) 0.099 0.032 
 181   (0.034) 0.013 0.006 

Values of parameters used in structure:
DATAFILE=M:\STRUCTURE\Squirrel_133_ID_16L_20250816\project_data,	OUTFILE=M:\STRUCTURE\Squirrel_133_ID_16L_20250816\10k_Burnin_100k_MCMC\Results\10k_Burnin_100k_MCMC_run_39,	NUMINDS=133,	NUMLOCI=16,	MISSING=-9,	LABEL=1,	POPDATA=1,	POPFLAG=0,	PHENOTYPE=0,	EXTRACOLS=1,	MAXPOPS=2,	BURNIN=10000,	NUMREPS=100000,	USEPOPINFO=0,	INFERALPHA=1,	INFERLAMBDA=1,	POPSPECIFICLAMBDA=0,	POPALPHAS=0,	COMPUTEPROB=1,	NOADMIX=0,	ADMBURNIN=2500,	UPDATEFREQ=1,	PRINTLIKES=0,	INTERMEDSAVE=0,	PRINTKLD=0,	PRINTNET=0,	PRINTLAMBDA=0,	ANCESTDIST=1,	NUMBOXES=1000,	ANCESTPINT=0.90000,	GENSBACK=2,	MIGRPRIOR=0.05000,	PRINTQHAT=1,	PRINTQSUM=0,	ALPHA=1.0000,	FREQSCORR=1,	FPRIORMEAN=0.0100,	FPRIORSD=0.0500,	ONEFST=0,	LAMBDA=1.0000,	UNIFPRIORALPHA=1,	ALPHAMAX=10.0000,	ALPHAPRIORA=1.0000,	ALPHAPRIORB=2.0000,	ALPHAPROPSD=0.0250,	STARTATPOPINFO=0,	RANDOMIZE=1,	LINKAGE=0,	METROFREQ=10,	REPORTHITRATE=0,	MARKOVPHASE=-1,	PHASED=0,	PLOIDY=2,	PHASEINFO=0	LOCPRIOR=0, 	LOCPRIORINIT=1.000000, 	LOCDATA=0, 	LOCISPOP=0, 	LOCPRIORSTEP=0.100000, 	MAXLOCPRIOR=20.000000, 	SEED=1763664669,	
[STRAT parameters]:    NUMSIMSTATS=1000,	PHENOTYPECOL=-9,	POOLFREQ=10,	LOCUSxONLY=0,	EMERROR=0.00100,	MISSINGPHENO=-9,	