          1*  1 0.6105 0.0333 0.0079 0.0137 0.0895 0.0997 0.0650 0.0132 0.0048 0.0623 
           3  1 0.0052 0.0055 0.0058 0.0071 0.0063 0.0066 0.0055 0.9482 0.0040 0.0057 
           6  1 0.0051 0.0112 0.0208 0.0149 0.0183 0.0218 0.0105 0.8731 0.0125 0.0117 
           8  1 0.0146 0.0285 0.8785 0.0201 0.0093 0.0114 0.0131 0.0067 0.0035 0.0143 
          10  1 0.0076 0.8646 0.0872 0.0033 0.0045 0.0046 0.0081 0.0079 0.0045 0.0079 
          11  1 0.0831 0.0117 0.0194 0.0086 0.0224 0.0503 0.3839 0.0286 0.0231 0.3689 
          12  1 0.0039 0.9500 0.0065 0.0044 0.0069 0.0081 0.0051 0.0053 0.0045 0.0053 
          16  1 0.0059 0.0092 0.0171 0.0047 0.0062 0.0067 0.0077 0.9306 0.0051 0.0069 
          18  1 0.9336 0.0055 0.0101 0.0061 0.0066 0.0063 0.0089 0.0085 0.0039 0.0105 
          19  1 0.0446 0.0095 0.0194 0.0137 0.0079 0.0298 0.4145 0.0144 0.0345 0.4117 
          21  1 0.0059 0.0091 0.0231 0.0053 0.0088 0.0088 0.0082 0.9145 0.0073 0.0091 
          23  1 0.0089 0.5784 0.0191 0.0136 0.1153 0.1553 0.0380 0.0104 0.0242 0.0368 
          24  1 0.0532 0.3139 0.0831 0.0080 0.0341 0.0263 0.2207 0.0128 0.0213 0.2266 
          25  1 0.0088 0.5607 0.0584 0.0073 0.0811 0.1098 0.0656 0.0440 0.0057 0.0586 
         26*  1 0.0198 0.1669 0.6210 0.0055 0.0131 0.0089 0.0274 0.1039 0.0042 0.0292 
          28  1 0.0076 0.2420 0.5923 0.0060 0.0127 0.0145 0.0120 0.0928 0.0066 0.0134 
          29  1 0.0130 0.8843 0.0561 0.0047 0.0060 0.0049 0.0106 0.0051 0.0058 0.0094 
          30  1 0.0139 0.1530 0.3256 0.2521 0.0136 0.0166 0.0681 0.0916 0.0069 0.0586 
          33  1 0.5408 0.0055 0.0048 0.0102 0.0098 0.0147 0.1577 0.0061 0.0775 0.1728 
          37  1 0.8862 0.0327 0.0071 0.0048 0.0097 0.0094 0.0146 0.0110 0.0101 0.0142 
          38  1 0.8402 0.0184 0.0197 0.0047 0.0058 0.0072 0.0468 0.0113 0.0053 0.0408 
          43  1 0.0103 0.7399 0.1583 0.0048 0.0098 0.0104 0.0123 0.0343 0.0074 0.0124 
          44  1 0.0103 0.0069 0.3994 0.0658 0.0245 0.0277 0.0227 0.4080 0.0058 0.0288 
          48  1 0.9420 0.0060 0.0056 0.0052 0.0054 0.0055 0.0078 0.0108 0.0037 0.0081 
          55  1 0.0105 0.0106 0.6343 0.0166 0.0307 0.0369 0.0357 0.1800 0.0092 0.0355 
          59  1 0.0060 0.0040 0.0060 0.0053 0.0048 0.0051 0.0055 0.9542 0.0039 0.0053 
          60  1 0.0108 0.0332 0.0040 0.0087 0.3878 0.5004 0.0185 0.0083 0.0128 0.0155 
          61  1 0.0095 0.0075 0.0111 0.0550 0.1689 0.2004 0.0198 0.0169 0.4889 0.0221 
          62  1 0.0165 0.0530 0.0095 0.0161 0.3246 0.3382 0.0554 0.0153 0.1203 0.0510 
          65  1 0.5271 0.0079 0.0108 0.0178 0.0118 0.0232 0.1847 0.0054 0.0122 0.1991 
          73  1 0.0072 0.1161 0.0089 0.7681 0.0348 0.0299 0.0131 0.0059 0.0048 0.0111 
          75  1 0.0101 0.0047 0.0080 0.0399 0.0049 0.0057 0.0157 0.0095 0.8816 0.0201 
          76  1 0.0040 0.0106 0.0048 0.0057 0.0103 0.0125 0.0073 0.0058 0.9319 0.0071 
          77  1 0.0070 0.0079 0.0047 0.0039 0.0315 0.0677 0.0082 0.0065 0.8538 0.0088 
          78  1 0.0126 0.0147 0.0106 0.4686 0.0301 0.0374 0.0423 0.0069 0.3354 0.0415 
          79  1 0.0100 0.0046 0.0064 0.0682 0.0170 0.0202 0.0487 0.0048 0.7757 0.0444 
          84  1 0.0147 0.0844 0.0734 0.0135 0.0675 0.0580 0.0500 0.5856 0.0123 0.0406 
          85  1 0.0108 0.0076 0.8597 0.0159 0.0145 0.0155 0.0271 0.0123 0.0075 0.0291 
          86  1 0.0091 0.0101 0.7082 0.0178 0.0150 0.0156 0.1055 0.0060 0.0104 0.1023 
          89  1 0.0174 0.1811 0.0128 0.0081 0.0835 0.0962 0.0452 0.4884 0.0160 0.0512 
          94  1 0.0319 0.8952 0.0119 0.0045 0.0081 0.0088 0.0100 0.0126 0.0060 0.0110 
          95  1 0.0099 0.0048 0.0122 0.0074 0.0078 0.0105 0.0090 0.9240 0.0053 0.0092 
          96  1 0.0040 0.0083 0.9539 0.0042 0.0049 0.0051 0.0050 0.0042 0.0052 0.0052 
          98  1 0.0055 0.0094 0.0065 0.0658 0.4035 0.4316 0.0208 0.0054 0.0341 0.0174 
         102  1 0.1752 0.0182 0.0055 0.0077 0.0117 0.0320 0.3375 0.0231 0.0077 0.3813 
         105  1 0.0067 0.0044 0.0035 0.9594 0.0044 0.0043 0.0047 0.0045 0.0034 0.0047 
         106  1 0.0149 0.0041 0.0130 0.0713 0.0403 0.0765 0.2449 0.0659 0.2522 0.2170 
         108  1 0.0373 0.0086 0.0079 0.8038 0.0177 0.0203 0.0369 0.0069 0.0263 0.0344 
         109  1 0.0075 0.0072 0.0203 0.6060 0.1015 0.0742 0.0690 0.0109 0.0429 0.0606 
         112  1 0.0160 0.0428 0.0870 0.0085 0.1840 0.2190 0.1676 0.0101 0.1020 0.1631 
         115  1 0.0709 0.0419 0.0071 0.0155 0.0197 0.0400 0.3995 0.0144 0.0140 0.3769 
         116  1 0.0172 0.0116 0.7990 0.0197 0.0206 0.0326 0.0404 0.0128 0.0051 0.0409 
         117  1 0.0119 0.3579 0.1760 0.0143 0.0253 0.0324 0.0357 0.2925 0.0222 0.0317 
         129  1 0.0076 0.0078 0.9173 0.0046 0.0050 0.0051 0.0070 0.0351 0.0035 0.0070 
         132  1 0.0541 0.1304 0.0066 0.0122 0.2768 0.3735 0.0513 0.0215 0.0139 0.0596 
         133  1 0.0050 0.0062 0.0038 0.0624 0.4048 0.4405 0.0132 0.0061 0.0447 0.0133 
         137  1 0.0086 0.0161 0.0088 0.0086 0.1617 0.2454 0.0234 0.0127 0.4907 0.0241 
         139  1 0.0103 0.0080 0.0130 0.0095 0.0069 0.0075 0.0231 0.0092 0.8905 0.0219 
         140  1 0.0075 0.0051 0.0086 0.7541 0.0683 0.0541 0.0219 0.0217 0.0368 0.0219 
         142  1 0.0067 0.0126 0.0054 0.0105 0.1878 0.1715 0.0170 0.0275 0.5440 0.0170 
         144  1 0.0042 0.0036 0.0030 0.9567 0.0060 0.0065 0.0044 0.0059 0.0049 0.0047 
         145  1 0.0064 0.0041 0.0041 0.0076 0.4416 0.4557 0.0068 0.0054 0.0613 0.0071 
         147  1 0.0072 0.0044 0.0072 0.9002 0.0090 0.0128 0.0122 0.0046 0.0308 0.0117 
         160  1 0.0078 0.9448 0.0084 0.0042 0.0048 0.0053 0.0058 0.0082 0.0046 0.0061 
        162*  1 0.0045 0.0101 0.9498 0.0045 0.0052 0.0056 0.0053 0.0042 0.0055 0.0054 
         166  1 0.0057 0.0053 0.0078 0.0236 0.3957 0.5018 0.0088 0.0191 0.0230 0.0093 
         177  1 0.0037 0.0042 0.0043 0.0033 0.0042 0.0049 0.0052 0.0040 0.9617 0.0046 
         178  1 0.0088 0.0352 0.0139 0.0276 0.0328 0.0374 0.0306 0.0087 0.7750 0.0299 
         186  1 0.0040 0.0062 0.0049 0.0038 0.0044 0.0048 0.0044 0.9593 0.0041 0.0042 
         189  1 0.0071 0.0134 0.9002 0.0034 0.0163 0.0272 0.0085 0.0084 0.0076 0.0078 
         190  1 0.0175 0.0754 0.7669 0.0087 0.0215 0.0185 0.0214 0.0391 0.0115 0.0196 
         191  1 0.0078 0.0190 0.2034 0.0350 0.0541 0.0676 0.0336 0.5318 0.0180 0.0296 
         193  1 0.0106 0.0119 0.0082 0.0090 0.4101 0.4428 0.0122 0.0308 0.0507 0.0136 
         202  1 0.0147 0.2685 0.1795 0.0080 0.0242 0.0378 0.2155 0.0069 0.0066 0.2381 
         204  1 0.0039 0.0072 0.9369 0.0043 0.0036 0.0041 0.0049 0.0270 0.0032 0.0048 
         211  1 0.0167 0.1474 0.0140 0.1004 0.2222 0.2731 0.0930 0.0103 0.0444 0.0787 
         216  1 0.0055 0.0133 0.0047 0.5132 0.1972 0.1916 0.0187 0.0043 0.0315 0.0200 
         222  1 0.0467 0.0052 0.0083 0.5687 0.0566 0.1072 0.0933 0.0074 0.0108 0.0958 
         224  1 0.0138 0.0198 0.7926 0.0144 0.0325 0.0485 0.0262 0.0202 0.0065 0.0255 
         226  1 0.0059 0.0043 0.0069 0.0039 0.0058 0.0071 0.0137 0.9324 0.0051 0.0149 
         229  1 0.0265 0.0958 0.5066 0.0233 0.0559 0.0421 0.1071 0.0078 0.0161 0.1188 
         230  1 0.0079 0.0253 0.8275 0.0118 0.0073 0.0085 0.0284 0.0134 0.0396 0.0304 
         232  1 0.0099 0.3941 0.0737 0.0163 0.0899 0.1076 0.1078 0.0536 0.0438 0.1033 
         238  1 0.0637 0.0067 0.0278 0.0121 0.0146 0.0340 0.3985 0.0057 0.0391 0.3980 
         242  1 0.8825 0.0042 0.0059 0.0080 0.0145 0.0091 0.0325 0.0057 0.0038 0.0338 
         243  1 0.1704 0.0098 0.0078 0.0127 0.0597 0.0742 0.3030 0.0191 0.0161 0.3273 
         244  1 0.1338 0.0089 0.0088 0.0057 0.0106 0.0250 0.3132 0.0056 0.1150 0.3734 
         251  1 0.0508 0.0595 0.0141 0.0103 0.0365 0.0516 0.3646 0.0079 0.0132 0.3915 
         266  1 0.0404 0.0068 0.0137 0.0086 0.0419 0.0639 0.2547 0.0079 0.3120 0.2500 
         267  1 0.0203 0.0111 0.0476 0.5841 0.1075 0.0804 0.0527 0.0318 0.0144 0.0501 
         268  1 0.0078 0.0395 0.0048 0.1147 0.1953 0.2243 0.0315 0.0068 0.3454 0.0300 
         270  1 0.0206 0.0230 0.8350 0.0136 0.0137 0.0160 0.0180 0.0355 0.0073 0.0173 
         276  1 0.0127 0.0344 0.1839 0.0511 0.0504 0.0637 0.0581 0.4315 0.0537 0.0604 
         298  1 0.0119 0.0135 0.0058 0.6874 0.0382 0.0586 0.0217 0.0184 0.1214 0.0230 
         306  1 0.0110 0.0060 0.0049 0.0116 0.4172 0.4810 0.0221 0.0065 0.0128 0.0269 
         308  1 0.0247 0.0560 0.0073 0.1548 0.1042 0.1217 0.1198 0.0058 0.2961 0.1097 
         311  1 0.0331 0.0138 0.0156 0.0641 0.1606 0.1657 0.2628 0.0073 0.0088 0.2682 
         323  1 0.0082 0.0039 0.0068 0.0052 0.0048 0.0050 0.0052 0.9516 0.0040 0.0054 
         327  1 0.0154 0.2119 0.5983 0.0100 0.0204 0.0262 0.0474 0.0178 0.0064 0.0462 
         334  1 0.6097 0.0060 0.0060 0.0116 0.2093 0.0196 0.0631 0.0038 0.0059 0.0649 
         338  1 0.0102 0.0241 0.0146 0.2116 0.2143 0.2103 0.1306 0.0158 0.0146 0.1539 
         341  1 0.0116 0.0057 0.0070 0.0045 0.0115 0.0139 0.0092 0.9229 0.0053 0.0085 
         346  1 0.0055 0.0337 0.0075 0.0057 0.2139 0.3215 0.0157 0.0102 0.3710 0.0153 
         348  1 0.0178 0.0075 0.0083 0.4628 0.0432 0.0539 0.0925 0.0076 0.2178 0.0885 
         351  1 0.3333 0.0336 0.0082 0.0073 0.1190 0.1559 0.1561 0.0161 0.0127 0.1576 
         362  1 0.0051 0.0262 0.9081 0.0060 0.0057 0.0067 0.0064 0.0242 0.0046 0.0070 
         364  1 0.7938 0.0109 0.0045 0.0091 0.0369 0.0382 0.0381 0.0121 0.0104 0.0460 
         366  1 0.4143 0.0111 0.0536 0.0243 0.0144 0.0236 0.2226 0.0113 0.0103 0.2143 
         376  1 0.0065 0.0249 0.0214 0.0055 0.0210 0.0230 0.0125 0.8578 0.0160 0.0114 
         377  1 0.0127 0.2459 0.1484 0.0435 0.1272 0.2007 0.0912 0.0331 0.0092 0.0881 
         378  1 0.0043 0.9189 0.0061 0.0069 0.0128 0.0147 0.0074 0.0101 0.0115 0.0074 
         388  1 0.0182 0.0251 0.0113 0.4523 0.2189 0.1817 0.0367 0.0097 0.0116 0.0346 
         391  1 0.0089 0.1629 0.0065 0.0226 0.1119 0.1747 0.0671 0.3716 0.0076 0.0663 
         401  1 0.0396 0.0107 0.2013 0.0066 0.0241 0.0388 0.2889 0.0543 0.0681 0.2677 
         406  1 0.0206 0.0152 0.0090 0.0778 0.3030 0.3147 0.0786 0.0795 0.0210 0.0806 
         412  1 0.0106 0.0256 0.0186 0.0495 0.3782 0.3774 0.0538 0.0199 0.0144 0.0519 
         413  1 0.0553 0.0052 0.0125 0.0129 0.4105 0.3743 0.0356 0.0034 0.0565 0.0339 
         421  1 0.0153 0.0164 0.3518 0.0152 0.1345 0.1599 0.1229 0.0255 0.0212 0.1372 
         423  1 0.0431 0.0110 0.3892 0.0405 0.1325 0.1776 0.0972 0.0169 0.0085 0.0835 
         424  1 0.0249 0.0212 0.0084 0.0186 0.3071 0.3819 0.0395 0.1482 0.0130 0.0374 
         426  1 0.0150 0.7736 0.0209 0.0120 0.0273 0.0420 0.0381 0.0259 0.0149 0.0303 
         430  1 0.0076 0.0162 0.0144 0.0141 0.3827 0.4434 0.0237 0.0344 0.0413 0.0221 
         435  1 0.0039 0.0100 0.0046 0.0328 0.2427 0.2347 0.0104 0.0046 0.4464 0.0100 
         476  1 0.0196 0.0132 0.0834 0.0060 0.0139 0.0145 0.0392 0.7519 0.0210 0.0372 
         478  1 0.0229 0.0187 0.1453 0.0075 0.0121 0.0136 0.0236 0.7251 0.0056 0.0258 
         484  1 0.0057 0.0092 0.0060 0.5170 0.1999 0.1884 0.0124 0.0146 0.0353 0.0116 
         489  1 0.0094 0.3496 0.0192 0.0879 0.1900 0.2774 0.0222 0.0100 0.0087 0.0256 
         492  1 0.5813 0.0070 0.0054 0.0095 0.2236 0.0333 0.0644 0.0047 0.0075 0.0632 
         493  1 0.8092 0.0159 0.0156 0.0061 0.0135 0.0161 0.0497 0.0085 0.0094 0.0560 
         494  1 0.4699 0.0314 0.0172 0.0062 0.0092 0.0226 0.2109 0.0143 0.0073 0.2109 
         500  1 0.0046 0.0080 0.9400 0.0035 0.0038 0.0045 0.0092 0.0141 0.0038 0.0085 
         504  1 0.0221 0.0536 0.0383 0.5742 0.0907 0.0734 0.0591 0.0095 0.0134 0.0658 
         506  1 0.0053 0.0082 0.0706 0.8678 0.0096 0.0084 0.0082 0.0090 0.0045 0.0083 
