          1*  1 0.0140 0.0325 0.0085 0.8654 0.0091 0.0704 
           3  1 0.9730 0.0060 0.0052 0.0048 0.0057 0.0053 
           6  1 0.9254 0.0233 0.0132 0.0056 0.0222 0.0103 
           8  1 0.0067 0.0108 0.0042 0.0095 0.9551 0.0139 
          10  1 0.0087 0.0043 0.0054 0.0084 0.3723 0.6010 
          11  1 0.0429 0.0189 0.0802 0.5743 0.0636 0.2202 
          12  1 0.0074 0.0057 0.0080 0.0072 0.2362 0.7355 
          16  1 0.9587 0.0059 0.0057 0.0062 0.0151 0.0085 
          18  1 0.0096 0.0056 0.0050 0.9632 0.0092 0.0075 
          19  1 0.0167 0.0264 0.0548 0.6292 0.0332 0.2395 
          21  1 0.9493 0.0064 0.0079 0.0063 0.0219 0.0082 
          23  1 0.0161 0.0244 0.0812 0.0103 0.1299 0.7381 
          24  1 0.0154 0.0110 0.0404 0.2134 0.3162 0.4035 
          25  1 0.0427 0.0163 0.0126 0.0147 0.2066 0.7071 
         26*  1 0.0948 0.0071 0.0053 0.0217 0.7244 0.1467 
          28  1 0.0547 0.0074 0.0079 0.0086 0.8253 0.0961 
          29  1 0.0062 0.0055 0.0061 0.0138 0.3486 0.6198 
          30  1 0.1134 0.3456 0.0081 0.0210 0.4547 0.0572 
          33  1 0.0068 0.0125 0.0342 0.8468 0.0045 0.0953 
          37  1 0.0128 0.0056 0.0087 0.9438 0.0090 0.0200 
          38  1 0.0101 0.0041 0.0047 0.9464 0.0191 0.0156 
          43  1 0.0295 0.0066 0.0083 0.0125 0.3856 0.5574 
          44  1 0.3884 0.0375 0.0132 0.0089 0.5293 0.0226 
          48  1 0.0135 0.0053 0.0046 0.9639 0.0060 0.0066 
          55  1 0.2375 0.0296 0.0124 0.0137 0.6842 0.0226 
          59  1 0.9751 0.0052 0.0042 0.0056 0.0057 0.0043 
          60  1 0.0247 0.3033 0.2003 0.0951 0.0074 0.3694 
          61  1 0.0153 0.0461 0.9128 0.0085 0.0082 0.0092 
          62  1 0.0143 0.0272 0.8874 0.0185 0.0126 0.0401 
          65  1 0.0054 0.0232 0.0132 0.8742 0.0106 0.0735 
          73  1 0.0067 0.9026 0.0055 0.0099 0.0155 0.0598 
          75  1 0.0111 0.0455 0.9006 0.0172 0.0092 0.0164 
          76  1 0.0052 0.0070 0.9718 0.0041 0.0044 0.0074 
          77  1 0.0061 0.0057 0.9683 0.0065 0.0048 0.0086 
          78  1 0.0075 0.8001 0.1488 0.0135 0.0110 0.0190 
          79  1 0.0045 0.0519 0.9188 0.0097 0.0060 0.0092 
          84  1 0.6742 0.0306 0.0508 0.0204 0.1272 0.0968 
          85  1 0.0116 0.0131 0.0075 0.0118 0.9342 0.0218 
          86  1 0.0061 0.0209 0.0119 0.0188 0.9108 0.0315 
          89  1 0.5668 0.0215 0.0791 0.0354 0.0286 0.2686 
          94  1 0.0113 0.0050 0.0072 0.0456 0.2289 0.7019 
          95  1 0.9563 0.0093 0.0065 0.0109 0.0109 0.0062 
          96  1 0.0045 0.0049 0.0057 0.0046 0.9715 0.0088 
          98  1 0.0089 0.8747 0.0845 0.0086 0.0077 0.0156 
         102  1 0.0407 0.0118 0.0181 0.7516 0.0070 0.1709 
         105  1 0.0057 0.9703 0.0049 0.0084 0.0051 0.0056 
         106  1 0.1331 0.1900 0.5473 0.0212 0.0250 0.0833 
         108  1 0.0080 0.8820 0.0238 0.0557 0.0105 0.0199 
         109  1 0.0099 0.9511 0.0099 0.0060 0.0148 0.0082 
         112  1 0.0098 0.0149 0.7130 0.0293 0.1265 0.1065 
         115  1 0.0158 0.0374 0.0125 0.6528 0.0159 0.2657 
         116  1 0.0162 0.0155 0.0091 0.0189 0.9067 0.0336 
         117  1 0.3871 0.0249 0.0303 0.0150 0.3161 0.2266 
         129  1 0.0371 0.0057 0.0039 0.0078 0.9380 0.0075 
         132  1 0.0274 0.1119 0.0572 0.2493 0.0141 0.5401 
         133  1 0.0116 0.8502 0.1120 0.0082 0.0056 0.0124 
         137  1 0.0173 0.0211 0.9176 0.0108 0.0106 0.0227 
         139  1 0.0130 0.0176 0.9108 0.0205 0.0177 0.0203 
         140  1 0.0106 0.9586 0.0118 0.0064 0.0066 0.0061 
         142  1 0.0156 0.0109 0.9522 0.0068 0.0050 0.0095 
         144  1 0.0058 0.9763 0.0052 0.0047 0.0038 0.0043 
         145  1 0.0086 0.0165 0.9536 0.0079 0.0057 0.0077 
         147  1 0.0043 0.9647 0.0105 0.0066 0.0084 0.0054 
         160  1 0.0094 0.0050 0.0059 0.0102 0.2572 0.7122 
        162*  1 0.0044 0.0052 0.0057 0.0044 0.9717 0.0086 
         166  1 0.0293 0.6713 0.2368 0.0145 0.0087 0.0393 
         177  1 0.0044 0.0044 0.9759 0.0049 0.0054 0.0050 
         178  1 0.0096 0.0900 0.8260 0.0194 0.0175 0.0374 
         186  1 0.9768 0.0042 0.0040 0.0047 0.0052 0.0050 
         189  1 0.0075 0.0038 0.0096 0.0067 0.9623 0.0101 
         190  1 0.0394 0.0110 0.0131 0.0171 0.8731 0.0463 
         191  1 0.5825 0.0528 0.0360 0.0115 0.2874 0.0299 
         193  1 0.0516 0.0227 0.8755 0.0137 0.0115 0.0250 
         202  1 0.0099 0.0097 0.0157 0.0447 0.3922 0.5279 
         204  1 0.0359 0.0043 0.0035 0.0041 0.9459 0.0062 
         211  1 0.0110 0.4305 0.0682 0.0294 0.0170 0.4438 
         216  1 0.0048 0.9266 0.0379 0.0066 0.0053 0.0188 
         222  1 0.0073 0.8563 0.0205 0.0466 0.0185 0.0508 
         224  1 0.0208 0.0106 0.0103 0.0130 0.9246 0.0208 
         226  1 0.9698 0.0046 0.0053 0.0076 0.0060 0.0068 
         229  1 0.0118 0.0556 0.0572 0.0470 0.7510 0.0774 
         230  1 0.0170 0.0124 0.0288 0.0114 0.9101 0.0203 
         232  1 0.0909 0.0330 0.1636 0.0246 0.2534 0.4345 
         238  1 0.0067 0.0277 0.1540 0.5233 0.0637 0.2245 
         242  1 0.0063 0.0073 0.0043 0.9604 0.0052 0.0166 
         243  1 0.0353 0.0716 0.0344 0.6876 0.0099 0.1611 
         244  1 0.0074 0.0105 0.1402 0.6327 0.0116 0.1976 
         251  1 0.0092 0.0200 0.0296 0.5989 0.0288 0.3133 
         266  1 0.0132 0.0260 0.6165 0.1817 0.0165 0.1461 
         267  1 0.0244 0.8871 0.0133 0.0166 0.0404 0.0182 
         268  1 0.0085 0.7909 0.1438 0.0110 0.0064 0.0395 
         270  1 0.0320 0.0108 0.0091 0.0130 0.9211 0.0140 
         276  1 0.4792 0.0897 0.0893 0.0205 0.2768 0.0444 
         298  1 0.0117 0.9132 0.0485 0.0090 0.0057 0.0119 
         306  1 0.0095 0.2319 0.5695 0.0422 0.0068 0.1401 
         308  1 0.0074 0.2159 0.6327 0.0315 0.0114 0.1012 
         311  1 0.0117 0.5644 0.0750 0.1571 0.0260 0.1658 
         323  1 0.9717 0.0051 0.0049 0.0068 0.0068 0.0047 
         327  1 0.0169 0.0159 0.0073 0.0183 0.7312 0.2104 
         334  1 0.0040 0.0194 0.0090 0.9527 0.0074 0.0076 
         338  1 0.0192 0.8595 0.0482 0.0132 0.0125 0.0473 
         341  1 0.9648 0.0050 0.0072 0.0091 0.0060 0.0079 
         346  1 0.0182 0.0186 0.8795 0.0093 0.0087 0.0657 
         348  1 0.0070 0.8115 0.1438 0.0171 0.0075 0.0131 
         351  1 0.0169 0.0150 0.0210 0.8211 0.0093 0.1167 
         362  1 0.0272 0.0060 0.0051 0.0056 0.9383 0.0178 
         364  1 0.0105 0.0139 0.0140 0.9393 0.0054 0.0168 
         366  1 0.0138 0.0287 0.0121 0.7656 0.0467 0.1332 
         376  1 0.9186 0.0065 0.0234 0.0064 0.0232 0.0219 
         377  1 0.0306 0.0817 0.0297 0.0196 0.3213 0.5171 
         378  1 0.0138 0.0126 0.0208 0.0049 0.2175 0.7303 
         388  1 0.0086 0.9365 0.0105 0.0125 0.0105 0.0214 
         391  1 0.5218 0.0300 0.0428 0.0111 0.0155 0.3787 
         401  1 0.1112 0.0132 0.2122 0.2091 0.3279 0.1264 
         406  1 0.1025 0.7069 0.0861 0.0325 0.0106 0.0614 
         412  1 0.0253 0.7379 0.1297 0.0157 0.0245 0.0669 
         413  1 0.0044 0.0229 0.9082 0.0318 0.0160 0.0167 
         421  1 0.0321 0.0487 0.1728 0.0305 0.5956 0.1204 
         423  1 0.0157 0.0466 0.0406 0.0610 0.7234 0.1127 
         424  1 0.3871 0.0866 0.3164 0.0435 0.0104 0.1560 
         426  1 0.0307 0.0200 0.0270 0.0157 0.1723 0.7344 
         430  1 0.0591 0.1201 0.7439 0.0140 0.0183 0.0447 
         435  1 0.0045 0.0270 0.9477 0.0044 0.0051 0.0114 
         476  1 0.8383 0.0064 0.0262 0.0260 0.0808 0.0222 
         478  1 0.7426 0.0109 0.0069 0.0249 0.1944 0.0203 
         484  1 0.0107 0.9462 0.0231 0.0058 0.0054 0.0087 
         489  1 0.0134 0.1284 0.0276 0.0131 0.1464 0.6710 
         492  1 0.0060 0.0188 0.0179 0.9373 0.0070 0.0130 
         493  1 0.0080 0.0077 0.0090 0.9252 0.0126 0.0375 
         494  1 0.0137 0.0063 0.0100 0.8758 0.0248 0.0693 
         500  1 0.0233 0.0039 0.0040 0.0062 0.9511 0.0116 
         504  1 0.0071 0.9023 0.0093 0.0214 0.0362 0.0238 
         506  1 0.0122 0.9029 0.0053 0.0058 0.0638 0.0100 
