

----------------------------------------------------
STRUCTURE by Pritchard, Stephens and Donnelly (2000)
     and Falush, Stephens and Pritchard (2003)
       Code by Pritchard, Falush and Hubisz
             Version 2.3.4 (Jul 2012)
----------------------------------------------------



Command line arguments:   bin\structure -m M:\STRUCTURE\Squirrel_133_ID_16L_20250816\10k_Burnin_100k_MCMC\mainparams -e M:\STRUCTURE\Squirrel_133_ID_16L_20250816\10k_Burnin_100k_MCMC\extraparams 
Input File:    M:\STRUCTURE\Squirrel_133_ID_16L_20250816\project_data

Run parameters:
   133 individuals
   16 loci
   8 populations assumed
   10000 Burn-in period
   100000 Reps


--------------------------------------------
Proportion of membership of each pre-defined
 population in each of the 8 clusters

Given    Inferred Clusters                                          Number of
 Pop       1      2      3      4      5      6      7      8      Individuals

  1:     0.128  0.171  0.140  0.080  0.126  0.130  0.115  0.110      133
--------------------------------------------

Allele-freq. divergence among pops (Net nucleotide distance),
computed using point estimates of P.

      1       2       3       4       5       6       7       8      
 1      -    0.0765  0.0560  0.0321  0.0591  0.0786  0.0439  0.0702  
 2   0.0765     -    0.0962  0.0644  0.0670  0.0832  0.0938  0.0729  
 3   0.0560  0.0962     -    0.0571  0.0762  0.1125  0.0966  0.1295  
 4   0.0321  0.0644  0.0571     -    0.0243  0.0833  0.0603  0.0816  
 5   0.0591  0.0670  0.0762  0.0243     -    0.0664  0.0786  0.0931  
 6   0.0786  0.0832  0.1125  0.0833  0.0664     -    0.1112  0.1047  
 7   0.0439  0.0938  0.0966  0.0603  0.0786  0.1112     -    0.0966  
 8   0.0702  0.0729  0.1295  0.0816  0.0931  0.1047  0.0966     -    

Average distances (expected heterozygosity) between individuals in same cluster:
cluster  1  : 0.5532 
cluster  2  : 0.5425 
cluster  3  : 0.5456 
cluster  4  : 0.6431 
cluster  5  : 0.6318 
cluster  6  : 0.4630 
cluster  7  : 0.5865 
cluster  8  : 0.4563 

--------------------------------------------
Estimated Ln Prob of Data   = -5002.0
Mean value of ln likelihood = -4459.0
Variance of ln likelihood   = 1086.1
Mean value of alpha         = 0.0441

Mean value of lambda        = 0.9861

Mean value of Fst_1         = 0.2080
Mean value of Fst_2         = 0.2059
Mean value of Fst_3         = 0.2165
Mean value of Fst_4         = 0.1562
Mean value of Fst_5         = 0.0894
Mean value of Fst_6         = 0.2996
Mean value of Fst_7         = 0.1866
Mean value of Fst_8         = 0.2859


Inferred ancestry of individuals:
        Label (%Miss) Pop:  Inferred clusters (and 90% probability intervals)
  1       1*    (0)    1 :  0.070 0.008 0.021 0.133 0.709 0.014 0.006 0.040     (0.000,0.418) (0.000,0.046) (0.000,0.148) (0.000,0.829) (0.000,1.000) (0.000,0.090) (0.000,0.031) (0.000,0.276) 
  2        3    (0)    1 :  0.008 0.006 0.007 0.005 0.005 0.960 0.004 0.006     (0.000,0.043) (0.000,0.032) (0.000,0.037) (0.000,0.026) (0.000,0.030) (0.817,1.000) (0.000,0.023) (0.000,0.030) 
  3        6    (0)    1 :  0.022 0.019 0.020 0.009 0.005 0.901 0.012 0.011     (0.000,0.153) (0.000,0.130) (0.000,0.141) (0.000,0.050) (0.000,0.029) (0.590,1.000) (0.000,0.077) (0.000,0.064) 
  4        8    (0)    1 :  0.008 0.921 0.014 0.010 0.012 0.006 0.004 0.026     (0.000,0.044) (0.671,1.000) (0.000,0.101) (0.000,0.058) (0.000,0.076) (0.000,0.032) (0.000,0.022) (0.000,0.190) 
  5       10    (0)    1 :  0.005 0.095 0.004 0.008 0.008 0.008 0.005 0.868     (0.000,0.026) (0.000,0.481) (0.000,0.020) (0.000,0.044) (0.000,0.047) (0.000,0.049) (0.000,0.025) (0.484,1.000) 
  6       11    (0)    1 :  0.085 0.044 0.013 0.424 0.337 0.036 0.041 0.019     (0.000,0.583) (0.000,0.334) (0.000,0.080) (0.000,1.000) (0.000,0.998) (0.000,0.271) (0.000,0.301) (0.000,0.136) 
  7       12    (0)    1 :  0.008 0.006 0.005 0.005 0.004 0.005 0.005 0.962     (0.000,0.046) (0.000,0.034) (0.000,0.025) (0.000,0.025) (0.000,0.022) (0.000,0.027) (0.000,0.025) (0.830,1.000) 
  8       16    (6)    1 :  0.007 0.015 0.005 0.006 0.006 0.946 0.005 0.010     (0.000,0.037) (0.000,0.097) (0.000,0.028) (0.000,0.030) (0.000,0.033) (0.756,1.000) (0.000,0.030) (0.000,0.056) 
  9       18    (0)    1 :  0.006 0.009 0.005 0.008 0.953 0.009 0.004 0.006     (0.000,0.032) (0.000,0.050) (0.000,0.028) (0.000,0.036) (0.795,1.000) (0.000,0.057) (0.000,0.022) (0.000,0.033) 
 10       19    (0)    1 :  0.014 0.027 0.019 0.454 0.417 0.013 0.046 0.011     (0.000,0.077) (0.000,0.190) (0.000,0.120) (0.000,1.000) (0.000,1.000) (0.000,0.082) (0.000,0.328) (0.000,0.064) 
 11       21    (6)    1 :  0.009 0.025 0.006 0.008 0.006 0.931 0.007 0.009     (0.000,0.050) (0.000,0.174) (0.000,0.033) (0.000,0.041) (0.000,0.031) (0.706,1.000) (0.000,0.039) (0.000,0.053) 
 12       23    (6)    1 :  0.230 0.017 0.013 0.024 0.009 0.013 0.027 0.667     (0.000,0.905) (0.000,0.121) (0.000,0.083) (0.000,0.147) (0.000,0.048) (0.000,0.080) (0.000,0.193) (0.000,1.000) 
 13       24    (6)    1 :  0.017 0.143 0.008 0.311 0.086 0.016 0.031 0.388     (0.000,0.105) (0.000,0.692) (0.000,0.050) (0.000,0.992) (0.000,0.500) (0.000,0.113) (0.000,0.220) (0.000,0.977) 
 14       25    (6)    1 :  0.144 0.067 0.010 0.060 0.012 0.046 0.008 0.653     (0.000,0.657) (0.000,0.363) (0.000,0.062) (0.000,0.430) (0.000,0.073) (0.000,0.281) (0.000,0.045) (0.053,0.999) 
 15      26*    (0)    1 :  0.008 0.616 0.007 0.036 0.018 0.120 0.005 0.191     (0.000,0.045) (0.000,0.999) (0.000,0.036) (0.000,0.237) (0.000,0.132) (0.000,0.582) (0.000,0.026) (0.000,0.632) 
 16       28    (0)    1 :  0.012 0.677 0.006 0.018 0.008 0.071 0.007 0.202     (0.000,0.074) (0.000,1.000) (0.000,0.035) (0.000,0.122) (0.000,0.045) (0.000,0.478) (0.000,0.038) (0.000,0.986) 
 17       29    (0)    1 :  0.005 0.064 0.005 0.010 0.013 0.005 0.005 0.892     (0.000,0.028) (0.000,0.426) (0.000,0.030) (0.000,0.064) (0.000,0.082) (0.000,0.030) (0.000,0.028) (0.520,1.000) 
 18       30    (0)    1 :  0.015 0.379 0.303 0.036 0.018 0.102 0.007 0.140     (0.000,0.085) (0.000,0.942) (0.000,0.689) (0.000,0.218) (0.000,0.102) (0.000,0.600) (0.000,0.036) (0.000,0.711) 
 19       33    (0)    1 :  0.013 0.005 0.012 0.133 0.769 0.007 0.056 0.005     (0.000,0.084) (0.000,0.026) (0.000,0.076) (0.000,0.986) (0.000,1.000) (0.000,0.039) (0.000,0.341) (0.000,0.030) 
 20       37    (0)    1 :  0.009 0.008 0.005 0.014 0.917 0.011 0.008 0.028     (0.000,0.052) (0.000,0.042) (0.000,0.027) (0.000,0.091) (0.654,1.000) (0.000,0.072) (0.000,0.051) (0.000,0.203) 
 21       38    (0)    1 :  0.005 0.017 0.004 0.022 0.920 0.010 0.005 0.017     (0.000,0.026) (0.000,0.113) (0.000,0.025) (0.000,0.123) (0.661,1.000) (0.000,0.061) (0.000,0.028) (0.000,0.119) 
 22       43    (0)    1 :  0.010 0.171 0.006 0.013 0.011 0.032 0.007 0.750     (0.000,0.062) (0.000,0.607) (0.000,0.034) (0.000,0.086) (0.000,0.064) (0.000,0.227) (0.000,0.038) (0.338,1.000) 
 23       44    (0)    1 :  0.023 0.504 0.050 0.015 0.010 0.383 0.007 0.007     (0.000,0.154) (0.000,0.974) (0.000,0.351) (0.000,0.074) (0.000,0.052) (0.000,0.731) (0.000,0.040) (0.000,0.041) 
 24       48    (0)    1 :  0.006 0.006 0.005 0.007 0.954 0.012 0.004 0.006     (0.000,0.031) (0.000,0.032) (0.000,0.029) (0.000,0.036) (0.794,1.000) (0.000,0.072) (0.000,0.021) (0.000,0.038) 
 25       55    (0)    1 :  0.034 0.720 0.021 0.028 0.011 0.164 0.010 0.012     (0.000,0.252) (0.020,1.000) (0.000,0.149) (0.000,0.192) (0.000,0.063) (0.000,0.732) (0.000,0.060) (0.000,0.070) 
 26       59    (0)    1 :  0.006 0.006 0.006 0.005 0.006 0.964 0.004 0.004     (0.000,0.031) (0.000,0.032) (0.000,0.033) (0.000,0.027) (0.000,0.031) (0.838,1.000) (0.000,0.021) (0.000,0.021) 
 27       60    (0)    1 :  0.654 0.005 0.037 0.181 0.017 0.011 0.021 0.074     (0.000,1.000) (0.000,0.025) (0.000,0.224) (0.000,0.979) (0.000,0.103) (0.000,0.069) (0.000,0.122) (0.000,0.474) 
 28       61    (0)    1 :  0.280 0.009 0.060 0.024 0.009 0.017 0.593 0.008     (0.000,0.969) (0.000,0.054) (0.000,0.381) (0.000,0.163) (0.000,0.049) (0.000,0.113) (0.000,1.000) (0.000,0.046) 
 29       62    (0)    1 :  0.552 0.012 0.022 0.036 0.018 0.012 0.314 0.034     (0.000,1.000) (0.000,0.075) (0.000,0.156) (0.000,0.224) (0.000,0.122) (0.000,0.073) (0.000,0.998) (0.000,0.250) 
 30       65    (0)    1 :  0.011 0.011 0.025 0.105 0.821 0.005 0.015 0.008     (0.000,0.065) (0.000,0.065) (0.000,0.177) (0.000,0.923) (0.000,1.000) (0.000,0.027) (0.000,0.105) (0.000,0.045) 
 31       73    (0)    1 :  0.020 0.009 0.851 0.014 0.007 0.006 0.005 0.089     (0.000,0.134) (0.000,0.058) (0.520,1.000) (0.000,0.090) (0.000,0.044) (0.000,0.032) (0.000,0.026) (0.000,0.406) 
 32       75    (0)    1 :  0.005 0.008 0.032 0.016 0.011 0.009 0.914 0.005     (0.000,0.028) (0.000,0.053) (0.000,0.223) (0.000,0.080) (0.000,0.068) (0.000,0.058) (0.647,1.000) (0.000,0.026) 
 33       76    (0)    1 :  0.013 0.005 0.006 0.005 0.004 0.005 0.952 0.010     (0.000,0.077) (0.000,0.025) (0.000,0.031) (0.000,0.027) (0.000,0.024) (0.000,0.029) (0.783,1.000) (0.000,0.063) 
 34       77    (0)    1 :  0.114 0.004 0.004 0.014 0.007 0.007 0.841 0.008     (0.000,0.808) (0.000,0.025) (0.000,0.024) (0.000,0.088) (0.000,0.037) (0.000,0.039) (0.112,1.000) (0.000,0.047) 
 35       78    (0)    1 :  0.036 0.009 0.594 0.020 0.015 0.007 0.304 0.016     (0.000,0.270) (0.000,0.056) (0.000,1.000) (0.000,0.117) (0.000,0.093) (0.000,0.036) (0.000,0.958) (0.000,0.111) 
 36       79    (0)    1 :  0.020 0.007 0.055 0.026 0.012 0.005 0.871 0.005     (0.000,0.120) (0.000,0.042) (0.000,0.347) (0.000,0.177) (0.000,0.077) (0.000,0.026) (0.508,1.000) (0.000,0.025) 
 37       84    (0)    1 :  0.089 0.097 0.018 0.059 0.015 0.611 0.021 0.089     (0.000,0.479) (0.000,0.428) (0.000,0.131) (0.000,0.366) (0.000,0.096) (0.234,0.973) (0.000,0.150) (0.000,0.498) 
 38       85    (0)    1 :  0.015 0.920 0.014 0.016 0.010 0.012 0.007 0.007     (0.000,0.089) (0.665,1.000) (0.000,0.093) (0.000,0.094) (0.000,0.057) (0.000,0.072) (0.000,0.041) (0.000,0.040) 
 39       86    (0)    1 :  0.012 0.857 0.018 0.070 0.014 0.006 0.012 0.013     (0.000,0.071) (0.451,1.000) (0.000,0.124) (0.000,0.445) (0.000,0.084) (0.000,0.031) (0.000,0.068) (0.000,0.086) 
 40       89    (0)    1 :  0.165 0.013 0.012 0.057 0.024 0.492 0.030 0.206     (0.000,0.704) (0.000,0.078) (0.000,0.071) (0.000,0.395) (0.000,0.170) (0.000,0.885) (0.000,0.228) (0.000,0.676) 
 41       94    (0)    1 :  0.009 0.012 0.004 0.007 0.028 0.013 0.006 0.921     (0.000,0.054) (0.000,0.073) (0.000,0.024) (0.000,0.043) (0.000,0.200) (0.000,0.083) (0.000,0.031) (0.666,1.000) 
 42       95    (0)    1 :  0.010 0.012 0.008 0.007 0.011 0.941 0.005 0.005     (0.000,0.059) (0.000,0.072) (0.000,0.048) (0.000,0.036) (0.000,0.065) (0.739,1.000) (0.000,0.027) (0.000,0.026) 
 43       96    (0)    1 :  0.005 0.964 0.004 0.005 0.004 0.004 0.005 0.008     (0.000,0.028) (0.837,1.000) (0.000,0.023) (0.000,0.025) (0.000,0.022) (0.000,0.021) (0.000,0.030) (0.000,0.049) 
 44       98    (0)    1 :  0.546 0.007 0.343 0.032 0.007 0.006 0.047 0.012     (0.000,1.000) (0.000,0.038) (0.000,1.000) (0.000,0.196) (0.000,0.035) (0.000,0.036) (0.000,0.332) (0.000,0.073) 
 45      102    (0)    1 :  0.017 0.006 0.011 0.360 0.543 0.028 0.010 0.024     (0.000,0.121) (0.000,0.030) (0.000,0.067) (0.000,1.000) (0.000,1.000) (0.000,0.214) (0.000,0.069) (0.000,0.175) 
 46      105    (0)    1 :  0.005 0.004 0.965 0.005 0.008 0.005 0.004 0.005     (0.000,0.027) (0.000,0.022) (0.842,1.000) (0.000,0.028) (0.000,0.047) (0.000,0.025) (0.000,0.021) (0.000,0.026) 
 47      106    (0)    1 :  0.111 0.019 0.132 0.196 0.023 0.090 0.424 0.005     (0.000,0.627) (0.000,0.132) (0.000,0.609) (0.000,0.989) (0.000,0.160) (0.000,0.417) (0.000,0.984) (0.000,0.027) 
 48      108    (0)    1 :  0.026 0.008 0.836 0.034 0.055 0.007 0.025 0.009     (0.000,0.187) (0.000,0.049) (0.477,1.000) (0.000,0.235) (0.000,0.356) (0.000,0.042) (0.000,0.178) (0.000,0.052) 
 49      109    (0)    1 :  0.071 0.015 0.826 0.036 0.008 0.010 0.026 0.007     (0.000,0.495) (0.000,0.107) (0.226,1.000) (0.000,0.249) (0.000,0.045) (0.000,0.059) (0.000,0.193) (0.000,0.038) 
 50      112    (0)    1 :  0.487 0.108 0.011 0.118 0.027 0.009 0.194 0.047     (0.000,0.999) (0.000,0.511) (0.000,0.065) (0.000,0.905) (0.000,0.180) (0.000,0.048) (0.000,0.928) (0.000,0.346) 
 51      115    (0)    1 :  0.029 0.010 0.028 0.425 0.421 0.016 0.015 0.056     (0.000,0.183) (0.000,0.054) (0.000,0.203) (0.000,1.000) (0.000,1.000) (0.000,0.104) (0.000,0.092) (0.000,0.359) 
 52      116    (0)    1 :  0.019 0.900 0.016 0.020 0.016 0.012 0.006 0.010     (0.000,0.102) (0.569,1.000) (0.000,0.109) (0.000,0.121) (0.000,0.108) (0.000,0.071) (0.000,0.033) (0.000,0.053) 
 53      117    (0)    1 :  0.039 0.205 0.018 0.022 0.016 0.325 0.023 0.353     (0.000,0.297) (0.000,0.756) (0.000,0.115) (0.000,0.128) (0.000,0.102) (0.000,0.926) (0.000,0.167) (0.000,0.997) 
 54      129    (0)    1 :  0.005 0.927 0.005 0.007 0.007 0.038 0.004 0.008     (0.000,0.030) (0.674,1.000) (0.000,0.027) (0.000,0.037) (0.000,0.041) (0.000,0.263) (0.000,0.020) (0.000,0.041) 
 55      132    (0)    1 :  0.429 0.006 0.026 0.249 0.062 0.020 0.012 0.197     (0.000,0.999) (0.000,0.033) (0.000,0.175) (0.000,0.996) (0.000,0.433) (0.000,0.141) (0.000,0.072) (0.000,0.763) 
 56      133    (0)    1 :  0.545 0.005 0.333 0.026 0.007 0.008 0.068 0.009     (0.000,1.000) (0.000,0.025) (0.000,1.000) (0.000,0.137) (0.000,0.035) (0.000,0.043) (0.000,0.502) (0.000,0.048) 
 57      137    (6)    1 :  0.333 0.010 0.014 0.029 0.012 0.015 0.566 0.021     (0.000,0.997) (0.000,0.062) (0.000,0.087) (0.000,0.200) (0.000,0.071) (0.000,0.095) (0.000,1.000) (0.000,0.149) 
 58      139    (0)    1 :  0.006 0.014 0.010 0.025 0.013 0.010 0.912 0.008     (0.000,0.036) (0.000,0.094) (0.000,0.062) (0.000,0.137) (0.000,0.088) (0.000,0.066) (0.645,1.000) (0.000,0.051) 
 59      140    (0)    1 :  0.047 0.007 0.883 0.012 0.007 0.016 0.021 0.006     (0.000,0.357) (0.000,0.041) (0.506,1.000) (0.000,0.061) (0.000,0.040) (0.000,0.112) (0.000,0.150) (0.000,0.030) 
 60      142    (0)    1 :  0.229 0.006 0.012 0.009 0.008 0.025 0.700 0.011     (0.000,0.896) (0.000,0.030) (0.000,0.069) (0.000,0.044) (0.000,0.044) (0.000,0.186) (0.015,1.000) (0.000,0.068) 
 61      144    (0)    1 :  0.006 0.003 0.967 0.005 0.004 0.005 0.005 0.004     (0.000,0.037) (0.000,0.018) (0.854,1.000) (0.000,0.025) (0.000,0.024) (0.000,0.030) (0.000,0.025) (0.000,0.019) 
 62      145    (0)    1 :  0.597 0.005 0.012 0.008 0.007 0.007 0.359 0.005     (0.000,1.000) (0.000,0.028) (0.000,0.073) (0.000,0.042) (0.000,0.037) (0.000,0.036) (0.000,1.000) (0.000,0.026) 
 63      147    (0)    1 :  0.008 0.008 0.931 0.010 0.007 0.004 0.028 0.004     (0.000,0.044) (0.000,0.047) (0.689,1.000) (0.000,0.063) (0.000,0.036) (0.000,0.024) (0.000,0.190) (0.000,0.022) 
 64      160    (0)    1 :  0.005 0.008 0.004 0.006 0.008 0.008 0.005 0.956     (0.000,0.030) (0.000,0.041) (0.000,0.022) (0.000,0.030) (0.000,0.044) (0.000,0.048) (0.000,0.026) (0.803,1.000) 
 65     162*    (0)    1 :  0.006 0.960 0.005 0.005 0.004 0.004 0.006 0.011     (0.000,0.030) (0.816,1.000) (0.000,0.026) (0.000,0.025) (0.000,0.024) (0.000,0.021) (0.000,0.030) (0.000,0.063) 
 66      166    (0)    1 :  0.651 0.007 0.114 0.153 0.007 0.023 0.038 0.007     (0.000,1.000) (0.000,0.040) (0.000,0.917) (0.000,0.967) (0.000,0.038) (0.000,0.153) (0.000,0.271) (0.000,0.035) 
 67      177    (0)    1 :  0.006 0.005 0.004 0.005 0.004 0.004 0.967 0.005     (0.000,0.030) (0.000,0.029) (0.000,0.020) (0.000,0.026) (0.000,0.022) (0.000,0.023) (0.854,1.000) (0.000,0.025) 
 68      178    (0)    1 :  0.051 0.015 0.042 0.038 0.011 0.008 0.798 0.037     (0.000,0.382) (0.000,0.102) (0.000,0.291) (0.000,0.257) (0.000,0.063) (0.000,0.049) (0.343,1.000) (0.000,0.275) 
 69      186    (0)    1 :  0.005 0.005 0.004 0.004 0.004 0.968 0.004 0.005     (0.000,0.027) (0.000,0.028) (0.000,0.022) (0.000,0.020) (0.000,0.022) (0.856,1.000) (0.000,0.024) (0.000,0.028) 
 70      189    (0)    1 :  0.014 0.943 0.004 0.006 0.006 0.007 0.008 0.012     (0.000,0.065) (0.750,1.000) (0.000,0.019) (0.000,0.031) (0.000,0.034) (0.000,0.041) (0.000,0.047) (0.000,0.077) 
 71      190    (0)    1 :  0.024 0.810 0.010 0.028 0.015 0.037 0.011 0.065     (0.000,0.175) (0.349,1.000) (0.000,0.059) (0.000,0.200) (0.000,0.105) (0.000,0.256) (0.000,0.069) (0.000,0.471) 
 72      191    (0)    1 :  0.057 0.264 0.046 0.023 0.011 0.543 0.028 0.027     (0.000,0.392) (0.000,0.886) (0.000,0.306) (0.000,0.142) (0.000,0.065) (0.000,0.971) (0.000,0.202) (0.000,0.193) 
 73      193    (0)    1 :  0.624 0.010 0.014 0.016 0.011 0.034 0.277 0.014     (0.000,1.000) (0.000,0.060) (0.000,0.092) (0.000,0.077) (0.000,0.064) (0.000,0.249) (0.000,0.998) (0.000,0.091) 
 74      202    (0)    1 :  0.051 0.263 0.010 0.216 0.036 0.008 0.010 0.406     (0.000,0.363) (0.000,0.739) (0.000,0.060) (0.000,0.949) (0.000,0.260) (0.000,0.050) (0.000,0.055) (0.000,0.907) 
 75      204    (0)    1 :  0.004 0.941 0.004 0.004 0.004 0.031 0.003 0.007     (0.000,0.024) (0.716,1.000) (0.000,0.024) (0.000,0.022) (0.000,0.021) (0.000,0.227) (0.000,0.017) (0.000,0.039) 
 76      211    (0)    1 :  0.303 0.011 0.207 0.167 0.023 0.010 0.040 0.237     (0.000,0.983) (0.000,0.069) (0.000,0.902) (0.000,0.916) (0.000,0.152) (0.000,0.065) (0.000,0.258) (0.000,0.795) 
 77      216    (0)    1 :  0.131 0.005 0.749 0.055 0.006 0.005 0.033 0.016     (0.000,0.717) (0.000,0.026) (0.149,1.000) (0.000,0.425) (0.000,0.033) (0.000,0.026) (0.000,0.218) (0.000,0.116) 
 78      222    (0)    1 :  0.100 0.014 0.724 0.087 0.039 0.007 0.021 0.007     (0.000,0.666) (0.000,0.085) (0.005,1.000) (0.000,0.678) (0.000,0.276) (0.000,0.042) (0.000,0.124) (0.000,0.035) 
 79      224    (0)    1 :  0.027 0.902 0.012 0.010 0.012 0.015 0.007 0.015     (0.000,0.148) (0.577,1.000) (0.000,0.076) (0.000,0.050) (0.000,0.067) (0.000,0.099) (0.000,0.040) (0.000,0.096) 
 80      226    (0)    1 :  0.008 0.007 0.004 0.010 0.007 0.954 0.005 0.005     (0.000,0.047) (0.000,0.037) (0.000,0.022) (0.000,0.062) (0.000,0.042) (0.796,1.000) (0.000,0.025) (0.000,0.024) 
 81      229    (0)    1 :  0.059 0.619 0.028 0.124 0.029 0.009 0.030 0.102     (0.000,0.332) (0.000,0.992) (0.000,0.214) (0.000,0.692) (0.000,0.214) (0.000,0.058) (0.000,0.207) (0.000,0.623) 
 82      230    (0)    1 :  0.008 0.870 0.013 0.024 0.011 0.015 0.034 0.025     (0.000,0.051) (0.540,1.000) (0.000,0.089) (0.000,0.138) (0.000,0.064) (0.000,0.097) (0.000,0.225) (0.000,0.171) 
 83      232    (0)    1 :  0.200 0.107 0.020 0.067 0.020 0.063 0.065 0.458     (0.000,0.722) (0.000,0.602) (0.000,0.141) (0.000,0.529) (0.000,0.122) (0.000,0.378) (0.000,0.425) (0.000,0.933) 
 84      238    (0)    1 :  0.044 0.054 0.021 0.417 0.359 0.006 0.090 0.010     (0.000,0.315) (0.000,0.361) (0.000,0.151) (0.000,1.000) (0.000,0.994) (0.000,0.034) (0.000,0.465) (0.000,0.058) 
 85      242    (0)    1 :  0.007 0.005 0.007 0.023 0.944 0.006 0.004 0.004     (0.000,0.038) (0.000,0.027) (0.000,0.045) (0.000,0.145) (0.752,1.000) (0.000,0.035) (0.000,0.019) (0.000,0.022) 
 86      243    (0)    1 :  0.081 0.008 0.032 0.282 0.535 0.027 0.024 0.010     (0.000,0.520) (0.000,0.045) (0.000,0.240) (0.000,0.999) (0.000,1.000) (0.000,0.203) (0.000,0.174) (0.000,0.060) 
 87      244    (0)    1 :  0.020 0.010 0.007 0.374 0.410 0.006 0.163 0.009     (0.000,0.136) (0.000,0.063) (0.000,0.040) (0.000,1.000) (0.000,0.998) (0.000,0.034) (0.000,0.628) (0.000,0.051) 
 88      251    (0)    1 :  0.066 0.020 0.015 0.411 0.361 0.008 0.022 0.096     (0.000,0.473) (0.000,0.126) (0.000,0.093) (0.000,1.000) (0.000,0.998) (0.000,0.047) (0.000,0.143) (0.000,0.539) 
 89      266    (0)    1 :  0.107 0.017 0.014 0.304 0.102 0.009 0.437 0.009     (0.000,0.603) (0.000,0.121) (0.000,0.092) (0.000,0.996) (0.000,0.496) (0.000,0.057) (0.000,0.952) (0.000,0.052) 
 90      267    (0)    1 :  0.059 0.040 0.797 0.034 0.018 0.029 0.012 0.012     (0.000,0.429) (0.000,0.272) (0.264,1.000) (0.000,0.231) (0.000,0.120) (0.000,0.211) (0.000,0.075) (0.000,0.082) 
 91      268    (0)    1 :  0.157 0.005 0.353 0.071 0.010 0.007 0.353 0.044     (0.000,0.924) (0.000,0.027) (0.000,0.999) (0.000,0.513) (0.000,0.054) (0.000,0.041) (0.000,0.993) (0.000,0.297) 
 92      270    (0)    1 :  0.015 0.889 0.011 0.014 0.015 0.030 0.008 0.018     (0.000,0.100) (0.558,1.000) (0.000,0.071) (0.000,0.079) (0.000,0.100) (0.000,0.211) (0.000,0.044) (0.000,0.120) 
 93      276    (0)    1 :  0.107 0.239 0.065 0.044 0.017 0.436 0.057 0.036     (0.000,0.571) (0.000,0.964) (0.000,0.416) (0.000,0.320) (0.000,0.109) (0.000,0.912) (0.000,0.371) (0.000,0.259) 
 94      298    (6)    1 :  0.041 0.006 0.782 0.031 0.010 0.016 0.104 0.011     (0.000,0.318) (0.000,0.029) (0.244,1.000) (0.000,0.224) (0.000,0.054) (0.000,0.107) (0.000,0.570) (0.000,0.070) 
 95      306    (0)    1 :  0.760 0.007 0.038 0.117 0.016 0.008 0.042 0.013     (0.166,1.000) (0.000,0.036) (0.000,0.267) (0.000,0.654) (0.000,0.101) (0.000,0.044) (0.000,0.317) (0.000,0.060) 
 96      308    (0)    1 :  0.136 0.008 0.194 0.063 0.033 0.006 0.480 0.080     (0.000,0.643) (0.000,0.045) (0.000,0.743) (0.000,0.488) (0.000,0.239) (0.000,0.037) (0.000,0.997) (0.000,0.439) 
 97      311    (6)    1 :  0.409 0.021 0.202 0.240 0.081 0.008 0.021 0.018     (0.000,0.999) (0.000,0.142) (0.000,0.934) (0.000,0.997) (0.000,0.517) (0.000,0.047) (0.000,0.128) (0.000,0.121) 
 98      323    (0)    1 :  0.005 0.007 0.005 0.005 0.008 0.963 0.004 0.004     (0.000,0.028) (0.000,0.036) (0.000,0.028) (0.000,0.026) (0.000,0.042) (0.832,1.000) (0.000,0.023) (0.000,0.023) 
 99      327    (0)    1 :  0.022 0.661 0.014 0.040 0.017 0.017 0.007 0.224     (0.000,0.156) (0.000,1.000) (0.000,0.090) (0.000,0.288) (0.000,0.111) (0.000,0.116) (0.000,0.038) (0.000,0.805) 
100      334    (0)    1 :  0.011 0.006 0.011 0.511 0.446 0.004 0.007 0.005     (0.000,0.053) (0.000,0.031) (0.000,0.067) (0.000,1.000) (0.000,1.000) (0.000,0.019) (0.000,0.036) (0.000,0.026) 
101      338    (0)    1 :  0.349 0.016 0.459 0.087 0.015 0.018 0.028 0.028     (0.000,0.996) (0.000,0.103) (0.000,1.000) (0.000,0.746) (0.000,0.087) (0.000,0.121) (0.000,0.201) (0.000,0.205) 
102      341    (0)    1 :  0.020 0.007 0.005 0.009 0.012 0.936 0.006 0.006     (0.000,0.141) (0.000,0.037) (0.000,0.025) (0.000,0.051) (0.000,0.076) (0.727,1.000) (0.000,0.030) (0.000,0.032) 
103      346    (0)    1 :  0.491 0.007 0.008 0.024 0.008 0.011 0.417 0.035     (0.000,1.000) (0.000,0.041) (0.000,0.041) (0.000,0.142) (0.000,0.040) (0.000,0.061) (0.000,1.000) (0.000,0.261) 
104      348    (0)    1 :  0.052 0.008 0.628 0.038 0.021 0.007 0.240 0.007     (0.000,0.353) (0.000,0.047) (0.000,1.000) (0.000,0.246) (0.000,0.138) (0.000,0.039) (0.000,0.898) (0.000,0.039) 
105      351    (0)    1 :  0.166 0.009 0.008 0.363 0.389 0.017 0.013 0.035     (0.000,0.941) (0.000,0.046) (0.000,0.044) (0.000,0.999) (0.000,1.000) (0.000,0.112) (0.000,0.078) (0.000,0.260) 
106      362    (0)    1 :  0.006 0.913 0.005 0.006 0.006 0.027 0.005 0.032     (0.000,0.036) (0.609,1.000) (0.000,0.029) (0.000,0.029) (0.000,0.030) (0.000,0.189) (0.000,0.028) (0.000,0.221) 
107      364    (0)    1 :  0.036 0.005 0.010 0.035 0.884 0.010 0.011 0.010     (0.000,0.261) (0.000,0.026) (0.000,0.054) (0.000,0.251) (0.546,1.000) (0.000,0.058) (0.000,0.066) (0.000,0.064) 
108      366    (0)    1 :  0.024 0.045 0.029 0.172 0.698 0.011 0.009 0.012     (0.000,0.171) (0.000,0.326) (0.000,0.207) (0.000,0.992) (0.000,1.000) (0.000,0.067) (0.000,0.056) (0.000,0.069) 
109      376    (0)    1 :  0.032 0.023 0.006 0.011 0.007 0.879 0.018 0.024     (0.000,0.223) (0.000,0.161) (0.000,0.034) (0.000,0.062) (0.000,0.035) (0.579,1.000) (0.000,0.130) (0.000,0.173) 
110      377    (6)    1 :  0.223 0.196 0.064 0.078 0.021 0.030 0.018 0.369     (0.000,0.979) (0.000,0.750) (0.000,0.404) (0.000,0.600) (0.000,0.129) (0.000,0.207) (0.000,0.096) (0.000,0.973) 
111      378    (0)    1 :  0.014 0.007 0.007 0.006 0.004 0.010 0.011 0.940     (0.000,0.091) (0.000,0.034) (0.000,0.042) (0.000,0.032) (0.000,0.023) (0.000,0.062) (0.000,0.074) (0.739,1.000) 
112      388    (0)    1 :  0.113 0.009 0.768 0.041 0.016 0.010 0.013 0.030     (0.000,0.818) (0.000,0.049) (0.000,1.000) (0.000,0.294) (0.000,0.104) (0.000,0.058) (0.000,0.076) (0.000,0.227) 
113      391    (0)    1 :  0.292 0.007 0.020 0.055 0.010 0.389 0.011 0.216     (0.000,0.912) (0.000,0.036) (0.000,0.139) (0.000,0.439) (0.000,0.055) (0.000,0.807) (0.000,0.065) (0.000,0.634) 
114      401    (0)    1 :  0.057 0.281 0.009 0.281 0.125 0.090 0.144 0.013     (0.000,0.415) (0.000,0.731) (0.000,0.049) (0.000,0.998) (0.000,0.631) (0.000,0.555) (0.000,0.593) (0.000,0.076) 
115      406    (0)    1 :  0.572 0.009 0.220 0.049 0.030 0.076 0.026 0.017     (0.000,1.000) (0.000,0.056) (0.000,0.988) (0.000,0.359) (0.000,0.196) (0.000,0.479) (0.000,0.179) (0.000,0.113) 
116      412    (6)    1 :  0.669 0.016 0.184 0.035 0.015 0.021 0.030 0.030     (0.000,1.000) (0.000,0.099) (0.000,0.987) (0.000,0.189) (0.000,0.081) (0.000,0.152) (0.000,0.184) (0.000,0.217) 
117      413    (0)    1 :  0.461 0.014 0.025 0.106 0.037 0.004 0.347 0.007     (0.000,1.000) (0.000,0.092) (0.000,0.181) (0.000,0.552) (0.000,0.257) (0.000,0.019) (0.000,0.999) (0.000,0.040) 
118      421    (0)    1 :  0.229 0.503 0.027 0.124 0.019 0.022 0.062 0.016     (0.000,0.755) (0.000,0.987) (0.000,0.194) (0.000,0.905) (0.000,0.124) (0.000,0.164) (0.000,0.429) (0.000,0.096) 
119      423    (0)    1 :  0.145 0.597 0.057 0.103 0.049 0.015 0.019 0.016     (0.000,0.776) (0.000,1.000) (0.000,0.389) (0.000,0.879) (0.000,0.352) (0.000,0.103) (0.000,0.118) (0.000,0.105) 
120      424    (0)    1 :  0.712 0.008 0.026 0.033 0.027 0.132 0.028 0.034     (0.000,1.000) (0.000,0.044) (0.000,0.175) (0.000,0.211) (0.000,0.183) (0.000,0.715) (0.000,0.197) (0.000,0.242) 
121      426    (0)    1 :  0.065 0.024 0.013 0.021 0.017 0.025 0.017 0.817     (0.000,0.461) (0.000,0.174) (0.000,0.081) (0.000,0.131) (0.000,0.114) (0.000,0.184) (0.000,0.117) (0.301,1.000) 
122      430   (12)    1 :  0.739 0.015 0.028 0.066 0.008 0.032 0.092 0.020     (0.000,1.000) (0.000,0.088) (0.000,0.198) (0.000,0.476) (0.000,0.046) (0.000,0.228) (0.000,0.652) (0.000,0.122) 
123      435    (0)    1 :  0.276 0.005 0.036 0.007 0.004 0.005 0.651 0.015     (0.000,0.886) (0.000,0.027) (0.000,0.244) (0.000,0.035) (0.000,0.023) (0.000,0.025) (0.000,1.000) (0.000,0.097) 
124      476    (0)    1 :  0.021 0.092 0.007 0.028 0.024 0.791 0.023 0.015     (0.000,0.154) (0.000,0.469) (0.000,0.038) (0.000,0.201) (0.000,0.168) (0.410,1.000) (0.000,0.163) (0.000,0.100) 
125      478    (0)    1 :  0.015 0.189 0.009 0.019 0.026 0.720 0.006 0.017     (0.000,0.099) (0.000,0.568) (0.000,0.057) (0.000,0.124) (0.000,0.187) (0.361,0.998) (0.000,0.035) (0.000,0.115) 
126      484    (0)    1 :  0.159 0.006 0.760 0.013 0.006 0.015 0.031 0.010     (0.000,0.724) (0.000,0.031) (0.181,1.000) (0.000,0.067) (0.000,0.030) (0.000,0.104) (0.000,0.219) (0.000,0.059) 
127      489    (0)    1 :  0.277 0.032 0.111 0.024 0.008 0.011 0.015 0.522     (0.000,0.999) (0.000,0.237) (0.000,0.527) (0.000,0.138) (0.000,0.041) (0.000,0.067) (0.000,0.082) (0.000,1.000) 
128      492   (18)    1 :  0.022 0.005 0.010 0.519 0.425 0.004 0.010 0.005     (0.000,0.141) (0.000,0.026) (0.000,0.055) (0.000,1.000) (0.000,1.000) (0.000,0.023) (0.000,0.045) (0.000,0.029) 
129      493    (0)    1 :  0.013 0.012 0.006 0.029 0.910 0.007 0.009 0.013     (0.000,0.091) (0.000,0.079) (0.000,0.037) (0.000,0.177) (0.625,1.000) (0.000,0.041) (0.000,0.051) (0.000,0.089) 
130      494    (0)    1 :  0.008 0.019 0.006 0.141 0.775 0.012 0.008 0.029     (0.000,0.046) (0.000,0.132) (0.000,0.037) (0.000,0.982) (0.000,1.000) (0.000,0.078) (0.000,0.050) (0.000,0.217) 
131      500    (0)    1 :  0.005 0.951 0.004 0.008 0.006 0.015 0.004 0.008     (0.000,0.025) (0.776,1.000) (0.000,0.019) (0.000,0.032) (0.000,0.032) (0.000,0.104) (0.000,0.021) (0.000,0.045) 
132      504    (0)    1 :  0.041 0.039 0.791 0.045 0.021 0.009 0.012 0.042     (0.000,0.304) (0.000,0.258) (0.351,1.000) (0.000,0.303) (0.000,0.147) (0.000,0.052) (0.000,0.066) (0.000,0.273) 
133      506    (0)    1 :  0.010 0.052 0.903 0.006 0.006 0.009 0.004 0.009     (0.000,0.044) (0.000,0.331) (0.594,1.000) (0.000,0.034) (0.000,0.031) (0.000,0.054) (0.000,0.024) (0.000,0.055) 


Estimated Allele Frequencies in each cluster
First column gives estimated ancestral frequencies


Locus 1 : Rsu3 
3 alleles
0.0% missing data
 164   (0.543) 0.437 0.636 0.451 0.415 0.552 0.497 0.586 0.623 
 166   (0.247) 0.433 0.077 0.509 0.320 0.202 0.096 0.190 0.259 
 170   (0.210) 0.130 0.287 0.040 0.265 0.246 0.407 0.224 0.118 

Locus 2 : Rsu5 
5 alleles
0.0% missing data
 137   (0.734) 0.862 0.962 0.482 0.593 0.633 0.974 0.802 0.893 
 135   (0.087) 0.090 0.008 0.014 0.059 0.116 0.013 0.039 0.059 
 139   (0.109) 0.034 0.024 0.012 0.309 0.212 0.009 0.069 0.042 
 133   (0.022) 0.003 0.002 0.002 0.013 0.027 0.002 0.003 0.002 
 131   (0.047) 0.012 0.004 0.489 0.027 0.013 0.003 0.086 0.004 

Locus 3 : Scv1 
5 alleles
0.0% missing data
 181   (0.542) 0.352 0.640 0.373 0.406 0.671 0.953 0.351 0.770 
 179   (0.188) 0.260 0.115 0.119 0.404 0.186 0.021 0.267 0.083 
 177   (0.107) 0.267 0.012 0.213 0.076 0.057 0.011 0.050 0.130 
 185   (0.135) 0.117 0.230 0.291 0.095 0.059 0.013 0.328 0.013 
 171   (0.029) 0.004 0.002 0.003 0.020 0.027 0.002 0.004 0.004 

Locus 4 : Rsu4 
9 alleles
0.0% missing data
 267   (0.192) 0.035 0.295 0.144 0.330 0.327 0.146 0.087 0.078 
 263   (0.327) 0.589 0.227 0.354 0.284 0.260 0.473 0.369 0.767 
 259   (0.053) 0.011 0.204 0.006 0.032 0.014 0.268 0.008 0.047 
 287   (0.177) 0.281 0.226 0.196 0.166 0.117 0.095 0.096 0.069 
 275   (0.040) 0.006 0.003 0.004 0.027 0.122 0.003 0.013 0.004 
 279   (0.075) 0.019 0.009 0.009 0.066 0.061 0.006 0.254 0.014 
 283   (0.073) 0.050 0.006 0.280 0.049 0.040 0.005 0.163 0.007 
 291   (0.038) 0.006 0.026 0.004 0.030 0.020 0.003 0.006 0.011 
 271   (0.026) 0.003 0.002 0.003 0.016 0.038 0.002 0.004 0.002 

Locus 5 : Rsu6 
5 alleles
0.0% missing data
 120   (0.256) 0.313 0.255 0.115 0.231 0.212 0.285 0.217 0.512 
 126   (0.616) 0.671 0.474 0.871 0.687 0.631 0.580 0.763 0.430 
 124   (0.080) 0.010 0.250 0.009 0.055 0.052 0.131 0.013 0.054 
 130   (0.027) 0.003 0.002 0.003 0.015 0.099 0.002 0.004 0.002 
 114   (0.021) 0.003 0.018 0.002 0.012 0.006 0.002 0.003 0.002 

Locus 6 : Scv12 
3 alleles
1.5% missing data
 198   (0.579) 0.686 0.315 0.414 0.641 0.738 0.691 0.677 0.416 
 196   (0.263) 0.274 0.178 0.526 0.243 0.128 0.287 0.192 0.268 
 200   (0.158) 0.040 0.506 0.059 0.115 0.134 0.022 0.131 0.316 

Locus 7 : Scv23 
3 alleles
0.8% missing data
 158   (0.522) 0.551 0.733 0.741 0.542 0.467 0.360 0.565 0.478 
 164   (0.193) 0.174 0.061 0.141 0.259 0.281 0.435 0.037 0.115 
 160   (0.285) 0.276 0.207 0.118 0.199 0.252 0.204 0.399 0.407 

Locus 8 : Scv13 
5 alleles
0.0% missing data
 182   (0.716) 0.913 0.911 0.896 0.806 0.713 0.785 0.551 0.964 
 180   (0.094) 0.018 0.068 0.010 0.068 0.102 0.182 0.016 0.018 
 172   (0.079) 0.040 0.007 0.080 0.050 0.049 0.006 0.279 0.007 
 184   (0.068) 0.019 0.010 0.010 0.047 0.119 0.023 0.016 0.007 
 174   (0.042) 0.010 0.004 0.004 0.029 0.017 0.003 0.137 0.004 

Locus 9 : Scv32 
18 alleles
0.8% missing data
 236   (0.038) 0.005 0.003 0.004 0.031 0.135 0.003 0.006 0.004 
 238   (0.043) 0.129 0.004 0.095 0.089 0.025 0.003 0.008 0.011 
 234   (0.134) 0.358 0.020 0.123 0.108 0.055 0.334 0.647 0.122 
 246   (0.054) 0.020 0.183 0.007 0.035 0.015 0.306 0.014 0.013 
 248   (0.093) 0.052 0.140 0.023 0.193 0.133 0.007 0.014 0.368 
 262   (0.107) 0.115 0.271 0.048 0.105 0.048 0.012 0.039 0.146 
 232   (0.165) 0.125 0.123 0.424 0.118 0.382 0.178 0.058 0.018 
 250   (0.029) 0.015 0.003 0.003 0.019 0.008 0.004 0.004 0.263 
 228   (0.026) 0.004 0.002 0.003 0.021 0.024 0.002 0.004 0.003 
 220   (0.043) 0.006 0.211 0.004 0.030 0.013 0.072 0.007 0.009 
 264   (0.055) 0.094 0.005 0.006 0.042 0.050 0.040 0.025 0.010 
 252   (0.045) 0.008 0.017 0.083 0.027 0.013 0.003 0.084 0.005 
 254   (0.049) 0.019 0.004 0.089 0.100 0.026 0.003 0.068 0.009 
 242   (0.025) 0.003 0.002 0.003 0.016 0.037 0.002 0.003 0.002 
 266   (0.028) 0.024 0.003 0.040 0.019 0.009 0.002 0.005 0.003 
 244   (0.030) 0.019 0.005 0.041 0.022 0.010 0.002 0.005 0.011 
 226   (0.020) 0.003 0.002 0.002 0.012 0.005 0.025 0.003 0.002 
 240   (0.017) 0.002 0.001 0.002 0.013 0.013 0.001 0.005 0.002 

Locus 10 : Scv8 
6 alleles
0.8% missing data
 200   (0.625) 0.718 0.697 0.641 0.723 0.650 0.827 0.418 0.825 
 202   (0.096) 0.075 0.009 0.070 0.084 0.174 0.007 0.057 0.010 
 194   (0.090) 0.149 0.096 0.010 0.061 0.034 0.152 0.086 0.026 
 204   (0.050) 0.009 0.037 0.005 0.042 0.021 0.004 0.009 0.120 
 198   (0.072) 0.027 0.156 0.008 0.048 0.087 0.005 0.016 0.013 
 188   (0.068) 0.022 0.006 0.266 0.043 0.034 0.005 0.414 0.006 

Locus 11 : Scv9 
5 alleles
0.0% missing data
 198   (0.318) 0.525 0.105 0.325 0.421 0.209 0.421 0.537 0.506 
 200   (0.334) 0.115 0.577 0.290 0.333 0.518 0.358 0.110 0.372 
 196   (0.279) 0.347 0.312 0.376 0.205 0.254 0.047 0.230 0.116 
 204   (0.046) 0.010 0.004 0.006 0.028 0.012 0.172 0.095 0.005 
 202   (0.022) 0.003 0.002 0.003 0.012 0.006 0.001 0.028 0.002 

Locus 12 : Rsu1 
6 alleles
0.0% missing data
 189   (0.303) 0.257 0.058 0.117 0.365 0.531 0.503 0.261 0.062 
 185   (0.274) 0.446 0.231 0.777 0.344 0.195 0.169 0.160 0.075 
 177   (0.080) 0.021 0.144 0.056 0.054 0.038 0.010 0.043 0.012 
 181   (0.247) 0.258 0.189 0.040 0.178 0.210 0.056 0.522 0.767 
 193   (0.052) 0.012 0.278 0.005 0.034 0.015 0.032 0.008 0.080 
 197   (0.043) 0.006 0.100 0.004 0.025 0.012 0.229 0.006 0.004 

Locus 13 : Scv14 
7 alleles
4.5% missing data
 196   (0.535) 0.581 0.813 0.593 0.359 0.462 0.933 0.668 0.883 
 198   (0.083) 0.163 0.007 0.032 0.132 0.102 0.007 0.056 0.018 
 194   (0.138) 0.119 0.046 0.049 0.102 0.208 0.019 0.171 0.053 
 202   (0.176) 0.125 0.123 0.319 0.363 0.196 0.036 0.083 0.028 
 204   (0.022) 0.003 0.002 0.002 0.013 0.017 0.002 0.003 0.003 
 190   (0.022) 0.004 0.006 0.002 0.015 0.007 0.002 0.003 0.013 
 200   (0.023) 0.005 0.002 0.002 0.015 0.009 0.002 0.015 0.002 

Locus 14 : Scv16 
7 alleles
0.0% missing data
 182   (0.409) 0.600 0.558 0.342 0.537 0.266 0.193 0.566 0.767 
 184   (0.413) 0.360 0.280 0.591 0.353 0.529 0.781 0.193 0.213 
 188   (0.057) 0.008 0.151 0.006 0.032 0.147 0.018 0.008 0.005 
 200   (0.022) 0.003 0.002 0.002 0.012 0.024 0.001 0.003 0.002 
 198   (0.042) 0.019 0.004 0.035 0.030 0.012 0.003 0.140 0.007 
 190   (0.036) 0.008 0.003 0.021 0.023 0.010 0.003 0.086 0.004 
 186   (0.021) 0.003 0.002 0.002 0.013 0.013 0.001 0.004 0.002 

Locus 15 : Scv31 
15 alleles
3.0% missing data
 193   (0.123) 0.127 0.036 0.179 0.164 0.074 0.013 0.038 0.585 
 201   (0.104) 0.018 0.060 0.061 0.084 0.217 0.011 0.016 0.095 
 187   (0.082) 0.017 0.323 0.119 0.056 0.024 0.258 0.013 0.061 
 207   (0.029) 0.004 0.012 0.003 0.017 0.008 0.408 0.004 0.003 
 195   (0.073) 0.060 0.110 0.195 0.050 0.021 0.013 0.037 0.029 
 185   (0.173) 0.400 0.020 0.186 0.158 0.127 0.224 0.313 0.026 
 189   (0.053) 0.006 0.005 0.005 0.033 0.229 0.004 0.007 0.135 
 205   (0.020) 0.003 0.002 0.002 0.013 0.014 0.001 0.003 0.002 
 191   (0.147) 0.332 0.351 0.019 0.113 0.053 0.053 0.468 0.043 
 197   (0.028) 0.004 0.007 0.177 0.016 0.008 0.003 0.004 0.005 
 199   (0.056) 0.009 0.005 0.041 0.036 0.060 0.004 0.078 0.006 
 203   (0.029) 0.004 0.002 0.003 0.017 0.073 0.002 0.004 0.003 
 209   (0.035) 0.008 0.003 0.004 0.036 0.029 0.002 0.007 0.004 
 213   (0.024) 0.003 0.002 0.002 0.191 0.056 0.002 0.003 0.002 
 181   (0.026) 0.005 0.060 0.003 0.015 0.007 0.002 0.004 0.002 

Locus 16 : Scv6 
8 alleles
0.0% missing data
 191   (0.105) 0.015 0.188 0.022 0.167 0.210 0.008 0.016 0.224 
 195   (0.376) 0.481 0.460 0.600 0.294 0.284 0.692 0.228 0.454 
 197   (0.210) 0.159 0.314 0.229 0.158 0.103 0.258 0.360 0.280 
 201   (0.083) 0.050 0.007 0.009 0.109 0.138 0.006 0.131 0.011 
 205   (0.023) 0.003 0.002 0.002 0.012 0.052 0.002 0.003 0.002 
 193   (0.094) 0.103 0.009 0.100 0.061 0.115 0.007 0.173 0.009 
 199   (0.085) 0.187 0.017 0.036 0.184 0.053 0.026 0.085 0.017 
 181   (0.023) 0.003 0.002 0.003 0.014 0.045 0.002 0.003 0.002 

Values of parameters used in structure:
DATAFILE=M:\STRUCTURE\Squirrel_133_ID_16L_20250816\project_data,	OUTFILE=M:\STRUCTURE\Squirrel_133_ID_16L_20250816\10k_Burnin_100k_MCMC\Results\10k_Burnin_100k_MCMC_run_185,	NUMINDS=133,	NUMLOCI=16,	MISSING=-9,	LABEL=1,	POPDATA=1,	POPFLAG=0,	PHENOTYPE=0,	EXTRACOLS=1,	MAXPOPS=8,	BURNIN=10000,	NUMREPS=100000,	USEPOPINFO=0,	INFERALPHA=1,	INFERLAMBDA=1,	POPSPECIFICLAMBDA=0,	POPALPHAS=0,	COMPUTEPROB=1,	NOADMIX=0,	ADMBURNIN=2500,	UPDATEFREQ=1,	PRINTLIKES=0,	INTERMEDSAVE=0,	PRINTKLD=0,	PRINTNET=0,	PRINTLAMBDA=0,	ANCESTDIST=1,	NUMBOXES=1000,	ANCESTPINT=0.90000,	GENSBACK=2,	MIGRPRIOR=0.05000,	PRINTQHAT=1,	PRINTQSUM=0,	ALPHA=1.0000,	FREQSCORR=1,	FPRIORMEAN=0.0100,	FPRIORSD=0.0500,	ONEFST=0,	LAMBDA=1.0000,	UNIFPRIORALPHA=1,	ALPHAMAX=10.0000,	ALPHAPRIORA=1.0000,	ALPHAPRIORB=2.0000,	ALPHAPROPSD=0.0250,	STARTATPOPINFO=0,	RANDOMIZE=1,	LINKAGE=0,	METROFREQ=10,	REPORTHITRATE=0,	MARKOVPHASE=-1,	PHASED=0,	PLOIDY=2,	PHASEINFO=0	LOCPRIOR=0, 	LOCPRIORINIT=1.000000, 	LOCDATA=0, 	LOCISPOP=0, 	LOCPRIORSTEP=0.100000, 	MAXLOCPRIOR=20.000000, 	SEED=1763675645,	
[STRAT parameters]:    NUMSIMSTATS=1000,	PHENOTYPECOL=-9,	POOLFREQ=10,	LOCUSxONLY=0,	EMERROR=0.00100,	MISSINGPHENO=-9,	