          1*  1 0.0198 0.9666 0.0135 
           3  1 0.0130 0.0181 0.9688 
           6  1 0.0264 0.0068 0.9668 
           8  1 0.0061 0.0109 0.9830 
          10  1 0.0054 0.0071 0.9875 
          11  1 0.0366 0.8324 0.1310 
          12  1 0.0179 0.0164 0.9657 
          16  1 0.0071 0.0097 0.9832 
          18  1 0.0051 0.9863 0.0087 
          19  1 0.0305 0.9444 0.0251 
          21  1 0.0098 0.0100 0.9802 
          23  1 0.4317 0.0283 0.5400 
          24  1 0.0250 0.4122 0.5629 
          25  1 0.0840 0.0615 0.8545 
         26*  1 0.0043 0.0128 0.9829 
          28  1 0.0056 0.0054 0.9889 
          29  1 0.0060 0.0224 0.9716 
          30  1 0.1211 0.0455 0.8335 
          33  1 0.0183 0.9771 0.0046 
          37  1 0.0068 0.9805 0.0128 
          38  1 0.0041 0.9805 0.0154 
          43  1 0.0066 0.0164 0.9770 
          44  1 0.0125 0.0094 0.9782 
          48  1 0.0047 0.9873 0.0080 
          55  1 0.0152 0.0097 0.9751 
          59  1 0.0104 0.1492 0.8403 
          60  1 0.9365 0.0527 0.0108 
          61  1 0.9842 0.0077 0.0081 
          62  1 0.9575 0.0188 0.0236 
          65  1 0.0147 0.9781 0.0071 
          73  1 0.9567 0.0136 0.0297 
          75  1 0.9597 0.0312 0.0090 
          76  1 0.9876 0.0055 0.0069 
          77  1 0.9746 0.0170 0.0085 
          78  1 0.9850 0.0080 0.0070 
          79  1 0.9755 0.0197 0.0047 
          84  1 0.0301 0.0124 0.9575 
          85  1 0.0159 0.0315 0.9527 
          86  1 0.0312 0.0748 0.8940 
          89  1 0.0577 0.0451 0.8972 
          94  1 0.0060 0.1520 0.8420 
          95  1 0.0191 0.2093 0.7716 
          96  1 0.0065 0.0055 0.9880 
          98  1 0.9813 0.0101 0.0086 
         102  1 0.0168 0.9657 0.0175 
         105  1 0.9755 0.0174 0.0071 
         106  1 0.8930 0.0584 0.0486 
         108  1 0.9317 0.0557 0.0126 
         109  1 0.9636 0.0091 0.0273 
         112  1 0.5679 0.0998 0.3323 
         115  1 0.0313 0.9360 0.0327 
         116  1 0.0135 0.0319 0.9546 
         117  1 0.0154 0.0079 0.9767 
         129  1 0.0040 0.0052 0.9908 
         132  1 0.5483 0.4063 0.0454 
         133  1 0.9858 0.0074 0.0068 
         137  1 0.9723 0.0120 0.0157 
         139  1 0.9143 0.0662 0.0195 
         140  1 0.9833 0.0079 0.0088 
         142  1 0.9832 0.0081 0.0087 
         144  1 0.9882 0.0065 0.0053 
         145  1 0.9844 0.0070 0.0086 
         147  1 0.9864 0.0076 0.0060 
         160  1 0.0078 0.0330 0.9593 
        162*  1 0.0067 0.0060 0.9872 
         166  1 0.9850 0.0082 0.0068 
         177  1 0.9803 0.0113 0.0084 
         178  1 0.9790 0.0093 0.0117 
         186  1 0.0082 0.0104 0.9814 
         189  1 0.0064 0.0087 0.9848 
         190  1 0.0084 0.0098 0.9818 
         191  1 0.0172 0.0087 0.9742 
         193  1 0.9448 0.0122 0.0430 
         202  1 0.0241 0.2136 0.7624 
         204  1 0.0036 0.0042 0.9922 
         211  1 0.9476 0.0286 0.0239 
         216  1 0.9891 0.0057 0.0053 
         222  1 0.9418 0.0487 0.0095 
         224  1 0.0127 0.0132 0.9741 
         226  1 0.0122 0.2425 0.7452 
         229  1 0.0267 0.0758 0.8975 
         230  1 0.0236 0.0196 0.9568 
         232  1 0.0560 0.0197 0.9243 
         238  1 0.1206 0.8581 0.0213 
         242  1 0.0055 0.9894 0.0051 
         243  1 0.0673 0.9141 0.0186 
         244  1 0.0487 0.9413 0.0100 
         251  1 0.0466 0.9167 0.0367 
         266  1 0.6214 0.3647 0.0139 
         267  1 0.9218 0.0250 0.0532 
         268  1 0.9844 0.0087 0.0069 
         270  1 0.0084 0.0128 0.9788 
         276  1 0.0432 0.0121 0.9447 
         298  1 0.9851 0.0079 0.0070 
         306  1 0.9800 0.0144 0.0056 
         308  1 0.9753 0.0166 0.0081 
         311  1 0.7445 0.2352 0.0203 
         323  1 0.0131 0.1597 0.8273 
         327  1 0.0076 0.0102 0.9822 
         334  1 0.0158 0.9784 0.0058 
         338  1 0.9703 0.0132 0.0165 
         341  1 0.0390 0.1755 0.7855 
         346  1 0.9733 0.0098 0.0169 
         348  1 0.9825 0.0113 0.0062 
         351  1 0.0283 0.9566 0.0152 
         362  1 0.0054 0.0055 0.9891 
         364  1 0.0151 0.9785 0.0064 
         366  1 0.0223 0.9497 0.0280 
         376  1 0.0102 0.0095 0.9803 
         377  1 0.2543 0.0356 0.7101 
         378  1 0.0310 0.0104 0.9586 
         388  1 0.9647 0.0186 0.0167 
         391  1 0.5564 0.0521 0.3916 
         401  1 0.0816 0.4368 0.4815 
         406  1 0.9215 0.0503 0.0283 
         412  1 0.9501 0.0154 0.0344 
         413  1 0.9424 0.0478 0.0098 
         421  1 0.1144 0.0460 0.8397 
         423  1 0.0818 0.1625 0.7557 
         424  1 0.9267 0.0354 0.0379 
         426  1 0.0359 0.0166 0.9475 
         430  1 0.9652 0.0092 0.0256 
         435  1 0.9889 0.0047 0.0064 
         476  1 0.0098 0.0500 0.9401 
         478  1 0.0065 0.0104 0.9831 
         484  1 0.9868 0.0059 0.0073 
         489  1 0.5433 0.0295 0.4271 
         492  1 0.0232 0.9699 0.0068 
         493  1 0.0074 0.9830 0.0096 
         494  1 0.0065 0.9746 0.0189 
         500  1 0.0036 0.0078 0.9886 
         504  1 0.8874 0.0576 0.0550 
         506  1 0.8920 0.0096 0.0984 
